v14	L1	JET	CJT(1,5)	f3	21.7	0.1	2.31	0.02	0.9981	0.0001		22.1	0.1	2.10	0.02	0.9977	0.0002  28.5	0.1	3.46	0.02	0.9920	0.0005
v14	L2	JET	JET(1,6)	f3	3.22	0.2	2.84	0.03	0.9958	0.0001		0.00	0.01	2.99	0.01	0.9973	0.0001  3.0	0.2	3.03	0.04	0.9916	0.0002
v14	L2	JET	JET(1,8)	f3	6.5	0.2	2.55	0.03	0.9957	0.0001		1.6	0.2	2.92	0.03	0.9977	0.0001	7.3	0.2	2.84	0.03	0.9913	0.0002
v14	L3	JET	JET(1,10)	f3	12.6	0.2	1.01	0.03	0.99351	0.00008		13.7	0.3	0.89	0.03	0.99936	0.00003	13.3	0.2	1.12	0.03	0.99831	0.00006
v14	L3	JET	JET(1,12)	f3	16.1	0.2	1.00	0.03	0.99329	0.00009		16.8	0.2	0.94	0.02	0.99938	0.00004 16.9	0.2	1.11	0.02	0.99831	0.00006
v14	L3	JET	JET(1,15)	f3	20.6	0.2	1.04	0.03	0.9929	0.0001		20.9	0.2	1.00	0.02	0.99931	0.00005 21.6	0.2	1.11	0.02	0.99818	0.00008
v14	L3	JET	JET(1,20)	f3	27.5	0.2	1.11	0.02	0.9922	0.0002		27.4	0.1	1.04	0.02	0.99894	0.00009	29.1	0.2	1.13	0.02	0.9978	0.0001
v14	L3	JET	JET(1,25)	f3	34.1	0.2	1.07	0.02	0.9911	0.0002		33.4	0.1	1.00	0.02	0.9979	0.0002	36.2	0.2	1.05	0.02	0.9970	0.0002
v14     L1      EM      CEM(1,6)        f0      0.998797  0.0274156
v14     L1      EM      CEM(1,11)       f1      14.0124 14.2701 2.89743 18.0898 0.99364 0.162049
v14     L1      MU      mu1pt4wxxx      f4      160	370	 1.8	 0.7	-3.3	 0.1	 0.90	 0.02	2.5	0.2	0.92	0.09 
v14     L1      MU      mu1ptxatlx      f4      0.003	0.002	 1.7	 0.2	 3.06	 0.04	 0.983	 0.009	2.5	0.2	0.92	0.09
v14     L1      MU      mu1ptxatxx      f4      0.01	0.01	 1.1	 0.1	 2.95	 0.06	 1.00	 0.01	2.5	0.2	0.92	0.09
v14     L2      EM      CALEM(1,6)        f2      4.6     0.5     0.0946    0.07    1.000   0.002   4.65    0.08   0.0946    0.1     1.000   0.001
v14     L2      EM      CALEM(1,15)       f2      13.6    0.5     0.0945    0.07    1.000   0.002   13.65   0.08   0.0946    0.1     1.000   0.001
v14     L2      EM      CALDIEM(2,6)      f2      4.6     0.5     0.0945    0.07    1.000   0.002   4.65    0.08   0.0946    0.1     1.000   0.001
v14     L2      EM      CALDIEM(2,18)     f2      16.6    0.5     0.0945    0.07    1.000   0.002   16.65   0.08   0.0946    0.1     1.000   0.001
v14     L2      MU      MUON(1,med)     f4      0.001	 0.006	 1.3	 0.8	 3.3	 0.2	 0.97	 0.02	0.0	0.0	0.0	0.0
v14     L3      EM      ELE(1,7)        f2      8.03541 1.02377 1.49286 0.18622 0.98412 0.00185 8.50406 2.03214 1.27858 0.17106 0.97830 0.0115365
v14     L3      EM      ELE(1,10)       f2      11.1500 1.02377 1.49286 0.18622 0.98412 0.00185 11.4771 2.03214 1.27858 0.17106 0.97830 0.0115365
v14     L3      EM      ELE(1,15)       f2      16.3411 1.02377 1.49286 0.18622 0.98412 0.00185 16.4321 2.03214 1.27858 0.17106 0.97830 0.0115365
v14     L3      EM      ELE(1,20)       f2      21.5321 1.02377 1.49286 0.18622 0.98412 0.00185 21.3872 2.03214 1.27858 0.17106 0.97830 0.0115365
v14     L3      EM      ELE(1,25)       f2      26.7232 1.02377 1.49286 0.18622 0.98412 0.00185 26.3423 2.03214 1.27858 0.17106 0.97830 0.0115365
v14	L3      EM      ELE_SH(1,8)	f2	9.5	2.0	1.49	0.19	0.984	0.002	8.7	1.9	1.27	0.17	0.975	0.010
v14     L3      EM      ELE_SH(1,10)    f2      11.1500 1.02377 1.49286 0.18622 0.98412 0.00185 10.7336 1.87317 1.26932 0.16942 0.97516 0.0100685
v14     L3      EM      ELE_SH(1,15)    f2      16.3411 1.02377 1.49286 0.18622 0.98412 0.00185 15.843  1.87317 1.26932 0.16942 0.97516 0.0100685
v14     L3      EM      ELE_SHT(1,7)	f2      8.2	1.3	1.52	0.17	0.953	0.003	9.5	2.5	1.29	0.24	0.846	0.008
v14     L3      EM      ELE_SHT(1,15)   f2      16.4817 1.26962 1.51765 0.17194 0.95304 0.00304 17.1535 2.52532 1.28652 0.23708 0.84569 0.0082288
v14	L3	EM	ELE(1,12)	f2	13.2	1.0	1.49	0.19	0.984	0.002	13.5	2.0	1.28	0.17	0.978	0.012


v13	L1	JET	CJT(1,5)	f3	21.7	0.1	2.31	0.02	0.9981	0.0001		22.1	0.1	2.10	0.02	0.9977	0.0002  28.5	0.1	3.46	0.02	0.9920	0.0005
v13	L2	JET	JET(1,6)	f3	3.22	0.2	2.84	0.03	0.9958	0.0001		0.00	0.01	2.99	0.01	0.9973	0.0001  3.0	0.2	3.03	0.04	0.9916	0.0002
v13	L2	JET	JET(1,8)	f3	6.5	0.2	2.55	0.03	0.9957	0.0001		1.6	0.2	2.92	0.03	0.9977	0.0001	7.3	0.2	2.84	0.03	0.9913	0.0002
v13	L3	JET	JET(1,10)	f3	12.6	0.2	1.01	0.03	0.99351	0.00008		13.7	0.3	0.89	0.03	0.99936	0.00003	13.3	0.2	1.12	0.03	0.99831	0.00006
v13	L3	JET	JET(1,12)	f3	16.1	0.2	1.00	0.03	0.99329	0.00009		16.8	0.2	0.94	0.02	0.99938	0.00004 16.9	0.2	1.11	0.02	0.99831	0.00006
v13	L3	JET	JET(1,15)	f3	20.6	0.2	1.04	0.03	0.9929	0.0001		20.9	0.2	1.00	0.02	0.99931	0.00005 21.6	0.2	1.11	0.02	0.99818	0.00008
v13	L3	JET	JET(1,20)	f3	27.5	0.2	1.11	0.02	0.9922	0.0002		27.4	0.1	1.04	0.02	0.99894	0.00009	29.1	0.2	1.13	0.02	0.9978	0.0001
v13	L3	JET	JET(1,25)	f3	34.1	0.2	1.07	0.02	0.9911	0.0002		33.4	0.1	1.00	0.02	0.9979	0.0002	36.2	0.2	1.05	0.02	0.9970	0.0002
v13     L1      EM      CEM(1,6)        f0      0.998797  0.0274156
v13     L1      EM      CEM(1,11)       f1      14.0124 14.2701 2.89743 18.0898 0.99364 0.162049
v13     L1      MU      mu1pt4wxxx      f4      160	370	 1.8	 0.7	-3.3	 0.1	 0.90	 0.02	2.5	0.2	0.92	0.09 
v13     L1      MU      mu1ptxatlx      f4      0.003	0.002	 1.7	 0.2	 3.06	 0.04	 0.983	 0.009	2.5	0.2	0.92	0.09
v13     L1      MU      mu1ptxatxx      f4      0.01	0.01	 1.1	 0.1	 2.95	 0.06	 1.00	 0.01	2.5	0.2	0.92	0.09
v13     L2      EM      CALEM(1,6)        f2      4.6     0.5     0.0946    0.07    1.000   0.002   4.65    0.08   0.0946    0.1     1.000   0.001
v13     L2      EM      CALEM(1,15)       f2      13.6    0.5     0.0945    0.07    1.000   0.002   13.65   0.08   0.0946    0.1     1.000   0.001
v13     L2      EM      CALDIEM(2,6)      f2      4.6     0.5     0.0945    0.07    1.000   0.002   4.65    0.08   0.0946    0.1     1.000   0.001
v13     L2      EM      CALDIEM(2,18)     f2      16.6    0.5     0.0945    0.07    1.000   0.002   16.65   0.08   0.0946    0.1     1.000   0.001
v13     L2      MU      MUON(1,med)     f4      0.001	 0.006	 1.3	 0.8	 3.3	 0.2	 0.97	 0.02	0.0	0.0	0.0	0.0
v13     L3      EM      ELE(1,7)        f2      8.03541 1.02377 1.49286 0.18622 0.98412 0.00185 8.50406 2.03214 1.27858 0.17106 0.97830 0.0115365
v13     L3      EM      ELE(1,10)       f2      11.1500 1.02377 1.49286 0.18622 0.98412 0.00185 11.4771 2.03214 1.27858 0.17106 0.97830 0.0115365
v13     L3      EM      ELE(1,15)       f2      16.3411 1.02377 1.49286 0.18622 0.98412 0.00185 16.4321 2.03214 1.27858 0.17106 0.97830 0.0115365
v13     L3      EM      ELE(1,20)       f2      21.5321 1.02377 1.49286 0.18622 0.98412 0.00185 21.3872 2.03214 1.27858 0.17106 0.97830 0.0115365
v13     L3      EM      ELE(1,25)       f2      26.7232 1.02377 1.49286 0.18622 0.98412 0.00185 26.3423 2.03214 1.27858 0.17106 0.97830 0.0115365
v13	L3      EM      ELE_SH(1,8)	f2	9.5	2.0	1.49	0.19	0.984	0.002	8.7	1.9	1.27	0.17	0.975	0.010
v13     L3      EM      ELE_SH(1,10)    f2      11.1500 1.02377 1.49286 0.18622 0.98412 0.00185 10.7336 1.87317 1.26932 0.16942 0.97516 0.0100685
v13     L3      EM      ELE_SH(1,15)    f2      16.3411 1.02377 1.49286 0.18622 0.98412 0.00185 15.843  1.87317 1.26932 0.16942 0.97516 0.0100685
v13     L3      EM      ELE_SHT(1,7)	f2      8.2	1.3	1.52	0.17	0.953	0.003	9.5	2.5	1.29	0.24	0.846	0.008
v13     L3      EM      ELE_SHT(1,15)   f2      16.4817 1.26962 1.51765 0.17194 0.95304 0.00304 17.1535 2.52532 1.28652 0.23708 0.84569 0.0082288
v13	L3	EM	ELE(1,12)	f2	13.2	1.0	1.49	0.19	0.984	0.002	13.5	2.0	1.28	0.17	0.978	0.012


v12	L1	JET	CJT(1,3)	f3	14.4	0.1	2.27	0.02	0.9991	0.0001		15.2	0.1	2.06	0.02	0.9989	0.0002  20.3	0.1	3.21	0.02	0.9972	0.0004
v12	L1	JET	CJT(1,5)	f3	22.3	0.1	2.31	0.02	0.9978	0.0002		22.2	0.1	2.15	0.02	0.9970	0.0003	29.95	0.10	3.53	0.03	0.9886	0.0010
v12	L2	JET	JET(1,8)	f3	8.2	0.2	2.59	0.03	0.9940	0.0002		2.8	0.2	3.24	0.04	0.9980	0.0003  9.8	0.2	3.38	0.03	0.9897	0.0005
v12	L2	JET	JET(1,10)	f3	11.4	0.2	2.35	0.03	0.9940	0.0002		8.0	0.2	2.65	0.03	0.9970	0.0002	14.4	0.1	3.31	0.03	0.9889	0.0005
v12	L3	JET	JET(1,12)	f3	16.4	0.2	1.25	0.03	0.9832	0.0002		16.8	0.2	1.17	0.02	0.9983	0.0001	18.6	0.2	1.41	0.03	0.9953	0.0002
v12	L3	JET	JET(1,15)	f3	20.7	0.2	1.25	0.02	0.9827	0.0003		21.1	0.2	1.17	0.02	0.9981	0.0001	23.6	0.1	1.47	0.02	0.9951	0.0002
v12	L3	JET	JET(1,20)	f3	27.2	0.2	1.22	0.03	0.9812	0.0004		27.6	0.1	1.13	0.02	0.9971	0.0002	31.7	0.1	1.56	0.02	0.9946	0.0003
v12	L3	JET	JET(1,25)	f3	33.7	0.2	1.10	0.02	0.9788	0.0005		33.6	0.1	1.11	0.01	0.9969	0.0003	39.6	0.1	1.55	0.02	0.9930	0.0005
v12	L1	EM	CEM(1,6)	f0	0.9962	0.0006
v12	L1	EM	CEM(1,11)	f1	15.	9.	3.	15.	0.9914	0.0009
v12	L1	MU	mu1ptxatxx	f4	0.0002	0.0002	2.5	0.3	3.12	0.02	0.998	0.005	2.78	0.03	2.27    0.03
v12	L2	MU	MUON(1,med)	f4	-0.03	0.06	0.1	0.9	-0.7	0.9	0.98	0.02	0.	0.	0.	0.
v12	L3	EM	ELE(1,12)	f2	13.6	0.5	1.57	0.07	0.974	0.002	13.65	0.08	1.4	0.1     0.998   0.001
v12	L3	EM	ELE(1,15)	f2	16.7	0.5	1.57	0.07	0.974	0.002	16.60	0.08	1.4	0.1	0.998	0.001
v12	L3	EM	ELE_SH(1,15)	f2	16.8	0.6	1.47	0.06	0.972	0.002	16.6	0.8	1.4	0.1	0.997	0.001
v12	L3	EM	ELE_SHT(1,15)	f2	16.8	0.5	1.42	0.07	0.928	0.003	17.5	1.3	1.3	0.2	0.83	0.01
v12	L3	EM	ELE(1,20)	f2	21.9	0.5	1.57	0.07	0.974	0.002	21.51	0.08	1.4	0.1	0.998	0.001
v12	L3	EM	ELE(1,25)	f2	27.11	0.5	1.57	0.07	0.974	0.002	26.42	0.08	1.4	0.1	0.998	0.001


v11	L1	JET	CJT(1,5)	f3	22.5	0.1	2.27	0.02	0.9971	0.0005		22.0	0.1	2.18	0.02	0.9966	0.0007  29.5	0.1	3.54	0.04	0.981	0.002
v11	L2	JET	JET(1,8)	f3	9.7	0.2	1.95	0.05	0.9938	0.0003		3.4	0.3	2.79	0.06	0.9957	0.0004  9.0	0.3	2.58	0.05	0.9898	0.0006
v11	L2	JET	JET(1,10)	f3	12.6	0.2	1.84	0.04	0.9939	0.0003		8.6	0.2	2.25	0.04	0.9950	0.0004	13.1	0.2	2.57	0.04	0.9877	0.007
v11	L3	JET	JET(1,10)	f3	14.0	0.2	1.19	0.04	0.9823	0.0004		13.6	0.2	1.10	0.03	0.99973	0.00008	15.5	0.2	1.38	0.03	0.9981	0.0002
v11	L3	JET	JET(1,15)	f3	22.8	0.1	1.18	0.02	0.9837	0.0005		22.4	0.1	1.16	0.02	0.9994	0.0002	26.7	0.1	1.54	0.02	0.9980	0.0004
v11	L3	JET	JET(1,20)	f3	31.0	0.1	1.19	0.02	0.9845	0.0007		30.6	0.1	1.27	0.02	0.9993	0.0004	37.4	0.1	1.67	0.02	0.9973	0.0007
v11	L1	EM	CEM(1,5)	f0	0.983	0.001
v11	L1	EM	CEM(1,10)	f1	9.	76.	7.	60.	0.978	0.001
v11	L1	MU	mu1ptxatxx	f4	0.0002	0.0002	2.5	0.3	3.12	0.02	0.998	0.005	2.78	0.03	2.27 0.03
v11	L2	EM	EM(1,10)	f0	1.	0.
v11	L2	MU	MUON(1,med)	f4	-0.03	0.06	0.1	0.9	-0.7	0.9	0.98	0.02	0.	0.	0.	0.
v11	L3	EM	ELE(1,10)	f2	13.8	0.7	2.7	0.1	0.977	0.004	13.	1.	3.3	0.2     0.991   0.005
v11	L3	EM	ELE(1,15)	f2	18.9	0.7	2.7	0.1	0.977	0.004	13.	1.	3.3	0.2     0.991   0.005
v11	L3	EM	ELE(1,20)	f2	24.0	0.7	2.7	0.1	0.977	0.004	23.	1.	3.3	0.2	0.991	0.005
v11	L3	EM	ELE_SH(1,15)	f2	19.	1.	2.9	0.2	0.943	0.006	18.	2.	3.3	0.3	0.975	0.008


v10	L1	JET	CJT(1,5)	f3	22.3	0.1	2.20	0.02	0.9968	0.0005		21.4	0.1	2.21	0.03	0.9969	0.0009  28.0	0.1	3.34	0.04	0.978	0.002
v10	L2	JET	JET(1,8)	f3	0.0	0.4	3.09	0.03	0.9951	0.0004		0.00	0.06	3.63	0.05	0.984	0.001   0.00	0.10	2.93	0.05	0.9892	0.0006
v10	L2	JET	JET(1,10)	f3	1.5	0.6	2.93	0.10	0.9949	0.0005		0.00	0.07	3.66	0.05	0.985	0.001	0.0	0.1	3.09	0.04	0.9900	0.0006
v10	L3	JET	JET(1,10)	f3	14.0	0.2	1.16	0.04	0.9869	0.0004		14.2	0.2	1.11	0.03	0.9996	0.0002	15.9	0.2	1.37	0.03	0.9983	0.0002
v10	L3	JET	JET(1,15)	f3	22.7	0.1	1.14	0.03	0.9882	0.0005		23.0	0.1	1.16	0.02	0.9993	0.0003	26.9	0.1	1.52	0.02	0.9979	0.0004
v10	L3	JET	JET(1,20)	f3	30.9	0.1	1.17	0.02	0.9890	0.0007		31.1	0.1	1.24	0.02	0.9991	0.0007	37.1	0.1	1.65	0.02	0.9963	0.0009
v10	L3	JET	JET(1,25)	f3	38.9	0.1	1.20	0.02	0.9899	0.0008		38.7	0.1	1.31	0.02	0.998	0.001	46.8	0.1	1.77	0.03	0.992	0.002
v10	L1	EM	CEM(1,5)	f0	0.97	0.01
v10	L1	EM	CEM(1,10)	f1	15.	71.	0.4	41.	0.97	0.02
v10	L1	MU	mu1ptxatxx	f4	0.0002	0.0002	2.5	0.3	3.12	0.02	0.998	0.005	2.78	0.03	2.27 0.03
v10	L2	EM	EM(1,10)	f0	1.	0.
v10	L2	MU	MUON(1,med)	f4	-0.03	0.06	0.1	0.9	-0.7	0.9	0.98	0.02	0.	0.	0.	0.
v10	L3	EM	ELE(1,10)	f2	13.8	0.7	2.7	0.1	0.977	0.004	13.	1.	3.3	0.2     0.991   0.005
v10	L3	EM	ELE(1,15)	f2	18.9	0.7	2.7	0.1	0.977	0.004	13.	1.	3.3	0.2     0.991   0.005
v10	L3	EM	ELE(1,20)	f2	24.0	0.7	2.7	0.1	0.977	0.004	23.	1.	3.3	0.2	0.991	0.005
v10	L3	EM	ELE_SH(1,15)	f2	19.	1.	2.9	0.2	0.943	0.006	18.	2.	3.3	0.3	0.975	0.008


v9	L1	JET	CJT(1,5)	f3	22.8	0.1	2.28	0.02	0.9974	0.0003		21.3	0.1	2.21	0.02	0.9967	0.0005  29.2	0.1	3.51	0.02	0.986	0.002
v9	L2	JET	JET(1,8)	f3	7.0	0.3	2.03	0.05	0.9953	0.0002		2.7	0.3	3.92	0.06	0.9978	0.0008  4.5	0.3	2.57	0.06	0.9930	0.0003
v9	L2	JET	JET(1,10)	f3	10.8	0.2	1.90	0.03	0.9953	0.0002		6.0	0.2	3.47	0.05	0.9950	0.0007	9.7	0.2	2.55	0.04	0.9923	0.0004
v9	L3	JET	JET(1,10)	f3	14.1	0.2	1.07	0.04	0.9930	0.0002		13.9	0.2	1.03	0.03	0.99979	0.00006	15.5	0.2	1.32	0.03	0.99916	0.00009
v9	L3	JET	JET(1,15)	f3	22.4	0.1	1.09	0.02	0.9933	0.0002		22.3	0.1	1.08	0.02	0.9999	0.0001	26.4	0.1	1.45	0.02	0.9990	0.0002
v9	L3	JET	JET(1,20)	f3	30.6	0.1	1.13	0.02	0.9934	0.0003		30.2	0.1	1.15	0.02	0.9998	0.0002	36.7	0.1	1.60	0.02	0.9979	0.0004
v9	L1	EM	CEM(1,5)	f0	0.97	0.01
v9	L1	EM	CEM(1,10)	f1	15.	71.	0.4	41.	0.97	0.02
v9	L1	MU	mu1ptxatxx	f4	0.0002	0.0002	2.5	0.3	3.12	0.02	0.998	0.005	2.78	0.03	2.27    0.03
v9	L2	EM	EM(1,10)	f0	1.	0.
v9	L2	MU	MUON(1,med)	f4	-0.03	0.06	0.1	0.9	-0.7	0.9	0.98	0.02	0.	0.	0.	0.
v9	L3	EM	ELE(1,10)	f2	13.8	0.7	2.7	0.1	0.977	0.004	13.	1.	3.3	0.2     0.991   0.005
v9	L3	EM	ELE(1,15)	f2	18.9	0.7	2.7	0.1	0.977	0.004	13.	1.	3.3	0.2     0.991   0.005
v9	L3	EM	ELE(1,20)	f2	24.0	0.7	2.7	0.1	0.977	0.004	23.	1.	3.3	0.2	0.991	0.005
v9	L3	EM	ELE_SH(1,15)	f2	19.	1.	2.9	0.2	0.943	0.006	18.	2.	3.3	0.3	0.975	0.008


v8	L1	JET	CJT(1,5)	f3	23.3	0.1	2.37	0.02	0.9958	0.0004		21.8	0.1	2.31	0.03	0.9946	0.0007  29.9	0.1	3.61	0.04	0.975	0.002
v8	L2	JET	JET(1,8)	f3      8.2	0.2	2.62	0.03	0.9952	0.0002		8.0     0.3     2.93    0.05    0.      0.05	6.	0.008	3.49	0.01	0.9951  0.0003
v8	L2	JET	JET(1,10)	f3	14.2	0.2	1.65	0.03	0.9954	0.0002		11.3	0.2	1.58	0.04	0.9974	0.0002	14.4	0.2	2.33	0.04	0.9887	0.0005
v8	L3	JET	JET(1,10)	f3	1.8	0.6	2.44	0.10	0.9909	0.0003		10.0	0.3	1.18	0.04	0.99976	0.00006	7.1	0.4	1.72	0.06	0.9986	0.0001
v8	L3	JET	JET(1,15)	f3	13.1	0.2	1.55	0.04	0.9906	0.0003		17.9	0.1	1.24	0.02	0.99980	0.00010	16.7	0.1	1.80	0.03	0.9987	0.0002
v8	L3	JET	JET(1,20)	f3	20.40	0.10	1.56	0.02	0.9915	0.0003		25.5	0.1	1.31	0.02	1.00000	0.00005	25.97	0.10	2.02	0.02	0.9984	0.0004
v8	L1	EM	CEM(1,5)	f0	0.97	0.01
v8	L1	EM	CEM(1,10)	f1	15.	71.	0.4	41.	0.97	0.02
v8	L1	MU	mu1ptxatxx	f4	0.0002	0.0002	2.5	0.3	3.12	0.02	0.998	0.005	2.78	0.03	2.27    0.03
v8	L2	EM	EM(1,10)	f0	1.	0.
v8	L2	MU	MUON(1,med)	f4	-0.03	0.06	0.1	0.9	-0.7	0.9	0.98	0.02	0.	0.	0.	0.
v8	L2	HT	HT(90)		f0	1.0	0.
v8	L3	EM	ELE(1,10)	f2	13.8	0.7	2.7	0.1	0.977	0.004	13.	1.	3.3	0.2     0.991   0.005
v8	L3	EM	ELE(1,15)	f2	18.9	0.7	2.7	0.1	0.977	0.004	13.	1.	3.3	0.2     0.991   0.005
v8	L3	EM	ELE(1,20)	f2	24.0	0.7	2.7	0.1	0.977	0.004	23.	1.	3.3	0.2	0.991	0.005
v8	L3	EM	ELE_SH(1,15)	f2	19.	1.	2.9	0.2	0.943	0.006	18.	2.	3.3	0.3	0.975	0.008
