D0NoteID : 0
EffName : CALONLY_v15
EffType : Binned
EffVarNames : DetEta pT
EffVersion : 6
ObjQuality : MLoose1
ObjType : Electron
ObjVersion : 11
BinEdgesX : -3.2 -2.8 -2.5 -2.3 -2.1 -1.9 -1.7 -1.5 -1.3 -1.1 -0.9 -0.7 -0.5 -0.3 -0.1 0.1 0.3 0.5 0.7 0.9 1.1 1.3 1.5 1.7 1.9 2.1 2.3 2.5 2.8 3.2
BinEdgesY : 0 10 15 20 22 25 30 35 40 50 60 70 80 1000
BinVal : 0 0 0 0 0
BinVal : 0 1 0 0 0
BinVal : 0 2 0 0 0
BinVal : 0 3 0.01961 0.02593 0.02593
BinVal : 0 4 0.04167 0.02211 0.02211
BinVal : 0 5 0.5195 0.02833 0.02833
BinVal : 0 6 0.6333 0.03093 0.03093
BinVal : 0 7 0.7588 0.03266 0.03266
BinVal : 0 8 0.8995 0.02152 0.02152
BinVal : 0 9 0.8 0.1597 0.1597
BinVal : 0 10 1 0.2357 0.2357
BinVal : 0 11 1 0.2357 0.2357
BinVal : 0 12 1 0.2357 0.2357
BinVal : 1 0 0 0 0
BinVal : 1 1 0 0 0
BinVal : 1 2 0 0 0
BinVal : 1 3 0.01429 0.01923 0.01923
BinVal : 1 4 0.06481 0.02465 0.02465
BinVal : 1 5 0.6269 0.02404 0.02404
BinVal : 1 6 0.7824 0.02097 0.02097
BinVal : 1 7 0.9161 0.01693 0.01693
BinVal : 1 8 0.9745 0.008769 0.008769
BinVal : 1 9 0.9583 0.05128 0.05128
BinVal : 1 10 1 0.1936 0.1936
BinVal : 1 11 1 0.1936 0.1936
BinVal : 1 12 1 0.1936 0.1936
BinVal : 2 0 0 0 0
BinVal : 2 1 0 0 0
BinVal : 2 2 0 0 0
BinVal : 2 3 0.0137 0.01848 0.01848
BinVal : 2 4 0.1157 0.02939 0.02939
BinVal : 2 5 0.6256 0.02348 0.02348
BinVal : 2 6 0.8114 0.01706 0.01706
BinVal : 2 7 0.9544 0.0107 0.0107
BinVal : 2 8 0.9941 0.003902 0.003902
BinVal : 2 9 1 0.01923 0.01923
BinVal : 2 10 1 0.1936 0.1936
BinVal : 2 11 1 0.1936 0.1936
BinVal : 2 12 1 0.1936 0.1936
BinVal : 3 0 0 0 0
BinVal : 3 1 0 0 0
BinVal : 3 2 0 0 0
BinVal : 3 3 0 0 0
BinVal : 3 4 0.09091 0.02271 0.02271
BinVal : 3 5 0.6178 0.02284 0.02284
BinVal : 3 6 0.7843 0.01579 0.01579
BinVal : 3 7 0.9533 0.008734 0.008734
BinVal : 3 8 0.9925 0.003262 0.003262
BinVal : 3 9 1 0.01234 0.01234
BinVal : 3 10 1 0.1102 0.1102
BinVal : 3 11 1 0.1936 0.1936
BinVal : 3 12 1 0.2357 0.2357
BinVal : 4 0 0 0 0
BinVal : 4 1 0 0 0
BinVal : 4 2 0 0 0
BinVal : 4 3 0 0 0
BinVal : 4 4 0.0663 0.01894 0.01894
BinVal : 4 5 0.6147 0.02226 0.02226
BinVal : 4 6 0.7961 0.01494 0.01494
BinVal : 4 7 0.9595 0.006883 0.006883
BinVal : 4 8 0.9948 0.002299 0.002299
BinVal : 4 9 1 0.008264 0.008264
BinVal : 4 10 1 0.0665 0.0665
BinVal : 4 11 1 0.1409 0.1409
BinVal : 4 12 1 0.1936 0.1936
BinVal : 5 0 0 0 0
BinVal : 5 1 0 0 0
BinVal : 5 2 0 0 0
BinVal : 5 3 0.01587 0.02126 0.02126
BinVal : 5 4 0.1034 0.02333 0.02333
BinVal : 5 5 0.6806 0.02078 0.02078
BinVal : 5 6 0.8566 0.01278 0.01278
BinVal : 5 7 0.9715 0.005496 0.005496
BinVal : 5 8 0.9936 0.002111 0.002111
BinVal : 5 9 0.9833 0.01084 0.01084
BinVal : 5 10 1 0.04343 0.04343
BinVal : 5 11 0.9 0.1034 0.1034
BinVal : 5 12 1 0.1936 0.1936
BinVal : 6 0 0 0 0
BinVal : 6 1 0 0 0
BinVal : 6 2 0 0 0
BinVal : 6 3 0.02857 0.03668 0.03668
BinVal : 6 4 0.1333 0.03612 0.03612
BinVal : 6 5 0.7621 0.02696 0.02696
BinVal : 6 6 0.8966 0.01555 0.01555
BinVal : 6 7 0.981 0.00658 0.00658
BinVal : 6 8 0.9923 0.003096 0.003096
BinVal : 6 9 0.9727 0.01746 0.01746
BinVal : 6 10 1 0.06236 0.06236
BinVal : 6 11 0.875 0.1206 0.1206
BinVal : 6 12 1 0.2357 0.2357
BinVal : 7 0 0 0 0
BinVal : 7 1 0 0 0
BinVal : 7 2 0 0 0
BinVal : 7 3 0 0 0
BinVal : 7 4 0 0 0
BinVal : 7 5 0 0 0
BinVal : 7 6 0 0 0
BinVal : 7 7 0 0 0
BinVal : 7 8 0 0 0
BinVal : 7 9 0 0 0
BinVal : 7 10 0 0 0
BinVal : 7 11 0 0 0
BinVal : 7 12 0 0 0
BinVal : 8 0 0 0 0
BinVal : 8 1 0 0 0
BinVal : 8 2 0 0 0
BinVal : 8 3 0 0 0
BinVal : 8 4 0 0 0
BinVal : 8 5 0 0 0
BinVal : 8 6 0 0 0
BinVal : 8 7 0 0 0
BinVal : 8 8 0 0 0
BinVal : 8 9 0 0 0
BinVal : 8 10 0 0 0
BinVal : 8 11 0 0 0
BinVal : 8 12 0 0 0
BinVal : 9 0 0 0 0
BinVal : 9 1 0 0 0
BinVal : 9 2 0 0 0
BinVal : 9 3 0 0 0
BinVal : 9 4 0.2 0.0493 0.0493
BinVal : 9 5 0.8649 0.02302 0.02302
BinVal : 9 6 0.9663 0.007366 0.007366
BinVal : 9 7 0.9923 0.002704 0.002704
BinVal : 9 8 0.9963 0.001295 0.001295
BinVal : 9 9 1 0.002632 0.002632
BinVal : 9 10 1 0.01492 0.01492
BinVal : 9 11 1 0.06236 0.06236
BinVal : 9 12 1 0.07122 0.07122
BinVal : 10 0 0 0 0
BinVal : 10 1 0 0 0
BinVal : 10 2 0 0 0
BinVal : 10 3 0 0 0
BinVal : 10 4 0.234 0.04334 0.04334
BinVal : 10 5 0.8451 0.02149 0.02149
BinVal : 10 6 0.9756 0.005978 0.005978
BinVal : 10 7 0.991 0.002673 0.002673
BinVal : 10 8 0.9967 0.001101 0.001101
BinVal : 10 9 1 0.002128 0.002128
BinVal : 10 10 1 0.01087 0.01087
BinVal : 10 11 1 0.04993 0.04993
BinVal : 10 12 1 0.04163 0.04163
BinVal : 11 0 0 0 0
BinVal : 11 1 0 0 0
BinVal : 11 2 0 0 0
BinVal : 11 3 0 0 0
BinVal : 11 4 0.2449 0.04309 0.04309
BinVal : 11 5 0.8626 0.01808 0.01808
BinVal : 11 6 0.9764 0.005974 0.005974
BinVal : 11 7 0.9923 0.002534 0.002534
BinVal : 11 8 0.9984 0.0007758 0.0007758
BinVal : 11 9 0.9981 0.002712 0.002712
BinVal : 11 10 1 0.01087 0.01087
BinVal : 11 11 1 0.0294 0.0294
BinVal : 11 12 1 0.03701 0.03701
BinVal : 12 0 0 0 0
BinVal : 12 1 0 0 0
BinVal : 12 2 0 0 0
BinVal : 12 3 0 0 0
BinVal : 12 4 0.1546 0.03681 0.03681
BinVal : 12 5 0.9088 0.015 0.015
BinVal : 12 6 0.9766 0.006148 0.006148
BinVal : 12 7 0.9943 0.002302 0.002302
BinVal : 12 8 0.9979 0.0008357 0.0008357
BinVal : 12 9 0.9964 0.003132 0.003132
BinVal : 12 10 1 0.01149 0.01149
BinVal : 12 11 1 0.01923 0.01923
BinVal : 12 12 1 0.03843 0.03843
BinVal : 13 0 0 0 0
BinVal : 13 1 0 0 0
BinVal : 13 2 0 0 0
BinVal : 13 3 0 0 0
BinVal : 13 4 0.12 0.03286 0.03286
BinVal : 13 5 0.931 0.0132 0.0132
BinVal : 13 6 0.9759 0.005928 0.005928
BinVal : 13 7 0.991 0.002959 0.002959
BinVal : 13 8 0.9978 0.0008226 0.0008226
BinVal : 13 9 0.9982 0.00255 0.00255
BinVal : 13 10 0.99 0.01366 0.01366
BinVal : 13 11 1 0.02173 0.02173
BinVal : 13 12 1 0.0294 0.0294
BinVal : 14 0 0 0 0
BinVal : 14 1 0 0 0
BinVal : 14 2 0 0 0
BinVal : 14 3 0 0 0
BinVal : 14 4 0.2069 0.04319 0.04319
BinVal : 14 5 0.9409 0.01186 0.01186
BinVal : 14 6 0.9788 0.005375 0.005375
BinVal : 14 7 0.9893 0.003177 0.003177
BinVal : 14 8 0.9967 0.0009838 0.0009838
BinVal : 14 9 0.9942 0.003857 0.003857
BinVal : 14 10 0.9912 0.01203 0.01203
BinVal : 14 11 1 0.02702 0.02702
BinVal : 14 12 1 0.03331 0.03331
BinVal : 15 0 0 0 0
BinVal : 15 1 0 0 0
BinVal : 15 2 0 0 0
BinVal : 15 3 0 0 0
BinVal : 15 4 0.2209 0.04442 0.04442
BinVal : 15 5 0.9302 0.01309 0.01309
BinVal : 15 6 0.9899 0.004061 0.004061
BinVal : 15 7 0.9899 0.00289 0.00289
BinVal : 15 8 0.9968 0.001012 0.001012
BinVal : 15 9 0.9905 0.004626 0.004626
BinVal : 15 10 1 0.008928 0.008928
BinVal : 15 11 1 0.02563 0.02563
BinVal : 15 12 1 0.05546 0.05546
BinVal : 16 0 0 0 0
BinVal : 16 1 0 0 0
BinVal : 16 2 0 0 0
BinVal : 16 3 0 0 0
BinVal : 16 4 0.1809 0.03963 0.03963
BinVal : 16 5 0.8716 0.01833 0.01833
BinVal : 16 6 0.979 0.00572 0.00572
BinVal : 16 7 0.9901 0.00271 0.00271
BinVal : 16 8 0.9981 0.0008227 0.0008227
BinVal : 16 9 0.9943 0.003777 0.003777
BinVal : 16 10 1 0.009615 0.009615
BinVal : 16 11 1 0.03446 0.03446
BinVal : 16 12 1 0.03997 0.03997
BinVal : 17 0 0 0 0
BinVal : 17 1 0 0 0
BinVal : 17 2 0 0 0
BinVal : 17 3 0 0 0
BinVal : 17 4 0.1848 0.04037 0.04037
BinVal : 17 5 0.8537 0.0209 0.0209
BinVal : 17 6 0.9705 0.006472 0.006472
BinVal : 17 7 0.9887 0.002899 0.002899
BinVal : 17 8 0.9971 0.001002 0.001002
BinVal : 17 9 0.9959 0.003506 0.003506
BinVal : 17 10 1 0.009345 0.009345
BinVal : 17 11 1 0.03997 0.03997
BinVal : 17 12 1 0.04163 0.04163
BinVal : 18 0 0 0 0
BinVal : 18 1 0 0 0
BinVal : 18 2 0.025 0.03248 0.03248
BinVal : 18 3 0.025 0.03248 0.03248
BinVal : 18 4 0.225 0.04631 0.04631
BinVal : 18 5 0.8814 0.02042 0.02042
BinVal : 18 6 0.9686 0.00687 0.00687
BinVal : 18 7 0.9879 0.00331 0.00331
BinVal : 18 8 0.9972 0.001112 0.001112
BinVal : 18 9 0.9976 0.00342 0.00342
BinVal : 18 10 1 0.01219 0.01219
BinVal : 18 11 1 0.03701 0.03701
BinVal : 18 12 1 0.07122 0.07122
BinVal : 19 0 0 0 0
BinVal : 19 1 0 0 0
BinVal : 19 2 0.09091 0.09643 0.09643
BinVal : 19 3 0.09091 0.09643 0.09643
BinVal : 19 4 0.2727 0.07529 0.07529
BinVal : 19 5 0.8843 0.02939 0.02939
BinVal : 19 6 0.9603 0.01158 0.01158
BinVal : 19 7 0.9894 0.005151 0.005151
BinVal : 19 8 0.998 0.001746 0.001746
BinVal : 19 9 1 0.006024 0.006024
BinVal : 19 10 1 0.03224 0.03224
BinVal : 19 11 1 0.07122 0.07122
BinVal : 19 12 1 0.1237 0.1237
BinVal : 20 0 0 0 0
BinVal : 20 1 0 0 0
BinVal : 20 2 0 0 0
BinVal : 20 3 0 0 0
BinVal : 20 4 0 0 0
BinVal : 20 5 0 0 0
BinVal : 20 6 0 0 0
BinVal : 20 7 0 0 0
BinVal : 20 8 0 0 0
BinVal : 20 9 0 0 0
BinVal : 20 10 0 0 0
BinVal : 20 11 0 0 0
BinVal : 20 12 0 0 0
BinVal : 21 0 0 0 0
BinVal : 21 1 0 0 0
BinVal : 21 2 0 0 0
BinVal : 21 3 0 0 0
BinVal : 21 4 0 0 0
BinVal : 21 5 0 0 0
BinVal : 21 6 0 0 0
BinVal : 21 7 0 0 0
BinVal : 21 8 0 0 0
BinVal : 21 9 0 0 0
BinVal : 21 10 0 0 0
BinVal : 21 11 0 0 0
BinVal : 21 12 0 0 0
BinVal : 22 0 0 0 0
BinVal : 22 1 0 0 0
BinVal : 22 2 0 0 0
BinVal : 22 3 0.03704 0.02337 0.02337
BinVal : 22 4 0.184 0.03032 0.03032
BinVal : 22 5 0.6969 0.02015 0.02015
BinVal : 22 6 0.8303 0.01362 0.01362
BinVal : 22 7 0.9828 0.004372 0.004372
BinVal : 22 8 0.9931 0.002175 0.002175
BinVal : 22 9 1 0.005917 0.005917
BinVal : 22 10 1 0.02325 0.02325
BinVal : 22 11 1 0.07122 0.07122
BinVal : 22 12 1 0.09938 0.09938
BinVal : 23 0 0 0 0
BinVal : 23 1 0 0 0
BinVal : 23 2 0 0 0
BinVal : 23 3 0 0 0
BinVal : 23 4 0.1083 0.02505 0.02505
BinVal : 23 5 0.6305 0.02199 0.02199
BinVal : 23 6 0.7797 0.01566 0.01566
BinVal : 23 7 0.9684 0.006457 0.006457
BinVal : 23 8 0.9949 0.002236 0.002236
BinVal : 23 9 1 0.007519 0.007519
BinVal : 23 10 1 0.03331 0.03331
BinVal : 23 11 1 0.1237 0.1237
BinVal : 23 12 1 0.1936 0.1936
BinVal : 24 0 0 0 0
BinVal : 24 1 0 0 0
BinVal : 24 2 0 0 0
BinVal : 24 3 0 0 0
BinVal : 24 4 0.09655 0.02488 0.02488
BinVal : 24 5 0.6674 0.02205 0.02205
BinVal : 24 6 0.8016 0.01601 0.01601
BinVal : 24 7 0.9422 0.009717 0.009717
BinVal : 24 8 0.9974 0.002215 0.002215
BinVal : 24 9 1 0.01031 0.01031
BinVal : 24 10 1 0.05546 0.05546
BinVal : 24 11 1 0.05546 0.05546
BinVal : 24 12 1 0.05546 0.05546
BinVal : 25 0 0 0 0
BinVal : 25 1 0 0 0
BinVal : 25 2 0 0 0
BinVal : 25 3 0 0 0
BinVal : 25 4 0.1024 0.02728 0.02728
BinVal : 25 5 0.6434 0.02384 0.02384
BinVal : 25 6 0.7623 0.01817 0.01817
BinVal : 25 7 0.9193 0.01402 0.01402
BinVal : 25 8 0.9944 0.003693 0.003693
BinVal : 25 9 1 0.01754 0.01754
BinVal : 25 10 1 0.09045 0.09045
BinVal : 25 11 1 0.1936 0.1936
BinVal : 25 12 1 0.1936 0.1936
BinVal : 26 0 0 0 0
BinVal : 26 1 0 0 0
BinVal : 26 2 0 0 0
BinVal : 26 3 0 0 0
BinVal : 26 4 0.1324 0.02923 0.02923
BinVal : 26 5 0.576 0.02542 0.02542
BinVal : 26 6 0.7472 0.02052 0.02052
BinVal : 26 7 0.8784 0.02056 0.02056
BinVal : 26 8 0.9663 0.009087 0.009087
BinVal : 26 9 1 0.03123 0.03123
BinVal : 26 10 1 0.1936 0.1936
BinVal : 26 11 1 0.1936 0.1936
BinVal : 26 12 1 0.1936 0.1936
BinVal : 27 0 0 0 0
BinVal : 27 1 0 0 0
BinVal : 27 2 0 0 0
BinVal : 27 3 0 0 0
BinVal : 27 4 0.09924 0.02651 0.02651
BinVal : 27 5 0.4309 0.02827 0.02827
BinVal : 27 6 0.684 0.02822 0.02822
BinVal : 27 7 0.7198 0.0331 0.0331
BinVal : 27 8 0.9 0.01952 0.01952
BinVal : 27 9 0.9 0.1034 0.1034
BinVal : 27 10 0.9 0.1034 0.1034
BinVal : 27 11 0.9 0.1034 0.1034
BinVal : 27 12 0.9 0.1034 0.1034
BinVal : 28 0 0 0 0
BinVal : 28 1 0 0 0
BinVal : 28 2 0 0 0
BinVal : 28 3 0 0 0
BinVal : 28 4 0.05172 0.03194 0.03194
BinVal : 28 5 0.1852 0.0373 0.0373
BinVal : 28 6 0.403 0.05869 0.05869
BinVal : 28 7 0.5 0.06019 0.06019
BinVal : 28 8 0.7778 0.05592 0.05592
BinVal : 28 9 0.5 0.2236 0.2236
BinVal : 28 10 0.5 0.2236 0.2236
BinVal : 28 11 0.5 0.2236 0.2236
BinVal : 28 12 0.5 0.2236 0.2236
