D0NoteID : 0
EffName : CALONLY_v15
EffType : Binned
EffVarNames : DetEta pT
EffVersion : 6
ObjQuality : MLoose2
ObjType : Electron
ObjVersion : 11
BinEdgesX : -3.2 -2.8 -2.5 -2.3 -2.1 -1.9 -1.7 -1.5 -1.3 -1.1 -0.9 -0.7 -0.5 -0.3 -0.1 0.1 0.3 0.5 0.7 0.9 1.1 1.3 1.5 1.7 1.9 2.1 2.3 2.5 2.8 3.2
BinEdgesY : 0 10 15 20 22 25 30 35 40 50 60 70 80 1000
BinVal : 0 0 0 0 0
BinVal : 0 1 0 0 0
BinVal : 0 2 0 0 0
BinVal : 0 3 0.02174 0.02855 0.02855
BinVal : 0 4 0.05405 0.02825 0.02825
BinVal : 0 5 0.5451 0.03169 0.03169
BinVal : 0 6 0.6598 0.03379 0.03379
BinVal : 0 7 0.7615 0.03716 0.03716
BinVal : 0 8 0.9042 0.02307 0.02307
BinVal : 0 9 0.8 0.1597 0.1597
BinVal : 0 10 0.8 0.1597 0.1597
BinVal : 0 11 0.8 0.1597 0.1597
BinVal : 0 12 0.8 0.1597 0.1597
BinVal : 1 0 0 0 0
BinVal : 1 1 0 0 0
BinVal : 1 2 0 0 0
BinVal : 1 3 0 0 0
BinVal : 1 4 0.07447 0.02806 0.02806
BinVal : 1 5 0.6307 0.02496 0.02496
BinVal : 1 6 0.7973 0.02102 0.02102
BinVal : 1 7 0.9144 0.01764 0.01764
BinVal : 1 8 0.9789 0.008379 0.008379
BinVal : 1 9 0.9583 0.05128 0.05128
BinVal : 1 10 1 0.2357 0.2357
BinVal : 1 11 1 0.2357 0.2357
BinVal : 1 12 1 0.2357 0.2357
BinVal : 2 0 0 0 0
BinVal : 2 1 0 0 0
BinVal : 2 2 0 0 0
BinVal : 2 3 0 0 0
BinVal : 2 4 0.1171 0.03086 0.03086
BinVal : 2 5 0.6295 0.02369 0.02369
BinVal : 2 6 0.8136 0.01715 0.01715
BinVal : 2 7 0.9537 0.01086 0.01086
BinVal : 2 8 0.994 0.003988 0.003988
BinVal : 2 9 1 0.01923 0.01923
BinVal : 2 10 1 0.1936 0.1936
BinVal : 2 11 1 0.1936 0.1936
BinVal : 2 12 1 0.1936 0.1936
BinVal : 3 0 0 0 0
BinVal : 3 1 0 0 0
BinVal : 3 2 0 0 0
BinVal : 3 3 0 0 0
BinVal : 3 4 0.0875 0.0227 0.0227
BinVal : 3 5 0.6279 0.02303 0.02303
BinVal : 3 6 0.7853 0.0159 0.0159
BinVal : 3 7 0.9528 0.00882 0.00882
BinVal : 3 8 0.9925 0.003287 0.003287
BinVal : 3 9 1 0.01234 0.01234
BinVal : 3 10 1 0.1102 0.1102
BinVal : 3 11 1 0.1936 0.1936
BinVal : 3 12 1 0.2357 0.2357
BinVal : 4 0 0 0 0
BinVal : 4 1 0 0 0
BinVal : 4 2 0 0 0
BinVal : 4 3 0 0 0
BinVal : 4 4 0.06742 0.01924 0.01924
BinVal : 4 5 0.6247 0.02248 0.02248
BinVal : 4 6 0.7972 0.01498 0.01498
BinVal : 4 7 0.9591 0.006939 0.006939
BinVal : 4 8 0.9947 0.002305 0.002305
BinVal : 4 9 1 0.008264 0.008264
BinVal : 4 10 1 0.0665 0.0665
BinVal : 4 11 1 0.1409 0.1409
BinVal : 4 12 1 0.2357 0.2357
BinVal : 5 0 0 0 0
BinVal : 5 1 0 0 0
BinVal : 5 2 0 0 0
BinVal : 5 3 0.01667 0.02226 0.02226
BinVal : 5 4 0.1053 0.0237 0.0237
BinVal : 5 5 0.6858 0.02098 0.02098
BinVal : 5 6 0.8568 0.01289 0.01289
BinVal : 5 7 0.9713 0.005524 0.005524
BinVal : 5 8 0.9936 0.002126 0.002126
BinVal : 5 9 0.9833 0.01084 0.01084
BinVal : 5 10 1 0.04343 0.04343
BinVal : 5 11 0.9 0.1034 0.1034
BinVal : 5 12 1 0.2357 0.2357
BinVal : 6 0 0 0 0
BinVal : 6 1 0 0 0
BinVal : 6 2 0 0 0
BinVal : 6 3 0.0303 0.03869 0.03869
BinVal : 6 4 0.1364 0.03685 0.03685
BinVal : 6 5 0.7645 0.0272 0.0272
BinVal : 6 6 0.8942 0.01589 0.01589
BinVal : 6 7 0.9809 0.006608 0.006608
BinVal : 6 8 0.9922 0.003127 0.003127
BinVal : 6 9 0.9727 0.01746 0.01746
BinVal : 6 10 1 0.06236 0.06236
BinVal : 6 11 0.875 0.1206 0.1206
BinVal : 6 12 1 0.2357 0.2357
BinVal : 7 0 0 0 0
BinVal : 7 1 0 0 0
BinVal : 7 2 0 0 0
BinVal : 7 3 0 0 0
BinVal : 7 4 0 0 0
BinVal : 7 5 0 0 0
BinVal : 7 6 0 0 0
BinVal : 7 7 0 0 0
BinVal : 7 8 0 0 0
BinVal : 7 9 0 0 0
BinVal : 7 10 0 0 0
BinVal : 7 11 0 0 0
BinVal : 7 12 0 0 0
BinVal : 8 0 0 0 0
BinVal : 8 1 0 0 0
BinVal : 8 2 0 0 0
BinVal : 8 3 0 0 0
BinVal : 8 4 0 0 0
BinVal : 8 5 0 0 0
BinVal : 8 6 0 0 0
BinVal : 8 7 0 0 0
BinVal : 8 8 0 0 0
BinVal : 8 9 0 0 0
BinVal : 8 10 0 0 0
BinVal : 8 11 0 0 0
BinVal : 8 12 0 0 0
BinVal : 9 0 0 0 0
BinVal : 9 1 0 0 0
BinVal : 9 2 0 0 0
BinVal : 9 3 0 0 0
BinVal : 9 4 0.2182 0.05509 0.05509
BinVal : 9 5 0.8634 0.02407 0.02407
BinVal : 9 6 0.969 0.007348 0.007348
BinVal : 9 7 0.9918 0.002853 0.002853
BinVal : 9 8 0.9979 0.00105 0.00105
BinVal : 9 9 1 0.002725 0.002725
BinVal : 9 10 1 0.01587 0.01587
BinVal : 9 11 1 0.06236 0.06236
BinVal : 9 12 1 0.07122 0.07122
BinVal : 10 0 0 0 0
BinVal : 10 1 0 0 0
BinVal : 10 2 0 0 0
BinVal : 10 3 0 0 0
BinVal : 10 4 0.2368 0.04829 0.04829
BinVal : 10 5 0.8523 0.02187 0.02187
BinVal : 10 6 0.9782 0.00593 0.00593
BinVal : 10 7 0.9905 0.002839 0.002839
BinVal : 10 8 0.9979 0.0009283 0.0009283
BinVal : 10 9 1 0.002273 0.002273
BinVal : 10 10 1 0.0119 0.0119
BinVal : 10 11 1 0.05255 0.05255
BinVal : 10 12 1 0.04343 0.04343
BinVal : 11 0 0 0 0
BinVal : 11 1 0 0 0
BinVal : 11 2 0 0 0
BinVal : 11 3 0 0 0
BinVal : 11 4 0.2353 0.04562 0.04562
BinVal : 11 5 0.8772 0.01802 0.01802
BinVal : 11 6 0.9773 0.006185 0.006185
BinVal : 11 7 0.9917 0.002721 0.002721
BinVal : 11 8 0.9986 0.0007655 0.0007655
BinVal : 11 9 0.9979 0.002931 0.002931
BinVal : 11 10 1 0.01176 0.01176
BinVal : 11 11 1 0.03123 0.03123
BinVal : 11 12 1 0.03843 0.03843
BinVal : 12 0 0 0 0
BinVal : 12 1 0 0 0
BinVal : 12 2 0 0 0
BinVal : 12 3 0 0 0
BinVal : 12 4 0.1538 0.03794 0.03794
BinVal : 12 5 0.912 0.01546 0.01546
BinVal : 12 6 0.9757 0.006596 0.006596
BinVal : 12 7 0.9937 0.002517 0.002517
BinVal : 12 8 0.9981 0.0008548 0.0008548
BinVal : 12 9 0.996 0.003409 0.003409
BinVal : 12 10 1 0.01282 0.01282
BinVal : 12 11 1 0.0204 0.0204
BinVal : 12 12 1 0.03997 0.03997
BinVal : 13 0 0 0 0
BinVal : 13 1 0 0 0
BinVal : 13 2 0 0 0
BinVal : 13 3 0 0 0
BinVal : 13 4 0.1064 0.03234 0.03234
BinVal : 13 5 0.928 0.01404 0.01404
BinVal : 13 6 0.9778 0.00605 0.00605
BinVal : 13 7 0.994 0.002633 0.002633
BinVal : 13 8 0.9976 0.0009023 0.0009023
BinVal : 13 9 0.998 0.002798 0.002798
BinVal : 13 10 0.9889 0.01512 0.01512
BinVal : 13 11 1 0.02272 0.02272
BinVal : 13 12 1 0.03123 0.03123
BinVal : 14 0 0 0 0
BinVal : 14 1 0 0 0
BinVal : 14 2 0 0 0
BinVal : 14 3 0 0 0
BinVal : 14 4 0.1842 0.04434 0.04434
BinVal : 14 5 0.9407 0.01244 0.01244
BinVal : 14 6 0.9794 0.005612 0.005612
BinVal : 14 7 0.9931 0.002758 0.002758
BinVal : 14 8 0.9967 0.001047 0.001047
BinVal : 14 9 0.9937 0.004188 0.004188
BinVal : 14 10 0.9901 0.01353 0.01353
BinVal : 14 11 1 0.02702 0.02702
BinVal : 14 12 1 0.03446 0.03446
BinVal : 15 0 0 0 0
BinVal : 15 1 0 0 0
BinVal : 15 2 0 0 0
BinVal : 15 3 0 0 0
BinVal : 15 4 0.2361 0.04954 0.04954
BinVal : 15 5 0.9348 0.01331 0.01331
BinVal : 15 6 0.9904 0.004173 0.004173
BinVal : 15 7 0.9914 0.002842 0.002842
BinVal : 15 8 0.9974 0.0009769 0.0009769
BinVal : 15 9 0.9897 0.004994 0.004994
BinVal : 15 10 1 0.0099 0.0099
BinVal : 15 11 1 0.02777 0.02777
BinVal : 15 12 1 0.05546 0.05546
BinVal : 16 0 0 0 0
BinVal : 16 1 0 0 0
BinVal : 16 2 0 0 0
BinVal : 16 3 0 0 0
BinVal : 16 4 0.2073 0.04451 0.04451
BinVal : 16 5 0.8779 0.01888 0.01888
BinVal : 16 6 0.9822 0.005537 0.005537
BinVal : 16 7 0.9914 0.002682 0.002682
BinVal : 16 8 0.999 0.000679 0.000679
BinVal : 16 9 0.9938 0.004102 0.004102
BinVal : 16 10 1 0.01053 0.01053
BinVal : 16 11 1 0.03843 0.03843
BinVal : 16 12 1 0.04163 0.04163
BinVal : 17 0 0 0 0
BinVal : 17 1 0 0 0
BinVal : 17 2 0 0 0
BinVal : 17 3 0 0 0
BinVal : 17 4 0.1786 0.04172 0.04172
BinVal : 17 5 0.8692 0.02098 0.02098
BinVal : 17 6 0.9715 0.006579 0.006579
BinVal : 17 7 0.9901 0.002816 0.002816
BinVal : 17 8 0.9976 0.0009531 0.0009531
BinVal : 17 9 0.9956 0.00379 0.00379
BinVal : 17 10 1 0.01031 0.01031
BinVal : 17 11 1 0.04163 0.04163
BinVal : 17 12 1 0.04343 0.04343
BinVal : 18 0 0 0 0
BinVal : 18 1 0 0 0
BinVal : 18 2 0.02564 0.03324 0.03324
BinVal : 18 3 0.02564 0.03324 0.03324
BinVal : 18 4 0.2162 0.04749 0.04749
BinVal : 18 5 0.8941 0.02018 0.02018
BinVal : 18 6 0.9713 0.006808 0.006808
BinVal : 18 7 0.9891 0.003254 0.003254
BinVal : 18 8 0.9975 0.001093 0.001093
BinVal : 18 9 0.9974 0.00365 0.00365
BinVal : 18 10 1 0.01266 0.01266
BinVal : 18 11 1 0.03843 0.03843
BinVal : 18 12 1 0.07122 0.07122
BinVal : 19 0 0 0 0
BinVal : 19 1 0 0 0
BinVal : 19 2 0.1 0.1034 0.1034
BinVal : 19 3 0.1 0.1034 0.1034
BinVal : 19 4 0.2903 0.07882 0.07882
BinVal : 19 5 0.8793 0.03054 0.03054
BinVal : 19 6 0.9682 0.01088 0.01088
BinVal : 19 7 0.9887 0.005473 0.005473
BinVal : 19 8 0.9979 0.001821 0.001821
BinVal : 19 9 1 0.006369 0.006369
BinVal : 19 10 1 0.03331 0.03331
BinVal : 19 11 1 0.07122 0.07122
BinVal : 19 12 1 0.1237 0.1237
BinVal : 20 0 0 0 0
BinVal : 20 1 0 0 0
BinVal : 20 2 0 0 0
BinVal : 20 3 0 0 0
BinVal : 20 4 0 0 0
BinVal : 20 5 0 0 0
BinVal : 20 6 0 0 0
BinVal : 20 7 0 0 0
BinVal : 20 8 0 0 0
BinVal : 20 9 0 0 0
BinVal : 20 10 0 0 0
BinVal : 20 11 0 0 0
BinVal : 20 12 0 0 0
BinVal : 21 0 0 0 0
BinVal : 21 1 0 0 0
BinVal : 21 2 0 0 0
BinVal : 21 3 0 0 0
BinVal : 21 4 0 0 0
BinVal : 21 5 0 0 0
BinVal : 21 6 0 0 0
BinVal : 21 7 0 0 0
BinVal : 21 8 0 0 0
BinVal : 21 9 0 0 0
BinVal : 21 10 0 0 0
BinVal : 21 11 0 0 0
BinVal : 21 12 0 0 0
BinVal : 22 0 0 0 0
BinVal : 22 1 0 0 0
BinVal : 22 2 0 0 0
BinVal : 22 3 0.03846 0.02422 0.02422
BinVal : 22 4 0.1863 0.03064 0.03064
BinVal : 22 5 0.7032 0.02035 0.02035
BinVal : 22 6 0.8336 0.01365 0.01365
BinVal : 22 7 0.9825 0.004452 0.004452
BinVal : 22 8 0.9937 0.002091 0.002091
BinVal : 22 9 1 0.005952 0.005952
BinVal : 22 10 1 0.02325 0.02325
BinVal : 22 11 1 0.07122 0.07122
BinVal : 22 12 1 0.09938 0.09938
BinVal : 23 0 0 0 0
BinVal : 23 1 0 0 0
BinVal : 23 2 0 0 0
BinVal : 23 3 0 0 0
BinVal : 23 4 0.1111 0.02565 0.02565
BinVal : 23 5 0.6346 0.0222 0.0222
BinVal : 23 6 0.7831 0.01571 0.01571
BinVal : 23 7 0.9678 0.006567 0.006567
BinVal : 23 8 0.9957 0.002084 0.002084
BinVal : 23 9 1 0.007519 0.007519
BinVal : 23 10 1 0.03331 0.03331
BinVal : 23 11 1 0.1237 0.1237
BinVal : 23 12 1 0.1936 0.1936
BinVal : 24 0 0 0 0
BinVal : 24 1 0 0 0
BinVal : 24 2 0 0 0
BinVal : 24 3 0 0 0
BinVal : 24 4 0.1022 0.02622 0.02622
BinVal : 24 5 0.6682 0.02223 0.02223
BinVal : 24 6 0.8076 0.01604 0.01604
BinVal : 24 7 0.9426 0.009795 0.009795
BinVal : 24 8 0.9974 0.002229 0.002229
BinVal : 24 9 1 0.01042 0.01042
BinVal : 24 10 1 0.05546 0.05546
BinVal : 24 11 1 0.05546 0.05546
BinVal : 24 12 1 0.05546 0.05546
BinVal : 25 0 0 0 0
BinVal : 25 1 0 0 0
BinVal : 25 2 0 0 0
BinVal : 25 3 0 0 0
BinVal : 25 4 0.1092 0.02896 0.02896
BinVal : 25 5 0.6478 0.02414 0.02414
BinVal : 25 6 0.7704 0.0183 0.0183
BinVal : 25 7 0.9227 0.01392 0.01392
BinVal : 25 8 0.9943 0.003749 0.003749
BinVal : 25 9 1 0.01785 0.01785
BinVal : 25 10 1 0.09045 0.09045
BinVal : 25 11 1 0.1936 0.1936
BinVal : 25 12 1 0.1936 0.1936
BinVal : 26 0 0 0 0
BinVal : 26 1 0 0 0
BinVal : 26 2 0 0 0
BinVal : 26 3 0 0 0
BinVal : 26 4 0.1406 0.03086 0.03086
BinVal : 26 5 0.5767 0.02623 0.02623
BinVal : 26 6 0.7458 0.02128 0.02128
BinVal : 26 7 0.8889 0.02029 0.02029
BinVal : 26 8 0.9663 0.009456 0.009456
BinVal : 26 9 1 0.03224 0.03224
BinVal : 26 10 1 0.1936 0.1936
BinVal : 26 11 1 0.1936 0.1936
BinVal : 26 12 1 0.1936 0.1936
BinVal : 27 0 0 0 0
BinVal : 27 1 0 0 0
BinVal : 27 2 0 0 0
BinVal : 27 3 0 0 0
BinVal : 27 4 0.1121 0.0309 0.0309
BinVal : 27 5 0.4436 0.03081 0.03081
BinVal : 27 6 0.6757 0.03125 0.03125
BinVal : 27 7 0.7687 0.03461 0.03461
BinVal : 27 8 0.8953 0.02236 0.02236
BinVal : 27 9 0.875 0.1206 0.1206
BinVal : 27 10 0.875 0.1206 0.1206
BinVal : 27 11 0.875 0.1206 0.1206
BinVal : 27 12 0.875 0.1206 0.1206
BinVal : 28 0 0 0 0
BinVal : 28 1 0 0 0
BinVal : 28 2 0 0 0
BinVal : 28 3 0 0 0
BinVal : 28 4 0.05128 0.04018 0.04018
BinVal : 28 5 0.16 0.04242 0.04242
BinVal : 28 6 0.2927 0.06924 0.06924
BinVal : 28 7 0.5128 0.07713 0.07713
BinVal : 28 8 0.6897 0.08264 0.08264
BinVal : 28 9 0.6897 0.08264 0.08264
BinVal : 28 10 0.6897 0.08264 0.08264
BinVal : 28 11 0.6897 0.08264 0.08264
BinVal : 28 12 0.6897 0.08264 0.08264
