D0NoteID : 0
EffName : CALONLY_v155
EffType : Binned
EffVarNames : DetEta pT
EffVersion : 6
ObjQuality : Tight
ObjType : Electron
ObjVersion : 11
BinEdgesX : -3.2 -2.8 -2.5 -2.3 -2.1 -1.9 -1.7 -1.5 -1.3 -1.1 -0.9 -0.7 -0.5 -0.3 -0.1 0.1 0.3 0.5 0.7 0.9 1.1 1.3 1.5 1.7 1.9 2.1 2.3 2.5 2.8 3.2
BinEdgesY : 0 10 15 20 22 25 30 35 40 50 60 70 80 1000
BinVal : 0 0 0 0 0
BinVal : 0 1 0 0 0
BinVal : 0 2 0 0 0
BinVal : 0 3 0 0 0
BinVal : 0 4 0.04444 0.02351 0.02351
BinVal : 0 5 0.6012 0.03802 0.03802
BinVal : 0 6 0.7143 0.037 0.037
BinVal : 0 7 0.7561 0.04697 0.04697
BinVal : 0 8 0.679 0.05112 0.05112
BinVal : 0 9 1 0.1936 0.1936
BinVal : 0 10 1 0.1936 0.1936
BinVal : 0 11 1 0.1936 0.1936
BinVal : 0 12 1 0.1936 0.1936
BinVal : 1 0 0 0 0
BinVal : 1 1 0 0 0
BinVal : 1 2 0 0 0
BinVal : 1 3 0.01587 0.02126 0.02126
BinVal : 1 4 0.075 0.02128 0.02128
BinVal : 1 5 0.7309 0.02548 0.02548
BinVal : 1 6 0.8731 0.01858 0.01858
BinVal : 1 7 0.8927 0.02179 0.02179
BinVal : 1 8 0.8988 0.01895 0.01895
BinVal : 1 9 1 0.03701 0.03701
BinVal : 1 10 1 0.1633 0.1633
BinVal : 1 11 1 0.1633 0.1633
BinVal : 1 12 1 0.2357 0.2357
BinVal : 2 0 0 0 0
BinVal : 2 1 0 0 0
BinVal : 2 2 0 0 0
BinVal : 2 3 0.01667 0.02226 0.02226
BinVal : 2 4 0.08176 0.02214 0.02214
BinVal : 2 5 0.7712 0.02347 0.02347
BinVal : 2 6 0.9461 0.01135 0.01135
BinVal : 2 7 0.9583 0.01163 0.01163
BinVal : 2 8 0.9708 0.008229 0.008229
BinVal : 2 9 0.9714 0.03668 0.03668
BinVal : 2 10 1 0.1102 0.1102
BinVal : 2 11 1 0.2357 0.2357
BinVal : 2 12 1 0.2357 0.2357
BinVal : 3 0 0 0 0
BinVal : 3 1 0 0 0
BinVal : 3 2 0 0 0
BinVal : 3 3 0.01515 0.02034 0.02034
BinVal : 3 4 0.1086 0.02373 0.02373
BinVal : 3 5 0.7574 0.02326 0.02326
BinVal : 3 6 0.9387 0.01115 0.01115
BinVal : 3 7 0.9678 0.008113 0.008113
BinVal : 3 8 0.9783 0.005912 0.005912
BinVal : 3 9 0.9792 0.02744 0.02744
BinVal : 3 10 1 0.0665 0.0665
BinVal : 3 11 1 0.2357 0.2357
BinVal : 3 12 1 0.2357 0.2357
BinVal : 4 0 0 0 0
BinVal : 4 1 0 0 0
BinVal : 4 2 0 0 0
BinVal : 4 3 0.03297 0.02093 0.02093
BinVal : 4 4 0.1371 0.0219 0.0219
BinVal : 4 5 0.811 0.01764 0.01764
BinVal : 4 6 0.9568 0.007938 0.007938
BinVal : 4 7 0.9613 0.006907 0.006907
BinVal : 4 8 0.9689 0.005166 0.005166
BinVal : 4 9 0.9779 0.01423 0.01423
BinVal : 4 10 1 0.04343 0.04343
BinVal : 4 11 1 0.1409 0.1409
BinVal : 4 12 1 0.2357 0.2357
BinVal : 5 0 0 0 0
BinVal : 5 1 0 0 0
BinVal : 5 2 0 0 0
BinVal : 5 3 0.02778 0.01777 0.01777
BinVal : 5 4 0.1351 0.01992 0.01992
BinVal : 5 5 0.8703 0.01256 0.01256
BinVal : 5 6 0.9761 0.00491 0.00491
BinVal : 5 7 0.9731 0.004754 0.004754
BinVal : 5 8 0.9754 0.003434 0.003434
BinVal : 5 9 0.9844 0.008533 0.008533
BinVal : 5 10 1 0.0238 0.0238
BinVal : 5 11 1 0.09938 0.09938
BinVal : 5 12 1 0.09045 0.09045
BinVal : 6 0 0 0 0
BinVal : 6 1 0 0 0
BinVal : 6 2 0 0 0
BinVal : 6 3 0.01754 0.02336 0.02336
BinVal : 6 4 0.1274 0.02677 0.02677
BinVal : 6 5 0.8884 0.0154 0.0154
BinVal : 6 6 0.9764 0.006411 0.006411
BinVal : 6 7 0.9816 0.005214 0.005214
BinVal : 6 8 0.9808 0.003873 0.003873
BinVal : 6 9 0.9936 0.008866 0.008866
BinVal : 6 10 1 0.03446 0.03446
BinVal : 6 11 1 0.1633 0.1633
BinVal : 6 12 1 0.09045 0.09045
BinVal : 7 0 0 0 0
BinVal : 7 1 0 0 0
BinVal : 7 2 0 0 0
BinVal : 7 3 0 0 0
BinVal : 7 4 0 0 0
BinVal : 7 5 0 0 0
BinVal : 7 6 0 0 0
BinVal : 7 7 0 0 0
BinVal : 7 8 0 0 0
BinVal : 7 9 0 0 0
BinVal : 7 10 0 0 0
BinVal : 7 11 0 0 0
BinVal : 7 12 0 0 0
BinVal : 8 0 0 0 0
BinVal : 8 1 0 0 0
BinVal : 8 2 0 0 0
BinVal : 8 3 0 0 0
BinVal : 8 4 0 0 0
BinVal : 8 5 0 0 0
BinVal : 8 6 0 0 0
BinVal : 8 7 0 0 0
BinVal : 8 8 0 0 0
BinVal : 8 9 0 0 0
BinVal : 8 10 0 0 0
BinVal : 8 11 0 0 0
BinVal : 8 12 0 0 0
BinVal : 9 0 0 0 0
BinVal : 9 1 0 0 0
BinVal : 9 2 0 0 0
BinVal : 9 3 0 0 0
BinVal : 9 4 0.3333 0.03935 0.03935
BinVal : 9 5 0.9246 0.01335 0.01335
BinVal : 9 6 0.9928 0.002908 0.002908
BinVal : 9 7 0.9826 0.003199 0.003199
BinVal : 9 8 0.9952 0.00116 0.00116
BinVal : 9 9 0.9984 0.002208 0.002208
BinVal : 9 10 1 0.009174 0.009174
BinVal : 9 11 1 0.02325 0.02325
BinVal : 9 12 1 0.04756 0.04756
BinVal : 10 0 0 0 0
BinVal : 10 1 0 0 0
BinVal : 10 2 0 0 0
BinVal : 10 3 0 0 0
BinVal : 10 4 0.1786 0.02953 0.02953
BinVal : 10 5 0.917 0.01297 0.01297
BinVal : 10 6 0.9872 0.003663 0.003663
BinVal : 10 7 0.9905 0.002232 0.002232
BinVal : 10 8 0.9954 0.001014 0.001014
BinVal : 10 9 0.9961 0.002586 0.002586
BinVal : 10 10 1 0.006993 0.006993
BinVal : 10 11 1 0.01785 0.01785
BinVal : 10 12 1 0.02563 0.02563
BinVal : 11 0 0 0 0
BinVal : 11 1 0 0 0
BinVal : 11 2 0 0 0
BinVal : 11 3 0.01724 0.02298 0.02298
BinVal : 11 4 0.1954 0.03 0.03
BinVal : 11 5 0.9526 0.009588 0.009588
BinVal : 11 6 0.9831 0.004308 0.004308
BinVal : 11 7 0.9927 0.001935 0.001935
BinVal : 11 8 0.9953 0.0009987 0.0009987
BinVal : 11 9 0.9934 0.003187 0.003187
BinVal : 11 10 1 0.006173 0.006173
BinVal : 11 11 1 0.01666 0.01666
BinVal : 11 12 1 0.01724 0.01724
BinVal : 12 0 0 0 0
BinVal : 12 1 0 0 0
BinVal : 12 2 0 0 0
BinVal : 12 3 0.01887 0.02501 0.02501
BinVal : 12 4 0.1667 0.02876 0.02876
BinVal : 12 5 0.9548 0.00915 0.00915
BinVal : 12 6 0.9801 0.004501 0.004501
BinVal : 12 7 0.9916 0.002145 0.002145
BinVal : 12 8 0.9924 0.001232 0.001232
BinVal : 12 9 0.9949 0.00283 0.00283
BinVal : 12 10 1 0.00625 0.00625
BinVal : 12 11 1 0.01538 0.01538
BinVal : 12 12 1 0.01754 0.01754
BinVal : 13 0 0 0 0
BinVal : 13 1 0 0 0
BinVal : 13 2 0 0 0
BinVal : 13 3 0 0 0
BinVal : 13 4 0.103 0.02393 0.02393
BinVal : 13 5 0.9571 0.008704 0.008704
BinVal : 13 6 0.9821 0.004169 0.004169
BinVal : 13 7 0.9936 0.001999 0.001999
BinVal : 13 8 0.9929 0.00117 0.00117
BinVal : 13 9 0.9951 0.002747 0.002747
BinVal : 13 10 1 0.006493 0.006493
BinVal : 13 11 1 0.01428 0.01428
BinVal : 13 12 1 0.02173 0.02173
BinVal : 14 0 0 0 0
BinVal : 14 1 0 0 0
BinVal : 14 2 0 0 0
BinVal : 14 3 0.01639 0.02192 0.02192
BinVal : 14 4 0.1566 0.02825 0.02825
BinVal : 14 5 0.9667 0.00746 0.00746
BinVal : 14 6 0.988 0.003415 0.003415
BinVal : 14 7 0.9927 0.002082 0.002082
BinVal : 14 8 0.9942 0.001053 0.001053
BinVal : 14 9 0.9931 0.003041 0.003041
BinVal : 14 10 1 0.005952 0.005952
BinVal : 14 11 1 0.01639 0.01639
BinVal : 14 12 1 0.01923 0.01923
BinVal : 15 0 0 0 0
BinVal : 15 1 0 0 0
BinVal : 15 2 0 0 0
BinVal : 15 3 0.01493 0.02005 0.02005
BinVal : 15 4 0.1793 0.02826 0.02826
BinVal : 15 5 0.9452 0.009232 0.009232
BinVal : 15 6 0.99 0.003128 0.003128
BinVal : 15 7 0.9913 0.002161 0.002161
BinVal : 15 8 0.9929 0.001173 0.001173
BinVal : 15 9 0.9942 0.002801 0.002801
BinVal : 15 10 1 0.00625 0.00625
BinVal : 15 11 1 0.01785 0.01785
BinVal : 15 12 1 0.02272 0.02272
BinVal : 16 0 0 0 0
BinVal : 16 1 0 0 0
BinVal : 16 2 0 0 0
BinVal : 16 3 0 0 0
BinVal : 16 4 0.1667 0.02779 0.02779
BinVal : 16 5 0.9173 0.01175 0.01175
BinVal : 16 6 0.9895 0.003116 0.003116
BinVal : 16 7 0.9933 0.001855 0.001855
BinVal : 16 8 0.9943 0.001076 0.001076
BinVal : 16 9 0.9952 0.002691 0.002691
BinVal : 16 10 1 0.006451 0.006451
BinVal : 16 11 1 0.0137 0.0137
BinVal : 16 12 1 0.0294 0.0294
BinVal : 17 0 0 0 0
BinVal : 17 1 0 0 0
BinVal : 17 2 0 0 0
BinVal : 17 3 0 0 0
BinVal : 17 4 0.1655 0.03154 0.03154
BinVal : 17 5 0.908 0.01393 0.01393
BinVal : 17 6 0.9816 0.004066 0.004066
BinVal : 17 7 0.9935 0.001788 0.001788
BinVal : 17 8 0.9944 0.0011 0.0011
BinVal : 17 9 0.9964 0.00242 0.00242
BinVal : 17 10 0.9934 0.009094 0.009094
BinVal : 17 11 1 0.0137 0.0137
BinVal : 17 12 1 0.02222 0.02222
BinVal : 18 0 0 0 0
BinVal : 18 1 0 0 0
BinVal : 18 2 0 0 0
BinVal : 18 3 0 0 0
BinVal : 18 4 0.2097 0.03641 0.03641
BinVal : 18 5 0.9183 0.01442 0.01442
BinVal : 18 6 0.9692 0.005509 0.005509
BinVal : 18 7 0.9918 0.002178 0.002178
BinVal : 18 8 0.9946 0.001206 0.001206
BinVal : 18 9 0.9986 0.002028 0.002028
BinVal : 18 10 0.9919 0.01118 0.01118
BinVal : 18 11 1 0.0196 0.0196
BinVal : 18 12 1 0.02325 0.02325
BinVal : 19 0 0 0 0
BinVal : 19 1 0 0 0
BinVal : 19 2 0 0 0
BinVal : 19 3 0 0 0
BinVal : 19 4 0.2581 0.05478 0.05478
BinVal : 19 5 0.92 0.02087 0.02087
BinVal : 19 6 0.9644 0.008958 0.008958
BinVal : 19 7 0.9904 0.00383 0.00383
BinVal : 19 8 0.9968 0.001566 0.001566
BinVal : 19 9 1 0.003472 0.003472
BinVal : 19 10 1 0.01818 0.01818
BinVal : 19 11 1 0.04993 0.04993
BinVal : 19 12 1 0.05546 0.05546
BinVal : 20 0 0 0 0
BinVal : 20 1 0 0 0
BinVal : 20 2 0 0 0
BinVal : 20 3 0 0 0
BinVal : 20 4 0 0 0
BinVal : 20 5 0 0 0
BinVal : 20 6 0 0 0
BinVal : 20 7 0 0 0
BinVal : 20 8 0 0 0
BinVal : 20 9 0 0 0
BinVal : 20 10 0 0 0
BinVal : 20 11 0 0 0
BinVal : 20 12 0 0 0
BinVal : 21 0 0 0 0
BinVal : 21 1 0 0 0
BinVal : 21 2 0 0 0
BinVal : 21 3 0 0 0
BinVal : 21 4 0 0 0
BinVal : 21 5 0 0 0
BinVal : 21 6 0 0 0
BinVal : 21 7 0 0 0
BinVal : 21 8 0 0 0
BinVal : 21 9 0 0 0
BinVal : 21 10 0 0 0
BinVal : 21 11 0 0 0
BinVal : 21 12 0 0 0
BinVal : 22 0 0 0 0
BinVal : 22 1 0 0 0
BinVal : 22 2 0 0 0
BinVal : 22 3 0.02632 0.01687 0.01687
BinVal : 22 4 0.2013 0.02263 0.02263
BinVal : 22 5 0.8778 0.01236 0.01236
BinVal : 22 6 0.9653 0.005825 0.005825
BinVal : 22 7 0.9848 0.003542 0.003542
BinVal : 22 8 0.9839 0.002767 0.002767
BinVal : 22 9 0.9771 0.009869 0.009869
BinVal : 22 10 1 0.01886 0.01886
BinVal : 22 11 1 0.06236 0.06236
BinVal : 22 12 1 0.08299 0.08299
BinVal : 23 0 0 0 0
BinVal : 23 1 0 0 0
BinVal : 23 2 0 0 0
BinVal : 23 3 0.01053 0.01435 0.01435
BinVal : 23 4 0.1452 0.02274 0.02274
BinVal : 23 5 0.8031 0.01763 0.01763
BinVal : 23 6 0.9562 0.007664 0.007664
BinVal : 23 7 0.9593 0.007131 0.007131
BinVal : 23 8 0.9754 0.004573 0.004573
BinVal : 23 9 0.974 0.01406 0.01406
BinVal : 23 10 1 0.03569 0.03569
BinVal : 23 11 1 0.1237 0.1237
BinVal : 23 12 1 0.1633 0.1633
BinVal : 24 0 0 0 0
BinVal : 24 1 0 0 0
BinVal : 24 2 0 0 0
BinVal : 24 3 0 0 0
BinVal : 24 4 0.08642 0.02244 0.02244
BinVal : 24 5 0.784 0.02122 0.02122
BinVal : 24 6 0.9533 0.009254 0.009254
BinVal : 24 7 0.9563 0.009269 0.009269
BinVal : 24 8 0.9676 0.006927 0.006927
BinVal : 24 9 0.9868 0.01778 0.01778
BinVal : 24 10 1 0.07666 0.07666
BinVal : 24 11 1 0.1936 0.1936
BinVal : 24 12 1 0.2357 0.2357
BinVal : 25 0 0 0 0
BinVal : 25 1 0 0 0
BinVal : 25 2 0 0 0
BinVal : 25 3 0 0 0
BinVal : 25 4 0.06522 0.02169 0.02169
BinVal : 25 5 0.7507 0.02212 0.02212
BinVal : 25 6 0.9412 0.01133 0.01133
BinVal : 25 7 0.954 0.01147 0.01147
BinVal : 25 8 0.9669 0.008626 0.008626
BinVal : 25 9 1 0.01587 0.01587
BinVal : 25 10 1 0.1633 0.1633
BinVal : 25 11 1 0.2357 0.2357
BinVal : 25 12 1 0.2357 0.2357
BinVal : 26 0 0 0 0
BinVal : 26 1 0 0 0
BinVal : 26 2 0 0 0
BinVal : 26 3 0 0 0
BinVal : 26 4 0.1346 0.02746 0.02746
BinVal : 26 5 0.6813 0.02364 0.02364
BinVal : 26 6 0.8504 0.01829 0.01829
BinVal : 26 7 0.8929 0.02082 0.02082
BinVal : 26 8 0.8824 0.0185 0.0185
BinVal : 26 9 1 0.02325 0.02325
BinVal : 26 10 1 0.1936 0.1936
BinVal : 26 11 1 0.1936 0.1936
BinVal : 26 12 1 0.1936 0.1936
BinVal : 27 0 0 0 0
BinVal : 27 1 0 0 0
BinVal : 27 2 0 0 0
BinVal : 27 3 0 0 0
BinVal : 27 4 0.1471 0.03521 0.03521
BinVal : 27 5 0.5439 0.03202 0.03202
BinVal : 27 6 0.6931 0.03227 0.03227
BinVal : 27 7 0.7363 0.04573 0.04573
BinVal : 27 8 0.7097 0.04041 0.04041
BinVal : 27 9 1 0.1237 0.1237
BinVal : 27 10 1 0.1936 0.1936
BinVal : 27 11 1 0.1936 0.1936
BinVal : 27 12 1 0.1936 0.1936
BinVal : 28 0 0 0 0
BinVal : 28 1 0 0 0
BinVal : 28 2 0 0 0
BinVal : 28 3 0 0 0
BinVal : 28 4 0 0 0
BinVal : 28 5 0.2586 0.05662 0.05662
BinVal : 28 6 0.4062 0.08319 0.08319
BinVal : 28 7 0.4118 0.1104 0.1104
BinVal : 28 8 0.5 0.1213 0.1213
BinVal : 28 9 0.5 0.1213 0.1213
BinVal : 28 10 0.5 0.1213 0.1213
BinVal : 28 11 0.5 0.1213 0.1213
BinVal : 28 12 0.5 0.1213 0.1213
