D0NoteID : 0
EffName : CALONLY_v155
EffType : Binned
EffVarNames : DetEta pT
EffVersion : 6
ObjQuality : MLoose2
ObjType : Electron
ObjVersion : 11
BinEdgesX : -3.2 -2.8 -2.5 -2.3 -2.1 -1.9 -1.7 -1.5 -1.3 -1.1 -0.9 -0.7 -0.5 -0.3 -0.1 0.1 0.3 0.5 0.7 0.9 1.1 1.3 1.5 1.7 1.9 2.1 2.3 2.5 2.8 3.2
BinEdgesY : 0 10 15 20 22 25 30 35 40 50 60 70 80 1000
BinVal : 0 0 0 0 0
BinVal : 0 1 0 0 0
BinVal : 0 2 0 0 0
BinVal : 0 3 0.008065 0.01109 0.01109
BinVal : 0 4 0.04563 0.01324 0.01324
BinVal : 0 5 0.4639 0.02195 0.02195
BinVal : 0 6 0.6765 0.02219 0.02219
BinVal : 0 7 0.6265 0.03049 0.03049
BinVal : 0 8 0.692 0.02834 0.02834
BinVal : 0 9 0.8182 0.1126 0.1126
BinVal : 0 10 1 0.1936 0.1936
BinVal : 0 11 1 0.1936 0.1936
BinVal : 0 12 1 0.1936 0.1936
BinVal : 1 0 0 0 0
BinVal : 1 1 0 0 0
BinVal : 1 2 0 0 0
BinVal : 1 3 0.01176 0.009953 0.009953
BinVal : 1 4 0.07123 0.01361 0.01361
BinVal : 1 5 0.6597 0.01711 0.01711
BinVal : 1 6 0.8488 0.01278 0.01278
BinVal : 1 7 0.8556 0.01634 0.01634
BinVal : 1 8 0.8654 0.01393 0.01393
BinVal : 1 9 0.9778 0.02913 0.02913
BinVal : 1 10 1 0.09938 0.09938
BinVal : 1 11 1 0.09938 0.09938
BinVal : 1 12 1 0.2357 0.2357
BinVal : 2 0 0 0 0
BinVal : 2 1 0 0 0
BinVal : 2 2 0 0 0
BinVal : 2 3 0.006061 0.008392 0.008392
BinVal : 2 4 0.1011 0.01563 0.01563
BinVal : 2 5 0.7431 0.01541 0.01541
BinVal : 2 6 0.9217 0.008591 0.008591
BinVal : 2 7 0.964 0.007028 0.007028
BinVal : 2 8 0.962 0.006362 0.006362
BinVal : 2 9 0.9872 0.01735 0.01735
BinVal : 2 10 1 0.05871 0.05871
BinVal : 2 11 1 0.1633 0.1633
BinVal : 2 12 1 0.1936 0.1936
BinVal : 3 0 0 0 0
BinVal : 3 1 0 0 0
BinVal : 3 2 0 0 0
BinVal : 3 3 0.01105 0.009361 0.009361
BinVal : 3 4 0.1181 0.01557 0.01557
BinVal : 3 5 0.7177 0.01561 0.01561
BinVal : 3 6 0.9322 0.007538 0.007538
BinVal : 3 7 0.9674 0.0054 0.0054
BinVal : 3 8 0.9709 0.004582 0.004582
BinVal : 3 9 0.9773 0.01465 0.01465
BinVal : 3 10 1 0.03701 0.03701
BinVal : 3 11 1 0.1237 0.1237
BinVal : 3 12 1 0.1409 0.1409
BinVal : 4 0 0 0 0
BinVal : 4 1 0 0 0
BinVal : 4 2 0 0 0
BinVal : 4 3 0.02062 0.01123 0.01123
BinVal : 4 4 0.1325 0.01545 0.01545
BinVal : 4 5 0.7665 0.01356 0.01356
BinVal : 4 6 0.9496 0.006123 0.006123
BinVal : 4 7 0.964 0.004851 0.004851
BinVal : 4 8 0.9705 0.003779 0.003779
BinVal : 4 9 0.9793 0.009894 0.009894
BinVal : 4 10 1 0.02563 0.02563
BinVal : 4 11 1 0.08299 0.08299
BinVal : 4 12 1 0.1409 0.1409
BinVal : 5 0 0 0 0
BinVal : 5 1 0 0 0
BinVal : 5 2 0 0.005128 0.005128
BinVal : 5 3 0.02941 0.01395 0.01395
BinVal : 5 4 0.1499 0.0169 0.0169
BinVal : 5 5 0.8463 0.01111 0.01111
BinVal : 5 6 0.9706 0.004461 0.004461
BinVal : 5 7 0.9729 0.003928 0.003928
BinVal : 5 8 0.9769 0.002878 0.002878
BinVal : 5 9 0.9882 0.0065 0.0065
BinVal : 5 10 1 0.01886 0.01886
BinVal : 5 11 1 0.05871 0.05871
BinVal : 5 12 1 0.07122 0.07122
BinVal : 6 0 0 0 0
BinVal : 6 1 0 0 0
BinVal : 6 2 0 0.01234 0.01234
BinVal : 6 3 0.03846 0.02422 0.02422
BinVal : 6 4 0.1495 0.02442 0.02442
BinVal : 6 5 0.8691 0.01472 0.01472
BinVal : 6 6 0.9734 0.005996 0.005996
BinVal : 6 7 0.9789 0.004895 0.004895
BinVal : 6 8 0.9802 0.003572 0.003572
BinVal : 6 9 0.9946 0.007462 0.007462
BinVal : 6 10 1 0.03123 0.03123
BinVal : 6 11 1 0.09938 0.09938
BinVal : 6 12 1 0.07666 0.07666
BinVal : 7 0 0 0 0
BinVal : 7 1 0 0 0
BinVal : 7 2 0 0 0
BinVal : 7 3 0 0 0
BinVal : 7 4 0 0 0
BinVal : 7 5 0 0 0
BinVal : 7 6 0 0 0
BinVal : 7 7 0 0 0
BinVal : 7 8 0 0 0
BinVal : 7 9 0 0 0
BinVal : 7 10 0 0 0
BinVal : 7 11 0 0 0
BinVal : 7 12 0 0 0
BinVal : 8 0 0 0 0
BinVal : 8 1 0 0 0
BinVal : 8 2 0 0 0
BinVal : 8 3 0 0 0
BinVal : 8 4 0 0 0
BinVal : 8 5 0 0 0
BinVal : 8 6 0 0 0
BinVal : 8 7 0 0 0
BinVal : 8 8 0 0 0
BinVal : 8 9 0 0 0
BinVal : 8 10 0 0 0
BinVal : 8 11 0 0 0
BinVal : 8 12 0 0 0
BinVal : 9 0 0 0 0
BinVal : 9 1 0 0 0
BinVal : 9 2 0 0 0
BinVal : 9 3 0 0 0
BinVal : 9 4 0.2976 0.03504 0.03504
BinVal : 9 5 0.9055 0.01347 0.01347
BinVal : 9 6 0.9839 0.00385 0.00385
BinVal : 9 7 0.9776 0.003379 0.003379
BinVal : 9 8 0.9924 0.001367 0.001367
BinVal : 9 9 0.9957 0.002823 0.002823
BinVal : 9 10 1 0.00862 0.00862
BinVal : 9 11 1 0.02173 0.02173
BinVal : 9 12 1 0.04163 0.04163
BinVal : 10 0 0 0 0
BinVal : 10 1 0 0 0
BinVal : 10 2 0 0 0
BinVal : 10 3 0 0 0
BinVal : 10 4 0.1642 0.02614 0.02614
BinVal : 10 5 0.9086 0.01251 0.01251
BinVal : 10 6 0.9777 0.004391 0.004391
BinVal : 10 7 0.9849 0.0026 0.0026
BinVal : 10 8 0.9922 0.001242 0.001242
BinVal : 10 9 0.9917 0.003333 0.003333
BinVal : 10 10 1 0.006451 0.006451
BinVal : 10 11 1 0.01666 0.01666
BinVal : 10 12 1 0.0238 0.0238
BinVal : 11 0 0 0 0
BinVal : 11 1 0 0 0
BinVal : 11 2 0 0 0
BinVal : 11 3 0.01587 0.02126 0.02126
BinVal : 11 4 0.1971 0.02754 0.02754
BinVal : 11 5 0.9434 0.009665 0.009665
BinVal : 11 6 0.975 0.004825 0.004825
BinVal : 11 7 0.9857 0.002498 0.002498
BinVal : 11 8 0.9904 0.00134 0.00134
BinVal : 11 9 0.9916 0.003365 0.003365
BinVal : 11 10 1 0.005555 0.005555
BinVal : 11 11 1 0.01538 0.01538
BinVal : 11 12 1 0.01613 0.01613
BinVal : 12 0 0 0 0
BinVal : 12 1 0 0 0
BinVal : 12 2 0 0 0
BinVal : 12 3 0.01786 0.02375 0.02375
BinVal : 12 4 0.1895 0.02839 0.02839
BinVal : 12 5 0.9443 0.009379 0.009379
BinVal : 12 6 0.9726 0.004915 0.004915
BinVal : 12 7 0.9838 0.002749 0.002749
BinVal : 12 8 0.988 0.001459 0.001459
BinVal : 12 9 0.9931 0.003031 0.003031
BinVal : 12 10 1 0.005618 0.005618
BinVal : 12 11 1 0.01428 0.01428
BinVal : 12 12 1 0.01639 0.01639
BinVal : 13 0 0 0 0
BinVal : 13 1 0 0 0
BinVal : 13 2 0 0 0
BinVal : 13 3 0 0 0
BinVal : 13 4 0.1111 0.02304 0.02304
BinVal : 13 5 0.9439 0.009163 0.009163
BinVal : 13 6 0.9733 0.004719 0.004719
BinVal : 13 7 0.9878 0.002525 0.002525
BinVal : 13 8 0.9905 0.001277 0.001277
BinVal : 13 9 0.99 0.003477 0.003477
BinVal : 13 10 1 0.005917 0.005917
BinVal : 13 11 1 0.01316 0.01316
BinVal : 13 12 1 0.0204 0.0204
BinVal : 14 0 0 0 0
BinVal : 14 1 0 0 0
BinVal : 14 2 0 0 0
BinVal : 14 3 0.01408 0.01898 0.01898
BinVal : 14 4 0.1582 0.02609 0.02609
BinVal : 14 5 0.9563 0.007891 0.007891
BinVal : 14 6 0.9795 0.00413 0.00413
BinVal : 14 7 0.9861 0.002642 0.002642
BinVal : 14 8 0.9912 0.001225 0.001225
BinVal : 14 9 0.9874 0.003748 0.003748
BinVal : 14 10 1 0.005376 0.005376
BinVal : 14 11 1 0.0147 0.0147
BinVal : 14 12 1 0.01785 0.01785
BinVal : 15 0 0 0 0
BinVal : 15 1 0 0 0
BinVal : 15 2 0 0 0
BinVal : 15 3 0.01351 0.01824 0.01824
BinVal : 15 4 0.1773 0.0268 0.0268
BinVal : 15 5 0.9397 0.009094 0.009094
BinVal : 15 6 0.9829 0.003781 0.003781
BinVal : 15 7 0.984 0.002719 0.002719
BinVal : 15 8 0.9885 0.00141 0.00141
BinVal : 15 9 0.9886 0.003569 0.003569
BinVal : 15 10 1 0.00565 0.00565
BinVal : 15 11 1 0.01639 0.01639
BinVal : 15 12 1 0.01923 0.01923
BinVal : 16 0 0 0 0
BinVal : 16 1 0 0 0
BinVal : 16 2 0 0 0
BinVal : 16 3 0 0 0
BinVal : 16 4 0.1582 0.02609 0.02609
BinVal : 16 5 0.9108 0.01142 0.01142
BinVal : 16 6 0.9869 0.003245 0.003245
BinVal : 16 7 0.9866 0.002418 0.002418
BinVal : 16 8 0.989 0.001403 0.001403
BinVal : 16 9 0.9914 0.003215 0.003215
BinVal : 16 10 1 0.006024 0.006024
BinVal : 16 11 1 0.01316 0.01316
BinVal : 16 12 1 0.02499 0.02499
BinVal : 17 0 0 0 0
BinVal : 17 1 0 0 0
BinVal : 17 2 0 0 0
BinVal : 17 3 0 0 0
BinVal : 17 4 0.1824 0.03059 0.03059
BinVal : 17 5 0.8947 0.0136 0.0136
BinVal : 17 6 0.9762 0.004289 0.004289
BinVal : 17 7 0.988 0.002243 0.002243
BinVal : 17 8 0.99 0.001375 0.001375
BinVal : 17 9 0.9956 0.00246 0.00246
BinVal : 17 10 0.9937 0.008649 0.008649
BinVal : 17 11 1 0.01316 0.01316
BinVal : 17 12 1 0.02173 0.02173
BinVal : 18 0 0 0 0
BinVal : 18 1 0 0 0
BinVal : 18 2 0 0 0
BinVal : 18 3 0 0 0
BinVal : 18 4 0.2192 0.0341 0.0341
BinVal : 18 5 0.8973 0.01457 0.01457
BinVal : 18 6 0.9565 0.006063 0.006063
BinVal : 18 7 0.9865 0.002578 0.002578
BinVal : 18 8 0.9915 0.001416 0.001416
BinVal : 18 9 0.9973 0.002297 0.002297
BinVal : 18 10 0.9925 0.01028 0.01028
BinVal : 18 11 1 0.01852 0.01852
BinVal : 18 12 1 0.02272 0.02272
BinVal : 19 0 0 0 0
BinVal : 19 1 0 0 0
BinVal : 19 2 0 0 0
BinVal : 19 3 0 0 0
BinVal : 19 4 0.2329 0.04899 0.04899
BinVal : 19 5 0.9029 0.02084 0.02084
BinVal : 19 6 0.9512 0.009657 0.009657
BinVal : 19 7 0.982 0.00473 0.00473
BinVal : 19 8 0.9932 0.002027 0.002027
BinVal : 19 9 0.9968 0.004525 0.004525
BinVal : 19 10 1 0.01613 0.01613
BinVal : 19 11 1 0.04756 0.04756
BinVal : 19 12 1 0.05255 0.05255
BinVal : 20 0 0 0 0
BinVal : 20 1 0 0 0
BinVal : 20 2 0 0 0
BinVal : 20 3 0 0 0
BinVal : 20 4 0 0 0
BinVal : 20 5 0 0 0
BinVal : 20 6 0 0 0
BinVal : 20 7 0 0 0
BinVal : 20 8 0 0 0
BinVal : 20 9 0 0 0
BinVal : 20 10 0 0 0
BinVal : 20 11 0 0 0
BinVal : 20 12 0 0 0
BinVal : 21 0 0 0 0
BinVal : 21 1 0 0 0
BinVal : 21 2 0 0 0
BinVal : 21 3 0 0 0
BinVal : 21 4 0 0 0
BinVal : 21 5 0 0 0
BinVal : 21 6 0 0 0
BinVal : 21 7 0 0 0
BinVal : 21 8 0 0 0
BinVal : 21 9 0 0 0
BinVal : 21 10 0 0 0
BinVal : 21 11 0 0 0
BinVal : 21 12 0 0 0
BinVal : 22 0 0 0 0
BinVal : 22 1 0 0 0
BinVal : 22 2 0 0 0
BinVal : 22 3 0.02825 0.01342 0.01342
BinVal : 22 4 0.1867 0.01836 0.01836
BinVal : 22 5 0.8588 0.01091 0.01091
BinVal : 22 6 0.9587 0.005304 0.005304
BinVal : 22 7 0.9829 0.003189 0.003189
BinVal : 22 8 0.9826 0.002511 0.002511
BinVal : 22 9 0.974 0.008943 0.008943
BinVal : 22 10 1 0.01428 0.01428
BinVal : 22 11 1 0.0454 0.0454
BinVal : 22 12 1 0.06236 0.06236
BinVal : 23 0 0 0 0
BinVal : 23 1 0 0 0
BinVal : 23 2 0 0 0
BinVal : 23 3 0.01429 0.009323 0.009323
BinVal : 23 4 0.1219 0.01558 0.01558
BinVal : 23 5 0.7827 0.01307 0.01307
BinVal : 23 6 0.9436 0.006353 0.006353
BinVal : 23 7 0.9669 0.004794 0.004794
BinVal : 23 8 0.9762 0.003388 0.003388
BinVal : 23 9 0.9651 0.0119 0.0119
BinVal : 23 10 1 0.01923 0.01923
BinVal : 23 11 1 0.08299 0.08299
BinVal : 23 12 1 0.1102 0.1102
BinVal : 24 0 0 0 0
BinVal : 24 1 0 0 0
BinVal : 24 2 0 0 0
BinVal : 24 3 0 0 0
BinVal : 24 4 0.06977 0.01309 0.01309
BinVal : 24 5 0.7586 0.01446 0.01446
BinVal : 24 6 0.9467 0.00668 0.00668
BinVal : 24 7 0.9601 0.006007 0.006007
BinVal : 24 8 0.9739 0.004221 0.004221
BinVal : 24 9 0.9747 0.01371 0.01371
BinVal : 24 10 1 0.03997 0.03997
BinVal : 24 11 1 0.1409 0.1409
BinVal : 24 12 1 0.1633 0.1633
BinVal : 25 0 0 0 0
BinVal : 25 1 0 0 0
BinVal : 25 2 0.002967 0.004153 0.004153
BinVal : 25 3 0.002967 0.004153 0.004153
BinVal : 25 4 0.05882 0.01234 0.01234
BinVal : 25 5 0.7292 0.0153 0.0153
BinVal : 25 6 0.937 0.007985 0.007985
BinVal : 25 7 0.9463 0.008328 0.008328
BinVal : 25 8 0.9638 0.006159 0.006159
BinVal : 25 9 0.9756 0.01568 0.01568
BinVal : 25 10 1 0.1237 0.1237
BinVal : 25 11 1 0.1936 0.1936
BinVal : 25 12 1 0.1936 0.1936
BinVal : 26 0 0 0 0
BinVal : 26 1 0 0 0
BinVal : 26 2 0.002899 0.004058 0.004058
BinVal : 26 3 0.005917 0.008198 0.008198
BinVal : 26 4 0.1017 0.01513 0.01513
BinVal : 26 5 0.628 0.01661 0.01661
BinVal : 26 6 0.8389 0.01342 0.01342
BinVal : 26 7 0.8654 0.01555 0.01555
BinVal : 26 8 0.8641 0.0138 0.0138
BinVal : 26 9 0.9487 0.0269 0.0269
BinVal : 26 10 1 0.1409 0.1409
BinVal : 26 11 1 0.1409 0.1409
BinVal : 26 12 1 0.1409 0.1409
BinVal : 27 0 0 0 0
BinVal : 27 1 0 0 0
BinVal : 27 2 0 0 0
BinVal : 27 3 0.006803 0.009396 0.009396
BinVal : 27 4 0.09459 0.01714 0.01714
BinVal : 27 5 0.4538 0.02055 0.02055
BinVal : 27 6 0.6602 0.02318 0.02318
BinVal : 27 7 0.6426 0.03021 0.03021
BinVal : 27 8 0.6898 0.02647 0.02647
BinVal : 27 9 0.8824 0.08154 0.08154
BinVal : 27 10 1 0.1633 0.1633
BinVal : 27 11 1 0.1633 0.1633
BinVal : 27 12 1 0.1633 0.1633
BinVal : 28 0 0 0 0
BinVal : 28 1 0 0 0
BinVal : 28 2 0 0 0
BinVal : 28 3 0 0 0
BinVal : 28 4 0 0 0
BinVal : 28 5 0.1977 0.0303 0.0303
BinVal : 28 6 0.3488 0.05063 0.05063
BinVal : 28 7 0.3286 0.05517 0.05517
BinVal : 28 8 0.3962 0.06547 0.06547
BinVal : 28 9 0.3962 0.06547 0.06547
BinVal : 28 10 0.3962 0.06547 0.06547
BinVal : 28 11 0.3962 0.06547 0.06547
BinVal : 28 12 0.3962 0.06547 0.06547
