D0NoteID : 0
EffName : CALONLY_v13
EffType : Binned
EffVarNames : DetEta pT
EffVersion : 6
ObjQuality : VLoose
ObjType : Electron
ObjVersion : 12
BinEdgesX : -3.2 -2.8 -2.5 -2.3 -2.1 -1.9 -1.7 -1.5 -1.3 -1.1 -0.9 -0.7 -0.5 -0.3 -0.1 0.1 0.3 0.5 0.7 0.9 1.1 1.3 1.5 1.7 1.9 2.1 2.3 2.5 2.8 3.2
BinEdgesY : 0 10 15 20 22 25 30 35 40 50 60 70 80 1000
BinVal : 0 0 0 0 0
BinVal : 0 1 0 0 0
BinVal : 0 2 0.06667 0.07594 0.07594
BinVal : 0 3 0.09091 0.09643 0.09643
BinVal : 0 4 0.25 0.1028 0.1028
BinVal : 0 5 0.4615 0.07694 0.07694
BinVal : 0 6 0.6154 0.09069 0.09069
BinVal : 0 7 0.8095 0.0842 0.0842
BinVal : 0 8 0.963 0.04626 0.04626
BinVal : 0 9 1 0.2357 0.2357
BinVal : 0 10 1 0.2357 0.2357
BinVal : 0 11 1 0.2357 0.2357
BinVal : 0 12 1 0.2357 0.2357
BinVal : 1 0 0 0 0
BinVal : 1 1 0 0 0
BinVal : 1 2 0.07692 0.08498 0.08498
BinVal : 1 3 0.09091 0.09643 0.09643
BinVal : 1 4 0.2727 0.1234 0.1234
BinVal : 1 5 0.4651 0.07356 0.07356
BinVal : 1 6 0.5714 0.08037 0.08037
BinVal : 1 7 0.9333 0.05074 0.05074
BinVal : 1 8 1 0.02 0.02
BinVal : 1 9 1 0.2357 0.2357
BinVal : 1 10 1 0.2357 0.2357
BinVal : 1 11 1 0.2357 0.2357
BinVal : 1 12 1 0.2357 0.2357
BinVal : 2 0 0 0 0
BinVal : 2 1 0 0 0
BinVal : 2 2 0.07692 0.08498 0.08498
BinVal : 2 3 0.1111 0.1113 0.1113
BinVal : 2 4 0.5333 0.1176 0.1176
BinVal : 2 5 0.575 0.07547 0.07547
BinVal : 2 6 0.7105 0.07157 0.07157
BinVal : 2 7 0.9688 0.03977 0.03977
BinVal : 2 8 1 0.0204 0.0204
BinVal : 2 9 1 0.1936 0.1936
BinVal : 2 10 1 0.1936 0.1936
BinVal : 2 11 1 0.1936 0.1936
BinVal : 2 12 1 0.2357 0.2357
BinVal : 3 0 0 0 0
BinVal : 3 1 0 0 0
BinVal : 3 2 0.06667 0.07594 0.07594
BinVal : 3 3 0.25 0.1166 0.1166
BinVal : 3 4 0.6 0.1025 0.1025
BinVal : 3 5 0.5833 0.06911 0.06911
BinVal : 3 6 0.8596 0.04642 0.04642
BinVal : 3 7 0.9556 0.03528 0.03528
BinVal : 3 8 1 0.01724 0.01724
BinVal : 3 9 1 0.08299 0.08299
BinVal : 3 10 1 0.2357 0.2357
BinVal : 3 11 1 0.2357 0.2357
BinVal : 3 12 1 0.2357 0.2357
BinVal : 4 0 0 0 0
BinVal : 4 1 0 0 0
BinVal : 4 2 0 0 0
BinVal : 4 3 0.1538 0.1 0.1
BinVal : 4 4 0.381 0.09962 0.09962
BinVal : 4 5 0.5476 0.07423 0.07423
BinVal : 4 6 0.873 0.04251 0.04251
BinVal : 4 7 0.975 0.02061 0.02061
BinVal : 4 8 0.9901 0.01353 0.01353
BinVal : 4 9 1 0.04343 0.04343
BinVal : 4 10 1 0.2357 0.2357
BinVal : 4 11 1 0.2357 0.2357
BinVal : 4 12 1 0.2357 0.2357
BinVal : 5 0 0 0 0
BinVal : 5 1 0 0 0
BinVal : 5 2 0 0 0
BinVal : 5 3 0.1 0.1034 0.1034
BinVal : 5 4 0.2632 0.09631 0.09631
BinVal : 5 5 0.5952 0.07329 0.07329
BinVal : 5 6 0.9118 0.0356 0.0356
BinVal : 5 7 1 0.009259 0.009259
BinVal : 5 8 0.9937 0.008756 0.008756
BinVal : 5 9 1 0.03997 0.03997
BinVal : 5 10 1 0.1237 0.1237
BinVal : 5 11 1 0.1237 0.1237
BinVal : 5 12 1 0.1237 0.1237
BinVal : 6 0 0 0 0
BinVal : 6 1 0 0 0
BinVal : 6 2 0 0 0
BinVal : 6 3 0.2 0.1597 0.1597
BinVal : 6 4 0.3333 0.1614 0.1614
BinVal : 6 5 0.5833 0.09508 0.09508
BinVal : 6 6 0.9474 0.04113 0.04113
BinVal : 6 7 1 0.01695 0.01695
BinVal : 6 8 1 0.01075 0.01075
BinVal : 6 9 1 0.08299 0.08299
BinVal : 6 10 1 0.1237 0.1237
BinVal : 6 11 1 0.1237 0.1237
BinVal : 6 12 1 0.1237 0.1237
BinVal : 7 0 0 0 0
BinVal : 7 1 0 0 0
BinVal : 7 2 0 0 0
BinVal : 7 3 0 0 0
BinVal : 7 4 0 0 0
BinVal : 7 5 0 0 0
BinVal : 7 6 0 0 0
BinVal : 7 7 0 0 0
BinVal : 7 8 0 0 0
BinVal : 7 9 0 0 0
BinVal : 7 10 0 0 0
BinVal : 7 11 0 0 0
BinVal : 7 12 0 0 0
BinVal : 8 0 0 0 0
BinVal : 8 1 0 0 0
BinVal : 8 2 0 0 0
BinVal : 8 3 0 0 0
BinVal : 8 4 0 0 0
BinVal : 8 5 0 0 0
BinVal : 8 6 0 0 0
BinVal : 8 7 0 0 0
BinVal : 8 8 0 0 0
BinVal : 8 9 0 0 0
BinVal : 8 10 0 0 0
BinVal : 8 11 0 0 0
BinVal : 8 12 0 0 0
BinVal : 9 0 0 0 0
BinVal : 9 1 0 0 0
BinVal : 9 2 0 0 0
BinVal : 9 3 0 0 0
BinVal : 9 4 1 0.1102 0.1102
BinVal : 9 5 0.6452 0.0825 0.0825
BinVal : 9 6 0.7872 0.05901 0.05901
BinVal : 9 7 0.9727 0.01746 0.01746
BinVal : 9 8 0.9812 0.01025 0.01025
BinVal : 9 9 1 0.03224 0.03224
BinVal : 9 10 1 0.09045 0.09045
BinVal : 9 11 1 0.1936 0.1936
BinVal : 9 12 1 0.2357 0.2357
BinVal : 10 0 0 0 0
BinVal : 10 1 0 0 0
BinVal : 10 2 0 0 0
BinVal : 10 3 0.2 0.1597 0.1597
BinVal : 10 4 0.8 0.1201 0.1201
BinVal : 10 5 0.5882 0.08105 0.08105
BinVal : 10 6 0.8654 0.0479 0.0479
BinVal : 10 7 0.9669 0.01773 0.01773
BinVal : 10 8 1 0.003831 0.003831
BinVal : 10 9 1 0.0196 0.0196
BinVal : 10 10 1 0.08299 0.08299
BinVal : 10 11 1 0.1409 0.1409
BinVal : 10 12 1 0.2357 0.2357
BinVal : 11 0 0 0 0
BinVal : 11 1 0 0 0
BinVal : 11 2 0 0 0
BinVal : 11 3 0.1111 0.1113 0.1113
BinVal : 11 4 0.5385 0.1247 0.1247
BinVal : 11 5 0.6207 0.08611 0.08611
BinVal : 11 6 0.94 0.0366 0.0366
BinVal : 11 7 0.9762 0.01532 0.01532
BinVal : 11 8 0.9965 0.004936 0.004936
BinVal : 11 9 1 0.01754 0.01754
BinVal : 11 10 1 0.08299 0.08299
BinVal : 11 11 1 0.1409 0.1409
BinVal : 11 12 1 0.1409 0.1409
BinVal : 12 0 0 0 0
BinVal : 12 1 0 0 0
BinVal : 12 2 0 0 0
BinVal : 12 3 0 0 0
BinVal : 12 4 0.5385 0.1247 0.1247
BinVal : 12 5 0.6471 0.07896 0.07896
BinVal : 12 6 0.7818 0.05509 0.05509
BinVal : 12 7 1 0.007692 0.007692
BinVal : 12 8 0.9968 0.004511 0.004511
BinVal : 12 9 1 0.01666 0.01666
BinVal : 12 10 1 0.05871 0.05871
BinVal : 12 11 1 0.1936 0.1936
BinVal : 12 12 1 0.2357 0.2357
BinVal : 13 0 0 0 0
BinVal : 13 1 0 0 0
BinVal : 13 2 0 0 0
BinVal : 13 3 0 0 0
BinVal : 13 4 0.6667 0.1237 0.1237
BinVal : 13 5 0.7021 0.06518 0.06518
BinVal : 13 6 0.746 0.0541 0.0541
BinVal : 13 7 1 0.008547 0.008547
BinVal : 13 8 0.9967 0.004599 0.004599
BinVal : 13 9 1 0.01886 0.01886
BinVal : 13 10 1 0.06236 0.06236
BinVal : 13 11 1 0.2357 0.2357
BinVal : 13 12 1 0.1633 0.1633
BinVal : 14 0 0 0 0
BinVal : 14 1 0 0 0
BinVal : 14 2 0 0 0
BinVal : 14 3 0 0 0
BinVal : 14 4 0.5833 0.1278 0.1278
BinVal : 14 5 0.6905 0.06943 0.06943
BinVal : 14 6 0.7681 0.05029 0.05029
BinVal : 14 7 0.9914 0.01183 0.01183
BinVal : 14 8 0.9901 0.006525 0.006525
BinVal : 14 9 1 0.01886 0.01886
BinVal : 14 10 1 0.07666 0.07666
BinVal : 14 11 1 0.2357 0.2357
BinVal : 14 12 1 0.1237 0.1237
BinVal : 15 0 0 0 0
BinVal : 15 1 0 0 0
BinVal : 15 2 0 0 0
BinVal : 15 3 0 0 0
BinVal : 15 4 0.5455 0.1332 0.1332
BinVal : 15 5 0.6364 0.08053 0.08053
BinVal : 15 6 0.7536 0.05127 0.05127
BinVal : 15 7 0.9833 0.01396 0.01396
BinVal : 15 8 0.9934 0.005679 0.005679
BinVal : 15 9 1 0.01754 0.01754
BinVal : 15 10 1 0.1102 0.1102
BinVal : 15 11 1 0.1936 0.1936
BinVal : 15 12 1 0.1102 0.1102
BinVal : 16 0 0 0 0
BinVal : 16 1 0 0 0
BinVal : 16 2 0 0 0
BinVal : 16 3 0 0 0
BinVal : 16 4 0.5556 0.1437 0.1437
BinVal : 16 5 0.4865 0.07903 0.07903
BinVal : 16 6 0.8209 0.04674 0.04674
BinVal : 16 7 0.9667 0.01788 0.01788
BinVal : 16 8 0.9962 0.005247 0.005247
BinVal : 16 9 1 0.02173 0.02173
BinVal : 16 10 1 0.1633 0.1633
BinVal : 16 11 1 0.1936 0.1936
BinVal : 16 12 1 0.1409 0.1409
BinVal : 17 0 0 0 0
BinVal : 17 1 0 0 0
BinVal : 17 2 0 0 0
BinVal : 17 3 0 0 0
BinVal : 17 4 0.5 0.1667 0.1667
BinVal : 17 5 0.303 0.07737 0.07737
BinVal : 17 6 0.8667 0.04438 0.04438
BinVal : 17 7 0.9764 0.0152 0.0152
BinVal : 17 8 0.9873 0.008281 0.008281
BinVal : 17 9 1 0.02325 0.02325
BinVal : 17 10 1 0.1102 0.1102
BinVal : 17 11 1 0.2357 0.2357
BinVal : 17 12 1 0.1633 0.1633
BinVal : 18 0 0 0 0
BinVal : 18 1 0 0 0
BinVal : 18 2 0 0 0
BinVal : 18 3 0 0 0
BinVal : 18 4 0.2857 0.1491 0.1491
BinVal : 18 5 0.35 0.1003 0.1003
BinVal : 18 6 0.8511 0.05227 0.05227
BinVal : 18 7 1 0.008772 0.008772
BinVal : 18 8 0.9848 0.009924 0.009924
BinVal : 18 9 1 0.03123 0.03123
BinVal : 18 10 1 0.1237 0.1237
BinVal : 18 11 1 0.2357 0.2357
BinVal : 18 12 1 0.1936 0.1936
BinVal : 19 0 0 0 0
BinVal : 19 1 0 0 0
BinVal : 19 2 0 0 0
BinVal : 19 3 0 0 0
BinVal : 19 4 0.2 0.1597 0.1597
BinVal : 19 5 0.6667 0.1614 0.1614
BinVal : 19 6 0.8095 0.0842 0.0842
BinVal : 19 7 1 0.01886 0.01886
BinVal : 19 8 0.9885 0.01562 0.01562
BinVal : 19 9 1 0.07666 0.07666
BinVal : 19 10 1 0.2357 0.2357
BinVal : 19 11 1 0.2357 0.2357
BinVal : 19 12 1 0.2357 0.2357
BinVal : 20 0 0 0 0
BinVal : 20 1 0 0 0
BinVal : 20 2 0 0 0
BinVal : 20 3 0 0 0
BinVal : 20 4 0 0 0
BinVal : 20 5 0 0 0
BinVal : 20 6 0 0 0
BinVal : 20 7 0 0 0
BinVal : 20 8 0 0 0
BinVal : 20 9 0 0 0
BinVal : 20 10 0 0 0
BinVal : 20 11 0 0 0
BinVal : 20 12 0 0 0
BinVal : 21 0 0 0 0
BinVal : 21 1 0 0 0
BinVal : 21 2 0 0 0
BinVal : 21 3 0 0 0
BinVal : 21 4 0 0 0
BinVal : 21 5 0 0 0
BinVal : 21 6 0 0 0
BinVal : 21 7 0 0 0
BinVal : 21 8 0 0 0
BinVal : 21 9 0 0 0
BinVal : 21 10 0 0 0
BinVal : 21 11 0 0 0
BinVal : 21 12 0 0 0
BinVal : 22 0 0 0 0
BinVal : 22 1 0 0 0
BinVal : 22 2 0 0 0
BinVal : 22 3 0.125 0.1206 0.1206
BinVal : 22 4 0.3684 0.1035 0.1035
BinVal : 22 5 0.5345 0.06388 0.06388
BinVal : 22 6 0.82 0.05414 0.05414
BinVal : 22 7 0.9888 0.01529 0.01529
BinVal : 22 8 0.9926 0.01021 0.01021
BinVal : 22 9 1 0.07122 0.07122
BinVal : 22 10 1 0.07122 0.07122
BinVal : 22 11 1 0.07122 0.07122
BinVal : 22 12 1 0.2357 0.2357
BinVal : 23 0 0 0 0
BinVal : 23 1 0 0 0
BinVal : 23 2 0 0 0
BinVal : 23 3 0.375 0.1477 0.1477
BinVal : 23 4 0.4167 0.09508 0.09508
BinVal : 23 5 0.5167 0.06296 0.06296
BinVal : 23 6 0.8214 0.05104 0.05104
BinVal : 23 7 0.9747 0.02086 0.02086
BinVal : 23 8 0.9892 0.01465 0.01465
BinVal : 23 9 1 0.09938 0.09938
BinVal : 23 10 1 0.2357 0.2357
BinVal : 23 11 1 0.2357 0.2357
BinVal : 23 12 1 0.2357 0.2357
BinVal : 24 0 0 0 0
BinVal : 24 1 0 0 0
BinVal : 24 2 0 0 0
BinVal : 24 3 0.3333 0.1614 0.1614
BinVal : 24 4 0.4706 0.1116 0.1116
BinVal : 24 5 0.569 0.06345 0.06345
BinVal : 24 6 0.7925 0.05519 0.05519
BinVal : 24 7 0.9672 0.02662 0.02662
BinVal : 24 8 0.9867 0.01801 0.01801
BinVal : 24 9 1 0.09045 0.09045
BinVal : 24 10 1 0.2357 0.2357
BinVal : 24 11 1 0.2357 0.2357
BinVal : 24 12 1 0.2357 0.2357
BinVal : 25 0 0 0 0
BinVal : 25 1 0 0 0
BinVal : 25 2 0 0 0
BinVal : 25 3 0 0 0
BinVal : 25 4 0.4286 0.1203 0.1203
BinVal : 25 5 0.6098 0.07371 0.07371
BinVal : 25 6 0.6923 0.06263 0.06263
BinVal : 25 7 0.973 0.03488 0.03488
BinVal : 25 8 0.9804 0.02593 0.02593
BinVal : 25 9 0.8333 0.1443 0.1443
BinVal : 25 10 0.8333 0.1443 0.1443
BinVal : 25 11 0.8333 0.1443 0.1443
BinVal : 25 12 0.8333 0.1443 0.1443
BinVal : 26 0 0 0 0
BinVal : 26 1 0 0 0
BinVal : 26 2 0 0 0
BinVal : 26 3 0.09091 0.09643 0.09643
BinVal : 26 4 0.381 0.09962 0.09962
BinVal : 26 5 0.525 0.07616 0.07616
BinVal : 26 6 0.7174 0.06493 0.06493
BinVal : 26 7 0.96 0.04949 0.04949
BinVal : 26 8 0.9259 0.0556 0.0556
BinVal : 26 9 0.75 0.1782 0.1782
BinVal : 26 10 0.75 0.1782 0.1782
BinVal : 26 11 0.75 0.1782 0.1782
BinVal : 26 12 0.75 0.1782 0.1782
BinVal : 27 0 0 0 0
BinVal : 27 1 0 0 0
BinVal : 27 2 0 0 0
BinVal : 27 3 0.08333 0.09035 0.09035
BinVal : 27 4 0.3 0.09712 0.09712
BinVal : 27 5 0.3659 0.07287 0.07287
BinVal : 27 6 0.6667 0.09722 0.09722
BinVal : 27 7 1 0.05546 0.05546
BinVal : 27 8 0.8824 0.08154 0.08154
BinVal : 27 9 0.8824 0.08154 0.08154
BinVal : 27 10 0.8824 0.08154 0.08154
BinVal : 27 11 0.8824 0.08154 0.08154
BinVal : 27 12 0.8824 0.08154 0.08154
BinVal : 28 0 0 0 0
BinVal : 28 1 0 0 0
BinVal : 28 2 0 0 0
BinVal : 28 3 0 0 0
BinVal : 28 4 0.3333 0.1389 0.1389
BinVal : 28 5 0.1538 0.1 0.1
BinVal : 28 6 0.25 0.1782 0.1782
BinVal : 28 7 1 0.1936 0.1936
BinVal : 28 8 1 0.1633 0.1633
BinVal : 28 9 1 0.1633 0.1633
BinVal : 28 10 1 0.1633 0.1633
BinVal : 28 11 1 0.1633 0.1633
BinVal : 28 12 1 0.1633 0.1633
