D0NoteID : 0
EffName : CALONLY_v12
EffType : Binned
EffVarNames : DetEta pT
EffVersion : 6
ObjQuality : Point2
ObjType : Electron
ObjVersion : 1
TriggerVersion : v12
BinEdgesX : -3.2 -2.8 -2.5 -2.3 -2.1 -1.9 -1.7 -1.5 -1.3 -1.1 -0.9 -0.7 -0.5 -0.3 -0.1 0.1 0.3 0.5 0.7 0.9 1.1 1.3 1.5 1.7 1.9 2.1 2.3 2.5 2.8 3.2
BinEdgesY : 0 10 15 20 22 25 30 35 40 50 60 70 80 1000
BinVal : 0 0 0 0 0
BinVal : 0 1 0 0 0
BinVal : 0 2 0 0 0
BinVal : 0 3 0.2727 0.1234 0.1234
BinVal : 0 4 0.5714 0.1012 0.1012
BinVal : 0 5 0.6 0.0855 0.0855
BinVal : 0 6 0.6667 0.09156 0.09156
BinVal : 0 7 0.9412 0.06862 0.06862
BinVal : 0 8 0.8125 0.09538 0.09538
BinVal : 0 9 1 0.2357 0.2357
BinVal : 0 10 1 0.2357 0.2357
BinVal : 0 11 1 0.2357 0.2357
BinVal : 0 12 1 0.2357 0.2357
BinVal : 1 0 0 0 0
BinVal : 1 1 0 0 0
BinVal : 1 2 0 0 0
BinVal : 1 3 0.1786 0.07184 0.07184
BinVal : 1 4 0.6512 0.07058 0.07058
BinVal : 1 5 0.7468 0.04839 0.04839
BinVal : 1 6 0.8118 0.04227 0.04227
BinVal : 1 7 0.9492 0.03144 0.03144
BinVal : 1 8 0.9552 0.02793 0.02793
BinVal : 1 9 1 0.08299 0.08299
BinVal : 1 10 1 0.08299 0.08299
BinVal : 1 11 1 0.08299 0.08299
BinVal : 1 12 1 0.08299 0.08299
BinVal : 2 0 0 0 0
BinVal : 2 1 0 0 0
BinVal : 2 2 0 0 0
BinVal : 2 3 0.2368 0.06763 0.06763
BinVal : 2 4 0.6471 0.06526 0.06526
BinVal : 2 5 0.7863 0.03772 0.03772
BinVal : 2 6 0.8968 0.02748 0.02748
BinVal : 2 7 0.9697 0.01931 0.01931
BinVal : 2 8 0.9914 0.01183 0.01183
BinVal : 2 9 1 0.04993 0.04993
BinVal : 2 10 1 0.1633 0.1633
BinVal : 2 11 1 0.1633 0.1633
BinVal : 2 12 1 0.1633 0.1633
BinVal : 3 0 0 0 0
BinVal : 3 1 0 0 0
BinVal : 3 2 0 0 0
BinVal : 3 3 0.3784 0.07692 0.07692
BinVal : 3 4 0.65 0.06028 0.06028
BinVal : 3 5 0.748 0.03827 0.03827
BinVal : 3 6 0.8968 0.02472 0.02472
BinVal : 3 7 0.9858 0.01194 0.01194
BinVal : 3 8 0.9944 0.007835 0.007835
BinVal : 3 9 1 0.03701 0.03701
BinVal : 3 10 1 0.1409 0.1409
BinVal : 3 11 1 0.1409 0.1409
BinVal : 3 12 1 0.1409 0.1409
BinVal : 4 0 0 0 0
BinVal : 4 1 0 0 0
BinVal : 4 2 0.02703 0.03488 0.03488
BinVal : 4 3 0.4286 0.089 0.089
BinVal : 4 4 0.6765 0.05574 0.05574
BinVal : 4 5 0.7305 0.03414 0.03414
BinVal : 4 6 0.9091 0.02012 0.02012
BinVal : 4 7 0.9828 0.009433 0.009433
BinVal : 4 8 0.9969 0.004385 0.004385
BinVal : 4 9 1 0.02499 0.02499
BinVal : 4 10 1 0.1102 0.1102
BinVal : 4 11 1 0.1102 0.1102
BinVal : 4 12 1 0.1102 0.1102
BinVal : 5 0 0 0 0
BinVal : 5 1 0 0 0
BinVal : 5 2 0.1714 0.06354 0.06354
BinVal : 5 3 0.5714 0.1203 0.1203
BinVal : 5 4 0.7429 0.05158 0.05158
BinVal : 5 5 0.8009 0.02712 0.02712
BinVal : 5 6 0.9457 0.01394 0.01394
BinVal : 5 7 0.9848 0.007322 0.007322
BinVal : 5 8 0.9942 0.003806 0.003806
BinVal : 5 9 1 0.01639 0.01639
BinVal : 5 10 1 0.04993 0.04993
BinVal : 5 11 1 0.1936 0.1936
BinVal : 5 12 1 0.1633 0.1633
BinVal : 6 0 0 0 0
BinVal : 6 1 0 0 0
BinVal : 6 2 0.3333 0.1126 0.1126
BinVal : 6 3 0.75 0.1782 0.1782
BinVal : 6 4 0.8286 0.06354 0.06354
BinVal : 6 5 0.8522 0.03321 0.03321
BinVal : 6 6 0.9557 0.01718 0.01718
BinVal : 6 7 0.9891 0.009261 0.009261
BinVal : 6 8 0.9936 0.005446 0.005446
BinVal : 6 9 1 0.02563 0.02563
BinVal : 6 10 1 0.0665 0.0665
BinVal : 6 11 1 0.1936 0.1936
BinVal : 6 12 1 0.1633 0.1633
BinVal : 7 0 0 0 0
BinVal : 7 1 0 0 0
BinVal : 7 2 0 0 0
BinVal : 7 3 0 0 0
BinVal : 7 4 0 0 0
BinVal : 7 5 0 0 0
BinVal : 7 6 0 0 0
BinVal : 7 7 0 0 0
BinVal : 7 8 0 0 0
BinVal : 7 9 0 0 0
BinVal : 7 10 0 0 0
BinVal : 7 11 0 0 0
BinVal : 7 12 0 0 0
BinVal : 8 0 0 0 0
BinVal : 8 1 0 0 0
BinVal : 8 2 0 0 0
BinVal : 8 3 0 0 0
BinVal : 8 4 0 0 0
BinVal : 8 5 0 0 0
BinVal : 8 6 0 0 0
BinVal : 8 7 0 0 0
BinVal : 8 8 0 0 0
BinVal : 8 9 0 0 0
BinVal : 8 10 0 0 0
BinVal : 8 11 0 0 0
BinVal : 8 12 0 0 0
BinVal : 9 0 0 0 0
BinVal : 9 1 0 0 0
BinVal : 9 2 0.02703 0.03488 0.03488
BinVal : 9 3 0.3333 0.09156 0.09156
BinVal : 9 4 0.85 0.05683 0.05683
BinVal : 9 5 0.9154 0.02493 0.02493
BinVal : 9 6 0.9712 0.009894 0.009894
BinVal : 9 7 0.9903 0.004697 0.004697
BinVal : 9 8 0.9936 0.002563 0.002563
BinVal : 9 9 1 0.00578 0.00578
BinVal : 9 10 1 0.0238 0.0238
BinVal : 9 11 1 0.0665 0.0665
BinVal : 9 12 1 0.06236 0.06236
BinVal : 10 0 0 0 0
BinVal : 10 1 0 0 0
BinVal : 10 2 0.02703 0.03488 0.03488
BinVal : 10 3 0.2308 0.08041 0.08041
BinVal : 10 4 0.7581 0.05371 0.05371
BinVal : 10 5 0.9247 0.02236 0.02236
BinVal : 10 6 0.9847 0.007388 0.007388
BinVal : 10 7 0.9915 0.004141 0.004141
BinVal : 10 8 0.9971 0.001638 0.001638
BinVal : 10 9 1 0.004167 0.004167
BinVal : 10 10 1 0.0196 0.0196
BinVal : 10 11 1 0.06236 0.06236
BinVal : 10 12 1 0.05871 0.05871
BinVal : 11 0 0 0 0
BinVal : 11 1 0 0 0
BinVal : 11 2 0 0 0
BinVal : 11 3 0.1852 0.07396 0.07396
BinVal : 11 4 0.7015 0.055 0.055
BinVal : 11 5 0.9325 0.02016 0.02016
BinVal : 11 6 0.9907 0.006144 0.006144
BinVal : 11 7 0.9932 0.003758 0.003758
BinVal : 11 8 0.9972 0.00156 0.00156
BinVal : 11 9 1 0.004292 0.004292
BinVal : 11 10 1 0.02127 0.02127
BinVal : 11 11 1 0.05871 0.05871
BinVal : 11 12 1 0.05255 0.05255
BinVal : 12 0 0 0 0
BinVal : 12 1 0 0 0
BinVal : 12 2 0 0 0
BinVal : 12 3 0.3333 0.09722 0.09722
BinVal : 12 4 0.746 0.0541 0.0541
BinVal : 12 5 0.9492 0.01712 0.01712
BinVal : 12 6 0.9876 0.006817 0.006817
BinVal : 12 7 0.9948 0.003445 0.003445
BinVal : 12 8 0.9972 0.001554 0.001554
BinVal : 12 9 1 0.004785 0.004785
BinVal : 12 10 1 0.02173 0.02173
BinVal : 12 11 1 0.0454 0.0454
BinVal : 12 12 1 0.0454 0.0454
BinVal : 13 0 0 0 0
BinVal : 13 1 0 0 0
BinVal : 13 2 0 0 0
BinVal : 13 3 0.4 0.1025 0.1025
BinVal : 13 4 0.75 0.05342 0.05342
BinVal : 13 5 0.9491 0.01541 0.01541
BinVal : 13 6 0.9805 0.007737 0.007737
BinVal : 13 7 0.9981 0.002733 0.002733
BinVal : 13 8 0.9946 0.002026 0.002026
BinVal : 13 9 1 0.004762 0.004762
BinVal : 13 10 1 0.01666 0.01666
BinVal : 13 11 1 0.03997 0.03997
BinVal : 13 12 1 0.05255 0.05255
BinVal : 14 0 0 0 0
BinVal : 14 1 0 0 0
BinVal : 14 2 0 0 0
BinVal : 14 3 0.35 0.1003 0.1003
BinVal : 14 4 0.8125 0.04859 0.04859
BinVal : 14 5 0.9251 0.01775 0.01775
BinVal : 14 6 0.9621 0.01021 0.01021
BinVal : 14 7 1 0.002045 0.002045
BinVal : 14 8 0.9922 0.002343 0.002343
BinVal : 14 9 0.9956 0.006082 0.006082
BinVal : 14 10 1 0.01562 0.01562
BinVal : 14 11 1 0.0454 0.0454
BinVal : 14 12 1 0.0665 0.0665
BinVal : 15 0 0 0 0
BinVal : 15 1 0 0 0
BinVal : 15 2 0 0 0
BinVal : 15 3 0.25 0.09286 0.09286
BinVal : 15 4 0.8475 0.04702 0.04702
BinVal : 15 5 0.8971 0.02147 0.02147
BinVal : 15 6 0.9354 0.0132 0.0132
BinVal : 15 7 0.9981 0.002631 0.002631
BinVal : 15 8 0.9934 0.002182 0.002182
BinVal : 15 9 0.9958 0.005905 0.005905
BinVal : 15 10 1 0.01754 0.01754
BinVal : 15 11 1 0.03997 0.03997
BinVal : 15 12 1 0.06236 0.06236
BinVal : 16 0 0 0 0
BinVal : 16 1 0 0 0
BinVal : 16 2 0 0 0
BinVal : 16 3 0.3793 0.08611 0.08611
BinVal : 16 4 0.7037 0.0609 0.0609
BinVal : 16 5 0.8542 0.02553 0.02553
BinVal : 16 6 0.9513 0.01176 0.01176
BinVal : 16 7 0.9934 0.003672 0.003672
BinVal : 16 8 0.9883 0.002889 0.002889
BinVal : 16 9 1 0.004219 0.004219
BinVal : 16 10 1 0.0196 0.0196
BinVal : 16 11 1 0.03997 0.03997
BinVal : 16 12 1 0.05255 0.05255
BinVal : 17 0 0 0 0
BinVal : 17 1 0 0 0
BinVal : 17 2 0 0 0
BinVal : 17 3 0.4138 0.08723 0.08723
BinVal : 17 4 0.6909 0.06104 0.06104
BinVal : 17 5 0.8333 0.02876 0.02876
BinVal : 17 6 0.978 0.008106 0.008106
BinVal : 17 7 0.9889 0.004423 0.004423
BinVal : 17 8 0.9846 0.00341 0.00341
BinVal : 17 9 0.9959 0.005668 0.005668
BinVal : 17 10 1 0.02173 0.02173
BinVal : 17 11 1 0.04993 0.04993
BinVal : 17 12 1 0.0665 0.0665
BinVal : 18 0 0 0 0
BinVal : 18 1 0 0 0
BinVal : 18 2 0 0 0
BinVal : 18 3 0.3333 0.09722 0.09722
BinVal : 18 4 0.8367 0.05287 0.05287
BinVal : 18 5 0.8355 0.03009 0.03009
BinVal : 18 6 0.9613 0.01082 0.01082
BinVal : 18 7 0.9816 0.006007 0.006007
BinVal : 18 8 0.9817 0.004045 0.004045
BinVal : 18 9 0.9952 0.006624 0.006624
BinVal : 18 10 1 0.02438 0.02438
BinVal : 18 11 1 0.07666 0.07666
BinVal : 18 12 1 0.1102 0.1102
BinVal : 19 0 0 0 0
BinVal : 19 1 0 0 0
BinVal : 19 2 0 0 0
BinVal : 19 3 0.4444 0.1437 0.1437
BinVal : 19 4 0.9 0.07156 0.07156
BinVal : 19 5 0.8375 0.0413 0.0413
BinVal : 19 6 0.9371 0.02097 0.02097
BinVal : 19 7 0.9737 0.0113 0.0113
BinVal : 19 8 0.9738 0.007385 0.007385
BinVal : 19 9 1 0.01163 0.01163
BinVal : 19 10 1 0.05255 0.05255
BinVal : 19 11 1 0.2357 0.2357
BinVal : 19 12 1 0.1936 0.1936
BinVal : 20 0 0 0 0
BinVal : 20 1 0 0 0
BinVal : 20 2 0 0 0
BinVal : 20 3 0 0 0
BinVal : 20 4 0 0 0
BinVal : 20 5 0 0 0
BinVal : 20 6 0 0 0
BinVal : 20 7 0 0 0
BinVal : 20 8 0 0 0
BinVal : 20 9 0 0 0
BinVal : 20 10 0 0 0
BinVal : 20 11 0 0 0
BinVal : 20 12 0 0 0
BinVal : 21 0 0 0 0
BinVal : 21 1 0 0 0
BinVal : 21 2 0 0 0
BinVal : 21 3 0 0 0
BinVal : 21 4 0 0 0
BinVal : 21 5 0 0 0
BinVal : 21 6 0 0 0
BinVal : 21 7 0 0 0
BinVal : 21 8 0 0 0
BinVal : 21 9 0 0 0
BinVal : 21 10 0 0 0
BinVal : 21 11 0 0 0
BinVal : 21 12 0 0 0
BinVal : 22 0 0 0 0
BinVal : 22 1 0 0 0
BinVal : 22 2 0 0 0
BinVal : 22 3 0.1304 0.0719 0.0719
BinVal : 22 4 0.8333 0.04394 0.04394
BinVal : 22 5 0.886 0.02304 0.02304
BinVal : 22 6 0.948 0.01386 0.01386
BinVal : 22 7 0.9945 0.004707 0.004707
BinVal : 22 8 0.9966 0.002961 0.002961
BinVal : 22 9 0.9873 0.01714 0.01714
BinVal : 22 10 1 0.05546 0.05546
BinVal : 22 11 1 0.1237 0.1237
BinVal : 22 12 1 0.2357 0.2357
BinVal : 23 0 0 0 0
BinVal : 23 1 0 0 0
BinVal : 23 2 0 0 0
BinVal : 23 3 0.2 0.07196 0.07196
BinVal : 23 4 0.7761 0.05044 0.05044
BinVal : 23 5 0.8742 0.02646 0.02646
BinVal : 23 6 0.922 0.01904 0.01904
BinVal : 23 7 0.9921 0.006739 0.006739
BinVal : 23 8 0.997 0.004215 0.004215
BinVal : 23 9 1 0.01695 0.01695
BinVal : 23 10 1 0.07122 0.07122
BinVal : 23 11 1 0.1633 0.1633
BinVal : 23 12 1 0.1633 0.1633
BinVal : 24 0 0 0 0
BinVal : 24 1 0 0 0
BinVal : 24 2 0 0 0
BinVal : 24 3 0.2333 0.07538 0.07538
BinVal : 24 4 0.8 0.05129 0.05129
BinVal : 24 5 0.8955 0.02676 0.02676
BinVal : 24 6 0.9012 0.02302 0.02302
BinVal : 24 7 0.9885 0.009729 0.009729
BinVal : 24 8 0.9954 0.006413 0.006413
BinVal : 24 9 1 0.03569 0.03569
BinVal : 24 10 1 0.1409 0.1409
BinVal : 24 11 1 0.1409 0.1409
BinVal : 24 12 1 0.1409 0.1409
BinVal : 25 0 0 0 0
BinVal : 25 1 0 0 0
BinVal : 25 2 0.01786 0.02375 0.02375
BinVal : 25 3 0.1892 0.06385 0.06385
BinVal : 25 4 0.7258 0.05577 0.05577
BinVal : 25 5 0.8915 0.02772 0.02772
BinVal : 25 6 0.9167 0.02254 0.02254
BinVal : 25 7 0.9906 0.01291 0.01291
BinVal : 25 8 0.98 0.01294 0.01294
BinVal : 25 9 1 0.05871 0.05871
BinVal : 25 10 1 0.1936 0.1936
BinVal : 25 11 1 0.1936 0.1936
BinVal : 25 12 1 0.2357 0.2357
BinVal : 26 0 0 0 0
BinVal : 26 1 0 0 0
BinVal : 26 2 0.02041 0.02692 0.02692
BinVal : 26 3 0.2051 0.06387 0.06387
BinVal : 26 4 0.6667 0.06839 0.06839
BinVal : 26 5 0.8252 0.03739 0.03739
BinVal : 26 6 0.907 0.03212 0.03212
BinVal : 26 7 0.9783 0.02855 0.02855
BinVal : 26 8 0.9381 0.02563 0.02563
BinVal : 26 9 1 0.08299 0.08299
BinVal : 26 10 1 0.2357 0.2357
BinVal : 26 11 1 0.2357 0.2357
BinVal : 26 12 1 0.2357 0.2357
BinVal : 27 0 0 0 0
BinVal : 27 1 0 0 0
BinVal : 27 2 0 0 0
BinVal : 27 3 0.2 0.09998 0.09998
BinVal : 27 4 0.7333 0.1074 0.1074
BinVal : 27 5 0.6818 0.06838 0.06838
BinVal : 27 6 0.8333 0.07585 0.07585
BinVal : 27 7 0.8462 0.1 0.1
BinVal : 27 8 0.9143 0.05037 0.05037
BinVal : 27 9 0.9143 0.05037 0.05037
BinVal : 27 10 0.9143 0.05037 0.05037
BinVal : 27 11 0.9143 0.05037 0.05037
BinVal : 27 12 0.9143 0.05037 0.05037
BinVal : 28 0 0 0 0
BinVal : 28 1 0 0 0
BinVal : 28 2 0 0 0
BinVal : 28 3 0 0 0
BinVal : 28 4 0.75 0.1782 0.1782
BinVal : 28 5 0.4286 0.1571 0.1571
BinVal : 28 6 0.6667 0.2 0.2
BinVal : 28 7 0.6667 0.2 0.2
BinVal : 28 8 0.6667 0.2 0.2
BinVal : 28 9 0.6667 0.2 0.2
BinVal : 28 10 0.6667 0.2 0.2
BinVal : 28 11 0.6667 0.2 0.2
BinVal : 28 12 0.6667 0.2 0.2
