D0NoteID : 0
EffName : CALONLY_v16
EffType : Binned
EffVarNames : DetEta pT
EffVersion : 6
ObjQuality : Point1
ObjType : Electron
ObjVersion : 1
TriggerVersion : v16
TriggerVersionHigh : 16.29
TriggerVersionLow : 16.00
BinEdgesX : -3.2 -2.8 -2.5 -2.3 -2.1 -1.9 -1.7 -1.5 -1.3 -1.1 -0.9 -0.7 -0.5 -0.3 -0.1 0.1 0.3 0.5 0.7 0.9 1.1 1.3 1.5 1.7 1.9 2.1 2.3 2.5 2.8 3.2
BinEdgesY : 0 10 15 20 22 25 30 35 40 50 60 70 80 1000
BinVal : 0 0 0 0 0
BinVal : 0 1 0 0 0
BinVal : 0 2 0 0 0
BinVal : 0 3 0.02326 0.03038 0.03038
BinVal : 0 4 0.0625 0.02588 0.02588
BinVal : 0 5 0.5803 0.02812 0.02812
BinVal : 0 6 0.688 0.02917 0.02917
BinVal : 0 7 0.7244 0.03555 0.03555
BinVal : 0 8 0.7222 0.03167 0.03167
BinVal : 0 9 0.9 0.1034 0.1034
BinVal : 0 10 1 0.2357 0.2357
BinVal : 0 11 1 0.2357 0.2357
BinVal : 0 12 1 0.2357 0.2357
BinVal : 1 0 0 0 0
BinVal : 1 1 0 0 0
BinVal : 1 2 0 0 0
BinVal : 1 3 0.01316 0.01778 0.01778
BinVal : 1 4 0.09091 0.02197 0.02197
BinVal : 1 5 0.6936 0.01994 0.01994
BinVal : 1 6 0.8267 0.01509 0.01509
BinVal : 1 7 0.8597 0.01757 0.01757
BinVal : 1 8 0.8649 0.01453 0.01453
BinVal : 1 9 0.9211 0.04685 0.04685
BinVal : 1 10 1 0.1936 0.1936
BinVal : 1 11 1 0.2357 0.2357
BinVal : 1 12 1 0.2357 0.2357
BinVal : 2 0 0 0 0
BinVal : 2 1 0 0 0
BinVal : 2 2 0 0 0
BinVal : 2 3 0 0 0
BinVal : 2 4 0.1 0.02041 0.02041
BinVal : 2 5 0.7721 0.01679 0.01679
BinVal : 2 6 0.9194 0.009266 0.009266
BinVal : 2 7 0.9408 0.009032 0.009032
BinVal : 2 8 0.9483 0.007398 0.007398
BinVal : 2 9 0.9516 0.03002 0.03002
BinVal : 2 10 1 0.07122 0.07122
BinVal : 2 11 1 0.1936 0.1936
BinVal : 2 12 1 0.1936 0.1936
BinVal : 3 0 0 0 0
BinVal : 3 1 0 0 0
BinVal : 3 2 0.00625 0.008649 0.008649
BinVal : 3 3 0.00625 0.008649 0.008649
BinVal : 3 4 0.1026 0.01849 0.01849
BinVal : 3 5 0.7941 0.01478 0.01478
BinVal : 3 6 0.9442 0.006917 0.006917
BinVal : 3 7 0.9501 0.006421 0.006421
BinVal : 3 8 0.9562 0.005224 0.005224
BinVal : 3 9 0.9423 0.01931 0.01931
BinVal : 3 10 1 0.03446 0.03446
BinVal : 3 11 1 0.1409 0.1409
BinVal : 3 12 1 0.2357 0.2357
BinVal : 4 0 0 0 0
BinVal : 4 1 0 0 0
BinVal : 4 2 0.004505 0.006271 0.006271
BinVal : 4 3 0.004505 0.006271 0.006271
BinVal : 4 4 0.1662 0.0196 0.0196
BinVal : 4 5 0.8193 0.01177 0.01177
BinVal : 4 6 0.9407 0.005982 0.005982
BinVal : 4 7 0.9503 0.004964 0.004964
BinVal : 4 8 0.9522 0.004039 0.004039
BinVal : 4 9 0.9567 0.01208 0.01208
BinVal : 4 10 1 0.02127 0.02127
BinVal : 4 11 1 0.05871 0.05871
BinVal : 4 12 1 0.09045 0.09045
BinVal : 5 0 0 0 0
BinVal : 5 1 0 0 0
BinVal : 5 2 0 0 0
BinVal : 5 3 0.03333 0.01306 0.01306
BinVal : 5 4 0.2797 0.02009 0.02009
BinVal : 5 5 0.87 0.008689 0.008689
BinVal : 5 6 0.957 0.004426 0.004426
BinVal : 5 7 0.9638 0.003467 0.003467
BinVal : 5 8 0.9646 0.002722 0.002722
BinVal : 5 9 0.9758 0.006832 0.006832
BinVal : 5 10 1 0.01099 0.01099
BinVal : 5 11 1 0.03123 0.03123
BinVal : 5 12 1 0.05255 0.05255
BinVal : 6 0 0 0 0
BinVal : 6 1 0 0 0
BinVal : 6 2 0 0 0
BinVal : 6 3 0.05691 0.0218 0.0218
BinVal : 6 4 0.344 0.02816 0.02816
BinVal : 6 5 0.9049 0.0102 0.0102
BinVal : 6 6 0.9707 0.004935 0.004935
BinVal : 6 7 0.9705 0.004102 0.004102
BinVal : 6 8 0.9716 0.00313 0.00313
BinVal : 6 9 0.9778 0.00815 0.00815
BinVal : 6 10 1 0.01587 0.01587
BinVal : 6 11 1 0.04756 0.04756
BinVal : 6 12 1 0.08299 0.08299
BinVal : 7 0 0 0 0
BinVal : 7 1 0 0 0
BinVal : 7 2 0 0 0
BinVal : 7 3 0 0 0
BinVal : 7 4 0 0 0
BinVal : 7 5 0 0 0
BinVal : 7 6 0 0 0
BinVal : 7 7 0 0 0
BinVal : 7 8 0 0 0
BinVal : 7 9 0 0 0
BinVal : 7 10 0 0 0
BinVal : 7 11 0 0 0
BinVal : 7 12 0 0 0
BinVal : 8 0 0 0 0
BinVal : 8 1 0 0 0
BinVal : 8 2 0 0 0
BinVal : 8 3 0 0 0
BinVal : 8 4 0 0 0
BinVal : 8 5 0 0 0
BinVal : 8 6 0 0 0
BinVal : 8 7 0 0 0
BinVal : 8 8 0 0 0
BinVal : 8 9 0 0 0
BinVal : 8 10 0 0 0
BinVal : 8 11 0 0 0
BinVal : 8 12 0 0 0
BinVal : 9 0 0 0 0
BinVal : 9 1 0 0 0
BinVal : 9 2 0 0 0
BinVal : 9 3 0 0 0
BinVal : 9 4 0.1084 0.01849 0.01849
BinVal : 9 5 0.8493 0.01263 0.01263
BinVal : 9 6 0.9432 0.004867 0.004867
BinVal : 9 7 0.9743 0.00246 0.00246
BinVal : 9 8 0.9841 0.00134 0.00134
BinVal : 9 9 0.9909 0.00259 0.00259
BinVal : 9 10 0.9963 0.005115 0.005115
BinVal : 9 11 1 0.01163 0.01163
BinVal : 9 12 1 0.0204 0.0204
BinVal : 10 0 0 0 0
BinVal : 10 1 0 0 0
BinVal : 10 2 0 0 0
BinVal : 10 3 0 0 0
BinVal : 10 4 0.08197 0.01446 0.01446
BinVal : 10 5 0.851 0.01158 0.01158
BinVal : 10 6 0.9599 0.003943 0.003943
BinVal : 10 7 0.9826 0.001879 0.001879
BinVal : 10 8 0.9872 0.001089 0.001089
BinVal : 10 9 0.9902 0.002418 0.002418
BinVal : 10 10 0.9971 0.004035 0.004035
BinVal : 10 11 1 0.0099 0.0099
BinVal : 10 12 1 0.01282 0.01282
BinVal : 11 0 0 0 0
BinVal : 11 1 0 0 0
BinVal : 11 2 0 0 0
BinVal : 11 3 0 0 0
BinVal : 11 4 0.07031 0.01318 0.01318
BinVal : 11 5 0.8388 0.01077 0.01077
BinVal : 11 6 0.9646 0.003768 0.003768
BinVal : 11 7 0.9809 0.001986 0.001986
BinVal : 11 8 0.9895 0.000978 0.000978
BinVal : 11 9 0.9907 0.002309 0.002309
BinVal : 11 10 1 0.002907 0.002907
BinVal : 11 11 1 0.009434 0.009434
BinVal : 11 12 1 0.01053 0.01053
BinVal : 12 0 0 0 0
BinVal : 12 1 0 0 0
BinVal : 12 2 0 0 0
BinVal : 12 3 0 0 0
BinVal : 12 4 0.07407 0.0136 0.0136
BinVal : 12 5 0.8514 0.009672 0.009672
BinVal : 12 6 0.969 0.003568 0.003568
BinVal : 12 7 0.9802 0.002115 0.002115
BinVal : 12 8 0.9907 0.0008988 0.0008988
BinVal : 12 9 0.9931 0.001985 0.001985
BinVal : 12 10 1 0.003067 0.003067
BinVal : 12 11 1 0.009615 0.009615
BinVal : 12 12 1 0.0119 0.0119
BinVal : 13 0 0 0 0
BinVal : 13 1 0 0 0
BinVal : 13 2 0 0 0
BinVal : 13 3 0 0 0
BinVal : 13 4 0.07778 0.01425 0.01425
BinVal : 13 5 0.8845 0.008546 0.008546
BinVal : 13 6 0.9755 0.003094 0.003094
BinVal : 13 7 0.9862 0.001865 0.001865
BinVal : 13 8 0.9923 0.0008039 0.0008039
BinVal : 13 9 0.9911 0.00227 0.00227
BinVal : 13 10 1 0.003096 0.003096
BinVal : 13 11 1 0.008403 0.008403
BinVal : 13 12 1 0.01333 0.01333
BinVal : 14 0 0 0 0
BinVal : 14 1 0 0 0
BinVal : 14 2 0 0 0
BinVal : 14 3 0 0 0
BinVal : 14 4 0.09836 0.01566 0.01566
BinVal : 14 5 0.892 0.008173 0.008173
BinVal : 14 6 0.9741 0.003147 0.003147
BinVal : 14 7 0.9857 0.001908 0.001908
BinVal : 14 8 0.9913 0.0008494 0.0008494
BinVal : 14 9 0.9914 0.002273 0.002273
BinVal : 14 10 1 0.002933 0.002933
BinVal : 14 11 1 0.007874 0.007874
BinVal : 14 12 1 0.01111 0.01111
BinVal : 15 0 0 0 0
BinVal : 15 1 0 0 0
BinVal : 15 2 0 0 0
BinVal : 15 3 0 0 0
BinVal : 15 4 0.126 0.01687 0.01687
BinVal : 15 5 0.8593 0.009135 0.009135
BinVal : 15 6 0.9703 0.003442 0.003442
BinVal : 15 7 0.9832 0.002003 0.002003
BinVal : 15 8 0.988 0.001006 0.001006
BinVal : 15 9 0.9912 0.002254 0.002254
BinVal : 15 10 0.997 0.00424 0.00424
BinVal : 15 11 1 0.008196 0.008196
BinVal : 15 12 1 0.01042 0.01042
BinVal : 16 0 0 0 0
BinVal : 16 1 0 0 0
BinVal : 16 2 0 0 0
BinVal : 16 3 0.008264 0.01136 0.01136
BinVal : 16 4 0.1247 0.01688 0.01688
BinVal : 16 5 0.8478 0.009962 0.009962
BinVal : 16 6 0.9683 0.003526 0.003526
BinVal : 16 7 0.9851 0.001764 0.001764
BinVal : 16 8 0.9859 0.001103 0.001103
BinVal : 16 9 0.9878 0.002568 0.002568
BinVal : 16 10 0.9968 0.004412 0.004412
BinVal : 16 11 1 0.008928 0.008928
BinVal : 16 12 1 0.01389 0.01389
BinVal : 17 0 0 0 0
BinVal : 17 1 0 0 0
BinVal : 17 2 0 0 0
BinVal : 17 3 0.007463 0.01028 0.01028
BinVal : 17 4 0.1062 0.01682 0.01682
BinVal : 17 5 0.8571 0.01066 0.01066
BinVal : 17 6 0.9639 0.003675 0.003675
BinVal : 17 7 0.9827 0.001822 0.001822
BinVal : 17 8 0.9871 0.001074 0.001074
BinVal : 17 9 0.9892 0.002465 0.002465
BinVal : 17 10 0.9969 0.004292 0.004292
BinVal : 17 11 1 0.009615 0.009615
BinVal : 17 12 1 0.01818 0.01818
BinVal : 18 0 0 0 0
BinVal : 18 1 0 0 0
BinVal : 18 2 0 0 0
BinVal : 18 3 0 0 0
BinVal : 18 4 0.117 0.01984 0.01984
BinVal : 18 5 0.8506 0.01165 0.01165
BinVal : 18 6 0.9556 0.004148 0.004148
BinVal : 18 7 0.9725 0.002466 0.002466
BinVal : 18 8 0.9825 0.00137 0.00137
BinVal : 18 9 0.99 0.002638 0.002638
BinVal : 18 10 0.9918 0.006984 0.006984
BinVal : 18 11 1 0.01205 0.01205
BinVal : 18 12 1 0.01724 0.01724
BinVal : 19 0 0 0 0
BinVal : 19 1 0 0 0
BinVal : 19 2 0 0 0
BinVal : 19 3 0 0 0
BinVal : 19 4 0.1698 0.03647 0.03647
BinVal : 19 5 0.8552 0.01676 0.01676
BinVal : 19 6 0.9496 0.006545 0.006545
BinVal : 19 7 0.9648 0.004254 0.004254
BinVal : 19 8 0.9747 0.002577 0.002577
BinVal : 19 9 0.9872 0.004739 0.004739
BinVal : 19 10 0.9888 0.01529 0.01529
BinVal : 19 11 1 0.03029 0.03029
BinVal : 19 12 1 0.03331 0.03331
BinVal : 20 0 0 0 0
BinVal : 20 1 0 0 0
BinVal : 20 2 0 0 0
BinVal : 20 3 0 0 0
BinVal : 20 4 0 0 0
BinVal : 20 5 0 0 0
BinVal : 20 6 0 0 0
BinVal : 20 7 0 0 0
BinVal : 20 8 0 0 0
BinVal : 20 9 0 0 0
BinVal : 20 10 0 0 0
BinVal : 20 11 0 0 0
BinVal : 20 12 0 0 0
BinVal : 21 0 0 0 0
BinVal : 21 1 0 0 0
BinVal : 21 2 0 0 0
BinVal : 21 3 0 0 0
BinVal : 21 4 0 0 0
BinVal : 21 5 0 0 0
BinVal : 21 6 0 0 0
BinVal : 21 7 0 0 0
BinVal : 21 8 0 0 0
BinVal : 21 9 0 0 0
BinVal : 21 10 0 0 0
BinVal : 21 11 0 0 0
BinVal : 21 12 0 0 0
BinVal : 22 0 0 0 0
BinVal : 22 1 0 0 0
BinVal : 22 2 0.008403 0.007157 0.007157
BinVal : 22 3 0.01639 0.01066 0.01066
BinVal : 22 4 0.3015 0.02087 0.02087
BinVal : 22 5 0.8797 0.008396 0.008396
BinVal : 22 6 0.9617 0.004144 0.004144
BinVal : 22 7 0.971 0.003191 0.003191
BinVal : 22 8 0.9709 0.002365 0.002365
BinVal : 22 9 0.9803 0.005596 0.005596
BinVal : 22 10 1 0.0101 0.0101
BinVal : 22 11 1 0.02777 0.02777
BinVal : 22 12 1 0.07122 0.07122
BinVal : 23 0 0 0 0
BinVal : 23 1 0 0 0
BinVal : 23 2 0 0 0
BinVal : 23 3 0.006623 0.009153 0.009153
BinVal : 23 4 0.1924 0.01982 0.01982
BinVal : 23 5 0.8322 0.01141 0.01141
BinVal : 23 6 0.9424 0.005886 0.005886
BinVal : 23 7 0.9586 0.004496 0.004496
BinVal : 23 8 0.9606 0.003538 0.003538
BinVal : 23 9 0.9794 0.007574 0.007574
BinVal : 23 10 1 0.01538 0.01538
BinVal : 23 11 1 0.07666 0.07666
BinVal : 23 12 1 0.1936 0.1936
BinVal : 24 0 0 0 0
BinVal : 24 1 0 0 0
BinVal : 24 2 0 0 0
BinVal : 24 3 0.008696 0.01193 0.01193
BinVal : 24 4 0.1276 0.01966 0.01966
BinVal : 24 5 0.7958 0.0138 0.0138
BinVal : 24 6 0.9311 0.007327 0.007327
BinVal : 24 7 0.9542 0.005865 0.005865
BinVal : 24 8 0.9582 0.00488 0.00488
BinVal : 24 9 0.983 0.01108 0.01108
BinVal : 24 10 1 0.0294 0.0294
BinVal : 24 11 1 0.1102 0.1102
BinVal : 24 12 1 0.1102 0.1102
BinVal : 25 0 0 0 0
BinVal : 25 1 0 0 0
BinVal : 25 2 0 0 0
BinVal : 25 3 0.01053 0.01435 0.01435
BinVal : 25 4 0.114 0.02118 0.02118
BinVal : 25 5 0.7748 0.01528 0.01528
BinVal : 25 6 0.9148 0.009079 0.009079
BinVal : 25 7 0.9348 0.008629 0.008629
BinVal : 25 8 0.959 0.005973 0.005973
BinVal : 25 9 0.9725 0.01761 0.01761
BinVal : 25 10 1 0.05871 0.05871
BinVal : 25 11 1 0.1633 0.1633
BinVal : 25 12 1 0.1633 0.1633
BinVal : 26 0 0 0 0
BinVal : 26 1 0 0 0
BinVal : 26 2 0 0 0
BinVal : 26 3 0 0.01087 0.01087
BinVal : 26 4 0.1048 0.02131 0.02131
BinVal : 26 5 0.6849 0.01832 0.01832
BinVal : 26 6 0.8455 0.01343 0.01343
BinVal : 26 7 0.8398 0.01663 0.01663
BinVal : 26 8 0.8802 0.01214 0.01214
BinVal : 26 9 0.9855 0.0195 0.0195
BinVal : 26 10 0.6667 0.1614 0.1614
BinVal : 26 11 0.6667 0.1614 0.1614
BinVal : 26 12 0.6667 0.1614 0.1614
BinVal : 27 0 0 0 0
BinVal : 27 1 0 0 0
BinVal : 27 2 0 0 0
BinVal : 27 3 0 0.01613 0.01613
BinVal : 27 4 0.1022 0.02622 0.02622
BinVal : 27 5 0.5467 0.02561 0.02561
BinVal : 27 6 0.7333 0.02278 0.02278
BinVal : 27 7 0.6741 0.03115 0.03115
BinVal : 27 8 0.701 0.02673 0.02673
BinVal : 27 9 1 0.04343 0.04343
BinVal : 27 10 0.3333 0.2 0.2
BinVal : 27 11 0.3333 0.2 0.2
BinVal : 27 12 0.3333 0.2 0.2
BinVal : 28 0 0 0 0
BinVal : 28 1 0 0 0
BinVal : 28 2 0 0 0
BinVal : 28 3 0 0 0
BinVal : 28 4 0.1034 0.05926 0.05926
BinVal : 28 5 0.3784 0.05536 0.05536
BinVal : 28 6 0.4697 0.06009 0.06009
BinVal : 28 7 0.5192 0.06737 0.06737
BinVal : 28 8 0.4565 0.07118 0.07118
BinVal : 28 9 1 0.2357 0.2357
BinVal : 28 10 1 0.2357 0.2357
BinVal : 28 11 1 0.2357 0.2357
BinVal : 28 12 1 0.2357 0.2357
 





