D0NoteID : 0
EffName : CALONLY_v16
EffType : Binned
EffVarNames : DetEta pT
EffVersion : 6
ObjQuality : Loose_trk
ObjType : Electron
ObjVersion : 2
BinEdgesX : -3.2 -2.8 -2.5 -2.3 -2.1 -1.9 -1.7 -1.5 -1.3 -1.1 -0.9 -0.7 -0.5 -0.3 -0.1 0.1 0.3 0.5 0.7 0.9 1.1 1.3 1.5 1.7 1.9 2.1 2.3 2.5 2.8 3.2
BinEdgesY : 0 10 15 20 22 25 30 35 40 50 60 70 80 1000
BinVal : 0 0 0 0 0
BinVal : 0 1 0 0 0
BinVal : 0 2 0 0 0
BinVal : 0 3 0 0 0
BinVal : 0 4 0.04225 0.02646 0.02646
BinVal : 0 5 0.5694 0.03401 0.03401
BinVal : 0 6 0.7135 0.03305 0.03305
BinVal : 0 7 0.7589 0.04014 0.04014
BinVal : 0 8 0.7174 0.03804 0.03804
BinVal : 0 9 0.8 0.1597 0.1597
BinVal : 0 10 1 0.2357 0.2357
BinVal : 0 11 1 0.2357 0.2357
BinVal : 0 12 1 0.2357 0.2357
BinVal : 1 0 0 0 0
BinVal : 1 1 0 0 0
BinVal : 1 2 0 0 0
BinVal : 1 3 0 0 0
BinVal : 1 4 0.08148 0.02406 0.02406
BinVal : 1 5 0.684 0.02252 0.02252
BinVal : 1 6 0.8282 0.01657 0.01657
BinVal : 1 7 0.8765 0.01834 0.01834
BinVal : 1 8 0.8661 0.01612 0.01612
BinVal : 1 9 0.9333 0.05074 0.05074
BinVal : 1 10 1 0.1936 0.1936
BinVal : 1 11 1 0.2357 0.2357
BinVal : 1 12 1 0.2357 0.2357
BinVal : 2 0 0 0 0
BinVal : 2 1 0 0 0
BinVal : 2 2 0 0 0
BinVal : 2 3 0 0 0
BinVal : 2 4 0.1105 0.02293 0.02293
BinVal : 2 5 0.7639 0.01794 0.01794
BinVal : 2 6 0.9124 0.01042 0.01042
BinVal : 2 7 0.9441 0.009408 0.009408
BinVal : 2 8 0.9444 0.008407 0.008407
BinVal : 2 9 0.9623 0.03035 0.03035
BinVal : 2 10 1 0.0665 0.0665
BinVal : 2 11 1 0.1936 0.1936
BinVal : 2 12 1 0.1936 0.1936
BinVal : 3 0 0 0 0
BinVal : 3 1 0 0 0
BinVal : 3 2 0.006849 0.009459 0.009459
BinVal : 3 3 0.006849 0.009459 0.009459
BinVal : 3 4 0.112 0.0197 0.0197
BinVal : 3 5 0.7899 0.01566 0.01566
BinVal : 3 6 0.9429 0.007589 0.007589
BinVal : 3 7 0.9511 0.006788 0.006788
BinVal : 3 8 0.9508 0.006024 0.006024
BinVal : 3 9 0.9481 0.01996 0.01996
BinVal : 3 10 1 0.03997 0.03997
BinVal : 3 11 1 0.1633 0.1633
BinVal : 3 12 1 0.1633 0.1633
BinVal : 4 0 0 0 0
BinVal : 4 1 0 0 0
BinVal : 4 2 0.005 0.006949 0.006949
BinVal : 4 3 0.005 0.006949 0.006949
BinVal : 4 4 0.1581 0.02013 0.02013
BinVal : 4 5 0.8049 0.01287 0.01287
BinVal : 4 6 0.94 0.006411 0.006411
BinVal : 4 7 0.9471 0.005476 0.005476
BinVal : 4 8 0.9498 0.004497 0.004497
BinVal : 4 9 0.9569 0.01314 0.01314
BinVal : 4 10 1 0.02631 0.02631
BinVal : 4 11 1 0.07122 0.07122
BinVal : 4 12 1 0.1409 0.1409
BinVal : 5 0 0 0 0
BinVal : 5 1 0 0 0
BinVal : 5 2 0.004717 0.006562 0.006562
BinVal : 5 3 0.03061 0.01309 0.01309
BinVal : 5 4 0.2657 0.02128 0.02128
BinVal : 5 5 0.8611 0.009561 0.009561
BinVal : 5 6 0.9561 0.004732 0.004732
BinVal : 5 7 0.9656 0.003641 0.003641
BinVal : 5 8 0.9637 0.002997 0.002997
BinVal : 5 9 0.9736 0.007785 0.007785
BinVal : 5 10 1 0.01282 0.01282
BinVal : 5 11 1 0.03569 0.03569
BinVal : 5 12 1 0.07122 0.07122
BinVal : 6 0 0 0 0
BinVal : 6 1 0 0 0
BinVal : 6 2 0.009901 0.01353 0.01353
BinVal : 6 3 0.05263 0.02201 0.02201
BinVal : 6 4 0.3292 0.02999 0.02999
BinVal : 6 5 0.9056 0.01093 0.01093
BinVal : 6 6 0.9688 0.005414 0.005414
BinVal : 6 7 0.9765 0.003971 0.003971
BinVal : 6 8 0.9705 0.003467 0.003467
BinVal : 6 9 0.9772 0.00902 0.00902
BinVal : 6 10 1 0.01852 0.01852
BinVal : 6 11 1 0.05255 0.05255
BinVal : 6 12 1 0.09938 0.09938
BinVal : 7 0 0 0 0
BinVal : 7 1 0 0 0
BinVal : 7 2 0 0 0
BinVal : 7 3 0 0 0
BinVal : 7 4 0 0 0
BinVal : 7 5 0 0 0
BinVal : 7 6 0 0 0
BinVal : 7 7 0 0 0
BinVal : 7 8 0 0 0
BinVal : 7 9 0 0 0
BinVal : 7 10 0 0 0
BinVal : 7 11 0 0 0
BinVal : 7 12 0 0 0
BinVal : 8 0 0 0 0
BinVal : 8 1 0 0 0
BinVal : 8 2 0 0 0
BinVal : 8 3 0 0 0
BinVal : 8 4 0 0 0
BinVal : 8 5 0 0 0
BinVal : 8 6 0 0 0
BinVal : 8 7 0 0 0
BinVal : 8 8 0 0 0
BinVal : 8 9 0 0 0
BinVal : 8 10 0 0 0
BinVal : 8 11 0 0 0
BinVal : 8 12 0 0 0
BinVal : 9 0 0 0 0
BinVal : 9 1 0 0 0
BinVal : 9 2 0 0 0
BinVal : 9 3 0.01562 0.01312 0.01312
BinVal : 9 4 0.1941 0.02266 0.02266
BinVal : 9 5 0.8677 0.01112 0.01112
BinVal : 9 6 0.9486 0.004511 0.004511
BinVal : 9 7 0.977 0.002334 0.002334
BinVal : 9 8 0.9867 0.00125 0.00125
BinVal : 9 9 0.9889 0.002927 0.002927
BinVal : 9 10 0.9962 0.005287 0.005287
BinVal : 9 11 1 0.01266 0.01266
BinVal : 9 12 1 0.0196 0.0196
BinVal : 10 0 0 0 0
BinVal : 10 1 0 0 0
BinVal : 10 2 0 0 0
BinVal : 10 3 0.007042 0.009719 0.009719
BinVal : 10 4 0.1547 0.01869 0.01869
BinVal : 10 5 0.8644 0.01062 0.01062
BinVal : 10 6 0.9661 0.003547 0.003547
BinVal : 10 7 0.9795 0.002016 0.002016
BinVal : 10 8 0.9888 0.00104 0.00104
BinVal : 10 9 0.9888 0.002607 0.002607
BinVal : 10 10 0.994 0.005139 0.005139
BinVal : 10 11 1 0.01099 0.01099
BinVal : 10 12 1 0.01299 0.01299
BinVal : 11 0 0 0 0
BinVal : 11 1 0 0 0
BinVal : 11 2 0 0 0
BinVal : 11 3 0.007463 0.01028 0.01028
BinVal : 11 4 0.1175 0.01615 0.01615
BinVal : 11 5 0.8598 0.009889 0.009889
BinVal : 11 6 0.9643 0.003695 0.003695
BinVal : 11 7 0.9795 0.002032 0.002032
BinVal : 11 8 0.9883 0.001047 0.001047
BinVal : 11 9 0.989 0.002572 0.002572
BinVal : 11 10 0.9939 0.005201 0.005201
BinVal : 11 11 1 0.009708 0.009708
BinVal : 11 12 1 0.01163 0.01163
BinVal : 12 0 0 0 0
BinVal : 12 1 0 0 0
BinVal : 12 2 0 0 0
BinVal : 12 3 0.007576 0.01044 0.01044
BinVal : 12 4 0.1214 0.01683 0.01683
BinVal : 12 5 0.8711 0.008923 0.008923
BinVal : 12 6 0.9621 0.003846 0.003846
BinVal : 12 7 0.9782 0.002184 0.002184
BinVal : 12 8 0.9889 0.0009943 0.0009943
BinVal : 12 9 0.9913 0.002309 0.002309
BinVal : 12 10 0.9968 0.00454 0.00454
BinVal : 12 11 1 0.009009 0.009009
BinVal : 12 12 1 0.01316 0.01316
BinVal : 13 0 0 0 0
BinVal : 13 1 0 0 0
BinVal : 13 2 0 0 0
BinVal : 13 3 0 0 0
BinVal : 13 4 0.1199 0.01763 0.01763
BinVal : 13 5 0.8936 0.008011 0.008011
BinVal : 13 6 0.9692 0.003432 0.003432
BinVal : 13 7 0.9818 0.002108 0.002108
BinVal : 13 8 0.9909 0.000877 0.000877
BinVal : 13 9 0.9887 0.002642 0.002642
BinVal : 13 10 0.9968 0.004482 0.004482
BinVal : 13 11 1 0.008928 0.008928
BinVal : 13 12 1 0.01428 0.01428
BinVal : 14 0 0 0 0
BinVal : 14 1 0 0 0
BinVal : 14 2 0 0 0
BinVal : 14 3 0 0 0
BinVal : 14 4 0.1417 0.01823 0.01823
BinVal : 14 5 0.9011 0.0077 0.0077
BinVal : 14 6 0.9668 0.003559 0.003559
BinVal : 14 7 0.9804 0.002192 0.002192
BinVal : 14 8 0.9896 0.0009384 0.0009384
BinVal : 14 9 0.9882 0.002746 0.002746
BinVal : 14 10 0.9969 0.004331 0.004331
BinVal : 14 11 1 0.009091 0.009091
BinVal : 14 12 1 0.01205 0.01205
BinVal : 15 0 0 0 0
BinVal : 15 1 0 0 0
BinVal : 15 2 0 0 0
BinVal : 15 3 0 0 0
BinVal : 15 4 0.16 0.01834 0.01834
BinVal : 15 5 0.8694 0.00866 0.00866
BinVal : 15 6 0.9653 0.003713 0.003713
BinVal : 15 7 0.9793 0.002175 0.002175
BinVal : 15 8 0.9857 0.001109 0.001109
BinVal : 15 9 0.9906 0.002418 0.002418
BinVal : 15 10 1 0.003155 0.003155
BinVal : 15 11 1 0.009523 0.009523
BinVal : 15 12 1 0.01087 0.01087
BinVal : 16 0 0 0 0
BinVal : 16 1 0 0 0
BinVal : 16 2 0 0 0
BinVal : 16 3 0.01493 0.01255 0.01255
BinVal : 16 4 0.1663 0.01855 0.01855
BinVal : 16 5 0.8556 0.009425 0.009425
BinVal : 16 6 0.9627 0.003807 0.003807
BinVal : 16 7 0.9813 0.001937 0.001937
BinVal : 16 8 0.9841 0.001183 0.001183
BinVal : 16 9 0.9891 0.002546 0.002546
BinVal : 16 10 0.9967 0.004629 0.004629
BinVal : 16 11 1 0.01031 0.01031
BinVal : 16 12 1 0.01351 0.01351
BinVal : 17 0 0 0 0
BinVal : 17 1 0 0 0
BinVal : 17 2 0.005495 0.007623 0.007623
BinVal : 17 3 0.03247 0.01535 0.01535
BinVal : 17 4 0.1524 0.0186 0.0186
BinVal : 17 5 0.87 0.009845 0.009845
BinVal : 17 6 0.9574 0.003947 0.003947
BinVal : 17 7 0.9808 0.001909 0.001909
BinVal : 17 8 0.9875 0.001075 0.001075
BinVal : 17 9 0.9919 0.002241 0.002241
BinVal : 17 10 0.9967 0.004555 0.004555
BinVal : 17 11 1 0.0099 0.0099
BinVal : 17 12 1 0.01666 0.01666
BinVal : 18 0 0 0 0
BinVal : 18 1 0 0 0
BinVal : 18 2 0.005814 0.008058 0.008058
BinVal : 18 3 0.02098 0.01355 0.01355
BinVal : 18 4 0.1615 0.02159 0.02159
BinVal : 18 5 0.8656 0.01057 0.01057
BinVal : 18 6 0.9515 0.004281 0.004281
BinVal : 18 7 0.9738 0.002413 0.002413
BinVal : 18 8 0.9834 0.001351 0.001351
BinVal : 18 9 0.9912 0.002522 0.002522
BinVal : 18 10 0.996 0.005535 0.005535
BinVal : 18 11 1 0.01176 0.01176
BinVal : 18 12 1 0.01754 0.01754
BinVal : 19 0 0 0 0
BinVal : 19 1 0 0 0
BinVal : 19 2 0 0 0
BinVal : 19 3 0 0 0
BinVal : 19 4 0.2202 0.03947 0.03947
BinVal : 19 5 0.86 0.01565 0.01565
BinVal : 19 6 0.9469 0.006651 0.006651
BinVal : 19 7 0.9654 0.004241 0.004241
BinVal : 19 8 0.9743 0.002586 0.002586
BinVal : 19 9 0.9859 0.004891 0.004891
BinVal : 19 10 0.9903 0.01328 0.01328
BinVal : 19 11 1 0.03029 0.03029
BinVal : 19 12 1 0.03701 0.03701
BinVal : 20 0 0 0 0
BinVal : 20 1 0 0 0
BinVal : 20 2 0 0 0
BinVal : 20 3 0 0 0
BinVal : 20 4 0 0 0
BinVal : 20 5 0 0 0
BinVal : 20 6 0 0 0
BinVal : 20 7 0 0 0
BinVal : 20 8 0 0 0
BinVal : 20 9 0 0 0
BinVal : 20 10 0 0 0
BinVal : 20 11 0 0 0
BinVal : 20 12 0 0 0
BinVal : 21 0 0 0 0
BinVal : 21 1 0 0 0
BinVal : 21 2 0 0 0
BinVal : 21 3 0 0 0
BinVal : 21 4 0 0 0
BinVal : 21 5 0 0 0
BinVal : 21 6 0 0 0
BinVal : 21 7 0 0 0
BinVal : 21 8 0 0 0
BinVal : 21 9 0 0 0
BinVal : 21 10 0 0 0
BinVal : 21 11 0 0 0
BinVal : 21 12 0 0 0
BinVal : 22 0 0 0 0
BinVal : 22 1 0 0 0
BinVal : 22 2 0.004149 0.005784 0.005784
BinVal : 22 3 0.01087 0.009212 0.009212
BinVal : 22 4 0.3023 0.02184 0.02184
BinVal : 22 5 0.8802 0.008923 0.008923
BinVal : 22 6 0.9595 0.004546 0.004546
BinVal : 22 7 0.968 0.00358 0.00358
BinVal : 22 8 0.9698 0.002593 0.002593
BinVal : 22 9 0.9807 0.005977 0.005977
BinVal : 22 10 1 0.01149 0.01149
BinVal : 22 11 1 0.03331 0.03331
BinVal : 22 12 1 0.09045 0.09045
BinVal : 23 0 0 0 0
BinVal : 23 1 0 0 0
BinVal : 23 2 0 0 0
BinVal : 23 3 0.006494 0.008978 0.008978
BinVal : 23 4 0.2033 0.02093 0.02093
BinVal : 23 5 0.837 0.01191 0.01191
BinVal : 23 6 0.9422 0.006299 0.006299
BinVal : 23 7 0.9554 0.004993 0.004993
BinVal : 23 8 0.9606 0.003797 0.003797
BinVal : 23 9 0.9824 0.007623 0.007623
BinVal : 23 10 1 0.01785 0.01785
BinVal : 23 11 1 0.1102 0.1102
BinVal : 23 12 1 0.2357 0.2357
BinVal : 24 0 0 0 0
BinVal : 24 1 0 0 0
BinVal : 24 2 0 0 0
BinVal : 24 3 0.008929 0.01224 0.01224
BinVal : 24 4 0.1412 0.02156 0.02156
BinVal : 24 5 0.791 0.01478 0.01478
BinVal : 24 6 0.9329 0.007781 0.007781
BinVal : 24 7 0.9511 0.006476 0.006476
BinVal : 24 8 0.9579 0.005227 0.005227
BinVal : 24 9 0.9877 0.01043 0.01043
BinVal : 24 10 1 0.03331 0.03331
BinVal : 24 11 1 0.1409 0.1409
BinVal : 24 12 1 0.1409 0.1409
BinVal : 25 0 0 0 0
BinVal : 25 1 0 0 0
BinVal : 25 2 0 0 0
BinVal : 25 3 0.01053 0.01435 0.01435
BinVal : 25 4 0.1045 0.02176 0.02176
BinVal : 25 5 0.7561 0.0168 0.0168
BinVal : 25 6 0.9074 0.01014 0.01014
BinVal : 25 7 0.9341 0.009352 0.009352
BinVal : 25 8 0.9527 0.006863 0.006863
BinVal : 25 9 0.9792 0.01731 0.01731
BinVal : 25 10 1 0.06236 0.06236
BinVal : 25 11 1 0.1633 0.1633
BinVal : 25 12 1 0.1633 0.1633
BinVal : 26 0 0 0 0
BinVal : 26 1 0 0 0
BinVal : 26 2 0 0 0
BinVal : 26 3 0 0.01234 0.01234
BinVal : 26 4 0.1011 0.02284 0.02284
BinVal : 26 5 0.6604 0.02046 0.02046
BinVal : 26 6 0.8397 0.01492 0.01492
BinVal : 26 7 0.854 0.01759 0.01759
BinVal : 26 8 0.8898 0.01292 0.01292
BinVal : 26 9 0.9615 0.03089 0.03089
BinVal : 26 10 0.6667 0.1614 0.1614
BinVal : 26 11 0.6667 0.1614 0.1614
BinVal : 26 12 0.6667 0.1614 0.1614
BinVal : 27 0 0 0 0
BinVal : 27 1 0 0 0
BinVal : 27 2 0 0 0
BinVal : 27 3 0 0.02222 0.02222
BinVal : 27 4 0.1333 0.03341 0.03341
BinVal : 27 5 0.5245 0.02938 0.02938
BinVal : 27 6 0.7409 0.02638 0.02638
BinVal : 27 7 0.6957 0.03601 0.03601
BinVal : 27 8 0.726 0.03078 0.03078
BinVal : 27 9 0.9091 0.09643 0.09643
BinVal : 27 10 0.3333 0.2 0.2
BinVal : 27 11 0.3333 0.2 0.2
BinVal : 27 12 0.3333 0.2 0.2
BinVal : 28 0 0 0 0
BinVal : 28 1 0 0 0
BinVal : 28 2 0 0 0
BinVal : 28 3 0 0 0
BinVal : 28 4 0.1667 0.08729 0.08729
BinVal : 28 5 0.2979 0.06518 0.06518
BinVal : 28 6 0.4857 0.08108 0.08108
BinVal : 28 7 0.4643 0.0896 0.0896
BinVal : 28 8 0.4231 0.0919 0.0919
BinVal : 28 9 0.4231 0.0919 0.0919
BinVal : 28 10 0.4231 0.0919 0.0919
BinVal : 28 11 0.4231 0.0919 0.0919
BinVal : 28 12 0.4231 0.0919 0.0919
