D0NoteID : 0
EffName : CALONLY_v13
EffType : Binned
EffVarNames : DetEta pT
EffVersion : 6
ObjQuality : MLoose2
ObjType : Electron
ObjVersion : 12
BinEdgesX : -3.2 -2.8 -2.5 -2.3 -2.1 -1.9 -1.7 -1.5 -1.3 -1.1 -0.9 -0.7 -0.5 -0.3 -0.1 0.1 0.3 0.5 0.7 0.9 1.1 1.3 1.5 1.7 1.9 2.1 2.3 2.5 2.8 3.2
BinEdgesY : 0 10 15 20 22 25 30 35 40 50 60 70 80 1000
BinVal : 0 0 0 0 0
BinVal : 0 1 0 0 0
BinVal : 0 2 0 0 0
BinVal : 0 3 0.1429 0.1315 0.1315
BinVal : 0 4 0.1818 0.1126 0.1126
BinVal : 0 5 0.4667 0.08687 0.08687
BinVal : 0 6 0.5789 0.1055 0.1055
BinVal : 0 7 0.7692 0.1106 0.1106
BinVal : 0 8 0.9545 0.05528 0.05528
BinVal : 0 9 1 0.2357 0.2357
BinVal : 0 10 1 0.2357 0.2357
BinVal : 0 11 1 0.2357 0.2357
BinVal : 0 12 1 0.2357 0.2357
BinVal : 1 0 0 0 0
BinVal : 1 1 0 0 0
BinVal : 1 2 0 0 0
BinVal : 1 3 0.1 0.1034 0.1034
BinVal : 1 4 0.3333 0.1389 0.1389
BinVal : 1 5 0.45 0.0759 0.0759
BinVal : 1 6 0.5625 0.08393 0.08393
BinVal : 1 7 1 0.03997 0.03997
BinVal : 1 8 1 0.02173 0.02173
BinVal : 1 9 1 0.2357 0.2357
BinVal : 1 10 1 0.2357 0.2357
BinVal : 1 11 1 0.2357 0.2357
BinVal : 1 12 1 0.2357 0.2357
BinVal : 2 0 0 0 0
BinVal : 2 1 0 0 0
BinVal : 2 2 0.08333 0.09035 0.09035
BinVal : 2 3 0.1111 0.1113 0.1113
BinVal : 2 4 0.5833 0.1278 0.1278
BinVal : 2 5 0.5526 0.0777 0.0777
BinVal : 2 6 0.7027 0.07298 0.07298
BinVal : 2 7 1 0.03029 0.03029
BinVal : 2 8 1 0.02127 0.02127
BinVal : 2 9 1 0.1936 0.1936
BinVal : 2 10 1 0.1936 0.1936
BinVal : 2 11 1 0.1936 0.1936
BinVal : 2 12 1 0.2357 0.2357
BinVal : 3 0 0 0 0
BinVal : 3 1 0 0 0
BinVal : 3 2 0.07143 0.08021 0.08021
BinVal : 3 3 0.2727 0.1234 0.1234
BinVal : 3 4 0.6875 0.1081 0.1081
BinVal : 3 5 0.5778 0.07136 0.07136
BinVal : 3 6 0.8679 0.04711 0.04711
BinVal : 3 7 0.9512 0.03841 0.03841
BinVal : 3 8 1 0.01785 0.01785
BinVal : 3 9 1 0.08299 0.08299
BinVal : 3 10 1 0.2357 0.2357
BinVal : 3 11 1 0.2357 0.2357
BinVal : 3 12 1 0.2357 0.2357
BinVal : 4 0 0 0 0
BinVal : 4 1 0 0 0
BinVal : 4 2 0 0 0
BinVal : 4 3 0.1667 0.1059 0.1059
BinVal : 4 4 0.4 0.1025 0.1025
BinVal : 4 5 0.5526 0.0777 0.0777
BinVal : 4 6 0.8793 0.04352 0.04352
BinVal : 4 7 0.9726 0.02248 0.02248
BinVal : 4 8 1 0.0101 0.0101
BinVal : 4 9 1 0.04343 0.04343
BinVal : 4 10 1 0.2357 0.2357
BinVal : 4 11 1 0.2357 0.2357
BinVal : 4 12 1 0.2357 0.2357
BinVal : 5 0 0 0 0
BinVal : 5 1 0 0 0
BinVal : 5 2 0 0 0
BinVal : 5 3 0.1111 0.1113 0.1113
BinVal : 5 4 0.2632 0.09631 0.09631
BinVal : 5 5 0.6 0.07965 0.07965
BinVal : 5 6 0.9077 0.03709 0.03709
BinVal : 5 7 1 0.009708 0.009708
BinVal : 5 8 1 0.006579 0.006579
BinVal : 5 9 1 0.0454 0.0454
BinVal : 5 10 1 0.1409 0.1409
BinVal : 5 11 1 0.1409 0.1409
BinVal : 5 12 1 0.1409 0.1409
BinVal : 6 0 0 0 0
BinVal : 6 1 0 0 0
BinVal : 6 2 0 0 0
BinVal : 6 3 0.25 0.1782 0.1782
BinVal : 6 4 0.3333 0.1614 0.1614
BinVal : 6 5 0.6 0.1025 0.1025
BinVal : 6 6 0.9459 0.04213 0.04213
BinVal : 6 7 1 0.01754 0.01754
BinVal : 6 8 1 0.01136 0.01136
BinVal : 6 9 1 0.1102 0.1102
BinVal : 6 10 1 0.1409 0.1409
BinVal : 6 11 1 0.1409 0.1409
BinVal : 6 12 1 0.1409 0.1409
BinVal : 7 0 0 0 0
BinVal : 7 1 0 0 0
BinVal : 7 2 0 0 0
BinVal : 7 3 0 0 0
BinVal : 7 4 0 0 0
BinVal : 7 5 0 0 0
BinVal : 7 6 0 0 0
BinVal : 7 7 0 0 0
BinVal : 7 8 0 0 0
BinVal : 7 9 0 0 0
BinVal : 7 10 0 0 0
BinVal : 7 11 0 0 0
BinVal : 7 12 0 0 0
BinVal : 8 0 0 0 0
BinVal : 8 1 0 0 0
BinVal : 8 2 0 0 0
BinVal : 8 3 0 0 0
BinVal : 8 4 0 0 0
BinVal : 8 5 0 0 0
BinVal : 8 6 0 0 0
BinVal : 8 7 0 0 0
BinVal : 8 8 0 0 0
BinVal : 8 9 0 0 0
BinVal : 8 10 0 0 0
BinVal : 8 11 0 0 0
BinVal : 8 12 0 0 0
BinVal : 9 0 0 0 0
BinVal : 9 1 0 0 0
BinVal : 9 2 0 0 0
BinVal : 9 3 0 0 0
BinVal : 9 4 1 0.1237 0.1237
BinVal : 9 5 0.6818 0.09428 0.09428
BinVal : 9 6 0.8108 0.06385 0.06385
BinVal : 9 7 0.9798 0.01681 0.01681
BinVal : 9 8 0.988 0.01013 0.01013
BinVal : 9 9 1 0.04343 0.04343
BinVal : 9 10 1 0.09938 0.09938
BinVal : 9 11 1 0.1936 0.1936
BinVal : 9 12 1 0.2357 0.2357
BinVal : 10 0 0 0 0
BinVal : 10 1 0 0 0
BinVal : 10 2 0 0 0
BinVal : 10 3 0.3333 0.2 0.2
BinVal : 10 4 0.8889 0.1113 0.1113
BinVal : 10 5 0.6296 0.08859 0.08859
BinVal : 10 6 0.9024 0.04833 0.04833
BinVal : 10 7 0.9806 0.01618 0.01618
BinVal : 10 8 1 0.004695 0.004695
BinVal : 10 9 1 0.02777 0.02777
BinVal : 10 10 1 0.08299 0.08299
BinVal : 10 11 1 0.1936 0.1936
BinVal : 10 12 1 0.2357 0.2357
BinVal : 11 0 0 0 0
BinVal : 11 1 0 0 0
BinVal : 11 2 0 0 0
BinVal : 11 3 0.1429 0.1315 0.1315
BinVal : 11 4 0.6 0.1367 0.1367
BinVal : 11 5 0.6154 0.09069 0.09069
BinVal : 11 6 0.975 0.03248 0.03248
BinVal : 11 7 0.9813 0.0156 0.0156
BinVal : 11 8 1 0.004608 0.004608
BinVal : 11 9 1 0.0238 0.0238
BinVal : 11 10 1 0.09045 0.09045
BinVal : 11 11 1 0.1936 0.1936
BinVal : 11 12 1 0.1936 0.1936
BinVal : 12 0 0 0 0
BinVal : 12 1 0 0 0
BinVal : 12 2 0 0 0
BinVal : 12 3 0 0 0
BinVal : 12 4 0.5455 0.1332 0.1332
BinVal : 12 5 0.625 0.08214 0.08214
BinVal : 12 6 0.814 0.05898 0.05898
BinVal : 12 7 1 0.009009 0.009009
BinVal : 12 8 1 0.004149 0.004149
BinVal : 12 9 1 0.02222 0.02222
BinVal : 12 10 1 0.07666 0.07666
BinVal : 12 11 1 0.1936 0.1936
BinVal : 12 12 1 0.2357 0.2357
BinVal : 13 0 0 0 0
BinVal : 13 1 0 0 0
BinVal : 13 2 0 0 0
BinVal : 13 3 0 0 0
BinVal : 13 4 0.6667 0.1237 0.1237
BinVal : 13 5 0.6829 0.07064 0.07064
BinVal : 13 6 0.7647 0.05855 0.05855
BinVal : 13 7 1 0.01042 0.01042
BinVal : 13 8 0.9959 0.005737 0.005737
BinVal : 13 9 1 0.02563 0.02563
BinVal : 13 10 1 0.08299 0.08299
BinVal : 13 11 1 0.2357 0.2357
BinVal : 13 12 1 0.1633 0.1633
BinVal : 14 0 0 0 0
BinVal : 14 1 0 0 0
BinVal : 14 2 0 0 0
BinVal : 14 3 0 0 0
BinVal : 14 4 0.6 0.1367 0.1367
BinVal : 14 5 0.7222 0.07262 0.07262
BinVal : 14 6 0.7458 0.05587 0.05587
BinVal : 14 7 1 0.0102 0.0102
BinVal : 14 8 0.9915 0.007277 0.007277
BinVal : 14 9 1 0.02563 0.02563
BinVal : 14 10 1 0.1102 0.1102
BinVal : 14 11 1 0.2357 0.2357
BinVal : 14 12 1 0.1409 0.1409
BinVal : 15 0 0 0 0
BinVal : 15 1 0 0 0
BinVal : 15 2 0 0 0
BinVal : 15 3 0 0 0
BinVal : 15 4 0.625 0.1477 0.1477
BinVal : 15 5 0.6538 0.08898 0.08898
BinVal : 15 6 0.7368 0.05739 0.05739
BinVal : 15 7 1 0.0099 0.0099
BinVal : 15 8 0.9956 0.006189 0.006189
BinVal : 15 9 1 0.02631 0.02631
BinVal : 15 10 1 0.1633 0.1633
BinVal : 15 11 1 0.1936 0.1936
BinVal : 15 12 1 0.1409 0.1409
BinVal : 16 0 0 0 0
BinVal : 16 1 0 0 0
BinVal : 16 2 0 0 0
BinVal : 16 3 0 0 0
BinVal : 16 4 0.7143 0.1491 0.1491
BinVal : 16 5 0.4828 0.08834 0.08834
BinVal : 16 6 0.8545 0.04788 0.04788
BinVal : 16 7 0.9899 0.01379 0.01379
BinVal : 16 8 1 0.004831 0.004831
BinVal : 16 9 1 0.03331 0.03331
BinVal : 16 10 1 0.1633 0.1633
BinVal : 16 11 1 0.1936 0.1936
BinVal : 16 12 1 0.1633 0.1633
BinVal : 17 0 0 0 0
BinVal : 17 1 0 0 0
BinVal : 17 2 0 0 0
BinVal : 17 3 0 0 0
BinVal : 17 4 0.75 0.1782 0.1782
BinVal : 17 5 0.3704 0.08859 0.08859
BinVal : 17 6 0.9231 0.03908 0.03908
BinVal : 17 7 0.9906 0.01291 0.01291
BinVal : 17 8 0.9947 0.007308 0.007308
BinVal : 17 9 1 0.02856 0.02856
BinVal : 17 10 1 0.1102 0.1102
BinVal : 17 11 1 0.2357 0.2357
BinVal : 17 12 1 0.1936 0.1936
BinVal : 18 0 0 0 0
BinVal : 18 1 0 0 0
BinVal : 18 2 0 0 0
BinVal : 18 3 0 0 0
BinVal : 18 4 0.5 0.189 0.189
BinVal : 18 5 0.4 0.116 0.116
BinVal : 18 6 0.8919 0.05286 0.05286
BinVal : 18 7 1 0.01031 0.01031
BinVal : 18 8 0.9871 0.01089 0.01089
BinVal : 18 9 1 0.03446 0.03446
BinVal : 18 10 1 0.1237 0.1237
BinVal : 18 11 1 0.2357 0.2357
BinVal : 18 12 1 0.2357 0.2357
BinVal : 19 0 0 0 0
BinVal : 19 1 0 0 0
BinVal : 19 2 0 0 0
BinVal : 19 3 0 0 0
BinVal : 19 4 0.3333 0.2 0.2
BinVal : 19 5 0.75 0.1782 0.1782
BinVal : 19 6 0.7692 0.1106 0.1106
BinVal : 19 7 1 0.02127 0.02127
BinVal : 19 8 0.9859 0.01898 0.01898
BinVal : 19 9 1 0.09045 0.09045
BinVal : 19 10 1 0.2357 0.2357
BinVal : 19 11 1 0.2357 0.2357
BinVal : 19 12 1 0.2357 0.2357
BinVal : 20 0 0 0 0
BinVal : 20 1 0 0 0
BinVal : 20 2 0 0 0
BinVal : 20 3 0 0 0
BinVal : 20 4 0 0 0
BinVal : 20 5 0 0 0
BinVal : 20 6 0 0 0
BinVal : 20 7 0 0 0
BinVal : 20 8 0 0 0
BinVal : 20 9 0 0 0
BinVal : 20 10 0 0 0
BinVal : 20 11 0 0 0
BinVal : 20 12 0 0 0
BinVal : 21 0 0 0 0
BinVal : 21 1 0 0 0
BinVal : 21 2 0 0 0
BinVal : 21 3 0 0 0
BinVal : 21 4 0 0 0
BinVal : 21 5 0 0 0
BinVal : 21 6 0 0 0
BinVal : 21 7 0 0 0
BinVal : 21 8 0 0 0
BinVal : 21 9 0 0 0
BinVal : 21 10 0 0 0
BinVal : 21 11 0 0 0
BinVal : 21 12 0 0 0
BinVal : 22 0 0 0 0
BinVal : 22 1 0 0 0
BinVal : 22 2 0 0 0
BinVal : 22 3 0.1429 0.1315 0.1315
BinVal : 22 4 0.375 0.1118 0.1118
BinVal : 22 5 0.5357 0.06494 0.06494
BinVal : 22 6 0.8125 0.05601 0.05601
BinVal : 22 7 0.9884 0.0158 0.0158
BinVal : 22 8 1 0.007576 0.007576
BinVal : 22 9 1 0.07122 0.07122
BinVal : 22 10 1 0.07122 0.07122
BinVal : 22 11 1 0.07122 0.07122
BinVal : 22 12 1 0.2357 0.2357
BinVal : 23 0 0 0 0
BinVal : 23 1 0 0 0
BinVal : 23 2 0 0 0
BinVal : 23 3 0.375 0.1477 0.1477
BinVal : 23 4 0.4 0.1025 0.1025
BinVal : 23 5 0.5263 0.06447 0.06447
BinVal : 23 6 0.8182 0.05182 0.05182
BinVal : 23 7 0.9868 0.01778 0.01778
BinVal : 23 8 1 0.01099 0.01099
BinVal : 23 9 1 0.09938 0.09938
BinVal : 23 10 1 0.2357 0.2357
BinVal : 23 11 1 0.2357 0.2357
BinVal : 23 12 1 0.2357 0.2357
BinVal : 24 0 0 0 0
BinVal : 24 1 0 0 0
BinVal : 24 2 0 0 0
BinVal : 24 3 0.4 0.175 0.175
BinVal : 24 4 0.4615 0.1247 0.1247
BinVal : 24 5 0.56 0.06822 0.06822
BinVal : 24 6 0.8163 0.05506 0.05506
BinVal : 24 7 0.9821 0.02375 0.02375
BinVal : 24 8 1 0.01316 0.01316
BinVal : 24 9 1 0.09045 0.09045
BinVal : 24 10 1 0.2357 0.2357
BinVal : 24 11 1 0.2357 0.2357
BinVal : 24 12 1 0.2357 0.2357
BinVal : 25 0 0 0 0
BinVal : 25 1 0 0 0
BinVal : 25 2 0 0 0
BinVal : 25 3 0 0 0
BinVal : 25 4 0.5 0.1291 0.1291
BinVal : 25 5 0.6061 0.08165 0.08165
BinVal : 25 6 0.7333 0.06456 0.06456
BinVal : 25 7 0.9697 0.03869 0.03869
BinVal : 25 8 1 0.0196 0.0196
BinVal : 25 9 0.8333 0.1443 0.1443
BinVal : 25 10 0.8333 0.1443 0.1443
BinVal : 25 11 0.8333 0.1443 0.1443
BinVal : 25 12 0.8333 0.1443 0.1443
BinVal : 26 0 0 0 0
BinVal : 26 1 0 0 0
BinVal : 26 2 0 0 0
BinVal : 26 3 0.1111 0.1113 0.1113
BinVal : 26 4 0.3889 0.1069 0.1069
BinVal : 26 5 0.6 0.07965 0.07965
BinVal : 26 6 0.725 0.06889 0.06889
BinVal : 26 7 0.9583 0.05128 0.05128
BinVal : 26 8 0.9583 0.05128 0.05128
BinVal : 26 9 0.75 0.1782 0.1782
BinVal : 26 10 0.75 0.1782 0.1782
BinVal : 26 11 0.75 0.1782 0.1782
BinVal : 26 12 0.75 0.1782 0.1782
BinVal : 27 0 0 0 0
BinVal : 27 1 0 0 0
BinVal : 27 2 0 0 0
BinVal : 27 3 0.1667 0.1443 0.1443
BinVal : 27 4 0.1667 0.1059 0.1059
BinVal : 27 5 0.4688 0.08437 0.08437
BinVal : 27 6 0.6667 0.1041 0.1041
BinVal : 27 7 1 0.05871 0.05871
BinVal : 27 8 0.9286 0.08021 0.08021
BinVal : 27 9 0.9286 0.08021 0.08021
BinVal : 27 10 0.9286 0.08021 0.08021
BinVal : 27 11 0.9286 0.08021 0.08021
BinVal : 27 12 0.9286 0.08021 0.08021
BinVal : 28 0 0 0 0
BinVal : 28 1 0 0 0
BinVal : 28 2 0 0 0
BinVal : 28 3 0 0 0
BinVal : 28 4 0 0 0
BinVal : 28 5 0.25 0.1382 0.1382
BinVal : 28 6 0.3333 0.2 0.2
BinVal : 28 7 1 0.2357 0.2357
BinVal : 28 8 1 0.1936 0.1936
BinVal : 28 9 1 0.1936 0.1936
BinVal : 28 10 1 0.1936 0.1936
BinVal : 28 11 1 0.1936 0.1936
BinVal : 28 12 1 0.1936 0.1936
