D0NoteID : 0
EffName : CALONLY_v15
EffType : Binned
EffVarNames : DetEta pT
EffVersion : 6
ObjQuality : Point2
ObjType : Electron
ObjVersion : 1
TriggerVersion : v15
BinEdgesX : -3.2 -2.8 -2.5 -2.3 -2.1 -1.9 -1.7 -1.5 -1.3 -1.1 -0.9 -0.7 -0.5 -0.3 -0.1 0.1 0.3 0.5 0.7 0.9 1.1 1.3 1.5 1.7 1.9 2.1 2.3 2.5 2.8 3.2
BinEdgesY : 0 10 15 20 22 25 30 35 40 50 60 70 80 1000
BinVal : 0 0 0 0 0
BinVal : 0 1 0 0 0
BinVal : 0 2 0 0 0
BinVal : 0 3 0 0 0
BinVal : 0 4 0.125 0.1206 0.1206
BinVal : 0 5 0.6129 0.0838 0.0838
BinVal : 0 6 0.72 0.08629 0.08629
BinVal : 0 7 0.7273 0.1234 0.1234
BinVal : 0 8 1 0.04756 0.04756
BinVal : 0 9 1 0.04756 0.04756
BinVal : 0 10 1 0.04756 0.04756
BinVal : 0 11 1 0.04756 0.04756
BinVal : 0 12 1 0.04756 0.04756
BinVal : 1 0 0 0 0
BinVal : 1 1 0 0 0
BinVal : 1 2 0 0 0
BinVal : 1 3 0 0 0
BinVal : 1 4 0.08 0.05939 0.05939
BinVal : 1 5 0.6667 0.04679 0.04679
BinVal : 1 6 0.8208 0.03721 0.03721
BinVal : 1 7 0.9365 0.0328 0.0328
BinVal : 1 8 1 0.01124 0.01124
BinVal : 1 9 1 0.1102 0.1102
BinVal : 1 10 1 0.1102 0.1102
BinVal : 1 11 1 0.1102 0.1102
BinVal : 1 12 1 0.1102 0.1102
BinVal : 2 0 0 0 0
BinVal : 2 1 0 0 0
BinVal : 2 2 0 0 0
BinVal : 2 3 0 0 0
BinVal : 2 4 0.2 0.06678 0.06678
BinVal : 2 5 0.6601 0.03798 0.03798
BinVal : 2 6 0.8462 0.02679 0.02679
BinVal : 2 7 0.9762 0.01532 0.01532
BinVal : 2 8 0.9946 0.007462 0.007462
BinVal : 2 9 1 0.05255 0.05255
BinVal : 2 10 1 0.2357 0.2357
BinVal : 2 11 1 0.2357 0.2357
BinVal : 2 12 1 0.2357 0.2357
BinVal : 3 0 0 0 0
BinVal : 3 1 0 0 0
BinVal : 3 2 0 0 0
BinVal : 3 3 0 0 0
BinVal : 3 4 0.1957 0.05802 0.05802
BinVal : 3 5 0.5988 0.03707 0.03707
BinVal : 3 6 0.8097 0.02495 0.02495
BinVal : 3 7 0.9671 0.01288 0.01288
BinVal : 3 8 0.9941 0.005064 0.005064
BinVal : 3 9 1 0.02777 0.02777
BinVal : 3 10 1 0.1102 0.1102
BinVal : 3 11 1 0.1102 0.1102
BinVal : 3 12 1 0.2357 0.2357
BinVal : 4 0 0 0 0
BinVal : 4 1 0 0 0
BinVal : 4 2 0 0 0
BinVal : 4 3 0 0 0
BinVal : 4 4 0.08696 0.03513 0.03513
BinVal : 4 5 0.619 0.03329 0.03329
BinVal : 4 6 0.8274 0.02062 0.02062
BinVal : 4 7 0.9717 0.008711 0.008711
BinVal : 4 8 0.9967 0.002849 0.002849
BinVal : 4 9 1 0.01408 0.01408
BinVal : 4 10 1 0.08299 0.08299
BinVal : 4 11 1 0.1936 0.1936
BinVal : 4 12 1 0.2357 0.2357
BinVal : 5 0 0 0 0
BinVal : 5 1 0 0 0
BinVal : 5 2 0 0 0
BinVal : 5 3 0 0.03029 0.03029
BinVal : 5 4 0.1087 0.03298 0.03298
BinVal : 5 5 0.7878 0.02448 0.02448
BinVal : 5 6 0.8996 0.01426 0.01426
BinVal : 5 7 0.9841 0.005504 0.005504
BinVal : 5 8 0.9942 0.002534 0.002534
BinVal : 5 9 0.9915 0.01164 0.01164
BinVal : 5 10 1 0.05546 0.05546
BinVal : 5 11 1 0.09045 0.09045
BinVal : 5 12 1 0.2357 0.2357
BinVal : 6 0 0 0 0
BinVal : 6 1 0 0 0
BinVal : 6 2 0 0 0
BinVal : 6 3 0 0.05546 0.05546
BinVal : 6 4 0.1373 0.04872 0.04872
BinVal : 6 5 0.8742 0.02646 0.02646
BinVal : 6 6 0.9302 0.01611 0.01611
BinVal : 6 7 0.9905 0.00622 0.00622
BinVal : 6 8 0.9924 0.003714 0.003714
BinVal : 6 9 0.9863 0.01848 0.01848
BinVal : 6 10 1 0.07122 0.07122
BinVal : 6 11 1 0.1102 0.1102
BinVal : 6 12 1 0.2357 0.2357
BinVal : 7 0 0 0 0
BinVal : 7 1 0 0 0
BinVal : 7 2 0 0 0
BinVal : 7 3 0 0 0
BinVal : 7 4 0 0 0
BinVal : 7 5 0 0 0
BinVal : 7 6 0 0 0
BinVal : 7 7 0 0 0
BinVal : 7 8 0 0 0
BinVal : 7 9 0 0 0
BinVal : 7 10 0 0 0
BinVal : 7 11 0 0 0
BinVal : 7 12 0 0 0
BinVal : 8 0 0 0 0
BinVal : 8 1 0 0 0
BinVal : 8 2 0 0 0
BinVal : 8 3 0 0 0
BinVal : 8 4 0 0 0
BinVal : 8 5 0 0 0
BinVal : 8 6 0 0 0
BinVal : 8 7 0 0 0
BinVal : 8 8 0 0 0
BinVal : 8 9 0 0 0
BinVal : 8 10 0 0 0
BinVal : 8 11 0 0 0
BinVal : 8 12 0 0 0
BinVal : 9 0 0 0 0
BinVal : 9 1 0 0 0
BinVal : 9 2 0 0 0
BinVal : 9 3 0 0 0
BinVal : 9 4 0.2045 0.06017 0.06017
BinVal : 9 5 0.8486 0.0264 0.0264
BinVal : 9 6 0.9698 0.007632 0.007632
BinVal : 9 7 0.9882 0.003507 0.003507
BinVal : 9 8 0.9986 0.0009567 0.0009567
BinVal : 9 9 1 0.003344 0.003344
BinVal : 9 10 1 0.01666 0.01666
BinVal : 9 11 1 0.09045 0.09045
BinVal : 9 12 1 0.09938 0.09938
BinVal : 10 0 0 0 0
BinVal : 10 1 0 0 0
BinVal : 10 2 0 0 0
BinVal : 10 3 0 0 0
BinVal : 10 4 0.25 0.05187 0.05187
BinVal : 10 5 0.8684 0.02247 0.02247
BinVal : 10 6 0.9829 0.005583 0.005583
BinVal : 10 7 0.9884 0.00319 0.00319
BinVal : 10 8 0.998 0.0009552 0.0009552
BinVal : 10 9 1 0.002849 0.002849
BinVal : 10 10 1 0.01316 0.01316
BinVal : 10 11 1 0.06236 0.06236
BinVal : 10 12 1 0.06236 0.06236
BinVal : 11 0 0 0 0
BinVal : 11 1 0 0 0
BinVal : 11 2 0 0 0
BinVal : 11 3 0 0 0
BinVal : 11 4 0.28 0.05115 0.05115
BinVal : 11 5 0.9034 0.01747 0.01747
BinVal : 11 6 0.9818 0.005943 0.005943
BinVal : 11 7 0.9914 0.002837 0.002837
BinVal : 11 8 0.9989 0.0007543 0.0007543
BinVal : 11 9 0.9976 0.003316 0.003316
BinVal : 11 10 1 0.01408 0.01408
BinVal : 11 11 1 0.03843 0.03843
BinVal : 11 12 1 0.04993 0.04993
BinVal : 12 0 0 0 0
BinVal : 12 1 0 0 0
BinVal : 12 2 0 0 0
BinVal : 12 3 0 0 0
BinVal : 12 4 0.1818 0.04385 0.04385
BinVal : 12 5 0.9221 0.01511 0.01511
BinVal : 12 6 0.9786 0.006616 0.006616
BinVal : 12 7 0.9952 0.002356 0.002356
BinVal : 12 8 0.9986 0.0007898 0.0007898
BinVal : 12 9 0.9978 0.003125 0.003125
BinVal : 12 10 1 0.0147 0.0147
BinVal : 12 11 1 0.02499 0.02499
BinVal : 12 12 1 0.0454 0.0454
BinVal : 13 0 0 0 0
BinVal : 13 1 0 0 0
BinVal : 13 2 0 0 0
BinVal : 13 3 0 0 0
BinVal : 13 4 0.1149 0.03469 0.03469
BinVal : 13 5 0.9373 0.01344 0.01344
BinVal : 13 6 0.9846 0.005346 0.005346
BinVal : 13 7 0.9944 0.002732 0.002732
BinVal : 13 8 0.998 0.0008677 0.0008677
BinVal : 13 9 1 0.002336 0.002336
BinVal : 13 10 1 0.01205 0.01205
BinVal : 13 11 1 0.02702 0.02702
BinVal : 13 12 1 0.03843 0.03843
BinVal : 14 0 0 0 0
BinVal : 14 1 0 0 0
BinVal : 14 2 0 0 0
BinVal : 14 3 0 0 0
BinVal : 14 4 0.1733 0.04367 0.04367
BinVal : 14 5 0.9504 0.01196 0.01196
BinVal : 14 6 0.9856 0.004999 0.004999
BinVal : 14 7 0.9956 0.00246 0.00246
BinVal : 14 8 0.997 0.001041 0.001041
BinVal : 14 9 0.9953 0.004009 0.004009
BinVal : 14 10 1 0.01053 0.01053
BinVal : 14 11 1 0.03123 0.03123
BinVal : 14 12 1 0.04756 0.04756
BinVal : 15 0 0 0 0
BinVal : 15 1 0 0 0
BinVal : 15 2 0 0 0
BinVal : 15 3 0 0 0
BinVal : 15 4 0.25 0.05187 0.05187
BinVal : 15 5 0.9348 0.01395 0.01395
BinVal : 15 6 0.988 0.004806 0.004806
BinVal : 15 7 0.9972 0.00186 0.00186
BinVal : 15 8 0.9975 0.001009 0.001009
BinVal : 15 9 0.9953 0.004047 0.004047
BinVal : 15 10 1 0.01053 0.01053
BinVal : 15 11 1 0.03446 0.03446
BinVal : 15 12 1 0.0665 0.0665
BinVal : 16 0 0 0 0
BinVal : 16 1 0 0 0
BinVal : 16 2 0 0 0
BinVal : 16 3 0 0 0
BinVal : 16 4 0.2222 0.04584 0.04584
BinVal : 16 5 0.8881 0.01904 0.01904
BinVal : 16 6 0.9793 0.00611 0.00611
BinVal : 16 7 0.9942 0.002344 0.002344
BinVal : 16 8 0.9985 0.0008441 0.0008441
BinVal : 16 9 1 0.002475 0.002475
BinVal : 16 10 1 0.01087 0.01087
BinVal : 16 11 1 0.04993 0.04993
BinVal : 16 12 1 0.05255 0.05255
BinVal : 17 0 0 0 0
BinVal : 17 1 0 0 0
BinVal : 17 2 0 0 0
BinVal : 17 3 0 0 0
BinVal : 17 4 0.2317 0.0462 0.0462
BinVal : 17 5 0.8894 0.02059 0.02059
BinVal : 17 6 0.9757 0.006373 0.006373
BinVal : 17 7 0.9903 0.002894 0.002894
BinVal : 17 8 0.9973 0.001081 0.001081
BinVal : 17 9 1 0.00271 0.00271
BinVal : 17 10 1 0.01316 0.01316
BinVal : 17 11 1 0.04993 0.04993
BinVal : 17 12 1 0.05255 0.05255
BinVal : 18 0 0 0 0
BinVal : 18 1 0 0 0
BinVal : 18 2 0 0 0
BinVal : 18 3 0 0 0
BinVal : 18 4 0.303 0.05562 0.05562
BinVal : 18 5 0.91 0.01994 0.01994
BinVal : 18 6 0.9811 0.005875 0.005875
BinVal : 18 7 0.9892 0.003381 0.003381
BinVal : 18 8 0.9963 0.001397 0.001397
BinVal : 18 9 0.9931 0.005871 0.005871
BinVal : 18 10 1 0.0196 0.0196
BinVal : 18 11 1 0.04343 0.04343
BinVal : 18 12 1 0.07666 0.07666
BinVal : 19 0 0 0 0
BinVal : 19 1 0 0 0
BinVal : 19 2 0 0 0
BinVal : 19 3 0 0 0
BinVal : 19 4 0.3571 0.08655 0.08655
BinVal : 19 5 0.9038 0.02948 0.02948
BinVal : 19 6 0.9815 0.008889 0.008889
BinVal : 19 7 0.9898 0.005646 0.005646
BinVal : 19 8 0.9954 0.002582 0.002582
BinVal : 19 9 0.9821 0.01493 0.01493
BinVal : 19 10 1 0.04343 0.04343
BinVal : 19 11 1 0.08299 0.08299
BinVal : 19 12 1 0.1633 0.1633
BinVal : 20 0 0 0 0
BinVal : 20 1 0 0 0
BinVal : 20 2 0 0 0
BinVal : 20 3 0 0 0
BinVal : 20 4 0 0 0
BinVal : 20 5 0 0 0
BinVal : 20 6 0 0 0
BinVal : 20 7 0 0 0
BinVal : 20 8 0 0 0
BinVal : 20 9 0 0 0
BinVal : 20 10 0 0 0
BinVal : 20 11 0 0 0
BinVal : 20 12 0 0 0
BinVal : 21 0 0 0 0
BinVal : 21 1 0 0 0
BinVal : 21 2 0 0 0
BinVal : 21 3 0 0 0
BinVal : 21 4 0 0 0
BinVal : 21 5 0 0 0
BinVal : 21 6 0 0 0
BinVal : 21 7 0 0 0
BinVal : 21 8 0 0 0
BinVal : 21 9 0 0 0
BinVal : 21 10 0 0 0
BinVal : 21 11 0 0 0
BinVal : 21 12 0 0 0
BinVal : 22 0 0 0 0
BinVal : 22 1 0 0 0
BinVal : 22 2 0 0 0
BinVal : 22 3 0.06667 0.04028 0.04028
BinVal : 22 4 0.2073 0.04451 0.04451
BinVal : 22 5 0.7921 0.02328 0.02328
BinVal : 22 6 0.8586 0.01602 0.01602
BinVal : 22 7 0.9918 0.00396 0.00396
BinVal : 22 8 0.9972 0.001848 0.001848
BinVal : 22 9 1 0.008 0.008
BinVal : 22 10 1 0.03123 0.03123
BinVal : 22 11 1 0.08299 0.08299
BinVal : 22 12 1 0.1409 0.1409
BinVal : 23 0 0 0 0
BinVal : 23 1 0 0 0
BinVal : 23 2 0 0 0
BinVal : 23 3 0 0 0
BinVal : 23 4 0.1846 0.04796 0.04796
BinVal : 23 5 0.6887 0.03163 0.03163
BinVal : 23 6 0.7952 0.02212 0.02212
BinVal : 23 7 0.9843 0.006818 0.006818
BinVal : 23 8 0.9984 0.002243 0.002243
BinVal : 23 9 1 0.01428 0.01428
BinVal : 23 10 1 0.05871 0.05871
BinVal : 23 11 1 0.1237 0.1237
BinVal : 23 12 1 0.2357 0.2357
BinVal : 24 0 0 0 0
BinVal : 24 1 0 0 0
BinVal : 24 2 0 0 0
BinVal : 24 3 0 0 0
BinVal : 24 4 0.1818 0.05786 0.05786
BinVal : 24 5 0.6648 0.03533 0.03533
BinVal : 24 6 0.8293 0.02399 0.02399
BinVal : 24 7 0.9505 0.01501 0.01501
BinVal : 24 8 0.994 0.005139 0.005139
BinVal : 24 9 1 0.02563 0.02563
BinVal : 24 10 1 0.1633 0.1633
BinVal : 24 11 1 0.1633 0.1633
BinVal : 24 12 1 0.1633 0.1633
BinVal : 25 0 0 0 0
BinVal : 25 1 0 0 0
BinVal : 25 2 0 0 0
BinVal : 25 3 0 0 0
BinVal : 25 4 0.1143 0.05546 0.05546
BinVal : 25 5 0.687 0.04016 0.04016
BinVal : 25 6 0.785 0.02897 0.02897
BinVal : 25 7 0.936 0.02268 0.02268
BinVal : 25 8 0.9948 0.00716 0.00716
BinVal : 25 9 1 0.05546 0.05546
BinVal : 25 10 1 0.1936 0.1936
BinVal : 25 11 1 0.1936 0.1936
BinVal : 25 12 1 0.1936 0.1936
BinVal : 26 0 0 0 0
BinVal : 26 1 0 0 0
BinVal : 26 2 0 0 0
BinVal : 26 3 0 0 0
BinVal : 26 4 0.1935 0.07011 0.07011
BinVal : 26 5 0.7195 0.049 0.049
BinVal : 26 6 0.7073 0.04067 0.04067
BinVal : 26 7 0.9636 0.02932 0.02932
BinVal : 26 8 0.9901 0.01353 0.01353
BinVal : 26 9 1 0.09045 0.09045
BinVal : 26 10 1 0.2357 0.2357
BinVal : 26 11 1 0.2357 0.2357
BinVal : 26 12 1 0.2357 0.2357
BinVal : 27 0 0 0 0
BinVal : 27 1 0 0 0
BinVal : 27 2 0 0 0
BinVal : 27 3 0 0 0
BinVal : 27 4 0.25 0.1166 0.1166
BinVal : 27 5 0.675 0.07189 0.07189
BinVal : 27 6 0.625 0.07406 0.07406
BinVal : 27 7 1 0.05546 0.05546
BinVal : 27 8 0.913 0.06373 0.06373
BinVal : 27 9 1 0.1936 0.1936
BinVal : 27 10 1 0.1936 0.1936
BinVal : 27 11 1 0.1936 0.1936
BinVal : 27 12 1 0.1936 0.1936
BinVal : 28 0 0 0 0
BinVal : 28 1 0 0 0
BinVal : 28 2 0 0 0
BinVal : 28 3 0 0 0
BinVal : 28 4 0 0 0
BinVal : 28 5 0.3333 0.2 0.2
BinVal : 28 6 0.3333 0.2 0.2
BinVal : 28 7 1 0.1936 0.1936
BinVal : 28 8 0.5 0.2236 0.2236
BinVal : 28 9 0.5 0.2236 0.2236
BinVal : 28 10 0.5 0.2236 0.2236
BinVal : 28 11 0.5 0.2236 0.2236
BinVal : 28 12 0.5 0.2236 0.2236
