D0NoteID : 0
EffName : CALONLY_v132
EffType : Binned
EffVarNames : DetEta pT
EffVersion : 6
ObjQuality : Point05
ObjType : Electron
ObjVersion : 3
TriggerVersion : v132
BinEdgesX : -3.2 -2.8 -2.5 -2.3 -2.1 -1.9 -1.7 -1.5 -1.3 -1.1 -0.9 -0.7 -0.5 -0.3 -0.1 0.1 0.3 0.5 0.7 0.9 1.1 1.3 1.5 1.7 1.9 2.1 2.3 2.5 2.8 3.2
BinEdgesY : 0 10 15 20 22 25 30 35 40 50 60 70 80 1000
BinVal : 0 0 0 0 0
BinVal : 0 1 0 0 0
BinVal : 0 2 0.01408 0.01898 0.01898
BinVal : 0 3 0.04545 0.03602 0.03602
BinVal : 0 4 0.3881 0.05833 0.05833
BinVal : 0 5 0.6766 0.03594 0.03594
BinVal : 0 6 0.8 0.0364 0.0364
BinVal : 0 7 0.9524 0.02958 0.02958
BinVal : 0 8 0.9186 0.03047 0.03047
BinVal : 0 9 1 0.1409 0.1409
BinVal : 0 10 1 0.2357 0.2357
BinVal : 0 11 1 0.2357 0.2357
BinVal : 0 12 1 0.2357 0.2357
BinVal : 1 0 0 0 0
BinVal : 1 1 0 0 0
BinVal : 1 2 0.0101 0.01379 0.01379
BinVal : 1 3 0.06494 0.02962 0.02962
BinVal : 1 4 0.4 0.04612 0.04612
BinVal : 1 5 0.8309 0.02248 0.02248
BinVal : 1 6 0.9039 0.01966 0.01966
BinVal : 1 7 0.9884 0.00984 0.00984
BinVal : 1 8 0.9865 0.00879 0.00879
BinVal : 1 9 1 0.04343 0.04343
BinVal : 1 10 1 0.2357 0.2357
BinVal : 1 11 1 0.2357 0.2357
BinVal : 1 12 1 0.2357 0.2357
BinVal : 2 0 0 0 0
BinVal : 2 1 0 0 0
BinVal : 2 2 0 0 0
BinVal : 2 3 0.05263 0.02756 0.02756
BinVal : 2 4 0.4167 0.04245 0.04245
BinVal : 2 5 0.8699 0.01975 0.01975
BinVal : 2 6 0.9753 0.009061 0.009061
BinVal : 2 7 0.9965 0.004936 0.004936
BinVal : 2 8 1 0.002439 0.002439
BinVal : 2 9 1 0.02127 0.02127
BinVal : 2 10 1 0.1409 0.1409
BinVal : 2 11 1 0.2357 0.2357
BinVal : 2 12 1 0.2357 0.2357
BinVal : 3 0 0 0 0
BinVal : 3 1 0 0 0
BinVal : 3 2 0 0 0
BinVal : 3 3 0.05063 0.02658 0.02658
BinVal : 3 4 0.5192 0.03962 0.03962
BinVal : 3 5 0.8453 0.01938 0.01938
BinVal : 3 6 0.9752 0.00767 0.00767
BinVal : 3 7 0.9975 0.003437 0.003437
BinVal : 3 8 1 0.001585 0.001585
BinVal : 3 9 1 0.01492 0.01492
BinVal : 3 10 1 0.09938 0.09938
BinVal : 3 11 1 0.1633 0.1633
BinVal : 3 12 1 0.1936 0.1936
BinVal : 4 0 0 0 0
BinVal : 4 1 0 0 0
BinVal : 4 2 0 0 0
BinVal : 4 3 0.05618 0.02587 0.02587
BinVal : 4 4 0.5924 0.03887 0.03887
BinVal : 4 5 0.8254 0.01895 0.01895
BinVal : 4 6 0.9659 0.008307 0.008307
BinVal : 4 7 1 0.001825 0.001825
BinVal : 4 8 0.9988 0.001634 0.001634
BinVal : 4 9 1 0.01031 0.01031
BinVal : 4 10 1 0.04993 0.04993
BinVal : 4 11 1 0.1633 0.1633
BinVal : 4 12 1 0.1633 0.1633
BinVal : 5 0 0 0 0
BinVal : 5 1 0 0 0
BinVal : 5 2 0 0 0
BinVal : 5 3 0.125 0.04193 0.04193
BinVal : 5 4 0.6879 0.03671 0.03671
BinVal : 5 5 0.8642 0.01754 0.01754
BinVal : 5 6 0.9813 0.006118 0.006118
BinVal : 5 7 0.9985 0.002122 0.002122
BinVal : 5 8 0.9991 0.00128 0.00128
BinVal : 5 9 1 0.007812 0.007812
BinVal : 5 10 1 0.03843 0.03843
BinVal : 5 11 1 0.1102 0.1102
BinVal : 5 12 1 0.1633 0.1633
BinVal : 6 0 0 0 0
BinVal : 6 1 0 0 0
BinVal : 6 2 0 0 0
BinVal : 6 3 0.2609 0.08806 0.08806
BinVal : 6 4 0.7407 0.04816 0.04816
BinVal : 6 5 0.9371 0.01884 0.01884
BinVal : 6 6 0.9965 0.004936 0.004936
BinVal : 6 7 0.9972 0.00388 0.00388
BinVal : 6 8 1 0.001645 0.001645
BinVal : 6 9 1 0.01408 0.01408
BinVal : 6 10 1 0.08299 0.08299
BinVal : 6 11 1 0.1237 0.1237
BinVal : 6 12 1 0.2357 0.2357
BinVal : 7 0 0 0 0
BinVal : 7 1 0 0 0
BinVal : 7 2 0 0 0
BinVal : 7 3 0 0 0
BinVal : 7 4 0 0 0
BinVal : 7 5 0 0 0
BinVal : 7 6 0 0 0
BinVal : 7 7 0 0 0
BinVal : 7 8 0 0 0
BinVal : 7 9 0 0 0
BinVal : 7 10 0 0 0
BinVal : 7 11 0 0 0
BinVal : 7 12 0 0 0
BinVal : 8 0 0 0 0
BinVal : 8 1 0 0 0
BinVal : 8 2 0 0 0
BinVal : 8 3 0 0 0
BinVal : 8 4 0 0 0
BinVal : 8 5 0 0 0
BinVal : 8 6 0 0 0
BinVal : 8 7 0 0 0
BinVal : 8 8 0 0 0
BinVal : 8 9 0 0 0
BinVal : 8 10 0 0 0
BinVal : 8 11 0 0 0
BinVal : 8 12 0 0 0
BinVal : 9 0 0 0 0
BinVal : 9 1 0 0 0
BinVal : 9 2 0 0 0
BinVal : 9 3 0.02778 0.03576 0.03576
BinVal : 9 4 0.3625 0.05287 0.05287
BinVal : 9 5 0.8619 0.02388 0.02388
BinVal : 9 6 0.9478 0.009379 0.009379
BinVal : 9 7 0.9874 0.003744 0.003744
BinVal : 9 8 0.9809 0.003242 0.003242
BinVal : 9 9 0.9897 0.006768 0.006768
BinVal : 9 10 0.9831 0.02262 0.02262
BinVal : 9 11 1 0.05546 0.05546
BinVal : 9 12 1 0.0665 0.0665
BinVal : 10 0 0 0 0
BinVal : 10 1 0 0 0
BinVal : 10 2 0 0 0
BinVal : 10 3 0.02632 0.03404 0.03404
BinVal : 10 4 0.32 0.0461 0.0461
BinVal : 10 5 0.888 0.02006 0.02006
BinVal : 10 6 0.9639 0.007885 0.007885
BinVal : 10 7 0.9935 0.002613 0.002613
BinVal : 10 8 0.9917 0.00194 0.00194
BinVal : 10 9 0.9972 0.003989 0.003989
BinVal : 10 10 0.9853 0.01977 0.01977
BinVal : 10 11 1 0.03569 0.03569
BinVal : 10 12 1 0.05546 0.05546
BinVal : 11 0 0 0 0
BinVal : 11 1 0 0 0
BinVal : 11 2 0 0 0
BinVal : 11 3 0 0.02856 0.02856
BinVal : 11 4 0.3696 0.0496 0.0496
BinVal : 11 5 0.9342 0.01443 0.01443
BinVal : 11 6 0.9667 0.007878 0.007878
BinVal : 11 7 0.9942 0.002544 0.002544
BinVal : 11 8 0.9975 0.001097 0.001097
BinVal : 11 9 0.9973 0.003807 0.003807
BinVal : 11 10 1 0.0137 0.0137
BinVal : 11 11 1 0.0294 0.0294
BinVal : 11 12 1 0.04343 0.04343
BinVal : 12 0 0 0 0
BinVal : 12 1 0 0 0
BinVal : 12 2 0 0 0
BinVal : 12 3 0 0 0
BinVal : 12 4 0.4468 0.05049 0.05049
BinVal : 12 5 0.9125 0.01537 0.01537
BinVal : 12 6 0.9817 0.005997 0.005997
BinVal : 12 7 0.9894 0.003495 0.003495
BinVal : 12 8 0.9979 0.001036 0.001036
BinVal : 12 9 0.9972 0.003945 0.003945
BinVal : 12 10 1 0.01136 0.01136
BinVal : 12 11 1 0.02856 0.02856
BinVal : 12 12 1 0.03331 0.03331
BinVal : 13 0 0 0 0
BinVal : 13 1 0 0 0
BinVal : 13 2 0 0 0
BinVal : 13 3 0.02564 0.03324 0.03324
BinVal : 13 4 0.4747 0.04945 0.04945
BinVal : 13 5 0.915 0.01496 0.01496
BinVal : 13 6 0.9893 0.004674 0.004674
BinVal : 13 7 0.9867 0.004156 0.004156
BinVal : 13 8 0.9979 0.001023 0.001023
BinVal : 13 9 1 0.002584 0.002584
BinVal : 13 10 1 0.01136 0.01136
BinVal : 13 11 1 0.03446 0.03446
BinVal : 13 12 1 0.03446 0.03446
BinVal : 14 0 0 0 0
BinVal : 14 1 0 0 0
BinVal : 14 2 0 0 0
BinVal : 14 3 0.03226 0.04092 0.04092
BinVal : 14 4 0.5398 0.04628 0.04628
BinVal : 14 5 0.9316 0.01363 0.01363
BinVal : 14 6 0.9847 0.005319 0.005319
BinVal : 14 7 0.9861 0.004343 0.004343
BinVal : 14 8 0.995 0.001486 0.001486
BinVal : 14 9 1 0.002475 0.002475
BinVal : 14 10 1 0.01408 0.01408
BinVal : 14 11 1 0.03997 0.03997
BinVal : 14 12 1 0.03569 0.03569
BinVal : 15 0 0 0 0
BinVal : 15 1 0 0 0
BinVal : 15 2 0 0 0
BinVal : 15 3 0 0 0
BinVal : 15 4 0.568 0.0438 0.0438
BinVal : 15 5 0.9033 0.01563 0.01563
BinVal : 15 6 0.9841 0.005523 0.005523
BinVal : 15 7 0.9901 0.003462 0.003462
BinVal : 15 8 0.9925 0.001803 0.001803
BinVal : 15 9 0.9925 0.004956 0.004956
BinVal : 15 10 1 0.01316 0.01316
BinVal : 15 11 1 0.03701 0.03701
BinVal : 15 12 1 0.03123 0.03123
BinVal : 16 0 0 0 0
BinVal : 16 1 0 0 0
BinVal : 16 2 0 0 0
BinVal : 16 3 0 0 0
BinVal : 16 4 0.5752 0.04591 0.04591
BinVal : 16 5 0.8934 0.0162 0.0162
BinVal : 16 6 0.9803 0.006103 0.006103
BinVal : 16 7 0.9932 0.002713 0.002713
BinVal : 16 8 0.9944 0.001597 0.001597
BinVal : 16 9 0.9899 0.005548 0.005548
BinVal : 16 10 1 0.01149 0.01149
BinVal : 16 11 1 0.03701 0.03701
BinVal : 16 12 1 0.03224 0.03224
BinVal : 17 0 0 0 0
BinVal : 17 1 0 0 0
BinVal : 17 2 0 0 0
BinVal : 17 3 0 0 0
BinVal : 17 4 0.5842 0.04836 0.04836
BinVal : 17 5 0.8671 0.01915 0.01915
BinVal : 17 6 0.9545 0.008674 0.008674
BinVal : 17 7 0.9935 0.002613 0.002613
BinVal : 17 8 0.9951 0.001524 0.001524
BinVal : 17 9 0.9973 0.003726 0.003726
BinVal : 17 10 0.9875 0.01693 0.01693
BinVal : 17 11 1 0.03997 0.03997
BinVal : 17 12 1 0.04343 0.04343
BinVal : 18 0 0 0 0
BinVal : 18 1 0 0 0
BinVal : 18 2 0 0 0
BinVal : 18 3 0 0 0
BinVal : 18 4 0.525 0.05482 0.05482
BinVal : 18 5 0.8413 0.02304 0.02304
BinVal : 18 6 0.9487 0.009393 0.009393
BinVal : 18 7 0.9855 0.003976 0.003976
BinVal : 18 8 0.9916 0.002143 0.002143
BinVal : 18 9 0.9904 0.006279 0.006279
BinVal : 18 10 0.9844 0.02094 0.02094
BinVal : 18 11 0.9444 0.06547 0.06547
BinVal : 18 12 1 0.05255 0.05255
BinVal : 19 0 0 0 0
BinVal : 19 1 0 0 0
BinVal : 19 2 0 0 0
BinVal : 19 3 0 0 0
BinVal : 19 4 0.4483 0.08797 0.08797
BinVal : 19 5 0.8421 0.03421 0.03421
BinVal : 19 6 0.9654 0.01181 0.01181
BinVal : 19 7 0.9765 0.00764 0.00764
BinVal : 19 8 0.9884 0.004046 0.004046
BinVal : 19 9 0.9756 0.01568 0.01568
BinVal : 19 10 1 0.03569 0.03569
BinVal : 19 11 0.8571 0.1315 0.1315
BinVal : 19 12 1 0.09045 0.09045
BinVal : 20 0 0 0 0
BinVal : 20 1 0 0 0
BinVal : 20 2 0 0 0
BinVal : 20 3 0 0 0
BinVal : 20 4 0 0 0
BinVal : 20 5 0 0 0
BinVal : 20 6 0 0 0
BinVal : 20 7 0 0 0
BinVal : 20 8 0 0 0
BinVal : 20 9 0 0 0
BinVal : 20 10 0 0 0
BinVal : 20 11 0 0 0
BinVal : 20 12 0 0 0
BinVal : 21 0 0 0 0
BinVal : 21 1 0 0 0
BinVal : 21 2 0 0 0
BinVal : 21 3 0 0 0
BinVal : 21 4 0 0 0
BinVal : 21 5 0 0 0
BinVal : 21 6 0 0 0
BinVal : 21 7 0 0 0
BinVal : 21 8 0 0 0
BinVal : 21 9 0 0 0
BinVal : 21 10 0 0 0
BinVal : 21 11 0 0 0
BinVal : 21 12 0 0 0
BinVal : 22 0 0 0 0
BinVal : 22 1 0 0 0
BinVal : 22 2 0.01667 0.02226 0.02226
BinVal : 22 3 0.01923 0.02546 0.02546
BinVal : 22 4 0.4923 0.04335 0.04335
BinVal : 22 5 0.8579 0.01846 0.01846
BinVal : 22 6 0.9553 0.009693 0.009693
BinVal : 22 7 0.9923 0.003725 0.003725
BinVal : 22 8 0.9981 0.001602 0.001602
BinVal : 22 9 1 0.006896 0.006896
BinVal : 22 10 1 0.0294 0.0294
BinVal : 22 11 1 0.1409 0.1409
BinVal : 22 12 1 0.1102 0.1102
BinVal : 23 0 0 0 0
BinVal : 23 1 0 0 0
BinVal : 23 2 0.009804 0.0134 0.0134
BinVal : 23 3 0.01389 0.01872 0.01872
BinVal : 23 4 0.4873 0.03939 0.03939
BinVal : 23 5 0.7994 0.02141 0.02141
BinVal : 23 6 0.9466 0.01053 0.01053
BinVal : 23 7 0.9878 0.004855 0.004855
BinVal : 23 8 0.9964 0.002388 0.002388
BinVal : 23 9 1 0.01064 0.01064
BinVal : 23 10 0.95 0.05994 0.05994
BinVal : 23 11 1 0.1409 0.1409
BinVal : 23 12 1 0.1237 0.1237
BinVal : 24 0 0 0 0
BinVal : 24 1 0 0 0
BinVal : 24 2 0.008403 0.01154 0.01154
BinVal : 24 3 0.02353 0.01945 0.01945
BinVal : 24 4 0.4217 0.038 0.038
BinVal : 24 5 0.8215 0.02221 0.02221
BinVal : 24 6 0.9394 0.01166 0.01166
BinVal : 24 7 0.9863 0.005972 0.005972
BinVal : 24 8 0.9939 0.003409 0.003409
BinVal : 24 9 1 0.01389 0.01389
BinVal : 24 10 0.8571 0.1315 0.1315
BinVal : 24 11 1 0.1633 0.1633
BinVal : 24 12 1 0.2357 0.2357
BinVal : 25 0 0 0 0
BinVal : 25 1 0 0 0
BinVal : 25 2 0.009615 0.01315 0.01315
BinVal : 25 3 0.01282 0.01735 0.01735
BinVal : 25 4 0.3448 0.03913 0.03913
BinVal : 25 5 0.8441 0.02239 0.02239
BinVal : 25 6 0.9326 0.01345 0.01345
BinVal : 25 7 0.9885 0.007532 0.007532
BinVal : 25 8 0.9952 0.004114 0.004114
BinVal : 25 9 1 0.02325 0.02325
BinVal : 25 10 1 0.1633 0.1633
BinVal : 25 11 1 0.1633 0.1633
BinVal : 25 12 1 0.2357 0.2357
BinVal : 26 0 0 0 0
BinVal : 26 1 0 0 0
BinVal : 26 2 0 0 0
BinVal : 26 3 0.01389 0.01872 0.01872
BinVal : 26 4 0.2778 0.03707 0.03707
BinVal : 26 5 0.792 0.02562 0.02562
BinVal : 26 6 0.9234 0.01712 0.01712
BinVal : 26 7 0.9682 0.01506 0.01506
BinVal : 26 8 0.9958 0.005808 0.005808
BinVal : 26 9 1 0.04343 0.04343
BinVal : 26 10 1 0.04343 0.04343
BinVal : 26 11 1 0.04343 0.04343
BinVal : 26 12 1 0.04343 0.04343
BinVal : 27 0 0 0 0
BinVal : 27 1 0 0 0
BinVal : 27 2 0 0 0
BinVal : 27 3 0.02083 0.02744 0.02744
BinVal : 27 4 0.1887 0.03791 0.03791
BinVal : 27 5 0.6728 0.03659 0.03659
BinVal : 27 6 0.8 0.038 0.038
BinVal : 27 7 0.875 0.03741 0.03741
BinVal : 27 8 0.9457 0.02508 0.02508
BinVal : 27 9 1 0.07122 0.07122
BinVal : 27 10 1 0.07122 0.07122
BinVal : 27 11 1 0.07122 0.07122
BinVal : 27 12 1 0.07122 0.07122
BinVal : 28 0 0 0 0
BinVal : 28 1 0 0 0
BinVal : 28 2 0 0 0
BinVal : 28 3 0 0 0
BinVal : 28 4 0 0 0
BinVal : 28 5 0.1852 0.07396 0.07396
BinVal : 28 6 0.4444 0.1086 0.1086
BinVal : 28 7 0.5 0.1387 0.1387
BinVal : 28 8 0.4286 0.1571 0.1571
BinVal : 28 9 0.4286 0.1571 0.1571
BinVal : 28 10 0.4286 0.1571 0.1571
BinVal : 28 11 0.4286 0.1571 0.1571
BinVal : 28 12 0.4286 0.1571 0.1571
