D0NoteID : 0
EffName : CALONLY_v14
EffType : Binned
EffVarNames : DetEta pT
EffVersion : 6
ObjQuality : Point2
ObjType : Electron
ObjVersion : 1
TriggerVersion : v14
BinEdgesX : -3.2 -2.8 -2.5 -2.3 -2.1 -1.9 -1.7 -1.5 -1.3 -1.1 -0.9 -0.7 -0.5 -0.3 -0.1 0.1 0.3 0.5 0.7 0.9 1.1 1.3 1.5 1.7 1.9 2.1 2.3 2.5 2.8 3.2
BinEdgesY : 0 10 15 20 22 25 30 35 40 50 60 70 80 1000
BinVal : 0 0 0 0 0
BinVal : 0 1 0 0 0
BinVal : 0 2 0 0 0
BinVal : 0 3 0.3333 0.2 0.2
BinVal : 0 4 0.2941 0.1039 0.1039
BinVal : 0 5 0.7838 0.06662 0.06662
BinVal : 0 6 0.8 0.08738 0.08738
BinVal : 0 7 1 0.0665 0.0665
BinVal : 0 8 0.8696 0.0719 0.0719
BinVal : 0 9 0.8696 0.0719 0.0719
BinVal : 0 10 0.8696 0.0719 0.0719
BinVal : 0 11 0.8696 0.0719 0.0719
BinVal : 0 12 0.8696 0.0719 0.0719
BinVal : 1 0 0 0 0
BinVal : 1 1 0 0 0
BinVal : 1 2 0 0 0
BinVal : 1 3 0.2857 0.09392 0.09392
BinVal : 1 4 0.45 0.0759 0.0759
BinVal : 1 5 0.8205 0.04337 0.04337
BinVal : 1 6 0.9155 0.03423 0.03423
BinVal : 1 7 1 0.01886 0.01886
BinVal : 1 8 0.9589 0.02577 0.02577
BinVal : 1 9 1 0.09045 0.09045
BinVal : 1 10 1 0.2357 0.2357
BinVal : 1 11 1 0.2357 0.2357
BinVal : 1 12 1 0.2357 0.2357
BinVal : 2 0 0 0 0
BinVal : 2 1 0 0 0
BinVal : 2 2 0 0 0
BinVal : 2 3 0.2812 0.07702 0.07702
BinVal : 2 4 0.5932 0.06246 0.06246
BinVal : 2 5 0.7736 0.0404 0.0404
BinVal : 2 6 0.9706 0.01585 0.01585
BinVal : 2 7 0.9884 0.0158 0.0158
BinVal : 2 8 1 0.006097 0.006097
BinVal : 2 9 1 0.05546 0.05546
BinVal : 2 10 1 0.1633 0.1633
BinVal : 2 11 1 0.1633 0.1633
BinVal : 2 12 1 0.1633 0.1633
BinVal : 3 0 0 0 0
BinVal : 3 1 0 0 0
BinVal : 3 2 0.02273 0.02975 0.02975
BinVal : 3 3 0.3333 0.09156 0.09156
BinVal : 3 4 0.6032 0.0603 0.0603
BinVal : 3 5 0.792 0.03616 0.03616
BinVal : 3 6 0.9894 0.008973 0.008973
BinVal : 3 7 0.964 0.01694 0.01694
BinVal : 3 8 0.992 0.006819 0.006819
BinVal : 3 9 1 0.05255 0.05255
BinVal : 3 10 1 0.1409 0.1409
BinVal : 3 11 1 0.1936 0.1936
BinVal : 3 12 1 0.1936 0.1936
BinVal : 4 0 0 0 0
BinVal : 4 1 0 0 0
BinVal : 4 2 0.04 0.04949 0.04949
BinVal : 4 3 0.3913 0.09608 0.09608
BinVal : 4 4 0.6716 0.05634 0.05634
BinVal : 4 5 0.8121 0.03195 0.03195
BinVal : 4 6 0.9954 0.006443 0.006443
BinVal : 4 7 0.9803 0.009437 0.009437
BinVal : 4 8 0.9917 0.005487 0.005487
BinVal : 4 9 0.9744 0.03324 0.03324
BinVal : 4 10 1 0.1409 0.1409
BinVal : 4 11 1 0.1237 0.1237
BinVal : 4 12 1 0.1237 0.1237
BinVal : 5 0 0 0 0
BinVal : 5 1 0 0 0
BinVal : 5 2 0 0 0
BinVal : 5 3 0.5 0.1 0.1
BinVal : 5 4 0.775 0.04631 0.04631
BinVal : 5 5 0.8664 0.02318 0.02318
BinVal : 5 6 0.9931 0.005911 0.005911
BinVal : 5 7 0.9946 0.004668 0.004668
BinVal : 5 8 0.9982 0.002532 0.002532
BinVal : 5 9 0.9875 0.01693 0.01693
BinVal : 5 10 1 0.1237 0.1237
BinVal : 5 11 1 0.1102 0.1102
BinVal : 5 12 1 0.1633 0.1633
BinVal : 6 0 0 0 0
BinVal : 6 1 0 0 0
BinVal : 6 2 0 0 0
BinVal : 6 3 0.6 0.1367 0.1367
BinVal : 6 4 0.8049 0.06133 0.06133
BinVal : 6 5 0.9237 0.02379 0.02379
BinVal : 6 6 0.9888 0.009516 0.009516
BinVal : 6 7 0.9951 0.006783 0.006783
BinVal : 6 8 1 0.00295 0.00295
BinVal : 6 9 1 0.01886 0.01886
BinVal : 6 10 1 0.1633 0.1633
BinVal : 6 11 1 0.1633 0.1633
BinVal : 6 12 1 0.1633 0.1633
BinVal : 7 0 0 0 0
BinVal : 7 1 0 0 0
BinVal : 7 2 0 0 0
BinVal : 7 3 0 0 0
BinVal : 7 4 0 0 0
BinVal : 7 5 0 0 0
BinVal : 7 6 0 0 0
BinVal : 7 7 0 0 0
BinVal : 7 8 0 0 0
BinVal : 7 9 0 0 0
BinVal : 7 10 0 0 0
BinVal : 7 11 0 0 0
BinVal : 7 12 0 0 0
BinVal : 8 0 0 0 0
BinVal : 8 1 0 0 0
BinVal : 8 2 0 0 0
BinVal : 8 3 0 0 0
BinVal : 8 4 0 0 0
BinVal : 8 5 0 0 0
BinVal : 8 6 0 0 0
BinVal : 8 7 0 0 0
BinVal : 8 8 0 0 0
BinVal : 8 9 0 0 0
BinVal : 8 10 0 0 0
BinVal : 8 11 0 0 0
BinVal : 8 12 0 0 0
BinVal : 9 0 0 0 0
BinVal : 9 1 0 0 0
BinVal : 9 2 0 0 0
BinVal : 9 3 0.1 0.07156 0.07156
BinVal : 9 4 0.5686 0.06745 0.06745
BinVal : 9 5 0.9811 0.01574 0.01574
BinVal : 9 6 0.9823 0.008518 0.008518
BinVal : 9 7 0.9861 0.005562 0.005562
BinVal : 9 8 0.9839 0.00385 0.00385
BinVal : 9 9 0.9829 0.01114 0.01114
BinVal : 9 10 0.9697 0.03869 0.03869
BinVal : 9 11 1 0.07122 0.07122
BinVal : 9 12 1 0.09045 0.09045
BinVal : 10 0 0 0 0
BinVal : 10 1 0 0 0
BinVal : 10 2 0 0 0
BinVal : 10 3 0.09091 0.06614 0.06614
BinVal : 10 4 0.6418 0.05745 0.05745
BinVal : 10 5 0.9793 0.01337 0.01337
BinVal : 10 6 0.9931 0.005911 0.005911
BinVal : 10 7 0.9983 0.002371 0.002371
BinVal : 10 8 0.9956 0.001934 0.001934
BinVal : 10 9 0.9951 0.006783 0.006783
BinVal : 10 10 0.9787 0.02798 0.02798
BinVal : 10 11 1 0.04993 0.04993
BinVal : 10 12 1 0.0665 0.0665
BinVal : 11 0 0 0 0
BinVal : 11 1 0 0 0
BinVal : 11 2 0 0 0
BinVal : 11 3 0.04762 0.05752 0.05752
BinVal : 11 4 0.65 0.06028 0.06028
BinVal : 11 5 0.9699 0.01428 0.01428
BinVal : 11 6 0.9934 0.005605 0.005605
BinVal : 11 7 0.9983 0.002453 0.002453
BinVal : 11 8 0.9986 0.00121 0.00121
BinVal : 11 9 1 0.004926 0.004926
BinVal : 11 10 1 0.01886 0.01886
BinVal : 11 11 1 0.05871 0.05871
BinVal : 11 12 1 0.05871 0.05871
BinVal : 12 0 0 0 0
BinVal : 12 1 0 0 0
BinVal : 12 2 0 0 0
BinVal : 12 3 0.0625 0.0721 0.0721
BinVal : 12 4 0.6949 0.05881 0.05881
BinVal : 12 5 0.973 0.01285 0.01285
BinVal : 12 6 0.9969 0.004292 0.004292
BinVal : 12 7 0.998 0.002776 0.002776
BinVal : 12 8 0.9986 0.001232 0.001232
BinVal : 12 9 1 0.004608 0.004608
BinVal : 12 10 1 0.02083 0.02083
BinVal : 12 11 1 0.1102 0.1102
BinVal : 12 12 1 0.05546 0.05546
BinVal : 13 0 0 0 0
BinVal : 13 1 0 0 0
BinVal : 13 2 0 0 0
BinVal : 13 3 0.1 0.1034 0.1034
BinVal : 13 4 0.7797 0.05341 0.05341
BinVal : 13 5 0.9853 0.009591 0.009591
BinVal : 13 6 1 0.003058 0.003058
BinVal : 13 7 1 0.002132 0.002132
BinVal : 13 8 1 0.0006925 0.0006925
BinVal : 13 9 1 0.004504 0.004504
BinVal : 13 10 1 0.02083 0.02083
BinVal : 13 11 1 0.0665 0.0665
BinVal : 13 12 1 0.05255 0.05255
BinVal : 14 0 0 0 0
BinVal : 14 1 0 0 0
BinVal : 14 2 0 0 0
BinVal : 14 3 0.1333 0.08985 0.08985
BinVal : 14 4 0.7541 0.05441 0.05441
BinVal : 14 5 0.9569 0.01459 0.01459
BinVal : 14 6 0.982 0.00778 0.00778
BinVal : 14 7 0.9873 0.005523 0.005523
BinVal : 14 8 0.9905 0.002615 0.002615
BinVal : 14 9 0.9784 0.01035 0.01035
BinVal : 14 10 1 0.01785 0.01785
BinVal : 14 11 1 0.05546 0.05546
BinVal : 14 12 1 0.03843 0.03843
BinVal : 15 0 0 0 0
BinVal : 15 1 0 0 0
BinVal : 15 2 0 0 0
BinVal : 15 3 0.1667 0.08729 0.08729
BinVal : 15 4 0.65 0.06028 0.06028
BinVal : 15 5 0.9279 0.01826 0.01826
BinVal : 15 6 0.9758 0.008873 0.008873
BinVal : 15 7 0.9726 0.006927 0.006927
BinVal : 15 8 0.9816 0.003566 0.003566
BinVal : 15 9 0.9752 0.01066 0.01066
BinVal : 15 10 1 0.02 0.02
BinVal : 15 11 1 0.07666 0.07666
BinVal : 15 12 1 0.03331 0.03331
BinVal : 16 0 0 0 0
BinVal : 16 1 0 0 0
BinVal : 16 2 0 0 0
BinVal : 16 3 0.2273 0.0866 0.0866
BinVal : 16 4 0.7288 0.05694 0.05694
BinVal : 16 5 0.9453 0.01651 0.01651
BinVal : 16 6 0.9849 0.007257 0.007257
BinVal : 16 7 0.9771 0.006009 0.006009
BinVal : 16 8 0.9838 0.003408 0.003408
BinVal : 16 9 0.991 0.007663 0.007663
BinVal : 16 10 1 0.0238 0.0238
BinVal : 16 11 1 0.07666 0.07666
BinVal : 16 12 0.9524 0.05752 0.05752
BinVal : 17 0 0 0 0
BinVal : 17 1 0 0 0
BinVal : 17 2 0 0 0
BinVal : 17 3 0.24 0.08282 0.08282
BinVal : 17 4 0.7826 0.04924 0.04924
BinVal : 17 5 0.9419 0.0184 0.0184
BinVal : 17 6 0.9794 0.008185 0.008185
BinVal : 17 7 0.983 0.005284 0.005284
BinVal : 17 8 0.9827 0.003574 0.003574
BinVal : 17 9 0.9951 0.006815 0.006815
BinVal : 17 10 1 0.02325 0.02325
BinVal : 17 11 1 0.05546 0.05546
BinVal : 17 12 0.8462 0.1 0.1
BinVal : 18 0 0 0 0
BinVal : 18 1 0 0 0
BinVal : 18 2 0 0 0
BinVal : 18 3 0.2 0.09998 0.09998
BinVal : 18 4 0.7143 0.05926 0.05926
BinVal : 18 5 0.918 0.02543 0.02543
BinVal : 18 6 0.9738 0.009612 0.009612
BinVal : 18 7 0.9875 0.004975 0.004975
BinVal : 18 8 0.985 0.003602 0.003602
BinVal : 18 9 1 0.005208 0.005208
BinVal : 18 10 1 0.02777 0.02777
BinVal : 18 11 1 0.05546 0.05546
BinVal : 18 12 0.8571 0.1315 0.1315
BinVal : 19 0 0 0 0
BinVal : 19 1 0 0 0
BinVal : 19 2 0 0 0
BinVal : 19 3 0.25 0.1782 0.1782
BinVal : 19 4 0.65 0.1003 0.1003
BinVal : 19 5 0.9149 0.04281 0.04281
BinVal : 19 6 0.9714 0.01541 0.01541
BinVal : 19 7 0.9957 0.006005 0.006005
BinVal : 19 8 0.9917 0.004582 0.004582
BinVal : 19 9 1 0.01111 0.01111
BinVal : 19 10 1 0.07122 0.07122
BinVal : 19 11 1 0.1102 0.1102
BinVal : 19 12 1 0.1633 0.1633
BinVal : 20 0 0 0 0
BinVal : 20 1 0 0 0
BinVal : 20 2 0 0 0
BinVal : 20 3 0 0 0
BinVal : 20 4 0 0 0
BinVal : 20 5 0 0 0
BinVal : 20 6 0 0 0
BinVal : 20 7 0 0 0
BinVal : 20 8 0 0 0
BinVal : 20 9 0 0 0
BinVal : 20 10 0 0 0
BinVal : 20 11 0 0 0
BinVal : 20 12 0 0 0
BinVal : 21 0 0 0 0
BinVal : 21 1 0 0 0
BinVal : 21 2 0 0 0
BinVal : 21 3 0 0 0
BinVal : 21 4 0 0 0
BinVal : 21 5 0 0 0
BinVal : 21 6 0 0 0
BinVal : 21 7 0 0 0
BinVal : 21 8 0 0 0
BinVal : 21 9 0 0 0
BinVal : 21 10 0 0 0
BinVal : 21 11 0 0 0
BinVal : 21 12 0 0 0
BinVal : 22 0 0 0 0
BinVal : 22 1 0 0 0
BinVal : 22 2 0 0 0
BinVal : 22 3 0.05556 0.06547 0.06547
BinVal : 22 4 0.7143 0.05079 0.05079
BinVal : 22 5 0.8696 0.02494 0.02494
BinVal : 22 6 0.9818 0.008762 0.008762
BinVal : 22 7 0.9916 0.005502 0.005502
BinVal : 22 8 0.9983 0.002363 0.002363
BinVal : 22 9 1 0.01149 0.01149
BinVal : 22 10 1 0.04756 0.04756
BinVal : 22 11 1 0.2357 0.2357
BinVal : 22 12 1 0.1409 0.1409
BinVal : 23 0 0 0 0
BinVal : 23 1 0 0 0
BinVal : 23 2 0 0 0
BinVal : 23 3 0.2 0.08738 0.08738
BinVal : 23 4 0.6375 0.05287 0.05287
BinVal : 23 5 0.8431 0.02945 0.02945
BinVal : 23 6 0.9494 0.01464 0.01464
BinVal : 23 7 0.9882 0.007706 0.007706
BinVal : 23 8 0.9921 0.005188 0.005188
BinVal : 23 9 1 0.01515 0.01515
BinVal : 23 10 1 0.09045 0.09045
BinVal : 23 11 1 0.09045 0.09045
BinVal : 23 12 1 0.09045 0.09045
BinVal : 24 0 0 0 0
BinVal : 24 1 0 0 0
BinVal : 24 2 0 0 0
BinVal : 24 3 0.1923 0.0762 0.0762
BinVal : 24 4 0.6667 0.05575 0.05575
BinVal : 24 5 0.7737 0.03558 0.03558
BinVal : 24 6 0.929 0.02021 0.02021
BinVal : 24 7 0.9827 0.01127 0.01127
BinVal : 24 8 0.9903 0.008247 0.008247
BinVal : 24 9 1 0.02702 0.02702
BinVal : 24 10 1 0.2357 0.2357
BinVal : 24 11 1 0.2357 0.2357
BinVal : 24 12 1 0.2357 0.2357
BinVal : 25 0 0 0 0
BinVal : 25 1 0 0 0
BinVal : 25 2 0.04651 0.03678 0.03678
BinVal : 25 3 0.1333 0.06321 0.06321
BinVal : 25 4 0.5556 0.06585 0.06585
BinVal : 25 5 0.6923 0.04225 0.04225
BinVal : 25 6 0.9538 0.01943 0.01943
BinVal : 25 7 0.9703 0.01894 0.01894
BinVal : 25 8 1 0.008196 0.008196
BinVal : 25 9 1 0.07122 0.07122
BinVal : 25 10 1 0.07122 0.07122
BinVal : 25 11 1 0.07122 0.07122
BinVal : 25 12 1 0.07122 0.07122
BinVal : 26 0 0 0 0
BinVal : 26 1 0 0 0
BinVal : 26 2 0.05128 0.04018 0.04018
BinVal : 26 3 0.2069 0.07391 0.07391
BinVal : 26 4 0.5106 0.0707 0.0707
BinVal : 26 5 0.6235 0.05172 0.05172
BinVal : 26 6 0.9314 0.026 0.026
BinVal : 26 7 0.9388 0.03728 0.03728
BinVal : 26 8 0.9841 0.02126 0.02126
BinVal : 26 9 1 0.1102 0.1102
BinVal : 26 10 1 0.1102 0.1102
BinVal : 26 11 1 0.1102 0.1102
BinVal : 26 12 1 0.1102 0.1102
BinVal : 27 0 0 0 0
BinVal : 27 1 0 0 0
BinVal : 27 2 0 0 0
BinVal : 27 3 0.25 0.1166 0.1166
BinVal : 27 4 0.5769 0.0919 0.0919
BinVal : 27 5 0.5128 0.07713 0.07713
BinVal : 27 6 0.8684 0.05577 0.05577
BinVal : 27 7 0.85 0.08042 0.08042
BinVal : 27 8 0.8824 0.08154 0.08154
BinVal : 27 9 1 0.1936 0.1936
BinVal : 27 10 1 0.1936 0.1936
BinVal : 27 11 1 0.1936 0.1936
BinVal : 27 12 1 0.1936 0.1936
BinVal : 28 0 0 0 0
BinVal : 28 1 0 0 0
BinVal : 28 2 0 0 0
BinVal : 28 3 0 0 0
BinVal : 28 4 0.8 0.1597 0.1597
BinVal : 28 5 0.2857 0.1491 0.1491
BinVal : 28 6 0.2857 0.1491 0.1491
BinVal : 28 7 0.5 0.2236 0.2236
BinVal : 28 8 0.5 0.2236 0.2236
BinVal : 28 9 0.5 0.2236 0.2236
BinVal : 28 10 0.5 0.2236 0.2236
BinVal : 28 11 0.5 0.2236 0.2236
BinVal : 28 12 0.5 0.2236 0.2236
