D0NoteID : 0
EffName : CALONLY_v155
EffType : Binned
EffVarNames : DetEta pT
EffVersion : 6
ObjQuality : MLoose1
ObjType : Electron
ObjVersion : 11
BinEdgesX : -3.2 -2.8 -2.5 -2.3 -2.1 -1.9 -1.7 -1.5 -1.3 -1.1 -0.9 -0.7 -0.5 -0.3 -0.1 0.1 0.3 0.5 0.7 0.9 1.1 1.3 1.5 1.7 1.9 2.1 2.3 2.5 2.8 3.2
BinEdgesY : 0 10 15 20 22 25 30 35 40 50 60 70 80 1000
BinVal : 0 0 0 0 0
BinVal : 0 1 0 0 0
BinVal : 0 2 0 0 0
BinVal : 0 3 0.01361 0.01147 0.01147
BinVal : 0 4 0.03916 0.01095 0.01095
BinVal : 0 5 0.4387 0.01939 0.01939
BinVal : 0 6 0.6648 0.02032 0.02032
BinVal : 0 7 0.6225 0.02777 0.02777
BinVal : 0 8 0.6717 0.02568 0.02568
BinVal : 0 9 0.7857 0.105 0.105
BinVal : 0 10 1 0.1936 0.1936
BinVal : 0 11 1 0.1936 0.1936
BinVal : 0 12 1 0.1936 0.1936
BinVal : 1 0 0 0 0
BinVal : 1 1 0 0 0
BinVal : 1 2 0 0 0
BinVal : 1 3 0.01648 0.01072 0.01072
BinVal : 1 4 0.06784 0.01274 0.01274
BinVal : 1 5 0.6463 0.01667 0.01667
BinVal : 1 6 0.8404 0.01255 0.01255
BinVal : 1 7 0.8534 0.01598 0.01598
BinVal : 1 8 0.8594 0.01368 0.01368
BinVal : 1 9 0.9592 0.03263 0.03263
BinVal : 1 10 1 0.09938 0.09938
BinVal : 1 11 1 0.09938 0.09938
BinVal : 1 12 1 0.2357 0.2357
BinVal : 2 0 0 0 0
BinVal : 2 1 0 0 0
BinVal : 2 2 0 0 0
BinVal : 2 3 0.005848 0.008104 0.008104
BinVal : 2 4 0.09769 0.01514 0.01514
BinVal : 2 5 0.738 0.01523 0.01523
BinVal : 2 6 0.9219 0.008469 0.008469
BinVal : 2 7 0.9636 0.006972 0.006972
BinVal : 2 8 0.9616 0.006346 0.006346
BinVal : 2 9 0.9875 0.01693 0.01693
BinVal : 2 10 1 0.05871 0.05871
BinVal : 2 11 1 0.1633 0.1633
BinVal : 2 12 1 0.1936 0.1936
BinVal : 3 0 0 0 0
BinVal : 3 1 0 0 0
BinVal : 3 2 0 0 0
BinVal : 3 3 0.01042 0.008836 0.008836
BinVal : 3 4 0.115 0.01505 0.01505
BinVal : 3 5 0.7169 0.01533 0.01533
BinVal : 3 6 0.9322 0.007493 0.007493
BinVal : 3 7 0.9638 0.005606 0.005606
BinVal : 3 8 0.9698 0.004633 0.004633
BinVal : 3 9 0.9776 0.01444 0.01444
BinVal : 3 10 1 0.03701 0.03701
BinVal : 3 11 1 0.1237 0.1237
BinVal : 3 12 1 0.1409 0.1409
BinVal : 4 0 0 0 0
BinVal : 4 1 0 0 0
BinVal : 4 2 0 0 0
BinVal : 4 3 0.01951 0.01065 0.01065
BinVal : 4 4 0.1315 0.01511 0.01511
BinVal : 4 5 0.7658 0.01342 0.01342
BinVal : 4 6 0.9494 0.006102 0.006102
BinVal : 4 7 0.9618 0.004946 0.004946
BinVal : 4 8 0.9698 0.003805 0.003805
BinVal : 4 9 0.9796 0.009776 0.009776
BinVal : 4 10 1 0.02563 0.02563
BinVal : 4 11 1 0.08299 0.08299
BinVal : 4 12 1 0.1409 0.1409
BinVal : 5 0 0 0 0
BinVal : 5 1 0 0 0
BinVal : 5 2 0 0.004902 0.004902
BinVal : 5 3 0.03352 0.01429 0.01429
BinVal : 5 4 0.1528 0.01683 0.01683
BinVal : 5 5 0.8447 0.01105 0.01105
BinVal : 5 6 0.9703 0.004453 0.004453
BinVal : 5 7 0.9727 0.003923 0.003923
BinVal : 5 8 0.9766 0.002883 0.002883
BinVal : 5 9 0.9883 0.006443 0.006443
BinVal : 5 10 1 0.01886 0.01886
BinVal : 5 11 1 0.05871 0.05871
BinVal : 5 12 1 0.07122 0.07122
BinVal : 6 0 0 0 0
BinVal : 6 1 0 0 0
BinVal : 6 2 0 0.0119 0.0119
BinVal : 6 3 0.04762 0.02509 0.02509
BinVal : 6 4 0.1545 0.0244 0.0244
BinVal : 6 5 0.8641 0.01481 0.01481
BinVal : 6 6 0.9738 0.005911 0.005911
BinVal : 6 7 0.9781 0.004948 0.004948
BinVal : 6 8 0.9803 0.003552 0.003552
BinVal : 6 9 0.9947 0.007423 0.007423
BinVal : 6 10 1 0.03123 0.03123
BinVal : 6 11 1 0.09938 0.09938
BinVal : 6 12 1 0.07666 0.07666
BinVal : 7 0 0 0 0
BinVal : 7 1 0 0 0
BinVal : 7 2 0 0 0
BinVal : 7 3 0 0 0
BinVal : 7 4 0 0 0
BinVal : 7 5 0 0 0
BinVal : 7 6 0 0 0
BinVal : 7 7 0 0 0
BinVal : 7 8 0 0 0
BinVal : 7 9 0 0 0
BinVal : 7 10 0 0 0
BinVal : 7 11 0 0 0
BinVal : 7 12 0 0 0
BinVal : 8 0 0 0 0
BinVal : 8 1 0 0 0
BinVal : 8 2 0 0 0
BinVal : 8 3 0 0 0
BinVal : 8 4 0 0 0
BinVal : 8 5 0 0 0
BinVal : 8 6 0 0 0
BinVal : 8 7 0 0 0
BinVal : 8 8 0 0 0
BinVal : 8 9 0 0 0
BinVal : 8 10 0 0 0
BinVal : 8 11 0 0 0
BinVal : 8 12 0 0 0
BinVal : 9 0 0 0 0
BinVal : 9 1 0 0 0
BinVal : 9 2 0 0 0
BinVal : 9 3 0.01299 0.01756 0.01756
BinVal : 9 4 0.3022 0.03383 0.03383
BinVal : 9 5 0.9094 0.0128 0.0128
BinVal : 9 6 0.9817 0.003947 0.003947
BinVal : 9 7 0.9752 0.003417 0.003417
BinVal : 9 8 0.9921 0.001353 0.001353
BinVal : 9 9 0.9959 0.002686 0.002686
BinVal : 9 10 1 0.00813 0.00813
BinVal : 9 11 1 0.02083 0.02083
BinVal : 9 12 1 0.03701 0.03701
BinVal : 10 0 0 0 0
BinVal : 10 1 0 0 0
BinVal : 10 2 0 0 0
BinVal : 10 3 0.0125 0.01693 0.01693
BinVal : 10 4 0.1781 0.02584 0.02584
BinVal : 10 5 0.904 0.01235 0.01235
BinVal : 10 6 0.9749 0.004431 0.004431
BinVal : 10 7 0.9828 0.002653 0.002653
BinVal : 10 8 0.9911 0.001278 0.001278
BinVal : 10 9 0.991 0.003337 0.003337
BinVal : 10 10 1 0.006135 0.006135
BinVal : 10 11 1 0.01587 0.01587
BinVal : 10 12 1 0.02222 0.02222
BinVal : 11 0 0 0 0
BinVal : 11 1 0 0 0
BinVal : 11 2 0 0 0
BinVal : 11 3 0.0274 0.02248 0.02248
BinVal : 11 4 0.1955 0.0267 0.0267
BinVal : 11 5 0.9336 0.009963 0.009963
BinVal : 11 6 0.9732 0.004734 0.004734
BinVal : 11 7 0.9845 0.002483 0.002483
BinVal : 11 8 0.9894 0.001346 0.001346
BinVal : 11 9 0.99 0.003469 0.003469
BinVal : 11 10 1 0.005236 0.005236
BinVal : 11 11 1 0.01389 0.01389
BinVal : 11 12 1 0.01492 0.01492
BinVal : 12 0 0 0 0
BinVal : 12 1 0 0 0
BinVal : 12 2 0 0 0
BinVal : 12 3 0.01562 0.02094 0.02094
BinVal : 12 4 0.1863 0.02723 0.02723
BinVal : 12 5 0.9368 0.0094 0.0094
BinVal : 12 6 0.9733 0.004639 0.004639
BinVal : 12 7 0.9837 0.002618 0.002618
BinVal : 12 8 0.9879 0.001398 0.001398
BinVal : 12 9 0.9926 0.002973 0.002973
BinVal : 12 10 1 0.004975 0.004975
BinVal : 12 11 1 0.01282 0.01282
BinVal : 12 12 1 0.01492 0.01492
BinVal : 13 0 0 0 0
BinVal : 13 1 0 0 0
BinVal : 13 2 0 0 0
BinVal : 13 3 0 0 0
BinVal : 13 4 0.1321 0.02334 0.02334
BinVal : 13 5 0.9386 0.009027 0.009027
BinVal : 13 6 0.9732 0.004518 0.004518
BinVal : 13 7 0.9872 0.002442 0.002442
BinVal : 13 8 0.9899 0.001248 0.001248
BinVal : 13 9 0.991 0.003148 0.003148
BinVal : 13 10 1 0.005236 0.005236
BinVal : 13 11 1 0.01234 0.01234
BinVal : 13 12 1 0.01923 0.01923
BinVal : 14 0 0 0 0
BinVal : 14 1 0 0 0
BinVal : 14 2 0 0 0
BinVal : 14 3 0.01333 0.01801 0.01801
BinVal : 14 4 0.1835 0.02619 0.02619
BinVal : 14 5 0.9543 0.007622 0.007622
BinVal : 14 6 0.9792 0.003947 0.003947
BinVal : 14 7 0.9842 0.002687 0.002687
BinVal : 14 8 0.9901 0.001231 0.001231
BinVal : 14 9 0.9869 0.003602 0.003602
BinVal : 14 10 1 0.005025 0.005025
BinVal : 14 11 1 0.01408 0.01408
BinVal : 14 12 1 0.01695 0.01695
BinVal : 15 0 0 0 0
BinVal : 15 1 0 0 0
BinVal : 15 2 0 0 0
BinVal : 15 3 0.01316 0.01778 0.01778
BinVal : 15 4 0.1794 0.02568 0.02568
BinVal : 15 5 0.9352 0.008912 0.008912
BinVal : 15 6 0.9821 0.003679 0.003679
BinVal : 15 7 0.9823 0.002734 0.002734
BinVal : 15 8 0.9878 0.001386 0.001386
BinVal : 15 9 0.9876 0.003545 0.003545
BinVal : 15 10 1 0.005291 0.005291
BinVal : 15 11 1 0.01538 0.01538
BinVal : 15 12 1 0.01818 0.01818
BinVal : 16 0 0 0 0
BinVal : 16 1 0 0 0
BinVal : 16 2 0 0 0
BinVal : 16 3 0 0 0
BinVal : 16 4 0.1507 0.02422 0.02422
BinVal : 16 5 0.8997 0.0114 0.0114
BinVal : 16 6 0.9851 0.003297 0.003297
BinVal : 16 7 0.9854 0.002413 0.002413
BinVal : 16 8 0.9885 0.001379 0.001379
BinVal : 16 9 0.992 0.002997 0.002997
BinVal : 16 10 1 0.005555 0.005555
BinVal : 16 11 1 0.0125 0.0125
BinVal : 16 12 1 0.02222 0.02222
BinVal : 17 0 0 0 0
BinVal : 17 1 0 0 0
BinVal : 17 2 0 0 0
BinVal : 17 3 0 0 0
BinVal : 17 4 0.1813 0.02943 0.02943
BinVal : 17 5 0.8852 0.01343 0.01343
BinVal : 17 6 0.9759 0.004127 0.004127
BinVal : 17 7 0.9867 0.002268 0.002268
BinVal : 17 8 0.9894 0.001365 0.001365
BinVal : 17 9 0.9959 0.002279 0.002279
BinVal : 17 10 0.9942 0.008104 0.008104
BinVal : 17 11 1 0.01282 0.01282
BinVal : 17 12 1 0.0196 0.0196
BinVal : 18 0 0 0 0
BinVal : 18 1 0 0 0
BinVal : 18 2 0 0 0
BinVal : 18 3 0 0 0
BinVal : 18 4 0.2179 0.03293 0.03293
BinVal : 18 5 0.8938 0.01425 0.01425
BinVal : 18 6 0.9576 0.005744 0.005744
BinVal : 18 7 0.9855 0.002577 0.002577
BinVal : 18 8 0.99 0.001478 0.001478
BinVal : 18 9 0.9975 0.002157 0.002157
BinVal : 18 10 0.9929 0.009786 0.009786
BinVal : 18 11 1 0.01785 0.01785
BinVal : 18 12 1 0.02222 0.02222
BinVal : 19 0 0 0 0
BinVal : 19 1 0 0 0
BinVal : 19 2 0 0 0
BinVal : 19 3 0 0 0
BinVal : 19 4 0.2222 0.04584 0.04584
BinVal : 19 5 0.9 0.02041 0.02041
BinVal : 19 6 0.9515 0.009218 0.009218
BinVal : 19 7 0.982 0.004581 0.004581
BinVal : 19 8 0.9904 0.002307 0.002307
BinVal : 19 9 0.9969 0.004318 0.004318
BinVal : 19 10 1 0.01492 0.01492
BinVal : 19 11 1 0.0454 0.0454
BinVal : 19 12 1 0.05255 0.05255
BinVal : 20 0 0 0 0
BinVal : 20 1 0 0 0
BinVal : 20 2 0 0 0
BinVal : 20 3 0 0 0
BinVal : 20 4 0 0 0
BinVal : 20 5 0 0 0
BinVal : 20 6 0 0 0
BinVal : 20 7 0 0 0
BinVal : 20 8 0 0 0
BinVal : 20 9 0 0 0
BinVal : 20 10 0 0 0
BinVal : 20 11 0 0 0
BinVal : 20 12 0 0 0
BinVal : 21 0 0 0 0
BinVal : 21 1 0 0 0
BinVal : 21 2 0 0 0
BinVal : 21 3 0 0 0
BinVal : 21 4 0 0 0
BinVal : 21 5 0 0 0
BinVal : 21 6 0 0 0
BinVal : 21 7 0 0 0
BinVal : 21 8 0 0 0
BinVal : 21 9 0 0 0
BinVal : 21 10 0 0 0
BinVal : 21 11 0 0 0
BinVal : 21 12 0 0 0
BinVal : 22 0 0 0 0
BinVal : 22 1 0 0 0
BinVal : 22 2 0 0 0
BinVal : 22 3 0.03261 0.01392 0.01392
BinVal : 22 4 0.1922 0.0183 0.0183
BinVal : 22 5 0.8548 0.01089 0.01089
BinVal : 22 6 0.9568 0.005353 0.005353
BinVal : 22 7 0.9831 0.003159 0.003159
BinVal : 22 8 0.9823 0.002523 0.002523
BinVal : 22 9 0.9741 0.008892 0.008892
BinVal : 22 10 1 0.01428 0.01428
BinVal : 22 11 1 0.0454 0.0454
BinVal : 22 12 1 0.06236 0.06236
BinVal : 23 0 0 0 0
BinVal : 23 1 0 0 0
BinVal : 23 2 0 0 0
BinVal : 23 3 0.01395 0.00911 0.00911
BinVal : 23 4 0.1231 0.01544 0.01544
BinVal : 23 5 0.7786 0.01299 0.01299
BinVal : 23 6 0.9422 0.006381 0.006381
BinVal : 23 7 0.9666 0.004786 0.004786
BinVal : 23 8 0.9759 0.003397 0.003397
BinVal : 23 9 0.9653 0.01186 0.01186
BinVal : 23 10 1 0.01923 0.01923
BinVal : 23 11 1 0.08299 0.08299
BinVal : 23 12 1 0.1102 0.1102
BinVal : 24 0 0 0 0
BinVal : 24 1 0 0 0
BinVal : 24 2 0 0 0
BinVal : 24 3 0 0 0
BinVal : 24 4 0.07444 0.01319 0.01319
BinVal : 24 5 0.757 0.01431 0.01431
BinVal : 24 6 0.9459 0.006662 0.006662
BinVal : 24 7 0.9593 0.00599 0.00599
BinVal : 24 8 0.9741 0.004185 0.004185
BinVal : 24 9 0.9688 0.01479 0.01479
BinVal : 24 10 1 0.03997 0.03997
BinVal : 24 11 1 0.1409 0.1409
BinVal : 24 12 1 0.1633 0.1633
BinVal : 25 0 0 0 0
BinVal : 25 1 0 0 0
BinVal : 25 2 0.002809 0.003934 0.003934
BinVal : 25 3 0.002809 0.003934 0.003934
BinVal : 25 4 0.05928 0.01215 0.01215
BinVal : 25 5 0.7249 0.01517 0.01517
BinVal : 25 6 0.9352 0.007996 0.007996
BinVal : 25 7 0.9454 0.008259 0.008259
BinVal : 25 8 0.9643 0.006083 0.006083
BinVal : 25 9 0.968 0.01719 0.01719
BinVal : 25 10 1 0.1237 0.1237
BinVal : 25 11 1 0.1936 0.1936
BinVal : 25 12 1 0.1936 0.1936
BinVal : 26 0 0 0 0
BinVal : 26 1 0 0 0
BinVal : 26 2 0.002747 0.003848 0.003848
BinVal : 26 3 0.005556 0.007706 0.007706
BinVal : 26 4 0.1021 0.01483 0.01483
BinVal : 26 5 0.6162 0.01615 0.01615
BinVal : 26 6 0.8331 0.01321 0.01321
BinVal : 26 7 0.8487 0.0157 0.0157
BinVal : 26 8 0.8662 0.01337 0.01337
BinVal : 26 9 0.9398 0.02762 0.02762
BinVal : 26 10 1 0.1409 0.1409
BinVal : 26 11 1 0.1409 0.1409
BinVal : 26 12 1 0.1409 0.1409
BinVal : 27 0 0 0 0
BinVal : 27 1 0 0 0
BinVal : 27 2 0 0 0
BinVal : 27 3 0.01176 0.009953 0.009953
BinVal : 27 4 0.08798 0.01546 0.01546
BinVal : 27 5 0.4196 0.01842 0.01842
BinVal : 27 6 0.6462 0.0212 0.0212
BinVal : 27 7 0.6121 0.02671 0.02671
BinVal : 27 8 0.7011 0.02412 0.02412
BinVal : 27 9 0.8696 0.0719 0.0719
BinVal : 27 10 1 0.1633 0.1633
BinVal : 27 11 1 0.1633 0.1633
BinVal : 27 12 1 0.1633 0.1633
BinVal : 28 0 0 0 0
BinVal : 28 1 0 0 0
BinVal : 28 2 0 0 0
BinVal : 28 3 0.01562 0.02094 0.02094
BinVal : 28 4 0.01562 0.02094 0.02094
BinVal : 28 5 0.1899 0.0244 0.0244
BinVal : 28 6 0.4085 0.04084 0.04084
BinVal : 28 7 0.3917 0.04405 0.04405
BinVal : 28 8 0.4815 0.05452 0.05452
BinVal : 28 9 1 0.2357 0.2357
BinVal : 28 10 1 0.2357 0.2357
BinVal : 28 11 1 0.2357 0.2357
BinVal : 28 12 1 0.2357 0.2357
