D0NoteID : 0
EffName : CALONLY_v16
EffType : Binned
EffVarNames : DetEta pT
EffVersion : 6
ObjQuality : Tight_trk
ObjType : Electron
ObjVersion : 2
BinEdgesX : -3.2 -2.8 -2.5 -2.3 -2.1 -1.9 -1.7 -1.5 -1.3 -1.1 -0.9 -0.7 -0.5 -0.3 -0.1 0.1 0.3 0.5 0.7 0.9 1.1 1.3 1.5 1.7 1.9 2.1 2.3 2.5 2.8 3.2
BinEdgesY : 0 10 15 20 22 25 30 35 40 50 60 70 80 1000
BinVal : 0 0 0 0 0
BinVal : 0 1 0 0 0
BinVal : 0 2 0 0 0
BinVal : 0 3 0 0 0
BinVal : 0 4 0 0 0
BinVal : 0 5 0.6441 0.06098 0.06098
BinVal : 0 6 0.7451 0.06 0.06
BinVal : 0 7 0.8333 0.08729 0.08729
BinVal : 0 8 0.7105 0.07157 0.07157
BinVal : 0 9 1 0.2357 0.2357
BinVal : 0 10 1 0.2357 0.2357
BinVal : 0 11 1 0.2357 0.2357
BinVal : 0 12 1 0.2357 0.2357
BinVal : 1 0 0 0 0
BinVal : 1 1 0 0 0
BinVal : 1 2 0 0 0
BinVal : 1 3 0 0 0
BinVal : 1 4 0.129 0.04312 0.04312
BinVal : 1 5 0.7569 0.02895 0.02895
BinVal : 1 6 0.8546 0.02103 0.02103
BinVal : 1 7 0.9111 0.02151 0.02151
BinVal : 1 8 0.8898 0.01977 0.01977
BinVal : 1 9 1 0.03997 0.03997
BinVal : 1 10 1 0.1936 0.1936
BinVal : 1 11 1 0.1936 0.1936
BinVal : 1 12 1 0.1936 0.1936
BinVal : 2 0 0 0 0
BinVal : 2 1 0 0 0
BinVal : 2 2 0 0 0
BinVal : 2 3 0 0 0
BinVal : 2 4 0.1278 0.02915 0.02915
BinVal : 2 5 0.7881 0.01992 0.01992
BinVal : 2 6 0.919 0.01178 0.01178
BinVal : 2 7 0.9448 0.01087 0.01087
BinVal : 2 8 0.9513 0.009266 0.009266
BinVal : 2 9 0.975 0.03248 0.03248
BinVal : 2 10 1 0.09045 0.09045
BinVal : 2 11 1 0.09045 0.09045
BinVal : 2 12 1 0.09045 0.09045
BinVal : 3 0 0 0 0
BinVal : 3 1 0 0 0
BinVal : 3 2 0.008696 0.01193 0.01193
BinVal : 3 3 0.008696 0.01193 0.01193
BinVal : 3 4 0.1066 0.02217 0.02217
BinVal : 3 5 0.8037 0.01708 0.01708
BinVal : 3 6 0.9468 0.008253 0.008253
BinVal : 3 7 0.9488 0.007752 0.007752
BinVal : 3 8 0.9573 0.006284 0.006284
BinVal : 3 9 0.9429 0.02379 0.02379
BinVal : 3 10 1 0.04993 0.04993
BinVal : 3 11 1 0.1936 0.1936
BinVal : 3 12 1 0.1936 0.1936
BinVal : 4 0 0 0 0
BinVal : 4 1 0 0 0
BinVal : 4 2 0.006135 0.008493 0.008493
BinVal : 4 3 0.006135 0.008493 0.008493
BinVal : 4 4 0.15 0.02218 0.02218
BinVal : 4 5 0.8117 0.01408 0.01408
BinVal : 4 6 0.9495 0.006561 0.006561
BinVal : 4 7 0.9484 0.005956 0.005956
BinVal : 4 8 0.9553 0.004681 0.004681
BinVal : 4 9 0.9631 0.01338 0.01338
BinVal : 4 10 1 0.03224 0.03224
BinVal : 4 11 1 0.07122 0.07122
BinVal : 4 12 1 0.1409 0.1409
BinVal : 5 0 0 0 0
BinVal : 5 1 0 0 0
BinVal : 5 2 0.005848 0.008104 0.008104
BinVal : 5 3 0.03145 0.01488 0.01488
BinVal : 5 4 0.2659 0.02369 0.02369
BinVal : 5 5 0.8686 0.01028 0.01028
BinVal : 5 6 0.9645 0.004735 0.004735
BinVal : 5 7 0.9688 0.003833 0.003833
BinVal : 5 8 0.9671 0.003152 0.003152
BinVal : 5 9 0.9792 0.007671 0.007671
BinVal : 5 10 1 0.01562 0.01562
BinVal : 5 11 1 0.03843 0.03843
BinVal : 5 12 1 0.08299 0.08299
BinVal : 6 0 0 0 0
BinVal : 6 1 0 0 0
BinVal : 6 2 0.01205 0.01635 0.01635
BinVal : 6 3 0.05556 0.0256 0.0256
BinVal : 6 4 0.325 0.03292 0.03292
BinVal : 6 5 0.9175 0.01135 0.01135
BinVal : 6 6 0.9744 0.005479 0.005479
BinVal : 6 7 0.9812 0.003965 0.003965
BinVal : 6 8 0.9731 0.003669 0.003669
BinVal : 6 9 0.9802 0.009474 0.009474
BinVal : 6 10 1 0.02173 0.02173
BinVal : 6 11 1 0.05871 0.05871
BinVal : 6 12 1 0.1237 0.1237
BinVal : 7 0 0 0 0
BinVal : 7 1 0 0 0
BinVal : 7 2 0 0 0
BinVal : 7 3 0 0 0
BinVal : 7 4 0 0 0
BinVal : 7 5 0 0 0
BinVal : 7 6 0 0 0
BinVal : 7 7 0 0 0
BinVal : 7 8 0 0 0
BinVal : 7 9 0 0 0
BinVal : 7 10 0 0 0
BinVal : 7 11 0 0 0
BinVal : 7 12 0 0 0
BinVal : 8 0 0 0 0
BinVal : 8 1 0 0 0
BinVal : 8 2 0 0 0
BinVal : 8 3 0 0 0
BinVal : 8 4 0 0 0
BinVal : 8 5 0 0 0
BinVal : 8 6 0 0 0
BinVal : 8 7 0 0 0
BinVal : 8 8 0 0 0
BinVal : 8 9 0 0 0
BinVal : 8 10 0 0 0
BinVal : 8 11 0 0 0
BinVal : 8 12 0 0 0
BinVal : 9 0 0 0 0
BinVal : 9 1 0 0 0
BinVal : 9 2 0 0 0
BinVal : 9 3 0.009174 0.01257 0.01257
BinVal : 9 4 0.1772 0.02479 0.02479
BinVal : 9 5 0.8939 0.01139 0.01139
BinVal : 9 6 0.9675 0.004058 0.004058
BinVal : 9 7 0.9829 0.002218 0.002218
BinVal : 9 8 0.9915 0.001086 0.001086
BinVal : 9 9 0.9924 0.002652 0.002652
BinVal : 9 10 1 0.004386 0.004386
BinVal : 9 11 1 0.01428 0.01428
BinVal : 9 12 1 0.02272 0.02272
BinVal : 10 0 0 0 0
BinVal : 10 1 0 0 0
BinVal : 10 2 0 0 0
BinVal : 10 3 0.008264 0.01136 0.01136
BinVal : 10 4 0.1546 0.02076 0.02076
BinVal : 10 5 0.8817 0.01113 0.01113
BinVal : 10 6 0.9779 0.003188 0.003188
BinVal : 10 7 0.9854 0.001866 0.001866
BinVal : 10 8 0.9933 0.0008689 0.0008689
BinVal : 10 9 0.9939 0.002129 0.002129
BinVal : 10 10 1 0.003521 0.003521
BinVal : 10 11 1 0.01163 0.01163
BinVal : 10 12 1 0.01538 0.01538
BinVal : 11 0 0 0 0
BinVal : 11 1 0 0 0
BinVal : 11 2 0 0 0
BinVal : 11 3 0 0 0
BinVal : 11 4 0.1265 0.0183 0.0183
BinVal : 11 5 0.8775 0.01019 0.01019
BinVal : 11 6 0.9763 0.003303 0.003303
BinVal : 11 7 0.9874 0.00173 0.00173
BinVal : 11 8 0.993 0.0008729 0.0008729
BinVal : 11 9 0.9933 0.002208 0.002208
BinVal : 11 10 0.9965 0.004936 0.004936
BinVal : 11 11 1 0.01099 0.01099
BinVal : 11 12 1 0.01282 0.01282
BinVal : 12 0 0 0 0
BinVal : 12 1 0 0 0
BinVal : 12 2 0 0 0
BinVal : 12 3 0 0 0
BinVal : 12 4 0.1196 0.01804 0.01804
BinVal : 12 5 0.895 0.008902 0.008902
BinVal : 12 6 0.9761 0.003369 0.003369
BinVal : 12 7 0.9879 0.001772 0.001772
BinVal : 12 8 0.9931 0.0008461 0.0008461
BinVal : 12 9 0.9926 0.002309 0.002309
BinVal : 12 10 0.9962 0.005267 0.005267
BinVal : 12 11 1 0.01053 0.01053
BinVal : 12 12 1 0.01408 0.01408
BinVal : 13 0 0 0 0
BinVal : 13 1 0 0 0
BinVal : 13 2 0 0 0
BinVal : 13 3 0 0 0
BinVal : 13 4 0.1176 0.01904 0.01904
BinVal : 13 5 0.9192 0.007808 0.007808
BinVal : 13 6 0.9775 0.003243 0.003243
BinVal : 13 7 0.9889 0.001814 0.001814
BinVal : 13 8 0.9943 0.0007538 0.0007538
BinVal : 13 9 0.993 0.002298 0.002298
BinVal : 13 10 0.9961 0.005408 0.005408
BinVal : 13 11 1 0.01031 0.01031
BinVal : 13 12 1 0.01587 0.01587
BinVal : 14 0 0 0 0
BinVal : 14 1 0 0 0
BinVal : 14 2 0 0 0
BinVal : 14 3 0 0 0
BinVal : 14 4 0.149 0.02052 0.02052
BinVal : 14 5 0.9222 0.007606 0.007606
BinVal : 14 6 0.9773 0.003236 0.003236
BinVal : 14 7 0.9875 0.001945 0.001945
BinVal : 14 8 0.9927 0.0008505 0.0008505
BinVal : 14 9 0.9935 0.002277 0.002277
BinVal : 14 10 0.9962 0.005267 0.005267
BinVal : 14 11 1 0.01087 0.01087
BinVal : 14 12 1 0.01408 0.01408
BinVal : 15 0 0 0 0
BinVal : 15 1 0 0 0
BinVal : 15 2 0 0 0
BinVal : 15 3 0 0 0
BinVal : 15 4 0.1751 0.0207 0.0207
BinVal : 15 5 0.8937 0.008631 0.008631
BinVal : 15 6 0.979 0.003165 0.003165
BinVal : 15 7 0.9858 0.001966 0.001966
BinVal : 15 8 0.9905 0.0009759 0.0009759
BinVal : 15 9 0.9925 0.002346 0.002346
BinVal : 15 10 1 0.003745 0.003745
BinVal : 15 11 1 0.01136 0.01136
BinVal : 15 12 1 0.01333 0.01333
BinVal : 16 0 0 0 0
BinVal : 16 1 0 0 0
BinVal : 16 2 0 0 0
BinVal : 16 3 0.01942 0.01618 0.01618
BinVal : 16 4 0.172 0.02038 0.02038
BinVal : 16 5 0.8851 0.009278 0.009278
BinVal : 16 6 0.9754 0.003392 0.003392
BinVal : 16 7 0.9869 0.001769 0.001769
BinVal : 16 8 0.9902 0.0009983 0.0009983
BinVal : 16 9 0.9922 0.002344 0.002344
BinVal : 16 10 0.9963 0.005209 0.005209
BinVal : 16 11 1 0.01176 0.01176
BinVal : 16 12 1 0.01639 0.01639
BinVal : 17 0 0 0 0
BinVal : 17 1 0 0 0
BinVal : 17 2 0 0 0
BinVal : 17 3 0.03306 0.01773 0.01773
BinVal : 17 4 0.1492 0.0201 0.0201
BinVal : 17 5 0.8978 0.009801 0.009801
BinVal : 17 6 0.9716 0.003554 0.003554
BinVal : 17 7 0.9872 0.00171 0.00171
BinVal : 17 8 0.992 0.000927 0.000927
BinVal : 17 9 0.9954 0.001852 0.001852
BinVal : 17 10 0.9964 0.004988 0.004988
BinVal : 17 11 1 0.01136 0.01136
BinVal : 17 12 1 0.01923 0.01923
BinVal : 18 0 0 0 0
BinVal : 18 1 0 0 0
BinVal : 18 2 0 0 0
BinVal : 18 3 0.01818 0.01519 0.01519
BinVal : 18 4 0.1595 0.02406 0.02406
BinVal : 18 5 0.8889 0.011 0.011
BinVal : 18 6 0.9644 0.004085 0.004085
BinVal : 18 7 0.9813 0.00224 0.00224
BinVal : 18 8 0.9871 0.001284 0.001284
BinVal : 18 9 0.9923 0.002526 0.002526
BinVal : 18 10 0.9957 0.006056 0.006056
BinVal : 18 11 1 0.0137 0.0137
BinVal : 18 12 1 0.02 0.02
BinVal : 19 0 0 0 0
BinVal : 19 1 0 0 0
BinVal : 19 2 0 0 0
BinVal : 19 3 0 0 0
BinVal : 19 4 0.2289 0.04574 0.04574
BinVal : 19 5 0.8727 0.01703 0.01703
BinVal : 19 6 0.9574 0.006741 0.006741
BinVal : 19 7 0.9739 0.004063 0.004063
BinVal : 19 8 0.9789 0.002544 0.002544
BinVal : 19 9 0.984 0.005562 0.005562
BinVal : 19 10 0.989 0.01496 0.01496
BinVal : 19 11 1 0.03446 0.03446
BinVal : 19 12 1 0.04163 0.04163
BinVal : 20 0 0 0 0
BinVal : 20 1 0 0 0
BinVal : 20 2 0 0 0
BinVal : 20 3 0 0 0
BinVal : 20 4 0 0 0
BinVal : 20 5 0 0 0
BinVal : 20 6 0 0 0
BinVal : 20 7 0 0 0
BinVal : 20 8 0 0 0
BinVal : 20 9 0 0 0
BinVal : 20 10 0 0 0
BinVal : 20 11 0 0 0
BinVal : 20 12 0 0 0
BinVal : 21 0 0 0 0
BinVal : 21 1 0 0 0
BinVal : 21 2 0 0 0
BinVal : 21 3 0 0 0
BinVal : 21 4 0 0 0
BinVal : 21 5 0 0 0
BinVal : 21 6 0 0 0
BinVal : 21 7 0 0 0
BinVal : 21 8 0 0 0
BinVal : 21 9 0 0 0
BinVal : 21 10 0 0 0
BinVal : 21 11 0 0 0
BinVal : 21 12 0 0 0
BinVal : 22 0 0 0 0
BinVal : 22 1 0 0 0
BinVal : 22 2 0.005435 0.007542 0.007542
BinVal : 22 3 0.006944 0.009587 0.009587
BinVal : 22 4 0.2953 0.024 0.024
BinVal : 22 5 0.8895 0.009567 0.009567
BinVal : 22 6 0.9648 0.004697 0.004697
BinVal : 22 7 0.9739 0.003594 0.003594
BinVal : 22 8 0.972 0.002754 0.002754
BinVal : 22 9 0.9878 0.005334 0.005334
BinVal : 22 10 1 0.0137 0.0137
BinVal : 22 11 1 0.03569 0.03569
BinVal : 22 12 1 0.1237 0.1237
BinVal : 23 0 0 0 0
BinVal : 23 1 0 0 0
BinVal : 23 2 0 0 0
BinVal : 23 3 0.008 0.011 0.011
BinVal : 23 4 0.1919 0.02283 0.02283
BinVal : 23 5 0.8529 0.01267 0.01267
BinVal : 23 6 0.9453 0.006793 0.006793
BinVal : 23 7 0.9638 0.004963 0.004963
BinVal : 23 8 0.9675 0.003816 0.003816
BinVal : 23 9 0.9862 0.007605 0.007605
BinVal : 23 10 1 0.02083 0.02083
BinVal : 23 11 1 0.1237 0.1237
BinVal : 23 12 1 0.2357 0.2357
BinVal : 24 0 0 0 0
BinVal : 24 1 0 0 0
BinVal : 24 2 0 0 0
BinVal : 24 3 0.01176 0.01598 0.01598
BinVal : 24 4 0.1381 0.02388 0.02388
BinVal : 24 5 0.818 0.01576 0.01576
BinVal : 24 6 0.9367 0.008467 0.008467
BinVal : 24 7 0.9624 0.006302 0.006302
BinVal : 24 8 0.9646 0.005345 0.005345
BinVal : 24 9 0.9923 0.01059 0.01059
BinVal : 24 10 1 0.03701 0.03701
BinVal : 24 11 1 0.1633 0.1633
BinVal : 24 12 1 0.1633 0.1633
BinVal : 25 0 0 0 0
BinVal : 25 1 0 0 0
BinVal : 25 2 0 0 0
BinVal : 25 3 0.01471 0.01977 0.01977
BinVal : 25 4 0.1034 0.0256 0.0256
BinVal : 25 5 0.7821 0.01861 0.01861
BinVal : 25 6 0.9226 0.01079 0.01079
BinVal : 25 7 0.947 0.009523 0.009523
BinVal : 25 8 0.9611 0.007179 0.007179
BinVal : 25 9 0.9873 0.01714 0.01714
BinVal : 25 10 1 0.0665 0.0665
BinVal : 25 11 1 0.1936 0.1936
BinVal : 25 12 1 0.1936 0.1936
BinVal : 26 0 0 0 0
BinVal : 26 1 0 0 0
BinVal : 26 2 0 0 0
BinVal : 26 3 0 0 0
BinVal : 26 4 0.06173 0.02826 0.02826
BinVal : 26 5 0.7355 0.02646 0.02646
BinVal : 26 6 0.892 0.01662 0.01662
BinVal : 26 7 0.8876 0.02014 0.02014
BinVal : 26 8 0.9209 0.01448 0.01448
BinVal : 26 9 0.973 0.03488 0.03488
BinVal : 26 10 0.75 0.1782 0.1782
BinVal : 26 11 0.75 0.1782 0.1782
BinVal : 26 12 0.75 0.1782 0.1782
BinVal : 27 0 0 0 0
BinVal : 27 1 0 0 0
BinVal : 27 2 0 0 0
BinVal : 27 3 0 0 0
BinVal : 27 4 0.08 0.05939 0.05939
BinVal : 27 5 0.625 0.056 0.056
BinVal : 27 6 0.8556 0.03725 0.03725
BinVal : 27 7 0.7234 0.06389 0.06389
BinVal : 27 8 0.7213 0.05647 0.05647
BinVal : 27 9 1 0.1633 0.1633
BinVal : 27 10 1 0.1633 0.1633
BinVal : 27 11 1 0.1633 0.1633
BinVal : 27 12 1 0.1633 0.1633
BinVal : 28 0 0 0 0
BinVal : 28 1 0 0 0
BinVal : 28 2 0 0 0
BinVal : 28 3 0 0 0
BinVal : 28 4 0.25 0.1782 0.1782
BinVal : 28 5 0.1429 0.1315 0.1315
BinVal : 28 6 0.5 0.189 0.189
BinVal : 28 7 0.5 0.189 0.189
BinVal : 28 8 0.5 0.2236 0.2236
BinVal : 28 9 0.5 0.2236 0.2236
BinVal : 28 10 0.5 0.2236 0.2236
BinVal : 28 11 0.5 0.2236 0.2236
BinVal : 28 12 0.5 0.2236 0.2236
