D0NoteID : 0
EffName : CALONLY_v16
EffType : Binned
EffVarNames : DetEta pT
EffVersion : 6
ObjQuality : Medium
ObjType : Electron
ObjVersion : 11
BinEdgesX : -3.2 -2.8 -2.5 -2.3 -2.1 -1.9 -1.7 -1.5 -1.3 -1.1 -0.9 -0.7 -0.5 -0.3 -0.1 0.1 0.3 0.5 0.7 0.9 1.1 1.3 1.5 1.7 1.9 2.1 2.3 2.5 2.8 3.2
BinEdgesY : 0 10 15 20 22 25 30 35 40 50 60 70 80 1000
BinVal : 0 0 0 0 0
BinVal : 0 1 0 0 0
BinVal : 0 2 0 0 0
BinVal : 0 3 0.0137 0.01848 0.01848
BinVal : 0 4 0.02747 0.01306 0.01306
BinVal : 0 5 0.5534 0.02184 0.02184
BinVal : 0 6 0.6636 0.02269 0.02269
BinVal : 0 7 0.7109 0.02822 0.02822
BinVal : 0 8 0.6823 0.02682 0.02682
BinVal : 0 9 0.8462 0.1 0.1
BinVal : 0 10 1 0.1633 0.1633
BinVal : 0 11 1 0.1633 0.1633
BinVal : 0 12 1 0.1633 0.1633
BinVal : 1 0 0 0 0
BinVal : 1 1 0 0 0
BinVal : 1 2 0 0 0
BinVal : 1 3 0.007519 0.01036 0.01036
BinVal : 1 4 0.0623 0.01406 0.01406
BinVal : 1 5 0.6713 0.01537 0.01537
BinVal : 1 6 0.8208 0.01178 0.01178
BinVal : 1 7 0.8819 0.01213 0.01213
BinVal : 1 8 0.8775 0.011 0.011
BinVal : 1 9 0.9067 0.03455 0.03455
BinVal : 1 10 1 0.08299 0.08299
BinVal : 1 11 1 0.2357 0.2357
BinVal : 1 12 1 0.2357 0.2357
BinVal : 2 0 0 0 0
BinVal : 2 1 0 0 0
BinVal : 2 2 0 0 0
BinVal : 2 3 0 0 0
BinVal : 2 4 0.08333 0.01444 0.01444
BinVal : 2 5 0.7612 0.01301 0.01301
BinVal : 2 6 0.9203 0.007025 0.007025
BinVal : 2 7 0.9494 0.006191 0.006191
BinVal : 2 8 0.9501 0.005605 0.005605
BinVal : 2 9 0.9496 0.01941 0.01941
BinVal : 2 10 1 0.04343 0.04343
BinVal : 2 11 1 0.1409 0.1409
BinVal : 2 12 1 0.1409 0.1409
BinVal : 3 0 0 0 0
BinVal : 3 1 0 0 0
BinVal : 3 2 0.003676 0.005133 0.005133
BinVal : 3 3 0.01058 0.008973 0.008973
BinVal : 3 4 0.08617 0.01345 0.01345
BinVal : 3 5 0.7735 0.0119 0.0119
BinVal : 3 6 0.9496 0.005107 0.005107
BinVal : 3 7 0.9627 0.004368 0.004368
BinVal : 3 8 0.9601 0.004032 0.004032
BinVal : 3 9 0.9442 0.01482 0.01482
BinVal : 3 10 1 0.02127 0.02127
BinVal : 3 11 1 0.08299 0.08299
BinVal : 3 12 1 0.2357 0.2357
BinVal : 4 0 0 0 0
BinVal : 4 1 0 0 0
BinVal : 4 2 0.008798 0.005788 0.005788
BinVal : 4 3 0.01778 0.00972 0.00972
BinVal : 4 4 0.1492 0.0157 0.0157
BinVal : 4 5 0.785 0.01071 0.01071
BinVal : 4 6 0.9522 0.004607 0.004607
BinVal : 4 7 0.9601 0.003901 0.003901
BinVal : 4 8 0.9657 0.00309 0.00309
BinVal : 4 9 0.9544 0.01102 0.01102
BinVal : 4 10 0.9836 0.02192 0.02192
BinVal : 4 11 1 0.0454 0.0454
BinVal : 4 12 1 0.09045 0.09045
BinVal : 5 0 0 0 0
BinVal : 5 1 0 0 0
BinVal : 5 2 0.0137 0.007528 0.007528
BinVal : 5 3 0.03659 0.01247 0.01247
BinVal : 5 4 0.2608 0.01859 0.01859
BinVal : 5 5 0.8424 0.009076 0.009076
BinVal : 5 6 0.96 0.004124 0.004124
BinVal : 5 7 0.9693 0.003134 0.003134
BinVal : 5 8 0.9738 0.002366 0.002366
BinVal : 5 9 0.9735 0.007197 0.007197
BinVal : 5 10 0.988 0.01635 0.01635
BinVal : 5 11 1 0.0294 0.0294
BinVal : 5 12 1 0.05255 0.05255
BinVal : 6 0 0 0 0
BinVal : 6 1 0 0 0
BinVal : 6 2 0.0177 0.0148 0.0148
BinVal : 6 3 0.05833 0.02232 0.02232
BinVal : 6 4 0.3333 0.02856 0.02856
BinVal : 6 5 0.8854 0.01132 0.01132
BinVal : 6 6 0.9684 0.005242 0.005242
BinVal : 6 7 0.9764 0.003772 0.003772
BinVal : 6 8 0.9766 0.003001 0.003001
BinVal : 6 9 0.9726 0.009394 0.009394
BinVal : 6 10 1 0.01818 0.01818
BinVal : 6 11 1 0.04756 0.04756
BinVal : 6 12 1 0.08299 0.08299
BinVal : 7 0 0 0 0
BinVal : 7 1 0 0 0
BinVal : 7 2 0 0 0
BinVal : 7 3 0 0 0
BinVal : 7 4 0 0 0
BinVal : 7 5 0 0 0
BinVal : 7 6 0 0 0
BinVal : 7 7 0 0 0
BinVal : 7 8 0 0 0
BinVal : 7 9 0 0 0
BinVal : 7 10 0 0 0
BinVal : 7 11 0 0 0
BinVal : 7 12 0 0 0
BinVal : 8 0 0 0 0
BinVal : 8 1 0 0 0
BinVal : 8 2 0 0 0
BinVal : 8 3 0 0 0
BinVal : 8 4 0 0 0
BinVal : 8 5 0 0 0
BinVal : 8 6 0 0 0
BinVal : 8 7 0 0 0
BinVal : 8 8 0 0 0
BinVal : 8 9 0 0 0
BinVal : 8 10 0 0 0
BinVal : 8 11 0 0 0
BinVal : 8 12 0 0 0
BinVal : 9 0 0 0 0
BinVal : 9 1 0 0 0
BinVal : 9 2 0 0 0
BinVal : 9 3 0 0 0
BinVal : 9 4 0.1606 0.02329 0.02329
BinVal : 9 5 0.8925 0.01138 0.01138
BinVal : 9 6 0.9618 0.004351 0.004351
BinVal : 9 7 0.9833 0.002187 0.002187
BinVal : 9 8 0.9899 0.001178 0.001178
BinVal : 9 9 0.9918 0.002694 0.002694
BinVal : 9 10 0.9958 0.005832 0.005832
BinVal : 9 11 1 0.01299 0.01299
BinVal : 9 12 1 0.02127 0.02127
BinVal : 10 0 0 0 0
BinVal : 10 1 0 0 0
BinVal : 10 2 0 0 0
BinVal : 10 3 0 0 0
BinVal : 10 4 0.1282 0.01898 0.01898
BinVal : 10 5 0.8775 0.01116 0.01116
BinVal : 10 6 0.9732 0.003464 0.003464
BinVal : 10 7 0.9851 0.001881 0.001881
BinVal : 10 8 0.9911 0.0009928 0.0009928
BinVal : 10 9 0.9913 0.002487 0.002487
BinVal : 10 10 0.9968 0.004525 0.004525
BinVal : 10 11 1 0.01124 0.01124
BinVal : 10 12 1 0.0137 0.0137
BinVal : 11 0 0 0 0
BinVal : 11 1 0 0 0
BinVal : 11 2 0 0 0
BinVal : 11 3 0 0 0
BinVal : 11 4 0.1101 0.01693 0.01693
BinVal : 11 5 0.8727 0.01032 0.01032
BinVal : 11 6 0.9693 0.003719 0.003719
BinVal : 11 7 0.9845 0.001915 0.001915
BinVal : 11 8 0.9906 0.001005 0.001005
BinVal : 11 9 0.9902 0.002593 0.002593
BinVal : 11 10 1 0.003236 0.003236
BinVal : 11 11 1 0.01042 0.01042
BinVal : 11 12 1 0.0119 0.0119
BinVal : 12 0 0 0 0
BinVal : 12 1 0 0 0
BinVal : 12 2 0 0 0
BinVal : 12 3 0 0 0
BinVal : 12 4 0.1157 0.0175 0.0175
BinVal : 12 5 0.894 0.008875 0.008875
BinVal : 12 6 0.9724 0.003569 0.003569
BinVal : 12 7 0.9845 0.001998 0.001998
BinVal : 12 8 0.9915 0.0009379 0.0009379
BinVal : 12 9 0.9941 0.002073 0.002073
BinVal : 12 10 1 0.00361 0.00361
BinVal : 12 11 1 0.01042 0.01042
BinVal : 12 12 1 0.0137 0.0137
BinVal : 13 0 0 0 0
BinVal : 13 1 0 0 0
BinVal : 13 2 0 0 0
BinVal : 13 3 0 0 0
BinVal : 13 4 0.1182 0.01885 0.01885
BinVal : 13 5 0.9145 0.007887 0.007887
BinVal : 13 6 0.9787 0.003096 0.003096
BinVal : 13 7 0.9883 0.001835 0.001835
BinVal : 13 8 0.9927 0.0008475 0.0008475
BinVal : 13 9 0.9918 0.002436 0.002436
BinVal : 13 10 1 0.003559 0.003559
BinVal : 13 11 1 0.0099 0.0099
BinVal : 13 12 1 0.0147 0.0147
BinVal : 14 0 0 0 0
BinVal : 14 1 0 0 0
BinVal : 14 2 0 0 0
BinVal : 14 3 0 0 0
BinVal : 14 4 0.1452 0.02004 0.02004
BinVal : 14 5 0.9182 0.007707 0.007707
BinVal : 14 6 0.9778 0.00316 0.00316
BinVal : 14 7 0.987 0.00194 0.00194
BinVal : 14 8 0.9917 0.0009025 0.0009025
BinVal : 14 9 0.9895 0.002775 0.002775
BinVal : 14 10 1 0.003367 0.003367
BinVal : 14 11 1 0.009708 0.009708
BinVal : 14 12 1 0.01234 0.01234
BinVal : 15 0 0 0 0
BinVal : 15 1 0 0 0
BinVal : 15 2 0 0 0
BinVal : 15 3 0 0 0
BinVal : 15 4 0.1662 0.0201 0.0201
BinVal : 15 5 0.8856 0.008921 0.008921
BinVal : 15 6 0.9772 0.003284 0.003284
BinVal : 15 7 0.9849 0.002018 0.002018
BinVal : 15 8 0.9883 0.001079 0.001079
BinVal : 15 9 0.9901 0.002634 0.002634
BinVal : 15 10 1 0.003534 0.003534
BinVal : 15 11 1 0.0102 0.0102
BinVal : 15 12 1 0.01124 0.01124
BinVal : 16 0 0 0 0
BinVal : 16 1 0 0 0
BinVal : 16 2 0 0 0
BinVal : 16 3 0.009434 0.01291 0.01291
BinVal : 16 4 0.1471 0.01923 0.01923
BinVal : 16 5 0.8706 0.009931 0.009931
BinVal : 16 6 0.9736 0.003507 0.003507
BinVal : 16 7 0.9866 0.001796 0.001796
BinVal : 16 8 0.9863 0.001175 0.001175
BinVal : 16 9 0.9898 0.002604 0.002604
BinVal : 16 10 0.9963 0.005152 0.005152
BinVal : 16 11 1 0.01075 0.01075
BinVal : 16 12 1 0.01408 0.01408
BinVal : 17 0 0 0 0
BinVal : 17 1 0 0 0
BinVal : 17 2 0 0 0
BinVal : 17 3 0.02459 0.0158 0.0158
BinVal : 17 4 0.1122 0.0185 0.0185
BinVal : 17 5 0.8842 0.01054 0.01054
BinVal : 17 6 0.9703 0.003646 0.003646
BinVal : 17 7 0.9877 0.00168 0.00168
BinVal : 17 8 0.9898 0.001039 0.001039
BinVal : 17 9 0.9929 0.002228 0.002228
BinVal : 17 10 0.9964 0.004971 0.004971
BinVal : 17 11 1 0.01042 0.01042
BinVal : 17 12 1 0.01818 0.01818
BinVal : 18 0 0 0 0
BinVal : 18 1 0 0 0
BinVal : 18 2 0 0 0
BinVal : 18 3 0.01869 0.0156 0.0156
BinVal : 18 4 0.1239 0.02242 0.02242
BinVal : 18 5 0.8744 0.01165 0.01165
BinVal : 18 6 0.9624 0.004226 0.004226
BinVal : 18 7 0.981 0.00226 0.00226
BinVal : 18 8 0.9868 0.001295 0.001295
BinVal : 18 9 0.9923 0.002524 0.002524
BinVal : 18 10 0.9956 0.006082 0.006082
BinVal : 18 11 1 0.0125 0.0125
BinVal : 18 12 1 0.0196 0.0196
BinVal : 19 0 0 0 0
BinVal : 19 1 0 0 0
BinVal : 19 2 0 0 0
BinVal : 19 3 0 0 0
BinVal : 19 4 0.1728 0.04198 0.04198
BinVal : 19 5 0.8649 0.01745 0.01745
BinVal : 19 6 0.9548 0.006959 0.006959
BinVal : 19 7 0.9722 0.004217 0.004217
BinVal : 19 8 0.9789 0.002543 0.002543
BinVal : 19 9 0.9875 0.004984 0.004984
BinVal : 19 10 0.9894 0.0145 0.0145
BinVal : 19 11 1 0.03224 0.03224
BinVal : 19 12 1 0.04163 0.04163
BinVal : 20 0 0 0 0
BinVal : 20 1 0 0 0
BinVal : 20 2 0 0 0
BinVal : 20 3 0 0 0
BinVal : 20 4 0 0 0
BinVal : 20 5 0 0 0
BinVal : 20 6 0 0 0
BinVal : 20 7 0 0 0
BinVal : 20 8 0 0 0
BinVal : 20 9 0 0 0
BinVal : 20 10 0 0 0
BinVal : 20 11 0 0 0
BinVal : 20 12 0 0 0
BinVal : 21 0 0 0 0
BinVal : 21 1 0 0 0
BinVal : 21 2 0 0 0
BinVal : 21 3 0 0 0
BinVal : 21 4 0 0 0
BinVal : 21 5 0 0 0
BinVal : 21 6 0 0 0
BinVal : 21 7 0 0 0
BinVal : 21 8 0 0 0
BinVal : 21 9 0 0 0
BinVal : 21 10 0 0 0
BinVal : 21 11 0 0 0
BinVal : 21 12 0 0 0
BinVal : 22 0 0 0 0
BinVal : 22 1 0 0 0
BinVal : 22 2 0.006689 0.005716 0.005716
BinVal : 22 3 0.02956 0.01265 0.01265
BinVal : 22 4 0.2486 0.0188 0.0188
BinVal : 22 5 0.8638 0.00864 0.00864
BinVal : 22 6 0.9625 0.004031 0.004031
BinVal : 22 7 0.977 0.00282 0.00282
BinVal : 22 8 0.9774 0.002095 0.002095
BinVal : 22 9 0.9851 0.004877 0.004877
BinVal : 22 10 1 0.009999 0.009999
BinVal : 22 11 1 0.03446 0.03446
BinVal : 22 12 1 0.07666 0.07666
BinVal : 23 0 0 0 0
BinVal : 23 1 0 0 0
BinVal : 23 2 0 0.003413 0.003413
BinVal : 23 3 0.0283 0.01213 0.01213
BinVal : 23 4 0.1624 0.01632 0.01632
BinVal : 23 5 0.8207 0.01013 0.01013
BinVal : 23 6 0.9459 0.005035 0.005035
BinVal : 23 7 0.9688 0.003498 0.003498
BinVal : 23 8 0.9733 0.002605 0.002605
BinVal : 23 9 0.9857 0.005696 0.005696
BinVal : 23 10 1 0.01351 0.01351
BinVal : 23 11 1 0.09045 0.09045
BinVal : 23 12 1 0.1409 0.1409
BinVal : 24 0 0 0 0
BinVal : 24 1 0 0 0
BinVal : 24 2 0 0 0
BinVal : 24 3 0.02105 0.01146 0.01146
BinVal : 24 4 0.1432 0.01713 0.01713
BinVal : 24 5 0.7674 0.01168 0.01168
BinVal : 24 6 0.9422 0.005494 0.005494
BinVal : 24 7 0.9617 0.004415 0.004415
BinVal : 24 8 0.9698 0.003364 0.003364
BinVal : 24 9 0.9863 0.007503 0.007503
BinVal : 24 10 1 0.02222 0.02222
BinVal : 24 11 1 0.1237 0.1237
BinVal : 24 12 1 0.1633 0.1633
BinVal : 25 0 0 0 0
BinVal : 25 1 0 0 0
BinVal : 25 2 0 0 0
BinVal : 25 3 0.01829 0.01187 0.01187
BinVal : 25 4 0.1048 0.01685 0.01685
BinVal : 25 5 0.735 0.01319 0.01319
BinVal : 25 6 0.9273 0.006688 0.006688
BinVal : 25 7 0.9475 0.006276 0.006276
BinVal : 25 8 0.9563 0.004962 0.004962
BinVal : 25 9 0.9887 0.009568 0.009568
BinVal : 25 10 1 0.03701 0.03701
BinVal : 25 11 1 0.1936 0.1936
BinVal : 25 12 1 0.1936 0.1936
BinVal : 26 0 0 0 0
BinVal : 26 1 0 0 0
BinVal : 26 2 0 0 0
BinVal : 26 3 0 0.006849 0.006849
BinVal : 26 4 0.06944 0.01519 0.01519
BinVal : 26 5 0.6791 0.0157 0.0157
BinVal : 26 6 0.8636 0.0105 0.0105
BinVal : 26 7 0.8711 0.01243 0.01243
BinVal : 26 8 0.8783 0.01038 0.01038
BinVal : 26 9 0.9634 0.0231 0.0231
BinVal : 26 10 0.8889 0.1113 0.1113
BinVal : 26 11 1 0.2357 0.2357
BinVal : 26 12 1 0.2357 0.2357
BinVal : 27 0 0 0 0
BinVal : 27 1 0 0 0
BinVal : 27 2 0 0 0
BinVal : 27 3 0 0.01087 0.01087
BinVal : 27 4 0.05789 0.01742 0.01742
BinVal : 27 5 0.5343 0.02233 0.02233
BinVal : 27 6 0.7435 0.02032 0.02032
BinVal : 27 7 0.7057 0.02626 0.02626
BinVal : 27 8 0.6841 0.02494 0.02494
BinVal : 27 9 0.8 0.08738 0.08738
BinVal : 27 10 0.6667 0.2 0.2
BinVal : 27 11 0.6667 0.2 0.2
BinVal : 27 12 0.6667 0.2 0.2
BinVal : 28 0 0 0 0
BinVal : 28 1 0 0 0
BinVal : 28 2 0 0 0
BinVal : 28 3 0 0 0
BinVal : 28 4 0 0 0
BinVal : 28 5 0.2316 0.04296 0.04296
BinVal : 28 6 0.3 0.0634 0.0634
BinVal : 28 7 0.2368 0.06763 0.06763
BinVal : 28 8 0.1765 0.06506 0.06506
BinVal : 28 9 0.1765 0.06506 0.06506
BinVal : 28 10 0.1765 0.06506 0.06506
BinVal : 28 11 0.1765 0.06506 0.06506
BinVal : 28 12 0.1765 0.06506 0.06506
