D0NoteID : 0
EffName : CALONLY_v14
EffType : Binned
EffVarNames : DetEta pT
EffVersion : 6
ObjQuality : Point0
ObjType : Electron
ObjVersion : 1
TriggerVersion : v14
BinEdgesX : -3.2 -2.8 -2.5 -2.3 -2.1 -1.9 -1.7 -1.5 -1.3 -1.1 -0.9 -0.7 -0.5 -0.3 -0.1 0.1 0.3 0.5 0.7 0.9 1.1 1.3 1.5 1.7 1.9 2.1 2.3 2.5 2.8 3.2
BinEdgesY : 0 10 15 20 22 25 30 35 40 50 60 70 80 1000
BinVal : 0 0 0 0 0
BinVal : 0 1 0 0 0
BinVal : 0 2 0 0 0
BinVal : 0 3 0.1081 0.03682 0.03682
BinVal : 0 4 0.4206 0.04348 0.04348
BinVal : 0 5 0.6039 0.03377 0.03377
BinVal : 0 6 0.8398 0.02729 0.02729
BinVal : 0 7 0.8404 0.03784 0.03784
BinVal : 0 8 0.8347 0.03379 0.03379
BinVal : 0 9 0.8333 0.1443 0.1443
BinVal : 0 10 0.8333 0.1443 0.1443
BinVal : 0 11 0.8333 0.1443 0.1443
BinVal : 0 12 0.8333 0.1443 0.1443
BinVal : 1 0 0 0 0
BinVal : 1 1 0 0 0
BinVal : 1 2 0 0 0
BinVal : 1 3 0.1923 0.04444 0.04444
BinVal : 1 4 0.5079 0.04402 0.04402
BinVal : 1 5 0.6944 0.02889 0.02889
BinVal : 1 6 0.8819 0.01969 0.01969
BinVal : 1 7 0.9507 0.01902 0.01902
BinVal : 1 8 0.9497 0.016 0.016
BinVal : 1 9 1 0.04993 0.04993
BinVal : 1 10 1 0.1936 0.1936
BinVal : 1 11 1 0.1936 0.1936
BinVal : 1 12 1 0.1936 0.1936
BinVal : 2 0 0 0 0
BinVal : 2 1 0 0 0
BinVal : 2 2 0 0 0
BinVal : 2 3 0.2297 0.04845 0.04845
BinVal : 2 4 0.5785 0.04436 0.04436
BinVal : 2 5 0.6985 0.02771 0.02771
BinVal : 2 6 0.9502 0.01283 0.01283
BinVal : 2 7 0.9806 0.01059 0.01059
BinVal : 2 8 0.9968 0.004412 0.004412
BinVal : 2 9 1 0.0238 0.0238
BinVal : 2 10 1 0.1237 0.1237
BinVal : 2 11 1 0.1237 0.1237
BinVal : 2 12 1 0.1237 0.1237
BinVal : 3 0 0 0 0
BinVal : 3 1 0 0 0
BinVal : 3 2 0.01031 0.01407 0.01407
BinVal : 3 3 0.2877 0.05223 0.05223
BinVal : 3 4 0.5547 0.04343 0.04343
BinVal : 3 5 0.7234 0.02654 0.02654
BinVal : 3 6 0.9755 0.008442 0.008442
BinVal : 3 7 0.9647 0.0108 0.0108
BinVal : 3 8 0.9913 0.004829 0.004829
BinVal : 3 9 1 0.01886 0.01886
BinVal : 3 10 1 0.08299 0.08299
BinVal : 3 11 1 0.1936 0.1936
BinVal : 3 12 1 0.2357 0.2357
BinVal : 4 0 0 0 0
BinVal : 4 1 0 0 0
BinVal : 4 2 0.02857 0.02339 0.02339
BinVal : 4 3 0.4286 0.06447 0.06447
BinVal : 4 4 0.6176 0.04125 0.04125
BinVal : 4 5 0.777 0.02491 0.02491
BinVal : 4 6 0.9643 0.009629 0.009629
BinVal : 4 7 0.9745 0.00788 0.00788
BinVal : 4 8 0.99 0.004366 0.004366
BinVal : 4 9 0.9844 0.02094 0.02094
BinVal : 4 10 1 0.0665 0.0665
BinVal : 4 11 1 0.1102 0.1102
BinVal : 4 12 1 0.2357 0.2357
BinVal : 5 0 0 0 0
BinVal : 5 1 0 0 0
BinVal : 5 2 0.01613 0.02158 0.02158
BinVal : 5 3 0.5263 0.07799 0.07799
BinVal : 5 4 0.7597 0.0374 0.0374
BinVal : 5 5 0.862 0.01914 0.01914
BinVal : 5 6 0.9732 0.008255 0.008255
BinVal : 5 7 0.9867 0.005301 0.005301
BinVal : 5 8 0.9937 0.003068 0.003068
BinVal : 5 9 0.9902 0.0134 0.0134
BinVal : 5 10 1 0.07666 0.07666
BinVal : 5 11 1 0.09938 0.09938
BinVal : 5 12 1 0.1409 0.1409
BinVal : 6 0 0 0 0
BinVal : 6 1 0 0 0
BinVal : 6 2 0 0 0
BinVal : 6 3 0.5 0.1147 0.1147
BinVal : 6 4 0.8136 0.05049 0.05049
BinVal : 6 5 0.9438 0.0178 0.0178
BinVal : 6 6 0.9821 0.009805 0.009805
BinVal : 6 7 0.9892 0.007054 0.007054
BinVal : 6 8 0.9955 0.003832 0.003832
BinVal : 6 9 1 0.01538 0.01538
BinVal : 6 10 1 0.1409 0.1409
BinVal : 6 11 1 0.1633 0.1633
BinVal : 6 12 1 0.1409 0.1409
BinVal : 7 0 0 0 0
BinVal : 7 1 0 0 0
BinVal : 7 2 0 0 0
BinVal : 7 3 0 0 0
BinVal : 7 4 0 0 0
BinVal : 7 5 0 0 0
BinVal : 7 6 0 0 0
BinVal : 7 7 0 0 0
BinVal : 7 8 0 0 0
BinVal : 7 9 0 0 0
BinVal : 7 10 0 0 0
BinVal : 7 11 0 0 0
BinVal : 7 12 0 0 0
BinVal : 8 0 0 0 0
BinVal : 8 1 0 0 0
BinVal : 8 2 0 0 0
BinVal : 8 3 0 0 0
BinVal : 8 4 0 0 0
BinVal : 8 5 0 0 0
BinVal : 8 6 0 0 0
BinVal : 8 7 0 0 0
BinVal : 8 8 0 0 0
BinVal : 8 9 0 0 0
BinVal : 8 10 0 0 0
BinVal : 8 11 0 0 0
BinVal : 8 12 0 0 0
BinVal : 9 0 0 0 0
BinVal : 9 1 0 0 0
BinVal : 9 2 0.0303 0.03869 0.03869
BinVal : 9 3 0.08333 0.06149 0.06149
BinVal : 9 4 0.5692 0.06008 0.06008
BinVal : 9 5 0.9398 0.02139 0.02139
BinVal : 9 6 0.9647 0.01033 0.01033
BinVal : 9 7 0.9761 0.006508 0.006508
BinVal : 9 8 0.9772 0.004173 0.004173
BinVal : 9 9 0.9761 0.01142 0.01142
BinVal : 9 10 0.9737 0.03404 0.03404
BinVal : 9 11 1 0.05255 0.05255
BinVal : 9 12 1 0.06236 0.06236
BinVal : 10 0 0 0 0
BinVal : 10 1 0 0 0
BinVal : 10 2 0.02564 0.03324 0.03324
BinVal : 10 3 0.08 0.05939 0.05939
BinVal : 10 4 0.6154 0.05413 0.05413
BinVal : 10 5 0.9412 0.0186 0.0186
BinVal : 10 6 0.9771 0.008401 0.008401
BinVal : 10 7 0.9859 0.004632 0.004632
BinVal : 10 8 0.9905 0.00251 0.00251
BinVal : 10 9 0.9805 0.009365 0.009365
BinVal : 10 10 0.9818 0.02416 0.02416
BinVal : 10 11 1 0.04163 0.04163
BinVal : 10 12 1 0.05255 0.05255
BinVal : 11 0 0 0 0
BinVal : 11 1 0 0 0
BinVal : 11 2 0 0 0
BinVal : 11 3 0.03704 0.04626 0.04626
BinVal : 11 4 0.6119 0.05833 0.05833
BinVal : 11 5 0.9572 0.01545 0.01545
BinVal : 11 6 0.9725 0.008936 0.008936
BinVal : 11 7 0.9852 0.004841 0.004841
BinVal : 11 8 0.9951 0.001817 0.001817
BinVal : 11 9 0.9921 0.006765 0.006765
BinVal : 11 10 0.9828 0.02298 0.02298
BinVal : 11 11 1 0.04993 0.04993
BinVal : 11 12 1 0.04993 0.04993
BinVal : 12 0 0 0 0
BinVal : 12 1 0 0 0
BinVal : 12 2 0 0 0
BinVal : 12 3 0.04348 0.0532 0.0532
BinVal : 12 4 0.6901 0.054 0.054
BinVal : 12 5 0.9491 0.01541 0.01541
BinVal : 12 6 0.9793 0.007613 0.007613
BinVal : 12 7 0.9881 0.004773 0.004773
BinVal : 12 8 0.9951 0.001836 0.001836
BinVal : 12 9 1 0.003891 0.003891
BinVal : 12 10 0.963 0.02982 0.02982
BinVal : 12 11 1 0.07122 0.07122
BinVal : 12 12 1 0.04343 0.04343
BinVal : 13 0 0 0 0
BinVal : 13 1 0 0 0
BinVal : 13 2 0 0 0
BinVal : 13 3 0.08333 0.09035 0.09035
BinVal : 13 4 0.7467 0.04965 0.04965
BinVal : 13 5 0.9424 0.01529 0.01529
BinVal : 13 6 0.9872 0.006193 0.006193
BinVal : 13 7 0.9891 0.004758 0.004758
BinVal : 13 8 0.9964 0.001562 0.001562
BinVal : 13 9 0.9962 0.005367 0.005367
BinVal : 13 10 0.9818 0.02416 0.02416
BinVal : 13 11 1 0.0454 0.0454
BinVal : 13 12 1 0.04163 0.04163
BinVal : 14 0 0 0 0
BinVal : 14 1 0 0 0
BinVal : 14 2 0 0 0
BinVal : 14 3 0.125 0.0855 0.0855
BinVal : 14 4 0.7162 0.05168 0.05168
BinVal : 14 5 0.9228 0.01726 0.01726
BinVal : 14 6 0.9677 0.009066 0.009066
BinVal : 14 7 0.977 0.006511 0.006511
BinVal : 14 8 0.9872 0.002774 0.002774
BinVal : 14 9 0.9778 0.009583 0.009583
BinVal : 14 10 1 0.01562 0.01562
BinVal : 14 11 1 0.04163 0.04163
BinVal : 14 12 1 0.03701 0.03701
BinVal : 15 0 0 0 0
BinVal : 15 1 0 0 0
BinVal : 15 2 0 0 0
BinVal : 15 3 0.1667 0.07585 0.07585
BinVal : 15 4 0.6471 0.05687 0.05687
BinVal : 15 5 0.9072 0.01904 0.01904
BinVal : 15 6 0.9567 0.01048 0.01048
BinVal : 15 7 0.9636 0.007265 0.007265
BinVal : 15 8 0.9792 0.003517 0.003517
BinVal : 15 9 0.9792 0.008997 0.008997
BinVal : 15 10 1 0.01724 0.01724
BinVal : 15 11 1 0.06236 0.06236
BinVal : 15 12 1 0.03224 0.03224
BinVal : 16 0 0 0 0
BinVal : 16 1 0 0 0
BinVal : 16 2 0 0 0
BinVal : 16 3 0.2258 0.0735 0.0735
BinVal : 16 4 0.7164 0.05423 0.05423
BinVal : 16 5 0.9345 0.01667 0.01667
BinVal : 16 6 0.9572 0.01038 0.01038
BinVal : 16 7 0.9645 0.006811 0.006811
BinVal : 16 8 0.979 0.003605 0.003605
BinVal : 16 9 0.9816 0.008825 0.008825
BinVal : 16 10 1 0.0196 0.0196
BinVal : 16 11 1 0.06236 0.06236
BinVal : 16 12 0.913 0.06373 0.06373
BinVal : 17 0 0 0 0
BinVal : 17 1 0 0 0
BinVal : 17 2 0 0 0
BinVal : 17 3 0.2571 0.07204 0.07204
BinVal : 17 4 0.7564 0.04811 0.04811
BinVal : 17 5 0.9179 0.01936 0.01936
BinVal : 17 6 0.9542 0.01045 0.01045
BinVal : 17 7 0.9736 0.005934 0.005934
BinVal : 17 8 0.9768 0.00381 0.00381
BinVal : 17 9 0.9728 0.01073 0.01073
BinVal : 17 10 1 0.01923 0.01923
BinVal : 17 11 1 0.04993 0.04993
BinVal : 17 12 0.8333 0.08729 0.08729
BinVal : 18 0 0 0 0
BinVal : 18 1 0 0 0
BinVal : 18 2 0 0 0
BinVal : 18 3 0.2381 0.08963 0.08963
BinVal : 18 4 0.6885 0.05819 0.05819
BinVal : 18 5 0.902 0.02436 0.02436
BinVal : 18 6 0.9576 0.01062 0.01062
BinVal : 18 7 0.9805 0.005522 0.005522
BinVal : 18 8 0.9792 0.00388 0.00388
BinVal : 18 9 0.9874 0.008213 0.008213
BinVal : 18 10 1 0.02438 0.02438
BinVal : 18 11 1 0.04993 0.04993
BinVal : 18 12 0.9091 0.09643 0.09643
BinVal : 19 0 0 0 0
BinVal : 19 1 0 0 0
BinVal : 19 2 0 0 0
BinVal : 19 3 0.25 0.1782 0.1782
BinVal : 19 4 0.619 0.09962 0.09962
BinVal : 19 5 0.9322 0.03484 0.03484
BinVal : 19 6 0.9593 0.01583 0.01583
BinVal : 19 7 0.9854 0.008013 0.008013
BinVal : 19 8 0.9807 0.005997 0.005997
BinVal : 19 9 1 0.009259 0.009259
BinVal : 19 10 1 0.0665 0.0665
BinVal : 19 11 1 0.09045 0.09045
BinVal : 19 12 1 0.1633 0.1633
BinVal : 20 0 0 0 0
BinVal : 20 1 0 0 0
BinVal : 20 2 0 0 0
BinVal : 20 3 0 0 0
BinVal : 20 4 0 0 0
BinVal : 20 5 0 0 0
BinVal : 20 6 0 0 0
BinVal : 20 7 0 0 0
BinVal : 20 8 0 0 0
BinVal : 20 9 0 0 0
BinVal : 20 10 0 0 0
BinVal : 20 11 0 0 0
BinVal : 20 12 0 0 0
BinVal : 21 0 0 0 0
BinVal : 21 1 0 0 0
BinVal : 21 2 0 0 0
BinVal : 21 3 0 0 0
BinVal : 21 4 0 0 0
BinVal : 21 5 0 0 0
BinVal : 21 6 0 0 0
BinVal : 21 7 0 0 0
BinVal : 21 8 0 0 0
BinVal : 21 9 0 0 0
BinVal : 21 10 0 0 0
BinVal : 21 11 0 0 0
BinVal : 21 12 0 0 0
BinVal : 22 0 0 0 0
BinVal : 22 1 0 0 0
BinVal : 22 2 0.01587 0.02126 0.02126
BinVal : 22 3 0.2609 0.06348 0.06348
BinVal : 22 4 0.6378 0.04221 0.04221
BinVal : 22 5 0.8356 0.0217 0.0217
BinVal : 22 6 0.9716 0.008733 0.008733
BinVal : 22 7 0.9899 0.004904 0.004904
BinVal : 22 8 0.9975 0.002128 0.002128
BinVal : 22 9 1 0.009009 0.009009
BinVal : 22 10 1 0.03843 0.03843
BinVal : 22 11 1 0.2357 0.2357
BinVal : 22 12 1 0.1102 0.1102
BinVal : 23 0 0 0 0
BinVal : 23 1 0 0 0
BinVal : 23 2 0 0 0
BinVal : 23 3 0.2459 0.05441 0.05441
BinVal : 23 4 0.5646 0.04049 0.04049
BinVal : 23 5 0.7806 0.02477 0.02477
BinVal : 23 6 0.9363 0.01223 0.01223
BinVal : 23 7 0.9764 0.007693 0.007693
BinVal : 23 8 0.9935 0.003601 0.003601
BinVal : 23 9 1 0.01053 0.01053
BinVal : 23 10 1 0.05255 0.05255
BinVal : 23 11 1 0.05255 0.05255
BinVal : 23 12 1 0.1633 0.1633
BinVal : 24 0 0 0 0
BinVal : 24 1 0 0 0
BinVal : 24 2 0 0 0
BinVal : 24 3 0.1642 0.0453 0.0453
BinVal : 24 4 0.619 0.03968 0.03968
BinVal : 24 5 0.7509 0.02572 0.02572
BinVal : 24 6 0.928 0.01404 0.01404
BinVal : 24 7 0.9644 0.01041 0.01041
BinVal : 24 8 0.9883 0.00565 0.00565
BinVal : 24 9 1 0.01666 0.01666
BinVal : 24 10 1 0.1102 0.1102
BinVal : 24 11 1 0.1102 0.1102
BinVal : 24 12 1 0.1936 0.1936
BinVal : 25 0 0 0 0
BinVal : 25 1 0 0 0
BinVal : 25 2 0.02 0.01665 0.01665
BinVal : 25 3 0.1061 0.03879 0.03879
BinVal : 25 4 0.5691 0.04413 0.04413
BinVal : 25 5 0.7183 0.02822 0.02822
BinVal : 25 6 0.9443 0.01382 0.01382
BinVal : 25 7 0.9706 0.01259 0.01259
BinVal : 25 8 0.9897 0.006791 0.006791
BinVal : 25 9 1 0.03843 0.03843
BinVal : 25 10 1 0.1936 0.1936
BinVal : 25 11 1 0.1936 0.1936
BinVal : 25 12 1 0.2357 0.2357
BinVal : 26 0 0 0 0
BinVal : 26 1 0 0 0
BinVal : 26 2 0.01905 0.01588 0.01588
BinVal : 26 3 0.1077 0.03932 0.03932
BinVal : 26 4 0.5489 0.04268 0.04268
BinVal : 26 5 0.6479 0.02909 0.02909
BinVal : 26 6 0.9044 0.01797 0.01797
BinVal : 26 7 0.9111 0.02495 0.02495
BinVal : 26 8 0.9688 0.01336 0.01336
BinVal : 26 9 1 0.06236 0.06236
BinVal : 26 10 1 0.2357 0.2357
BinVal : 26 11 1 0.2357 0.2357
BinVal : 26 12 1 0.2357 0.2357
BinVal : 27 0 0 0 0
BinVal : 27 1 0 0 0
BinVal : 27 2 0 0 0
BinVal : 27 3 0.07692 0.03463 0.03463
BinVal : 27 4 0.5259 0.04251 0.04251
BinVal : 27 5 0.5689 0.0328 0.0328
BinVal : 27 6 0.8202 0.02876 0.02876
BinVal : 27 7 0.8036 0.03742 0.03742
BinVal : 27 8 0.9247 0.02834 0.02834
BinVal : 27 9 1 0.1102 0.1102
BinVal : 27 10 1 0.1102 0.1102
BinVal : 27 11 1 0.1102 0.1102
BinVal : 27 12 1 0.1102 0.1102
BinVal : 28 0 0 0 0
BinVal : 28 1 0 0 0
BinVal : 28 2 0 0 0
BinVal : 28 3 0.03226 0.04092 0.04092
BinVal : 28 4 0.4483 0.0637 0.0637
BinVal : 28 5 0.4583 0.05754 0.05754
BinVal : 28 6 0.6889 0.06728 0.06728
BinVal : 28 7 0.7027 0.07298 0.07298
BinVal : 28 8 0.9375 0.0721 0.0721
BinVal : 28 9 1 0.2357 0.2357
BinVal : 28 10 1 0.2357 0.2357
BinVal : 28 11 1 0.2357 0.2357
BinVal : 28 12 1 0.2357 0.2357
