D0NoteID : 0
EffName : CALONLY_v12
EffType : Binned
EffVarNames : DetEta pT
EffVersion : 6
ObjQuality : Tight
ObjType : Electron
ObjVersion : 12
BinEdgesX : -3.2 -2.8 -2.5 -2.3 -2.1 -1.9 -1.7 -1.5 -1.3 -1.1 -0.9 -0.7 -0.5 -0.3 -0.1 0.1 0.3 0.5 0.7 0.9 1.1 1.3 1.5 1.7 1.9 2.1 2.3 2.5 2.8 3.2
BinEdgesY : 0 10 15 20 22 25 30 35 40 50 60 70 80 1000
BinVal : 0 0 0 0 0
BinVal : 0 1 0 0 0
BinVal : 0 2 0 0 0
BinVal : 0 3 0.2 0.07857 0.07857
BinVal : 0 4 0.5769 0.06668 0.06668
BinVal : 0 5 0.5949 0.05426 0.05426
BinVal : 0 6 0.8387 0.04679 0.04679
BinVal : 0 7 0.9167 0.04914 0.04914
BinVal : 0 8 0.8958 0.0455 0.0455
BinVal : 0 9 1 0.1633 0.1633
BinVal : 0 10 1 0.1633 0.1633
BinVal : 0 11 1 0.1633 0.1633
BinVal : 0 12 1 0.1633 0.1633
BinVal : 1 0 0 0 0
BinVal : 1 1 0 0 0
BinVal : 1 2 0.02439 0.03175 0.03175
BinVal : 1 3 0.1667 0.06207 0.06207
BinVal : 1 4 0.7353 0.05278 0.05278
BinVal : 1 5 0.736 0.03914 0.03914
BinVal : 1 6 0.8595 0.03174 0.03174
BinVal : 1 7 0.962 0.02393 0.02393
BinVal : 1 8 0.9619 0.02031 0.02031
BinVal : 1 9 1 0.0665 0.0665
BinVal : 1 10 1 0.0665 0.0665
BinVal : 1 11 1 0.0665 0.0665
BinVal : 1 12 1 0.0665 0.0665
BinVal : 2 0 0 0 0
BinVal : 2 1 0 0 0
BinVal : 2 2 0.03226 0.04092 0.04092
BinVal : 2 3 0.2368 0.06763 0.06763
BinVal : 2 4 0.7414 0.05662 0.05662
BinVal : 2 5 0.7863 0.03567 0.03567
BinVal : 2 6 0.9028 0.02504 0.02504
BinVal : 2 7 0.9817 0.01532 0.01532
BinVal : 2 8 0.9927 0.01006 0.01006
BinVal : 2 9 1 0.0454 0.0454
BinVal : 2 10 1 0.1633 0.1633
BinVal : 2 11 1 0.1633 0.1633
BinVal : 2 12 1 0.1633 0.1633
BinVal : 3 0 0 0 0
BinVal : 3 1 0 0 0
BinVal : 3 2 0 0 0
BinVal : 3 3 0.3889 0.07827 0.07827
BinVal : 3 4 0.7077 0.05549 0.05549
BinVal : 3 5 0.7612 0.03662 0.03662
BinVal : 3 6 0.9261 0.02012 0.02012
BinVal : 3 7 0.9867 0.01125 0.01125
BinVal : 3 8 1 0.004975 0.004975
BinVal : 3 9 1 0.03123 0.03123
BinVal : 3 10 1 0.1237 0.1237
BinVal : 3 11 1 0.1237 0.1237
BinVal : 3 12 1 0.1237 0.1237
BinVal : 4 0 0 0 0
BinVal : 4 1 0 0 0
BinVal : 4 2 0.02326 0.03038 0.03038
BinVal : 4 3 0.4444 0.0908 0.0908
BinVal : 4 4 0.7051 0.05092 0.05092
BinVal : 4 5 0.7412 0.03342 0.03342
BinVal : 4 6 0.9251 0.01775 0.01775
BinVal : 4 7 0.9833 0.009125 0.009125
BinVal : 4 8 0.9943 0.004906 0.004906
BinVal : 4 9 1 0.02127 0.02127
BinVal : 4 10 1 0.09938 0.09938
BinVal : 4 11 1 0.09938 0.09938
BinVal : 4 12 1 0.09938 0.09938
BinVal : 5 0 0 0 0
BinVal : 5 1 0 0 0
BinVal : 5 2 0.1489 0.05227 0.05227
BinVal : 5 3 0.5333 0.1176 0.1176
BinVal : 5 4 0.7792 0.0469 0.0469
BinVal : 5 5 0.815 0.02575 0.02575
BinVal : 5 6 0.9558 0.01232 0.01232
BinVal : 5 7 0.9913 0.005739 0.005739
BinVal : 5 8 0.9913 0.004241 0.004241
BinVal : 5 9 1 0.01449 0.01449
BinVal : 5 10 1 0.04993 0.04993
BinVal : 5 11 1 0.1936 0.1936
BinVal : 5 12 1 0.1633 0.1633
BinVal : 6 0 0 0 0
BinVal : 6 1 0 0 0
BinVal : 6 2 0.2609 0.08806 0.08806
BinVal : 6 3 0.6 0.175 0.175
BinVal : 6 4 0.8611 0.05839 0.05839
BinVal : 6 5 0.8672 0.03018 0.03018
BinVal : 6 6 0.9647 0.01502 0.01502
BinVal : 6 7 0.9948 0.00716 0.00716
BinVal : 6 8 0.9914 0.00569 0.00569
BinVal : 6 9 1 0.02272 0.02272
BinVal : 6 10 1 0.0665 0.0665
BinVal : 6 11 1 0.1936 0.1936
BinVal : 6 12 1 0.1633 0.1633
BinVal : 7 0 0 0 0
BinVal : 7 1 0 0 0
BinVal : 7 2 0 0 0
BinVal : 7 3 0 0 0
BinVal : 7 4 0 0 0
BinVal : 7 5 0 0 0
BinVal : 7 6 0 0 0
BinVal : 7 7 0 0 0
BinVal : 7 8 0 0 0
BinVal : 7 9 0 0 0
BinVal : 7 10 0 0 0
BinVal : 7 11 0 0 0
BinVal : 7 12 0 0 0
BinVal : 8 0 0 0 0
BinVal : 8 1 0 0 0
BinVal : 8 2 0 0 0
BinVal : 8 3 0 0 0
BinVal : 8 4 0 0 0
BinVal : 8 5 0 0 0
BinVal : 8 6 0 0 0
BinVal : 8 7 0 0 0
BinVal : 8 8 0 0 0
BinVal : 8 9 0 0 0
BinVal : 8 10 0 0 0
BinVal : 8 11 0 0 0
BinVal : 8 12 0 0 0
BinVal : 9 0 0 0 0
BinVal : 9 1 0 0 0
BinVal : 9 2 0.05882 0.04544 0.04544
BinVal : 9 3 0.3462 0.08898 0.08898
BinVal : 9 4 0.8293 0.05867 0.05867
BinVal : 9 5 0.9431 0.0218 0.0218
BinVal : 9 6 0.9789 0.00909 0.00909
BinVal : 9 7 0.9978 0.003025 0.003025
BinVal : 9 8 0.9942 0.002833 0.002833
BinVal : 9 9 1 0.007353 0.007353
BinVal : 9 10 1 0.03446 0.03446
BinVal : 9 11 1 0.09938 0.09938
BinVal : 9 12 1 0.09045 0.09045
BinVal : 10 0 0 0 0
BinVal : 10 1 0 0 0
BinVal : 10 2 0.05 0.03927 0.03927
BinVal : 10 3 0.28 0.08629 0.08629
BinVal : 10 4 0.7857 0.05429 0.05429
BinVal : 10 5 0.9398 0.02139 0.02139
BinVal : 10 6 0.9869 0.007212 0.007212
BinVal : 10 7 0.9962 0.003243 0.003243
BinVal : 10 8 0.9973 0.001806 0.001806
BinVal : 10 9 1 0.005464 0.005464
BinVal : 10 10 1 0.02563 0.02563
BinVal : 10 11 1 0.08299 0.08299
BinVal : 10 12 1 0.07122 0.07122
BinVal : 11 0 0 0 0
BinVal : 11 1 0 0 0
BinVal : 11 2 0 0 0
BinVal : 11 3 0.1923 0.0762 0.0762
BinVal : 11 4 0.7679 0.05571 0.05571
BinVal : 11 5 0.9388 0.02043 0.02043
BinVal : 11 6 0.9898 0.006722 0.006722
BinVal : 11 7 0.9962 0.003299 0.003299
BinVal : 11 8 0.9983 0.001487 0.001487
BinVal : 11 9 1 0.005464 0.005464
BinVal : 11 10 1 0.02563 0.02563
BinVal : 11 11 1 0.06236 0.06236
BinVal : 11 12 1 0.06236 0.06236
BinVal : 12 0 0 0 0
BinVal : 12 1 0 0 0
BinVal : 12 2 0 0 0
BinVal : 12 3 0.3913 0.09608 0.09608
BinVal : 12 4 0.8 0.05353 0.05353
BinVal : 12 5 0.9481 0.01861 0.01861
BinVal : 12 6 0.9867 0.007307 0.007307
BinVal : 12 7 0.998 0.002759 0.002759
BinVal : 12 8 0.9983 0.001485 0.001485
BinVal : 12 9 1 0.006173 0.006173
BinVal : 12 10 1 0.03029 0.03029
BinVal : 12 11 1 0.05546 0.05546
BinVal : 12 12 1 0.05255 0.05255
BinVal : 13 0 0 0 0
BinVal : 13 1 0 0 0
BinVal : 13 2 0 0 0
BinVal : 13 3 0.4348 0.09735 0.09735
BinVal : 13 4 0.7931 0.05275 0.05275
BinVal : 13 5 0.9468 0.0169 0.0169
BinVal : 13 6 0.9783 0.008608 0.008608
BinVal : 13 7 0.9958 0.003586 0.003586
BinVal : 13 8 0.9967 0.001853 0.001853
BinVal : 13 9 1 0.006493 0.006493
BinVal : 13 10 1 0.02499 0.02499
BinVal : 13 11 1 0.05546 0.05546
BinVal : 13 12 1 0.05871 0.05871
BinVal : 14 0 0 0 0
BinVal : 14 1 0 0 0
BinVal : 14 2 0 0 0
BinVal : 14 3 0.3333 0.09722 0.09722
BinVal : 14 4 0.8475 0.04702 0.04702
BinVal : 14 5 0.9296 0.01849 0.01849
BinVal : 14 6 0.959 0.01145 0.01145
BinVal : 14 7 0.9977 0.003174 0.003174
BinVal : 14 8 0.9952 0.002096 0.002096
BinVal : 14 9 0.994 0.008343 0.008343
BinVal : 14 10 1 0.0238 0.0238
BinVal : 14 11 1 0.04993 0.04993
BinVal : 14 12 1 0.08299 0.08299
BinVal : 15 0 0 0 0
BinVal : 15 1 0 0 0
BinVal : 15 2 0 0 0
BinVal : 15 3 0.3636 0.09682 0.09682
BinVal : 15 4 0.9 0.04388 0.04388
BinVal : 15 5 0.9022 0.02215 0.02215
BinVal : 15 6 0.9487 0.01275 0.01275
BinVal : 15 7 0.9979 0.002993 0.002993
BinVal : 15 8 0.996 0.001948 0.001948
BinVal : 15 9 0.994 0.008246 0.008246
BinVal : 15 10 1 0.03224 0.03224
BinVal : 15 11 1 0.0454 0.0454
BinVal : 15 12 1 0.07666 0.07666
BinVal : 16 0 0 0 0
BinVal : 16 1 0 0 0
BinVal : 16 2 0.03226 0.04092 0.04092
BinVal : 16 3 0.4231 0.0919 0.0919
BinVal : 16 4 0.75 0.05909 0.05909
BinVal : 16 5 0.8994 0.0234 0.0234
BinVal : 16 6 0.9721 0.009565 0.009565
BinVal : 16 7 0.9947 0.003524 0.003524
BinVal : 16 8 0.9916 0.00278 0.00278
BinVal : 16 9 1 0.006135 0.006135
BinVal : 16 10 1 0.03331 0.03331
BinVal : 16 11 1 0.04756 0.04756
BinVal : 16 12 1 0.07666 0.07666
BinVal : 17 0 0 0 0
BinVal : 17 1 0 0 0
BinVal : 17 2 0.02632 0.03404 0.03404
BinVal : 17 3 0.4348 0.09735 0.09735
BinVal : 17 4 0.6981 0.06175 0.06175
BinVal : 17 5 0.9021 0.0252 0.0252
BinVal : 17 6 0.9825 0.00758 0.00758
BinVal : 17 7 0.9931 0.003803 0.003803
BinVal : 17 8 0.9882 0.003369 0.003369
BinVal : 17 9 0.9945 0.007582 0.007582
BinVal : 17 10 1 0.02777 0.02777
BinVal : 17 11 1 0.06236 0.06236
BinVal : 17 12 1 0.08299 0.08299
BinVal : 18 0 0 0 0
BinVal : 18 1 0 0 0
BinVal : 18 2 0 0 0
BinVal : 18 3 0.3 0.09712 0.09712
BinVal : 18 4 0.814 0.05898 0.05898
BinVal : 18 5 0.8779 0.02884 0.02884
BinVal : 18 6 0.9834 0.007965 0.007965
BinVal : 18 7 0.9833 0.006159 0.006159
BinVal : 18 8 0.9815 0.004569 0.004569
BinVal : 18 9 0.9939 0.008442 0.008442
BinVal : 18 10 1 0.03224 0.03224
BinVal : 18 11 1 0.1102 0.1102
BinVal : 18 12 1 0.1102 0.1102
BinVal : 19 0 0 0 0
BinVal : 19 1 0 0 0
BinVal : 19 2 0 0 0
BinVal : 19 3 0.25 0.1382 0.1382
BinVal : 19 4 0.8421 0.08372 0.08372
BinVal : 19 5 0.8676 0.04153 0.04153
BinVal : 19 6 0.9919 0.01118 0.01118
BinVal : 19 7 0.971 0.01242 0.01242
BinVal : 19 8 0.9684 0.009265 0.009265
BinVal : 19 9 1 0.01538 0.01538
BinVal : 19 10 1 0.09045 0.09045
BinVal : 19 11 1 0.2357 0.2357
BinVal : 19 12 1 0.2357 0.2357
BinVal : 20 0 0 0 0
BinVal : 20 1 0 0 0
BinVal : 20 2 0 0 0
BinVal : 20 3 0 0 0
BinVal : 20 4 0 0 0
BinVal : 20 5 0 0 0
BinVal : 20 6 0 0 0
BinVal : 20 7 0 0 0
BinVal : 20 8 0 0 0
BinVal : 20 9 0 0 0
BinVal : 20 10 0 0 0
BinVal : 20 11 0 0 0
BinVal : 20 12 0 0 0
BinVal : 21 0 0 0 0
BinVal : 21 1 0 0 0
BinVal : 21 2 0 0 0
BinVal : 21 3 0 0 0
BinVal : 21 4 0 0 0
BinVal : 21 5 0 0 0
BinVal : 21 6 0 0 0
BinVal : 21 7 0 0 0
BinVal : 21 8 0 0 0
BinVal : 21 9 0 0 0
BinVal : 21 10 0 0 0
BinVal : 21 11 0 0 0
BinVal : 21 12 0 0 0
BinVal : 22 0 0 0 0
BinVal : 22 1 0 0 0
BinVal : 22 2 0.03448 0.04343 0.04343
BinVal : 22 3 0.1538 0.07112 0.07112
BinVal : 22 4 0.7927 0.04451 0.04451
BinVal : 22 5 0.8726 0.023 0.023
BinVal : 22 6 0.9493 0.01304 0.01304
BinVal : 22 7 0.9952 0.004134 0.004134
BinVal : 22 8 0.9969 0.002628 0.002628
BinVal : 22 9 0.9892 0.01465 0.01465
BinVal : 22 10 1 0.06236 0.06236
BinVal : 22 11 1 0.1237 0.1237
BinVal : 22 12 1 0.2357 0.2357
BinVal : 23 0 0 0 0
BinVal : 23 1 0 0 0
BinVal : 23 2 0.02381 0.03105 0.03105
BinVal : 23 3 0.2059 0.06835 0.06835
BinVal : 23 4 0.7606 0.0501 0.0501
BinVal : 23 5 0.8667 0.02659 0.02659
BinVal : 23 6 0.9174 0.0189 0.0189
BinVal : 23 7 0.9929 0.006077 0.006077
BinVal : 23 8 0.9972 0.003859 0.003859
BinVal : 23 9 1 0.01449 0.01449
BinVal : 23 10 1 0.0665 0.0665
BinVal : 23 11 1 0.1633 0.1633
BinVal : 23 12 1 0.1633 0.1633
BinVal : 24 0 0 0 0
BinVal : 24 1 0 0 0
BinVal : 24 2 0.02 0.02642 0.02642
BinVal : 24 3 0.25 0.07942 0.07942
BinVal : 24 4 0.7826 0.04924 0.04924
BinVal : 24 5 0.8851 0.02644 0.02644
BinVal : 24 6 0.9086 0.0214 0.0214
BinVal : 24 7 0.9897 0.008747 0.008747
BinVal : 24 8 0.9958 0.005905 0.005905
BinVal : 24 9 1 0.02702 0.02702
BinVal : 24 10 1 0.1237 0.1237
BinVal : 24 11 1 0.1237 0.1237
BinVal : 24 12 1 0.1237 0.1237
BinVal : 25 0 0 0 0
BinVal : 25 1 0 0 0
BinVal : 25 2 0.03226 0.02622 0.02622
BinVal : 25 3 0.175 0.05988 0.05988
BinVal : 25 4 0.7297 0.05096 0.05096
BinVal : 25 5 0.8701 0.02724 0.02724
BinVal : 25 6 0.9149 0.02065 0.02065
BinVal : 25 7 0.9917 0.01136 0.01136
BinVal : 25 8 0.9756 0.01323 0.01323
BinVal : 25 9 1 0.04993 0.04993
BinVal : 25 10 1 0.1936 0.1936
BinVal : 25 11 1 0.1936 0.1936
BinVal : 25 12 1 0.2357 0.2357
BinVal : 26 0 0 0 0
BinVal : 26 1 0 0 0
BinVal : 26 2 0.01538 0.02064 0.02064
BinVal : 26 3 0.1698 0.05154 0.05154
BinVal : 26 4 0.7031 0.05615 0.05615
BinVal : 26 5 0.7867 0.03333 0.03333
BinVal : 26 6 0.8548 0.03175 0.03175
BinVal : 26 7 0.9831 0.02262 0.02262
BinVal : 26 8 0.9435 0.02164 0.02164
BinVal : 26 9 1 0.07666 0.07666
BinVal : 26 10 1 0.2357 0.2357
BinVal : 26 11 1 0.2357 0.2357
BinVal : 26 12 1 0.2357 0.2357
BinVal : 27 0 0 0 0
BinVal : 27 1 0 0 0
BinVal : 27 2 0 0 0
BinVal : 27 3 0.125 0.05986 0.05986
BinVal : 27 4 0.7073 0.06924 0.06924
BinVal : 27 5 0.6882 0.04744 0.04744
BinVal : 27 6 0.74 0.06093 0.06093
BinVal : 27 7 0.9 0.05757 0.05757
BinVal : 27 8 0.9455 0.03354 0.03354
BinVal : 27 9 1 0.2357 0.2357
BinVal : 27 10 1 0.2357 0.2357
BinVal : 27 11 1 0.2357 0.2357
BinVal : 27 12 1 0.2357 0.2357
BinVal : 28 0 0 0 0
BinVal : 28 1 0 0 0
BinVal : 28 2 0 0 0
BinVal : 28 3 0 0 0
BinVal : 28 4 0.6667 0.1126 0.1126
BinVal : 28 5 0.5652 0.09735 0.09735
BinVal : 28 6 0.6364 0.13 0.13
BinVal : 28 7 0.6667 0.1389 0.1389
BinVal : 28 8 1 0.2357 0.2357
BinVal : 28 9 1 0.2357 0.2357
BinVal : 28 10 1 0.2357 0.2357
BinVal : 28 11 1 0.2357 0.2357
BinVal : 28 12 1 0.2357 0.2357
