D0NoteID : 0
EffName : CALONLY_v13
EffType : Binned
EffVarNames : DetEta pT
EffVersion : 6
ObjQuality : Top_loose
ObjType : Electron
ObjVersion : 4
BinEdgesX : -3.2 -2.8 -2.5 -2.3 -2.1 -1.9 -1.7 -1.5 -1.3 -1.1 -0.9 -0.7 -0.5 -0.3 -0.1 0.1 0.3 0.5 0.7 0.9 1.1 1.3 1.5 1.7 1.9 2.1 2.3 2.5 2.8 3.2
BinEdgesY : 0 10 15 20 22 25 30 35 40 50 60 70 80 1000
BinVal : 0 0 0 0 0
BinVal : 0 1 0 0 0
BinVal : 0 2 0 0 0
BinVal : 0 3 0.1429 0.1315 0.1315
BinVal : 0 4 0.3333 0.1389 0.1389
BinVal : 0 5 0.3333 0.1041 0.1041
BinVal : 0 6 0.6429 0.1174 0.1174
BinVal : 0 7 0.75 0.1382 0.1382
BinVal : 0 8 1 0.09045 0.09045
BinVal : 0 9 1 0.2357 0.2357
BinVal : 0 10 1 0.2357 0.2357
BinVal : 0 11 1 0.2357 0.2357
BinVal : 0 12 1 0.2357 0.2357
BinVal : 1 0 0 0 0
BinVal : 1 1 0 0 0
BinVal : 1 2 0 0 0
BinVal : 1 3 0.125 0.1206 0.1206
BinVal : 1 4 0.2857 0.1491 0.1491
BinVal : 1 5 0.3913 0.09608 0.09608
BinVal : 1 6 0.5789 0.1055 0.1055
BinVal : 1 7 0.8462 0.1 0.1
BinVal : 1 8 1 0.04163 0.04163
BinVal : 1 9 1 0.2357 0.2357
BinVal : 1 10 1 0.2357 0.2357
BinVal : 1 11 1 0.2357 0.2357
BinVal : 1 12 1 0.2357 0.2357
BinVal : 2 0 0 0 0
BinVal : 2 1 0 0 0
BinVal : 2 2 0 0 0
BinVal : 2 3 0 0 0
BinVal : 2 4 0.6 0.175 0.175
BinVal : 2 5 0.5556 0.1086 0.1086
BinVal : 2 6 0.8 0.08738 0.08738
BinVal : 2 7 0.9474 0.06258 0.06258
BinVal : 2 8 1 0.03701 0.03701
BinVal : 2 9 1 0.2357 0.2357
BinVal : 2 10 1 0.2357 0.2357
BinVal : 2 11 1 0.2357 0.2357
BinVal : 2 12 1 0.2357 0.2357
BinVal : 3 0 0 0 0
BinVal : 3 1 0 0 0
BinVal : 3 2 0 0 0
BinVal : 3 3 0.3333 0.2 0.2
BinVal : 3 4 0.5455 0.1332 0.1332
BinVal : 3 5 0.6522 0.09414 0.09414
BinVal : 3 6 0.9062 0.05446 0.05446
BinVal : 3 7 0.92 0.05939 0.05939
BinVal : 3 8 1 0.0294 0.0294
BinVal : 3 9 1 0.1237 0.1237
BinVal : 3 10 1 0.2357 0.2357
BinVal : 3 11 1 0.2357 0.2357
BinVal : 3 12 1 0.2357 0.2357
BinVal : 4 0 0 0 0
BinVal : 4 1 0 0 0
BinVal : 4 2 0 0 0
BinVal : 4 3 0.2 0.1597 0.1597
BinVal : 4 4 0.3333 0.1126 0.1126
BinVal : 4 5 0.6667 0.08678 0.08678
BinVal : 4 6 0.8974 0.05049 0.05049
BinVal : 4 7 0.9643 0.02883 0.02883
BinVal : 4 8 1 0.01266 0.01266
BinVal : 4 9 1 0.05871 0.05871
BinVal : 4 10 1 0.2357 0.2357
BinVal : 4 11 1 0.2357 0.2357
BinVal : 4 12 1 0.2357 0.2357
BinVal : 5 0 0 0 0
BinVal : 5 1 0 0 0
BinVal : 5 2 0 0 0
BinVal : 5 3 0.1429 0.1315 0.1315
BinVal : 5 4 0.2667 0.1074 0.1074
BinVal : 5 5 0.6875 0.07908 0.07908
BinVal : 5 6 0.9273 0.03714 0.03714
BinVal : 5 7 1 0.01064 0.01064
BinVal : 5 8 1 0.007299 0.007299
BinVal : 5 9 1 0.04993 0.04993
BinVal : 5 10 1 0.1237 0.1237
BinVal : 5 11 1 0.1237 0.1237
BinVal : 5 12 1 0.1237 0.1237
BinVal : 6 0 0 0 0
BinVal : 6 1 0 0 0
BinVal : 6 2 0 0 0
BinVal : 6 3 0.2 0.1597 0.1597
BinVal : 6 4 0.3333 0.1614 0.1614
BinVal : 6 5 0.7059 0.1039 0.1039
BinVal : 6 6 0.9412 0.04544 0.04544
BinVal : 6 7 1 0.01923 0.01923
BinVal : 6 8 1 0.01234 0.01234
BinVal : 6 9 1 0.09938 0.09938
BinVal : 6 10 1 0.1237 0.1237
BinVal : 6 11 1 0.1237 0.1237
BinVal : 6 12 1 0.1237 0.1237
BinVal : 7 0 0 0 0
BinVal : 7 1 0 0 0
BinVal : 7 2 0 0 0
BinVal : 7 3 0 0 0
BinVal : 7 4 0 0 0
BinVal : 7 5 0 0 0
BinVal : 7 6 0 0 0
BinVal : 7 7 0 0 0
BinVal : 7 8 0 0 0
BinVal : 7 9 0 0 0
BinVal : 7 10 0 0 0
BinVal : 7 11 0 0 0
BinVal : 7 12 0 0 0
BinVal : 8 0 0 0 0
BinVal : 8 1 0 0 0
BinVal : 8 2 0 0 0
BinVal : 8 3 0 0 0
BinVal : 8 4 0 0 0
BinVal : 8 5 0 0 0
BinVal : 8 6 0 0 0
BinVal : 8 7 0 0 0
BinVal : 8 8 0 0 0
BinVal : 8 9 0 0 0
BinVal : 8 10 0 0 0
BinVal : 8 11 0 0 0
BinVal : 8 12 0 0 0
BinVal : 9 0 0 0 0
BinVal : 9 1 0 0 0
BinVal : 9 2 0 0 0
BinVal : 9 3 0 0 0
BinVal : 9 4 1 0.1237 0.1237
BinVal : 9 5 0.6333 0.08427 0.08427
BinVal : 9 6 0.7442 0.0652 0.0652
BinVal : 9 7 0.9714 0.01825 0.01825
BinVal : 9 8 0.9847 0.009973 0.009973
BinVal : 9 9 1 0.03331 0.03331
BinVal : 9 10 1 0.08299 0.08299
BinVal : 9 11 1 0.1936 0.1936
BinVal : 9 12 1 0.2357 0.2357
BinVal : 10 0 0 0 0
BinVal : 10 1 0 0 0
BinVal : 10 2 0 0 0
BinVal : 10 3 0.2 0.1597 0.1597
BinVal : 10 4 0.8889 0.1113 0.1113
BinVal : 10 5 0.5938 0.08319 0.08319
BinVal : 10 6 0.8235 0.05324 0.05324
BinVal : 10 7 0.9739 0.01673 0.01673
BinVal : 10 8 1 0.004115 0.004115
BinVal : 10 9 1 0.02 0.02
BinVal : 10 10 1 0.07666 0.07666
BinVal : 10 11 1 0.1633 0.1633
BinVal : 10 12 1 0.2357 0.2357
BinVal : 11 0 0 0 0
BinVal : 11 1 0 0 0
BinVal : 11 2 0 0 0
BinVal : 11 3 0.1429 0.1315 0.1315
BinVal : 11 4 0.5833 0.1278 0.1278
BinVal : 11 5 0.6538 0.08898 0.08898
BinVal : 11 6 0.9375 0.03799 0.03799
BinVal : 11 7 0.9833 0.01396 0.01396
BinVal : 11 8 1 0.003906 0.003906
BinVal : 11 9 1 0.01886 0.01886
BinVal : 11 10 1 0.08299 0.08299
BinVal : 11 11 1 0.1633 0.1633
BinVal : 11 12 1 0.1633 0.1633
BinVal : 12 0 0 0 0
BinVal : 12 1 0 0 0
BinVal : 12 2 0 0 0
BinVal : 12 3 0 0 0
BinVal : 12 4 0.5385 0.1247 0.1247
BinVal : 12 5 0.6667 0.07911 0.07911
BinVal : 12 6 0.78 0.05787 0.05787
BinVal : 12 7 0.9913 0.01193 0.01193
BinVal : 12 8 1 0.003676 0.003676
BinVal : 12 9 1 0.0196 0.0196
BinVal : 12 10 1 0.05871 0.05871
BinVal : 12 11 1 0.1936 0.1936
BinVal : 12 12 1 0.1936 0.1936
BinVal : 13 0 0 0 0
BinVal : 13 1 0 0 0
BinVal : 13 2 0 0 0
BinVal : 13 3 0 0 0
BinVal : 13 4 0.6923 0.1179 0.1179
BinVal : 13 5 0.6889 0.06728 0.06728
BinVal : 13 6 0.7368 0.05739 0.05739
BinVal : 13 7 0.9903 0.01328 0.01328
BinVal : 13 8 0.9963 0.00519 0.00519
BinVal : 13 9 1 0.02272 0.02272
BinVal : 13 10 1 0.06236 0.06236
BinVal : 13 11 1 0.2357 0.2357
BinVal : 13 12 1 0.1936 0.1936
BinVal : 14 0 0 0 0
BinVal : 14 1 0 0 0
BinVal : 14 2 0 0 0
BinVal : 14 3 0 0 0
BinVal : 14 4 0.6364 0.13 0.13
BinVal : 14 5 0.6585 0.07185 0.07185
BinVal : 14 6 0.7541 0.05441 0.05441
BinVal : 14 7 0.9905 0.01303 0.01303
BinVal : 14 8 0.9887 0.007393 0.007393
BinVal : 14 9 1 0.02173 0.02173
BinVal : 14 10 1 0.08299 0.08299
BinVal : 14 11 1 0.2357 0.2357
BinVal : 14 12 1 0.1409 0.1409
BinVal : 15 0 0 0 0
BinVal : 15 1 0 0 0
BinVal : 15 2 0 0 0
BinVal : 15 3 0 0 0
BinVal : 15 4 0.5556 0.1437 0.1437
BinVal : 15 5 0.6333 0.08427 0.08427
BinVal : 15 6 0.7419 0.05478 0.05478
BinVal : 15 7 0.9808 0.01603 0.01603
BinVal : 15 8 0.9922 0.006687 0.006687
BinVal : 15 9 1 0.01923 0.01923
BinVal : 15 10 1 0.1237 0.1237
BinVal : 15 11 1 0.1936 0.1936
BinVal : 15 12 1 0.1237 0.1237
BinVal : 16 0 0 0 0
BinVal : 16 1 0 0 0
BinVal : 16 2 0 0 0
BinVal : 16 3 0 0 0
BinVal : 16 4 0.625 0.1477 0.1477
BinVal : 16 5 0.5 0.08452 0.08452
BinVal : 16 6 0.8254 0.04776 0.04776
BinVal : 16 7 0.9709 0.01859 0.01859
BinVal : 16 8 0.9957 0.006056 0.006056
BinVal : 16 9 1 0.02272 0.02272
BinVal : 16 10 1 0.1633 0.1633
BinVal : 16 11 1 0.1936 0.1936
BinVal : 16 12 1 0.1409 0.1409
BinVal : 17 0 0 0 0
BinVal : 17 1 0 0 0
BinVal : 17 2 0 0 0
BinVal : 17 3 0 0 0
BinVal : 17 4 0.6 0.175 0.175
BinVal : 17 5 0.3333 0.08268 0.08268
BinVal : 17 6 0.8772 0.0442 0.0442
BinVal : 17 7 0.9737 0.01687 0.01687
BinVal : 17 8 0.9862 0.008987 0.008987
BinVal : 17 9 1 0.0238 0.0238
BinVal : 17 10 1 0.1102 0.1102
BinVal : 17 11 1 0.2357 0.2357
BinVal : 17 12 1 0.1936 0.1936
BinVal : 18 0 0 0 0
BinVal : 18 1 0 0 0
BinVal : 18 2 0 0 0
BinVal : 18 3 0 0 0
BinVal : 18 4 0.1667 0.1443 0.1443
BinVal : 18 5 0.3684 0.1035 0.1035
BinVal : 18 6 0.8605 0.05344 0.05344
BinVal : 18 7 0.9904 0.01315 0.01315
BinVal : 18 8 0.9835 0.01072 0.01072
BinVal : 18 9 1 0.03224 0.03224
BinVal : 18 10 1 0.1237 0.1237
BinVal : 18 11 1 0.2357 0.2357
BinVal : 18 12 1 0.2357 0.2357
BinVal : 19 0 0 0 0
BinVal : 19 1 0 0 0
BinVal : 19 2 0 0 0
BinVal : 19 3 0 0 0
BinVal : 19 4 0 0 0
BinVal : 19 5 0.6667 0.1614 0.1614
BinVal : 19 6 0.8235 0.09116 0.09116
BinVal : 19 7 1 0.0196 0.0196
BinVal : 19 8 0.9875 0.01693 0.01693
BinVal : 19 9 1 0.08299 0.08299
BinVal : 19 10 1 0.2357 0.2357
BinVal : 19 11 1 0.2357 0.2357
BinVal : 19 12 1 0.2357 0.2357
BinVal : 20 0 0 0 0
BinVal : 20 1 0 0 0
BinVal : 20 2 0 0 0
BinVal : 20 3 0 0 0
BinVal : 20 4 0 0 0
BinVal : 20 5 0 0 0
BinVal : 20 6 0 0 0
BinVal : 20 7 0 0 0
BinVal : 20 8 0 0 0
BinVal : 20 9 0 0 0
BinVal : 20 10 0 0 0
BinVal : 20 11 0 0 0
BinVal : 20 12 0 0 0
BinVal : 21 0 0 0 0
BinVal : 21 1 0 0 0
BinVal : 21 2 0 0 0
BinVal : 21 3 0 0 0
BinVal : 21 4 0 0 0
BinVal : 21 5 0 0 0
BinVal : 21 6 0 0 0
BinVal : 21 7 0 0 0
BinVal : 21 8 0 0 0
BinVal : 21 9 0 0 0
BinVal : 21 10 0 0 0
BinVal : 21 11 0 0 0
BinVal : 21 12 0 0 0
BinVal : 22 0 0 0 0
BinVal : 22 1 0 0 0
BinVal : 22 2 0 0 0
BinVal : 22 3 0 0.09938 0.09938
BinVal : 22 4 0.3636 0.13 0.13
BinVal : 22 5 0.5208 0.06996 0.06996
BinVal : 22 6 0.8485 0.06281 0.06281
BinVal : 22 7 1 0.01333 0.01333
BinVal : 22 8 1 0.008547 0.008547
BinVal : 22 9 1 0.07122 0.07122
BinVal : 22 10 1 0.07122 0.07122
BinVal : 22 11 1 0.07122 0.07122
BinVal : 22 12 1 0.2357 0.2357
BinVal : 23 0 0 0 0
BinVal : 23 1 0 0 0
BinVal : 23 2 0 0 0
BinVal : 23 3 0.3333 0.1614 0.1614
BinVal : 23 4 0.3333 0.1237 0.1237
BinVal : 23 5 0.525 0.07616 0.07616
BinVal : 23 6 0.8611 0.05839 0.05839
BinVal : 23 7 0.9811 0.02501 0.02501
BinVal : 23 8 1 0.01515 0.01515
BinVal : 23 9 1 0.1409 0.1409
BinVal : 23 10 1 0.1409 0.1409
BinVal : 23 11 1 0.1409 0.1409
BinVal : 23 12 1 0.2357 0.2357
BinVal : 24 0 0 0 0
BinVal : 24 1 0 0 0
BinVal : 24 2 0 0 0
BinVal : 24 3 0.6667 0.2 0.2
BinVal : 24 4 0.4286 0.1571 0.1571
BinVal : 24 5 0.6061 0.08165 0.08165
BinVal : 24 6 0.9091 0.05303 0.05303
BinVal : 24 7 0.9737 0.03404 0.03404
BinVal : 24 8 1 0.02222 0.02222
BinVal : 24 9 1 0.1237 0.1237
BinVal : 24 10 1 0.1237 0.1237
BinVal : 24 11 1 0.1237 0.1237
BinVal : 24 12 1 0.1237 0.1237
BinVal : 25 0 0 0 0
BinVal : 25 1 0 0 0
BinVal : 25 2 0 0 0
BinVal : 25 3 0 0 0
BinVal : 25 4 0.5 0.1667 0.1667
BinVal : 25 5 0.619 0.09962 0.09962
BinVal : 25 6 0.6667 0.08678 0.08678
BinVal : 25 7 1 0.03997 0.03997
BinVal : 25 8 1 0.03029 0.03029
BinVal : 25 9 0.75 0.1782 0.1782
BinVal : 25 10 0.75 0.1782 0.1782
BinVal : 25 11 0.75 0.1782 0.1782
BinVal : 25 12 0.75 0.1782 0.1782
BinVal : 26 0 0 0 0
BinVal : 26 1 0 0 0
BinVal : 26 2 0 0 0
BinVal : 26 3 0 0 0
BinVal : 26 4 0.3636 0.13 0.13
BinVal : 26 5 0.5294 0.1116 0.1116
BinVal : 26 6 0.619 0.09962 0.09962
BinVal : 26 7 1 0.09938 0.09938
BinVal : 26 8 0.9412 0.06862 0.06862
BinVal : 26 9 0.6667 0.2 0.2
BinVal : 26 10 0.6667 0.2 0.2
BinVal : 26 11 0.6667 0.2 0.2
BinVal : 26 12 0.6667 0.2 0.2
BinVal : 27 0 0 0 0
BinVal : 27 1 0 0 0
BinVal : 27 2 0 0 0
BinVal : 27 3 0 0 0
BinVal : 27 4 0.2 0.1201 0.1201
BinVal : 27 5 0.4615 0.1247 0.1247
BinVal : 27 6 0.7273 0.1234 0.1234
BinVal : 27 7 1 0.1633 0.1633
BinVal : 27 8 0.9 0.1034 0.1034
BinVal : 27 9 0.9 0.1034 0.1034
BinVal : 27 10 0.9 0.1034 0.1034
BinVal : 27 11 0.9 0.1034 0.1034
BinVal : 27 12 0.9 0.1034 0.1034
BinVal : 28 0 0 0 0
BinVal : 28 1 0 0 0
BinVal : 28 2 0 0 0
BinVal : 28 3 0 0 0
BinVal : 28 4 0.25 0.1782 0.1782
BinVal : 28 5 0.6667 0.2 0.2
BinVal : 28 6 0.3333 0.2 0.2
BinVal : 28 7 0.3333 0.2 0.2
BinVal : 28 8 0.3333 0.2 0.2
BinVal : 28 9 0.3333 0.2 0.2
BinVal : 28 10 0.3333 0.2 0.2
BinVal : 28 11 0.3333 0.2 0.2
BinVal : 28 12 0.3333 0.2 0.2
