D0NoteID : 0
EffName : CALONLY_v15
EffType : Binned
EffVarNames : DetEta pT
EffVersion : 6
ObjQuality : Point05
ObjType : Electron
ObjVersion : 3
TriggerVersion : v15
BinEdgesX : -3.2 -2.8 -2.5 -2.3 -2.1 -1.9 -1.7 -1.5 -1.3 -1.1 -0.9 -0.7 -0.5 -0.3 -0.1 0.1 0.3 0.5 0.7 0.9 1.1 1.3 1.5 1.7 1.9 2.1 2.3 2.5 2.8 3.2
BinEdgesY : 0 10 15 20 22 25 30 35 40 50 60 70 80 1000
BinVal : 0 0 0 0 0
BinVal : 0 1 0 0 0
BinVal : 0 2 0 0 0
BinVal : 0 3 0 0 0
BinVal : 0 4 0.08333 0.04201 0.04201
BinVal : 0 5 0.5597 0.03901 0.03901
BinVal : 0 6 0.6897 0.04253 0.04253
BinVal : 0 7 0.7612 0.0515 0.0515
BinVal : 0 8 0.93 0.02649 0.02649
BinVal : 0 9 1 0.1633 0.1633
BinVal : 0 10 1 0.1633 0.1633
BinVal : 0 11 1 0.1633 0.1633
BinVal : 0 12 1 0.1633 0.1633
BinVal : 1 0 0 0 0
BinVal : 1 1 0 0 0
BinVal : 1 2 0 0 0
BinVal : 1 3 0 0 0
BinVal : 1 4 0.08824 0.0356 0.0356
BinVal : 1 5 0.6291 0.02767 0.02767
BinVal : 1 6 0.8156 0.02308 0.02308
BinVal : 1 7 0.925 0.01895 0.01895
BinVal : 1 8 0.9835 0.009015 0.009015
BinVal : 1 9 1 0.04343 0.04343
BinVal : 1 10 1 0.2357 0.2357
BinVal : 1 11 1 0.2357 0.2357
BinVal : 1 12 1 0.2357 0.2357
BinVal : 2 0 0 0 0
BinVal : 2 1 0 0 0
BinVal : 2 2 0 0 0
BinVal : 2 3 0 0 0
BinVal : 2 4 0.1111 0.03364 0.03364
BinVal : 2 5 0.6421 0.02497 0.02497
BinVal : 2 6 0.8225 0.01777 0.01777
BinVal : 2 7 0.9623 0.01055 0.01055
BinVal : 2 8 0.993 0.004613 0.004613
BinVal : 2 9 1 0.02127 0.02127
BinVal : 2 10 1 0.2357 0.2357
BinVal : 2 11 1 0.2357 0.2357
BinVal : 2 12 1 0.2357 0.2357
BinVal : 3 0 0 0 0
BinVal : 3 1 0 0 0
BinVal : 3 2 0 0 0
BinVal : 3 3 0 0 0
BinVal : 3 4 0.07746 0.02295 0.02295
BinVal : 3 5 0.6395 0.02378 0.02378
BinVal : 3 6 0.784 0.01663 0.01663
BinVal : 3 7 0.9607 0.008561 0.008561
BinVal : 3 8 0.9903 0.003866 0.003866
BinVal : 3 9 1 0.01282 0.01282
BinVal : 3 10 1 0.1237 0.1237
BinVal : 3 11 1 0.1936 0.1936
BinVal : 3 12 1 0.2357 0.2357
BinVal : 4 0 0 0 0
BinVal : 4 1 0 0 0
BinVal : 4 2 0 0 0
BinVal : 4 3 0 0 0
BinVal : 4 4 0.05625 0.01885 0.01885
BinVal : 4 5 0.6462 0.02362 0.02362
BinVal : 4 6 0.8003 0.0156 0.0156
BinVal : 4 7 0.9615 0.007104 0.007104
BinVal : 4 8 0.9934 0.002637 0.002637
BinVal : 4 9 1 0.008403 0.008403
BinVal : 4 10 1 0.0665 0.0665
BinVal : 4 11 1 0.1409 0.1409
BinVal : 4 12 1 0.2357 0.2357
BinVal : 5 0 0 0 0
BinVal : 5 1 0 0 0
BinVal : 5 2 0 0 0
BinVal : 5 3 0.01923 0.02546 0.02546
BinVal : 5 4 0.09396 0.02426 0.02426
BinVal : 5 5 0.7079 0.02192 0.02192
BinVal : 5 6 0.8664 0.0132 0.0132
BinVal : 5 7 0.9705 0.005903 0.005903
BinVal : 5 8 0.9939 0.002146 0.002146
BinVal : 5 9 0.9824 0.01146 0.01146
BinVal : 5 10 1 0.0454 0.0454
BinVal : 5 11 0.9 0.1034 0.1034
BinVal : 5 12 1 0.2357 0.2357
BinVal : 6 0 0 0 0
BinVal : 6 1 0 0 0
BinVal : 6 2 0 0 0
BinVal : 6 3 0.03448 0.04343 0.04343
BinVal : 6 4 0.1333 0.03962 0.03962
BinVal : 6 5 0.7717 0.02828 0.02828
BinVal : 6 6 0.9048 0.01612 0.01612
BinVal : 6 7 0.9812 0.006943 0.006943
BinVal : 6 8 0.9929 0.003102 0.003102
BinVal : 6 9 0.9706 0.01877 0.01877
BinVal : 6 10 1 0.0665 0.0665
BinVal : 6 11 0.875 0.1206 0.1206
BinVal : 6 12 1 0.2357 0.2357
BinVal : 7 0 0 0 0
BinVal : 7 1 0 0 0
BinVal : 7 2 0 0 0
BinVal : 7 3 0 0 0
BinVal : 7 4 0 0 0
BinVal : 7 5 0 0 0
BinVal : 7 6 0 0 0
BinVal : 7 7 0 0 0
BinVal : 7 8 0 0 0
BinVal : 7 9 0 0 0
BinVal : 7 10 0 0 0
BinVal : 7 11 0 0 0
BinVal : 7 12 0 0 0
BinVal : 8 0 0 0 0
BinVal : 8 1 0 0 0
BinVal : 8 2 0 0 0
BinVal : 8 3 0 0 0
BinVal : 8 4 0 0 0
BinVal : 8 5 0 0 0
BinVal : 8 6 0 0 0
BinVal : 8 7 0 0 0
BinVal : 8 8 0 0 0
BinVal : 8 9 0 0 0
BinVal : 8 10 0 0 0
BinVal : 8 11 0 0 0
BinVal : 8 12 0 0 0
BinVal : 9 0 0 0 0
BinVal : 9 1 0 0 0
BinVal : 9 2 0 0 0
BinVal : 9 3 0.02941 0.03766 0.03766
BinVal : 9 4 0.1639 0.04745 0.04745
BinVal : 9 5 0.8235 0.0247 0.0247
BinVal : 9 6 0.9543 0.008241 0.008241
BinVal : 9 7 0.9795 0.00413 0.00413
BinVal : 9 8 0.9943 0.001563 0.001563
BinVal : 9 9 1 0.002809 0.002809
BinVal : 9 10 1 0.01428 0.01428
BinVal : 9 11 1 0.05871 0.05871
BinVal : 9 12 1 0.09045 0.09045
BinVal : 10 0 0 0 0
BinVal : 10 1 0 0 0
BinVal : 10 2 0 0 0
BinVal : 10 3 0.02041 0.02692 0.02692
BinVal : 10 4 0.2473 0.04435 0.04435
BinVal : 10 5 0.8247 0.02228 0.02228
BinVal : 10 6 0.9732 0.006188 0.006188
BinVal : 10 7 0.9828 0.003541 0.003541
BinVal : 10 8 0.9956 0.001254 0.001254
BinVal : 10 9 1 0.002415 0.002415
BinVal : 10 10 1 0.01163 0.01163
BinVal : 10 11 1 0.05255 0.05255
BinVal : 10 12 1 0.04993 0.04993
BinVal : 11 0 0 0 0
BinVal : 11 1 0 0 0
BinVal : 11 2 0 0 0
BinVal : 11 3 0 0 0
BinVal : 11 4 0.27 0.04397 0.04397
BinVal : 11 5 0.8626 0.01808 0.01808
BinVal : 11 6 0.974 0.006383 0.006383
BinVal : 11 7 0.9881 0.003036 0.003036
BinVal : 11 8 0.9977 0.0009333 0.0009333
BinVal : 11 9 0.9979 0.002919 0.002919
BinVal : 11 10 1 0.01205 0.01205
BinVal : 11 11 1 0.03123 0.03123
BinVal : 11 12 1 0.04163 0.04163
BinVal : 12 0 0 0 0
BinVal : 12 1 0 0 0
BinVal : 12 2 0 0 0
BinVal : 12 3 0 0 0
BinVal : 12 4 0.1596 0.03784 0.03784
BinVal : 12 5 0.9091 0.01475 0.01475
BinVal : 12 6 0.9681 0.007157 0.007157
BinVal : 12 7 0.99 0.002975 0.002975
BinVal : 12 8 0.9981 0.0008199 0.0008199
BinVal : 12 9 0.9961 0.003376 0.003376
BinVal : 12 10 0.9877 0.01673 0.01673
BinVal : 12 11 1 0.02127 0.02127
BinVal : 12 12 1 0.03997 0.03997
BinVal : 13 0 0 0 0
BinVal : 13 1 0 0 0
BinVal : 13 2 0 0 0
BinVal : 13 3 0 0 0
BinVal : 13 4 0.1284 0.0323 0.0323
BinVal : 13 5 0.9306 0.01302 0.01302
BinVal : 13 6 0.9754 0.006046 0.006046
BinVal : 13 7 0.9886 0.003395 0.003395
BinVal : 13 8 0.9983 0.0007609 0.0007609
BinVal : 13 9 0.998 0.002809 0.002809
BinVal : 13 10 0.9891 0.01481 0.01481
BinVal : 13 11 1 0.02272 0.02272
BinVal : 13 12 1 0.03224 0.03224
BinVal : 14 0 0 0 0
BinVal : 14 1 0 0 0
BinVal : 14 2 0 0 0
BinVal : 14 3 0 0 0
BinVal : 14 4 0.19 0.03912 0.03912
BinVal : 14 5 0.9377 0.01222 0.01222
BinVal : 14 6 0.9778 0.005624 0.005624
BinVal : 14 7 0.9877 0.003502 0.003502
BinVal : 14 8 0.9971 0.0009569 0.0009569
BinVal : 14 9 0.9959 0.003492 0.003492
BinVal : 14 10 1 0.009523 0.009523
BinVal : 14 11 1 0.02777 0.02777
BinVal : 14 12 1 0.03843 0.03843
BinVal : 15 0 0 0 0
BinVal : 15 1 0 0 0
BinVal : 15 2 0 0 0
BinVal : 15 3 0 0 0
BinVal : 15 4 0.2644 0.04678 0.04678
BinVal : 15 5 0.9194 0.01424 0.01424
BinVal : 15 6 0.9795 0.005588 0.005588
BinVal : 15 7 0.991 0.002804 0.002804
BinVal : 15 8 0.9963 0.001116 0.001116
BinVal : 15 9 0.9917 0.004591 0.004591
BinVal : 15 10 1 0.009259 0.009259
BinVal : 15 11 1 0.03331 0.03331
BinVal : 15 12 1 0.05871 0.05871
BinVal : 16 0 0 0 0
BinVal : 16 1 0 0 0
BinVal : 16 2 0 0 0
BinVal : 16 3 0 0 0
BinVal : 16 4 0.2292 0.04259 0.04259
BinVal : 16 5 0.866 0.01906 0.01906
BinVal : 16 6 0.97 0.006571 0.006571
BinVal : 16 7 0.9907 0.002654 0.002654
BinVal : 16 8 0.9964 0.001131 0.001131
BinVal : 16 9 0.9936 0.004206 0.004206
BinVal : 16 10 1 0.009434 0.009434
BinVal : 16 11 1 0.04756 0.04756
BinVal : 16 12 1 0.04163 0.04163
BinVal : 17 0 0 0 0
BinVal : 17 1 0 0 0
BinVal : 17 2 0 0 0
BinVal : 17 3 0 0 0
BinVal : 17 4 0.2079 0.04019 0.04019
BinVal : 17 5 0.8596 0.02062 0.02062
BinVal : 17 6 0.9563 0.007523 0.007523
BinVal : 17 7 0.9858 0.003142 0.003142
BinVal : 17 8 0.9954 0.001265 0.001265
BinVal : 17 9 0.9978 0.003146 0.003146
BinVal : 17 10 1 0.01136 0.01136
BinVal : 17 11 1 0.0454 0.0454
BinVal : 17 12 1 0.04163 0.04163
BinVal : 18 0 0 0 0
BinVal : 18 1 0 0 0
BinVal : 18 2 0 0 0
BinVal : 18 3 0 0 0
BinVal : 18 4 0.2955 0.04804 0.04804
BinVal : 18 5 0.8843 0.01963 0.01963
BinVal : 18 6 0.9541 0.007889 0.007889
BinVal : 18 7 0.9831 0.003732 0.003732
BinVal : 18 8 0.9937 0.001609 0.001609
BinVal : 18 9 0.9945 0.004681 0.004681
BinVal : 18 10 1 0.01515 0.01515
BinVal : 18 11 1 0.03997 0.03997
BinVal : 18 12 1 0.0665 0.0665
BinVal : 19 0 0 0 0
BinVal : 19 1 0 0 0
BinVal : 19 2 0 0 0
BinVal : 19 3 0 0 0
BinVal : 19 4 0.3846 0.07527 0.07527
BinVal : 19 5 0.8824 0.02788 0.02788
BinVal : 19 6 0.9559 0.0114 0.0114
BinVal : 19 7 0.9816 0.006368 0.006368
BinVal : 19 8 0.9923 0.002871 0.002871
BinVal : 19 9 0.9857 0.01203 0.01203
BinVal : 19 10 1 0.03029 0.03029
BinVal : 19 11 1 0.07666 0.07666
BinVal : 19 12 1 0.1237 0.1237
BinVal : 20 0 0 0 0
BinVal : 20 1 0 0 0
BinVal : 20 2 0 0 0
BinVal : 20 3 0 0 0
BinVal : 20 4 0 0 0
BinVal : 20 5 0 0 0
BinVal : 20 6 0 0 0
BinVal : 20 7 0 0 0
BinVal : 20 8 0 0 0
BinVal : 20 9 0 0 0
BinVal : 20 10 0 0 0
BinVal : 20 11 0 0 0
BinVal : 20 12 0 0 0
BinVal : 21 0 0 0 0
BinVal : 21 1 0 0 0
BinVal : 21 2 0 0 0
BinVal : 21 3 0 0 0
BinVal : 21 4 0 0 0
BinVal : 21 5 0 0 0
BinVal : 21 6 0 0 0
BinVal : 21 7 0 0 0
BinVal : 21 8 0 0 0
BinVal : 21 9 0 0 0
BinVal : 21 10 0 0 0
BinVal : 21 11 0 0 0
BinVal : 21 12 0 0 0
BinVal : 22 0 0 0 0
BinVal : 22 1 0 0 0
BinVal : 22 2 0 0 0
BinVal : 22 3 0.03077 0.02508 0.02508
BinVal : 22 4 0.1818 0.03353 0.03353
BinVal : 22 5 0.7107 0.02159 0.02159
BinVal : 22 6 0.8434 0.01432 0.01432
BinVal : 22 7 0.9821 0.004725 0.004725
BinVal : 22 8 0.9939 0.002142 0.002142
BinVal : 22 9 1 0.006579 0.006579
BinVal : 22 10 1 0.0238 0.0238
BinVal : 22 11 1 0.07122 0.07122
BinVal : 22 12 1 0.1102 0.1102
BinVal : 23 0 0 0 0
BinVal : 23 1 0 0 0
BinVal : 23 2 0 0 0
BinVal : 23 3 0 0 0
BinVal : 23 4 0.09924 0.02651 0.02651
BinVal : 23 5 0.6418 0.02343 0.02343
BinVal : 23 6 0.7907 0.01631 0.01631
BinVal : 23 7 0.9685 0.006733 0.006733
BinVal : 23 8 0.9954 0.002246 0.002246
BinVal : 23 9 1 0.008403 0.008403
BinVal : 23 10 1 0.03446 0.03446
BinVal : 23 11 1 0.1237 0.1237
BinVal : 23 12 1 0.1936 0.1936
BinVal : 24 0 0 0 0
BinVal : 24 1 0 0 0
BinVal : 24 2 0 0 0
BinVal : 24 3 0 0 0
BinVal : 24 4 0.1102 0.02918 0.02918
BinVal : 24 5 0.6548 0.02387 0.02387
BinVal : 24 6 0.8162 0.0166 0.0166
BinVal : 24 7 0.9532 0.009271 0.009271
BinVal : 24 8 0.9972 0.002436 0.002436
BinVal : 24 9 1 0.01124 0.01124
BinVal : 24 10 1 0.05255 0.05255
BinVal : 24 11 1 0.05255 0.05255
BinVal : 24 12 1 0.05255 0.05255
BinVal : 25 0 0 0 0
BinVal : 25 1 0 0 0
BinVal : 25 2 0 0 0
BinVal : 25 3 0 0 0
BinVal : 25 4 0.1354 0.03517 0.03517
BinVal : 25 5 0.6398 0.02664 0.02664
BinVal : 25 6 0.78 0.0197 0.0197
BinVal : 25 7 0.9396 0.0133 0.0133
BinVal : 25 8 0.9936 0.004251 0.004251
BinVal : 25 9 1 0.02083 0.02083
BinVal : 25 10 1 0.08299 0.08299
BinVal : 25 11 1 0.1936 0.1936
BinVal : 25 12 1 0.1936 0.1936
BinVal : 26 0 0 0 0
BinVal : 26 1 0 0 0
BinVal : 26 2 0 0 0
BinVal : 26 3 0 0 0
BinVal : 26 4 0.1458 0.03619 0.03619
BinVal : 26 5 0.5875 0.03054 0.03054
BinVal : 26 6 0.7468 0.02471 0.02471
BinVal : 26 7 0.8925 0.02291 0.02291
BinVal : 26 8 0.9654 0.01116 0.01116
BinVal : 26 9 1 0.03997 0.03997
BinVal : 26 10 1 0.1936 0.1936
BinVal : 26 11 1 0.1936 0.1936
BinVal : 26 12 1 0.1936 0.1936
BinVal : 27 0 0 0 0
BinVal : 27 1 0 0 0
BinVal : 27 2 0 0 0
BinVal : 27 3 0 0 0
BinVal : 27 4 0.1186 0.04287 0.04287
BinVal : 27 5 0.5 0.04016 0.04016
BinVal : 27 6 0.6947 0.03989 0.03989
BinVal : 27 7 0.7848 0.04591 0.04591
BinVal : 27 8 0.9029 0.02975 0.02975
BinVal : 27 9 0.875 0.1206 0.1206
BinVal : 27 10 0.875 0.1206 0.1206
BinVal : 27 11 0.875 0.1206 0.1206
BinVal : 27 12 0.875 0.1206 0.1206
BinVal : 28 0 0 0 0
BinVal : 28 1 0 0 0
BinVal : 28 2 0 0 0
BinVal : 28 3 0 0 0
BinVal : 28 4 0 0 0
BinVal : 28 5 0.1852 0.07396 0.07396
BinVal : 28 6 0.1852 0.07396 0.07396
BinVal : 28 7 0.4444 0.1437 0.1437
BinVal : 28 8 0.5 0.189 0.189
BinVal : 28 9 0.5 0.189 0.189
BinVal : 28 10 0.5 0.189 0.189
BinVal : 28 11 0.5 0.189 0.189
BinVal : 28 12 0.5 0.189 0.189
