D0NoteID : 0
EffName : CALONLY_v16
EffType : Binned
EffVarNames : DetEta pT
EffVersion : 6
ObjQuality : MLoose2
ObjType : Electron
ObjVersion : 11
BinEdgesX : -3.2 -2.8 -2.5 -2.3 -2.1 -1.9 -1.7 -1.5 -1.3 -1.1 -0.9 -0.7 -0.5 -0.3 -0.1 0.1 0.3 0.5 0.7 0.9 1.1 1.3 1.5 1.7 1.9 2.1 2.3 2.5 2.8 3.2
BinEdgesY : 0 10 15 20 22 25 30 35 40 50 60 70 80 1000
BinVal : 0 0 0 0 0
BinVal : 0 1 0 0 0
BinVal : 0 2 0 0 0
BinVal : 0 3 0.008065 0.01109 0.01109
BinVal : 0 4 0.0418 0.01167 0.01167
BinVal : 0 5 0.513 0.01758 0.01758
BinVal : 0 6 0.6273 0.018 0.018
BinVal : 0 7 0.666 0.02143 0.02143
BinVal : 0 8 0.6654 0.02064 0.02064
BinVal : 0 9 0.7576 0.07284 0.07284
BinVal : 0 10 1 0.1409 0.1409
BinVal : 0 11 1 0.1409 0.1409
BinVal : 0 12 1 0.2357 0.2357
BinVal : 1 0 0 0 0
BinVal : 1 1 0 0 0
BinVal : 1 2 0 0 0
BinVal : 1 3 0.005682 0.007878 0.007878
BinVal : 1 4 0.06112 0.01199 0.01199
BinVal : 1 5 0.6567 0.01388 0.01388
BinVal : 1 6 0.8015 0.01085 0.01085
BinVal : 1 7 0.8681 0.01137 0.01137
BinVal : 1 8 0.8624 0.01017 0.01017
BinVal : 1 9 0.8438 0.03715 0.03715
BinVal : 1 10 1 0.07122 0.07122
BinVal : 1 11 1 0.2357 0.2357
BinVal : 1 12 1 0.2357 0.2357
BinVal : 2 0 0 0 0
BinVal : 2 1 0 0 0
BinVal : 2 2 0 0 0
BinVal : 2 3 0 0 0
BinVal : 2 4 0.07727 0.01283 0.01283
BinVal : 2 5 0.7359 0.0125 0.0125
BinVal : 2 6 0.9088 0.006973 0.006973
BinVal : 2 7 0.9433 0.006178 0.006178
BinVal : 2 8 0.9459 0.005504 0.005504
BinVal : 2 9 0.9359 0.02018 0.02018
BinVal : 2 10 1 0.03843 0.03843
BinVal : 2 11 1 0.1409 0.1409
BinVal : 2 12 1 0.1409 0.1409
BinVal : 3 0 0 0 0
BinVal : 3 1 0 0 0
BinVal : 3 2 0.003257 0.004555 0.004555
BinVal : 3 3 0.01382 0.009028 0.009028
BinVal : 3 4 0.08679 0.01257 0.01257
BinVal : 3 5 0.7588 0.01144 0.01144
BinVal : 3 6 0.9378 0.005337 0.005337
BinVal : 3 7 0.958 0.004403 0.004403
BinVal : 3 8 0.9538 0.004151 0.004151
BinVal : 3 9 0.9359 0.01485 0.01485
BinVal : 3 10 1 0.0196 0.0196
BinVal : 3 11 1 0.08299 0.08299
BinVal : 3 12 1 0.2357 0.2357
BinVal : 4 0 0 0 0
BinVal : 4 1 0 0 0
BinVal : 4 2 0.007812 0.005148 0.005148
BinVal : 4 3 0.02016 0.00966 0.00966
BinVal : 4 4 0.1552 0.01504 0.01504
BinVal : 4 5 0.7842 0.01021 0.01021
BinVal : 4 6 0.9418 0.004822 0.004822
BinVal : 4 7 0.9536 0.003985 0.003985
BinVal : 4 8 0.9565 0.003328 0.003328
BinVal : 4 9 0.947 0.01117 0.01117
BinVal : 4 10 0.9851 0.02005 0.02005
BinVal : 4 11 1 0.0454 0.0454
BinVal : 4 12 1 0.09045 0.09045
BinVal : 5 0 0 0 0
BinVal : 5 1 0 0 0
BinVal : 5 2 0.0119 0.006557 0.006557
BinVal : 5 3 0.03571 0.01151 0.01151
BinVal : 5 4 0.2675 0.01764 0.01764
BinVal : 5 5 0.8436 0.008556 0.008556
BinVal : 5 6 0.9541 0.004176 0.004176
BinVal : 5 7 0.9651 0.003157 0.003157
BinVal : 5 8 0.9677 0.002492 0.002492
BinVal : 5 9 0.9718 0.006913 0.006913
BinVal : 5 10 0.9891 0.01481 0.01481
BinVal : 5 11 1 0.0294 0.0294
BinVal : 5 12 1 0.04993 0.04993
BinVal : 6 0 0 0 0
BinVal : 6 1 0 0 0
BinVal : 6 2 0.01515 0.01273 0.01273
BinVal : 6 3 0.05594 0.01997 0.01997
BinVal : 6 4 0.3409 0.0269 0.0269
BinVal : 6 5 0.887 0.01055 0.01055
BinVal : 6 6 0.9656 0.005142 0.005142
BinVal : 6 7 0.9739 0.003746 0.003746
BinVal : 6 8 0.9739 0.002994 0.002994
BinVal : 6 9 0.9735 0.008589 0.008589
BinVal : 6 10 1 0.01666 0.01666
BinVal : 6 11 1 0.04756 0.04756
BinVal : 6 12 1 0.07666 0.07666
BinVal : 7 0 0 0 0
BinVal : 7 1 0 0 0
BinVal : 7 2 0 0 0
BinVal : 7 3 0 0 0
BinVal : 7 4 0 0 0
BinVal : 7 5 0 0 0
BinVal : 7 6 0 0 0
BinVal : 7 7 0 0 0
BinVal : 7 8 0 0 0
BinVal : 7 9 0 0 0
BinVal : 7 10 0 0 0
BinVal : 7 11 0 0 0
BinVal : 7 12 0 0 0
BinVal : 8 0 0 0 0
BinVal : 8 1 0 0 0
BinVal : 8 2 0 0 0
BinVal : 8 3 0 0 0
BinVal : 8 4 0 0 0
BinVal : 8 5 0 0 0
BinVal : 8 6 0 0 0
BinVal : 8 7 0 0 0
BinVal : 8 8 0 0 0
BinVal : 8 9 0 0 0
BinVal : 8 10 0 0 0
BinVal : 8 11 0 0 0
BinVal : 8 12 0 0 0
BinVal : 9 0 0 0 0
BinVal : 9 1 0 0 0
BinVal : 9 2 0 0 0
BinVal : 9 3 0.008621 0.01183 0.01183
BinVal : 9 4 0.1604 0.02244 0.02244
BinVal : 9 5 0.8845 0.01122 0.01122
BinVal : 9 6 0.9533 0.004643 0.004643
BinVal : 9 7 0.98 0.002327 0.002327
BinVal : 9 8 0.9871 0.001302 0.001302
BinVal : 9 9 0.9912 0.002744 0.002744
BinVal : 9 10 0.988 0.007858 0.007858
BinVal : 9 11 1 0.01266 0.01266
BinVal : 9 12 1 0.02127 0.02127
BinVal : 10 0 0 0 0
BinVal : 10 1 0 0 0
BinVal : 10 2 0 0 0
BinVal : 10 3 0 0 0
BinVal : 10 4 0.1273 0.0184 0.0184
BinVal : 10 5 0.8705 0.01109 0.01109
BinVal : 10 6 0.9671 0.003731 0.003731
BinVal : 10 7 0.9818 0.002029 0.002029
BinVal : 10 8 0.9893 0.001072 0.001072
BinVal : 10 9 0.9915 0.002429 0.002429
BinVal : 10 10 0.9938 0.005313 0.005313
BinVal : 10 11 1 0.01111 0.01111
BinVal : 10 12 1 0.01351 0.01351
BinVal : 11 0 0 0 0
BinVal : 11 1 0 0 0
BinVal : 11 2 0 0 0
BinVal : 11 3 0 0 0
BinVal : 11 4 0.1074 0.01633 0.01633
BinVal : 11 5 0.8662 0.01032 0.01032
BinVal : 11 6 0.965 0.003861 0.003861
BinVal : 11 7 0.9814 0.002058 0.002058
BinVal : 11 8 0.9889 0.001075 0.001075
BinVal : 11 9 0.9885 0.002752 0.002752
BinVal : 11 10 1 0.003155 0.003155
BinVal : 11 11 1 0.01031 0.01031
BinVal : 11 12 1 0.01149 0.01149
BinVal : 12 0 0 0 0
BinVal : 12 1 0 0 0
BinVal : 12 2 0 0 0
BinVal : 12 3 0 0 0
BinVal : 12 4 0.1099 0.01667 0.01667
BinVal : 12 5 0.8849 0.008967 0.008967
BinVal : 12 6 0.9687 0.003707 0.003707
BinVal : 12 7 0.9831 0.002045 0.002045
BinVal : 12 8 0.9889 0.001052 0.001052
BinVal : 12 9 0.9892 0.002674 0.002674
BinVal : 12 10 0.9964 0.005006 0.005006
BinVal : 12 11 1 0.01031 0.01031
BinVal : 12 12 1 0.01333 0.01333
BinVal : 13 0 0 0 0
BinVal : 13 1 0 0 0
BinVal : 13 2 0 0 0
BinVal : 13 3 0 0 0
BinVal : 13 4 0.1182 0.01832 0.01832
BinVal : 13 5 0.9063 0.007993 0.007993
BinVal : 13 6 0.9766 0.003178 0.003178
BinVal : 13 7 0.9871 0.001884 0.001884
BinVal : 13 8 0.9897 0.0009865 0.0009865
BinVal : 13 9 0.987 0.002962 0.002962
BinVal : 13 10 0.9929 0.006056 0.006056
BinVal : 13 11 1 0.009523 0.009523
BinVal : 13 12 1 0.01389 0.01389
BinVal : 14 0 0 0 0
BinVal : 14 1 0 0 0
BinVal : 14 2 0 0 0
BinVal : 14 3 0 0 0
BinVal : 14 4 0.1486 0.01982 0.01982
BinVal : 14 5 0.9126 0.007733 0.007733
BinVal : 14 6 0.9748 0.003285 0.003285
BinVal : 14 7 0.9842 0.002087 0.002087
BinVal : 14 8 0.9887 0.001031 0.001031
BinVal : 14 9 0.9838 0.003337 0.003337
BinVal : 14 10 0.9967 0.004629 0.004629
BinVal : 14 11 1 0.009259 0.009259
BinVal : 14 12 1 0.01163 0.01163
BinVal : 15 0 0 0 0
BinVal : 15 1 0 0 0
BinVal : 15 2 0 0 0
BinVal : 15 3 0.009524 0.01303 0.01303
BinVal : 15 4 0.1657 0.01971 0.01971
BinVal : 15 5 0.8814 0.008868 0.008868
BinVal : 15 6 0.9732 0.00347 0.00347
BinVal : 15 7 0.9799 0.002271 0.002271
BinVal : 15 8 0.9855 0.001178 0.001178
BinVal : 15 9 0.9859 0.003052 0.003052
BinVal : 15 10 1 0.003436 0.003436
BinVal : 15 11 1 0.009803 0.009803
BinVal : 15 12 1 0.01075 0.01075
BinVal : 16 0 0 0 0
BinVal : 16 1 0 0 0
BinVal : 16 2 0 0 0
BinVal : 16 3 0.01695 0.01419 0.01419
BinVal : 16 4 0.1469 0.01884 0.01884
BinVal : 16 5 0.8663 0.009877 0.009877
BinVal : 16 6 0.9671 0.003807 0.003807
BinVal : 16 7 0.9832 0.001961 0.001961
BinVal : 16 8 0.9845 0.001232 0.001232
BinVal : 16 9 0.9877 0.002796 0.002796
BinVal : 16 10 0.9927 0.00623 0.00623
BinVal : 16 11 1 0.0102 0.0102
BinVal : 16 12 1 0.01351 0.01351
BinVal : 17 0 0 0 0
BinVal : 17 1 0 0 0
BinVal : 17 2 0 0 0
BinVal : 17 3 0.02256 0.01454 0.01454
BinVal : 17 4 0.1136 0.01817 0.01817
BinVal : 17 5 0.8731 0.01062 0.01062
BinVal : 17 6 0.9644 0.00388 0.00388
BinVal : 17 7 0.9862 0.001741 0.001741
BinVal : 17 8 0.9878 0.001116 0.001116
BinVal : 17 9 0.9913 0.002404 0.002404
BinVal : 17 10 0.9897 0.006791 0.006791
BinVal : 17 11 1 0.009803 0.009803
BinVal : 17 12 1 0.01818 0.01818
BinVal : 18 0 0 0 0
BinVal : 18 1 0 0 0
BinVal : 18 2 0 0 0
BinVal : 18 3 0.01709 0.01431 0.01431
BinVal : 18 4 0.1271 0.02177 0.02177
BinVal : 18 5 0.8588 0.01176 0.01176
BinVal : 18 6 0.9585 0.004296 0.004296
BinVal : 18 7 0.9779 0.002378 0.002378
BinVal : 18 8 0.9841 0.001394 0.001394
BinVal : 18 9 0.9926 0.002451 0.002451
BinVal : 18 10 0.9916 0.007127 0.007127
BinVal : 18 11 1 0.01176 0.01176
BinVal : 18 12 1 0.01852 0.01852
BinVal : 19 0 0 0 0
BinVal : 19 1 0 0 0
BinVal : 19 2 0 0 0
BinVal : 19 3 0 0 0
BinVal : 19 4 0.1758 0.03986 0.03986
BinVal : 19 5 0.8462 0.0177 0.0177
BinVal : 19 6 0.9493 0.00711 0.00711
BinVal : 19 7 0.9675 0.004426 0.004426
BinVal : 19 8 0.9759 0.00266 0.00266
BinVal : 19 9 0.9878 0.004872 0.004872
BinVal : 19 10 0.9897 0.01407 0.01407
BinVal : 19 11 1 0.03029 0.03029
BinVal : 19 12 1 0.03701 0.03701
BinVal : 20 0 0 0 0
BinVal : 20 1 0 0 0
BinVal : 20 2 0 0 0
BinVal : 20 3 0 0 0
BinVal : 20 4 0 0 0
BinVal : 20 5 0 0 0
BinVal : 20 6 0 0 0
BinVal : 20 7 0 0 0
BinVal : 20 8 0 0 0
BinVal : 20 9 0 0 0
BinVal : 20 10 0 0 0
BinVal : 20 11 0 0 0
BinVal : 20 12 0 0 0
BinVal : 21 0 0 0 0
BinVal : 21 1 0 0 0
BinVal : 21 2 0 0 0
BinVal : 21 3 0 0 0
BinVal : 21 4 0 0 0
BinVal : 21 5 0 0 0
BinVal : 21 6 0 0 0
BinVal : 21 7 0 0 0
BinVal : 21 8 0 0 0
BinVal : 21 9 0 0 0
BinVal : 21 10 0 0 0
BinVal : 21 11 0 0 0
BinVal : 21 12 0 0 0
BinVal : 22 0 0 0 0
BinVal : 22 1 0 0 0
BinVal : 22 2 0.005865 0.00502 0.00502
BinVal : 22 3 0.03673 0.01252 0.01252
BinVal : 22 4 0.2697 0.01797 0.01797
BinVal : 22 5 0.8601 0.008225 0.008225
BinVal : 22 6 0.9584 0.004008 0.004008
BinVal : 22 7 0.9715 0.002939 0.002939
BinVal : 22 8 0.975 0.002092 0.002092
BinVal : 22 9 0.9822 0.005052 0.005052
BinVal : 22 10 1 0.009174 0.009174
BinVal : 22 11 1 0.03123 0.03123
BinVal : 22 12 1 0.0665 0.0665
BinVal : 23 0 0 0 0
BinVal : 23 1 0 0 0
BinVal : 23 2 0 0.002985 0.002985
BinVal : 23 3 0.0249 0.01071 0.01071
BinVal : 23 4 0.169 0.01581 0.01581
BinVal : 23 5 0.8206 0.009577 0.009577
BinVal : 23 6 0.9419 0.004961 0.004961
BinVal : 23 7 0.9598 0.003748 0.003748
BinVal : 23 8 0.9696 0.002668 0.002668
BinVal : 23 9 0.9796 0.006337 0.006337
BinVal : 23 10 1 0.01266 0.01266
BinVal : 23 11 1 0.09045 0.09045
BinVal : 23 12 1 0.1409 0.1409
BinVal : 24 0 0 0 0
BinVal : 24 1 0 0 0
BinVal : 24 2 0 0 0
BinVal : 24 3 0.01896 0.01035 0.01035
BinVal : 24 4 0.1441 0.0163 0.0163
BinVal : 24 5 0.7606 0.01109 0.01109
BinVal : 24 6 0.939 0.005339 0.005339
BinVal : 24 7 0.956 0.004474 0.004474
BinVal : 24 8 0.966 0.003403 0.003403
BinVal : 24 9 0.9782 0.008634 0.008634
BinVal : 24 10 1 0.02083 0.02083
BinVal : 24 11 1 0.1102 0.1102
BinVal : 24 12 1 0.1633 0.1633
BinVal : 25 0 0 0 0
BinVal : 25 1 0 0 0
BinVal : 25 2 0 0 0
BinVal : 25 3 0.02174 0.01183 0.01183
BinVal : 25 4 0.1071 0.01569 0.01569
BinVal : 25 5 0.7163 0.01247 0.01247
BinVal : 25 6 0.9217 0.006505 0.006505
BinVal : 25 7 0.9459 0.005946 0.005946
BinVal : 25 8 0.9524 0.004864 0.004864
BinVal : 25 9 0.9844 0.01018 0.01018
BinVal : 25 10 1 0.03446 0.03446
BinVal : 25 11 1 0.1633 0.1633
BinVal : 25 12 1 0.1936 0.1936
BinVal : 26 0 0 0 0
BinVal : 26 1 0 0 0
BinVal : 26 2 0 0 0
BinVal : 26 3 0.005556 0.007706 0.007706
BinVal : 26 4 0.07474 0.01348 0.01348
BinVal : 26 5 0.6427 0.0141 0.0141
BinVal : 26 6 0.8451 0.009854 0.009854
BinVal : 26 7 0.8485 0.01155 0.01155
BinVal : 26 8 0.8692 0.009441 0.009441
BinVal : 26 9 0.9406 0.02468 0.02468
BinVal : 26 10 0.8889 0.1113 0.1113
BinVal : 26 11 1 0.2357 0.2357
BinVal : 26 12 1 0.2357 0.2357
BinVal : 27 0 0 0 0
BinVal : 27 1 0 0 0
BinVal : 27 2 0 0 0
BinVal : 27 3 0 0.006757 0.006757
BinVal : 27 4 0.05751 0.01339 0.01339
BinVal : 27 5 0.4885 0.01739 0.01739
BinVal : 27 6 0.6992 0.01674 0.01674
BinVal : 27 7 0.6339 0.02031 0.02031
BinVal : 27 8 0.6787 0.01892 0.01892
BinVal : 27 9 0.7429 0.07204 0.07204
BinVal : 27 10 0.6667 0.2 0.2
BinVal : 27 11 0.6667 0.2 0.2
BinVal : 27 12 0.6667 0.2 0.2
BinVal : 28 0 0 0 0
BinVal : 28 1 0 0 0
BinVal : 28 2 0 0 0
BinVal : 28 3 0 0 0
BinVal : 28 4 0 0.009523 0.009523
BinVal : 28 5 0.2881 0.02892 0.02892
BinVal : 28 6 0.391 0.03872 0.03872
BinVal : 28 7 0.3289 0.0378 0.0378
BinVal : 28 8 0.3475 0.04336 0.04336
BinVal : 28 9 0.2 0.1597 0.1597
BinVal : 28 10 0.2 0.1597 0.1597
BinVal : 28 11 0.2 0.1597 0.1597
BinVal : 28 12 0.2 0.1597 0.1597
