D0NoteID : 0
EffName : CALONLY_v12
EffType : Binned
EffVarNames : DetEta pT
EffVersion : 6
ObjQuality : VLoose
ObjType : Electron
ObjVersion : 12
BinEdgesX : -3.2 -2.8 -2.5 -2.3 -2.1 -1.9 -1.7 -1.5 -1.3 -1.1 -0.9 -0.7 -0.5 -0.3 -0.1 0.1 0.3 0.5 0.7 0.9 1.1 1.3 1.5 1.7 1.9 2.1 2.3 2.5 2.8 3.2
BinEdgesY : 0 10 15 20 22 25 30 35 40 50 60 70 80 1000
BinVal : 0 0 0 0 0
BinVal : 0 1 0 0 0
BinVal : 0 2 0 0 0
BinVal : 0 3 0.1299 0.03871 0.03871
BinVal : 0 4 0.4702 0.04022 0.04022
BinVal : 0 5 0.5992 0.0307 0.0307
BinVal : 0 6 0.7692 0.03111 0.03111
BinVal : 0 7 0.8725 0.03331 0.03331
BinVal : 0 8 0.9298 0.02473 0.02473
BinVal : 0 9 1 0.1237 0.1237
BinVal : 0 10 1 0.1237 0.1237
BinVal : 0 11 1 0.1237 0.1237
BinVal : 0 12 1 0.1237 0.1237
BinVal : 1 0 0 0 0
BinVal : 1 1 0 0 0
BinVal : 1 2 0.009009 0.01235 0.01235
BinVal : 1 3 0.1687 0.04111 0.04111
BinVal : 1 4 0.6138 0.04005 0.04005
BinVal : 1 5 0.6957 0.02651 0.02651
BinVal : 1 6 0.8294 0.0237 0.0237
BinVal : 1 7 0.9658 0.01616 0.01616
BinVal : 1 8 0.9653 0.01356 0.01356
BinVal : 1 9 1 0.03997 0.03997
BinVal : 1 10 1 0.2357 0.2357
BinVal : 1 11 1 0.2357 0.2357
BinVal : 1 12 1 0.2357 0.2357
BinVal : 2 0 0 0 0
BinVal : 2 1 0 0 0
BinVal : 2 2 0.02 0.01665 0.01665
BinVal : 2 3 0.2391 0.04411 0.04411
BinVal : 2 4 0.6864 0.04229 0.04229
BinVal : 2 5 0.7417 0.0265 0.0265
BinVal : 2 6 0.8697 0.02004 0.02004
BinVal : 2 7 0.9612 0.01319 0.01319
BinVal : 2 8 0.9854 0.008013 0.008013
BinVal : 2 9 1 0.0238 0.0238
BinVal : 2 10 1 0.1102 0.1102
BinVal : 2 11 1 0.1102 0.1102
BinVal : 2 12 1 0.2357 0.2357
BinVal : 3 0 0 0 0
BinVal : 3 1 0 0 0
BinVal : 3 2 0.01905 0.01588 0.01588
BinVal : 3 3 0.3441 0.0486 0.0486
BinVal : 3 4 0.6978 0.03864 0.03864
BinVal : 3 5 0.766 0.02515 0.02515
BinVal : 3 6 0.8701 0.01792 0.01792
BinVal : 3 7 0.9668 0.0102 0.0102
BinVal : 3 8 0.9869 0.006337 0.006337
BinVal : 3 9 1 0.0196 0.0196
BinVal : 3 10 1 0.09045 0.09045
BinVal : 3 11 1 0.09045 0.09045
BinVal : 3 12 1 0.1936 0.1936
BinVal : 4 0 0 0 0
BinVal : 4 1 0 0 0
BinVal : 4 2 0.02353 0.01945 0.01945
BinVal : 4 3 0.4154 0.05981 0.05981
BinVal : 4 4 0.6759 0.03855 0.03855
BinVal : 4 5 0.7467 0.02504 0.02504
BinVal : 4 6 0.8957 0.01549 0.01549
BinVal : 4 7 0.9657 0.009261 0.009261
BinVal : 4 8 0.9832 0.005807 0.005807
BinVal : 4 9 1 0.01538 0.01538
BinVal : 4 10 1 0.0665 0.0665
BinVal : 4 11 1 0.0665 0.0665
BinVal : 4 12 1 0.2357 0.2357
BinVal : 5 0 0 0 0
BinVal : 5 1 0 0 0
BinVal : 5 2 0.1014 0.03726 0.03726
BinVal : 5 3 0.475 0.07616 0.07616
BinVal : 5 4 0.7333 0.04005 0.04005
BinVal : 5 5 0.791 0.02302 0.02302
BinVal : 5 6 0.9417 0.01169 0.01169
BinVal : 5 7 0.9645 0.008645 0.008645
BinVal : 5 8 0.9874 0.00437 0.00437
BinVal : 5 9 0.9886 0.01545 0.01545
BinVal : 5 10 1 0.03701 0.03701
BinVal : 5 11 1 0.1936 0.1936
BinVal : 5 12 1 0.1409 0.1409
BinVal : 6 0 0 0 0
BinVal : 6 1 0 0 0
BinVal : 6 2 0.1765 0.06506 0.06506
BinVal : 6 3 0.5333 0.1176 0.1176
BinVal : 6 4 0.8367 0.05287 0.05287
BinVal : 6 5 0.8491 0.02845 0.02845
BinVal : 6 6 0.9528 0.01506 0.01506
BinVal : 6 7 0.9685 0.01149 0.01149
BinVal : 6 8 0.99 0.005494 0.005494
BinVal : 6 9 0.9808 0.02546 0.02546
BinVal : 6 10 1 0.05546 0.05546
BinVal : 6 11 1 0.1936 0.1936
BinVal : 6 12 1 0.1409 0.1409
BinVal : 7 0 0 0 0
BinVal : 7 1 0 0 0
BinVal : 7 2 0 0 0
BinVal : 7 3 0 0 0
BinVal : 7 4 0 0 0
BinVal : 7 5 0 0 0
BinVal : 7 6 0 0 0
BinVal : 7 7 0 0 0
BinVal : 7 8 0 0 0
BinVal : 7 9 0 0 0
BinVal : 7 10 0 0 0
BinVal : 7 11 0 0 0
BinVal : 7 12 0 0 0
BinVal : 8 0 0 0 0
BinVal : 8 1 0 0 0
BinVal : 8 2 0 0 0
BinVal : 8 3 0 0 0
BinVal : 8 4 0 0 0
BinVal : 8 5 0 0 0
BinVal : 8 6 0 0 0
BinVal : 8 7 0 0 0
BinVal : 8 8 0 0 0
BinVal : 8 9 0 0 0
BinVal : 8 10 0 0 0
BinVal : 8 11 0 0 0
BinVal : 8 12 0 0 0
BinVal : 9 0 0 0 0
BinVal : 9 1 0 0 0
BinVal : 9 2 0.05769 0.03531 0.03531
BinVal : 9 3 0.3226 0.08085 0.08085
BinVal : 9 4 0.7937 0.0506 0.0506
BinVal : 9 5 0.9048 0.02294 0.02294
BinVal : 9 6 0.9735 0.008589 0.008589
BinVal : 9 7 0.9936 0.003538 0.003538
BinVal : 9 8 0.9929 0.002493 0.002493
BinVal : 9 9 1 0.004717 0.004717
BinVal : 9 10 1 0.02438 0.02438
BinVal : 9 11 1 0.05546 0.05546
BinVal : 9 12 1 0.04993 0.04993
BinVal : 10 0 0 0 0
BinVal : 10 1 0 0 0
BinVal : 10 2 0.03571 0.02883 0.02883
BinVal : 10 3 0.1944 0.06528 0.06528
BinVal : 10 4 0.7532 0.04861 0.04861
BinVal : 10 5 0.9194 0.0203 0.0203
BinVal : 10 6 0.9828 0.006856 0.006856
BinVal : 10 7 0.9901 0.003981 0.003981
BinVal : 10 8 0.9975 0.001416 0.001416
BinVal : 10 9 1 0.003788 0.003788
BinVal : 10 10 1 0.01695 0.01695
BinVal : 10 11 1 0.0665 0.0665
BinVal : 10 12 1 0.04343 0.04343
BinVal : 11 0 0 0 0
BinVal : 11 1 0 0 0
BinVal : 11 2 0 0 0
BinVal : 11 3 0.1622 0.06068 0.06068
BinVal : 11 4 0.7534 0.04989 0.04989
BinVal : 11 5 0.9307 0.01823 0.01823
BinVal : 11 6 0.9849 0.006564 0.006564
BinVal : 11 7 0.9875 0.004352 0.004352
BinVal : 11 8 0.9952 0.001783 0.001783
BinVal : 11 9 1 0.00369 0.00369
BinVal : 11 10 1 0.01852 0.01852
BinVal : 11 11 1 0.05871 0.05871
BinVal : 11 12 1 0.04756 0.04756
BinVal : 12 0 0 0 0
BinVal : 12 1 0 0 0
BinVal : 12 2 0 0 0
BinVal : 12 3 0.3448 0.08458 0.08458
BinVal : 12 4 0.8219 0.0447 0.0447
BinVal : 12 5 0.9333 0.01695 0.01695
BinVal : 12 6 0.9826 0.006906 0.006906
BinVal : 12 7 0.9901 0.00397 0.00397
BinVal : 12 8 0.9953 0.001758 0.001758
BinVal : 12 9 1 0.004149 0.004149
BinVal : 12 10 1 0.0204 0.0204
BinVal : 12 11 1 0.0454 0.0454
BinVal : 12 12 1 0.04343 0.04343
BinVal : 13 0 0 0 0
BinVal : 13 1 0 0 0
BinVal : 13 2 0 0 0
BinVal : 13 3 0.3793 0.08611 0.08611
BinVal : 13 4 0.8289 0.04318 0.04318
BinVal : 13 5 0.9389 0.01508 0.01508
BinVal : 13 6 0.9794 0.007113 0.007113
BinVal : 13 7 0.9909 0.003984 0.003984
BinVal : 13 8 0.9948 0.001815 0.001815
BinVal : 13 9 1 0.004032 0.004032
BinVal : 13 10 1 0.01538 0.01538
BinVal : 13 11 1 0.03997 0.03997
BinVal : 13 12 1 0.04756 0.04756
BinVal : 14 0 0 0 0
BinVal : 14 1 0 0 0
BinVal : 14 2 0 0 0
BinVal : 14 3 0.3333 0.08678 0.08678
BinVal : 14 4 0.8378 0.04291 0.04291
BinVal : 14 5 0.8901 0.01904 0.01904
BinVal : 14 6 0.9656 0.008954 0.008954
BinVal : 14 7 0.9903 0.00424 0.00424
BinVal : 14 8 0.9923 0.002111 0.002111
BinVal : 14 9 0.9964 0.005078 0.005078
BinVal : 14 10 1 0.0147 0.0147
BinVal : 14 11 1 0.03843 0.03843
BinVal : 14 12 1 0.0665 0.0665
BinVal : 15 0 0 0 0
BinVal : 15 1 0 0 0
BinVal : 15 2 0 0 0
BinVal : 15 3 0.4242 0.08248 0.08248
BinVal : 15 4 0.8594 0.0438 0.0438
BinVal : 15 5 0.8577 0.02171 0.02171
BinVal : 15 6 0.9433 0.0114 0.0114
BinVal : 15 7 0.9921 0.003842 0.003842
BinVal : 15 8 0.9904 0.002389 0.002389
BinVal : 15 9 0.9965 0.004902 0.004902
BinVal : 15 10 1 0.01754 0.01754
BinVal : 15 11 1 0.03446 0.03446
BinVal : 15 12 1 0.05255 0.05255
BinVal : 16 0 0 0 0
BinVal : 16 1 0 0 0
BinVal : 16 2 0.025 0.03248 0.03248
BinVal : 16 3 0.4468 0.07034 0.07034
BinVal : 16 4 0.7031 0.05615 0.05615
BinVal : 16 5 0.8734 0.02169 0.02169
BinVal : 16 6 0.9572 0.01006 0.01006
BinVal : 16 7 0.9865 0.004434 0.004434
BinVal : 16 8 0.9823 0.003298 0.003298
BinVal : 16 9 1 0.003636 0.003636
BinVal : 16 10 1 0.01724 0.01724
BinVal : 16 11 1 0.03569 0.03569
BinVal : 16 12 1 0.04343 0.04343
BinVal : 17 0 0 0 0
BinVal : 17 1 0 0 0
BinVal : 17 2 0.02041 0.02692 0.02692
BinVal : 17 3 0.3947 0.07651 0.07651
BinVal : 17 4 0.6479 0.05567 0.05567
BinVal : 17 5 0.8744 0.02315 0.02315
BinVal : 17 6 0.9799 0.006956 0.006956
BinVal : 17 7 0.9871 0.004225 0.004225
BinVal : 17 8 0.9825 0.003388 0.003388
BinVal : 17 9 0.9962 0.005247 0.005247
BinVal : 17 10 1 0.01818 0.01818
BinVal : 17 11 1 0.04343 0.04343
BinVal : 17 12 1 0.05546 0.05546
BinVal : 18 0 0 0 0
BinVal : 18 1 0 0 0
BinVal : 18 2 0.02273 0.02975 0.02975
BinVal : 18 3 0.2692 0.08389 0.08389
BinVal : 18 4 0.7419 0.05478 0.05478
BinVal : 18 5 0.849 0.02589 0.02589
BinVal : 18 6 0.9664 0.009066 0.009066
BinVal : 18 7 0.9787 0.005805 0.005805
BinVal : 18 8 0.9803 0.003895 0.003895
BinVal : 18 9 0.9958 0.005808 0.005808
BinVal : 18 10 1 0.02272 0.02272
BinVal : 18 11 1 0.06236 0.06236
BinVal : 18 12 1 0.08299 0.08299
BinVal : 19 0 0 0 0
BinVal : 19 1 0 0 0
BinVal : 19 2 0.05 0.05994 0.05994
BinVal : 19 3 0.2727 0.1234 0.1234
BinVal : 19 4 0.7778 0.07813 0.07813
BinVal : 19 5 0.8316 0.0384 0.0384
BinVal : 19 6 0.9494 0.01703 0.01703
BinVal : 19 7 0.9617 0.01171 0.01171
BinVal : 19 8 0.9685 0.007473 0.007473
BinVal : 19 9 1 0.009615 0.009615
BinVal : 19 10 1 0.05255 0.05255
BinVal : 19 11 1 0.1633 0.1633
BinVal : 19 12 1 0.1936 0.1936
BinVal : 20 0 0 0 0
BinVal : 20 1 0 0 0
BinVal : 20 2 0 0 0
BinVal : 20 3 0 0 0
BinVal : 20 4 0 0 0
BinVal : 20 5 0 0 0
BinVal : 20 6 0 0 0
BinVal : 20 7 0 0 0
BinVal : 20 8 0 0 0
BinVal : 20 9 0 0 0
BinVal : 20 10 0 0 0
BinVal : 20 11 0 0 0
BinVal : 20 12 0 0 0
BinVal : 21 0 0 0 0
BinVal : 21 1 0 0 0
BinVal : 21 2 0 0 0
BinVal : 21 3 0 0 0
BinVal : 21 4 0 0 0
BinVal : 21 5 0 0 0
BinVal : 21 6 0 0 0
BinVal : 21 7 0 0 0
BinVal : 21 8 0 0 0
BinVal : 21 9 0 0 0
BinVal : 21 10 0 0 0
BinVal : 21 11 0 0 0
BinVal : 21 12 0 0 0
BinVal : 22 0 0 0 0
BinVal : 22 1 0 0 0
BinVal : 22 2 0.02273 0.02975 0.02975
BinVal : 22 3 0.1667 0.0575 0.0575
BinVal : 22 4 0.7444 0.03758 0.03758
BinVal : 22 5 0.8507 0.02103 0.02103
BinVal : 22 6 0.951 0.01115 0.01115
BinVal : 22 7 0.9871 0.005156 0.005156
BinVal : 22 8 0.9963 0.002474 0.002474
BinVal : 22 9 0.9908 0.01257 0.01257
BinVal : 22 10 1 0.04756 0.04756
BinVal : 22 11 1 0.09938 0.09938
BinVal : 22 12 1 0.1936 0.1936
BinVal : 23 0 0 0 0
BinVal : 23 1 0 0 0
BinVal : 23 2 0.01266 0.01714 0.01714
BinVal : 23 3 0.1515 0.04433 0.04433
BinVal : 23 4 0.7143 0.0379 0.0379
BinVal : 23 5 0.8438 0.02142 0.02142
BinVal : 23 6 0.9049 0.01585 0.01585
BinVal : 23 7 0.9886 0.005523 0.005523
BinVal : 23 8 0.9965 0.003033 0.003033
BinVal : 23 9 1 0.01163 0.01163
BinVal : 23 10 1 0.04756 0.04756
BinVal : 23 11 1 0.1633 0.1633
BinVal : 23 12 1 0.1633 0.1633
BinVal : 24 0 0 0 0
BinVal : 24 1 0 0 0
BinVal : 24 2 0.009091 0.01246 0.01246
BinVal : 24 3 0.1739 0.04558 0.04558
BinVal : 24 4 0.7559 0.03788 0.03788
BinVal : 24 5 0.835 0.02113 0.02113
BinVal : 24 6 0.8818 0.01784 0.01784
BinVal : 24 7 0.9758 0.008899 0.008899
BinVal : 24 8 0.9955 0.003883 0.003883
BinVal : 24 9 1 0.0204 0.0204
BinVal : 24 10 1 0.07666 0.07666
BinVal : 24 11 1 0.07666 0.07666
BinVal : 24 12 1 0.07666 0.07666
BinVal : 25 0 0 0 0
BinVal : 25 1 0 0 0
BinVal : 25 2 0.01626 0.01363 0.01363
BinVal : 25 3 0.1558 0.04145 0.04145
BinVal : 25 4 0.7231 0.03895 0.03895
BinVal : 25 5 0.8344 0.0214 0.0214
BinVal : 25 6 0.9153 0.01604 0.01604
BinVal : 25 7 0.9561 0.01487 0.01487
BinVal : 25 8 0.9867 0.007307 0.007307
BinVal : 25 9 0.9643 0.0448 0.0448
BinVal : 25 10 1 0.1633 0.1633
BinVal : 25 11 1 0.1633 0.1633
BinVal : 25 12 1 0.2357 0.2357
BinVal : 26 0 0 0 0
BinVal : 26 1 0 0 0
BinVal : 26 2 0.006944 0.009587 0.009587
BinVal : 26 3 0.1333 0.03341 0.03341
BinVal : 26 4 0.625 0.03997 0.03997
BinVal : 26 5 0.7742 0.0237 0.0237
BinVal : 26 6 0.8811 0.0216 0.0216
BinVal : 26 7 0.9375 0.02218 0.02218
BinVal : 26 8 0.961 0.01325 0.01325
BinVal : 26 9 0.9375 0.0721 0.0721
BinVal : 26 10 1 0.2357 0.2357
BinVal : 26 11 1 0.2357 0.2357
BinVal : 26 12 1 0.2357 0.2357
BinVal : 27 0 0 0 0
BinVal : 27 1 0 0 0
BinVal : 27 2 0 0 0
BinVal : 27 3 0.07843 0.02744 0.02744
BinVal : 27 4 0.5 0.04241 0.04241
BinVal : 27 5 0.6578 0.02911 0.02911
BinVal : 27 6 0.7857 0.03455 0.03455
BinVal : 27 7 0.8585 0.03403 0.03403
BinVal : 27 8 0.9365 0.02251 0.02251
BinVal : 27 9 1 0.1936 0.1936
BinVal : 27 10 1 0.1936 0.1936
BinVal : 27 11 1 0.2357 0.2357
BinVal : 27 12 1 0.2357 0.2357
BinVal : 28 0 0 0 0
BinVal : 28 1 0 0 0
BinVal : 28 2 0 0 0
BinVal : 28 3 0.02273 0.02975 0.02975
BinVal : 28 4 0.386 0.06296 0.06296
BinVal : 28 5 0.5361 0.04987 0.04987
BinVal : 28 6 0.6667 0.07066 0.07066
BinVal : 28 7 0.75 0.06405 0.06405
BinVal : 28 8 0.8571 0.07737 0.07737
BinVal : 28 9 0.8571 0.07737 0.07737
BinVal : 28 10 0.8571 0.07737 0.07737
BinVal : 28 11 0.8571 0.07737 0.07737
BinVal : 28 12 0.8571 0.07737 0.07737
