D0NoteID : 0
EffName : CALONLY_v16
EffType : Binned
EffVarNames : DetEta pT
EffVersion : 6
ObjQuality : MLoose1
ObjType : Electron
ObjVersion : 11
BinEdgesX : -3.2 -2.8 -2.5 -2.3 -2.1 -1.9 -1.7 -1.5 -1.3 -1.1 -0.9 -0.7 -0.5 -0.3 -0.1 0.1 0.3 0.5 0.7 0.9 1.1 1.3 1.5 1.7 1.9 2.1 2.3 2.5 2.8 3.2
BinEdgesY : 0 10 15 20 22 25 30 35 40 50 60 70 80 1000
BinVal : 0 0 0 0 0
BinVal : 0 1 0 0 0
BinVal : 0 2 0 0 0
BinVal : 0 3 0.0137 0.01154 0.01154
BinVal : 0 4 0.03476 0.009751 0.009751
BinVal : 0 5 0.5 0.01601 0.01601
BinVal : 0 6 0.6272 0.01638 0.01638
BinVal : 0 7 0.6387 0.01925 0.01925
BinVal : 0 8 0.6709 0.0187 0.0187
BinVal : 0 9 0.7805 0.06369 0.06369
BinVal : 0 10 1 0.1409 0.1409
BinVal : 0 11 1 0.1409 0.1409
BinVal : 0 12 1 0.2357 0.2357
BinVal : 1 0 0 0 0
BinVal : 1 1 0 0 0
BinVal : 1 2 0 0 0
BinVal : 1 3 0.01064 0.00902 0.00902
BinVal : 1 4 0.05682 0.01118 0.01118
BinVal : 1 5 0.651 0.01346 0.01346
BinVal : 1 6 0.7964 0.01054 0.01054
BinVal : 1 7 0.8565 0.01135 0.01135
BinVal : 1 8 0.8538 0.0101 0.0101
BinVal : 1 9 0.8431 0.03609 0.03609
BinVal : 1 10 1 0.07122 0.07122
BinVal : 1 11 1 0.2357 0.2357
BinVal : 1 12 1 0.2357 0.2357
BinVal : 2 0 0 0 0
BinVal : 2 1 0 0 0
BinVal : 2 2 0 0 0
BinVal : 2 3 0 0 0
BinVal : 2 4 0.07642 0.01251 0.01251
BinVal : 2 5 0.729 0.01237 0.01237
BinVal : 2 6 0.9073 0.006905 0.006905
BinVal : 2 7 0.9392 0.006301 0.006301
BinVal : 2 8 0.9452 0.005487 0.005487
BinVal : 2 9 0.9304 0.02076 0.02076
BinVal : 2 10 1 0.03701 0.03701
BinVal : 2 11 1 0.1409 0.1409
BinVal : 2 12 1 0.1409 0.1409
BinVal : 3 0 0 0 0
BinVal : 3 1 0 0 0
BinVal : 3 2 0.003115 0.004358 0.004358
BinVal : 3 3 0.01351 0.008829 0.008829
BinVal : 3 4 0.08588 0.01231 0.01231
BinVal : 3 5 0.7552 0.0113 0.0113
BinVal : 3 6 0.9362 0.005343 0.005343
BinVal : 3 7 0.9562 0.004464 0.004464
BinVal : 3 8 0.9535 0.004137 0.004137
BinVal : 3 9 0.9329 0.0151 0.0151
BinVal : 3 10 1 0.01923 0.01923
BinVal : 3 11 1 0.08299 0.08299
BinVal : 3 12 1 0.2357 0.2357
BinVal : 4 0 0 0 0
BinVal : 4 1 0 0 0
BinVal : 4 2 0.007653 0.005044 0.005044
BinVal : 4 3 0.01976 0.009474 0.009474
BinVal : 4 4 0.1528 0.01483 0.01483
BinVal : 4 5 0.7837 0.0101 0.0101
BinVal : 4 6 0.94 0.004855 0.004855
BinVal : 4 7 0.9524 0.004006 0.004006
BinVal : 4 8 0.9558 0.003339 0.003339
BinVal : 4 9 0.945 0.01131 0.01131
BinVal : 4 10 0.9851 0.02005 0.02005
BinVal : 4 11 1 0.0454 0.0454
BinVal : 4 12 1 0.09045 0.09045
BinVal : 5 0 0 0 0
BinVal : 5 1 0 0 0
BinVal : 5 2 0.01163 0.006407 0.006407
BinVal : 5 3 0.03521 0.01135 0.01135
BinVal : 5 4 0.2646 0.01748 0.01748
BinVal : 5 5 0.8446 0.008461 0.008461
BinVal : 5 6 0.9539 0.00416 0.00416
BinVal : 5 7 0.9639 0.003189 0.003189
BinVal : 5 8 0.9672 0.002502 0.002502
BinVal : 5 9 0.9702 0.007073 0.007073
BinVal : 5 10 0.9891 0.01481 0.01481
BinVal : 5 11 1 0.02856 0.02856
BinVal : 5 12 1 0.04993 0.04993
BinVal : 6 0 0 0 0
BinVal : 6 1 0 0 0
BinVal : 6 2 0.01449 0.0122 0.0122
BinVal : 6 3 0.05556 0.01984 0.01984
BinVal : 6 4 0.3365 0.02664 0.02664
BinVal : 6 5 0.887 0.01046 0.01046
BinVal : 6 6 0.9652 0.005141 0.005141
BinVal : 6 7 0.973 0.003796 0.003796
BinVal : 6 8 0.9734 0.003008 0.003008
BinVal : 6 9 0.971 0.008936 0.008936
BinVal : 6 10 1 0.01666 0.01666
BinVal : 6 11 1 0.0454 0.0454
BinVal : 6 12 1 0.07666 0.07666
BinVal : 7 0 0 0 0
BinVal : 7 1 0 0 0
BinVal : 7 2 0 0 0
BinVal : 7 3 0 0 0
BinVal : 7 4 0 0 0
BinVal : 7 5 0 0 0
BinVal : 7 6 0 0 0
BinVal : 7 7 0 0 0
BinVal : 7 8 0 0 0
BinVal : 7 9 0 0 0
BinVal : 7 10 0 0 0
BinVal : 7 11 0 0 0
BinVal : 7 12 0 0 0
BinVal : 8 0 0 0 0
BinVal : 8 1 0 0 0
BinVal : 8 2 0 0 0
BinVal : 8 3 0 0 0
BinVal : 8 4 0 0 0
BinVal : 8 5 0 0 0
BinVal : 8 6 0 0 0
BinVal : 8 7 0 0 0
BinVal : 8 8 0 0 0
BinVal : 8 9 0 0 0
BinVal : 8 10 0 0 0
BinVal : 8 11 0 0 0
BinVal : 8 12 0 0 0
BinVal : 9 0 0 0 0
BinVal : 9 1 0 0 0
BinVal : 9 2 0 0 0
BinVal : 9 3 0.03731 0.01754 0.01754
BinVal : 9 4 0.1894 0.02256 0.02256
BinVal : 9 5 0.8742 0.01089 0.01089
BinVal : 9 6 0.9495 0.004546 0.004546
BinVal : 9 7 0.979 0.002266 0.002266
BinVal : 9 8 0.9858 0.001307 0.001307
BinVal : 9 9 0.9866 0.003221 0.003221
BinVal : 9 10 0.9885 0.007561 0.007561
BinVal : 9 11 1 0.01219 0.01219
BinVal : 9 12 1 0.02083 0.02083
BinVal : 10 0 0 0 0
BinVal : 10 1 0 0 0
BinVal : 10 2 0 0 0
BinVal : 10 3 0.01266 0.01069 0.01069
BinVal : 10 4 0.1478 0.01825 0.01825
BinVal : 10 5 0.8607 0.0107 0.0107
BinVal : 10 6 0.963 0.003685 0.003685
BinVal : 10 7 0.9806 0.001966 0.001966
BinVal : 10 8 0.9879 0.001077 0.001077
BinVal : 10 9 0.9882 0.00268 0.00268
BinVal : 10 10 0.9941 0.00505 0.00505
BinVal : 10 11 1 0.01075 0.01075
BinVal : 10 12 1 0.01316 0.01316
BinVal : 11 0 0 0 0
BinVal : 11 1 0 0 0
BinVal : 11 2 0 0 0
BinVal : 11 3 0.006711 0.009273 0.009273
BinVal : 11 4 0.1124 0.01551 0.01551
BinVal : 11 5 0.8549 0.009951 0.009951
BinVal : 11 6 0.9643 0.003632 0.003632
BinVal : 11 7 0.9806 0.001961 0.001961
BinVal : 11 8 0.9874 0.001068 0.001068
BinVal : 11 9 0.9887 0.002564 0.002564
BinVal : 11 10 1 0.002924 0.002924
BinVal : 11 11 1 0.0099 0.0099
BinVal : 11 12 1 0.01099 0.01099
BinVal : 12 0 0 0 0
BinVal : 12 1 0 0 0
BinVal : 12 2 0 0 0
BinVal : 12 3 0.006993 0.009652 0.009652
BinVal : 12 4 0.1075 0.01555 0.01555
BinVal : 12 5 0.8751 0.008668 0.008668
BinVal : 12 6 0.9658 0.00358 0.00358
BinVal : 12 7 0.9812 0.002004 0.002004
BinVal : 12 8 0.9873 0.001035 0.001035
BinVal : 12 9 0.9889 0.002526 0.002526
BinVal : 12 10 0.9937 0.005396 0.005396
BinVal : 12 11 1 0.009174 0.009174
BinVal : 12 12 1 0.0125 0.0125
BinVal : 13 0 0 0 0
BinVal : 13 1 0 0 0
BinVal : 13 2 0 0 0
BinVal : 13 3 0 0 0
BinVal : 13 4 0.1139 0.01681 0.01681
BinVal : 13 5 0.8917 0.007922 0.007922
BinVal : 13 6 0.9713 0.003242 0.003242
BinVal : 13 7 0.9847 0.001901 0.001901
BinVal : 13 8 0.9889 0.0009393 0.0009393
BinVal : 13 9 0.9878 0.002648 0.002648
BinVal : 13 10 0.9877 0.006755 0.006755
BinVal : 13 11 1 0.008333 0.008333
BinVal : 13 12 1 0.01205 0.01205
BinVal : 14 0 0 0 0
BinVal : 14 1 0 0 0
BinVal : 14 2 0 0 0
BinVal : 14 3 0 0 0
BinVal : 14 4 0.1421 0.01778 0.01778
BinVal : 14 5 0.8973 0.007679 0.007679
BinVal : 14 6 0.9694 0.00334 0.00334
BinVal : 14 7 0.9826 0.002019 0.002019
BinVal : 14 8 0.988 0.0009764 0.0009764
BinVal : 14 9 0.9857 0.002888 0.002888
BinVal : 14 10 0.9914 0.00569 0.00569
BinVal : 14 11 1 0.00813 0.00813
BinVal : 14 12 1 0.01053 0.01053
BinVal : 15 0 0 0 0
BinVal : 15 1 0 0 0
BinVal : 15 2 0 0 0
BinVal : 15 3 0.007812 0.01075 0.01075
BinVal : 15 4 0.1566 0.01785 0.01785
BinVal : 15 5 0.8706 0.008478 0.008478
BinVal : 15 6 0.9685 0.00346 0.00346
BinVal : 15 7 0.9769 0.002237 0.002237
BinVal : 15 8 0.9842 0.001134 0.001134
BinVal : 15 9 0.9866 0.002771 0.002771
BinVal : 15 10 0.9971 0.004105 0.004105
BinVal : 15 11 1 0.00862 0.00862
BinVal : 15 12 1 0.01042 0.01042
BinVal : 16 0 0 0 0
BinVal : 16 1 0 0 0
BinVal : 16 2 0 0 0
BinVal : 16 3 0.01418 0.01194 0.01194
BinVal : 16 4 0.1596 0.0183 0.0183
BinVal : 16 5 0.8519 0.009484 0.009484
BinVal : 16 6 0.9636 0.003704 0.003704
BinVal : 16 7 0.9793 0.002008 0.002008
BinVal : 16 8 0.9833 0.001193 0.001193
BinVal : 16 9 0.9857 0.002828 0.002828
BinVal : 16 10 0.9937 0.005379 0.005379
BinVal : 16 11 1 0.009615 0.009615
BinVal : 16 12 1 0.01219 0.01219
BinVal : 17 0 0 0 0
BinVal : 17 1 0 0 0
BinVal : 17 2 0.005556 0.007706 0.007706
BinVal : 17 3 0.02516 0.01363 0.01363
BinVal : 17 4 0.1467 0.01847 0.01847
BinVal : 17 5 0.8557 0.01031 0.01031
BinVal : 17 6 0.9609 0.00379 0.00379
BinVal : 17 7 0.9829 0.001807 0.001807
BinVal : 17 8 0.9861 0.001126 0.001126
BinVal : 17 9 0.9882 0.002622 0.002622
BinVal : 17 10 0.9906 0.006182 0.006182
BinVal : 17 11 1 0.009434 0.009434
BinVal : 17 12 1 0.01587 0.01587
BinVal : 18 0 0 0 0
BinVal : 18 1 0 0 0
BinVal : 18 2 0.01136 0.009621 0.009621
BinVal : 18 3 0.02899 0.01563 0.01563
BinVal : 18 4 0.1503 0.02116 0.02116
BinVal : 18 5 0.8518 0.01113 0.01113
BinVal : 18 6 0.9551 0.004199 0.004199
BinVal : 18 7 0.9766 0.002324 0.002324
BinVal : 18 8 0.9832 0.001372 0.001372
BinVal : 18 9 0.9905 0.002615 0.002615
BinVal : 18 10 0.9922 0.006661 0.006661
BinVal : 18 11 1 0.01111 0.01111
BinVal : 18 12 1 0.01754 0.01754
BinVal : 19 0 0 0 0
BinVal : 19 1 0 0 0
BinVal : 19 2 0.01235 0.01673 0.01673
BinVal : 19 3 0.02128 0.02798 0.02798
BinVal : 19 4 0.1963 0.03827 0.03827
BinVal : 19 5 0.8478 0.01653 0.01653
BinVal : 19 6 0.9456 0.00693 0.00693
BinVal : 19 7 0.9669 0.004269 0.004269
BinVal : 19 8 0.9763 0.002542 0.002542
BinVal : 19 9 0.9871 0.0048 0.0048
BinVal : 19 10 0.9901 0.01353 0.01353
BinVal : 19 11 1 0.02856 0.02856
BinVal : 19 12 1 0.03569 0.03569
BinVal : 20 0 0 0 0
BinVal : 20 1 0 0 0
BinVal : 20 2 0 0 0
BinVal : 20 3 0 0 0
BinVal : 20 4 0 0 0
BinVal : 20 5 0 0 0
BinVal : 20 6 0 0 0
BinVal : 20 7 0 0 0
BinVal : 20 8 0 0 0
BinVal : 20 9 0 0 0
BinVal : 20 10 0 0 0
BinVal : 20 11 0 0 0
BinVal : 20 12 0 0 0
BinVal : 21 0 0 0 0
BinVal : 21 1 0 0 0
BinVal : 21 2 0 0 0
BinVal : 21 3 0 0 0
BinVal : 21 4 0 0 0
BinVal : 21 5 0 0 0
BinVal : 21 6 0 0 0
BinVal : 21 7 0 0 0
BinVal : 21 8 0 0 0
BinVal : 21 9 0 0 0
BinVal : 21 10 0 0 0
BinVal : 21 11 0 0 0
BinVal : 21 12 0 0 0
BinVal : 22 0 0 0 0
BinVal : 22 1 0 0 0
BinVal : 22 2 0.005682 0.004865 0.004865
BinVal : 22 3 0.03557 0.01213 0.01213
BinVal : 22 4 0.2765 0.01791 0.01791
BinVal : 22 5 0.8602 0.008153 0.008153
BinVal : 22 6 0.957 0.004041 0.004041
BinVal : 22 7 0.9701 0.002985 0.002985
BinVal : 22 8 0.9748 0.002095 0.002095
BinVal : 22 9 0.9823 0.005039 0.005039
BinVal : 22 10 1 0.009174 0.009174
BinVal : 22 11 1 0.03123 0.03123
BinVal : 22 12 1 0.0665 0.0665
BinVal : 23 0 0 0 0
BinVal : 23 1 0 0 0
BinVal : 23 2 0 0.002833 0.002833
BinVal : 23 3 0.02381 0.01025 0.01025
BinVal : 23 4 0.1738 0.01572 0.01572
BinVal : 23 5 0.8197 0.009504 0.009504
BinVal : 23 6 0.9397 0.005004 0.005004
BinVal : 23 7 0.9584 0.00378 0.00378
BinVal : 23 8 0.9695 0.002661 0.002661
BinVal : 23 9 0.9797 0.006291 0.006291
BinVal : 23 10 1 0.01266 0.01266
BinVal : 23 11 1 0.09045 0.09045
BinVal : 23 12 1 0.1409 0.1409
BinVal : 24 0 0 0 0
BinVal : 24 1 0 0 0
BinVal : 24 2 0 0 0
BinVal : 24 3 0.0181 0.009892 0.009892
BinVal : 24 4 0.1449 0.01604 0.01604
BinVal : 24 5 0.7588 0.01099 0.01099
BinVal : 24 6 0.9357 0.005423 0.005423
BinVal : 24 7 0.9555 0.004459 0.004459
BinVal : 24 8 0.9663 0.003373 0.003373
BinVal : 24 9 0.9785 0.00853 0.00853
BinVal : 24 10 1 0.02083 0.02083
BinVal : 24 11 1 0.1102 0.1102
BinVal : 24 12 1 0.1633 0.1633
BinVal : 25 0 0 0 0
BinVal : 25 1 0 0 0
BinVal : 25 2 0 0 0
BinVal : 25 3 0.02083 0.01135 0.01135
BinVal : 25 4 0.104 0.01525 0.01525
BinVal : 25 5 0.7132 0.01235 0.01235
BinVal : 25 6 0.9179 0.00657 0.00657
BinVal : 25 7 0.9446 0.005938 0.005938
BinVal : 25 8 0.9506 0.004907 0.004907
BinVal : 25 9 0.9848 0.009875 0.009875
BinVal : 25 10 1 0.03446 0.03446
BinVal : 25 11 1 0.1633 0.1633
BinVal : 25 12 1 0.1936 0.1936
BinVal : 26 0 0 0 0
BinVal : 26 1 0 0 0
BinVal : 26 2 0 0 0
BinVal : 26 3 0.005236 0.007271 0.007271
BinVal : 26 4 0.07329 0.01278 0.01278
BinVal : 26 5 0.6372 0.01367 0.01367
BinVal : 26 6 0.8372 0.009741 0.009741
BinVal : 26 7 0.8371 0.0116 0.0116
BinVal : 26 8 0.8644 0.009276 0.009276
BinVal : 26 9 0.9298 0.02473 0.02473
BinVal : 26 10 0.8 0.1201 0.1201
BinVal : 26 11 1 0.2357 0.2357
BinVal : 26 12 1 0.2357 0.2357
BinVal : 27 0 0 0 0
BinVal : 27 1 0 0 0
BinVal : 27 2 0 0 0
BinVal : 27 3 0 0.006097 0.006097
BinVal : 27 4 0.06085 0.01246 0.01246
BinVal : 27 5 0.4745 0.01593 0.01593
BinVal : 27 6 0.6792 0.01548 0.01548
BinVal : 27 7 0.6157 0.01852 0.01852
BinVal : 27 8 0.6737 0.01695 0.01695
BinVal : 27 9 0.7292 0.06287 0.06287
BinVal : 27 10 0.5 0.189 0.189
BinVal : 27 11 0.5 0.189 0.189
BinVal : 27 12 0.5 0.189 0.189
BinVal : 28 0 0 0 0
BinVal : 28 1 0 0 0
BinVal : 28 2 0 0 0
BinVal : 28 3 0 0 0
BinVal : 28 4 0.02143 0.01384 0.01384
BinVal : 28 5 0.2938 0.02473 0.02473
BinVal : 28 6 0.44 0.03121 0.03121
BinVal : 28 7 0.4153 0.03111 0.03111
BinVal : 28 8 0.43 0.03417 0.03417
BinVal : 28 9 0.3333 0.1389 0.1389
BinVal : 28 10 0.3333 0.1389 0.1389
BinVal : 28 11 0.3333 0.1389 0.1389
BinVal : 28 12 0.3333 0.1389 0.1389
