D0NoteID : 0
EffName : CALONLY_v132
EffType : Binned
EffVarNames : DetEta pT
EffVersion : 6
ObjQuality : Top_loose
ObjType : Electron
ObjVersion : 4
BinEdgesX : -3.2 -2.8 -2.5 -2.3 -2.1 -1.9 -1.7 -1.5 -1.3 -1.1 -0.9 -0.7 -0.5 -0.3 -0.1 0.1 0.3 0.5 0.7 0.9 1.1 1.3 1.5 1.7 1.9 2.1 2.3 2.5 2.8 3.2
BinEdgesY : 0 10 15 20 22 25 30 35 40 50 60 70 80 1000
BinVal : 0 0 0 0 0
BinVal : 0 1 0 0 0
BinVal : 0 2 0.01754 0.02336 0.02336
BinVal : 0 3 0.01754 0.02336 0.02336
BinVal : 0 4 0.3896 0.05459 0.05459
BinVal : 0 5 0.7453 0.03415 0.03415
BinVal : 0 6 0.843 0.03314 0.03314
BinVal : 0 7 0.9467 0.0279 0.0279
BinVal : 0 8 0.9184 0.02848 0.02848
BinVal : 0 9 1 0.1102 0.1102
BinVal : 0 10 1 0.1936 0.1936
BinVal : 0 11 1 0.1936 0.1936
BinVal : 0 12 1 0.1936 0.1936
BinVal : 1 0 0 0 0
BinVal : 1 1 0 0 0
BinVal : 1 2 0.01299 0.01756 0.01756
BinVal : 1 3 0.02 0.02642 0.02642
BinVal : 1 4 0.4891 0.05129 0.05129
BinVal : 1 5 0.8636 0.02212 0.02212
BinVal : 1 6 0.9272 0.01843 0.01843
BinVal : 1 7 0.9866 0.01132 0.01132
BinVal : 1 8 0.9851 0.009684 0.009684
BinVal : 1 9 1 0.03997 0.03997
BinVal : 1 10 1 0.1936 0.1936
BinVal : 1 11 1 0.1936 0.1936
BinVal : 1 12 1 0.1936 0.1936
BinVal : 2 0 0 0 0
BinVal : 2 1 0 0 0
BinVal : 2 2 0 0 0
BinVal : 2 3 0.03636 0.02932 0.02932
BinVal : 2 4 0.4894 0.05076 0.05076
BinVal : 2 5 0.9062 0.01967 0.01967
BinVal : 2 6 0.9845 0.008501 0.008501
BinVal : 2 7 1 0.004464 0.004464
BinVal : 2 8 1 0.003115 0.003115
BinVal : 2 9 1 0.0238 0.0238
BinVal : 2 10 1 0.2357 0.2357
BinVal : 2 11 1 0.2357 0.2357
BinVal : 2 12 1 0.2357 0.2357
BinVal : 3 0 0 0 0
BinVal : 3 1 0 0 0
BinVal : 3 2 0 0 0
BinVal : 3 3 0.06 0.0366 0.0366
BinVal : 3 4 0.5728 0.04807 0.04807
BinVal : 3 5 0.8571 0.02308 0.02308
BinVal : 3 6 0.9902 0.00642 0.00642
BinVal : 3 7 1 0.003311 0.003311
BinVal : 3 8 1 0.002123 0.002123
BinVal : 3 9 1 0.02127 0.02127
BinVal : 3 10 1 0.1237 0.1237
BinVal : 3 11 1 0.2357 0.2357
BinVal : 3 12 1 0.1936 0.1936
BinVal : 4 0 0 0 0
BinVal : 4 1 0 0 0
BinVal : 4 2 0 0 0
BinVal : 4 3 0.08929 0.03965 0.03965
BinVal : 4 4 0.6465 0.04742 0.04742
BinVal : 4 5 0.8443 0.02135 0.02135
BinVal : 4 6 0.9698 0.009296 0.009296
BinVal : 4 7 0.9976 0.003371 0.003371
BinVal : 4 8 0.9985 0.002075 0.002075
BinVal : 4 9 1 0.01316 0.01316
BinVal : 4 10 1 0.05546 0.05546
BinVal : 4 11 1 0.1936 0.1936
BinVal : 4 12 1 0.1936 0.1936
BinVal : 5 0 0 0 0
BinVal : 5 1 0 0 0
BinVal : 5 2 0 0 0
BinVal : 5 3 0.1552 0.04772 0.04772
BinVal : 5 4 0.7164 0.03864 0.03864
BinVal : 5 5 0.8845 0.01703 0.01703
BinVal : 5 6 0.9783 0.006705 0.006705
BinVal : 5 7 0.9983 0.002371 0.002371
BinVal : 5 8 0.998 0.001691 0.001691
BinVal : 5 9 1 0.008264 0.008264
BinVal : 5 10 1 0.04163 0.04163
BinVal : 5 11 1 0.1102 0.1102
BinVal : 5 12 1 0.1936 0.1936
BinVal : 6 0 0 0 0
BinVal : 6 1 0 0 0
BinVal : 6 2 0 0 0
BinVal : 6 3 0.2069 0.07391 0.07391
BinVal : 6 4 0.7529 0.04633 0.04633
BinVal : 6 5 0.9101 0.02109 0.02109
BinVal : 6 6 0.9935 0.005516 0.005516
BinVal : 6 7 1 0.002857 0.002857
BinVal : 6 8 0.9984 0.002298 0.002298
BinVal : 6 9 1 0.01428 0.01428
BinVal : 6 10 1 0.07666 0.07666
BinVal : 6 11 1 0.1237 0.1237
BinVal : 6 12 1 0.2357 0.2357
BinVal : 7 0 0 0 0
BinVal : 7 1 0 0 0
BinVal : 7 2 0 0 0
BinVal : 7 3 0 0 0
BinVal : 7 4 0 0 0
BinVal : 7 5 0 0 0
BinVal : 7 6 0 0 0
BinVal : 7 7 0 0 0
BinVal : 7 8 0 0 0
BinVal : 7 9 0 0 0
BinVal : 7 10 0 0 0
BinVal : 7 11 0 0 0
BinVal : 7 12 0 0 0
BinVal : 8 0 0 0 0
BinVal : 8 1 0 0 0
BinVal : 8 2 0 0 0
BinVal : 8 3 0 0 0
BinVal : 8 4 0 0 0
BinVal : 8 5 0 0 0
BinVal : 8 6 0 0 0
BinVal : 8 7 0 0 0
BinVal : 8 8 0 0 0
BinVal : 8 9 0 0 0
BinVal : 8 10 0 0 0
BinVal : 8 11 0 0 0
BinVal : 8 12 0 0 0
BinVal : 9 0 0 0 0
BinVal : 9 1 0 0 0
BinVal : 9 2 0 0 0
BinVal : 9 3 0.05 0.03927 0.03927
BinVal : 9 4 0.3846 0.05024 0.05024
BinVal : 9 5 0.8863 0.022 0.022
BinVal : 9 6 0.9857 0.0053 0.0053
BinVal : 9 7 0.9925 0.002991 0.002991
BinVal : 9 8 0.981 0.003381 0.003381
BinVal : 9 9 0.9894 0.00698 0.00698
BinVal : 9 10 0.9808 0.02546 0.02546
BinVal : 9 11 1 0.07122 0.07122
BinVal : 9 12 1 0.0665 0.0665
BinVal : 10 0 0 0 0
BinVal : 10 1 0 0 0
BinVal : 10 2 0 0 0
BinVal : 10 3 0.06383 0.03872 0.03872
BinVal : 10 4 0.3535 0.04742 0.04742
BinVal : 10 5 0.9198 0.01787 0.01787
BinVal : 10 6 0.988 0.004798 0.004798
BinVal : 10 7 0.9942 0.002522 0.002522
BinVal : 10 8 0.9931 0.001842 0.001842
BinVal : 10 9 0.9972 0.003978 0.003978
BinVal : 10 10 0.9836 0.02192 0.02192
BinVal : 10 11 1 0.04993 0.04993
BinVal : 10 12 1 0.04993 0.04993
BinVal : 11 0 0 0 0
BinVal : 11 1 0 0 0
BinVal : 11 2 0 0 0
BinVal : 11 3 0.02632 0.03404 0.03404
BinVal : 11 4 0.4096 0.05307 0.05307
BinVal : 11 5 0.9532 0.01252 0.01252
BinVal : 11 6 0.9828 0.005971 0.005971
BinVal : 11 7 0.997 0.001962 0.001962
BinVal : 11 8 0.9982 0.0009803 0.0009803
BinVal : 11 9 0.9973 0.003786 0.003786
BinVal : 11 10 1 0.01562 0.01562
BinVal : 11 11 1 0.03224 0.03224
BinVal : 11 12 1 0.04163 0.04163
BinVal : 12 0 0 0 0
BinVal : 12 1 0 0 0
BinVal : 12 2 0 0 0
BinVal : 12 3 0 0 0
BinVal : 12 4 0.4725 0.0515 0.0515
BinVal : 12 5 0.9391 0.01306 0.01306
BinVal : 12 6 0.9811 0.006187 0.006187
BinVal : 12 7 0.9927 0.002939 0.002939
BinVal : 12 8 0.9987 0.0008943 0.0008943
BinVal : 12 9 0.9938 0.00528 0.00528
BinVal : 12 10 1 0.01333 0.01333
BinVal : 12 11 1 0.02777 0.02777
BinVal : 12 12 1 0.03701 0.03701
BinVal : 13 0 0 0 0
BinVal : 13 1 0 0 0
BinVal : 13 2 0 0 0
BinVal : 13 3 0.02 0.02642 0.02642
BinVal : 13 4 0.5402 0.05254 0.05254
BinVal : 13 5 0.9297 0.01343 0.01343
BinVal : 13 6 0.9795 0.006361 0.006361
BinVal : 13 7 0.9917 0.00331 0.00331
BinVal : 13 8 0.9978 0.001068 0.001068
BinVal : 13 9 0.9971 0.004058 0.004058
BinVal : 13 10 1 0.01282 0.01282
BinVal : 13 11 1 0.03569 0.03569
BinVal : 13 12 1 0.04163 0.04163
BinVal : 14 0 0 0 0
BinVal : 14 1 0 0 0
BinVal : 14 2 0 0 0
BinVal : 14 3 0.025 0.03248 0.03248
BinVal : 14 4 0.5588 0.04847 0.04847
BinVal : 14 5 0.9368 0.01264 0.01264
BinVal : 14 6 0.9796 0.006314 0.006314
BinVal : 14 7 0.9925 0.003303 0.003303
BinVal : 14 8 0.9936 0.001697 0.001697
BinVal : 14 9 1 0.002625 0.002625
BinVal : 14 10 1 0.01389 0.01389
BinVal : 14 11 1 0.04163 0.04163
BinVal : 14 12 1 0.04343 0.04343
BinVal : 15 0 0 0 0
BinVal : 15 1 0 0 0
BinVal : 15 2 0 0 0
BinVal : 15 3 0 0 0
BinVal : 15 4 0.5164 0.0447 0.0447
BinVal : 15 5 0.9288 0.01361 0.01361
BinVal : 15 6 0.9838 0.005601 0.005601
BinVal : 15 7 0.9898 0.003551 0.003551
BinVal : 15 8 0.9915 0.001938 0.001938
BinVal : 15 9 0.9947 0.004534 0.004534
BinVal : 15 10 1 0.0125 0.0125
BinVal : 15 11 1 0.03843 0.03843
BinVal : 15 12 1 0.03843 0.03843
BinVal : 16 0 0 0 0
BinVal : 16 1 0 0 0
BinVal : 16 2 0 0 0
BinVal : 16 3 0.02857 0.03668 0.03668
BinVal : 16 4 0.5462 0.04508 0.04508
BinVal : 16 5 0.9124 0.01514 0.01514
BinVal : 16 6 0.9879 0.004822 0.004822
BinVal : 16 7 0.9943 0.00252 0.00252
BinVal : 16 8 0.9937 0.001729 0.001729
BinVal : 16 9 0.9945 0.004707 0.004707
BinVal : 16 10 1 0.01205 0.01205
BinVal : 16 11 1 0.03701 0.03701
BinVal : 16 12 1 0.03843 0.03843
BinVal : 17 0 0 0 0
BinVal : 17 1 0 0 0
BinVal : 17 2 0 0 0
BinVal : 17 3 0.02564 0.03324 0.03324
BinVal : 17 4 0.5872 0.04655 0.04655
BinVal : 17 5 0.8754 0.01827 0.01827
BinVal : 17 6 0.9865 0.004991 0.004991
BinVal : 17 7 0.9972 0.001834 0.001834
BinVal : 17 8 0.9943 0.0017 0.0017
BinVal : 17 9 0.997 0.004166 0.004166
BinVal : 17 10 0.9861 0.01872 0.01872
BinVal : 17 11 1 0.03997 0.03997
BinVal : 17 12 1 0.04993 0.04993
BinVal : 18 0 0 0 0
BinVal : 18 1 0 0 0
BinVal : 18 2 0 0 0
BinVal : 18 3 0 0 0
BinVal : 18 4 0.5263 0.05618 0.05618
BinVal : 18 5 0.8787 0.01988 0.01988
BinVal : 18 6 0.9781 0.00646 0.00646
BinVal : 18 7 0.9903 0.003366 0.003366
BinVal : 18 8 0.9899 0.00244 0.00244
BinVal : 18 9 0.9893 0.007029 0.007029
BinVal : 18 10 0.9836 0.02192 0.02192
BinVal : 18 11 1 0.04993 0.04993
BinVal : 18 12 1 0.06236 0.06236
BinVal : 19 0 0 0 0
BinVal : 19 1 0 0 0
BinVal : 19 2 0 0 0
BinVal : 19 3 0 0 0
BinVal : 19 4 0.4074 0.08992 0.08992
BinVal : 19 5 0.916 0.02603 0.02603
BinVal : 19 6 0.9721 0.01098 0.01098
BinVal : 19 7 0.9827 0.006889 0.006889
BinVal : 19 8 0.9846 0.004787 0.004787
BinVal : 19 9 0.9813 0.0156 0.0156
BinVal : 19 10 1 0.03569 0.03569
BinVal : 19 11 1 0.1102 0.1102
BinVal : 19 12 1 0.1102 0.1102
BinVal : 20 0 0 0 0
BinVal : 20 1 0 0 0
BinVal : 20 2 0 0 0
BinVal : 20 3 0 0 0
BinVal : 20 4 0 0 0
BinVal : 20 5 0 0 0
BinVal : 20 6 0 0 0
BinVal : 20 7 0 0 0
BinVal : 20 8 0 0 0
BinVal : 20 9 0 0 0
BinVal : 20 10 0 0 0
BinVal : 20 11 0 0 0
BinVal : 20 12 0 0 0
BinVal : 21 0 0 0 0
BinVal : 21 1 0 0 0
BinVal : 21 2 0 0 0
BinVal : 21 3 0 0 0
BinVal : 21 4 0 0 0
BinVal : 21 5 0 0 0
BinVal : 21 6 0 0 0
BinVal : 21 7 0 0 0
BinVal : 21 8 0 0 0
BinVal : 21 9 0 0 0
BinVal : 21 10 0 0 0
BinVal : 21 11 0 0 0
BinVal : 21 12 0 0 0
BinVal : 22 0 0 0 0
BinVal : 22 1 0 0 0
BinVal : 22 2 0 0 0
BinVal : 22 3 0 0 0
BinVal : 22 4 0.5489 0.04268 0.04268
BinVal : 22 5 0.8599 0.01963 0.01963
BinVal : 22 6 0.9602 0.009669 0.009669
BinVal : 22 7 0.9934 0.003642 0.003642
BinVal : 22 8 0.9971 0.001948 0.001948
BinVal : 22 9 1 0.007633 0.007633
BinVal : 22 10 1 0.0294 0.0294
BinVal : 22 11 1 0.1633 0.1633
BinVal : 22 12 1 0.1633 0.1633
BinVal : 23 0 0 0 0
BinVal : 23 1 0 0 0
BinVal : 23 2 0.01429 0.01923 0.01923
BinVal : 23 3 0.01852 0.02458 0.02458
BinVal : 23 4 0.5074 0.0424 0.0424
BinVal : 23 5 0.7952 0.02553 0.02553
BinVal : 23 6 0.9556 0.01147 0.01147
BinVal : 23 7 0.9853 0.006405 0.006405
BinVal : 23 8 0.9969 0.002632 0.002632
BinVal : 23 9 1 0.01408 0.01408
BinVal : 23 10 0.9412 0.06862 0.06862
BinVal : 23 11 1 0.1936 0.1936
BinVal : 23 12 1 0.1936 0.1936
BinVal : 24 0 0 0 0
BinVal : 24 1 0 0 0
BinVal : 24 2 0.0125 0.01693 0.01693
BinVal : 24 3 0.04167 0.03325 0.03325
BinVal : 24 4 0.4274 0.04391 0.04391
BinVal : 24 5 0.8155 0.027 0.027
BinVal : 24 6 0.9713 0.01049 0.01049
BinVal : 24 7 0.9896 0.006814 0.006814
BinVal : 24 8 0.9956 0.003765 0.003765
BinVal : 24 9 1 0.01639 0.01639
BinVal : 24 10 0.75 0.1782 0.1782
BinVal : 24 11 1 0.1936 0.1936
BinVal : 24 12 1 0.1936 0.1936
BinVal : 25 0 0 0 0
BinVal : 25 1 0 0 0
BinVal : 25 2 0 0 0
BinVal : 25 3 0.01786 0.02375 0.02375
BinVal : 25 4 0.3925 0.0466 0.0466
BinVal : 25 5 0.8493 0.02422 0.02422
BinVal : 25 6 0.9639 0.01232 0.01232
BinVal : 25 7 0.9948 0.007197 0.007197
BinVal : 25 8 0.9969 0.004318 0.004318
BinVal : 25 9 1 0.02499 0.02499
BinVal : 25 10 1 0.2357 0.2357
BinVal : 25 11 1 0.2357 0.2357
BinVal : 25 12 1 0.2357 0.2357
BinVal : 26 0 0 0 0
BinVal : 26 1 0 0 0
BinVal : 26 2 0 0 0
BinVal : 26 3 0 0 0
BinVal : 26 4 0.3204 0.04545 0.04545
BinVal : 26 5 0.8052 0.02602 0.02602
BinVal : 26 6 0.9307 0.01823 0.01823
BinVal : 26 7 0.9832 0.01408 0.01408
BinVal : 26 8 0.9954 0.006384 0.006384
BinVal : 26 9 1 0.05871 0.05871
BinVal : 26 10 1 0.2357 0.2357
BinVal : 26 11 1 0.2357 0.2357
BinVal : 26 12 1 0.2357 0.2357
BinVal : 27 0 0 0 0
BinVal : 27 1 0 0 0
BinVal : 27 2 0 0 0
BinVal : 27 3 0 0 0
BinVal : 27 4 0.2022 0.04237 0.04237
BinVal : 27 5 0.6879 0.03499 0.03499
BinVal : 27 6 0.7881 0.03745 0.03745
BinVal : 27 7 0.9286 0.03235 0.03235
BinVal : 27 8 0.9346 0.02486 0.02486
BinVal : 27 9 1 0.08299 0.08299
BinVal : 27 10 1 0.2357 0.2357
BinVal : 27 11 1 0.2357 0.2357
BinVal : 27 12 1 0.2357 0.2357
BinVal : 28 0 0 0 0
BinVal : 28 1 0 0 0
BinVal : 28 2 0 0 0
BinVal : 28 3 0 0 0
BinVal : 28 4 0.1379 0.06502 0.06502
BinVal : 28 5 0.4694 0.06922 0.06922
BinVal : 28 6 0.5312 0.08437 0.08437
BinVal : 28 7 0.7333 0.1074 0.1074
BinVal : 28 8 0.6471 0.1079 0.1079
BinVal : 28 9 0.6471 0.1079 0.1079
BinVal : 28 10 0.6471 0.1079 0.1079
BinVal : 28 11 0.6471 0.1079 0.1079
BinVal : 28 12 0.6471 0.1079 0.1079
