D0NoteID : 0
EffName : CALONLY_v155
EffType : Binned
EffVarNames : DetEta pT
EffVersion : 6
ObjQuality : Point2
ObjType : Electron
ObjVersion : 1
TriggerVersion : v155
BinEdgesX : -3.2 -2.8 -2.5 -2.3 -2.1 -1.9 -1.7 -1.5 -1.3 -1.1 -0.9 -0.7 -0.5 -0.3 -0.1 0.1 0.3 0.5 0.7 0.9 1.1 1.3 1.5 1.7 1.9 2.1 2.3 2.5 2.8 3.2
BinEdgesY : 0 10 15 20 22 25 30 35 40 50 60 70 80 1000
BinVal : 0 0 0 0 0
BinVal : 0 1 0 0 0
BinVal : 0 2 0 0 0
BinVal : 0 3 0 0 0
BinVal : 0 4 0 0 0
BinVal : 0 5 0.5714 0.1203 0.1203
BinVal : 0 6 1 0.08299 0.08299
BinVal : 0 7 0.6667 0.1614 0.1614
BinVal : 0 8 0.6667 0.1389 0.1389
BinVal : 0 9 0.6667 0.1389 0.1389
BinVal : 0 10 0.6667 0.1389 0.1389
BinVal : 0 11 0.6667 0.1389 0.1389
BinVal : 0 12 0.6667 0.1389 0.1389
BinVal : 1 0 0 0 0
BinVal : 1 1 0 0 0
BinVal : 1 2 0 0 0
BinVal : 1 3 0 0 0
BinVal : 1 4 0.05405 0.04213 0.04213
BinVal : 1 5 0.7581 0.05371 0.05371
BinVal : 1 6 0.9683 0.02583 0.02583
BinVal : 1 7 0.8529 0.06127 0.06127
BinVal : 1 8 0.96 0.03203 0.03203
BinVal : 1 9 1 0.1409 0.1409
BinVal : 1 10 1 0.2357 0.2357
BinVal : 1 11 1 0.2357 0.2357
BinVal : 1 12 1 0.2357 0.2357
BinVal : 2 0 0 0 0
BinVal : 2 1 0 0 0
BinVal : 2 2 0 0 0
BinVal : 2 3 0 0 0
BinVal : 2 4 0.05 0.03927 0.03927
BinVal : 2 5 0.7407 0.04816 0.04816
BinVal : 2 6 0.972 0.01793 0.01793
BinVal : 2 7 0.9506 0.02596 0.02596
BinVal : 2 8 0.9897 0.01407 0.01407
BinVal : 2 9 1 0.08299 0.08299
BinVal : 2 10 1 0.1633 0.1633
BinVal : 2 11 1 0.2357 0.2357
BinVal : 2 12 1 0.2357 0.2357
BinVal : 3 0 0 0 0
BinVal : 3 1 0 0 0
BinVal : 3 2 0 0 0
BinVal : 3 3 0 0 0
BinVal : 3 4 0.03571 0.02883 0.02883
BinVal : 3 5 0.732 0.04454 0.04454
BinVal : 3 6 0.975 0.01606 0.01606
BinVal : 3 7 0.9716 0.01531 0.01531
BinVal : 3 8 0.9756 0.01323 0.01323
BinVal : 3 9 1 0.04756 0.04756
BinVal : 3 10 1 0.1633 0.1633
BinVal : 3 11 1 0.2357 0.2357
BinVal : 3 12 1 0.2357 0.2357
BinVal : 4 0 0 0 0
BinVal : 4 1 0 0 0
BinVal : 4 2 0 0 0
BinVal : 4 3 0.03571 0.0448 0.0448
BinVal : 4 4 0.1163 0.03506 0.03506
BinVal : 4 5 0.8117 0.03145 0.03145
BinVal : 4 6 0.9681 0.01363 0.01363
BinVal : 4 7 0.9746 0.01093 0.01093
BinVal : 4 8 0.9749 0.008626 0.008626
BinVal : 4 9 0.9767 0.03038 0.03038
BinVal : 4 10 1 0.08299 0.08299
BinVal : 4 11 1 0.2357 0.2357
BinVal : 4 12 1 0.2357 0.2357
BinVal : 5 0 0 0 0
BinVal : 5 1 0 0 0
BinVal : 5 2 0 0 0
BinVal : 5 3 0.02083 0.02744 0.02744
BinVal : 5 4 0.1364 0.03685 0.03685
BinVal : 5 5 0.885 0.02135 0.02135
BinVal : 5 6 0.9814 0.008065 0.008065
BinVal : 5 7 0.9845 0.006731 0.006731
BinVal : 5 8 0.9817 0.005421 0.005421
BinVal : 5 9 0.9872 0.01735 0.01735
BinVal : 5 10 1 0.06236 0.06236
BinVal : 5 11 1 0.1409 0.1409
BinVal : 5 12 1 0.1409 0.1409
BinVal : 6 0 0 0 0
BinVal : 6 1 0 0 0
BinVal : 6 2 0 0 0
BinVal : 6 3 0 0 0
BinVal : 6 4 0.09091 0.0454 0.0454
BinVal : 6 5 0.9124 0.02461 0.02461
BinVal : 6 6 0.9901 0.008407 0.008407
BinVal : 6 7 0.9874 0.008213 0.008213
BinVal : 6 8 0.9852 0.006421 0.006421
BinVal : 6 9 1 0.0196 0.0196
BinVal : 6 10 1 0.1237 0.1237
BinVal : 6 11 1 0.1633 0.1633
BinVal : 6 12 1 0.1633 0.1633
BinVal : 7 0 0 0 0
BinVal : 7 1 0 0 0
BinVal : 7 2 0 0 0
BinVal : 7 3 0 0 0
BinVal : 7 4 0 0 0
BinVal : 7 5 0 0 0
BinVal : 7 6 0 0 0
BinVal : 7 7 0 0 0
BinVal : 7 8 0 0 0
BinVal : 7 9 0 0 0
BinVal : 7 10 0 0 0
BinVal : 7 11 0 0 0
BinVal : 7 12 0 0 0
BinVal : 8 0 0 0 0
BinVal : 8 1 0 0 0
BinVal : 8 2 0 0 0
BinVal : 8 3 0 0 0
BinVal : 8 4 0 0 0
BinVal : 8 5 0 0 0
BinVal : 8 6 0 0 0
BinVal : 8 7 0 0 0
BinVal : 8 8 0 0 0
BinVal : 8 9 0 0 0
BinVal : 8 10 0 0 0
BinVal : 8 11 0 0 0
BinVal : 8 12 0 0 0
BinVal : 9 0 0 0 0
BinVal : 9 1 0 0 0
BinVal : 9 2 0 0 0
BinVal : 9 3 0 0 0
BinVal : 9 4 0.3226 0.05824 0.05824
BinVal : 9 5 0.8919 0.0258 0.0258
BinVal : 9 6 0.983 0.007369 0.007369
BinVal : 9 7 0.9807 0.005713 0.005713
BinVal : 9 8 0.9895 0.002873 0.002873
BinVal : 9 9 0.9955 0.006299 0.006299
BinVal : 9 10 1 0.02173 0.02173
BinVal : 9 11 1 0.09045 0.09045
BinVal : 9 12 1 0.1936 0.1936
BinVal : 10 0 0 0 0
BinVal : 10 1 0 0 0
BinVal : 10 2 0 0 0
BinVal : 10 3 0 0 0
BinVal : 10 4 0.2031 0.04994 0.04994
BinVal : 10 5 0.875 0.027 0.027
BinVal : 10 6 0.986 0.006756 0.006756
BinVal : 10 7 0.9864 0.004445 0.004445
BinVal : 10 8 0.9916 0.00232 0.00232
BinVal : 10 9 0.9925 0.006438 0.006438
BinVal : 10 10 0.98 0.02642 0.02642
BinVal : 10 11 1 0.07122 0.07122
BinVal : 10 12 1 0.1237 0.1237
BinVal : 11 0 0 0 0
BinVal : 11 1 0 0 0
BinVal : 11 2 0 0 0
BinVal : 11 3 0.04762 0.05752 0.05752
BinVal : 11 4 0.1818 0.05182 0.05182
BinVal : 11 5 0.8876 0.0245 0.0245
BinVal : 11 6 0.9744 0.009372 0.009372
BinVal : 11 7 0.9881 0.004131 0.004131
BinVal : 11 8 0.9948 0.001817 0.001817
BinVal : 11 9 0.9931 0.005891 0.005891
BinVal : 11 10 0.9804 0.02593 0.02593
BinVal : 11 11 1 0.04756 0.04756
BinVal : 11 12 1 0.07122 0.07122
BinVal : 12 0 0 0 0
BinVal : 12 1 0 0 0
BinVal : 12 2 0 0 0
BinVal : 12 3 0.0625 0.0721 0.0721
BinVal : 12 4 0.1636 0.04994 0.04994
BinVal : 12 5 0.8978 0.02243 0.02243
BinVal : 12 6 0.9752 0.009088 0.009088
BinVal : 12 7 0.987 0.004508 0.004508
BinVal : 12 8 0.9939 0.001903 0.001903
BinVal : 12 9 0.9933 0.005754 0.005754
BinVal : 12 10 1 0.01754 0.01754
BinVal : 12 11 1 0.03997 0.03997
BinVal : 12 12 1 0.05255 0.05255
BinVal : 13 0 0 0 0
BinVal : 13 1 0 0 0
BinVal : 13 2 0 0 0
BinVal : 13 3 0 0 0
BinVal : 13 4 0.1 0.03987 0.03987
BinVal : 13 5 0.9323 0.01853 0.01853
BinVal : 13 6 0.9866 0.006488 0.006488
BinVal : 13 7 0.9886 0.004543 0.004543
BinVal : 13 8 0.9937 0.00188 0.00188
BinVal : 13 9 0.9933 0.005716 0.005716
BinVal : 13 10 1 0.01515 0.01515
BinVal : 13 11 1 0.04163 0.04163
BinVal : 13 12 1 0.05255 0.05255
BinVal : 14 0 0 0 0
BinVal : 14 1 0 0 0
BinVal : 14 2 0 0 0
BinVal : 14 3 0 0 0
BinVal : 14 4 0.1053 0.04175 0.04175
BinVal : 14 5 0.9375 0.01717 0.01717
BinVal : 14 6 0.9945 0.004681 0.004681
BinVal : 14 7 0.992 0.003879 0.003879
BinVal : 14 8 0.9963 0.001477 0.001477
BinVal : 14 9 0.9907 0.006106 0.006106
BinVal : 14 10 1 0.01639 0.01639
BinVal : 14 11 1 0.04343 0.04343
BinVal : 14 12 1 0.04756 0.04756
BinVal : 15 0 0 0 0
BinVal : 15 1 0 0 0
BinVal : 15 2 0 0 0
BinVal : 15 3 0 0 0
BinVal : 15 4 0.1061 0.03879 0.03879
BinVal : 15 5 0.9339 0.01681 0.01681
BinVal : 15 6 0.9912 0.005788 0.005788
BinVal : 15 7 0.9893 0.004263 0.004263
BinVal : 15 8 0.9937 0.001879 0.001879
BinVal : 15 9 0.9912 0.005788 0.005788
BinVal : 15 10 1 0.01923 0.01923
BinVal : 15 11 1 0.04756 0.04756
BinVal : 15 12 1 0.05546 0.05546
BinVal : 16 0 0 0 0
BinVal : 16 1 0 0 0
BinVal : 16 2 0 0 0
BinVal : 16 3 0 0 0
BinVal : 16 4 0.1299 0.03871 0.03871
BinVal : 16 5 0.933 0.01765 0.01765
BinVal : 16 6 0.9842 0.006853 0.006853
BinVal : 16 7 0.99 0.004009 0.004009
BinVal : 16 8 0.9936 0.00192 0.00192
BinVal : 16 9 0.9939 0.005217 0.005217
BinVal : 16 10 1 0.01666 0.01666
BinVal : 16 11 1 0.04163 0.04163
BinVal : 16 12 1 0.05871 0.05871
BinVal : 17 0 0 0 0
BinVal : 17 1 0 0 0
BinVal : 17 2 0 0 0
BinVal : 17 3 0 0 0
BinVal : 17 4 0.2292 0.0598 0.0598
BinVal : 17 5 0.9119 0.02284 0.02284
BinVal : 17 6 0.9879 0.005853 0.005853
BinVal : 17 7 0.988 0.004163 0.004163
BinVal : 17 8 0.9918 0.002245 0.002245
BinVal : 17 9 0.9965 0.004953 0.004953
BinVal : 17 10 1 0.01639 0.01639
BinVal : 17 11 1 0.03843 0.03843
BinVal : 17 12 1 0.05255 0.05255
BinVal : 18 0 0 0 0
BinVal : 18 1 0 0 0
BinVal : 18 2 0 0 0
BinVal : 18 3 0 0 0
BinVal : 18 4 0.2703 0.07115 0.07115
BinVal : 18 5 0.8929 0.02644 0.02644
BinVal : 18 6 0.9718 0.00869 0.00869
BinVal : 18 7 0.9852 0.004841 0.004841
BinVal : 18 8 0.9891 0.002891 0.002891
BinVal : 18 9 1 0.004651 0.004651
BinVal : 18 10 1 0.02173 0.02173
BinVal : 18 11 1 0.05255 0.05255
BinVal : 18 12 1 0.07122 0.07122
BinVal : 19 0 0 0 0
BinVal : 19 1 0 0 0
BinVal : 19 2 0 0 0
BinVal : 19 3 0 0 0
BinVal : 19 4 0.2174 0.08376 0.08376
BinVal : 19 5 0.8873 0.03822 0.03822
BinVal : 19 6 0.9516 0.01632 0.01632
BinVal : 19 7 0.9862 0.007579 0.007579
BinVal : 19 8 0.9928 0.003972 0.003972
BinVal : 19 9 1 0.01099 0.01099
BinVal : 19 10 1 0.04756 0.04756
BinVal : 19 11 1 0.1409 0.1409
BinVal : 19 12 1 0.1237 0.1237
BinVal : 20 0 0 0 0
BinVal : 20 1 0 0 0
BinVal : 20 2 0 0 0
BinVal : 20 3 0 0 0
BinVal : 20 4 0 0 0
BinVal : 20 5 0 0 0
BinVal : 20 6 0 0 0
BinVal : 20 7 0 0 0
BinVal : 20 8 0 0 0
BinVal : 20 9 0 0 0
BinVal : 20 10 0 0 0
BinVal : 20 11 0 0 0
BinVal : 20 12 0 0 0
BinVal : 21 0 0 0 0
BinVal : 21 1 0 0 0
BinVal : 21 2 0 0 0
BinVal : 21 3 0 0 0
BinVal : 21 4 0 0 0
BinVal : 21 5 0 0 0
BinVal : 21 6 0 0 0
BinVal : 21 7 0 0 0
BinVal : 21 8 0 0 0
BinVal : 21 9 0 0 0
BinVal : 21 10 0 0 0
BinVal : 21 11 0 0 0
BinVal : 21 12 0 0 0
BinVal : 22 0 0 0 0
BinVal : 22 1 0 0 0
BinVal : 22 2 0 0 0
BinVal : 22 3 0.03448 0.04343 0.04343
BinVal : 22 4 0.1633 0.03738 0.03738
BinVal : 22 5 0.8802 0.02217 0.02217
BinVal : 22 6 0.9738 0.009612 0.009612
BinVal : 22 7 0.9811 0.007491 0.007491
BinVal : 22 8 0.9837 0.00534 0.00534
BinVal : 22 9 0.9762 0.01967 0.01967
BinVal : 22 10 1 0.04756 0.04756
BinVal : 22 11 1 0.1633 0.1633
BinVal : 22 12 1 0.1936 0.1936
BinVal : 23 0 0 0 0
BinVal : 23 1 0 0 0
BinVal : 23 2 0 0 0
BinVal : 23 3 0 0 0
BinVal : 23 4 0.1127 0.03822 0.03822
BinVal : 23 5 0.7898 0.03241 0.03241
BinVal : 23 6 0.9717 0.01213 0.01213
BinVal : 23 7 0.9524 0.0138 0.0138
BinVal : 23 8 0.9702 0.009173 0.009173
BinVal : 23 9 0.9767 0.03038 0.03038
BinVal : 23 10 1 0.07122 0.07122
BinVal : 23 11 1 0.07122 0.07122
BinVal : 23 12 1 0.2357 0.2357
BinVal : 24 0 0 0 0
BinVal : 24 1 0 0 0
BinVal : 24 2 0 0 0
BinVal : 24 3 0 0 0
BinVal : 24 4 0.05769 0.03531 0.03531
BinVal : 24 5 0.8018 0.03771 0.03771
BinVal : 24 6 0.962 0.01612 0.01612
BinVal : 24 7 0.9412 0.0186 0.0186
BinVal : 24 8 0.9762 0.01136 0.01136
BinVal : 24 9 1 0.04756 0.04756
BinVal : 24 10 1 0.1936 0.1936
BinVal : 24 11 1 0.1936 0.1936
BinVal : 24 12 1 0.2357 0.2357
BinVal : 25 0 0 0 0
BinVal : 25 1 0 0 0
BinVal : 25 2 0 0 0
BinVal : 25 3 0 0 0
BinVal : 25 4 0.02174 0.02855 0.02855
BinVal : 25 5 0.802 0.03951 0.03951
BinVal : 25 6 0.9313 0.02278 0.02278
BinVal : 25 7 0.9775 0.01862 0.01862
BinVal : 25 8 0.9846 0.01292 0.01292
BinVal : 25 9 1 0.04756 0.04756
BinVal : 25 10 1 0.04756 0.04756
BinVal : 25 11 1 0.04756 0.04756
BinVal : 25 12 1 0.04756 0.04756
BinVal : 26 0 0 0 0
BinVal : 26 1 0 0 0
BinVal : 26 2 0 0 0
BinVal : 26 3 0 0 0
BinVal : 26 4 0.05556 0.04318 0.04318
BinVal : 26 5 0.6625 0.05205 0.05205
BinVal : 26 6 0.9136 0.0322 0.0322
BinVal : 26 7 0.9804 0.02593 0.02593
BinVal : 26 8 0.9444 0.02898 0.02898
BinVal : 26 9 1 0.05871 0.05871
BinVal : 26 10 1 0.2357 0.2357
BinVal : 26 11 1 0.2357 0.2357
BinVal : 26 12 1 0.2357 0.2357
BinVal : 27 0 0 0 0
BinVal : 27 1 0 0 0
BinVal : 27 2 0 0 0
BinVal : 27 3 0 0 0
BinVal : 27 4 0.07143 0.08021 0.08021
BinVal : 27 5 0.4737 0.07799 0.07799
BinVal : 27 6 0.8636 0.07454 0.07454
BinVal : 27 7 0.875 0.0855 0.0855
BinVal : 27 8 0.75 0.1166 0.1166
BinVal : 27 9 1 0.2357 0.2357
BinVal : 27 10 1 0.2357 0.2357
BinVal : 27 11 1 0.2357 0.2357
BinVal : 27 12 1 0.2357 0.2357
BinVal : 28 0 0 0 0
BinVal : 28 1 0 0 0
BinVal : 28 2 0 0 0
BinVal : 28 3 0 0 0
BinVal : 28 4 0 0 0
BinVal : 28 5 0.3333 0.1389 0.1389
BinVal : 28 6 0.3333 0.1389 0.1389
BinVal : 28 7 0.5 0.2236 0.2236
BinVal : 28 8 0.5 0.2236 0.2236
BinVal : 28 9 0.5 0.2236 0.2236
BinVal : 28 10 0.5 0.2236 0.2236
BinVal : 28 11 0.5 0.2236 0.2236
BinVal : 28 12 0.5 0.2236 0.2236
