D0NoteID : 0
EffName : EJETS_GROUP1_v155
EffType : Binned
EffVarNames : DetEta pT
EffVersion : 6
ObjQuality : Top_tight
ObjType : Electron
ObjVersion : 4
BinEdgesX : -3.2 -2.8 -2.5 -2.3 -2.1 -1.9 -1.7 -1.5 -1.3 -1.1 -0.9 -0.7 -0.5 -0.3 -0.1 0.1 0.3 0.5 0.7 0.9 1.1 1.3 1.5 1.7 1.9 2.1 2.3 2.5 2.8 3.2
BinEdgesY : 0 10 15 20 22 25 30 35 40 50 60 70 80 1000
BinVal : 0 0 0 0 0
BinVal : 0 1 0 0 0
BinVal : 0 2 0.2273 0.0866 0.0866
BinVal : 0 3 0.4545 0.1332 0.1332
BinVal : 0 4 0.7391 0.08806 0.08806
BinVal : 0 5 0.7692 0.06626 0.06626
BinVal : 0 6 0.9286 0.05388 0.05388
BinVal : 0 7 0.9048 0.06875 0.06875
BinVal : 0 8 1 0.04756 0.04756
BinVal : 0 9 1 0.04756 0.04756
BinVal : 0 10 1 0.04756 0.04756
BinVal : 0 11 1 0.04756 0.04756
BinVal : 0 12 1 0.04756 0.04756
BinVal : 1 0 0 0 0
BinVal : 1 1 0 0 0
BinVal : 1 2 0.2364 0.05652 0.05652
BinVal : 1 3 0.5 0.0822 0.0822
BinVal : 1 4 0.7667 0.04423 0.04423
BinVal : 1 5 0.8481 0.02862 0.02862
BinVal : 1 6 0.9306 0.01977 0.01977
BinVal : 1 7 0.9182 0.02683 0.02683
BinVal : 1 8 0.9521 0.01852 0.01852
BinVal : 1 9 1 0.05546 0.05546
BinVal : 1 10 1 0.2357 0.2357
BinVal : 1 11 1 0.2357 0.2357
BinVal : 1 12 1 0.2357 0.2357
BinVal : 2 0 0 0 0
BinVal : 2 1 0 0 0
BinVal : 2 2 0.2278 0.04679 0.04679
BinVal : 2 3 0.4889 0.07215 0.07215
BinVal : 2 4 0.7008 0.04028 0.04028
BinVal : 2 5 0.827 0.02457 0.02457
BinVal : 2 6 0.8964 0.01744 0.01744
BinVal : 2 7 0.8889 0.02068 0.02068
BinVal : 2 8 0.9299 0.01427 0.01427
BinVal : 2 9 1 0.03331 0.03331
BinVal : 2 10 1 0.1409 0.1409
BinVal : 2 11 1 0.2357 0.2357
BinVal : 2 12 1 0.2357 0.2357
BinVal : 3 0 0 0 0
BinVal : 3 1 0 0 0
BinVal : 3 2 0.1837 0.03904 0.03904
BinVal : 3 3 0.5455 0.0654 0.0654
BinVal : 3 4 0.6178 0.03844 0.03844
BinVal : 3 5 0.809 0.02314 0.02314
BinVal : 3 6 0.8537 0.01825 0.01825
BinVal : 3 7 0.8527 0.01744 0.01744
BinVal : 3 8 0.9087 0.01262 0.01262
BinVal : 3 9 1 0.02083 0.02083
BinVal : 3 10 1 0.07666 0.07666
BinVal : 3 11 1 0.2357 0.2357
BinVal : 3 12 1 0.2357 0.2357
BinVal : 4 0 0 0 0
BinVal : 4 1 0 0 0
BinVal : 4 2 0.1727 0.03603 0.03603
BinVal : 4 3 0.5366 0.05409 0.05409
BinVal : 4 4 0.6726 0.03125 0.03125
BinVal : 4 5 0.8276 0.01875 0.01875
BinVal : 4 6 0.8385 0.01577 0.01577
BinVal : 4 7 0.8301 0.0145 0.0145
BinVal : 4 8 0.9139 0.009061 0.009061
BinVal : 4 9 0.9917 0.01145 0.01145
BinVal : 4 10 1 0.04756 0.04756
BinVal : 4 11 1 0.1633 0.1633
BinVal : 4 12 1 0.1936 0.1936
BinVal : 5 0 0 0 0
BinVal : 5 1 0 0 0
BinVal : 5 2 0.2621 0.04295 0.04295
BinVal : 5 3 0.602 0.04875 0.04875
BinVal : 5 4 0.7283 0.0278 0.0278
BinVal : 5 5 0.8785 0.01364 0.01364
BinVal : 5 6 0.8836 0.01107 0.01107
BinVal : 5 7 0.8864 0.01007 0.01007
BinVal : 5 8 0.9495 0.005331 0.005331
BinVal : 5 9 0.9909 0.007766 0.007766
BinVal : 5 10 1 0.02856 0.02856
BinVal : 5 11 1 0.1102 0.1102
BinVal : 5 12 1 0.07666 0.07666
BinVal : 6 0 0 0 0
BinVal : 6 1 0 0 0
BinVal : 6 2 0.3478 0.06832 0.06832
BinVal : 6 3 0.7 0.0634 0.0634
BinVal : 6 4 0.7442 0.03816 0.03816
BinVal : 6 5 0.9128 0.01533 0.01533
BinVal : 6 6 0.9157 0.01237 0.01237
BinVal : 6 7 0.9311 0.01046 0.01046
BinVal : 6 8 0.9672 0.00552 0.00552
BinVal : 6 9 0.9924 0.01044 0.01044
BinVal : 6 10 1 0.04163 0.04163
BinVal : 6 11 1 0.1633 0.1633
BinVal : 6 12 1 0.08299 0.08299
BinVal : 7 0 0 0 0
BinVal : 7 1 0 0 0
BinVal : 7 2 0 0 0
BinVal : 7 3 0 0 0
BinVal : 7 4 0 0 0
BinVal : 7 5 0 0 0
BinVal : 7 6 0 0 0
BinVal : 7 7 0 0 0
BinVal : 7 8 0 0 0
BinVal : 7 9 0 0 0
BinVal : 7 10 0 0 0
BinVal : 7 11 0 0 0
BinVal : 7 12 0 0 0
BinVal : 8 0 0 0 0
BinVal : 8 1 0 0 0
BinVal : 8 2 0 0 0
BinVal : 8 3 0 0 0
BinVal : 8 4 0 0 0
BinVal : 8 5 0 0 0
BinVal : 8 6 0 0 0
BinVal : 8 7 0 0 0
BinVal : 8 8 0 0 0
BinVal : 8 9 0 0 0
BinVal : 8 10 0 0 0
BinVal : 8 11 0 0 0
BinVal : 8 12 0 0 0
BinVal : 9 0 0 0 0
BinVal : 9 1 0 0 0
BinVal : 9 2 0.2716 0.04883 0.04883
BinVal : 9 3 0.6349 0.0594 0.0594
BinVal : 9 4 0.8451 0.03042 0.03042
BinVal : 9 5 0.9744 0.007916 0.007916
BinVal : 9 6 0.9849 0.003994 0.003994
BinVal : 9 7 0.9858 0.002864 0.002864
BinVal : 9 8 0.9929 0.001407 0.001407
BinVal : 9 9 1 0.00161 0.00161
BinVal : 9 10 1 0.009434 0.009434
BinVal : 9 11 1 0.0238 0.0238
BinVal : 9 12 1 0.04993 0.04993
BinVal : 10 0 0 0 0
BinVal : 10 1 0 0 0
BinVal : 10 2 0.3736 0.04997 0.04997
BinVal : 10 3 0.7313 0.05339 0.05339
BinVal : 10 4 0.8671 0.02593 0.02593
BinVal : 10 5 0.9673 0.008226 0.008226
BinVal : 10 6 0.9847 0.003904 0.003904
BinVal : 10 7 0.9896 0.0023 0.0023
BinVal : 10 8 0.9938 0.00118 0.00118
BinVal : 10 9 1 0.001335 0.001335
BinVal : 10 10 1 0.007633 0.007633
BinVal : 10 11 1 0.01886 0.01886
BinVal : 10 12 1 0.02631 0.02631
BinVal : 11 0 0 0 0
BinVal : 11 1 0 0 0
BinVal : 11 2 0.3765 0.05172 0.05172
BinVal : 11 3 0.8852 0.04162 0.04162
BinVal : 11 4 0.9076 0.02162 0.02162
BinVal : 11 5 0.9737 0.00713 0.00713
BinVal : 11 6 0.9826 0.004287 0.004287
BinVal : 11 7 0.9928 0.00192 0.00192
BinVal : 11 8 0.9959 0.0009396 0.0009396
BinVal : 11 9 1 0.001339 0.001339
BinVal : 11 10 1 0.006711 0.006711
BinVal : 11 11 1 0.01695 0.01695
BinVal : 11 12 1 0.01886 0.01886
BinVal : 12 0 0 0 0
BinVal : 12 1 0 0 0
BinVal : 12 2 0.4 0.0574 0.0574
BinVal : 12 3 0.7692 0.05765 0.05765
BinVal : 12 4 0.9209 0.02065 0.02065
BinVal : 12 5 0.9817 0.005975 0.005975
BinVal : 12 6 0.9863 0.003742 0.003742
BinVal : 12 7 0.9923 0.002036 0.002036
BinVal : 12 8 0.9941 0.001083 0.001083
BinVal : 12 9 1 0.001294 0.001294
BinVal : 12 10 1 0.006329 0.006329
BinVal : 12 11 1 0.01515 0.01515
BinVal : 12 12 1 0.01818 0.01818
BinVal : 13 0 0 0 0
BinVal : 13 1 0 0 0
BinVal : 13 2 0.4833 0.06296 0.06296
BinVal : 13 3 0.7959 0.05704 0.05704
BinVal : 13 4 0.931 0.01966 0.01966
BinVal : 13 5 0.9768 0.006557 0.006557
BinVal : 13 6 0.9889 0.003305 0.003305
BinVal : 13 7 0.9922 0.002158 0.002158
BinVal : 13 8 0.9938 0.001095 0.001095
BinVal : 13 9 1 0.001239 0.001239
BinVal : 13 10 1 0.00641 0.00641
BinVal : 13 11 1 0.01428 0.01428
BinVal : 13 12 1 0.02173 0.02173
BinVal : 14 0 0 0 0
BinVal : 14 1 0 0 0
BinVal : 14 2 0.434 0.06627 0.06627
BinVal : 14 3 0.8596 0.04642 0.04642
BinVal : 14 4 0.9357 0.01926 0.01926
BinVal : 14 5 0.9764 0.006432 0.006432
BinVal : 14 6 0.9919 0.002827 0.002827
BinVal : 14 7 0.9906 0.002324 0.002324
BinVal : 14 8 0.9963 0.0008526 0.0008526
BinVal : 14 9 1 0.001159 0.001159
BinVal : 14 10 1 0.006211 0.006211
BinVal : 14 11 1 0.01613 0.01613
BinVal : 14 12 1 0.01852 0.01852
BinVal : 15 0 0 0 0
BinVal : 15 1 0 0 0
BinVal : 15 2 0.3582 0.05745 0.05745
BinVal : 15 3 0.7812 0.0512 0.0512
BinVal : 15 4 0.913 0.02107 0.02107
BinVal : 15 5 0.9773 0.006185 0.006185
BinVal : 15 6 0.9919 0.002825 0.002825
BinVal : 15 7 0.9908 0.002208 0.002208
BinVal : 15 8 0.9947 0.001024 0.001024
BinVal : 15 9 1 0.001161 0.001161
BinVal : 15 10 1 0.006451 0.006451
BinVal : 15 11 1 0.01754 0.01754
BinVal : 15 12 1 0.0204 0.0204
BinVal : 16 0 0 0 0
BinVal : 16 1 0 0 0
BinVal : 16 2 0.303 0.05562 0.05562
BinVal : 16 3 0.7 0.05808 0.05808
BinVal : 16 4 0.8783 0.02392 0.02392
BinVal : 16 5 0.9789 0.006226 0.006226
BinVal : 16 6 0.9889 0.003175 0.003175
BinVal : 16 7 0.9914 0.002071 0.002071
BinVal : 16 8 0.9934 0.001156 0.001156
BinVal : 16 9 1 0.001205 0.001205
BinVal : 16 10 1 0.006536 0.006536
BinVal : 16 11 1 0.0147 0.0147
BinVal : 16 12 1 0.02856 0.02856
BinVal : 17 0 0 0 0
BinVal : 17 1 0 0 0
BinVal : 17 2 0.3137 0.06352 0.06352
BinVal : 17 3 0.6667 0.05825 0.05825
BinVal : 17 4 0.8392 0.03076 0.03076
BinVal : 17 5 0.9805 0.006749 0.006749
BinVal : 17 6 0.9879 0.003307 0.003307
BinVal : 17 7 0.9921 0.001956 0.001956
BinVal : 17 8 0.9943 0.001116 0.001116
BinVal : 17 9 1 0.001215 0.001215
BinVal : 17 10 0.9934 0.009153 0.009153
BinVal : 17 11 1 0.01587 0.01587
BinVal : 17 12 1 0.02499 0.02499
BinVal : 18 0 0 0 0
BinVal : 18 1 0 0 0
BinVal : 18 2 0.303 0.05562 0.05562
BinVal : 18 3 0.7069 0.05867 0.05867
BinVal : 18 4 0.8333 0.03404 0.03404
BinVal : 18 5 0.9791 0.00771 0.00771
BinVal : 18 6 0.9854 0.003848 0.003848
BinVal : 18 7 0.9924 0.0021 0.0021
BinVal : 18 8 0.9942 0.00125 0.00125
BinVal : 18 9 0.9985 0.002097 0.002097
BinVal : 18 10 0.9911 0.01224 0.01224
BinVal : 18 11 1 0.0238 0.0238
BinVal : 18 12 1 0.02499 0.02499
BinVal : 19 0 0 0 0
BinVal : 19 1 0 0 0
BinVal : 19 2 0.2632 0.06973 0.06973
BinVal : 19 3 0.6957 0.09148 0.09148
BinVal : 19 4 0.8226 0.04841 0.04841
BinVal : 19 5 0.9774 0.01228 0.01228
BinVal : 19 6 0.9828 0.006342 0.006342
BinVal : 19 7 0.9906 0.003774 0.003774
BinVal : 19 8 0.9935 0.002142 0.002142
BinVal : 19 9 0.9963 0.005115 0.005115
BinVal : 19 10 1 0.02272 0.02272
BinVal : 19 11 1 0.05871 0.05871
BinVal : 19 12 1 0.05255 0.05255
BinVal : 20 0 0 0 0
BinVal : 20 1 0 0 0
BinVal : 20 2 0 0 0
BinVal : 20 3 0 0 0
BinVal : 20 4 0 0 0
BinVal : 20 5 0 0 0
BinVal : 20 6 0 0 0
BinVal : 20 7 0 0 0
BinVal : 20 8 0 0 0
BinVal : 20 9 0 0 0
BinVal : 20 10 0 0 0
BinVal : 20 11 0 0 0
BinVal : 20 12 0 0 0
BinVal : 21 0 0 0 0
BinVal : 21 1 0 0 0
BinVal : 21 2 0 0 0
BinVal : 21 3 0 0 0
BinVal : 21 4 0 0 0
BinVal : 21 5 0 0 0
BinVal : 21 6 0 0 0
BinVal : 21 7 0 0 0
BinVal : 21 8 0 0 0
BinVal : 21 9 0 0 0
BinVal : 21 10 0 0 0
BinVal : 21 11 0 0 0
BinVal : 21 12 0 0 0
BinVal : 22 0 0 0 0
BinVal : 22 1 0 0 0
BinVal : 22 2 0.1963 0.03827 0.03827
BinVal : 22 3 0.5657 0.0491 0.0491
BinVal : 22 4 0.7804 0.02586 0.02586
BinVal : 22 5 0.8629 0.01383 0.01383
BinVal : 22 6 0.8919 0.01067 0.01067
BinVal : 22 7 0.8998 0.00943 0.00943
BinVal : 22 8 0.9372 0.005815 0.005815
BinVal : 22 9 0.9953 0.006593 0.006593
BinVal : 22 10 1 0.02127 0.02127
BinVal : 22 11 1 0.09045 0.09045
BinVal : 22 12 1 0.09045 0.09045
BinVal : 23 0 0 0 0
BinVal : 23 1 0 0 0
BinVal : 23 2 0.09474 0.03072 0.03072
BinVal : 23 3 0.519 0.05518 0.05518
BinVal : 23 4 0.7317 0.0308 0.0308
BinVal : 23 5 0.7888 0.01933 0.01933
BinVal : 23 6 0.8218 0.01533 0.01533
BinVal : 23 7 0.8245 0.01479 0.01479
BinVal : 23 8 0.8998 0.009524 0.009524
BinVal : 23 9 0.9918 0.01127 0.01127
BinVal : 23 10 1 0.04163 0.04163
BinVal : 23 11 1 0.1633 0.1633
BinVal : 23 12 1 0.1633 0.1633
BinVal : 24 0 0 0 0
BinVal : 24 1 0 0 0
BinVal : 24 2 0.1074 0.02852 0.02852
BinVal : 24 3 0.5062 0.05455 0.05455
BinVal : 24 4 0.7285 0.03596 0.03596
BinVal : 24 5 0.8245 0.0213 0.0213
BinVal : 24 6 0.8397 0.01744 0.01744
BinVal : 24 7 0.8552 0.01676 0.01676
BinVal : 24 8 0.9173 0.01162 0.01162
BinVal : 24 9 1 0.01695 0.01695
BinVal : 24 10 1 0.1102 0.1102
BinVal : 24 11 1 0.2357 0.2357
BinVal : 24 12 1 0.2357 0.2357
BinVal : 25 0 0 0 0
BinVal : 25 1 0 0 0
BinVal : 25 2 0.1269 0.02895 0.02895
BinVal : 25 3 0.5079 0.06154 0.06154
BinVal : 25 4 0.6476 0.04605 0.04605
BinVal : 25 5 0.8746 0.01935 0.01935
BinVal : 25 6 0.8889 0.0173 0.0173
BinVal : 25 7 0.9155 0.01667 0.01667
BinVal : 25 8 0.9343 0.01342 0.01342
BinVal : 25 9 1 0.02127 0.02127
BinVal : 25 10 1 0.2357 0.2357
BinVal : 25 11 1 0.2357 0.2357
BinVal : 25 12 1 0.2357 0.2357
BinVal : 26 0 0 0 0
BinVal : 26 1 0 0 0
BinVal : 26 2 0.1558 0.04145 0.04145
BinVal : 26 3 0.5 0.08006 0.08006
BinVal : 26 4 0.6711 0.05304 0.05304
BinVal : 26 5 0.8905 0.02171 0.02171
BinVal : 26 6 0.9231 0.01941 0.01941
BinVal : 26 7 0.9104 0.02512 0.02512
BinVal : 26 8 0.9302 0.01988 0.01988
BinVal : 26 9 1 0.03029 0.03029
BinVal : 26 10 1 0.2357 0.2357
BinVal : 26 11 1 0.2357 0.2357
BinVal : 26 12 1 0.2357 0.2357
BinVal : 27 0 0 0 0
BinVal : 27 1 0 0 0
BinVal : 27 2 0.2 0.07857 0.07857
BinVal : 27 3 0.4286 0.1203 0.1203
BinVal : 27 4 0.75 0.07942 0.07942
BinVal : 27 5 0.8226 0.04841 0.04841
BinVal : 27 6 0.8889 0.04817 0.04817
BinVal : 27 7 0.9048 0.06875 0.06875
BinVal : 27 8 0.9 0.05757 0.05757
BinVal : 27 9 1 0.1409 0.1409
BinVal : 27 10 1 0.2357 0.2357
BinVal : 27 11 1 0.2357 0.2357
BinVal : 27 12 1 0.2357 0.2357
BinVal : 28 0 0 0 0
BinVal : 28 1 0 0 0
BinVal : 28 2 0 0 0
BinVal : 28 3 0 0 0
BinVal : 28 4 1 0.1936 0.1936
BinVal : 28 5 0.4286 0.1571 0.1571
BinVal : 28 6 0.5 0.2236 0.2236
BinVal : 28 7 0.5 0.2236 0.2236
BinVal : 28 8 1 0.2357 0.2357
BinVal : 28 9 1 0.2357 0.2357
BinVal : 28 10 1 0.2357 0.2357
BinVal : 28 11 1 0.2357 0.2357
BinVal : 28 12 1 0.2357 0.2357
