D0NoteID : 0
EffName : EJETS_GROUP1_v155
EffType : Binned
EffVarNames : DetEta pT
EffVersion : 6
ObjQuality : MLoose2
ObjType : Electron
ObjVersion : 11
BinEdgesX : -3.2 -2.8 -2.5 -2.3 -2.1 -1.9 -1.7 -1.5 -1.3 -1.1 -0.9 -0.7 -0.5 -0.3 -0.1 0.1 0.3 0.5 0.7 0.9 1.1 1.3 1.5 1.7 1.9 2.1 2.3 2.5 2.8 3.2
BinEdgesY : 0 10 15 20 22 25 30 35 40 50 60 70 80 1000
BinVal : 0 0 0 0 0
BinVal : 0 1 0 0 0
BinVal : 0 2 0.1224 0.02139 0.02139
BinVal : 0 3 0.3871 0.04326 0.04326
BinVal : 0 4 0.6312 0.0296 0.0296
BinVal : 0 5 0.7524 0.01903 0.01903
BinVal : 0 6 0.8959 0.01458 0.01458
BinVal : 0 7 0.7912 0.02571 0.02571
BinVal : 0 8 0.9011 0.01855 0.01855
BinVal : 0 9 1 0.07122 0.07122
BinVal : 0 10 1 0.1936 0.1936
BinVal : 0 11 1 0.1936 0.1936
BinVal : 0 12 1 0.1936 0.1936
BinVal : 1 0 0 0 0
BinVal : 1 1 0 0 0
BinVal : 1 2 0.1533 0.02179 0.02179
BinVal : 1 3 0.4353 0.0377 0.0377
BinVal : 1 4 0.7233 0.02335 0.02335
BinVal : 1 5 0.8102 0.01418 0.01418
BinVal : 1 6 0.9174 0.00985 0.00985
BinVal : 1 7 0.9009 0.01394 0.01394
BinVal : 1 8 0.9302 0.01045 0.01045
BinVal : 1 9 1 0.02083 0.02083
BinVal : 1 10 1 0.09938 0.09938
BinVal : 1 11 1 0.09938 0.09938
BinVal : 1 12 1 0.2357 0.2357
BinVal : 2 0 0 0 0
BinVal : 2 1 0 0 0
BinVal : 2 2 0.153 0.02202 0.02202
BinVal : 2 3 0.4606 0.03846 0.03846
BinVal : 2 4 0.7021 0.02352 0.02352
BinVal : 2 5 0.8055 0.01397 0.01397
BinVal : 2 6 0.8862 0.01014 0.01014
BinVal : 2 7 0.9073 0.01082 0.01082
BinVal : 2 8 0.9273 0.008585 0.008585
BinVal : 2 9 0.9744 0.02111 0.02111
BinVal : 2 10 1 0.05871 0.05871
BinVal : 2 11 1 0.1633 0.1633
BinVal : 2 12 1 0.1936 0.1936
BinVal : 3 0 0 0 0
BinVal : 3 1 0 0 0
BinVal : 3 2 0.1297 0.01969 0.01969
BinVal : 3 3 0.5138 0.03685 0.03685
BinVal : 3 4 0.6574 0.02277 0.02277
BinVal : 3 5 0.8034 0.0138 0.0138
BinVal : 3 6 0.8296 0.01123 0.01123
BinVal : 3 7 0.8751 0.009955 0.009955
BinVal : 3 8 0.9148 0.007546 0.007546
BinVal : 3 9 0.9848 0.01273 0.01273
BinVal : 3 10 1 0.03701 0.03701
BinVal : 3 11 1 0.1237 0.1237
BinVal : 3 12 1 0.1409 0.1409
BinVal : 4 0 0 0 0
BinVal : 4 1 0 0 0
BinVal : 4 2 0.1385 0.02147 0.02147
BinVal : 4 3 0.5052 0.03562 0.03562
BinVal : 4 4 0.6894 0.021 0.021
BinVal : 4 5 0.822 0.01227 0.01227
BinVal : 4 6 0.8178 0.01075 0.01075
BinVal : 4 7 0.8571 0.009045 0.009045
BinVal : 4 8 0.9169 0.006132 0.006132
BinVal : 4 9 0.9959 0.00576 0.00576
BinVal : 4 10 1 0.02563 0.02563
BinVal : 4 11 1 0.08299 0.08299
BinVal : 4 12 1 0.1409 0.1409
BinVal : 5 0 0 0 0
BinVal : 5 1 0 0 0
BinVal : 5 2 0.224 0.02999 0.02999
BinVal : 5 3 0.5588 0.03776 0.03776
BinVal : 5 4 0.7181 0.02123 0.02123
BinVal : 5 5 0.8586 0.01074 0.01074
BinVal : 5 6 0.8707 0.00878 0.00878
BinVal : 5 7 0.8837 0.007698 0.007698
BinVal : 5 8 0.9396 0.004537 0.004537
BinVal : 5 9 0.9853 0.007109 0.007109
BinVal : 5 10 1 0.01886 0.01886
BinVal : 5 11 1 0.05871 0.05871
BinVal : 5 12 1 0.07122 0.07122
BinVal : 6 0 0 0 0
BinVal : 6 1 0 0 0
BinVal : 6 2 0.2949 0.05092 0.05092
BinVal : 6 3 0.6538 0.053 0.053
BinVal : 6 4 0.7196 0.03056 0.03056
BinVal : 6 5 0.8975 0.01326 0.01326
BinVal : 6 6 0.9068 0.01064 0.01064
BinVal : 6 7 0.9145 0.009343 0.009343
BinVal : 6 8 0.9572 0.005145 0.005145
BinVal : 6 9 0.9785 0.0117 0.0117
BinVal : 6 10 1 0.03123 0.03123
BinVal : 6 11 1 0.09938 0.09938
BinVal : 6 12 1 0.07666 0.07666
BinVal : 7 0 0 0 0
BinVal : 7 1 0 0 0
BinVal : 7 2 0 0 0
BinVal : 7 3 0 0 0
BinVal : 7 4 0 0 0
BinVal : 7 5 0 0 0
BinVal : 7 6 0 0 0
BinVal : 7 7 0 0 0
BinVal : 7 8 0 0 0
BinVal : 7 9 0 0 0
BinVal : 7 10 0 0 0
BinVal : 7 11 0 0 0
BinVal : 7 12 0 0 0
BinVal : 8 0 0 0 0
BinVal : 8 1 0 0 0
BinVal : 8 2 0 0 0
BinVal : 8 3 0 0 0
BinVal : 8 4 0 0 0
BinVal : 8 5 0 0 0
BinVal : 8 6 0 0 0
BinVal : 8 7 0 0 0
BinVal : 8 8 0 0 0
BinVal : 8 9 0 0 0
BinVal : 8 10 0 0 0
BinVal : 8 11 0 0 0
BinVal : 8 12 0 0 0
BinVal : 9 0 0 0 0
BinVal : 9 1 0 0 0
BinVal : 9 2 0.2143 0.04448 0.04448
BinVal : 9 3 0.5286 0.05843 0.05843
BinVal : 9 4 0.8095 0.03025 0.03025
BinVal : 9 5 0.9601 0.009149 0.009149
BinVal : 9 6 0.9795 0.004317 0.004317
BinVal : 9 7 0.9796 0.003228 0.003228
BinVal : 9 8 0.9907 0.001503 0.001503
BinVal : 9 9 0.9972 0.002446 0.002446
BinVal : 9 10 1 0.00862 0.00862
BinVal : 9 11 1 0.02173 0.02173
BinVal : 9 12 1 0.04163 0.04163
BinVal : 10 0 0 0 0
BinVal : 10 1 0 0 0
BinVal : 10 2 0.3438 0.04784 0.04784
BinVal : 10 3 0.6429 0.05622 0.05622
BinVal : 10 4 0.8458 0.02551 0.02551
BinVal : 10 5 0.9608 0.00853 0.00853
BinVal : 10 6 0.9734 0.00477 0.00477
BinVal : 10 7 0.9827 0.002777 0.002777
BinVal : 10 8 0.9926 0.001211 0.001211
BinVal : 10 9 0.9976 0.002047 0.002047
BinVal : 10 10 1 0.006451 0.006451
BinVal : 10 11 1 0.01666 0.01666
BinVal : 10 12 1 0.0238 0.0238
BinVal : 11 0 0 0 0
BinVal : 11 1 0 0 0
BinVal : 11 2 0.382 0.05072 0.05072
BinVal : 11 3 0.8254 0.04776 0.04776
BinVal : 11 4 0.899 0.02108 0.02108
BinVal : 11 5 0.9743 0.006738 0.006738
BinVal : 11 6 0.9769 0.004653 0.004653
BinVal : 11 7 0.9844 0.002604 0.002604
BinVal : 11 8 0.9948 0.0009937 0.0009937
BinVal : 11 9 1 0.001195 0.001195
BinVal : 11 10 1 0.005555 0.005555
BinVal : 11 11 1 0.01538 0.01538
BinVal : 11 12 1 0.01613 0.01613
BinVal : 12 0 0 0 0
BinVal : 12 1 0 0 0
BinVal : 12 2 0.4321 0.05407 0.05407
BinVal : 12 3 0.7857 0.05429 0.05429
BinVal : 12 4 0.9053 0.02149 0.02149
BinVal : 12 5 0.9836 0.005366 0.005366
BinVal : 12 6 0.9823 0.004002 0.004002
BinVal : 12 7 0.9861 0.002554 0.002554
BinVal : 12 8 0.9922 0.001181 0.001181
BinVal : 12 9 1 0.001149 0.001149
BinVal : 12 10 1 0.005618 0.005618
BinVal : 12 11 1 0.01428 0.01428
BinVal : 12 12 1 0.01639 0.01639
BinVal : 13 0 0 0 0
BinVal : 13 1 0 0 0
BinVal : 13 2 0.4737 0.05618 0.05618
BinVal : 13 3 0.8448 0.04772 0.04772
BinVal : 13 4 0.9206 0.01999 0.01999
BinVal : 13 5 0.9751 0.006312 0.006312
BinVal : 13 6 0.9816 0.003956 0.003956
BinVal : 13 7 0.9903 0.002261 0.002261
BinVal : 13 8 0.9929 0.00111 0.00111
BinVal : 13 9 1 0.001105 0.001105
BinVal : 13 10 1 0.005917 0.005917
BinVal : 13 11 1 0.01316 0.01316
BinVal : 13 12 1 0.0204 0.0204
BinVal : 14 0 0 0 0
BinVal : 14 1 0 0 0
BinVal : 14 2 0.4098 0.06154 0.06154
BinVal : 14 3 0.8451 0.04308 0.04308
BinVal : 14 4 0.9235 0.01932 0.01932
BinVal : 14 5 0.9782 0.005734 0.005734
BinVal : 14 6 0.982 0.003889 0.003889
BinVal : 14 7 0.9866 0.002597 0.002597
BinVal : 14 8 0.9932 0.001079 0.001079
BinVal : 14 9 0.9979 0.00181 0.00181
BinVal : 14 10 1 0.005376 0.005376
BinVal : 14 11 1 0.0147 0.0147
BinVal : 14 12 1 0.01785 0.01785
BinVal : 15 0 0 0 0
BinVal : 15 1 0 0 0
BinVal : 15 2 0.3231 0.05695 0.05695
BinVal : 15 3 0.7838 0.04749 0.04749
BinVal : 15 4 0.8966 0.02156 0.02156
BinVal : 15 5 0.977 0.00583 0.00583
BinVal : 15 6 0.9861 0.003425 0.003425
BinVal : 15 7 0.9835 0.002756 0.002756
BinVal : 15 8 0.9912 0.001235 0.001235
BinVal : 15 9 0.9979 0.001793 0.001793
BinVal : 15 10 1 0.00565 0.00565
BinVal : 15 11 1 0.01639 0.01639
BinVal : 15 12 1 0.01923 0.01923
BinVal : 16 0 0 0 0
BinVal : 16 1 0 0 0
BinVal : 16 2 0.2899 0.05379 0.05379
BinVal : 16 3 0.7164 0.05423 0.05423
BinVal : 16 4 0.8571 0.02506 0.02506
BinVal : 16 5 0.9761 0.006263 0.006263
BinVal : 16 6 0.9846 0.0035 0.0035
BinVal : 16 7 0.9871 0.00238 0.00238
BinVal : 16 8 0.9915 0.001239 0.001239
BinVal : 16 9 0.9978 0.001862 0.001862
BinVal : 16 10 1 0.006024 0.006024
BinVal : 16 11 1 0.01316 0.01316
BinVal : 16 12 1 0.02499 0.02499
BinVal : 17 0 0 0 0
BinVal : 17 1 0 0 0
BinVal : 17 2 0.3385 0.05758 0.05758
BinVal : 17 3 0.6087 0.0576 0.0576
BinVal : 17 4 0.8113 0.03098 0.03098
BinVal : 17 5 0.9747 0.007159 0.007159
BinVal : 17 6 0.9769 0.004223 0.004223
BinVal : 17 7 0.9905 0.002009 0.002009
BinVal : 17 8 0.9923 0.001214 0.001214
BinVal : 17 9 0.9978 0.001908 0.001908
BinVal : 17 10 0.9937 0.008649 0.008649
BinVal : 17 11 1 0.01316 0.01316
BinVal : 17 12 1 0.02173 0.02173
BinVal : 18 0 0 0 0
BinVal : 18 1 0 0 0
BinVal : 18 2 0.2987 0.05142 0.05142
BinVal : 18 3 0.6094 0.05969 0.05969
BinVal : 18 4 0.7877 0.03372 0.03372
BinVal : 18 5 0.9703 0.008358 0.008358
BinVal : 18 6 0.9695 0.005128 0.005128
BinVal : 18 7 0.987 0.002533 0.002533
BinVal : 18 8 0.991 0.001452 0.001452
BinVal : 18 9 0.9987 0.001877 0.001877
BinVal : 18 10 0.9925 0.01028 0.01028
BinVal : 18 11 1 0.01852 0.01852
BinVal : 18 12 1 0.02272 0.02272
BinVal : 19 0 0 0 0
BinVal : 19 1 0 0 0
BinVal : 19 2 0.225 0.06495 0.06495
BinVal : 19 3 0.6071 0.08799 0.08799
BinVal : 19 4 0.7671 0.04899 0.04899
BinVal : 19 5 0.9757 0.01158 0.01158
BinVal : 19 6 0.9688 0.00788 0.00788
BinVal : 19 7 0.9796 0.005011 0.005011
BinVal : 19 8 0.9881 0.00263 0.00263
BinVal : 19 9 0.9968 0.004525 0.004525
BinVal : 19 10 1 0.01613 0.01613
BinVal : 19 11 1 0.04756 0.04756
BinVal : 19 12 1 0.05255 0.05255
BinVal : 20 0 0 0 0
BinVal : 20 1 0 0 0
BinVal : 20 2 0 0 0
BinVal : 20 3 0 0 0
BinVal : 20 4 0 0 0
BinVal : 20 5 0 0 0
BinVal : 20 6 0 0 0
BinVal : 20 7 0 0 0
BinVal : 20 8 0 0 0
BinVal : 20 9 0 0 0
BinVal : 20 10 0 0 0
BinVal : 20 11 0 0 0
BinVal : 20 12 0 0 0
BinVal : 21 0 0 0 0
BinVal : 21 1 0 0 0
BinVal : 21 2 0 0 0
BinVal : 21 3 0 0 0
BinVal : 21 4 0 0 0
BinVal : 21 5 0 0 0
BinVal : 21 6 0 0 0
BinVal : 21 7 0 0 0
BinVal : 21 8 0 0 0
BinVal : 21 9 0 0 0
BinVal : 21 10 0 0 0
BinVal : 21 11 0 0 0
BinVal : 21 12 0 0 0
BinVal : 22 0 0 0 0
BinVal : 22 1 0 0 0
BinVal : 22 2 0.2108 0.02849 0.02849
BinVal : 22 3 0.565 0.03696 0.03696
BinVal : 22 4 0.7378 0.02069 0.02069
BinVal : 22 5 0.849 0.01121 0.01121
BinVal : 22 6 0.8788 0.008648 0.008648
BinVal : 22 7 0.8971 0.007378 0.007378
BinVal : 22 8 0.9279 0.00493 0.00493
BinVal : 22 9 0.9942 0.004949 0.004949
BinVal : 22 10 1 0.01428 0.01428
BinVal : 22 11 0.9474 0.06258 0.06258
BinVal : 22 12 1 0.06236 0.06236
BinVal : 23 0 0 0 0
BinVal : 23 1 0 0 0
BinVal : 23 2 0.1172 0.02091 0.02091
BinVal : 23 3 0.4333 0.03396 0.03396
BinVal : 23 4 0.6727 0.02223 0.02223
BinVal : 23 5 0.7867 0.01299 0.01299
BinVal : 23 6 0.8338 0.01021 0.01021
BinVal : 23 7 0.8441 0.009634 0.009634
BinVal : 23 8 0.899 0.006648 0.006648
BinVal : 23 9 0.9922 0.00661 0.00661
BinVal : 23 10 1 0.01923 0.01923
BinVal : 23 11 1 0.08299 0.08299
BinVal : 23 12 1 0.1102 0.1102
BinVal : 24 0 0 0 0
BinVal : 24 1 0 0 0
BinVal : 24 2 0.1167 0.01862 0.01862
BinVal : 24 3 0.4206 0.03352 0.03352
BinVal : 24 4 0.6615 0.02398 0.02398
BinVal : 24 5 0.7998 0.01353 0.01353
BinVal : 24 6 0.8435 0.01074 0.01074
BinVal : 24 7 0.8703 0.01024 0.01024
BinVal : 24 8 0.9108 0.007482 0.007482
BinVal : 24 9 0.9937 0.008756 0.008756
BinVal : 24 10 1 0.03997 0.03997
BinVal : 24 11 1 0.1409 0.1409
BinVal : 24 12 1 0.1633 0.1633
BinVal : 25 0 0 0 0
BinVal : 25 1 0 0 0
BinVal : 25 2 0.1365 0.01874 0.01874
BinVal : 25 3 0.4611 0.03823 0.03823
BinVal : 25 4 0.639 0.02475 0.02475
BinVal : 25 5 0.848 0.01238 0.01238
BinVal : 25 6 0.8889 0.01029 0.01029
BinVal : 25 7 0.9034 0.01086 0.01086
BinVal : 25 8 0.9117 0.009281 0.009281
BinVal : 25 9 0.9919 0.01118 0.01118
BinVal : 25 10 1 0.1237 0.1237
BinVal : 25 11 1 0.1936 0.1936
BinVal : 25 12 1 0.1936 0.1936
BinVal : 26 0 0 0 0
BinVal : 26 1 0 0 0
BinVal : 26 2 0.1594 0.01972 0.01972
BinVal : 26 3 0.3964 0.03732 0.03732
BinVal : 26 4 0.6402 0.02383 0.02383
BinVal : 26 5 0.8211 0.01319 0.01319
BinVal : 26 6 0.8961 0.01116 0.01116
BinVal : 26 7 0.8758 0.01504 0.01504
BinVal : 26 8 0.9013 0.01204 0.01204
BinVal : 26 9 1 0.01234 0.01234
BinVal : 26 10 1 0.1409 0.1409
BinVal : 26 11 1 0.1409 0.1409
BinVal : 26 12 1 0.1409 0.1409
BinVal : 27 0 0 0 0
BinVal : 27 1 0 0 0
BinVal : 27 2 0.146 0.02137 0.02137
BinVal : 27 3 0.3197 0.03815 0.03815
BinVal : 27 4 0.5473 0.02879 0.02879
BinVal : 27 5 0.7209 0.01853 0.01853
BinVal : 27 6 0.8458 0.01774 0.01774
BinVal : 27 7 0.7631 0.02687 0.02687
BinVal : 27 8 0.901 0.01727 0.01727
BinVal : 27 9 1 0.04993 0.04993
BinVal : 27 10 1 0.1633 0.1633
BinVal : 27 11 1 0.1633 0.1633
BinVal : 27 12 1 0.1633 0.1633
BinVal : 28 0 0 0 0
BinVal : 28 1 0 0 0
BinVal : 28 2 0.08235 0.0308 0.0308
BinVal : 28 3 0.2041 0.05704 0.05704
BinVal : 28 4 0.3483 0.04978 0.04978
BinVal : 28 5 0.6047 0.03698 0.03698
BinVal : 28 6 0.7791 0.04442 0.04442
BinVal : 28 7 0.5714 0.05795 0.05795
BinVal : 28 8 0.8868 0.04454 0.04454
BinVal : 28 9 0.8868 0.04454 0.04454
BinVal : 28 10 0.8868 0.04454 0.04454
BinVal : 28 11 0.8868 0.04454 0.04454
BinVal : 28 12 0.8868 0.04454 0.04454
