D0NoteID : 0
EffName : EJETS_GROUP1_v15
EffType : Binned
EffVarNames : DetEta pT
EffVersion : 6
ObjQuality : Loose_trk
ObjType : Electron
ObjVersion : 2
BinEdgesX : -3.2 -2.8 -2.5 -2.3 -2.1 -1.9 -1.7 -1.5 -1.3 -1.1 -0.9 -0.7 -0.5 -0.3 -0.1 0.1 0.3 0.5 0.7 0.9 1.1 1.3 1.5 1.7 1.9 2.1 2.3 2.5 2.8 3.2
BinEdgesY : 0 10 15 20 22 25 30 35 40 50 60 70 80 1000
BinVal : 0 0 0 0 0
BinVal : 0 1 0 0 0
BinVal : 0 2 0 0 0
BinVal : 0 3 0.5 0.1213 0.1213
BinVal : 0 4 0.5769 0.0919 0.0919
BinVal : 0 5 0.7391 0.04533 0.04533
BinVal : 0 6 0.8571 0.04441 0.04441
BinVal : 0 7 0.8571 0.05979 0.05979
BinVal : 0 8 0.9474 0.03246 0.03246
BinVal : 0 9 1 0.2357 0.2357
BinVal : 0 10 1 0.2357 0.2357
BinVal : 0 11 1 0.2357 0.2357
BinVal : 0 12 1 0.2357 0.2357
BinVal : 1 0 0 0 0
BinVal : 1 1 0 0 0
BinVal : 1 2 0.1071 0.06105 0.06105
BinVal : 1 3 0.5455 0.09965 0.09965
BinVal : 1 4 0.6304 0.06916 0.06916
BinVal : 1 5 0.7771 0.03135 0.03135
BinVal : 1 6 0.9119 0.02284 0.02284
BinVal : 1 7 0.9406 0.02468 0.02468
BinVal : 1 8 0.9517 0.01865 0.01865
BinVal : 1 9 1 0.07122 0.07122
BinVal : 1 10 1 0.2357 0.2357
BinVal : 1 11 1 0.2357 0.2357
BinVal : 1 12 1 0.2357 0.2357
BinVal : 2 0 0 0 0
BinVal : 2 1 0 0 0
BinVal : 2 2 0.1316 0.05577 0.05577
BinVal : 2 3 0.5 0.08452 0.08452
BinVal : 2 4 0.6226 0.06492 0.06492
BinVal : 2 5 0.7598 0.0298 0.0298
BinVal : 2 6 0.854 0.02354 0.02354
BinVal : 2 7 0.8929 0.02409 0.02409
BinVal : 2 8 0.8843 0.02067 0.02067
BinVal : 2 9 1 0.03843 0.03843
BinVal : 2 10 1 0.2357 0.2357
BinVal : 2 11 1 0.2357 0.2357
BinVal : 2 12 1 0.2357 0.2357
BinVal : 3 0 0 0 0
BinVal : 3 1 0 0 0
BinVal : 3 2 0.1053 0.05165 0.05165
BinVal : 3 3 0.4444 0.07962 0.07962
BinVal : 3 4 0.6 0.0574 0.0574
BinVal : 3 5 0.6825 0.03187 0.03187
BinVal : 3 6 0.7961 0.02308 0.02308
BinVal : 3 7 0.8271 0.02319 0.02319
BinVal : 3 8 0.8886 0.01571 0.01571
BinVal : 3 9 1 0.02438 0.02438
BinVal : 3 10 1 0.1102 0.1102
BinVal : 3 11 1 0.1102 0.1102
BinVal : 3 12 1 0.2357 0.2357
BinVal : 4 0 0 0 0
BinVal : 4 1 0 0 0
BinVal : 4 2 0.1186 0.04287 0.04287
BinVal : 4 3 0.4333 0.08636 0.08636
BinVal : 4 4 0.6333 0.05005 0.05005
BinVal : 4 5 0.6917 0.0289 0.0289
BinVal : 4 6 0.8109 0.01952 0.01952
BinVal : 4 7 0.8411 0.01719 0.01719
BinVal : 4 8 0.892 0.01172 0.01172
BinVal : 4 9 0.9865 0.01824 0.01824
BinVal : 4 10 0.8889 0.1113 0.1113
BinVal : 4 11 1 0.1936 0.1936
BinVal : 4 12 1 0.1936 0.1936
BinVal : 5 0 0 0 0
BinVal : 5 1 0 0 0
BinVal : 5 2 0.1528 0.04256 0.04256
BinVal : 5 3 0.5833 0.07906 0.07906
BinVal : 5 4 0.713 0.0418 0.0418
BinVal : 5 5 0.8328 0.02021 0.02021
BinVal : 5 6 0.8778 0.01423 0.01423
BinVal : 5 7 0.9121 0.01107 0.01107
BinVal : 5 8 0.9237 0.007667 0.007667
BinVal : 5 9 0.9928 0.009923 0.009923
BinVal : 5 10 0.8235 0.09116 0.09116
BinVal : 5 11 1 0.09045 0.09045
BinVal : 5 12 1 0.1936 0.1936
BinVal : 6 0 0 0 0
BinVal : 6 1 0 0 0
BinVal : 6 2 0.2 0.07196 0.07196
BinVal : 6 3 0.65 0.1003 0.1003
BinVal : 6 4 0.7424 0.05311 0.05311
BinVal : 6 5 0.9072 0.02108 0.02108
BinVal : 6 6 0.9199 0.01553 0.01553
BinVal : 6 7 0.9571 0.01073 0.01073
BinVal : 6 8 0.9509 0.007941 0.007941
BinVal : 6 9 1 0.01075 0.01075
BinVal : 6 10 0.8462 0.1 0.1
BinVal : 6 11 1 0.1102 0.1102
BinVal : 6 12 1 0.2357 0.2357
BinVal : 7 0 0 0 0
BinVal : 7 1 0 0 0
BinVal : 7 2 0 0 0
BinVal : 7 3 0 0 0
BinVal : 7 4 0 0 0
BinVal : 7 5 0 0 0
BinVal : 7 6 0 0 0
BinVal : 7 7 0 0 0
BinVal : 7 8 0 0 0
BinVal : 7 9 0 0 0
BinVal : 7 10 0 0 0
BinVal : 7 11 0 0 0
BinVal : 7 12 0 0 0
BinVal : 8 0 0 0 0
BinVal : 8 1 0 0 0
BinVal : 8 2 0 0 0
BinVal : 8 3 0 0 0
BinVal : 8 4 0 0 0
BinVal : 8 5 0 0 0
BinVal : 8 6 0 0 0
BinVal : 8 7 0 0 0
BinVal : 8 8 0 0 0
BinVal : 8 9 0 0 0
BinVal : 8 10 0 0 0
BinVal : 8 11 0 0 0
BinVal : 8 12 0 0 0
BinVal : 9 0 0 0 0
BinVal : 9 1 0 0 0
BinVal : 9 2 0.3415 0.07185 0.07185
BinVal : 9 3 0.6579 0.07449 0.07449
BinVal : 9 4 0.8143 0.04632 0.04632
BinVal : 9 5 0.9301 0.01714 0.01714
BinVal : 9 6 0.9634 0.007458 0.007458
BinVal : 9 7 0.9784 0.004251 0.004251
BinVal : 9 8 0.9935 0.001658 0.001658
BinVal : 9 9 0.9974 0.00364 0.00364
BinVal : 9 10 1 0.01449 0.01449
BinVal : 9 11 0.9167 0.09035 0.09035
BinVal : 9 12 1 0.0665 0.0665
BinVal : 10 0 0 0 0
BinVal : 10 1 0 0 0
BinVal : 10 2 0.3333 0.07066 0.07066
BinVal : 10 3 0.7174 0.06493 0.06493
BinVal : 10 4 0.86 0.0349 0.0349
BinVal : 10 5 0.9485 0.01325 0.01325
BinVal : 10 6 0.9689 0.006649 0.006649
BinVal : 10 7 0.9798 0.003912 0.003912
BinVal : 10 8 0.994 0.001448 0.001448
BinVal : 10 9 0.9978 0.003105 0.003105
BinVal : 10 10 1 0.01163 0.01163
BinVal : 10 11 1 0.05255 0.05255
BinVal : 10 12 1 0.04163 0.04163
BinVal : 11 0 0 0 0
BinVal : 11 1 0 0 0
BinVal : 11 2 0.5143 0.08108 0.08108
BinVal : 11 3 0.7632 0.06763 0.06763
BinVal : 11 4 0.8868 0.03117 0.03117
BinVal : 11 5 0.9577 0.01094 0.01094
BinVal : 11 6 0.9757 0.006152 0.006152
BinVal : 11 7 0.9837 0.003612 0.003612
BinVal : 11 8 0.9925 0.001594 0.001594
BinVal : 11 9 1 0.001976 0.001976
BinVal : 11 10 1 0.01163 0.01163
BinVal : 11 11 1 0.03029 0.03029
BinVal : 11 12 1 0.03701 0.03701
BinVal : 12 0 0 0 0
BinVal : 12 1 0 0 0
BinVal : 12 2 0.5652 0.09735 0.09735
BinVal : 12 3 0.8125 0.06835 0.06835
BinVal : 12 4 0.85 0.03583 0.03583
BinVal : 12 5 0.9603 0.01029 0.01029
BinVal : 12 6 0.9732 0.00656 0.00656
BinVal : 12 7 0.9909 0.002852 0.002852
BinVal : 12 8 0.992 0.001588 0.001588
BinVal : 12 9 1 0.001898 0.001898
BinVal : 12 10 1 0.01266 0.01266
BinVal : 12 11 1 0.02127 0.02127
BinVal : 12 12 1 0.03701 0.03701
BinVal : 13 0 0 0 0
BinVal : 13 1 0 0 0
BinVal : 13 2 0.45 0.1038 0.1038
BinVal : 13 3 0.8929 0.06105 0.06105
BinVal : 13 4 0.8738 0.03302 0.03302
BinVal : 13 5 0.9612 0.01006 0.01006
BinVal : 13 6 0.9811 0.005356 0.005356
BinVal : 13 7 0.9945 0.002427 0.002427
BinVal : 13 8 0.9926 0.00147 0.00147
BinVal : 13 9 1 0.001883 0.001883
BinVal : 13 10 1 0.01099 0.01099
BinVal : 13 11 1 0.0238 0.0238
BinVal : 13 12 1 0.03029 0.03029
BinVal : 14 0 0 0 0
BinVal : 14 1 0 0 0
BinVal : 14 2 0.4615 0.09261 0.09261
BinVal : 14 3 0.88 0.06714 0.06714
BinVal : 14 4 0.9348 0.02694 0.02694
BinVal : 14 5 0.969 0.009101 0.009101
BinVal : 14 6 0.9818 0.005178 0.005178
BinVal : 14 7 0.9872 0.003505 0.003505
BinVal : 14 8 0.9911 0.00161 0.00161
BinVal : 14 9 1 0.00198 0.00198
BinVal : 14 10 1 0.009615 0.009615
BinVal : 14 11 1 0.02631 0.02631
BinVal : 14 12 1 0.03331 0.03331
BinVal : 15 0 0 0 0
BinVal : 15 1 0 0 0
BinVal : 15 2 0.5 0.0898 0.0898
BinVal : 15 3 0.7812 0.0717 0.0717
BinVal : 15 4 0.9412 0.02701 0.02701
BinVal : 15 5 0.9724 0.008961 0.008961
BinVal : 15 6 0.9832 0.00522 0.00522
BinVal : 15 7 0.9805 0.004022 0.004022
BinVal : 15 8 0.9911 0.001677 0.001677
BinVal : 15 9 0.996 0.003409 0.003409
BinVal : 15 10 1 0.009345 0.009345
BinVal : 15 11 1 0.02702 0.02702
BinVal : 15 12 1 0.05255 0.05255
BinVal : 16 0 0 0 0
BinVal : 16 1 0 0 0
BinVal : 16 2 0.4211 0.0772 0.0772
BinVal : 16 3 0.7941 0.06835 0.06835
BinVal : 16 4 0.9082 0.02985 0.02985
BinVal : 16 5 0.9576 0.01138 0.01138
BinVal : 16 6 0.985 0.004928 0.004928
BinVal : 16 7 0.9847 0.003385 0.003385
BinVal : 16 8 0.9916 0.001664 0.001664
BinVal : 16 9 0.996 0.003409 0.003409
BinVal : 16 10 1 0.009999 0.009999
BinVal : 16 11 1 0.03569 0.03569
BinVal : 16 12 1 0.04163 0.04163
BinVal : 17 0 0 0 0
BinVal : 17 1 0 0 0
BinVal : 17 2 0.2941 0.06247 0.06247
BinVal : 17 3 0.6207 0.08611 0.08611
BinVal : 17 4 0.8922 0.03118 0.03118
BinVal : 17 5 0.9539 0.01232 0.01232
BinVal : 17 6 0.9779 0.005601 0.005601
BinVal : 17 7 0.9802 0.003763 0.003763
BinVal : 17 8 0.9932 0.001504 0.001504
BinVal : 17 9 1 0.002092 0.002092
BinVal : 17 10 1 0.009999 0.009999
BinVal : 17 11 1 0.03843 0.03843
BinVal : 17 12 1 0.04343 0.04343
BinVal : 18 0 0 0 0
BinVal : 18 1 0 0 0
BinVal : 18 2 0.35 0.07307 0.07307
BinVal : 18 3 0.5 0.0898 0.0898
BinVal : 18 4 0.9121 0.03049 0.03049
BinVal : 18 5 0.9557 0.01287 0.01287
BinVal : 18 6 0.9662 0.007051 0.007051
BinVal : 18 7 0.9707 0.00493 0.00493
BinVal : 18 8 0.9938 0.001593 0.001593
BinVal : 18 9 1 0.002398 0.002398
BinVal : 18 10 0.987 0.01756 0.01756
BinVal : 18 11 1 0.03701 0.03701
BinVal : 18 12 1 0.07122 0.07122
BinVal : 19 0 0 0 0
BinVal : 19 1 0 0 0
BinVal : 19 2 0.6364 0.13 0.13
BinVal : 19 3 0.5 0.1291 0.1291
BinVal : 19 4 0.9512 0.03841 0.03841
BinVal : 19 5 0.9538 0.01943 0.01943
BinVal : 19 6 0.9578 0.01178 0.01178
BinVal : 19 7 0.968 0.008065 0.008065
BinVal : 19 8 0.9913 0.003022 0.003022
BinVal : 19 9 1 0.00578 0.00578
BinVal : 19 10 0.9615 0.04782 0.04782
BinVal : 19 11 1 0.0665 0.0665
BinVal : 19 12 1 0.1237 0.1237
BinVal : 20 0 0 0 0
BinVal : 20 1 0 0 0
BinVal : 20 2 0 0 0
BinVal : 20 3 0 0 0
BinVal : 20 4 0 0 0
BinVal : 20 5 0 0 0
BinVal : 20 6 0 0 0
BinVal : 20 7 0 0 0
BinVal : 20 8 0 0 0
BinVal : 20 9 0 0 0
BinVal : 20 10 0 0 0
BinVal : 20 11 0 0 0
BinVal : 20 12 0 0 0
BinVal : 21 0 0 0 0
BinVal : 21 1 0 0 0
BinVal : 21 2 0 0 0
BinVal : 21 3 0 0 0
BinVal : 21 4 0 0 0
BinVal : 21 5 0 0 0
BinVal : 21 6 0 0 0
BinVal : 21 7 0 0 0
BinVal : 21 8 0 0 0
BinVal : 21 9 0 0 0
BinVal : 21 10 0 0 0
BinVal : 21 11 0 0 0
BinVal : 21 12 0 0 0
BinVal : 22 0 0 0 0
BinVal : 22 1 0 0 0
BinVal : 22 2 0.1111 0.0438 0.0438
BinVal : 22 3 0.6154 0.05909 0.05909
BinVal : 22 4 0.6579 0.04394 0.04394
BinVal : 22 5 0.8369 0.01911 0.01911
BinVal : 22 6 0.8454 0.015 0.015
BinVal : 22 7 0.8984 0.01123 0.01123
BinVal : 22 8 0.9343 0.007039 0.007039
BinVal : 22 9 0.9855 0.0122 0.0122
BinVal : 22 10 0.9394 0.04666 0.04666
BinVal : 22 11 1 0.08299 0.08299
BinVal : 22 12 1 0.1237 0.1237
BinVal : 23 0 0 0 0
BinVal : 23 1 0 0 0
BinVal : 23 2 0.08 0.04049 0.04049
BinVal : 23 3 0.5625 0.06951 0.06951
BinVal : 23 4 0.5814 0.05232 0.05232
BinVal : 23 5 0.7253 0.02692 0.02692
BinVal : 23 6 0.8049 0.01967 0.01967
BinVal : 23 7 0.8297 0.01745 0.01745
BinVal : 23 8 0.8942 0.01143 0.01143
BinVal : 23 9 0.9875 0.01693 0.01693
BinVal : 23 10 0.8667 0.08985 0.08985
BinVal : 23 11 1 0.1237 0.1237
BinVal : 23 12 1 0.2357 0.2357
BinVal : 24 0 0 0 0
BinVal : 24 1 0 0 0
BinVal : 24 2 0.075 0.04476 0.04476
BinVal : 24 3 0.5 0.07809 0.07809
BinVal : 24 4 0.6515 0.05753 0.05753
BinVal : 24 5 0.7342 0.02952 0.02952
BinVal : 24 6 0.8658 0.01931 0.01931
BinVal : 24 7 0.8388 0.02227 0.02227
BinVal : 24 8 0.8976 0.01504 0.01504
BinVal : 24 9 1 0.0204 0.0204
BinVal : 24 10 1 0.1633 0.1633
BinVal : 24 11 1 0.1633 0.1633
BinVal : 24 12 1 0.1633 0.1633
BinVal : 25 0 0 0 0
BinVal : 25 1 0 0 0
BinVal : 25 2 0.1 0.04939 0.04939
BinVal : 25 3 0.3043 0.09148 0.09148
BinVal : 25 4 0.6207 0.06225 0.06225
BinVal : 25 5 0.7869 0.03018 0.03018
BinVal : 25 6 0.8582 0.02108 0.02108
BinVal : 25 7 0.8735 0.02595 0.02595
BinVal : 25 8 0.9176 0.01702 0.01702
BinVal : 25 9 1 0.03569 0.03569
BinVal : 25 10 1 0.1936 0.1936
BinVal : 25 11 1 0.2357 0.2357
BinVal : 25 12 1 0.2357 0.2357
BinVal : 26 0 0 0 0
BinVal : 26 1 0 0 0
BinVal : 26 2 0.1111 0.04817 0.04817
BinVal : 26 3 0.4348 0.09735 0.09735
BinVal : 26 4 0.6071 0.06369 0.06369
BinVal : 26 5 0.7778 0.03348 0.03348
BinVal : 26 6 0.8607 0.0245 0.0245
BinVal : 26 7 0.819 0.03751 0.03751
BinVal : 26 8 0.9176 0.02145 0.02145
BinVal : 26 9 1 0.0665 0.0665
BinVal : 26 10 1 0.2357 0.2357
BinVal : 26 11 1 0.2357 0.2357
BinVal : 26 12 1 0.2357 0.2357
BinVal : 27 0 0 0 0
BinVal : 27 1 0 0 0
BinVal : 27 2 0.08 0.05939 0.05939
BinVal : 27 3 0.5 0.1213 0.1213
BinVal : 27 4 0.6552 0.08458 0.08458
BinVal : 27 5 0.7471 0.04614 0.04614
BinVal : 27 6 0.8625 0.0388 0.0388
BinVal : 27 7 0.7925 0.05519 0.05519
BinVal : 27 8 0.9118 0.0356 0.0356
BinVal : 27 9 1 0.1633 0.1633
BinVal : 27 10 1 0.1633 0.1633
BinVal : 27 11 1 0.1633 0.1633
BinVal : 27 12 1 0.1633 0.1633
BinVal : 28 0 0 0 0
BinVal : 28 1 0 0 0
BinVal : 28 2 0 0 0
BinVal : 28 3 0 0 0
BinVal : 28 4 0.6 0.175 0.175
BinVal : 28 5 0.625 0.1477 0.1477
BinVal : 28 6 0.7143 0.1491 0.1491
BinVal : 28 7 0.9091 0.09643 0.09643
BinVal : 28 8 1 0.09938 0.09938
BinVal : 28 9 1 0.09938 0.09938
BinVal : 28 10 1 0.09938 0.09938
BinVal : 28 11 1 0.09938 0.09938
BinVal : 28 12 1 0.09938 0.09938
