D0NoteID : 0
EffName : EJETS_GROUP1_v15
EffType : Binned
EffVarNames : DetEta pT
EffVersion : 6
ObjQuality : MLoose1
ObjType : Electron
ObjVersion : 11
BinEdgesX : -3.2 -2.8 -2.5 -2.3 -2.1 -1.9 -1.7 -1.5 -1.3 -1.1 -0.9 -0.7 -0.5 -0.3 -0.1 0.1 0.3 0.5 0.7 0.9 1.1 1.3 1.5 1.7 1.9 2.1 2.3 2.5 2.8 3.2
BinEdgesY : 0 10 15 20 22 25 30 35 40 50 60 70 80 1000
BinVal : 0 0 0 0 0
BinVal : 0 1 0 0 0
BinVal : 0 2 0.05 0.03095 0.03095
BinVal : 0 3 0.2941 0.06247 0.06247
BinVal : 0 4 0.4062 0.0494 0.0494
BinVal : 0 5 0.724 0.02539 0.02539
BinVal : 0 6 0.8542 0.02283 0.02283
BinVal : 0 7 0.8059 0.03028 0.03028
BinVal : 0 8 0.9196 0.01958 0.01958
BinVal : 0 9 1 0.1237 0.1237
BinVal : 0 10 1 0.2357 0.2357
BinVal : 0 11 1 0.2357 0.2357
BinVal : 0 12 1 0.2357 0.2357
BinVal : 1 0 0 0 0
BinVal : 1 1 0 0 0
BinVal : 1 2 0.1026 0.03511 0.03511
BinVal : 1 3 0.3857 0.05706 0.05706
BinVal : 1 4 0.4815 0.04743 0.04743
BinVal : 1 5 0.8109 0.01952 0.01952
BinVal : 1 6 0.8808 0.01654 0.01654
BinVal : 1 7 0.8978 0.01842 0.01842
BinVal : 1 8 0.932 0.01356 0.01356
BinVal : 1 9 1 0.03701 0.03701
BinVal : 1 10 1 0.1936 0.1936
BinVal : 1 11 1 0.1936 0.1936
BinVal : 1 12 1 0.1936 0.1936
BinVal : 2 0 0 0 0
BinVal : 2 1 0 0 0
BinVal : 2 2 0.09091 0.03373 0.03373
BinVal : 2 3 0.4521 0.0571 0.0571
BinVal : 2 4 0.5124 0.04489 0.04489
BinVal : 2 5 0.7725 0.02038 0.02038
BinVal : 2 6 0.8419 0.01593 0.01593
BinVal : 2 7 0.9266 0.01325 0.01325
BinVal : 2 8 0.8898 0.01394 0.01394
BinVal : 2 9 0.9796 0.02692 0.02692
BinVal : 2 10 1 0.1936 0.1936
BinVal : 2 11 1 0.1936 0.1936
BinVal : 2 12 1 0.1936 0.1936
BinVal : 3 0 0 0 0
BinVal : 3 1 0 0 0
BinVal : 3 2 0.07692 0.0314 0.0314
BinVal : 3 3 0.4324 0.05648 0.05648
BinVal : 3 4 0.5697 0.03821 0.03821
BinVal : 3 5 0.7422 0.02058 0.02058
BinVal : 3 6 0.8213 0.01472 0.01472
BinVal : 3 7 0.8781 0.01339 0.01339
BinVal : 3 8 0.887 0.01118 0.01118
BinVal : 3 9 0.9872 0.01735 0.01735
BinVal : 3 10 1 0.1102 0.1102
BinVal : 3 11 1 0.1936 0.1936
BinVal : 3 12 1 0.2357 0.2357
BinVal : 4 0 0 0 0
BinVal : 4 1 0 0 0
BinVal : 4 2 0.06796 0.02577 0.02577
BinVal : 4 3 0.3793 0.06225 0.06225
BinVal : 4 4 0.6077 0.03601 0.03601
BinVal : 4 5 0.7558 0.01968 0.01968
BinVal : 4 6 0.8209 0.01423 0.01423
BinVal : 4 7 0.8534 0.01222 0.01222
BinVal : 4 8 0.8873 0.009356 0.009356
BinVal : 4 9 0.9831 0.01419 0.01419
BinVal : 4 10 0.9167 0.09035 0.09035
BinVal : 4 11 1 0.1409 0.1409
BinVal : 4 12 1 0.1936 0.1936
BinVal : 5 0 0 0 0
BinVal : 5 1 0 0 0
BinVal : 5 2 0.1165 0.03199 0.03199
BinVal : 5 3 0.4603 0.06136 0.06136
BinVal : 5 4 0.6954 0.03466 0.03466
BinVal : 5 5 0.8144 0.01736 0.01736
BinVal : 5 6 0.8592 0.01268 0.01268
BinVal : 5 7 0.8911 0.01014 0.01014
BinVal : 5 8 0.9162 0.007023 0.007023
BinVal : 5 9 0.9889 0.009412 0.009412
BinVal : 5 10 0.85 0.08042 0.08042
BinVal : 5 11 1 0.07666 0.07666
BinVal : 5 12 1 0.1936 0.1936
BinVal : 6 0 0 0 0
BinVal : 6 1 0 0 0
BinVal : 6 2 0.2143 0.06247 0.06247
BinVal : 6 3 0.5429 0.08084 0.08084
BinVal : 6 4 0.7556 0.0449 0.0449
BinVal : 6 5 0.8831 0.02051 0.02051
BinVal : 6 6 0.9096 0.01467 0.01467
BinVal : 6 7 0.9366 0.01132 0.01132
BinVal : 6 8 0.9449 0.007629 0.007629
BinVal : 6 9 1 0.008849 0.008849
BinVal : 6 10 0.8462 0.1 0.1
BinVal : 6 11 1 0.09045 0.09045
BinVal : 6 12 1 0.2357 0.2357
BinVal : 7 0 0 0 0
BinVal : 7 1 0 0 0
BinVal : 7 2 0 0 0
BinVal : 7 3 0 0 0
BinVal : 7 4 0 0 0
BinVal : 7 5 0 0 0
BinVal : 7 6 0 0 0
BinVal : 7 7 0 0 0
BinVal : 7 8 0 0 0
BinVal : 7 9 0 0 0
BinVal : 7 10 0 0 0
BinVal : 7 11 0 0 0
BinVal : 7 12 0 0 0
BinVal : 8 0 0 0 0
BinVal : 8 1 0 0 0
BinVal : 8 2 0 0 0
BinVal : 8 3 0 0 0
BinVal : 8 4 0 0 0
BinVal : 8 5 0 0 0
BinVal : 8 6 0 0 0
BinVal : 8 7 0 0 0
BinVal : 8 8 0 0 0
BinVal : 8 9 0 0 0
BinVal : 8 10 0 0 0
BinVal : 8 11 0 0 0
BinVal : 8 12 0 0 0
BinVal : 9 0 0 0 0
BinVal : 9 1 0 0 0
BinVal : 9 2 0.3125 0.07908 0.07908
BinVal : 9 3 0.5676 0.0784 0.0784
BinVal : 9 4 0.8615 0.04321 0.04321
BinVal : 9 5 0.9505 0.01501 0.01501
BinVal : 9 6 0.9759 0.006313 0.006313
BinVal : 9 7 0.9811 0.004077 0.004077
BinVal : 9 8 0.991 0.001958 0.001958
BinVal : 9 9 0.9973 0.003717 0.003717
BinVal : 9 10 1 0.01492 0.01492
BinVal : 9 11 0.9231 0.08498 0.08498
BinVal : 9 12 1 0.07122 0.07122
BinVal : 10 0 0 0 0
BinVal : 10 1 0 0 0
BinVal : 10 2 0.3143 0.07594 0.07594
BinVal : 10 3 0.6591 0.06947 0.06947
BinVal : 10 4 0.8404 0.03784 0.03784
BinVal : 10 5 0.9648 0.01135 0.01135
BinVal : 10 6 0.9828 0.005099 0.005099
BinVal : 10 7 0.9799 0.0039 0.0039
BinVal : 10 8 0.9917 0.001688 0.001688
BinVal : 10 9 0.9979 0.003006 0.003006
BinVal : 10 10 1 0.01087 0.01087
BinVal : 10 11 1 0.04993 0.04993
BinVal : 10 12 1 0.04163 0.04163
BinVal : 11 0 0 0 0
BinVal : 11 1 0 0 0
BinVal : 11 2 0.4444 0.07962 0.07962
BinVal : 11 3 0.7179 0.07021 0.07021
BinVal : 11 4 0.8571 0.03553 0.03553
BinVal : 11 5 0.967 0.009662 0.009662
BinVal : 11 6 0.9764 0.005974 0.005974
BinVal : 11 7 0.9839 0.003568 0.003568
BinVal : 11 8 0.9924 0.001579 0.001579
BinVal : 11 9 0.9981 0.002712 0.002712
BinVal : 11 10 1 0.01087 0.01087
BinVal : 11 11 1 0.0294 0.0294
BinVal : 11 12 1 0.03701 0.03701
BinVal : 12 0 0 0 0
BinVal : 12 1 0 0 0
BinVal : 12 2 0.5185 0.09123 0.09123
BinVal : 12 3 0.7879 0.06999 0.06999
BinVal : 12 4 0.8454 0.03681 0.03681
BinVal : 12 5 0.9705 0.009077 0.009077
BinVal : 12 6 0.975 0.006332 0.006332
BinVal : 12 7 0.9902 0.002929 0.002929
BinVal : 12 8 0.9929 0.001474 0.001474
BinVal : 12 9 0.9964 0.003132 0.003132
BinVal : 12 10 1 0.01149 0.01149
BinVal : 12 11 1 0.01923 0.01923
BinVal : 12 12 1 0.03843 0.03843
BinVal : 13 0 0 0 0
BinVal : 13 1 0 0 0
BinVal : 13 2 0.48 0.09443 0.09443
BinVal : 13 3 0.8462 0.07112 0.07112
BinVal : 13 4 0.9 0.03056 0.03056
BinVal : 13 5 0.9788 0.007811 0.007811
BinVal : 13 6 0.983 0.005056 0.005056
BinVal : 13 7 0.9928 0.002679 0.002679
BinVal : 13 8 0.9923 0.001473 0.001473
BinVal : 13 9 0.9982 0.00255 0.00255
BinVal : 13 10 0.99 0.01366 0.01366
BinVal : 13 11 1 0.02173 0.02173
BinVal : 13 12 1 0.0294 0.0294
BinVal : 14 0 0 0 0
BinVal : 14 1 0 0 0
BinVal : 14 2 0.4375 0.08393 0.08393
BinVal : 14 3 0.84 0.07341 0.07341
BinVal : 14 4 0.977 0.01902 0.01902
BinVal : 14 5 0.9754 0.008009 0.008009
BinVal : 14 6 0.9828 0.004887 0.004887
BinVal : 14 7 0.9858 0.003626 0.003626
BinVal : 14 8 0.9899 0.001676 0.001676
BinVal : 14 9 1 0.001934 0.001934
BinVal : 14 10 0.9912 0.01203 0.01203
BinVal : 14 11 1 0.02702 0.02702
BinVal : 14 12 1 0.03331 0.03331
BinVal : 15 0 0 0 0
BinVal : 15 1 0 0 0
BinVal : 15 2 0.4286 0.08037 0.08037
BinVal : 15 3 0.8485 0.06281 0.06281
BinVal : 15 4 0.9651 0.02208 0.02208
BinVal : 15 5 0.9716 0.008755 0.008755
BinVal : 15 6 0.9899 0.004061 0.004061
BinVal : 15 7 0.9774 0.004204 0.004204
BinVal : 15 8 0.9915 0.001597 0.001597
BinVal : 15 9 0.9962 0.00328 0.00328
BinVal : 15 10 1 0.008928 0.008928
BinVal : 15 11 1 0.02563 0.02563
BinVal : 15 12 1 0.05546 0.05546
BinVal : 16 0 0 0 0
BinVal : 16 1 0 0 0
BinVal : 16 2 0.3902 0.07371 0.07371
BinVal : 16 3 0.8182 0.06667 0.06667
BinVal : 16 4 0.9149 0.0296 0.0296
BinVal : 16 5 0.9612 0.01085 0.01085
BinVal : 16 6 0.9865 0.004688 0.004688
BinVal : 16 7 0.9824 0.003554 0.003554
BinVal : 16 8 0.9935 0.001455 0.001455
BinVal : 16 9 0.9943 0.003777 0.003777
BinVal : 16 10 1 0.009615 0.009615
BinVal : 16 11 1 0.03446 0.03446
BinVal : 16 12 1 0.03997 0.03997
BinVal : 17 0 0 0 0
BinVal : 17 1 0 0 0
BinVal : 17 2 0.2857 0.06319 0.06319
BinVal : 17 3 0.6207 0.08611 0.08611
BinVal : 17 4 0.9022 0.03163 0.03163
BinVal : 17 5 0.9512 0.01303 0.01303
BinVal : 17 6 0.9775 0.005709 0.005709
BinVal : 17 7 0.9823 0.003574 0.003574
BinVal : 17 8 0.9924 0.001581 0.001581
BinVal : 17 9 0.998 0.002866 0.002866
BinVal : 17 10 1 0.009345 0.009345
BinVal : 17 11 1 0.03997 0.03997
BinVal : 17 12 1 0.04163 0.04163
BinVal : 18 0 0 0 0
BinVal : 18 1 0 0 0
BinVal : 18 2 0.3 0.0705 0.0705
BinVal : 18 3 0.5769 0.0919 0.0919
BinVal : 18 4 0.9125 0.03257 0.03257
BinVal : 18 5 0.9447 0.01471 0.01471
BinVal : 18 6 0.9671 0.007018 0.007018
BinVal : 18 7 0.975 0.00465 0.00465
BinVal : 18 8 0.9929 0.00171 0.00171
BinVal : 18 9 1 0.002421 0.002421
BinVal : 18 10 0.9873 0.01714 0.01714
BinVal : 18 11 1 0.03701 0.03701
BinVal : 18 12 1 0.07122 0.07122
BinVal : 19 0 0 0 0
BinVal : 19 1 0 0 0
BinVal : 19 2 0.4545 0.1332 0.1332
BinVal : 19 3 0.6 0.1367 0.1367
BinVal : 19 4 0.9091 0.05303 0.05303
BinVal : 19 5 0.9421 0.02215 0.02215
BinVal : 19 6 0.9536 0.0124 0.0124
BinVal : 19 7 0.9702 0.008065 0.008065
BinVal : 19 8 0.9939 0.002662 0.002662
BinVal : 19 9 1 0.006024 0.006024
BinVal : 19 10 0.9643 0.0448 0.0448
BinVal : 19 11 1 0.07122 0.07122
BinVal : 19 12 1 0.1237 0.1237
BinVal : 20 0 0 0 0
BinVal : 20 1 0 0 0
BinVal : 20 2 0 0 0
BinVal : 20 3 0 0 0
BinVal : 20 4 0 0 0
BinVal : 20 5 0 0 0
BinVal : 20 6 0 0 0
BinVal : 20 7 0 0 0
BinVal : 20 8 0 0 0
BinVal : 20 9 0 0 0
BinVal : 20 10 0 0 0
BinVal : 20 11 0 0 0
BinVal : 20 12 0 0 0
BinVal : 21 0 0 0 0
BinVal : 21 1 0 0 0
BinVal : 21 2 0 0 0
BinVal : 21 3 0 0 0
BinVal : 21 4 0 0 0
BinVal : 21 5 0 0 0
BinVal : 21 6 0 0 0
BinVal : 21 7 0 0 0
BinVal : 21 8 0 0 0
BinVal : 21 9 0 0 0
BinVal : 21 10 0 0 0
BinVal : 21 11 0 0 0
BinVal : 21 12 0 0 0
BinVal : 22 0 0 0 0
BinVal : 22 1 0 0 0
BinVal : 22 2 0.1236 0.03528 0.03528
BinVal : 22 3 0.5679 0.05407 0.05407
BinVal : 22 4 0.6933 0.03587 0.03587
BinVal : 22 5 0.8147 0.01707 0.01707
BinVal : 22 6 0.8526 0.01287 0.01287
BinVal : 22 7 0.9013 0.009792 0.009792
BinVal : 22 8 0.9318 0.006351 0.006351
BinVal : 22 9 0.988 0.01019 0.01019
BinVal : 22 10 0.925 0.04476 0.04476
BinVal : 22 11 1 0.07122 0.07122
BinVal : 22 12 0.8571 0.1315 0.1315
BinVal : 23 0 0 0 0
BinVal : 23 1 0 0 0
BinVal : 23 2 0.09375 0.03042 0.03042
BinVal : 23 3 0.4458 0.05361 0.05361
BinVal : 23 4 0.6306 0.03819 0.03819
BinVal : 23 5 0.7599 0.01949 0.01949
BinVal : 23 6 0.8197 0.01454 0.01454
BinVal : 23 7 0.8524 0.01288 0.01288
BinVal : 23 8 0.8938 0.008994 0.008994
BinVal : 23 9 0.9923 0.01059 0.01059
BinVal : 23 10 0.9259 0.0556 0.0556
BinVal : 23 11 1 0.1237 0.1237
BinVal : 23 12 0.5 0.2236 0.2236
BinVal : 24 0 0 0 0
BinVal : 24 1 0 0 0
BinVal : 24 2 0.1084 0.03474 0.03474
BinVal : 24 3 0.3919 0.0557 0.0557
BinVal : 24 4 0.6069 0.04018 0.04018
BinVal : 24 5 0.793 0.019 0.019
BinVal : 24 6 0.85 0.01435 0.01435
BinVal : 24 7 0.8554 0.01452 0.01452
BinVal : 24 8 0.9036 0.01061 0.01061
BinVal : 24 9 1 0.01031 0.01031
BinVal : 24 10 1 0.05546 0.05546
BinVal : 24 11 1 0.05546 0.05546
BinVal : 24 12 1 0.05546 0.05546
BinVal : 25 0 0 0 0
BinVal : 25 1 0 0 0
BinVal : 25 2 0.102 0.03113 0.03113
BinVal : 25 3 0.2292 0.0598 0.0598
BinVal : 25 4 0.5906 0.04315 0.04315
BinVal : 25 5 0.8005 0.01994 0.01994
BinVal : 25 6 0.8556 0.01504 0.01504
BinVal : 25 7 0.8802 0.01662 0.01662
BinVal : 25 8 0.9125 0.01226 0.01226
BinVal : 25 9 1 0.01754 0.01754
BinVal : 25 10 1 0.09045 0.09045
BinVal : 25 11 1 0.1936 0.1936
BinVal : 25 12 1 0.1936 0.1936
BinVal : 26 0 0 0 0
BinVal : 26 1 0 0 0
BinVal : 26 2 0.1161 0.03061 0.03061
BinVal : 26 3 0.3148 0.06186 0.06186
BinVal : 26 4 0.5662 0.04205 0.04205
BinVal : 26 5 0.768 0.02176 0.02176
BinVal : 26 6 0.8792 0.01546 0.01546
BinVal : 26 7 0.8392 0.02302 0.02302
BinVal : 26 8 0.8846 0.01572 0.01572
BinVal : 26 9 0.9655 0.04343 0.04343
BinVal : 26 10 1 0.1936 0.1936
BinVal : 26 11 1 0.1936 0.1936
BinVal : 26 12 1 0.1936 0.1936
BinVal : 27 0 0 0 0
BinVal : 27 1 0 0 0
BinVal : 27 2 0.1222 0.03492 0.03492
BinVal : 27 3 0.2963 0.0609 0.0609
BinVal : 27 4 0.4122 0.04254 0.04254
BinVal : 27 5 0.6809 0.02663 0.02663
BinVal : 27 6 0.8625 0.02105 0.02105
BinVal : 27 7 0.7363 0.0325 0.0325
BinVal : 27 8 0.8708 0.02173 0.02173
BinVal : 27 9 0.9 0.1034 0.1034
BinVal : 27 10 0.9 0.1034 0.1034
BinVal : 27 11 0.9 0.1034 0.1034
BinVal : 27 12 0.9 0.1034 0.1034
BinVal : 28 0 0 0 0
BinVal : 28 1 0 0 0
BinVal : 28 2 0.08571 0.05037 0.05037
BinVal : 28 3 0.125 0.06944 0.06944
BinVal : 28 4 0.2586 0.05662 0.05662
BinVal : 28 5 0.5463 0.04726 0.04726
BinVal : 28 6 0.7612 0.0515 0.0515
BinVal : 28 7 0.6364 0.05805 0.05805
BinVal : 28 8 0.8519 0.04865 0.04865
BinVal : 28 9 1 0.1936 0.1936
BinVal : 28 10 1 0.1936 0.1936
BinVal : 28 11 1 0.1936 0.1936
BinVal : 28 12 1 0.1936 0.1936
