D0NoteID : 0
EffName : EJETS_GROUP1_v16
EffType : Binned
EffVarNames : DetEta pT
EffVersion : 6
ObjQuality : Point2
ObjType : Electron
ObjVersion : 1
TriggerVersion : v16
TriggerVersionHigh : 16.29
TriggerVersionLow : 16.00
BinEdgesX : -3.2 -2.8 -2.5 -2.3 -2.1 -1.9 -1.7 -1.5 -1.3 -1.1 -0.9 -0.7 -0.5 -0.3 -0.1 0.1 0.3 0.5 0.7 0.9 1.1 1.3 1.5 1.7 1.9 2.1 2.3 2.5 2.8 3.2
BinEdgesY : 0 10 15 20 22 25 30 35 40 50 60 70 80 1000
BinVal : 0 0 0 0 0
BinVal : 0 1 0 0 0
BinVal : 0 2 0.1429 0.06693 0.06693
BinVal : 0 3 0.5882 0.1104 0.1104
BinVal : 0 4 0.56 0.09391 0.09391
BinVal : 0 5 0.6182 0.04575 0.04575
BinVal : 0 6 0.7403 0.04939 0.04939
BinVal : 0 7 0.7895 0.06522 0.06522
BinVal : 0 8 0.7213 0.05647 0.05647
BinVal : 0 9 1 0.1633 0.1633
BinVal : 0 10 1 0.1633 0.1633
BinVal : 0 11 1 0.1633 0.1633
BinVal : 0 12 1 0.1633 0.1633
BinVal : 1 0 0 0 0
BinVal : 1 1 0 0 0
BinVal : 1 2 0.1077 0.03932 0.03932
BinVal : 1 3 0.5116 0.0737 0.0737
BinVal : 1 4 0.7283 0.04589 0.04589
BinVal : 1 5 0.7363 0.02491 0.02491
BinVal : 1 6 0.743 0.02304 0.02304
BinVal : 1 7 0.7965 0.02673 0.02673
BinVal : 1 8 0.7994 0.02222 0.02222
BinVal : 1 9 0.9259 0.0556 0.0556
BinVal : 1 10 0.5 0.2236 0.2236
BinVal : 1 11 0.5 0.2236 0.2236
BinVal : 1 12 0.5 0.2236 0.2236
BinVal : 2 0 0 0 0
BinVal : 2 1 0 0 0
BinVal : 2 2 0.1625 0.0413 0.0413
BinVal : 2 3 0.5 0.05852 0.05852
BinVal : 2 4 0.6994 0.03567 0.03567
BinVal : 2 5 0.7189 0.0201 0.0201
BinVal : 2 6 0.7344 0.01718 0.01718
BinVal : 2 7 0.7412 0.01887 0.01887
BinVal : 2 8 0.7663 0.01626 0.01626
BinVal : 2 9 0.88 0.04688 0.04688
BinVal : 2 10 0.7778 0.1286 0.1286
BinVal : 2 11 0.7778 0.1286 0.1286
BinVal : 2 12 0.7778 0.1286 0.1286
BinVal : 3 0 0 0 0
BinVal : 3 1 0 0 0
BinVal : 3 2 0.2213 0.0374 0.0374
BinVal : 3 3 0.5412 0.05313 0.05313
BinVal : 3 4 0.6406 0.03238 0.03238
BinVal : 3 5 0.6764 0.01878 0.01878
BinVal : 3 6 0.7282 0.0146 0.0146
BinVal : 3 7 0.7209 0.01433 0.01433
BinVal : 3 8 0.7449 0.01217 0.01217
BinVal : 3 9 0.7109 0.03974 0.03974
BinVal : 3 10 0.6957 0.09148 0.09148
BinVal : 3 11 1 0.1936 0.1936
BinVal : 3 12 1 0.1936 0.1936
BinVal : 4 0 0 0 0
BinVal : 4 1 0.02273 0.02975 0.02975
BinVal : 4 2 0.2022 0.03004 0.03004
BinVal : 4 3 0.5798 0.04471 0.04471
BinVal : 4 4 0.6455 0.02754 0.02754
BinVal : 4 5 0.6912 0.01541 0.01541
BinVal : 4 6 0.7472 0.01181 0.01181
BinVal : 4 7 0.7433 0.01077 0.01077
BinVal : 4 8 0.7588 0.008706 0.008706
BinVal : 4 9 0.7566 0.02619 0.02619
BinVal : 4 10 0.8158 0.06247 0.06247
BinVal : 4 11 0.8333 0.1059 0.1059
BinVal : 4 12 0.8 0.1597 0.1597
BinVal : 5 0 0 0 0
BinVal : 5 1 0.0625 0.03799 0.03799
BinVal : 5 2 0.2775 0.03223 0.03223
BinVal : 5 3 0.6906 0.03414 0.03414
BinVal : 5 4 0.731 0.02159 0.02159
BinVal : 5 5 0.8042 0.01104 0.01104
BinVal : 5 6 0.8243 0.008903 0.008903
BinVal : 5 7 0.8423 0.007285 0.007285
BinVal : 5 8 0.8505 0.005659 0.005659
BinVal : 5 9 0.8753 0.01523 0.01523
BinVal : 5 10 0.9296 0.03193 0.03193
BinVal : 5 11 0.88 0.06714 0.06714
BinVal : 5 12 0.8 0.1201 0.1201
BinVal : 6 0 0 0 0
BinVal : 6 1 0.08333 0.06149 0.06149
BinVal : 6 2 0.3696 0.0496 0.0496
BinVal : 6 3 0.767 0.04137 0.04137
BinVal : 6 4 0.791 0.02598 0.02598
BinVal : 6 5 0.8878 0.01177 0.01177
BinVal : 6 6 0.875 0.01035 0.01035
BinVal : 6 7 0.9015 0.007726 0.007726
BinVal : 6 8 0.9053 0.005944 0.005944
BinVal : 6 9 0.9123 0.01625 0.01625
BinVal : 6 10 0.9375 0.03799 0.03799
BinVal : 6 11 0.9333 0.07594 0.07594
BinVal : 6 12 0.8 0.1597 0.1597
BinVal : 7 0 0 0 0
BinVal : 7 1 0 0 0
BinVal : 7 2 0 0 0
BinVal : 7 3 0 0 0
BinVal : 7 4 0 0 0
BinVal : 7 5 0 0 0
BinVal : 7 6 0 0 0
BinVal : 7 7 0 0 0
BinVal : 7 8 0 0 0
BinVal : 7 9 0 0 0
BinVal : 7 10 0 0 0
BinVal : 7 11 0 0 0
BinVal : 7 12 0 0 0
BinVal : 8 0 0 0 0
BinVal : 8 1 0 0 0
BinVal : 8 2 0 0 0
BinVal : 8 3 0 0 0
BinVal : 8 4 0 0 0
BinVal : 8 5 0 0 0
BinVal : 8 6 0 0 0
BinVal : 8 7 0 0 0
BinVal : 8 8 0 0 0
BinVal : 8 9 0 0 0
BinVal : 8 10 0 0 0
BinVal : 8 11 0 0 0
BinVal : 8 12 0 0 0
BinVal : 9 0 0 0 0
BinVal : 9 1 0.03125 0.03977 0.03977
BinVal : 9 2 0.2516 0.03423 0.03423
BinVal : 9 3 0.6455 0.04508 0.04508
BinVal : 9 4 0.8154 0.02404 0.02404
BinVal : 9 5 0.9395 0.008801 0.008801
BinVal : 9 6 0.9609 0.00431 0.00431
BinVal : 9 7 0.9698 0.002786 0.002786
BinVal : 9 8 0.9775 0.001664 0.001664
BinVal : 9 9 0.9863 0.003285 0.003285
BinVal : 9 10 0.9798 0.00966 0.00966
BinVal : 9 11 1 0.01282 0.01282
BinVal : 9 12 1 0.0238 0.0238
BinVal : 10 0 0 0 0
BinVal : 10 1 0.04651 0.03678 0.03678
BinVal : 10 2 0.3279 0.03447 0.03447
BinVal : 10 3 0.6718 0.04065 0.04065
BinVal : 10 4 0.8504 0.01934 0.01934
BinVal : 10 5 0.9583 0.006773 0.006773
BinVal : 10 6 0.9683 0.003668 0.003668
BinVal : 10 7 0.9797 0.002119 0.002119
BinVal : 10 8 0.9842 0.001258 0.001258
BinVal : 10 9 0.992 0.002299 0.002299
BinVal : 10 10 0.9874 0.006922 0.006922
BinVal : 10 11 1 0.01053 0.01053
BinVal : 10 12 1 0.01492 0.01492
BinVal : 11 0 0 0 0
BinVal : 11 1 0.03226 0.04092 0.04092
BinVal : 11 2 0.4076 0.03887 0.03887
BinVal : 11 3 0.75 0.03925 0.03925
BinVal : 11 4 0.8815 0.01702 0.01702
BinVal : 11 5 0.9561 0.006245 0.006245
BinVal : 11 6 0.9671 0.003777 0.003777
BinVal : 11 7 0.9831 0.001946 0.001946
BinVal : 11 8 0.9881 0.001077 0.001077
BinVal : 11 9 0.9923 0.002198 0.002198
BinVal : 11 10 0.9969 0.004399 0.004399
BinVal : 11 11 0.9894 0.0145 0.0145
BinVal : 11 12 1 0.01163 0.01163
BinVal : 12 0 0 0 0
BinVal : 12 1 0.04545 0.05528 0.05528
BinVal : 12 2 0.424 0.0437 0.0437
BinVal : 12 3 0.8018 0.03771 0.03771
BinVal : 12 4 0.9109 0.01515 0.01515
BinVal : 12 5 0.961 0.00551 0.00551
BinVal : 12 6 0.975 0.003348 0.003348
BinVal : 12 7 0.984 0.001978 0.001978
BinVal : 12 8 0.9889 0.001019 0.001019
BinVal : 12 9 0.9908 0.002345 0.002345
BinVal : 12 10 1 0.003344 0.003344
BinVal : 12 11 0.9891 0.01481 0.01481
BinVal : 12 12 1 0.01266 0.01266
BinVal : 13 0 0 0 0
BinVal : 13 1 0.04348 0.0532 0.0532
BinVal : 13 2 0.4595 0.04668 0.04668
BinVal : 13 3 0.8621 0.03219 0.03219
BinVal : 13 4 0.9307 0.01411 0.01411
BinVal : 13 5 0.9776 0.004172 0.004172
BinVal : 13 6 0.9876 0.00233 0.00233
BinVal : 13 7 0.988 0.001813 0.001813
BinVal : 13 8 0.9908 0.0009074 0.0009074
BinVal : 13 9 0.9917 0.002289 0.002289
BinVal : 13 10 0.9932 0.005851 0.005851
BinVal : 13 11 1 0.008849 0.008849
BinVal : 13 12 0.9853 0.01977 0.01977
BinVal : 14 0 0 0 0
BinVal : 14 1 0 0 0
BinVal : 14 2 0.4825 0.0462 0.0462
BinVal : 14 3 0.8364 0.03531 0.03531
BinVal : 14 4 0.9371 0.01347 0.01347
BinVal : 14 5 0.9775 0.004114 0.004114
BinVal : 14 6 0.9831 0.002677 0.002677
BinVal : 14 7 0.9856 0.002006 0.002006
BinVal : 14 8 0.9892 0.0009827 0.0009827
BinVal : 14 9 0.9932 0.002136 0.002136
BinVal : 14 10 0.9936 0.005464 0.005464
BinVal : 14 11 1 0.008547 0.008547
BinVal : 14 12 0.9625 0.02364 0.02364
BinVal : 15 0 0 0 0
BinVal : 15 1 0 0 0
BinVal : 15 2 0.456 0.04403 0.04403
BinVal : 15 3 0.7944 0.0389 0.0389
BinVal : 15 4 0.9235 0.01429 0.01429
BinVal : 15 5 0.9693 0.004762 0.004762
BinVal : 15 6 0.9791 0.003043 0.003043
BinVal : 15 7 0.9819 0.00217 0.00217
BinVal : 15 8 0.9865 0.001108 0.001108
BinVal : 15 9 0.9917 0.002294 0.002294
BinVal : 15 10 0.9934 0.005605 0.005605
BinVal : 15 11 1 0.009091 0.009091
BinVal : 15 12 0.9753 0.02037 0.02037
BinVal : 16 0 0 0 0
BinVal : 16 1 0.05882 0.04544 0.04544
BinVal : 16 2 0.4161 0.04 0.04
BinVal : 16 3 0.807 0.03686 0.03686
BinVal : 16 4 0.9222 0.01452 0.01452
BinVal : 16 5 0.9668 0.005216 0.005216
BinVal : 16 6 0.9803 0.002941 0.002941
BinVal : 16 7 0.9829 0.001964 0.001964
BinVal : 16 8 0.9842 0.001209 0.001209
BinVal : 16 9 0.9846 0.002993 0.002993
BinVal : 16 10 0.9866 0.007379 0.007379
BinVal : 16 11 1 0.009434 0.009434
BinVal : 16 12 1 0.01613 0.01613
BinVal : 17 0 0 0 0
BinVal : 17 1 0.06667 0.04028 0.04028
BinVal : 17 2 0.2778 0.03497 0.03497
BinVal : 17 3 0.748 0.03888 0.03888
BinVal : 17 4 0.871 0.0191 0.0191
BinVal : 17 5 0.9614 0.006204 0.006204
BinVal : 17 6 0.9729 0.003333 0.003333
BinVal : 17 7 0.9799 0.002048 0.002048
BinVal : 17 8 0.9829 0.001283 0.001283
BinVal : 17 9 0.9841 0.003086 0.003086
BinVal : 17 10 0.9871 0.007098 0.007098
BinVal : 17 11 1 0.009999 0.009999
BinVal : 17 12 1 0.02 0.02
BinVal : 18 0 0 0 0
BinVal : 18 1 0.02941 0.03766 0.03766
BinVal : 18 2 0.2067 0.03296 0.03296
BinVal : 18 3 0.6306 0.04526 0.04526
BinVal : 18 4 0.814 0.02499 0.02499
BinVal : 18 5 0.9362 0.008452 0.008452
BinVal : 18 6 0.9611 0.004085 0.004085
BinVal : 18 7 0.9701 0.002693 0.002693
BinVal : 18 8 0.9778 0.001608 0.001608
BinVal : 18 9 0.9805 0.003778 0.003778
BinVal : 18 10 0.987 0.008528 0.008528
BinVal : 18 11 1 0.01299 0.01299
BinVal : 18 12 1 0.01886 0.01886
BinVal : 19 0 0 0 0
BinVal : 19 1 0 0 0
BinVal : 19 2 0.2537 0.05248 0.05248
BinVal : 19 3 0.5319 0.07058 0.07058
BinVal : 19 4 0.8144 0.03938 0.03938
BinVal : 19 5 0.9154 0.01398 0.01398
BinVal : 19 6 0.9534 0.006685 0.006685
BinVal : 19 7 0.9633 0.004565 0.004565
BinVal : 19 8 0.9706 0.00291 0.00291
BinVal : 19 9 0.9672 0.007544 0.007544
BinVal : 19 10 0.9877 0.01673 0.01673
BinVal : 19 11 1 0.03331 0.03331
BinVal : 19 12 1 0.03701 0.03701
BinVal : 20 0 0 0 0
BinVal : 20 1 0 0 0
BinVal : 20 2 0 0 0
BinVal : 20 3 0 0 0
BinVal : 20 4 0 0 0
BinVal : 20 5 0 0 0
BinVal : 20 6 0 0 0
BinVal : 20 7 0 0 0
BinVal : 20 8 0 0 0
BinVal : 20 9 0 0 0
BinVal : 20 10 0 0 0
BinVal : 20 11 0 0 0
BinVal : 20 12 0 0 0
BinVal : 21 0 0 0 0
BinVal : 21 1 0 0 0
BinVal : 21 2 0 0 0
BinVal : 21 3 0 0 0
BinVal : 21 4 0 0 0
BinVal : 21 5 0 0 0
BinVal : 21 6 0 0 0
BinVal : 21 7 0 0 0
BinVal : 21 8 0 0 0
BinVal : 21 9 0 0 0
BinVal : 21 10 0 0 0
BinVal : 21 11 0 0 0
BinVal : 21 12 0 0 0
BinVal : 22 0 0 0 0
BinVal : 22 1 0.01818 0.02416 0.02416
BinVal : 22 2 0.2344 0.03046 0.03046
BinVal : 22 3 0.6078 0.03911 0.03911
BinVal : 22 4 0.7345 0.02195 0.02195
BinVal : 22 5 0.8106 0.01101 0.01101
BinVal : 22 6 0.8267 0.008767 0.008767
BinVal : 22 7 0.8502 0.007343 0.007343
BinVal : 22 8 0.847 0.005447 0.005447
BinVal : 22 9 0.8678 0.01414 0.01414
BinVal : 22 10 0.8205 0.04337 0.04337
BinVal : 22 11 0.8929 0.06105 0.06105
BinVal : 22 12 0.7778 0.1286 0.1286
BinVal : 23 0 0 0 0
BinVal : 23 1 0 0 0
BinVal : 23 2 0.1063 0.02462 0.02462
BinVal : 23 3 0.5414 0.04273 0.04273
BinVal : 23 4 0.6657 0.02579 0.02579
BinVal : 23 5 0.7028 0.01517 0.01517
BinVal : 23 6 0.74 0.01201 0.01201
BinVal : 23 7 0.7452 0.01064 0.01064
BinVal : 23 8 0.7665 0.008288 0.008288
BinVal : 23 9 0.7853 0.02223 0.02223
BinVal : 23 10 0.6923 0.06263 0.06263
BinVal : 23 11 0.6667 0.1389 0.1389
BinVal : 23 12 0.5 0.2236 0.2236
BinVal : 24 0 0 0 0
BinVal : 24 1 0 0 0
BinVal : 24 2 0.09091 0.02547 0.02547
BinVal : 24 3 0.4851 0.04901 0.04901
BinVal : 24 4 0.6567 0.03094 0.03094
BinVal : 24 5 0.7007 0.01722 0.01722
BinVal : 24 6 0.7305 0.01403 0.01403
BinVal : 24 7 0.7481 0.01322 0.01322
BinVal : 24 8 0.7727 0.01108 0.01108
BinVal : 24 9 0.7823 0.0339 0.0339
BinVal : 24 10 0.6786 0.08467 0.08467
BinVal : 24 11 0.8 0.1597 0.1597
BinVal : 24 12 0.8 0.1597 0.1597
BinVal : 25 0 0 0 0
BinVal : 25 1 0 0 0
BinVal : 25 2 0.05932 0.02268 0.02268
BinVal : 25 3 0.4156 0.05514 0.05514
BinVal : 25 4 0.6818 0.03487 0.03487
BinVal : 25 5 0.7462 0.01794 0.01794
BinVal : 25 6 0.7642 0.01539 0.01539
BinVal : 25 7 0.784 0.01615 0.01615
BinVal : 25 8 0.8152 0.01315 0.01315
BinVal : 25 9 0.8488 0.03877 0.03877
BinVal : 25 10 0.8462 0.1 0.1
BinVal : 25 11 1 0.1936 0.1936
BinVal : 25 12 1 0.1936 0.1936
BinVal : 26 0 0 0 0
BinVal : 26 1 0 0 0
BinVal : 26 2 0.03488 0.02208 0.02208
BinVal : 26 3 0.4043 0.06951 0.06951
BinVal : 26 4 0.7094 0.04159 0.04159
BinVal : 26 5 0.7373 0.02333 0.02333
BinVal : 26 6 0.7836 0.01963 0.01963
BinVal : 26 7 0.7416 0.02528 0.02528
BinVal : 26 8 0.8205 0.01852 0.01852
BinVal : 26 9 0.907 0.04634 0.04634
BinVal : 26 10 0.75 0.1782 0.1782
BinVal : 26 11 0.75 0.1782 0.1782
BinVal : 26 12 0.75 0.1782 0.1782
BinVal : 27 0 0 0 0
BinVal : 27 1 0 0 0
BinVal : 27 2 0.03704 0.04626 0.04626
BinVal : 27 3 0.375 0.1118 0.1118
BinVal : 27 4 0.6341 0.07287 0.07287
BinVal : 27 5 0.5966 0.04444 0.04444
BinVal : 27 6 0.7377 0.03953 0.03953
BinVal : 27 7 0.6087 0.0576 0.0576
BinVal : 27 8 0.6374 0.04967 0.04967
BinVal : 27 9 1 0.1409 0.1409
BinVal : 27 10 1 0.1409 0.1409
BinVal : 27 11 1 0.1409 0.1409
BinVal : 27 12 1 0.1409 0.1409
BinVal : 28 0 0 0 0
BinVal : 28 1 0 0 0
BinVal : 28 2 0 0 0
BinVal : 28 3 0 0 0
BinVal : 28 4 0 0 0
BinVal : 28 5 0.05882 0.06862 0.06862
BinVal : 28 6 0.375 0.1477 0.1477
BinVal : 28 7 0.2857 0.1491 0.1491
BinVal : 28 8 0.2857 0.1491 0.1491
BinVal : 28 9 0.2857 0.1491 0.1491
BinVal : 28 10 0.2857 0.1491 0.1491
BinVal : 28 11 0.2857 0.1491 0.1491
BinVal : 28 12 0.2857 0.1491 0.1491
 





