D0NoteID : 0
EffName : EJETS_GROUP1_v15
EffType : Binned
EffVarNames : DetEta pT
EffVersion : 6
ObjQuality : Point05
ObjType : Electron
ObjVersion : 3
TriggerVersion : v15
BinEdgesX : -3.2 -2.8 -2.5 -2.3 -2.1 -1.9 -1.7 -1.5 -1.3 -1.1 -0.9 -0.7 -0.5 -0.3 -0.1 0.1 0.3 0.5 0.7 0.9 1.1 1.3 1.5 1.7 1.9 2.1 2.3 2.5 2.8 3.2
BinEdgesY : 0 10 15 20 22 25 30 35 40 50 60 70 80 1000
BinVal : 0 0 0 0 0
BinVal : 0 1 0 0 0
BinVal : 0 2 0.03704 0.04626 0.04626
BinVal : 0 3 0.2414 0.07735 0.07735
BinVal : 0 4 0.375 0.06797 0.06797
BinVal : 0 5 0.6604 0.03726 0.03726
BinVal : 0 6 0.6724 0.04312 0.04312
BinVal : 0 7 0.597 0.05869 0.05869
BinVal : 0 8 0.66 0.04678 0.04678
BinVal : 0 9 0.6667 0.2 0.2
BinVal : 0 10 0.6667 0.2 0.2
BinVal : 0 11 0.6667 0.2 0.2
BinVal : 0 12 0.6667 0.2 0.2
BinVal : 1 0 0 0 0
BinVal : 1 1 0 0 0
BinVal : 1 2 0.09615 0.04238 0.04238
BinVal : 1 3 0.3488 0.07058 0.07058
BinVal : 1 4 0.4853 0.05931 0.05931
BinVal : 1 5 0.7219 0.0257 0.0257
BinVal : 1 6 0.7872 0.02433 0.02433
BinVal : 1 7 0.815 0.02743 0.02743
BinVal : 1 8 0.7901 0.02607 0.02607
BinVal : 1 9 0.8 0.08738 0.08738
BinVal : 1 10 1 0.2357 0.2357
BinVal : 1 11 1 0.2357 0.2357
BinVal : 1 12 1 0.2357 0.2357
BinVal : 2 0 0 0 0
BinVal : 2 1 0 0 0
BinVal : 2 2 0.09836 0.03928 0.03928
BinVal : 2 3 0.4706 0.06793 0.06793
BinVal : 2 4 0.5444 0.05165 0.05165
BinVal : 2 5 0.7268 0.02323 0.02323
BinVal : 2 6 0.7792 0.01927 0.01927
BinVal : 2 7 0.8029 0.0214 0.0214
BinVal : 2 8 0.7972 0.01939 0.01939
BinVal : 2 9 0.7273 0.06568 0.06568
BinVal : 2 10 1 0.2357 0.2357
BinVal : 2 11 1 0.2357 0.2357
BinVal : 2 12 1 0.2357 0.2357
BinVal : 3 0 0 0 0
BinVal : 3 1 0 0 0
BinVal : 3 2 0.05 0.03095 0.03095
BinVal : 3 3 0.4483 0.0637 0.0637
BinVal : 3 4 0.5493 0.04133 0.04133
BinVal : 3 5 0.7309 0.02199 0.02199
BinVal : 3 6 0.7578 0.01731 0.01731
BinVal : 3 7 0.7659 0.0183 0.0183
BinVal : 3 8 0.7283 0.0165 0.0165
BinVal : 3 9 0.7333 0.05043 0.05043
BinVal : 3 10 0.8 0.1597 0.1597
BinVal : 3 11 1 0.1936 0.1936
BinVal : 3 12 1 0.1936 0.1936
BinVal : 4 0 0 0 0
BinVal : 4 1 0 0 0
BinVal : 4 2 0.06173 0.02826 0.02826
BinVal : 4 3 0.375 0.06797 0.06797
BinVal : 4 4 0.5813 0.03866 0.03866
BinVal : 4 5 0.7396 0.02171 0.02171
BinVal : 4 6 0.7652 0.01653 0.01653
BinVal : 4 7 0.7623 0.0155 0.0155
BinVal : 4 8 0.7345 0.01351 0.01351
BinVal : 4 9 0.7414 0.04034 0.04034
BinVal : 4 10 0.75 0.1166 0.1166
BinVal : 4 11 0.75 0.1782 0.1782
BinVal : 4 12 0.75 0.1782 0.1782
BinVal : 5 0 0 0 0
BinVal : 5 1 0 0 0
BinVal : 5 2 0.1235 0.037 0.037
BinVal : 5 3 0.4423 0.067 0.067
BinVal : 5 4 0.6913 0.03755 0.03755
BinVal : 5 5 0.7967 0.01943 0.01943
BinVal : 5 6 0.8258 0.0147 0.0147
BinVal : 5 7 0.8314 0.01286 0.01286
BinVal : 5 8 0.8356 0.009681 0.009681
BinVal : 5 9 0.8529 0.02723 0.02723
BinVal : 5 10 0.7368 0.09631 0.09631
BinVal : 5 11 0.7 0.1307 0.1307
BinVal : 5 12 1 0.2357 0.2357
BinVal : 6 0 0 0 0
BinVal : 6 1 0 0 0
BinVal : 6 2 0.1818 0.06667 0.06667
BinVal : 6 3 0.5172 0.08834 0.08834
BinVal : 6 4 0.7733 0.04792 0.04792
BinVal : 6 5 0.8584 0.02362 0.02362
BinVal : 6 6 0.8869 0.01735 0.01735
BinVal : 6 7 0.9106 0.01393 0.01393
BinVal : 6 8 0.8926 0.01066 0.01066
BinVal : 6 9 0.9412 0.02445 0.02445
BinVal : 6 10 0.75 0.1166 0.1166
BinVal : 6 11 0.75 0.1382 0.1382
BinVal : 6 12 1 0.2357 0.2357
BinVal : 7 0 0 0 0
BinVal : 7 1 0 0 0
BinVal : 7 2 0 0 0
BinVal : 7 3 0 0 0
BinVal : 7 4 0 0 0
BinVal : 7 5 0 0 0
BinVal : 7 6 0 0 0
BinVal : 7 7 0 0 0
BinVal : 7 8 0 0 0
BinVal : 7 9 0 0 0
BinVal : 7 10 0 0 0
BinVal : 7 11 0 0 0
BinVal : 7 12 0 0 0
BinVal : 8 0 0 0 0
BinVal : 8 1 0 0 0
BinVal : 8 2 0 0 0
BinVal : 8 3 0 0 0
BinVal : 8 4 0 0 0
BinVal : 8 5 0 0 0
BinVal : 8 6 0 0 0
BinVal : 8 7 0 0 0
BinVal : 8 8 0 0 0
BinVal : 8 9 0 0 0
BinVal : 8 10 0 0 0
BinVal : 8 11 0 0 0
BinVal : 8 12 0 0 0
BinVal : 9 0 0 0 0
BinVal : 9 1 0.125 0.1206 0.1206
BinVal : 9 2 0.25 0.07051 0.07051
BinVal : 9 3 0.6765 0.0775 0.0775
BinVal : 9 4 0.7377 0.05548 0.05548
BinVal : 9 5 0.9076 0.01896 0.01896
BinVal : 9 6 0.9574 0.007984 0.007984
BinVal : 9 7 0.9688 0.00503 0.00503
BinVal : 9 8 0.9806 0.002805 0.002805
BinVal : 9 9 0.9887 0.006245 0.006245
BinVal : 9 10 0.9701 0.02437 0.02437
BinVal : 9 11 0.9286 0.08021 0.08021
BinVal : 9 12 1 0.09045 0.09045
BinVal : 10 0 0 0 0
BinVal : 10 1 0 0 0
BinVal : 10 2 0.3077 0.0718 0.0718
BinVal : 10 3 0.7347 0.06189 0.06189
BinVal : 10 4 0.7957 0.04161 0.04161
BinVal : 10 5 0.9416 0.014 0.014
BinVal : 10 6 0.9746 0.006036 0.006036
BinVal : 10 7 0.9714 0.004508 0.004508
BinVal : 10 8 0.9832 0.002378 0.002378
BinVal : 10 9 0.9805 0.007176 0.007176
BinVal : 10 10 0.988 0.01635 0.01635
BinVal : 10 11 0.9375 0.0721 0.0721
BinVal : 10 12 1 0.04993 0.04993
BinVal : 11 0 0 0 0
BinVal : 11 1 0 0 0
BinVal : 11 2 0.4375 0.08393 0.08393
BinVal : 11 3 0.75 0.06405 0.06405
BinVal : 11 4 0.83 0.03756 0.03756
BinVal : 11 5 0.9588 0.01067 0.01067
BinVal : 11 6 0.9755 0.006208 0.006208
BinVal : 11 7 0.9777 0.004078 0.004078
BinVal : 11 8 0.9825 0.002406 0.002406
BinVal : 11 9 0.9813 0.006472 0.006472
BinVal : 11 10 0.9875 0.01693 0.01693
BinVal : 11 11 0.9655 0.04343 0.04343
BinVal : 11 12 1 0.04163 0.04163
BinVal : 12 0 0 0 0
BinVal : 12 1 0 0 0
BinVal : 12 2 0.4783 0.09798 0.09798
BinVal : 12 3 0.7714 0.0696 0.0696
BinVal : 12 4 0.8085 0.04045 0.04045
BinVal : 12 5 0.961 0.01011 0.01011
BinVal : 12 6 0.9681 0.007157 0.007157
BinVal : 12 7 0.9825 0.003855 0.003855
BinVal : 12 8 0.9832 0.002281 0.002281
BinVal : 12 9 0.9882 0.005137 0.005137
BinVal : 12 10 0.963 0.02337 0.02337
BinVal : 12 11 1 0.02127 0.02127
BinVal : 12 12 1 0.03997 0.03997
BinVal : 13 0 0 0 0
BinVal : 13 1 0 0 0
BinVal : 13 2 0.5 0.09623 0.09623
BinVal : 13 3 0.8889 0.06296 0.06296
BinVal : 13 4 0.8807 0.03137 0.03137
BinVal : 13 5 0.9692 0.009055 0.009055
BinVal : 13 6 0.9725 0.006364 0.006364
BinVal : 13 7 0.9848 0.003875 0.003875
BinVal : 13 8 0.9859 0.002021 0.002021
BinVal : 13 9 0.99 0.004845 0.004845
BinVal : 13 10 0.9674 0.02071 0.02071
BinVal : 13 11 1 0.02272 0.02272
BinVal : 13 12 1 0.03224 0.03224
BinVal : 14 0 0 0 0
BinVal : 14 1 0 0 0
BinVal : 14 2 0.4643 0.0896 0.0896
BinVal : 14 3 0.8571 0.07737 0.07737
BinVal : 14 4 0.95 0.02318 0.02318
BinVal : 14 5 0.9676 0.009111 0.009111
BinVal : 14 6 0.9778 0.005624 0.005624
BinVal : 14 7 0.9802 0.004373 0.004373
BinVal : 14 8 0.9818 0.00229 0.00229
BinVal : 14 9 0.9858 0.005673 0.005673
BinVal : 14 10 0.9804 0.01633 0.01633
BinVal : 14 11 1 0.02777 0.02777
BinVal : 14 12 1 0.03843 0.03843
BinVal : 15 0 0 0 0
BinVal : 15 1 0 0 0
BinVal : 15 2 0.4194 0.08476 0.08476
BinVal : 15 3 0.75 0.07942 0.07942
BinVal : 15 4 0.9655 0.02184 0.02184
BinVal : 15 5 0.9597 0.01045 0.01045
BinVal : 15 6 0.981 0.005402 0.005402
BinVal : 15 7 0.9747 0.004541 0.004541
BinVal : 15 8 0.9808 0.002437 0.002437
BinVal : 15 9 0.9751 0.007341 0.007341
BinVal : 15 10 0.9714 0.01825 0.01825
BinVal : 15 11 1 0.03331 0.03331
BinVal : 15 12 1 0.05871 0.05871
BinVal : 16 0 0 0 0
BinVal : 16 1 0 0 0
BinVal : 16 2 0.3846 0.07527 0.07527
BinVal : 16 3 0.7879 0.06999 0.06999
BinVal : 16 4 0.9271 0.02752 0.02752
BinVal : 16 5 0.9377 0.0137 0.0137
BinVal : 16 6 0.9743 0.00612 0.00612
BinVal : 16 7 0.98 0.0038 0.0038
BinVal : 16 8 0.983 0.002362 0.002362
BinVal : 16 9 0.9724 0.007784 0.007784
BinVal : 16 10 0.9806 0.01618 0.01618
BinVal : 16 11 1 0.04756 0.04756
BinVal : 16 12 0.9524 0.05752 0.05752
BinVal : 17 0 0 0 0
BinVal : 17 1 0 0 0
BinVal : 17 2 0.3409 0.06947 0.06947
BinVal : 17 3 0.5938 0.08319 0.08319
BinVal : 17 4 0.901 0.03029 0.03029
BinVal : 17 5 0.9263 0.01568 0.01568
BinVal : 17 6 0.9603 0.007198 0.007198
BinVal : 17 7 0.9777 0.00389 0.00389
BinVal : 17 8 0.9833 0.002341 0.002341
BinVal : 17 9 0.9709 0.008211 0.008211
BinVal : 17 10 1 0.01136 0.01136
BinVal : 17 11 0.9474 0.06258 0.06258
BinVal : 17 12 0.9524 0.05752 0.05752
BinVal : 18 0 0 0 0
BinVal : 18 1 0 0 0
BinVal : 18 2 0.3846 0.07527 0.07527
BinVal : 18 3 0.5172 0.08834 0.08834
BinVal : 18 4 0.9091 0.03145 0.03145
BinVal : 18 5 0.9366 0.01515 0.01515
BinVal : 18 6 0.9471 0.008418 0.008418
BinVal : 18 7 0.9678 0.005056 0.005056
BinVal : 18 8 0.9835 0.002545 0.002545
BinVal : 18 9 0.9727 0.008865 0.008865
BinVal : 18 10 0.9841 0.02126 0.02126
BinVal : 18 11 0.9545 0.05528 0.05528
BinVal : 18 12 1 0.0665 0.0665
BinVal : 19 0 0 0 0
BinVal : 19 1 0 0 0
BinVal : 19 2 0.5 0.1213 0.1213
BinVal : 19 3 0.6 0.1367 0.1367
BinVal : 19 4 0.9231 0.04578 0.04578
BinVal : 19 5 0.9485 0.01982 0.01982
BinVal : 19 6 0.9412 0.01296 0.01296
BinVal : 19 7 0.9611 0.008912 0.008912
BinVal : 19 8 0.9817 0.004257 0.004257
BinVal : 19 9 0.9786 0.01384 0.01384
BinVal : 19 10 0.9667 0.04214 0.04214
BinVal : 19 11 1 0.07666 0.07666
BinVal : 19 12 1 0.1237 0.1237
BinVal : 20 0 0 0 0
BinVal : 20 1 0 0 0
BinVal : 20 2 0 0 0
BinVal : 20 3 0 0 0
BinVal : 20 4 0 0 0
BinVal : 20 5 0 0 0
BinVal : 20 6 0 0 0
BinVal : 20 7 0 0 0
BinVal : 20 8 0 0 0
BinVal : 20 9 0 0 0
BinVal : 20 10 0 0 0
BinVal : 20 11 0 0 0
BinVal : 20 12 0 0 0
BinVal : 21 0 0 0 0
BinVal : 21 1 0 0 0
BinVal : 21 2 0 0 0
BinVal : 21 3 0 0 0
BinVal : 21 4 0 0 0
BinVal : 21 5 0 0 0
BinVal : 21 6 0 0 0
BinVal : 21 7 0 0 0
BinVal : 21 8 0 0 0
BinVal : 21 9 0 0 0
BinVal : 21 10 0 0 0
BinVal : 21 11 0 0 0
BinVal : 21 12 0 0 0
BinVal : 22 0 0 0 0
BinVal : 22 1 0 0 0
BinVal : 22 2 0.127 0.04251 0.04251
BinVal : 22 3 0.6 0.05948 0.05948
BinVal : 22 4 0.7121 0.0391 0.0391
BinVal : 22 5 0.7745 0.01992 0.01992
BinVal : 22 6 0.8078 0.01551 0.01551
BinVal : 22 7 0.8541 0.01222 0.01222
BinVal : 22 8 0.8496 0.00933 0.00933
BinVal : 22 9 0.8859 0.02628 0.02628
BinVal : 22 10 0.8205 0.06115 0.06115
BinVal : 22 11 0.7273 0.1234 0.1234
BinVal : 22 12 0.6667 0.1614 0.1614
BinVal : 23 0 0 0 0
BinVal : 23 1 0 0 0
BinVal : 23 2 0.07792 0.03177 0.03177
BinVal : 23 3 0.4571 0.05832 0.05832
BinVal : 23 4 0.6183 0.042 0.042
BinVal : 23 5 0.7163 0.02205 0.02205
BinVal : 23 6 0.744 0.01749 0.01749
BinVal : 23 7 0.7679 0.01596 0.01596
BinVal : 23 8 0.7668 0.01283 0.01283
BinVal : 23 9 0.8276 0.03506 0.03506
BinVal : 23 10 0.7308 0.08389 0.08389
BinVal : 23 11 0.6 0.175 0.175
BinVal : 23 12 0.6 0.175 0.175
BinVal : 24 0 0 0 0
BinVal : 24 1 0 0 0
BinVal : 24 2 0.05479 0.02861 0.02861
BinVal : 24 3 0.3607 0.06018 0.06018
BinVal : 24 4 0.6102 0.04437 0.04437
BinVal : 24 5 0.7411 0.02202 0.02202
BinVal : 24 6 0.796 0.01727 0.01727
BinVal : 24 7 0.7659 0.0183 0.0183
BinVal : 24 8 0.768 0.01586 0.01586
BinVal : 24 9 0.7907 0.04361 0.04361
BinVal : 24 10 0.8125 0.09538 0.09538
BinVal : 24 11 0.8125 0.09538 0.09538
BinVal : 24 12 0.8125 0.09538 0.09538
BinVal : 25 0 0 0 0
BinVal : 25 1 0 0 0
BinVal : 25 2 0.06494 0.02962 0.02962
BinVal : 25 3 0.1795 0.06115 0.06115
BinVal : 25 4 0.6042 0.04919 0.04919
BinVal : 25 5 0.7609 0.02372 0.02372
BinVal : 25 6 0.7914 0.01933 0.01933
BinVal : 25 7 0.7915 0.0223 0.0223
BinVal : 25 8 0.7983 0.01857 0.01857
BinVal : 25 9 0.8444 0.05424 0.05424
BinVal : 25 10 0.7778 0.1286 0.1286
BinVal : 25 11 1 0.1936 0.1936
BinVal : 25 12 1 0.1936 0.1936
BinVal : 26 0 0 0 0
BinVal : 26 1 0 0 0
BinVal : 26 2 0.075 0.03067 0.03067
BinVal : 26 3 0.2973 0.07298 0.07298
BinVal : 26 4 0.5833 0.04958 0.04958
BinVal : 26 5 0.7121 0.02813 0.02813
BinVal : 26 6 0.7532 0.0245 0.0245
BinVal : 26 7 0.7419 0.03193 0.03193
BinVal : 26 8 0.7474 0.02548 0.02548
BinVal : 26 9 0.8636 0.07454 0.07454
BinVal : 26 10 0.5 0.2236 0.2236
BinVal : 26 11 1 0.1936 0.1936
BinVal : 26 12 1 0.1936 0.1936
BinVal : 27 0 0 0 0
BinVal : 27 1 0 0 0
BinVal : 27 2 0.06122 0.03728 0.03728
BinVal : 27 3 0.35 0.1003 0.1003
BinVal : 27 4 0.5085 0.06349 0.06349
BinVal : 27 5 0.5855 0.03958 0.03958
BinVal : 27 6 0.6718 0.04065 0.04065
BinVal : 27 7 0.5823 0.0545 0.0545
BinVal : 27 8 0.6311 0.04693 0.04693
BinVal : 27 9 0.5 0.1508 0.1508
BinVal : 27 10 0.5 0.1508 0.1508
BinVal : 27 11 0.5 0.1508 0.1508
BinVal : 27 12 0.5 0.1508 0.1508
BinVal : 28 0 0 0 0
BinVal : 28 1 0 0 0
BinVal : 28 2 0 0 0
BinVal : 28 3 0 0 0
BinVal : 28 4 0.125 0.1206 0.1206
BinVal : 28 5 0.2222 0.07813 0.07813
BinVal : 28 6 0.2222 0.07813 0.07813
BinVal : 28 7 0.2222 0.1286 0.1286
BinVal : 28 8 0.25 0.1782 0.1782
BinVal : 28 9 0.25 0.1782 0.1782
BinVal : 28 10 0.25 0.1782 0.1782
BinVal : 28 11 0.25 0.1782 0.1782
BinVal : 28 12 0.25 0.1782 0.1782
