D0NoteID : 0
EffName : EJETS_GROUP1_v155
EffType : Binned
EffVarNames : DetEta pT
EffVersion : 6
ObjQuality : Loose
ObjType : Electron
ObjVersion : 11
BinEdgesX : -3.2 -2.8 -2.5 -2.3 -2.1 -1.9 -1.7 -1.5 -1.3 -1.1 -0.9 -0.7 -0.5 -0.3 -0.1 0.1 0.3 0.5 0.7 0.9 1.1 1.3 1.5 1.7 1.9 2.1 2.3 2.5 2.8 3.2
BinEdgesY : 0 10 15 20 22 25 30 35 40 50 60 70 80 1000
BinVal : 0 0 0 0 0
BinVal : 0 1 0 0 0
BinVal : 0 2 0.1451 0.01981 0.01981
BinVal : 0 3 0.3939 0.03772 0.03772
BinVal : 0 4 0.6173 0.02559 0.02559
BinVal : 0 5 0.7465 0.01621 0.01621
BinVal : 0 6 0.8881 0.01311 0.01311
BinVal : 0 7 0.7866 0.02259 0.02259
BinVal : 0 8 0.9036 0.01559 0.01559
BinVal : 0 9 1 0.05255 0.05255
BinVal : 0 10 1 0.1936 0.1936
BinVal : 0 11 1 0.1936 0.1936
BinVal : 0 12 1 0.1936 0.1936
BinVal : 1 0 0 0 0
BinVal : 1 1 0 0 0
BinVal : 1 2 0.1601 0.02017 0.02017
BinVal : 1 3 0.4208 0.03449 0.03449
BinVal : 1 4 0.6937 0.02214 0.02214
BinVal : 1 5 0.8049 0.01323 0.01323
BinVal : 1 6 0.9086 0.009649 0.009649
BinVal : 1 7 0.8964 0.0134 0.0134
BinVal : 1 8 0.9297 0.00984 0.00984
BinVal : 1 9 0.9811 0.02501 0.02501
BinVal : 1 10 1 0.09045 0.09045
BinVal : 1 11 1 0.09045 0.09045
BinVal : 1 12 1 0.2357 0.2357
BinVal : 2 0 0 0 0
BinVal : 2 1 0 0 0
BinVal : 2 2 0.1491 0.01987 0.01987
BinVal : 2 3 0.4785 0.03634 0.03634
BinVal : 2 4 0.6988 0.02246 0.02246
BinVal : 2 5 0.7971 0.01342 0.01342
BinVal : 2 6 0.8858 0.009867 0.009867
BinVal : 2 7 0.904 0.01064 0.01064
BinVal : 2 8 0.928 0.008387 0.008387
BinVal : 2 9 0.9634 0.0231 0.0231
BinVal : 2 10 1 0.05546 0.05546
BinVal : 2 11 1 0.1633 0.1633
BinVal : 2 12 1 0.1936 0.1936
BinVal : 3 0 0 0 0
BinVal : 3 1 0 0 0
BinVal : 3 2 0.1281 0.01769 0.01769
BinVal : 3 3 0.4865 0.03332 0.03332
BinVal : 3 4 0.6497 0.02147 0.02147
BinVal : 3 5 0.7974 0.01312 0.01312
BinVal : 3 6 0.8299 0.01093 0.01093
BinVal : 3 7 0.8741 0.009714 0.009714
BinVal : 3 8 0.9143 0.007432 0.007432
BinVal : 3 9 0.9853 0.01237 0.01237
BinVal : 3 10 1 0.03701 0.03701
BinVal : 3 11 1 0.1237 0.1237
BinVal : 3 12 1 0.1409 0.1409
BinVal : 4 0 0 0 0
BinVal : 4 1 0 0 0
BinVal : 4 2 0.1303 0.01927 0.01927
BinVal : 4 3 0.4573 0.03236 0.03236
BinVal : 4 4 0.676 0.02015 0.02015
BinVal : 4 5 0.8138 0.01203 0.01203
BinVal : 4 6 0.8107 0.01065 0.01065
BinVal : 4 7 0.8574 0.008864 0.008864
BinVal : 4 8 0.9154 0.00609 0.00609
BinVal : 4 9 0.996 0.005579 0.005579
BinVal : 4 10 1 0.02563 0.02563
BinVal : 4 11 1 0.08299 0.08299
BinVal : 4 12 1 0.1409 0.1409
BinVal : 5 0 0 0 0
BinVal : 5 1 0 0 0
BinVal : 5 2 0.2152 0.02745 0.02745
BinVal : 5 3 0.5385 0.03543 0.03543
BinVal : 5 4 0.7089 0.02067 0.02067
BinVal : 5 5 0.8461 0.01083 0.01083
BinVal : 5 6 0.8602 0.008866 0.008866
BinVal : 5 7 0.881 0.007658 0.007658
BinVal : 5 8 0.9388 0.004504 0.004504
BinVal : 5 9 0.9858 0.006851 0.006851
BinVal : 5 10 1 0.01852 0.01852
BinVal : 5 11 1 0.05871 0.05871
BinVal : 5 12 1 0.07122 0.07122
BinVal : 6 0 0 0 0
BinVal : 6 1 0 0 0
BinVal : 6 2 0.2955 0.04804 0.04804
BinVal : 6 3 0.6222 0.05034 0.05034
BinVal : 6 4 0.7069 0.02975 0.02975
BinVal : 6 5 0.8881 0.01343 0.01343
BinVal : 6 6 0.8972 0.01084 0.01084
BinVal : 6 7 0.9096 0.009435 0.009435
BinVal : 6 8 0.9566 0.005097 0.005097
BinVal : 6 9 0.9794 0.01123 0.01123
BinVal : 6 10 1 0.03029 0.03029
BinVal : 6 11 1 0.09938 0.09938
BinVal : 6 12 1 0.07666 0.07666
BinVal : 7 0 0 0 0
BinVal : 7 1 0 0 0
BinVal : 7 2 0 0 0
BinVal : 7 3 0 0 0
BinVal : 7 4 0 0 0
BinVal : 7 5 0 0 0
BinVal : 7 6 0 0 0
BinVal : 7 7 0 0 0
BinVal : 7 8 0 0 0
BinVal : 7 9 0 0 0
BinVal : 7 10 0 0 0
BinVal : 7 11 0 0 0
BinVal : 7 12 0 0 0
BinVal : 8 0 0 0 0
BinVal : 8 1 0 0 0
BinVal : 8 2 0 0 0
BinVal : 8 3 0 0 0
BinVal : 8 4 0 0 0
BinVal : 8 5 0 0 0
BinVal : 8 6 0 0 0
BinVal : 8 7 0 0 0
BinVal : 8 8 0 0 0
BinVal : 8 9 0 0 0
BinVal : 8 10 0 0 0
BinVal : 8 11 0 0 0
BinVal : 8 12 0 0 0
BinVal : 9 0 0 0 0
BinVal : 9 1 0 0 0
BinVal : 9 2 0.243 0.04116 0.04116
BinVal : 9 3 0.5663 0.05346 0.05346
BinVal : 9 4 0.8247 0.02729 0.02729
BinVal : 9 5 0.9602 0.008453 0.008453
BinVal : 9 6 0.9698 0.004817 0.004817
BinVal : 9 7 0.9732 0.00347 0.00347
BinVal : 9 8 0.9901 0.001479 0.001479
BinVal : 9 9 0.9974 0.002241 0.002241
BinVal : 9 10 1 0.007874 0.007874
BinVal : 9 11 1 0.0204 0.0204
BinVal : 9 12 1 0.03701 0.03701
BinVal : 10 0 0 0 0
BinVal : 10 1 0 0 0
BinVal : 10 2 0.3451 0.04422 0.04422
BinVal : 10 3 0.6477 0.05018 0.05018
BinVal : 10 4 0.8426 0.02378 0.02378
BinVal : 10 5 0.9577 0.008242 0.008242
BinVal : 10 6 0.9678 0.00487 0.00487
BinVal : 10 7 0.9771 0.002989 0.002989
BinVal : 10 8 0.9908 0.001282 0.001282
BinVal : 10 9 0.9978 0.001868 0.001868
BinVal : 10 10 1 0.006024 0.006024
BinVal : 10 11 1 0.01587 0.01587
BinVal : 10 12 1 0.02222 0.02222
BinVal : 11 0 0 0 0
BinVal : 11 1 0 0 0
BinVal : 11 2 0.3738 0.04619 0.04619
BinVal : 11 3 0.7792 0.0469 0.0469
BinVal : 11 4 0.8866 0.02068 0.02068
BinVal : 11 5 0.9659 0.007112 0.007112
BinVal : 11 6 0.9697 0.004896 0.004896
BinVal : 11 7 0.9816 0.002652 0.002652
BinVal : 11 8 0.9923 0.001137 0.001137
BinVal : 11 9 1 0.001074 0.001074
BinVal : 11 10 1 0.005155 0.005155
BinVal : 11 11 1 0.0137 0.0137
BinVal : 11 12 1 0.0147 0.0147
BinVal : 12 0 0 0 0
BinVal : 12 1 0 0 0
BinVal : 12 2 0.4062 0.0494 0.0494
BinVal : 12 3 0.7353 0.05278 0.05278
BinVal : 12 4 0.9019 0.02053 0.02053
BinVal : 12 5 0.9734 0.006145 0.006145
BinVal : 12 6 0.9784 0.004091 0.004091
BinVal : 12 7 0.9832 0.002605 0.002605
BinVal : 12 8 0.9914 0.00117 0.00117
BinVal : 12 9 1 0.001034 0.001034
BinVal : 12 10 1 0.004878 0.004878
BinVal : 12 11 1 0.0125 0.0125
BinVal : 12 12 1 0.0147 0.0147
BinVal : 13 0 0 0 0
BinVal : 13 1 0 0 0
BinVal : 13 2 0.4884 0.05299 0.05299
BinVal : 13 3 0.8116 0.04689 0.04689
BinVal : 13 4 0.9217 0.01852 0.01852
BinVal : 13 5 0.9696 0.006356 0.006356
BinVal : 13 6 0.9803 0.00381 0.00381
BinVal : 13 7 0.986 0.002484 0.002484
BinVal : 13 8 0.9918 0.001111 0.001111
BinVal : 13 9 1 0.0009756 0.0009756
BinVal : 13 10 1 0.005102 0.005102
BinVal : 13 11 1 0.01163 0.01163
BinVal : 13 12 1 0.01923 0.01923
BinVal : 14 0 0 0 0
BinVal : 14 1 0 0 0
BinVal : 14 2 0.4507 0.05786 0.05786
BinVal : 14 3 0.8434 0.04 0.04
BinVal : 14 4 0.9336 0.01688 0.01688
BinVal : 14 5 0.9752 0.00558 0.00558
BinVal : 14 6 0.9774 0.004 0.004
BinVal : 14 7 0.9827 0.002743 0.002743
BinVal : 14 8 0.9918 0.001106 0.001106
BinVal : 14 9 0.9982 0.00158 0.00158
BinVal : 14 10 1 0.004878 0.004878
BinVal : 14 11 1 0.01333 0.01333
BinVal : 14 12 1 0.01639 0.01639
BinVal : 15 0 0 0 0
BinVal : 15 1 0 0 0
BinVal : 15 2 0.36 0.05447 0.05447
BinVal : 15 3 0.7882 0.04404 0.04404
BinVal : 15 4 0.8903 0.02043 0.02043
BinVal : 15 5 0.9715 0.005954 0.005954
BinVal : 15 6 0.9814 0.003672 0.003672
BinVal : 15 7 0.9805 0.002813 0.002813
BinVal : 15 8 0.9896 0.001264 0.001264
BinVal : 15 9 0.9981 0.001614 0.001614
BinVal : 15 10 1 0.005155 0.005155
BinVal : 15 11 1 0.01492 0.01492
BinVal : 15 12 1 0.01754 0.01754
BinVal : 16 0 0 0 0
BinVal : 16 1 0 0 0
BinVal : 16 2 0.3253 0.05068 0.05068
BinVal : 16 3 0.7105 0.0513 0.0513
BinVal : 16 4 0.8419 0.02387 0.02387
BinVal : 16 5 0.9727 0.006149 0.006149
BinVal : 16 6 0.9823 0.003506 0.003506
BinVal : 16 7 0.9859 0.002338 0.002338
BinVal : 16 8 0.9897 0.001285 0.001285
BinVal : 16 9 0.998 0.001691 0.001691
BinVal : 16 10 1 0.005376 0.005376
BinVal : 16 11 1 0.01205 0.01205
BinVal : 16 12 1 0.02222 0.02222
BinVal : 17 0 0 0 0
BinVal : 17 1 0 0 0
BinVal : 17 2 0.35 0.05248 0.05248
BinVal : 17 3 0.619 0.05214 0.05214
BinVal : 17 4 0.8077 0.02917 0.02917
BinVal : 17 5 0.9671 0.007388 0.007388
BinVal : 17 6 0.9732 0.004222 0.004222
BinVal : 17 7 0.9875 0.002158 0.002158
BinVal : 17 8 0.9908 0.001259 0.001259
BinVal : 17 9 0.997 0.001983 0.001983
BinVal : 17 10 0.9944 0.007835 0.007835
BinVal : 17 11 1 0.0125 0.0125
BinVal : 17 12 1 0.0196 0.0196
BinVal : 18 0 0 0 0
BinVal : 18 1 0 0 0
BinVal : 18 2 0.2872 0.04615 0.04615
BinVal : 18 3 0.6234 0.05426 0.05426
BinVal : 18 4 0.7771 0.03135 0.03135
BinVal : 18 5 0.9538 0.009337 0.009337
BinVal : 18 6 0.9648 0.005082 0.005082
BinVal : 18 7 0.9829 0.002716 0.002716
BinVal : 18 8 0.9889 0.00153 0.00153
BinVal : 18 9 0.9976 0.002102 0.002102
BinVal : 18 10 0.993 0.009719 0.009719
BinVal : 18 11 1 0.01754 0.01754
BinVal : 18 12 1 0.02222 0.02222
BinVal : 19 0 0 0 0
BinVal : 19 1 0 0 0
BinVal : 19 2 0.22 0.05787 0.05787
BinVal : 19 3 0.5806 0.08476 0.08476
BinVal : 19 4 0.7474 0.04418 0.04418
BinVal : 19 5 0.963 0.01262 0.01262
BinVal : 19 6 0.963 0.00787 0.00787
BinVal : 19 7 0.977 0.004943 0.004943
BinVal : 19 8 0.9856 0.002739 0.002739
BinVal : 19 9 0.997 0.004228 0.004228
BinVal : 19 10 1 0.01492 0.01492
BinVal : 19 11 1 0.0454 0.0454
BinVal : 19 12 1 0.05255 0.05255
BinVal : 20 0 0 0 0
BinVal : 20 1 0 0 0
BinVal : 20 2 0 0 0
BinVal : 20 3 0 0 0
BinVal : 20 4 0 0 0
BinVal : 20 5 0 0 0
BinVal : 20 6 0 0 0
BinVal : 20 7 0 0 0
BinVal : 20 8 0 0 0
BinVal : 20 9 0 0 0
BinVal : 20 10 0 0 0
BinVal : 20 11 0 0 0
BinVal : 20 12 0 0 0
BinVal : 21 0 0 0 0
BinVal : 21 1 0 0 0
BinVal : 21 2 0 0 0
BinVal : 21 3 0 0 0
BinVal : 21 4 0 0 0
BinVal : 21 5 0 0 0
BinVal : 21 6 0 0 0
BinVal : 21 7 0 0 0
BinVal : 21 8 0 0 0
BinVal : 21 9 0 0 0
BinVal : 21 10 0 0 0
BinVal : 21 11 0 0 0
BinVal : 21 12 0 0 0
BinVal : 22 0 0 0 0
BinVal : 22 1 0 0 0
BinVal : 22 2 0.2026 0.02634 0.02634
BinVal : 22 3 0.549 0.03459 0.03459
BinVal : 22 4 0.7241 0.02032 0.02032
BinVal : 22 5 0.8448 0.01088 0.01088
BinVal : 22 6 0.8737 0.008549 0.008549
BinVal : 22 7 0.8939 0.007345 0.007345
BinVal : 22 8 0.926 0.004934 0.004934
BinVal : 22 9 0.9915 0.00561 0.00561
BinVal : 22 10 1 0.01389 0.01389
BinVal : 22 11 0.9474 0.06258 0.06258
BinVal : 22 12 1 0.05546 0.05546
BinVal : 23 0 0 0 0
BinVal : 23 1 0 0 0
BinVal : 23 2 0.1135 0.01898 0.01898
BinVal : 23 3 0.4286 0.03236 0.03236
BinVal : 23 4 0.6632 0.02143 0.02143
BinVal : 23 5 0.7874 0.01246 0.01246
BinVal : 23 6 0.8264 0.01012 0.01012
BinVal : 23 7 0.8399 0.00951 0.00951
BinVal : 23 8 0.8974 0.006604 0.006604
BinVal : 23 9 0.9923 0.006536 0.006536
BinVal : 23 10 1 0.01886 0.01886
BinVal : 23 11 1 0.08299 0.08299
BinVal : 23 12 1 0.1102 0.1102
BinVal : 24 0 0 0 0
BinVal : 24 1 0 0 0
BinVal : 24 2 0.112 0.01655 0.01655
BinVal : 24 3 0.4167 0.03088 0.03088
BinVal : 24 4 0.6637 0.02238 0.02238
BinVal : 24 5 0.799 0.01296 0.01296
BinVal : 24 6 0.835 0.01061 0.01061
BinVal : 24 7 0.8657 0.01001 0.01001
BinVal : 24 8 0.9081 0.007438 0.007438
BinVal : 24 9 0.9938 0.008545 0.008545
BinVal : 24 10 1 0.03997 0.03997
BinVal : 24 11 1 0.1409 0.1409
BinVal : 24 12 1 0.1633 0.1633
BinVal : 25 0 0 0 0
BinVal : 25 1 0 0 0
BinVal : 25 2 0.1288 0.01687 0.01687
BinVal : 25 3 0.4627 0.03491 0.03491
BinVal : 25 4 0.6441 0.02349 0.02349
BinVal : 25 5 0.8402 0.01221 0.01221
BinVal : 25 6 0.8814 0.01026 0.01026
BinVal : 25 7 0.8965 0.01078 0.01078
BinVal : 25 8 0.9093 0.009194 0.009194
BinVal : 25 9 0.9921 0.01092 0.01092
BinVal : 25 10 1 0.1237 0.1237
BinVal : 25 11 1 0.1936 0.1936
BinVal : 25 12 1 0.1936 0.1936
BinVal : 26 0 0 0 0
BinVal : 26 1 0 0 0
BinVal : 26 2 0.151 0.01783 0.01783
BinVal : 26 3 0.4031 0.03479 0.03479
BinVal : 26 4 0.6327 0.02289 0.02289
BinVal : 26 5 0.812 0.01259 0.01259
BinVal : 26 6 0.8919 0.01067 0.01067
BinVal : 26 7 0.8659 0.01452 0.01452
BinVal : 26 8 0.9013 0.01148 0.01148
BinVal : 26 9 1 0.01163 0.01163
BinVal : 26 10 1 0.1409 0.1409
BinVal : 26 11 1 0.1409 0.1409
BinVal : 26 12 1 0.1409 0.1409
BinVal : 27 0 0 0 0
BinVal : 27 1 0 0 0
BinVal : 27 2 0.1327 0.01847 0.01847
BinVal : 27 3 0.3209 0.03392 0.03392
BinVal : 27 4 0.5351 0.02583 0.02583
BinVal : 27 5 0.7294 0.01593 0.01593
BinVal : 27 6 0.8438 0.01539 0.01539
BinVal : 27 7 0.774 0.02219 0.02219
BinVal : 27 8 0.9031 0.01522 0.01522
BinVal : 27 9 1 0.03843 0.03843
BinVal : 27 10 1 0.1633 0.1633
BinVal : 27 11 1 0.1633 0.1633
BinVal : 27 12 1 0.1633 0.1633
BinVal : 28 0 0 0 0
BinVal : 28 1 0 0 0
BinVal : 28 2 0.0708 0.02494 0.02494
BinVal : 28 3 0.2464 0.05127 0.05127
BinVal : 28 4 0.3835 0.04173 0.04173
BinVal : 28 5 0.653 0.02894 0.02894
BinVal : 28 6 0.7933 0.03296 0.03296
BinVal : 28 7 0.6694 0.04183 0.04183
BinVal : 28 8 0.9059 0.03246 0.03246
BinVal : 28 9 1 0.2357 0.2357
BinVal : 28 10 1 0.2357 0.2357
BinVal : 28 11 1 0.2357 0.2357
BinVal : 28 12 1 0.2357 0.2357
