D0NoteID : 0
EffName : EJETS_GROUP1_v16
EffType : Binned
EffVarNames : DetEta pT
EffVersion : 6
ObjQuality : Medium
ObjType : Electron
ObjVersion : 11
BinEdgesX : -3.2 -2.8 -2.5 -2.3 -2.1 -1.9 -1.7 -1.5 -1.3 -1.1 -0.9 -0.7 -0.5 -0.3 -0.1 0.1 0.3 0.5 0.7 0.9 1.1 1.3 1.5 1.7 1.9 2.1 2.3 2.5 2.8 3.2
BinEdgesY : 0 10 15 20 22 25 30 35 40 50 60 70 80 1000
BinVal : 0 0 0 0 0
BinVal : 0 1 0 0 0
BinVal : 0 2 0.1053 0.02517 0.02517
BinVal : 0 3 0.3288 0.05407 0.05407
BinVal : 0 4 0.5385 0.03665 0.03665
BinVal : 0 5 0.7437 0.01921 0.01921
BinVal : 0 6 0.8608 0.0167 0.0167
BinVal : 0 7 0.8125 0.02437 0.02437
BinVal : 0 8 0.893 0.01798 0.01798
BinVal : 0 9 1 0.06236 0.06236
BinVal : 0 10 1 0.1633 0.1633
BinVal : 0 11 1 0.1633 0.1633
BinVal : 0 12 1 0.1633 0.1633
BinVal : 1 0 0 0 0
BinVal : 1 1 0 0 0
BinVal : 1 2 0.1262 0.0228 0.0228
BinVal : 1 3 0.4211 0.04235 0.04235
BinVal : 1 4 0.6754 0.0267 0.0267
BinVal : 1 5 0.7981 0.01315 0.01315
BinVal : 1 6 0.8774 0.01009 0.01009
BinVal : 1 7 0.9015 0.01121 0.01121
BinVal : 1 8 0.9258 0.00882 0.00882
BinVal : 1 9 1 0.01282 0.01282
BinVal : 1 10 1 0.08299 0.08299
BinVal : 1 11 1 0.08299 0.08299
BinVal : 1 12 1 0.08299 0.08299
BinVal : 2 0 0 0 0
BinVal : 2 1 0 0 0
BinVal : 2 2 0.1618 0.0258 0.0258
BinVal : 2 3 0.472 0.03898 0.03898
BinVal : 2 4 0.6801 0.02411 0.02411
BinVal : 2 5 0.7948 0.01233 0.01233
BinVal : 2 6 0.85 0.009245 0.009245
BinVal : 2 7 0.8863 0.008934 0.008934
BinVal : 2 8 0.9192 0.006997 0.006997
BinVal : 2 9 1 0.007042 0.007042
BinVal : 2 10 1 0.04343 0.04343
BinVal : 2 11 0.75 0.1782 0.1782
BinVal : 2 12 0.75 0.1782 0.1782
BinVal : 3 0 0 0 0
BinVal : 3 1 0 0 0
BinVal : 3 2 0.1691 0.02273 0.02273
BinVal : 3 3 0.5026 0.03608 0.03608
BinVal : 3 4 0.619 0.02305 0.02305
BinVal : 3 5 0.7565 0.0122 0.0122
BinVal : 3 6 0.8202 0.008934 0.008934
BinVal : 3 7 0.856 0.00805 0.00805
BinVal : 3 8 0.902 0.006102 0.006102
BinVal : 3 9 0.996 0.005557 0.005557
BinVal : 3 10 1 0.02127 0.02127
BinVal : 3 11 1 0.08299 0.08299
BinVal : 3 12 1 0.2357 0.2357
BinVal : 4 0 0 0 0
BinVal : 4 1 0 0 0
BinVal : 4 2 0.1848 0.021 0.021
BinVal : 4 3 0.5644 0.03284 0.03284
BinVal : 4 4 0.6124 0.02139 0.02139
BinVal : 4 5 0.7435 0.01138 0.01138
BinVal : 4 6 0.8071 0.008494 0.008494
BinVal : 4 7 0.8406 0.007273 0.007273
BinVal : 4 8 0.9001 0.005074 0.005074
BinVal : 4 9 0.9866 0.006471 0.006471
BinVal : 4 10 0.9672 0.02662 0.02662
BinVal : 4 11 1 0.0454 0.0454
BinVal : 4 12 1 0.09045 0.09045
BinVal : 5 0 0 0 0
BinVal : 5 1 0 0 0
BinVal : 5 2 0.2911 0.02649 0.02649
BinVal : 5 3 0.6748 0.02972 0.02972
BinVal : 5 4 0.6996 0.0194 0.0194
BinVal : 5 5 0.8151 0.009667 0.009667
BinVal : 5 6 0.8563 0.007354 0.007354
BinVal : 5 7 0.8833 0.005808 0.005808
BinVal : 5 8 0.9322 0.003717 0.003717
BinVal : 5 9 0.983 0.005904 0.005904
BinVal : 5 10 0.9759 0.0199 0.0199
BinVal : 5 11 1 0.0294 0.0294
BinVal : 5 12 1 0.05255 0.05255
BinVal : 6 0 0 0 0
BinVal : 6 1 0 0 0
BinVal : 6 2 0.4071 0.04564 0.04564
BinVal : 6 3 0.7583 0.03883 0.03883
BinVal : 6 4 0.7741 0.02539 0.02539
BinVal : 6 5 0.8829 0.01143 0.01143
BinVal : 6 6 0.914 0.00833 0.00833
BinVal : 6 7 0.925 0.00649 0.00649
BinVal : 6 8 0.9576 0.00399 0.00399
BinVal : 6 9 0.9848 0.007322 0.007322
BinVal : 6 10 1 0.01818 0.01818
BinVal : 6 11 1 0.04756 0.04756
BinVal : 6 12 1 0.08299 0.08299
BinVal : 7 0 0 0 0
BinVal : 7 1 0 0 0
BinVal : 7 2 0 0 0
BinVal : 7 3 0 0 0
BinVal : 7 4 0 0 0
BinVal : 7 5 0 0 0
BinVal : 7 6 0 0 0
BinVal : 7 7 0 0 0
BinVal : 7 8 0 0 0
BinVal : 7 9 0 0 0
BinVal : 7 10 0 0 0
BinVal : 7 11 0 0 0
BinVal : 7 12 0 0 0
BinVal : 8 0 0 0 0
BinVal : 8 1 0 0 0
BinVal : 8 2 0 0 0
BinVal : 8 3 0 0 0
BinVal : 8 4 0 0 0
BinVal : 8 5 0 0 0
BinVal : 8 6 0 0 0
BinVal : 8 7 0 0 0
BinVal : 8 8 0 0 0
BinVal : 8 9 0 0 0
BinVal : 8 10 0 0 0
BinVal : 8 11 0 0 0
BinVal : 8 12 0 0 0
BinVal : 9 0 0 0 0
BinVal : 9 1 0 0 0
BinVal : 9 2 0.3082 0.03635 0.03635
BinVal : 9 3 0.6931 0.04538 0.04538
BinVal : 9 4 0.8835 0.02044 0.02044
BinVal : 9 5 0.9543 0.007737 0.007737
BinVal : 9 6 0.9674 0.004035 0.004035
BinVal : 9 7 0.9813 0.002311 0.002311
BinVal : 9 8 0.9897 0.001185 0.001185
BinVal : 9 9 1 0.0008157 0.0008157
BinVal : 9 10 1 0.004132 0.004132
BinVal : 9 11 1 0.01299 0.01299
BinVal : 9 12 1 0.02127 0.02127
BinVal : 10 0 0 0 0
BinVal : 10 1 0 0 0
BinVal : 10 2 0.3652 0.03582 0.03582
BinVal : 10 3 0.7018 0.04244 0.04244
BinVal : 10 4 0.9071 0.01656 0.01656
BinVal : 10 5 0.9676 0.006103 0.006103
BinVal : 10 6 0.9728 0.003492 0.003492
BinVal : 10 7 0.9834 0.00198 0.00198
BinVal : 10 8 0.992 0.0009429 0.0009429
BinVal : 10 9 0.9987 0.001155 0.001155
BinVal : 10 10 1 0.003205 0.003205
BinVal : 10 11 1 0.01124 0.01124
BinVal : 10 12 1 0.0137 0.0137
BinVal : 11 0 0 0 0
BinVal : 11 1 0 0 0
BinVal : 11 2 0.4685 0.0413 0.0413
BinVal : 11 3 0.783 0.03982 0.03982
BinVal : 11 4 0.913 0.01529 0.01529
BinVal : 11 5 0.9713 0.005236 0.005236
BinVal : 11 6 0.9706 0.003639 0.003639
BinVal : 11 7 0.9848 0.0019 0.0019
BinVal : 11 8 0.9941 0.0008028 0.0008028
BinVal : 11 9 0.9967 0.001593 0.001593
BinVal : 11 10 1 0.003236 0.003236
BinVal : 11 11 1 0.01042 0.01042
BinVal : 11 12 1 0.0119 0.0119
BinVal : 12 0 0 0 0
BinVal : 12 1 0 0 0
BinVal : 12 2 0.4957 0.04603 0.04603
BinVal : 12 3 0.8585 0.03403 0.03403
BinVal : 12 4 0.9228 0.01468 0.01468
BinVal : 12 5 0.9718 0.00482 0.00482
BinVal : 12 6 0.9761 0.003329 0.003329
BinVal : 12 7 0.9866 0.001864 0.001864
BinVal : 12 8 0.994 0.0007871 0.0007871
BinVal : 12 9 0.998 0.001314 0.001314
BinVal : 12 10 1 0.00361 0.00361
BinVal : 12 11 1 0.01042 0.01042
BinVal : 12 12 1 0.0137 0.0137
BinVal : 13 0 0 0 0
BinVal : 13 1 0 0 0
BinVal : 13 2 0.51 0.04926 0.04926
BinVal : 13 3 0.9298 0.02473 0.02473
BinVal : 13 4 0.9459 0.01341 0.01341
BinVal : 13 5 0.9786 0.004135 0.004135
BinVal : 13 6 0.9887 0.00229 0.00229
BinVal : 13 7 0.9923 0.001501 0.001501
BinVal : 13 8 0.9946 0.000733 0.000733
BinVal : 13 9 1 0.0006784 0.0006784
BinVal : 13 10 1 0.003559 0.003559
BinVal : 13 11 1 0.0099 0.0099
BinVal : 13 12 1 0.0147 0.0147
BinVal : 14 0 0 0 0
BinVal : 14 1 0 0 0
BinVal : 14 2 0.4727 0.04697 0.04697
BinVal : 14 3 0.8962 0.0301 0.0301
BinVal : 14 4 0.9452 0.01318 0.01318
BinVal : 14 5 0.9772 0.00425 0.00425
BinVal : 14 6 0.9869 0.002459 0.002459
BinVal : 14 7 0.9905 0.00167 0.00167
BinVal : 14 8 0.994 0.0007717 0.0007717
BinVal : 14 9 0.9993 0.0009859 0.0009859
BinVal : 14 10 1 0.003367 0.003367
BinVal : 14 11 1 0.009708 0.009708
BinVal : 14 12 1 0.01234 0.01234
BinVal : 15 0 0 0 0
BinVal : 15 1 0 0 0
BinVal : 15 2 0.4609 0.04356 0.04356
BinVal : 15 3 0.8041 0.04015 0.04015
BinVal : 15 4 0.9271 0.01419 0.01419
BinVal : 15 5 0.9679 0.004985 0.004985
BinVal : 15 6 0.9819 0.002937 0.002937
BinVal : 15 7 0.9868 0.001892 0.001892
BinVal : 15 8 0.9916 0.0009176 0.0009176
BinVal : 15 9 0.998 0.001322 0.001322
BinVal : 15 10 1 0.003534 0.003534
BinVal : 15 11 1 0.0102 0.0102
BinVal : 15 12 1 0.01124 0.01124
BinVal : 16 0 0 0 0
BinVal : 16 1 0 0 0
BinVal : 16 2 0.446 0.04172 0.04172
BinVal : 16 3 0.8113 0.03791 0.03791
BinVal : 16 4 0.9265 0.01431 0.01431
BinVal : 16 5 0.9703 0.005081 0.005081
BinVal : 16 6 0.9788 0.003159 0.003159
BinVal : 16 7 0.9878 0.001717 0.001717
BinVal : 16 8 0.9918 0.000913 0.000913
BinVal : 16 9 0.9981 0.001269 0.001269
BinVal : 16 10 0.9963 0.005152 0.005152
BinVal : 16 11 1 0.01075 0.01075
BinVal : 16 12 1 0.01408 0.01408
BinVal : 17 0 0 0 0
BinVal : 17 1 0 0 0
BinVal : 17 2 0.3 0.03842 0.03842
BinVal : 17 3 0.7049 0.04092 0.04092
BinVal : 17 4 0.9048 0.01725 0.01725
BinVal : 17 5 0.9686 0.005815 0.005815
BinVal : 17 6 0.9745 0.003395 0.003395
BinVal : 17 7 0.9875 0.001695 0.001695
BinVal : 17 8 0.9926 0.0008904 0.0008904
BinVal : 17 9 0.9994 0.0009127 0.0009127
BinVal : 17 10 0.9964 0.004971 0.004971
BinVal : 17 11 1 0.01042 0.01042
BinVal : 17 12 1 0.01818 0.01818
BinVal : 18 0 0 0 0
BinVal : 18 1 0 0 0
BinVal : 18 2 0.2331 0.03647 0.03647
BinVal : 18 3 0.5701 0.04722 0.04722
BinVal : 18 4 0.8899 0.02135 0.02135
BinVal : 18 5 0.9458 0.008005 0.008005
BinVal : 18 6 0.9687 0.003871 0.003871
BinVal : 18 7 0.9813 0.002244 0.002244
BinVal : 18 8 0.9899 0.001138 0.001138
BinVal : 18 9 1 0.0007639 0.0007639
BinVal : 18 10 0.9956 0.006082 0.006082
BinVal : 18 11 1 0.0125 0.0125
BinVal : 18 12 1 0.0196 0.0196
BinVal : 19 0 0 0 0
BinVal : 19 1 0 0 0
BinVal : 19 2 0.2623 0.05548 0.05548
BinVal : 19 3 0.4872 0.07713 0.07713
BinVal : 19 4 0.9136 0.0322 0.0322
BinVal : 19 5 0.9325 0.01293 0.01293
BinVal : 19 6 0.9647 0.0062 0.0062
BinVal : 19 7 0.9742 0.004075 0.004075
BinVal : 19 8 0.9879 0.001945 0.001945
BinVal : 19 9 1 0.001773 0.001773
BinVal : 19 10 0.9894 0.0145 0.0145
BinVal : 19 11 1 0.03224 0.03224
BinVal : 19 12 1 0.04163 0.04163
BinVal : 20 0 0 0 0
BinVal : 20 1 0 0 0
BinVal : 20 2 0 0 0
BinVal : 20 3 0 0 0
BinVal : 20 4 0 0 0
BinVal : 20 5 0 0 0
BinVal : 20 6 0 0 0
BinVal : 20 7 0 0 0
BinVal : 20 8 0 0 0
BinVal : 20 9 0 0 0
BinVal : 20 10 0 0 0
BinVal : 20 11 0 0 0
BinVal : 20 12 0 0 0
BinVal : 21 0 0 0 0
BinVal : 21 1 0 0 0
BinVal : 21 2 0 0 0
BinVal : 21 3 0 0 0
BinVal : 21 4 0 0 0
BinVal : 21 5 0 0 0
BinVal : 21 6 0 0 0
BinVal : 21 7 0 0 0
BinVal : 21 8 0 0 0
BinVal : 21 9 0 0 0
BinVal : 21 10 0 0 0
BinVal : 21 11 0 0 0
BinVal : 21 12 0 0 0
BinVal : 22 0 0 0 0
BinVal : 22 1 0 0 0
BinVal : 22 2 0.2742 0.02572 0.02572
BinVal : 22 3 0.5764 0.03444 0.03444
BinVal : 22 4 0.7078 0.01977 0.01977
BinVal : 22 5 0.8346 0.009354 0.009354
BinVal : 22 6 0.8759 0.006967 0.006967
BinVal : 22 7 0.8803 0.006066 0.006066
BinVal : 22 8 0.9307 0.003567 0.003567
BinVal : 22 9 0.9821 0.005294 0.005294
BinVal : 22 10 0.9897 0.01407 0.01407
BinVal : 22 11 1 0.03446 0.03446
BinVal : 22 12 1 0.07666 0.07666
BinVal : 23 0 0 0 0
BinVal : 23 1 0 0 0
BinVal : 23 2 0.1276 0.01966 0.01966
BinVal : 23 3 0.5047 0.0341 0.0341
BinVal : 23 4 0.6634 0.02085 0.02085
BinVal : 23 5 0.7746 0.01103 0.01103
BinVal : 23 6 0.8292 0.008348 0.008348
BinVal : 23 7 0.8407 0.007323 0.007323
BinVal : 23 8 0.9036 0.004754 0.004754
BinVal : 23 9 0.9796 0.006659 0.006659
BinVal : 23 10 0.9859 0.01898 0.01898
BinVal : 23 11 0.875 0.1206 0.1206
BinVal : 23 12 1 0.1409 0.1409
BinVal : 24 0 0 0 0
BinVal : 24 1 0 0 0
BinVal : 24 2 0.09362 0.01919 0.01919
BinVal : 24 3 0.4842 0.03597 0.03597
BinVal : 24 4 0.6516 0.02321 0.02321
BinVal : 24 5 0.7796 0.01146 0.01146
BinVal : 24 6 0.832 0.008773 0.008773
BinVal : 24 7 0.8721 0.007649 0.007649
BinVal : 24 8 0.9002 0.005866 0.005866
BinVal : 24 9 0.9863 0.007503 0.007503
BinVal : 24 10 1 0.02222 0.02222
BinVal : 24 11 0.8 0.1597 0.1597
BinVal : 24 12 1 0.1633 0.1633
BinVal : 25 0 0 0 0
BinVal : 25 1 0 0 0
BinVal : 25 2 0.08716 0.01934 0.01934
BinVal : 25 3 0.4512 0.03851 0.03851
BinVal : 25 4 0.6377 0.0262 0.0262
BinVal : 25 5 0.8111 0.01171 0.01171
BinVal : 25 6 0.856 0.009026 0.009026
BinVal : 25 7 0.8918 0.008706 0.008706
BinVal : 25 8 0.9067 0.007033 0.007033
BinVal : 25 9 0.9944 0.007835 0.007835
BinVal : 25 10 1 0.03701 0.03701
BinVal : 25 11 1 0.1936 0.1936
BinVal : 25 12 1 0.1936 0.1936
BinVal : 26 0 0 0 0
BinVal : 26 1 0 0 0
BinVal : 26 2 0.08173 0.01927 0.01927
BinVal : 26 3 0.3636 0.03986 0.03986
BinVal : 26 4 0.6528 0.02793 0.02793
BinVal : 26 5 0.8084 0.01325 0.01325
BinVal : 26 6 0.8804 0.009932 0.009932
BinVal : 26 7 0.8724 0.01237 0.01237
BinVal : 26 8 0.9105 0.00908 0.00908
BinVal : 26 9 1 0.01176 0.01176
BinVal : 26 10 1 0.08299 0.08299
BinVal : 26 11 1 0.2357 0.2357
BinVal : 26 12 1 0.2357 0.2357
BinVal : 27 0 0 0 0
BinVal : 27 1 0 0 0
BinVal : 27 2 0.088 0.02585 0.02585
BinVal : 27 3 0.2809 0.0471 0.0471
BinVal : 27 4 0.5158 0.03597 0.03597
BinVal : 27 5 0.7278 0.01995 0.01995
BinVal : 27 6 0.8478 0.01676 0.01676
BinVal : 27 7 0.7993 0.02313 0.02313
BinVal : 27 8 0.8551 0.01898 0.01898
BinVal : 27 9 1 0.04343 0.04343
BinVal : 27 10 1 0.1633 0.1633
BinVal : 27 11 1 0.1633 0.1633
BinVal : 27 12 1 0.1633 0.1633
BinVal : 28 0 0 0 0
BinVal : 28 1 0 0 0
BinVal : 28 2 0.06452 0.0493 0.0493
BinVal : 28 3 0.04545 0.05528 0.05528
BinVal : 28 4 0.1702 0.05476 0.05476
BinVal : 28 5 0.5474 0.05029 0.05029
BinVal : 28 6 0.72 0.06223 0.06223
BinVal : 28 7 0.5 0.07809 0.07809
BinVal : 28 8 0.6471 0.07896 0.07896
BinVal : 28 9 1 0.1936 0.1936
BinVal : 28 10 1 0.1936 0.1936
BinVal : 28 11 1 0.1936 0.1936
BinVal : 28 12 1 0.1936 0.1936
