D0NoteID : 0
EffName : EJETS_GROUP1_v165
EffType : Binned
EffVarNames : DetEta pT
EffVersion : 6
ObjQuality : Point0
ObjType : Electron
ObjVersion : 1
TriggerVersion : v16
TriggerVersionHigh : 16.99
TriggerVersionLow : 16.50
BinEdgesX : -3.2 -2.8 -2.5 -2.3 -2.1 -1.9 -1.7 -1.5 -1.3 -1.1 -0.9 -0.7 -0.5 -0.3 -0.1 0.1 0.3 0.5 0.7 0.9 1.1 1.3 1.5 1.7 1.9 2.1 2.3 2.5 2.8 3.2
BinEdgesY : 0 10 15 20 22 25 30 35 40 50 60 70 80 1000
BinVal : 0 0 0 0 0
BinVal : 0 1 0 0 0
BinVal : 0 2 0.05357 0.01799 0.01799
BinVal : 0 3 0.2736 0.0429 0.0429
BinVal : 0 4 0.4094 0.03068 0.03068
BinVal : 0 5 0.5853 0.01869 0.01869
BinVal : 0 6 0.6233 0.01987 0.01987
BinVal : 0 7 0.5864 0.02267 0.02267
BinVal : 0 8 0.6157 0.02024 0.02024
BinVal : 0 9 0.4483 0.08797 0.08797
BinVal : 0 10 1 0.2357 0.2357
BinVal : 0 11 1 0.2357 0.2357
BinVal : 0 12 1 0.2357 0.2357
BinVal : 1 0 0 0 0
BinVal : 1 1 0 0 0
BinVal : 1 2 0.08854 0.02078 0.02078
BinVal : 1 3 0.3717 0.04492 0.04492
BinVal : 1 4 0.5472 0.02827 0.02827
BinVal : 1 5 0.7063 0.01532 0.01532
BinVal : 1 6 0.7311 0.01436 0.01436
BinVal : 1 7 0.7143 0.0174 0.0174
BinVal : 1 8 0.7528 0.01312 0.01312
BinVal : 1 9 0.7808 0.04803 0.04803
BinVal : 1 10 0.875 0.1206 0.1206
BinVal : 1 11 0.875 0.1206 0.1206
BinVal : 1 12 1 0.2357 0.2357
BinVal : 2 0 0 0 0
BinVal : 2 1 0 0 0
BinVal : 2 2 0.1105 0.02293 0.02293
BinVal : 2 3 0.3839 0.0454 0.0454
BinVal : 2 4 0.558 0.02768 0.02768
BinVal : 2 5 0.6994 0.01495 0.01495
BinVal : 2 6 0.735 0.01283 0.01283
BinVal : 2 7 0.7387 0.01373 0.01373
BinVal : 2 8 0.7948 0.01031 0.01031
BinVal : 2 9 0.7937 0.0319 0.0319
BinVal : 2 10 0.8 0.08738 0.08738
BinVal : 2 11 0.875 0.1206 0.1206
BinVal : 2 12 0.75 0.1782 0.1782
BinVal : 3 0 0 0 0
BinVal : 3 1 0 0 0
BinVal : 3 2 0.1454 0.02345 0.02345
BinVal : 3 3 0.4126 0.04076 0.04076
BinVal : 3 4 0.5438 0.02725 0.02725
BinVal : 3 5 0.6657 0.01477 0.01477
BinVal : 3 6 0.6986 0.01208 0.01208
BinVal : 3 7 0.7243 0.01132 0.01132
BinVal : 3 8 0.7271 0.009527 0.009527
BinVal : 3 9 0.7357 0.02626 0.02626
BinVal : 3 10 0.7353 0.07363 0.07363
BinVal : 3 11 0.8 0.09998 0.09998
BinVal : 3 12 0.6667 0.2 0.2
BinVal : 4 0 0 0 0
BinVal : 4 1 0 0 0
BinVal : 4 2 0.1372 0.02295 0.02295
BinVal : 4 3 0.4654 0.03919 0.03919
BinVal : 4 4 0.5662 0.02516 0.02516
BinVal : 4 5 0.6686 0.01479 0.01479
BinVal : 4 6 0.7095 0.0113 0.0113
BinVal : 4 7 0.714 0.01008 0.01008
BinVal : 4 8 0.7283 0.007927 0.007927
BinVal : 4 9 0.7483 0.02091 0.02091
BinVal : 4 10 0.7213 0.05647 0.05647
BinVal : 4 11 0.6842 0.1005 0.1005
BinVal : 4 12 0.8 0.1597 0.1597
BinVal : 5 0 0 0 0
BinVal : 5 1 0 0 0
BinVal : 5 2 0.2338 0.02975 0.02975
BinVal : 5 3 0.5758 0.03814 0.03814
BinVal : 5 4 0.6774 0.02238 0.02238
BinVal : 5 5 0.7551 0.01278 0.01278
BinVal : 5 6 0.7833 0.00998 0.00998
BinVal : 5 7 0.7944 0.008295 0.008295
BinVal : 5 8 0.8279 0.005805 0.005805
BinVal : 5 9 0.8263 0.01587 0.01587
BinVal : 5 10 0.8211 0.03927 0.03927
BinVal : 5 11 0.8571 0.06693 0.06693
BinVal : 5 12 0.9286 0.08021 0.08021
BinVal : 6 0 0 0 0
BinVal : 6 1 0 0 0
BinVal : 6 2 0.3789 0.04907 0.04907
BinVal : 6 3 0.6667 0.04983 0.04983
BinVal : 6 4 0.7731 0.02841 0.02841
BinVal : 6 5 0.8263 0.01526 0.01526
BinVal : 6 6 0.8463 0.0124 0.0124
BinVal : 6 7 0.8662 0.009554 0.009554
BinVal : 6 8 0.8876 0.006508 0.006508
BinVal : 6 9 0.8786 0.01853 0.01853
BinVal : 6 10 0.8909 0.0431 0.0431
BinVal : 6 11 1 0.05255 0.05255
BinVal : 6 12 1 0.08299 0.08299
BinVal : 7 0 0 0 0
BinVal : 7 1 0 0 0
BinVal : 7 2 0 0 0
BinVal : 7 3 0 0 0
BinVal : 7 4 0 0 0
BinVal : 7 5 0 0 0
BinVal : 7 6 0 0 0
BinVal : 7 7 0 0 0
BinVal : 7 8 0 0 0
BinVal : 7 9 0 0 0
BinVal : 7 10 0 0 0
BinVal : 7 11 0 0 0
BinVal : 7 12 0 0 0
BinVal : 8 0 0 0 0
BinVal : 8 1 0 0 0
BinVal : 8 2 0 0 0
BinVal : 8 3 0 0 0
BinVal : 8 4 0 0 0
BinVal : 8 5 0 0 0
BinVal : 8 6 0 0 0
BinVal : 8 7 0 0 0
BinVal : 8 8 0 0 0
BinVal : 8 9 0 0 0
BinVal : 8 10 0 0 0
BinVal : 8 11 0 0 0
BinVal : 8 12 0 0 0
BinVal : 9 0 0 0 0
BinVal : 9 1 0 0 0
BinVal : 9 2 0.3154 0.04039 0.04039
BinVal : 9 3 0.5978 0.05035 0.05035
BinVal : 9 4 0.7917 0.02924 0.02924
BinVal : 9 5 0.8592 0.01385 0.01385
BinVal : 9 6 0.919 0.006602 0.006602
BinVal : 9 7 0.9216 0.004904 0.004904
BinVal : 9 8 0.9423 0.002962 0.002962
BinVal : 9 9 0.9454 0.007134 0.007134
BinVal : 9 10 0.9832 0.0109 0.0109
BinVal : 9 11 1 0.01818 0.01818
BinVal : 9 12 0.95 0.03927 0.03927
BinVal : 10 0 0 0 0
BinVal : 10 1 0 0 0
BinVal : 10 2 0.3025 0.03584 0.03584
BinVal : 10 3 0.5893 0.0459 0.0459
BinVal : 10 4 0.8088 0.02382 0.02382
BinVal : 10 5 0.8989 0.01068 0.01068
BinVal : 10 6 0.9357 0.005713 0.005713
BinVal : 10 7 0.9449 0.003891 0.003891
BinVal : 10 8 0.9587 0.002308 0.002308
BinVal : 10 9 0.9671 0.005099 0.005099
BinVal : 10 10 0.9821 0.009805 0.009805
BinVal : 10 11 0.9848 0.02034 0.02034
BinVal : 10 12 0.9565 0.03458 0.03458
BinVal : 11 0 0 0 0
BinVal : 11 1 0 0 0
BinVal : 11 2 0.3439 0.0376 0.0376
BinVal : 11 3 0.6 0.04333 0.04333
BinVal : 11 4 0.8475 0.02096 0.02096
BinVal : 11 5 0.9215 0.008675 0.008675
BinVal : 11 6 0.9444 0.005501 0.005501
BinVal : 11 7 0.9615 0.003344 0.003344
BinVal : 11 8 0.9715 0.001913 0.001913
BinVal : 11 9 0.9745 0.004511 0.004511
BinVal : 11 10 0.9725 0.01181 0.01181
BinVal : 11 11 0.95 0.02627 0.02627
BinVal : 11 12 0.9796 0.02692 0.02692
BinVal : 12 0 0 0 0
BinVal : 12 1 0 0 0
BinVal : 12 2 0.4191 0.04187 0.04187
BinVal : 12 3 0.7015 0.03921 0.03921
BinVal : 12 4 0.8586 0.02026 0.02026
BinVal : 12 5 0.9381 0.007249 0.007249
BinVal : 12 6 0.951 0.005174 0.005174
BinVal : 12 7 0.9659 0.003363 0.003363
BinVal : 12 8 0.9762 0.00174 0.00174
BinVal : 12 9 0.9711 0.004676 0.004676
BinVal : 12 10 0.9652 0.01362 0.01362
BinVal : 12 11 0.9625 0.02364 0.02364
BinVal : 12 12 0.9818 0.02416 0.02416
BinVal : 13 0 0 0 0
BinVal : 13 1 0.05882 0.06862 0.06862
BinVal : 13 2 0.3697 0.04376 0.04376
BinVal : 13 3 0.7232 0.0419 0.0419
BinVal : 13 4 0.8721 0.01944 0.01944
BinVal : 13 5 0.9419 0.006917 0.006917
BinVal : 13 6 0.9561 0.00482 0.00482
BinVal : 13 7 0.9555 0.004068 0.004068
BinVal : 13 8 0.9768 0.001694 0.001694
BinVal : 13 9 0.9802 0.003827 0.003827
BinVal : 13 10 0.9757 0.01158 0.01158
BinVal : 13 11 1 0.01176 0.01176
BinVal : 13 12 0.9828 0.02298 0.02298
BinVal : 14 0 0 0 0
BinVal : 14 1 0.04 0.04949 0.04949
BinVal : 14 2 0.359 0.04385 0.04385
BinVal : 14 3 0.781 0.04014 0.04014
BinVal : 14 4 0.8814 0.01838 0.01838
BinVal : 14 5 0.9397 0.007065 0.007065
BinVal : 14 6 0.9528 0.004927 0.004927
BinVal : 14 7 0.9557 0.004103 0.004103
BinVal : 14 8 0.9733 0.001806 0.001806
BinVal : 14 9 0.981 0.003829 0.003829
BinVal : 14 10 0.9833 0.009163 0.009163
BinVal : 14 11 0.9744 0.02111 0.02111
BinVal : 14 12 0.9483 0.03194 0.03194
BinVal : 15 0 0 0 0
BinVal : 15 1 0 0 0
BinVal : 15 2 0.3577 0.04056 0.04056
BinVal : 15 3 0.7787 0.0374 0.0374
BinVal : 15 4 0.8522 0.01913 0.01913
BinVal : 15 5 0.9368 0.007341 0.007341
BinVal : 15 6 0.9457 0.005195 0.005195
BinVal : 15 7 0.9653 0.003508 0.003508
BinVal : 15 8 0.9693 0.001953 0.001953
BinVal : 15 9 0.9748 0.004314 0.004314
BinVal : 15 10 0.9827 0.009473 0.009473
BinVal : 15 11 0.9733 0.02191 0.02191
BinVal : 15 12 0.9492 0.03144 0.03144
BinVal : 16 0 0 0 0
BinVal : 16 1 0 0 0
BinVal : 16 2 0.3697 0.03728 0.03728
BinVal : 16 3 0.6911 0.04127 0.04127
BinVal : 16 4 0.8443 0.01986 0.01986
BinVal : 16 5 0.9378 0.007757 0.007757
BinVal : 16 6 0.9471 0.005062 0.005062
BinVal : 16 7 0.9633 0.003314 0.003314
BinVal : 16 8 0.9694 0.001974 0.001974
BinVal : 16 9 0.9769 0.004163 0.004163
BinVal : 16 10 0.9904 0.008131 0.008131
BinVal : 16 11 1 0.01136 0.01136
BinVal : 16 12 1 0.01666 0.01666
BinVal : 17 0 0 0 0
BinVal : 17 1 0 0 0
BinVal : 17 2 0.345 0.03608 0.03608
BinVal : 17 3 0.6387 0.04355 0.04355
BinVal : 17 4 0.8091 0.02234 0.02234
BinVal : 17 5 0.913 0.009561 0.009561
BinVal : 17 6 0.9422 0.005202 0.005202
BinVal : 17 7 0.9508 0.003594 0.003594
BinVal : 17 8 0.957 0.002331 0.002331
BinVal : 17 9 0.9655 0.005281 0.005281
BinVal : 17 10 0.9673 0.01282 0.01282
BinVal : 17 11 0.9467 0.0279 0.0279
BinVal : 17 12 1 0.0196 0.0196
BinVal : 18 0 0 0 0
BinVal : 18 1 0 0 0
BinVal : 18 2 0.2388 0.03662 0.03662
BinVal : 18 3 0.5625 0.04987 0.04987
BinVal : 18 4 0.7879 0.02684 0.02684
BinVal : 18 5 0.8691 0.01222 0.01222
BinVal : 18 6 0.9172 0.006356 0.006356
BinVal : 18 7 0.936 0.004352 0.004352
BinVal : 18 8 0.94 0.002969 0.002969
BinVal : 18 9 0.946 0.00733 0.00733
BinVal : 18 10 0.9435 0.0179 0.0179
BinVal : 18 11 0.9322 0.03484 0.03484
BinVal : 18 12 0.9231 0.04578 0.04578
BinVal : 19 0 0 0 0
BinVal : 19 1 0 0 0
BinVal : 19 2 0.2075 0.05519 0.05519
BinVal : 19 3 0.5 0.07809 0.07809
BinVal : 19 4 0.8415 0.04042 0.04042
BinVal : 19 5 0.8497 0.01923 0.01923
BinVal : 19 6 0.899 0.01029 0.01029
BinVal : 19 7 0.9321 0.00689 0.00689
BinVal : 19 8 0.9333 0.004909 0.004909
BinVal : 19 9 0.9463 0.01158 0.01158
BinVal : 19 10 0.9437 0.02936 0.02936
BinVal : 19 11 1 0.03569 0.03569
BinVal : 19 12 0.8333 0.08729 0.08729
BinVal : 20 0 0 0 0
BinVal : 20 1 0 0 0
BinVal : 20 2 0 0 0
BinVal : 20 3 0 0 0
BinVal : 20 4 0 0 0
BinVal : 20 5 0 0 0
BinVal : 20 6 0 0 0
BinVal : 20 7 0 0 0
BinVal : 20 8 0 0 0
BinVal : 20 9 0 0 0
BinVal : 20 10 0 0 0
BinVal : 20 11 0 0 0
BinVal : 20 12 0 0 0
BinVal : 21 0 0 0 0
BinVal : 21 1 0 0 0
BinVal : 21 2 0 0 0
BinVal : 21 3 0 0 0
BinVal : 21 4 0 0 0
BinVal : 21 5 0 0 0
BinVal : 21 6 0 0 0
BinVal : 21 7 0 0 0
BinVal : 21 8 0 0 0
BinVal : 21 9 0 0 0
BinVal : 21 10 0 0 0
BinVal : 21 11 0 0 0
BinVal : 21 12 0 0 0
BinVal : 22 0 0 0 0
BinVal : 22 1 0.04839 0.03002 0.03002
BinVal : 22 2 0.2292 0.03023 0.03023
BinVal : 22 3 0.5625 0.03886 0.03886
BinVal : 22 4 0.6985 0.02323 0.02323
BinVal : 22 5 0.7703 0.01285 0.01285
BinVal : 22 6 0.7821 0.01001 0.01001
BinVal : 22 7 0.7981 0.008578 0.008578
BinVal : 22 8 0.8123 0.006169 0.006169
BinVal : 22 9 0.8363 0.01644 0.01644
BinVal : 22 10 0.8 0.04318 0.04318
BinVal : 22 11 0.8889 0.1113 0.1113
BinVal : 22 12 0.9231 0.08498 0.08498
BinVal : 23 0 0 0 0
BinVal : 23 1 0.01515 0.02034 0.02034
BinVal : 23 2 0.1385 0.02482 0.02482
BinVal : 23 3 0.4266 0.04094 0.04094
BinVal : 23 4 0.5581 0.02632 0.02632
BinVal : 23 5 0.6853 0.0148 0.0148
BinVal : 23 6 0.6929 0.0117 0.0117
BinVal : 23 7 0.7105 0.01048 0.01048
BinVal : 23 8 0.7266 0.008048 0.008048
BinVal : 23 9 0.7887 0.02021 0.02021
BinVal : 23 10 0.7 0.05808 0.05808
BinVal : 23 11 0.8462 0.1 0.1
BinVal : 23 12 1 0.1237 0.1237
BinVal : 24 0 0 0 0
BinVal : 24 1 0 0 0
BinVal : 24 2 0.05556 0.01762 0.01762
BinVal : 24 3 0.4071 0.04111 0.04111
BinVal : 24 4 0.5421 0.02877 0.02877
BinVal : 24 5 0.6975 0.01495 0.01495
BinVal : 24 6 0.7299 0.01199 0.01199
BinVal : 24 7 0.7127 0.01168 0.01168
BinVal : 24 8 0.736 0.009351 0.009351
BinVal : 24 9 0.7979 0.02367 0.02367
BinVal : 24 10 0.7647 0.07119 0.07119
BinVal : 24 11 0.8333 0.1059 0.1059
BinVal : 24 12 1 0.1633 0.1633
BinVal : 25 0 0 0 0
BinVal : 25 1 0 0 0
BinVal : 25 2 0.04706 0.01693 0.01693
BinVal : 25 3 0.3876 0.04244 0.04244
BinVal : 25 4 0.624 0.03 0.03
BinVal : 25 5 0.7188 0.01485 0.01485
BinVal : 25 6 0.7638 0.01246 0.01246
BinVal : 25 7 0.7415 0.01366 0.01366
BinVal : 25 8 0.7794 0.01051 0.01051
BinVal : 25 9 0.8266 0.02878 0.02878
BinVal : 25 10 0.8889 0.07792 0.07792
BinVal : 25 11 0.6 0.175 0.175
BinVal : 25 12 0.6 0.175 0.175
BinVal : 26 0 0 0 0
BinVal : 26 1 0 0 0
BinVal : 26 2 0.05028 0.01693 0.01693
BinVal : 26 3 0.3101 0.04036 0.04036
BinVal : 26 4 0.5785 0.0304 0.0304
BinVal : 26 5 0.6735 0.01579 0.01579
BinVal : 26 6 0.7194 0.01439 0.01439
BinVal : 26 7 0.7219 0.01721 0.01721
BinVal : 26 8 0.781 0.01239 0.01239
BinVal : 26 9 0.8235 0.03771 0.03771
BinVal : 26 10 0.8333 0.1443 0.1443
BinVal : 26 11 0.8333 0.1443 0.1443
BinVal : 26 12 0.8333 0.1443 0.1443
BinVal : 27 0 0 0 0
BinVal : 27 1 0 0 0
BinVal : 27 2 0.03185 0.01506 0.01506
BinVal : 27 3 0.1864 0.03578 0.03578
BinVal : 27 4 0.3779 0.03271 0.03271
BinVal : 27 5 0.5489 0.01941 0.01941
BinVal : 27 6 0.5889 0.02011 0.02011
BinVal : 27 7 0.5987 0.02314 0.02314
BinVal : 27 8 0.6447 0.01915 0.01915
BinVal : 27 9 0.6579 0.07449 0.07449
BinVal : 27 10 0.6579 0.07449 0.07449
BinVal : 27 11 0.6579 0.07449 0.07449
BinVal : 27 12 0.6579 0.07449 0.07449
BinVal : 28 0 0 0 0
BinVal : 28 1 0 0 0
BinVal : 28 2 0.01818 0.02416 0.02416
BinVal : 28 3 0.1136 0.04912 0.04912
BinVal : 28 4 0.25 0.04678 0.04678
BinVal : 28 5 0.3886 0.03334 0.03334
BinVal : 28 6 0.3897 0.0414 0.0414
BinVal : 28 7 0.4539 0.04149 0.04149
BinVal : 28 8 0.3913 0.04113 0.04113
BinVal : 28 9 0.3913 0.04113 0.04113
BinVal : 28 10 0.3913 0.04113 0.04113
BinVal : 28 11 0.3913 0.04113 0.04113
BinVal : 28 12 0.3913 0.04113 0.04113
 





