D0NoteID : 0
EffName : EJETS_GROUP1_v155
EffType : Binned
EffVarNames : DetEta pT
EffVersion : 6
ObjQuality : Point0
ObjType : Electron
ObjVersion : 1
TriggerVersion : v155
BinEdgesX : -3.2 -2.8 -2.5 -2.3 -2.1 -1.9 -1.7 -1.5 -1.3 -1.1 -0.9 -0.7 -0.5 -0.3 -0.1 0.1 0.3 0.5 0.7 0.9 1.1 1.3 1.5 1.7 1.9 2.1 2.3 2.5 2.8 3.2
BinEdgesY : 0 10 15 20 22 25 30 35 40 50 60 70 80 1000
BinVal : 0 0 0 0 0
BinVal : 0 1 0 0 0
BinVal : 0 2 0.03279 0.01759 0.01759
BinVal : 0 3 0.1228 0.0442 0.0442
BinVal : 0 4 0.2984 0.04072 0.04072
BinVal : 0 5 0.451 0.03098 0.03098
BinVal : 0 6 0.5759 0.03549 0.03549
BinVal : 0 7 0.5962 0.04747 0.04747
BinVal : 0 8 0.6881 0.0439 0.0439
BinVal : 0 9 0.6667 0.1614 0.1614
BinVal : 0 10 0.6667 0.1614 0.1614
BinVal : 0 11 0.6667 0.1614 0.1614
BinVal : 0 12 0.6667 0.1614 0.1614
BinVal : 1 0 0 0 0
BinVal : 1 1 0 0 0
BinVal : 1 2 0.048 0.02017 0.02017
BinVal : 1 3 0.1791 0.04674 0.04674
BinVal : 1 4 0.4171 0.03697 0.03697
BinVal : 1 5 0.6377 0.0262 0.0262
BinVal : 1 6 0.7741 0.02405 0.02405
BinVal : 1 7 0.7706 0.03212 0.03212
BinVal : 1 8 0.7948 0.02664 0.02664
BinVal : 1 9 0.8421 0.08372 0.08372
BinVal : 1 10 1 0.1237 0.1237
BinVal : 1 11 1 0.1237 0.1237
BinVal : 1 12 1 0.2357 0.2357
BinVal : 2 0 0 0 0
BinVal : 2 1 0 0 0
BinVal : 2 2 0.04098 0.01919 0.01919
BinVal : 2 3 0.2321 0.05571 0.05571
BinVal : 2 4 0.4331 0.03918 0.03918
BinVal : 2 5 0.6718 0.02603 0.02603
BinVal : 2 6 0.8174 0.02016 0.02016
BinVal : 2 7 0.7698 0.02519 0.02519
BinVal : 2 8 0.7933 0.02229 0.02229
BinVal : 2 9 0.931 0.05226 0.05226
BinVal : 2 10 0.6 0.1367 0.1367
BinVal : 2 11 1 0.1936 0.1936
BinVal : 2 12 1 0.2357 0.2357
BinVal : 3 0 0 0 0
BinVal : 3 1 0 0 0
BinVal : 3 2 0.04545 0.01915 0.01915
BinVal : 3 3 0.3239 0.05461 0.05461
BinVal : 3 4 0.4407 0.03701 0.03701
BinVal : 3 5 0.6401 0.02697 0.02697
BinVal : 3 6 0.7257 0.02193 0.02193
BinVal : 3 7 0.7357 0.02147 0.02147
BinVal : 3 8 0.7865 0.01882 0.01882
BinVal : 3 9 0.8654 0.0479 0.0479
BinVal : 3 10 0.6 0.1367 0.1367
BinVal : 3 11 1 0.1633 0.1633
BinVal : 3 12 1 0.1633 0.1633
BinVal : 4 0 0 0 0
BinVal : 4 1 0 0 0
BinVal : 4 2 0.06604 0.02508 0.02508
BinVal : 4 3 0.4333 0.0514 0.0514
BinVal : 4 4 0.4776 0.03497 0.03497
BinVal : 4 5 0.6977 0.02433 0.02433
BinVal : 4 6 0.6872 0.02133 0.02133
BinVal : 4 7 0.7513 0.01806 0.01806
BinVal : 4 8 0.7645 0.01559 0.01559
BinVal : 4 9 0.8161 0.04144 0.04144
BinVal : 4 10 0.9333 0.07594 0.07594
BinVal : 4 11 0.3333 0.2 0.2
BinVal : 4 12 0.6667 0.2 0.2
BinVal : 5 0 0 0 0
BinVal : 5 1 0 0 0
BinVal : 5 2 0.2083 0.04753 0.04753
BinVal : 5 3 0.5632 0.0523 0.0523
BinVal : 5 4 0.5305 0.03862 0.03862
BinVal : 5 5 0.7813 0.02046 0.02046
BinVal : 5 6 0.7674 0.01785 0.01785
BinVal : 5 7 0.8208 0.01446 0.01446
BinVal : 5 8 0.8312 0.01167 0.01167
BinVal : 5 9 0.877 0.02998 0.02998
BinVal : 5 10 0.9412 0.06862 0.06862
BinVal : 5 11 0.75 0.1382 0.1382
BinVal : 5 12 1 0.09938 0.09938
BinVal : 6 0 0 0 0
BinVal : 6 1 0 0 0
BinVal : 6 2 0.3929 0.08799 0.08799
BinVal : 6 3 0.6579 0.07449 0.07449
BinVal : 6 4 0.5789 0.05558 0.05558
BinVal : 6 5 0.8396 0.02522 0.02522
BinVal : 6 6 0.8265 0.02208 0.02208
BinVal : 6 7 0.8628 0.01771 0.01771
BinVal : 6 8 0.8977 0.01266 0.01266
BinVal : 6 9 0.9296 0.03193 0.03193
BinVal : 6 10 1 0.09938 0.09938
BinVal : 6 11 1 0.1102 0.1102
BinVal : 6 12 1 0.1237 0.1237
BinVal : 7 0 0 0 0
BinVal : 7 1 0 0 0
BinVal : 7 2 0 0 0
BinVal : 7 3 0 0 0
BinVal : 7 4 0 0 0
BinVal : 7 5 0 0 0
BinVal : 7 6 0 0 0
BinVal : 7 7 0 0 0
BinVal : 7 8 0 0 0
BinVal : 7 9 0 0 0
BinVal : 7 10 0 0 0
BinVal : 7 11 0 0 0
BinVal : 7 12 0 0 0
BinVal : 8 0 0 0 0
BinVal : 8 1 0 0 0
BinVal : 8 2 0 0 0
BinVal : 8 3 0 0 0
BinVal : 8 4 0 0 0
BinVal : 8 5 0 0 0
BinVal : 8 6 0 0 0
BinVal : 8 7 0 0 0
BinVal : 8 8 0 0 0
BinVal : 8 9 0 0 0
BinVal : 8 10 0 0 0
BinVal : 8 11 0 0 0
BinVal : 8 12 0 0 0
BinVal : 9 0 0 0 0
BinVal : 9 1 0 0 0
BinVal : 9 2 0.3864 0.07119 0.07119
BinVal : 9 3 0.5484 0.08539 0.08539
BinVal : 9 4 0.7089 0.05043 0.05043
BinVal : 9 5 0.9055 0.02087 0.02087
BinVal : 9 6 0.9371 0.01143 0.01143
BinVal : 9 7 0.9545 0.007593 0.007593
BinVal : 9 8 0.9692 0.004236 0.004236
BinVal : 9 9 0.9732 0.009832 0.009832
BinVal : 9 10 0.9815 0.02458 0.02458
BinVal : 9 11 1 0.0665 0.0665
BinVal : 9 12 1 0.09938 0.09938
BinVal : 10 0 0 0 0
BinVal : 10 1 0 0 0
BinVal : 10 2 0.4231 0.06668 0.06668
BinVal : 10 3 0.6667 0.08678 0.08678
BinVal : 10 4 0.7308 0.0431 0.0431
BinVal : 10 5 0.8779 0.02255 0.02255
BinVal : 10 6 0.9531 0.00992 0.00992
BinVal : 10 7 0.9639 0.00625 0.00625
BinVal : 10 8 0.9776 0.003295 0.003295
BinVal : 10 9 0.9728 0.009339 0.009339
BinVal : 10 10 0.9844 0.02094 0.02094
BinVal : 10 11 1 0.0454 0.0454
BinVal : 10 12 1 0.09045 0.09045
BinVal : 11 0 0 0 0
BinVal : 11 1 0 0 0
BinVal : 11 2 0.381 0.07259 0.07259
BinVal : 11 3 0.88 0.06714 0.06714
BinVal : 11 4 0.7935 0.04199 0.04199
BinVal : 11 5 0.9075 0.01943 0.01943
BinVal : 11 6 0.9531 0.01043 0.01043
BinVal : 11 7 0.9682 0.005785 0.005785
BinVal : 11 8 0.9844 0.00273 0.00273
BinVal : 11 9 0.983 0.007369 0.007369
BinVal : 11 10 0.9688 0.02545 0.02545
BinVal : 11 11 1 0.03331 0.03331
BinVal : 11 12 1 0.06236 0.06236
BinVal : 12 0 0 0 0
BinVal : 12 1 0 0 0
BinVal : 12 2 0.4138 0.08723 0.08723
BinVal : 12 3 0.8182 0.08122 0.08122
BinVal : 12 4 0.8382 0.04473 0.04473
BinVal : 12 5 0.9588 0.0132 0.0132
BinVal : 12 6 0.9565 0.009941 0.009941
BinVal : 12 7 0.974 0.005451 0.005451
BinVal : 12 8 0.9797 0.003023 0.003023
BinVal : 12 9 0.9735 0.008589 0.008589
BinVal : 12 10 0.9545 0.02833 0.02833
BinVal : 12 11 1 0.03446 0.03446
BinVal : 12 12 1 0.0454 0.0454
BinVal : 13 0 0 0 0
BinVal : 13 1 0 0 0
BinVal : 13 2 0.4643 0.0896 0.0896
BinVal : 13 3 0.7222 0.1 0.1
BinVal : 13 4 0.875 0.03948 0.03948
BinVal : 13 5 0.9585 0.01266 0.01266
BinVal : 13 6 0.965 0.008523 0.008523
BinVal : 13 7 0.981 0.005002 0.005002
BinVal : 13 8 0.9819 0.002792 0.002792
BinVal : 13 9 0.9745 0.008289 0.008289
BinVal : 13 10 0.9615 0.02422 0.02422
BinVal : 13 11 1 0.03446 0.03446
BinVal : 13 12 1 0.0454 0.0454
BinVal : 14 0 0 0 0
BinVal : 14 1 0 0 0
BinVal : 14 2 0.3 0.09712 0.09712
BinVal : 14 3 0.84 0.07341 0.07341
BinVal : 14 4 0.9296 0.03193 0.03193
BinVal : 14 5 0.9537 0.01287 0.01287
BinVal : 14 6 0.9734 0.007518 0.007518
BinVal : 14 7 0.9782 0.005366 0.005366
BinVal : 14 8 0.9845 0.002587 0.002587
BinVal : 14 9 0.9773 0.007835 0.007835
BinVal : 14 10 0.9747 0.02086 0.02086
BinVal : 14 11 1 0.03224 0.03224
BinVal : 14 12 1 0.03997 0.03997
BinVal : 15 0 0 0 0
BinVal : 15 1 0 0 0
BinVal : 15 2 0.3158 0.1005 0.1005
BinVal : 15 3 0.7667 0.07538 0.07538
BinVal : 15 4 0.8642 0.03837 0.03837
BinVal : 15 5 0.9685 0.01077 0.01077
BinVal : 15 6 0.9653 0.008731 0.008731
BinVal : 15 7 0.9757 0.00548 0.00548
BinVal : 15 8 0.9778 0.003075 0.003075
BinVal : 15 9 0.9826 0.006923 0.006923
BinVal : 15 10 0.9538 0.02873 0.02873
BinVal : 15 11 0.96 0.04949 0.04949
BinVal : 15 12 1 0.04993 0.04993
BinVal : 16 0 0 0 0
BinVal : 16 1 0.08333 0.09035 0.09035
BinVal : 16 2 0.32 0.08909 0.08909
BinVal : 16 3 0.6333 0.08427 0.08427
BinVal : 16 4 0.8041 0.04015 0.04015
BinVal : 16 5 0.9562 0.01273 0.01273
BinVal : 16 6 0.9583 0.009288 0.009288
BinVal : 16 7 0.9748 0.005399 0.005399
BinVal : 16 8 0.9781 0.003091 0.003091
BinVal : 16 9 0.9921 0.005174 0.005174
BinVal : 16 10 0.9577 0.02646 0.02646
BinVal : 16 11 0.9643 0.0448 0.0448
BinVal : 16 12 1 0.04756 0.04756
BinVal : 17 0 0 0 0
BinVal : 17 1 0.08333 0.09035 0.09035
BinVal : 17 2 0.2857 0.08231 0.08231
BinVal : 17 3 0.6944 0.07443 0.07443
BinVal : 17 4 0.7826 0.04924 0.04924
BinVal : 17 5 0.9107 0.01927 0.01927
BinVal : 17 6 0.9649 0.008298 0.008298
BinVal : 17 7 0.9679 0.005749 0.005749
BinVal : 17 8 0.9768 0.0033 0.0033
BinVal : 17 9 0.9851 0.007193 0.007193
BinVal : 17 10 0.9865 0.01824 0.01824
BinVal : 17 11 1 0.03123 0.03123
BinVal : 17 12 1 0.03997 0.03997
BinVal : 18 0 0 0 0
BinVal : 18 1 0.1 0.1034 0.1034
BinVal : 18 2 0.2632 0.06973 0.06973
BinVal : 18 3 0.6471 0.07896 0.07896
BinVal : 18 4 0.7091 0.06007 0.06007
BinVal : 18 5 0.9022 0.02215 0.02215
BinVal : 18 6 0.9502 0.01005 0.01005
BinVal : 18 7 0.9631 0.00648 0.00648
BinVal : 18 8 0.9699 0.004147 0.004147
BinVal : 18 9 0.9811 0.009087 0.009087
BinVal : 18 10 1 0.01754 0.01754
BinVal : 18 11 1 0.03997 0.03997
BinVal : 18 12 1 0.05546 0.05546
BinVal : 19 0 0 0 0
BinVal : 19 1 0.2 0.1597 0.1597
BinVal : 19 2 0.1905 0.0842 0.0842
BinVal : 19 3 0.4667 0.1176 0.1176
BinVal : 19 4 0.6452 0.0825 0.0825
BinVal : 19 5 0.9205 0.02983 0.02983
BinVal : 19 6 0.9324 0.01717 0.01717
BinVal : 19 7 0.9606 0.0106 0.0106
BinVal : 19 8 0.9649 0.007005 0.007005
BinVal : 19 9 0.9817 0.01532 0.01532
BinVal : 19 10 1 0.03997 0.03997
BinVal : 19 11 1 0.09938 0.09938
BinVal : 19 12 1 0.09938 0.09938
BinVal : 20 0 0 0 0
BinVal : 20 1 0 0 0
BinVal : 20 2 0 0 0
BinVal : 20 3 0 0 0
BinVal : 20 4 0 0 0
BinVal : 20 5 0 0 0
BinVal : 20 6 0 0 0
BinVal : 20 7 0 0 0
BinVal : 20 8 0 0 0
BinVal : 20 9 0 0 0
BinVal : 20 10 0 0 0
BinVal : 20 11 0 0 0
BinVal : 20 12 0 0 0
BinVal : 21 0 0 0 0
BinVal : 21 1 0 0 0
BinVal : 21 2 0 0 0
BinVal : 21 3 0 0 0
BinVal : 21 4 0 0 0
BinVal : 21 5 0 0 0
BinVal : 21 6 0 0 0
BinVal : 21 7 0 0 0
BinVal : 21 8 0 0 0
BinVal : 21 9 0 0 0
BinVal : 21 10 0 0 0
BinVal : 21 11 0 0 0
BinVal : 21 12 0 0 0
BinVal : 22 0 0 0 0
BinVal : 22 1 0 0 0
BinVal : 22 2 0.2105 0.04645 0.04645
BinVal : 22 3 0.5821 0.059 0.059
BinVal : 22 4 0.6061 0.03772 0.03772
BinVal : 22 5 0.75 0.02216 0.02216
BinVal : 22 6 0.8052 0.01713 0.01713
BinVal : 22 7 0.8508 0.01443 0.01443
BinVal : 22 8 0.8539 0.01129 0.01129
BinVal : 22 9 0.8444 0.03125 0.03125
BinVal : 22 10 0.88 0.06714 0.06714
BinVal : 22 11 0.8333 0.1443 0.1443
BinVal : 22 12 1 0.1409 0.1409
BinVal : 23 0 0 0 0
BinVal : 23 1 0 0 0
BinVal : 23 2 0.07368 0.02779 0.02779
BinVal : 23 3 0.338 0.05516 0.05516
BinVal : 23 4 0.5032 0.03953 0.03953
BinVal : 23 5 0.6622 0.02431 0.02431
BinVal : 23 6 0.7206 0.02015 0.02015
BinVal : 23 7 0.7148 0.01978 0.01978
BinVal : 23 8 0.7785 0.01502 0.01502
BinVal : 23 9 0.7849 0.04235 0.04235
BinVal : 23 10 0.8947 0.0746 0.0746
BinVal : 23 11 1 0.2357 0.2357
BinVal : 23 12 1 0.1936 0.1936
BinVal : 24 0 0 0 0
BinVal : 24 1 0 0 0
BinVal : 24 2 0.03731 0.01754 0.01754
BinVal : 24 3 0.2529 0.04614 0.04614
BinVal : 24 4 0.4966 0.04082 0.04082
BinVal : 24 5 0.6761 0.02486 0.02486
BinVal : 24 6 0.7179 0.02167 0.02167
BinVal : 24 7 0.6946 0.02218 0.02218
BinVal : 24 8 0.7906 0.01766 0.01766
BinVal : 24 9 0.7969 0.04994 0.04994
BinVal : 24 10 1 0.1102 0.1102
BinVal : 24 11 1 0.1936 0.1936
BinVal : 24 12 1 0.1936 0.1936
BinVal : 25 0 0 0 0
BinVal : 25 1 0 0 0
BinVal : 25 2 0.0274 0.0148 0.0148
BinVal : 25 3 0.2771 0.04854 0.04854
BinVal : 25 4 0.3946 0.03993 0.03993
BinVal : 25 5 0.6972 0.02532 0.02532
BinVal : 25 6 0.772 0.02195 0.02195
BinVal : 25 7 0.7852 0.02432 0.02432
BinVal : 25 8 0.8212 0.02109 0.02109
BinVal : 25 9 0.8276 0.04954 0.04954
BinVal : 25 10 1 0.1936 0.1936
BinVal : 25 11 1 0.2357 0.2357
BinVal : 25 12 1 0.2357 0.2357
BinVal : 26 0 0 0 0
BinVal : 26 1 0 0 0
BinVal : 26 2 0.04636 0.01794 0.01794
BinVal : 26 3 0.1558 0.04145 0.04145
BinVal : 26 4 0.3313 0.03659 0.03659
BinVal : 26 5 0.6481 0.02642 0.02642
BinVal : 26 6 0.7831 0.02395 0.02395
BinVal : 26 7 0.7923 0.02991 0.02991
BinVal : 26 8 0.7647 0.02741 0.02741
BinVal : 26 9 0.8605 0.05344 0.05344
BinVal : 26 10 1 0.1633 0.1633
BinVal : 26 11 1 0.1633 0.1633
BinVal : 26 12 1 0.1633 0.1633
BinVal : 27 0 0 0 0
BinVal : 27 1 0 0 0
BinVal : 27 2 0.04918 0.02064 0.02064
BinVal : 27 3 0.07692 0.03463 0.03463
BinVal : 27 4 0.2518 0.03659 0.03659
BinVal : 27 5 0.4563 0.03119 0.03119
BinVal : 27 6 0.6782 0.03517 0.03517
BinVal : 27 7 0.584 0.04359 0.04359
BinVal : 27 8 0.6596 0.03955 0.03955
BinVal : 27 9 0.7273 0.1234 0.1234
BinVal : 27 10 1 0.1936 0.1936
BinVal : 27 11 1 0.1936 0.1936
BinVal : 27 12 1 0.1936 0.1936
BinVal : 28 0 0 0 0
BinVal : 28 1 0 0 0
BinVal : 28 2 0 0 0
BinVal : 28 3 0.04545 0.05528 0.05528
BinVal : 28 4 0.102 0.04468 0.04468
BinVal : 28 5 0.2159 0.04358 0.04358
BinVal : 28 6 0.5217 0.07137 0.07137
BinVal : 28 7 0.3529 0.06526 0.06526
BinVal : 28 8 0.5312 0.08437 0.08437
BinVal : 28 9 0.5312 0.08437 0.08437
BinVal : 28 10 0.5312 0.08437 0.08437
BinVal : 28 11 0.5312 0.08437 0.08437
BinVal : 28 12 0.5312 0.08437 0.08437
