D0NoteID : 0
EffName : EJETS_GROUP1_v155
EffType : Binned
EffVarNames : DetEta pT
EffVersion : 6
ObjQuality : Point2
ObjType : Electron
ObjVersion : 1
TriggerVersion : v155
BinEdgesX : -3.2 -2.8 -2.5 -2.3 -2.1 -1.9 -1.7 -1.5 -1.3 -1.1 -0.9 -0.7 -0.5 -0.3 -0.1 0.1 0.3 0.5 0.7 0.9 1.1 1.3 1.5 1.7 1.9 2.1 2.3 2.5 2.8 3.2
BinEdgesY : 0 10 15 20 22 25 30 35 40 50 60 70 80 1000
BinVal : 0 0 0 0 0
BinVal : 0 1 0 0 0
BinVal : 0 2 0.1111 0.1113 0.1113
BinVal : 0 3 0.1429 0.1315 0.1315
BinVal : 0 4 0.5455 0.1332 0.1332
BinVal : 0 5 0.7143 0.1124 0.1124
BinVal : 0 6 0.7778 0.1286 0.1286
BinVal : 0 7 0.6667 0.1614 0.1614
BinVal : 0 8 0.4444 0.1437 0.1437
BinVal : 0 9 0.4444 0.1437 0.1437
BinVal : 0 10 0.4444 0.1437 0.1437
BinVal : 0 11 0.4444 0.1437 0.1437
BinVal : 0 12 0.4444 0.1437 0.1437
BinVal : 1 0 0 0 0
BinVal : 1 1 0 0 0
BinVal : 1 2 0.1053 0.0746 0.0746
BinVal : 1 3 0.1333 0.08985 0.08985
BinVal : 1 4 0.4054 0.07777 0.07777
BinVal : 1 5 0.8387 0.04679 0.04679
BinVal : 1 6 0.8571 0.04441 0.04441
BinVal : 1 7 0.7941 0.06835 0.06835
BinVal : 1 8 0.84 0.05197 0.05197
BinVal : 1 9 1 0.1409 0.1409
BinVal : 1 10 1 0.2357 0.2357
BinVal : 1 11 1 0.2357 0.2357
BinVal : 1 12 1 0.2357 0.2357
BinVal : 2 0 0 0 0
BinVal : 2 1 0 0 0
BinVal : 2 2 0.03846 0.04782 0.04782
BinVal : 2 3 0.1333 0.08985 0.08985
BinVal : 2 4 0.4 0.07485 0.07485
BinVal : 2 5 0.7407 0.04816 0.04816
BinVal : 2 6 0.8131 0.0376 0.0376
BinVal : 2 7 0.8025 0.04403 0.04403
BinVal : 2 8 0.8144 0.03938 0.03938
BinVal : 2 9 1 0.08299 0.08299
BinVal : 2 10 0.6667 0.2 0.2
BinVal : 2 11 1 0.2357 0.2357
BinVal : 2 12 1 0.2357 0.2357
BinVal : 3 0 0 0 0
BinVal : 3 1 0 0 0
BinVal : 3 2 0.05714 0.04428 0.04428
BinVal : 3 3 0.1429 0.09466 0.09466
BinVal : 3 4 0.4464 0.06475 0.06475
BinVal : 3 5 0.5876 0.04926 0.04926
BinVal : 3 6 0.7583 0.03883 0.03883
BinVal : 3 7 0.7092 0.03795 0.03795
BinVal : 3 8 0.7561 0.03337 0.03337
BinVal : 3 9 0.8333 0.08729 0.08729
BinVal : 3 10 0.6667 0.2 0.2
BinVal : 3 11 1 0.2357 0.2357
BinVal : 3 12 1 0.2357 0.2357
BinVal : 4 0 0 0 0
BinVal : 4 1 0 0 0
BinVal : 4 2 0.1176 0.05685 0.05685
BinVal : 4 3 0.5 0.0898 0.0898
BinVal : 4 4 0.4302 0.0525 0.0525
BinVal : 4 5 0.6558 0.03797 0.03797
BinVal : 4 6 0.7287 0.03226 0.03226
BinVal : 4 7 0.7373 0.02854 0.02854
BinVal : 4 8 0.7604 0.02248 0.02248
BinVal : 4 9 0.8372 0.05637 0.05637
BinVal : 4 10 0.8889 0.1113 0.1113
BinVal : 4 11 0.8889 0.1113 0.1113
BinVal : 4 12 1 0.2357 0.2357
BinVal : 5 0 0 0 0
BinVal : 5 1 0 0 0
BinVal : 5 2 0.2759 0.08024 0.08024
BinVal : 5 3 0.6667 0.06633 0.06633
BinVal : 5 4 0.5114 0.0524 0.0524
BinVal : 5 5 0.792 0.02694 0.02694
BinVal : 5 6 0.8012 0.02221 0.02221
BinVal : 5 7 0.8553 0.01791 0.01791
BinVal : 5 8 0.8537 0.01381 0.01381
BinVal : 5 9 0.9359 0.02927 0.02927
BinVal : 5 10 0.9231 0.08498 0.08498
BinVal : 5 11 0.75 0.1782 0.1782
BinVal : 5 12 1 0.1409 0.1409
BinVal : 6 0 0 0 0
BinVal : 6 1 0 0 0
BinVal : 6 2 0.4286 0.1203 0.1203
BinVal : 6 3 0.7037 0.08447 0.08447
BinVal : 6 4 0.5909 0.07182 0.07182
BinVal : 6 5 0.854 0.03027 0.03027
BinVal : 6 6 0.8564 0.02474 0.02474
BinVal : 6 7 0.8996 0.0196 0.0196
BinVal : 6 8 0.9113 0.0142 0.0142
BinVal : 6 9 0.9792 0.02744 0.02744
BinVal : 6 10 1 0.1237 0.1237
BinVal : 6 11 1 0.1633 0.1633
BinVal : 6 12 1 0.1633 0.1633
BinVal : 7 0 0 0 0
BinVal : 7 1 0 0 0
BinVal : 7 2 0 0 0
BinVal : 7 3 0 0 0
BinVal : 7 4 0 0 0
BinVal : 7 5 0 0 0
BinVal : 7 6 0 0 0
BinVal : 7 7 0 0 0
BinVal : 7 8 0 0 0
BinVal : 7 9 0 0 0
BinVal : 7 10 0 0 0
BinVal : 7 11 0 0 0
BinVal : 7 12 0 0 0
BinVal : 8 0 0 0 0
BinVal : 8 1 0 0 0
BinVal : 8 2 0 0 0
BinVal : 8 3 0 0 0
BinVal : 8 4 0 0 0
BinVal : 8 5 0 0 0
BinVal : 8 6 0 0 0
BinVal : 8 7 0 0 0
BinVal : 8 8 0 0 0
BinVal : 8 9 0 0 0
BinVal : 8 10 0 0 0
BinVal : 8 11 0 0 0
BinVal : 8 12 0 0 0
BinVal : 9 0 0 0 0
BinVal : 9 1 0 0 0
BinVal : 9 2 0.3333 0.07911 0.07911
BinVal : 9 3 0.64 0.09126 0.09126
BinVal : 9 4 0.7742 0.05254 0.05254
BinVal : 9 5 0.9595 0.01716 0.01716
BinVal : 9 6 0.9632 0.01032 0.01032
BinVal : 9 7 0.9807 0.005713 0.005713
BinVal : 9 8 0.9858 0.003311 0.003311
BinVal : 9 9 0.9864 0.008868 0.008868
BinVal : 9 10 0.9767 0.03038 0.03038
BinVal : 9 11 1 0.09045 0.09045
BinVal : 9 12 1 0.1936 0.1936
BinVal : 10 0 0 0 0
BinVal : 10 1 0 0 0
BinVal : 10 2 0.4186 0.07282 0.07282
BinVal : 10 3 0.7727 0.0866 0.0866
BinVal : 10 4 0.8125 0.04859 0.04859
BinVal : 10 5 0.9408 0.01979 0.01979
BinVal : 10 6 0.972 0.009083 0.009083
BinVal : 10 7 0.9797 0.005343 0.005343
BinVal : 10 8 0.9867 0.002866 0.002866
BinVal : 10 9 0.9811 0.009054 0.009054
BinVal : 10 10 0.98 0.02642 0.02642
BinVal : 10 11 1 0.07122 0.07122
BinVal : 10 12 1 0.1237 0.1237
BinVal : 11 0 0 0 0
BinVal : 11 1 0 0 0
BinVal : 11 2 0.3947 0.07651 0.07651
BinVal : 11 3 0.9524 0.05752 0.05752
BinVal : 11 4 0.8909 0.0431 0.0431
BinVal : 11 5 0.9527 0.01703 0.01703
BinVal : 11 6 0.9776 0.00885 0.00885
BinVal : 11 7 0.9789 0.005361 0.005361
BinVal : 11 8 0.9919 0.002222 0.002222
BinVal : 11 9 0.9862 0.007579 0.007579
BinVal : 11 10 0.9804 0.02593 0.02593
BinVal : 11 11 1 0.04756 0.04756
BinVal : 11 12 1 0.07122 0.07122
BinVal : 12 0 0 0 0
BinVal : 12 1 0 0 0
BinVal : 12 2 0.4348 0.09735 0.09735
BinVal : 12 3 0.8125 0.09538 0.09538
BinVal : 12 4 0.9091 0.0403 0.0403
BinVal : 12 5 0.9785 0.0117 0.0117
BinVal : 12 6 0.9907 0.006106 0.006106
BinVal : 12 7 0.987 0.004508 0.004508
BinVal : 12 8 0.9917 0.002195 0.002195
BinVal : 12 9 0.9865 0.007403 0.007403
BinVal : 12 10 0.9815 0.02458 0.02458
BinVal : 12 11 1 0.03997 0.03997
BinVal : 12 12 1 0.05255 0.05255
BinVal : 13 0 0 0 0
BinVal : 13 1 0 0 0
BinVal : 13 2 0.4783 0.09798 0.09798
BinVal : 13 3 0.6923 0.1179 0.1179
BinVal : 13 4 0.9167 0.03725 0.03725
BinVal : 13 5 0.9792 0.01135 0.01135
BinVal : 13 6 0.9892 0.005931 0.005931
BinVal : 13 7 0.9903 0.004253 0.004253
BinVal : 13 8 0.9911 0.002209 0.002209
BinVal : 13 9 0.99 0.006589 0.006589
BinVal : 13 10 0.9841 0.02126 0.02126
BinVal : 13 11 1 0.04163 0.04163
BinVal : 13 12 1 0.05255 0.05255
BinVal : 14 0 0 0 0
BinVal : 14 1 0 0 0
BinVal : 14 2 0.3158 0.1005 0.1005
BinVal : 14 3 0.8571 0.07737 0.07737
BinVal : 14 4 0.9298 0.03595 0.03595
BinVal : 14 5 0.9856 0.00941 0.00941
BinVal : 14 6 0.9891 0.006027 0.006027
BinVal : 14 7 0.9904 0.004186 0.004186
BinVal : 14 8 0.9948 0.00173 0.00173
BinVal : 14 9 0.9907 0.006106 0.006106
BinVal : 14 10 0.9828 0.02298 0.02298
BinVal : 14 11 1 0.04343 0.04343
BinVal : 14 12 1 0.04756 0.04756
BinVal : 15 0 0 0 0
BinVal : 15 1 0 0 0
BinVal : 15 2 0.3333 0.1041 0.1041
BinVal : 15 3 0.7917 0.08108 0.08108
BinVal : 15 4 0.8788 0.0408 0.0408
BinVal : 15 5 0.9824 0.009636 0.009636
BinVal : 15 6 0.9912 0.005788 0.005788
BinVal : 15 7 0.9909 0.00399 0.00399
BinVal : 15 8 0.9901 0.002326 0.002326
BinVal : 15 9 0.9912 0.005788 0.005788
BinVal : 15 10 0.9796 0.02692 0.02692
BinVal : 15 11 0.9444 0.06547 0.06547
BinVal : 15 12 1 0.05546 0.05546
BinVal : 16 0 0 0 0
BinVal : 16 1 0.09091 0.09643 0.09643
BinVal : 16 2 0.3182 0.09428 0.09428
BinVal : 16 3 0.64 0.09126 0.09126
BinVal : 16 4 0.8442 0.04145 0.04145
BinVal : 16 5 0.9665 0.01312 0.01312
BinVal : 16 6 0.9842 0.006853 0.006853
BinVal : 16 7 0.9886 0.004249 0.004249
BinVal : 16 8 0.9866 0.002706 0.002706
BinVal : 16 9 0.9939 0.005217 0.005217
BinVal : 16 10 1 0.01666 0.01666
BinVal : 16 11 0.9524 0.05752 0.05752
BinVal : 16 12 1 0.05871 0.05871
BinVal : 17 0 0 0 0
BinVal : 17 1 0.1111 0.1113 0.1113
BinVal : 17 2 0.3 0.09712 0.09712
BinVal : 17 3 0.7 0.08069 0.08069
BinVal : 17 4 0.8333 0.0538 0.0538
BinVal : 17 5 0.9245 0.02141 0.02141
BinVal : 17 6 0.9879 0.005853 0.005853
BinVal : 17 7 0.984 0.004737 0.004737
BinVal : 17 8 0.9825 0.003212 0.003212
BinVal : 17 9 0.9929 0.006056 0.006056
BinVal : 17 10 1 0.01639 0.01639
BinVal : 17 11 1 0.03843 0.03843
BinVal : 17 12 1 0.05255 0.05255
BinVal : 18 0 0 0 0
BinVal : 18 1 0 0 0
BinVal : 18 2 0.2759 0.08024 0.08024
BinVal : 18 3 0.6429 0.08655 0.08655
BinVal : 18 4 0.7297 0.07115 0.07115
BinVal : 18 5 0.9214 0.02326 0.02326
BinVal : 18 6 0.9744 0.008331 0.008331
BinVal : 18 7 0.9852 0.004841 0.004841
BinVal : 18 8 0.9782 0.004002 0.004002
BinVal : 18 9 0.9906 0.008018 0.008018
BinVal : 18 10 1 0.02173 0.02173
BinVal : 18 11 1 0.05255 0.05255
BinVal : 18 12 1 0.07122 0.07122
BinVal : 19 0 0 0 0
BinVal : 19 1 0 0 0
BinVal : 19 2 0.1765 0.09116 0.09116
BinVal : 19 3 0.4615 0.1247 0.1247
BinVal : 19 4 0.6522 0.09414 0.09414
BinVal : 19 5 0.9577 0.02646 0.02646
BinVal : 19 6 0.957 0.01553 0.01553
BinVal : 19 7 0.9862 0.007579 0.007579
BinVal : 19 8 0.9821 0.005859 0.005859
BinVal : 19 9 0.9886 0.01545 0.01545
BinVal : 19 10 1 0.04756 0.04756
BinVal : 19 11 1 0.1409 0.1409
BinVal : 19 12 1 0.1237 0.1237
BinVal : 20 0 0 0 0
BinVal : 20 1 0 0 0
BinVal : 20 2 0 0 0
BinVal : 20 3 0 0 0
BinVal : 20 4 0 0 0
BinVal : 20 5 0 0 0
BinVal : 20 6 0 0 0
BinVal : 20 7 0 0 0
BinVal : 20 8 0 0 0
BinVal : 20 9 0 0 0
BinVal : 20 10 0 0 0
BinVal : 20 11 0 0 0
BinVal : 20 12 0 0 0
BinVal : 21 0 0 0 0
BinVal : 21 1 0 0 0
BinVal : 21 2 0 0 0
BinVal : 21 3 0 0 0
BinVal : 21 4 0 0 0
BinVal : 21 5 0 0 0
BinVal : 21 6 0 0 0
BinVal : 21 7 0 0 0
BinVal : 21 8 0 0 0
BinVal : 21 9 0 0 0
BinVal : 21 10 0 0 0
BinVal : 21 11 0 0 0
BinVal : 21 12 0 0 0
BinVal : 22 0 0 0 0
BinVal : 22 1 0 0 0
BinVal : 22 2 0.1905 0.06013 0.06013
BinVal : 22 3 0.5172 0.08834 0.08834
BinVal : 22 4 0.6939 0.04602 0.04602
BinVal : 22 5 0.7465 0.02941 0.02941
BinVal : 22 6 0.8262 0.02169 0.02169
BinVal : 22 7 0.8868 0.01651 0.01651
BinVal : 22 8 0.8646 0.01384 0.01384
BinVal : 22 9 0.881 0.03581 0.03581
BinVal : 22 10 0.8889 0.07792 0.07792
BinVal : 22 11 1 0.1633 0.1633
BinVal : 22 12 1 0.1936 0.1936
BinVal : 23 0 0 0 0
BinVal : 23 1 0 0 0
BinVal : 23 2 0.07317 0.04379 0.04379
BinVal : 23 3 0.2609 0.08806 0.08806
BinVal : 23 4 0.5211 0.05807 0.05807
BinVal : 23 5 0.6242 0.03832 0.03832
BinVal : 23 6 0.6981 0.03136 0.03136
BinVal : 23 7 0.6984 0.02878 0.02878
BinVal : 23 8 0.7778 0.02161 0.02161
BinVal : 23 9 0.814 0.05898 0.05898
BinVal : 23 10 0.8182 0.1126 0.1126
BinVal : 23 11 0.8182 0.1126 0.1126
BinVal : 23 12 1 0.2357 0.2357
BinVal : 24 0 0 0 0
BinVal : 24 1 0 0 0
BinVal : 24 2 0.03774 0.03035 0.03035
BinVal : 24 3 0.1667 0.06207 0.06207
BinVal : 24 4 0.4808 0.06737 0.06737
BinVal : 24 5 0.6667 0.04425 0.04425
BinVal : 24 6 0.7278 0.03519 0.03519
BinVal : 24 7 0.6412 0.0365 0.0365
BinVal : 24 8 0.781 0.02846 0.02846
BinVal : 24 9 0.9444 0.06547 0.06547
BinVal : 24 10 1 0.1936 0.1936
BinVal : 24 11 1 0.1936 0.1936
BinVal : 24 12 1 0.2357 0.2357
BinVal : 25 0 0 0 0
BinVal : 25 1 0 0 0
BinVal : 25 2 0.03636 0.02932 0.02932
BinVal : 25 3 0.1935 0.07011 0.07011
BinVal : 25 4 0.3478 0.06832 0.06832
BinVal : 25 5 0.7228 0.0441 0.0441
BinVal : 25 6 0.8168 0.03375 0.03375
BinVal : 25 7 0.809 0.04153 0.04153
BinVal : 25 8 0.8 0.03498 0.03498
BinVal : 25 9 0.9444 0.06547 0.06547
BinVal : 25 10 0.9444 0.06547 0.06547
BinVal : 25 11 0.9444 0.06547 0.06547
BinVal : 25 12 0.9444 0.06547 0.06547
BinVal : 26 0 0 0 0
BinVal : 26 1 0 0 0
BinVal : 26 2 0.09091 0.05303 0.05303
BinVal : 26 3 0.2 0.09998 0.09998
BinVal : 26 4 0.3333 0.07597 0.07597
BinVal : 26 5 0.6625 0.05205 0.05205
BinVal : 26 6 0.8642 0.03837 0.03837
BinVal : 26 7 0.8824 0.04607 0.04607
BinVal : 26 8 0.8056 0.04642 0.04642
BinVal : 26 9 0.9286 0.08021 0.08021
BinVal : 26 10 1 0.2357 0.2357
BinVal : 26 11 1 0.2357 0.2357
BinVal : 26 12 1 0.2357 0.2357
BinVal : 27 0 0 0 0
BinVal : 27 1 0 0 0
BinVal : 27 2 0.25 0.1166 0.1166
BinVal : 27 3 0.2 0.1597 0.1597
BinVal : 27 4 0.5 0.1213 0.1213
BinVal : 27 5 0.3947 0.07651 0.07651
BinVal : 27 6 0.8182 0.08122 0.08122
BinVal : 27 7 0.8125 0.09538 0.09538
BinVal : 27 8 0.75 0.1166 0.1166
BinVal : 27 9 1 0.2357 0.2357
BinVal : 27 10 1 0.2357 0.2357
BinVal : 27 11 1 0.2357 0.2357
BinVal : 27 12 1 0.2357 0.2357
BinVal : 28 0 0 0 0
BinVal : 28 1 0 0 0
BinVal : 28 2 0 0 0
BinVal : 28 3 0 0 0
BinVal : 28 4 0.5 0.2236 0.2236
BinVal : 28 5 0.1111 0.1113 0.1113
BinVal : 28 6 0.1111 0.1113 0.1113
BinVal : 28 7 0.5 0.2236 0.2236
BinVal : 28 8 0.5 0.2236 0.2236
BinVal : 28 9 0.5 0.2236 0.2236
BinVal : 28 10 0.5 0.2236 0.2236
BinVal : 28 11 0.5 0.2236 0.2236
BinVal : 28 12 0.5 0.2236 0.2236
