D0NoteID : 0
EffName : EJETS_GROUP1_v15
EffType : Binned
EffVarNames : DetEta pT
EffVersion : 6
ObjQuality : MLoose2
ObjType : Electron
ObjVersion : 11
BinEdgesX : -3.2 -2.8 -2.5 -2.3 -2.1 -1.9 -1.7 -1.5 -1.3 -1.1 -0.9 -0.7 -0.5 -0.3 -0.1 0.1 0.3 0.5 0.7 0.9 1.1 1.3 1.5 1.7 1.9 2.1 2.3 2.5 2.8 3.2
BinEdgesY : 0 10 15 20 22 25 30 35 40 50 60 70 80 1000
BinVal : 0 0 0 0 0
BinVal : 0 1 0 0 0
BinVal : 0 2 0.04 0.03203 0.03203
BinVal : 0 3 0.2826 0.06493 0.06493
BinVal : 0 4 0.3784 0.05536 0.05536
BinVal : 0 5 0.7295 0.02833 0.02833
BinVal : 0 6 0.8557 0.0253 0.0253
BinVal : 0 7 0.7615 0.03716 0.03716
BinVal : 0 8 0.9222 0.02114 0.02114
BinVal : 0 9 1 0.1237 0.1237
BinVal : 0 10 1 0.1237 0.1237
BinVal : 0 11 1 0.1237 0.1237
BinVal : 0 12 1 0.1237 0.1237
BinVal : 1 0 0 0 0
BinVal : 1 1 0 0 0
BinVal : 1 2 0.09859 0.03631 0.03631
BinVal : 1 3 0.381 0.05988 0.05988
BinVal : 1 4 0.5 0.05077 0.05077
BinVal : 1 5 0.8113 0.0203 0.0203
BinVal : 1 6 0.8822 0.01693 0.01693
BinVal : 1 7 0.8988 0.01895 0.01895
BinVal : 1 8 0.9335 0.01387 0.01387
BinVal : 1 9 1 0.03701 0.03701
BinVal : 1 10 1 0.2357 0.2357
BinVal : 1 11 1 0.2357 0.2357
BinVal : 1 12 1 0.2357 0.2357
BinVal : 2 0 0 0 0
BinVal : 2 1 0 0 0
BinVal : 2 2 0.1014 0.03726 0.03726
BinVal : 2 3 0.4638 0.05878 0.05878
BinVal : 2 4 0.5405 0.04668 0.04668
BinVal : 2 5 0.7772 0.02044 0.02044
BinVal : 2 6 0.8427 0.01605 0.01605
BinVal : 2 7 0.9306 0.01302 0.01302
BinVal : 2 8 0.8893 0.01412 0.01412
BinVal : 2 9 0.9796 0.02692 0.02692
BinVal : 2 10 1 0.1936 0.1936
BinVal : 2 11 1 0.1936 0.1936
BinVal : 2 12 1 0.1936 0.1936
BinVal : 3 0 0 0 0
BinVal : 3 1 0 0 0
BinVal : 3 2 0.08696 0.03513 0.03513
BinVal : 3 3 0.4286 0.05795 0.05795
BinVal : 3 4 0.5813 0.03866 0.03866
BinVal : 3 5 0.7534 0.02056 0.02056
BinVal : 3 6 0.8213 0.01484 0.01484
BinVal : 3 7 0.882 0.01328 0.01328
BinVal : 3 8 0.8874 0.01121 0.01121
BinVal : 3 9 0.9872 0.01735 0.01735
BinVal : 3 10 1 0.1102 0.1102
BinVal : 3 11 1 0.1936 0.1936
BinVal : 3 12 1 0.2357 0.2357
BinVal : 4 0 0 0 0
BinVal : 4 1 0 0 0
BinVal : 4 2 0.07292 0.02752 0.02752
BinVal : 4 3 0.3704 0.06412 0.06412
BinVal : 4 4 0.618 0.03614 0.03614
BinVal : 4 5 0.7636 0.01976 0.01976
BinVal : 4 6 0.8222 0.01425 0.01425
BinVal : 4 7 0.8546 0.01223 0.01223
BinVal : 4 8 0.8897 0.009284 0.009284
BinVal : 4 9 0.9831 0.01419 0.01419
BinVal : 4 10 0.9167 0.09035 0.09035
BinVal : 4 11 1 0.1409 0.1409
BinVal : 4 12 1 0.2357 0.2357
BinVal : 5 0 0 0 0
BinVal : 5 1 0 0 0
BinVal : 5 2 0.1122 0.03233 0.03233
BinVal : 5 3 0.4667 0.06286 0.06286
BinVal : 5 4 0.7018 0.03476 0.03476
BinVal : 5 5 0.8172 0.01751 0.01751
BinVal : 5 6 0.8595 0.01279 0.01279
BinVal : 5 7 0.8916 0.01015 0.01015
BinVal : 5 8 0.9182 0.006972 0.006972
BinVal : 5 9 0.9889 0.009412 0.009412
BinVal : 5 10 0.85 0.08042 0.08042
BinVal : 5 11 1 0.07666 0.07666
BinVal : 5 12 1 0.2357 0.2357
BinVal : 6 0 0 0 0
BinVal : 6 1 0 0 0
BinVal : 6 2 0.2105 0.06522 0.06522
BinVal : 6 3 0.5455 0.08303 0.08303
BinVal : 6 4 0.7614 0.04505 0.04505
BinVal : 6 5 0.8884 0.02036 0.02036
BinVal : 6 6 0.9074 0.015 0.015
BinVal : 6 7 0.9384 0.01119 0.01119
BinVal : 6 8 0.9465 0.007559 0.007559
BinVal : 6 9 1 0.008849 0.008849
BinVal : 6 10 0.8462 0.1 0.1
BinVal : 6 11 1 0.09045 0.09045
BinVal : 6 12 1 0.2357 0.2357
BinVal : 7 0 0 0 0
BinVal : 7 1 0 0 0
BinVal : 7 2 0 0 0
BinVal : 7 3 0 0 0
BinVal : 7 4 0 0 0
BinVal : 7 5 0 0 0
BinVal : 7 6 0 0 0
BinVal : 7 7 0 0 0
BinVal : 7 8 0 0 0
BinVal : 7 9 0 0 0
BinVal : 7 10 0 0 0
BinVal : 7 11 0 0 0
BinVal : 7 12 0 0 0
BinVal : 8 0 0 0 0
BinVal : 8 1 0 0 0
BinVal : 8 2 0 0 0
BinVal : 8 3 0 0 0
BinVal : 8 4 0 0 0
BinVal : 8 5 0 0 0
BinVal : 8 6 0 0 0
BinVal : 8 7 0 0 0
BinVal : 8 8 0 0 0
BinVal : 8 9 0 0 0
BinVal : 8 10 0 0 0
BinVal : 8 11 0 0 0
BinVal : 8 12 0 0 0
BinVal : 9 0 0 0 0
BinVal : 9 1 0 0 0
BinVal : 9 2 0.3571 0.08655 0.08655
BinVal : 9 3 0.5882 0.08105 0.08105
BinVal : 9 4 0.8909 0.0431 0.0431
BinVal : 9 5 0.9512 0.01555 0.01555
BinVal : 9 6 0.9776 0.006335 0.006335
BinVal : 9 7 0.9818 0.004113 0.004113
BinVal : 9 8 0.9927 0.001813 0.001813
BinVal : 9 9 1 0.002725 0.002725
BinVal : 9 10 1 0.01587 0.01587
BinVal : 9 11 0.9231 0.08498 0.08498
BinVal : 9 12 1 0.07122 0.07122
BinVal : 10 0 0 0 0
BinVal : 10 1 0 0 0
BinVal : 10 2 0.3667 0.08427 0.08427
BinVal : 10 3 0.675 0.07189 0.07189
BinVal : 10 4 0.8816 0.03761 0.03761
BinVal : 10 5 0.9697 0.01106 0.01106
BinVal : 10 6 0.9844 0.005094 0.005094
BinVal : 10 7 0.981 0.003918 0.003918
BinVal : 10 8 0.9926 0.001641 0.001641
BinVal : 10 9 1 0.002273 0.002273
BinVal : 10 10 1 0.0119 0.0119
BinVal : 10 11 1 0.05255 0.05255
BinVal : 10 12 1 0.04343 0.04343
BinVal : 11 0 0 0 0
BinVal : 11 1 0 0 0
BinVal : 11 2 0.4516 0.08539 0.08539
BinVal : 11 3 0.7105 0.07157 0.07157
BinVal : 11 4 0.8824 0.03543 0.03543
BinVal : 11 5 0.9731 0.009257 0.009257
BinVal : 11 6 0.9789 0.005981 0.005981
BinVal : 11 7 0.986 0.00347 0.00347
BinVal : 11 8 0.9925 0.001637 0.001637
BinVal : 11 9 1 0.002075 0.002075
BinVal : 11 10 1 0.01176 0.01176
BinVal : 11 11 1 0.03123 0.03123
BinVal : 11 12 1 0.03843 0.03843
BinVal : 12 0 0 0 0
BinVal : 12 1 0 0 0
BinVal : 12 2 0.4783 0.09798 0.09798
BinVal : 12 3 0.7742 0.0735 0.0735
BinVal : 12 4 0.8462 0.03794 0.03794
BinVal : 12 5 0.9707 0.009499 0.009499
BinVal : 12 6 0.974 0.006806 0.006806
BinVal : 12 7 0.9919 0.002812 0.002812
BinVal : 12 8 0.9942 0.001406 0.001406
BinVal : 12 9 1 0.001972 0.001972
BinVal : 12 10 1 0.01282 0.01282
BinVal : 12 11 1 0.0204 0.0204
BinVal : 12 12 1 0.03997 0.03997
BinVal : 13 0 0 0 0
BinVal : 13 1 0 0 0
BinVal : 13 2 0.4545 0.09965 0.09965
BinVal : 13 3 0.8696 0.0719 0.0719
BinVal : 13 4 0.8936 0.03234 0.03234
BinVal : 13 5 0.9798 0.007999 0.007999
BinVal : 13 6 0.9841 0.005198 0.005198
BinVal : 13 7 0.995 0.002438 0.002438
BinVal : 13 8 0.9931 0.00147 0.00147
BinVal : 13 9 1 0.00198 0.00198
BinVal : 13 10 1 0.01075 0.01075
BinVal : 13 11 1 0.02272 0.02272
BinVal : 13 12 1 0.03123 0.03123
BinVal : 14 0 0 0 0
BinVal : 14 1 0 0 0
BinVal : 14 2 0.4444 0.0908 0.0908
BinVal : 14 3 0.9048 0.06875 0.06875
BinVal : 14 4 0.9737 0.02164 0.02164
BinVal : 14 5 0.9784 0.007935 0.007935
BinVal : 14 6 0.9838 0.005031 0.005031
BinVal : 14 7 0.9872 0.003638 0.003638
BinVal : 14 8 0.9897 0.001781 0.001781
BinVal : 14 9 1 0.002101 0.002101
BinVal : 14 10 1 0.009615 0.009615
BinVal : 14 11 1 0.02702 0.02702
BinVal : 14 12 1 0.03446 0.03446
BinVal : 15 0 0 0 0
BinVal : 15 1 0 0 0
BinVal : 15 2 0.4333 0.08636 0.08636
BinVal : 15 3 0.8621 0.06502 0.06502
BinVal : 15 4 0.9583 0.02611 0.02611
BinVal : 15 5 0.9745 0.008769 0.008769
BinVal : 15 6 0.9889 0.004457 0.004457
BinVal : 15 7 0.9784 0.004341 0.004341
BinVal : 15 8 0.9915 0.001687 0.001687
BinVal : 15 9 0.9979 0.002895 0.002895
BinVal : 15 10 1 0.0099 0.0099
BinVal : 15 11 1 0.02777 0.02777
BinVal : 15 12 1 0.05546 0.05546
BinVal : 16 0 0 0 0
BinVal : 16 1 0 0 0
BinVal : 16 2 0.4 0.07965 0.07965
BinVal : 16 3 0.8387 0.06615 0.06615
BinVal : 16 4 0.9146 0.03184 0.03184
BinVal : 16 5 0.9637 0.01111 0.01111
BinVal : 16 6 0.9854 0.005063 0.005063
BinVal : 16 7 0.9821 0.003775 0.003775
BinVal : 16 8 0.9932 0.001551 0.001551
BinVal : 16 9 0.9959 0.003557 0.003557
BinVal : 16 10 1 0.01053 0.01053
BinVal : 16 11 1 0.03843 0.03843
BinVal : 16 12 1 0.04163 0.04163
BinVal : 17 0 0 0 0
BinVal : 17 1 0 0 0
BinVal : 17 2 0.2889 0.06601 0.06601
BinVal : 17 3 0.6667 0.08678 0.08678
BinVal : 17 4 0.9048 0.03282 0.03282
BinVal : 17 5 0.95 0.01387 0.01387
BinVal : 17 6 0.976 0.00608 0.00608
BinVal : 17 7 0.9826 0.003673 0.003673
BinVal : 17 8 0.9922 0.001646 0.001646
BinVal : 17 9 0.9978 0.003098 0.003098
BinVal : 17 10 1 0.01031 0.01031
BinVal : 17 11 1 0.04163 0.04163
BinVal : 17 12 1 0.04343 0.04343
BinVal : 18 0 0 0 0
BinVal : 18 1 0 0 0
BinVal : 18 2 0.3077 0.0718 0.0718
BinVal : 18 3 0.625 0.09363 0.09363
BinVal : 18 4 0.9324 0.03073 0.03073
BinVal : 18 5 0.9407 0.01572 0.01572
BinVal : 18 6 0.9697 0.00698 0.00698
BinVal : 18 7 0.9763 0.004659 0.004659
BinVal : 18 8 0.993 0.001748 0.001748
BinVal : 18 9 1 0.002584 0.002584
BinVal : 18 10 0.9868 0.01778 0.01778
BinVal : 18 11 1 0.03843 0.03843
BinVal : 18 12 1 0.07122 0.07122
BinVal : 19 0 0 0 0
BinVal : 19 1 0 0 0
BinVal : 19 2 0.5 0.1387 0.1387
BinVal : 19 3 0.6667 0.1389 0.1389
BinVal : 19 4 0.9677 0.04092 0.04092
BinVal : 19 5 0.9397 0.02305 0.02305
BinVal : 19 6 0.9611 0.01188 0.01188
BinVal : 19 7 0.9706 0.008284 0.008284
BinVal : 19 8 0.9937 0.002776 0.002776
BinVal : 19 9 1 0.006369 0.006369
BinVal : 19 10 0.963 0.04626 0.04626
BinVal : 19 11 1 0.07122 0.07122
BinVal : 19 12 1 0.1237 0.1237
BinVal : 20 0 0 0 0
BinVal : 20 1 0 0 0
BinVal : 20 2 0 0 0
BinVal : 20 3 0 0 0
BinVal : 20 4 0 0 0
BinVal : 20 5 0 0 0
BinVal : 20 6 0 0 0
BinVal : 20 7 0 0 0
BinVal : 20 8 0 0 0
BinVal : 20 9 0 0 0
BinVal : 20 10 0 0 0
BinVal : 20 11 0 0 0
BinVal : 20 12 0 0 0
BinVal : 21 0 0 0 0
BinVal : 21 1 0 0 0
BinVal : 21 2 0 0 0
BinVal : 21 3 0 0 0
BinVal : 21 4 0 0 0
BinVal : 21 5 0 0 0
BinVal : 21 6 0 0 0
BinVal : 21 7 0 0 0
BinVal : 21 8 0 0 0
BinVal : 21 9 0 0 0
BinVal : 21 10 0 0 0
BinVal : 21 11 0 0 0
BinVal : 21 12 0 0 0
BinVal : 22 0 0 0 0
BinVal : 22 1 0 0 0
BinVal : 22 2 0.1098 0.03513 0.03513
BinVal : 22 3 0.5769 0.05493 0.05493
BinVal : 22 4 0.6957 0.03601 0.03601
BinVal : 22 5 0.8167 0.01726 0.01726
BinVal : 22 6 0.8537 0.01296 0.01296
BinVal : 22 7 0.9038 0.009771 0.009771
BinVal : 22 8 0.9322 0.006347 0.006347
BinVal : 22 9 0.9879 0.01025 0.01025
BinVal : 22 10 0.925 0.04476 0.04476
BinVal : 22 11 1 0.07122 0.07122
BinVal : 22 12 0.8571 0.1315 0.1315
BinVal : 23 0 0 0 0
BinVal : 23 1 0 0 0
BinVal : 23 2 0.08889 0.03081 0.03081
BinVal : 23 3 0.45 0.05462 0.05462
BinVal : 23 4 0.634 0.03861 0.03861
BinVal : 23 5 0.765 0.01957 0.01957
BinVal : 23 6 0.8239 0.01453 0.01453
BinVal : 23 7 0.8552 0.01289 0.01289
BinVal : 23 8 0.894 0.009013 0.009013
BinVal : 23 9 0.9923 0.01059 0.01059
BinVal : 23 10 0.9259 0.0556 0.0556
BinVal : 23 11 1 0.1237 0.1237
BinVal : 23 12 0.5 0.2236 0.2236
BinVal : 24 0 0 0 0
BinVal : 24 1 0 0 0
BinVal : 24 2 0.09091 0.03373 0.03373
BinVal : 24 3 0.4028 0.05669 0.05669
BinVal : 24 4 0.6204 0.04105 0.04105
BinVal : 24 5 0.796 0.01906 0.01906
BinVal : 24 6 0.859 0.01419 0.01419
BinVal : 24 7 0.8539 0.01474 0.01474
BinVal : 24 8 0.903 0.01068 0.01068
BinVal : 24 9 1 0.01042 0.01042
BinVal : 24 10 1 0.05546 0.05546
BinVal : 24 11 1 0.05546 0.05546
BinVal : 24 12 1 0.05546 0.05546
BinVal : 25 0 0 0 0
BinVal : 25 1 0 0 0
BinVal : 25 2 0.0989 0.03195 0.03195
BinVal : 25 3 0.2292 0.0598 0.0598
BinVal : 25 4 0.5882 0.04458 0.04458
BinVal : 25 5 0.8021 0.02018 0.02018
BinVal : 25 6 0.8615 0.01507 0.01507
BinVal : 25 7 0.88 0.01683 0.01683
BinVal : 25 8 0.9149 0.0122 0.0122
BinVal : 25 9 1 0.01785 0.01785
BinVal : 25 10 1 0.09045 0.09045
BinVal : 25 11 1 0.1936 0.1936
BinVal : 25 12 1 0.1936 0.1936
BinVal : 26 0 0 0 0
BinVal : 26 1 0 0 0
BinVal : 26 2 0.1176 0.03227 0.03227
BinVal : 26 3 0.3077 0.06263 0.06263
BinVal : 26 4 0.5547 0.04343 0.04343
BinVal : 26 5 0.7642 0.02258 0.02258
BinVal : 26 6 0.8729 0.01635 0.01635
BinVal : 26 7 0.8436 0.02333 0.02333
BinVal : 26 8 0.8834 0.01639 0.01639
BinVal : 26 9 0.9643 0.0448 0.0448
BinVal : 26 10 1 0.1936 0.1936
BinVal : 26 11 1 0.1936 0.1936
BinVal : 26 12 1 0.1936 0.1936
BinVal : 27 0 0 0 0
BinVal : 27 1 0 0 0
BinVal : 27 2 0.1096 0.03728 0.03728
BinVal : 27 3 0.2667 0.06456 0.06456
BinVal : 27 4 0.4486 0.04743 0.04743
BinVal : 27 5 0.6809 0.02894 0.02894
BinVal : 27 6 0.8559 0.02363 0.02363
BinVal : 27 7 0.7415 0.03589 0.03589
BinVal : 27 8 0.8482 0.02601 0.02601
BinVal : 27 9 0.875 0.1206 0.1206
BinVal : 27 10 0.875 0.1206 0.1206
BinVal : 27 11 0.875 0.1206 0.1206
BinVal : 27 12 0.875 0.1206 0.1206
BinVal : 28 0 0 0 0
BinVal : 28 1 0 0 0
BinVal : 28 2 0.04 0.04949 0.04949
BinVal : 28 3 0.04 0.04949 0.04949
BinVal : 28 4 0.3077 0.0718 0.0718
BinVal : 28 5 0.52 0.05657 0.05657
BinVal : 28 6 0.7317 0.06762 0.06762
BinVal : 28 7 0.5897 0.07602 0.07602
BinVal : 28 8 0.7586 0.07735 0.07735
BinVal : 28 9 1 0.2357 0.2357
BinVal : 28 10 1 0.2357 0.2357
BinVal : 28 11 1 0.2357 0.2357
BinVal : 28 12 1 0.2357 0.2357
