D0NoteID : 0
EffName : EJETS_GROUP1_v155
EffType : Binned
EffVarNames : DetEta pT
EffVersion : 6
ObjQuality : VLoose
ObjType : Electron
ObjVersion : 11
BinEdgesX : -3.2 -2.8 -2.5 -2.3 -2.1 -1.9 -1.7 -1.5 -1.3 -1.1 -0.9 -0.7 -0.5 -0.3 -0.1 0.1 0.3 0.5 0.7 0.9 1.1 1.3 1.5 1.7 1.9 2.1 2.3 2.5 2.8 3.2
BinEdgesY : 0 10 15 20 22 25 30 35 40 50 60 70 80 1000
BinVal : 0 0 0 0 0
BinVal : 0 1 0 0 0
BinVal : 0 2 0.1469 0.01884 0.01884
BinVal : 0 3 0.3812 0.03583 0.03583
BinVal : 0 4 0.5974 0.02474 0.02474
BinVal : 0 5 0.7409 0.01575 0.01575
BinVal : 0 6 0.8831 0.01297 0.01297
BinVal : 0 7 0.7932 0.02153 0.02153
BinVal : 0 8 0.9005 0.0154 0.0154
BinVal : 0 9 1 0.04993 0.04993
BinVal : 0 10 1 0.1936 0.1936
BinVal : 0 11 1 0.1936 0.1936
BinVal : 0 12 1 0.1936 0.1936
BinVal : 1 0 0 0 0
BinVal : 1 1 0 0 0
BinVal : 1 2 0.1653 0.01934 0.01934
BinVal : 1 3 0.4159 0.03347 0.03347
BinVal : 1 4 0.6761 0.02183 0.02183
BinVal : 1 5 0.7981 0.01305 0.01305
BinVal : 1 6 0.9034 0.009648 0.009648
BinVal : 1 7 0.8982 0.01294 0.01294
BinVal : 1 8 0.9259 0.009849 0.009849
BinVal : 1 9 0.9818 0.02416 0.02416
BinVal : 1 10 1 0.09045 0.09045
BinVal : 1 11 1 0.09045 0.09045
BinVal : 1 12 1 0.2357 0.2357
BinVal : 2 0 0 0 0
BinVal : 2 1 0 0 0
BinVal : 2 2 0.1497 0.01899 0.01899
BinVal : 2 3 0.4712 0.03584 0.03584
BinVal : 2 4 0.6928 0.02211 0.02211
BinVal : 2 5 0.7942 0.01323 0.01323
BinVal : 2 6 0.8756 0.009994 0.009994
BinVal : 2 7 0.904 0.01043 0.01043
BinVal : 2 8 0.9224 0.008525 0.008525
BinVal : 2 9 0.9639 0.02284 0.02284
BinVal : 2 10 1 0.05255 0.05255
BinVal : 2 11 1 0.1633 0.1633
BinVal : 2 12 1 0.1936 0.1936
BinVal : 3 0 0 0 0
BinVal : 3 1 0 0 0
BinVal : 3 2 0.126 0.01705 0.01705
BinVal : 3 3 0.4846 0.03295 0.03295
BinVal : 3 4 0.6465 0.02107 0.02107
BinVal : 3 5 0.7934 0.01301 0.01301
BinVal : 3 6 0.8241 0.01086 0.01086
BinVal : 3 7 0.8733 0.009577 0.009577
BinVal : 3 8 0.9081 0.007579 0.007579
BinVal : 3 9 0.9856 0.01211 0.01211
BinVal : 3 10 1 0.03569 0.03569
BinVal : 3 11 1 0.1237 0.1237
BinVal : 3 12 1 0.1409 0.1409
BinVal : 4 0 0 0 0
BinVal : 4 1 0 0 0
BinVal : 4 2 0.1284 0.01856 0.01856
BinVal : 4 3 0.4549 0.03169 0.03169
BinVal : 4 4 0.6667 0.01997 0.01997
BinVal : 4 5 0.8095 0.01197 0.01197
BinVal : 4 6 0.8083 0.01053 0.01053
BinVal : 4 7 0.8531 0.008832 0.008832
BinVal : 4 8 0.9128 0.006099 0.006099
BinVal : 4 9 0.9961 0.005387 0.005387
BinVal : 4 10 1 0.02563 0.02563
BinVal : 4 11 1 0.08299 0.08299
BinVal : 4 12 1 0.1237 0.1237
BinVal : 5 0 0 0 0
BinVal : 5 1 0 0 0
BinVal : 5 2 0.2176 0.02663 0.02663
BinVal : 5 3 0.5317 0.0346 0.0346
BinVal : 5 4 0.6988 0.02051 0.02051
BinVal : 5 5 0.8407 0.0108 0.0108
BinVal : 5 6 0.8544 0.008875 0.008875
BinVal : 5 7 0.8763 0.007637 0.007637
BinVal : 5 8 0.9386 0.004444 0.004444
BinVal : 5 9 0.9863 0.006593 0.006593
BinVal : 5 10 1 0.01785 0.01785
BinVal : 5 11 1 0.05546 0.05546
BinVal : 5 12 1 0.06236 0.06236
BinVal : 6 0 0 0 0
BinVal : 6 1 0 0 0
BinVal : 6 2 0.3053 0.04669 0.04669
BinVal : 6 3 0.617 0.04942 0.04942
BinVal : 6 4 0.7012 0.02935 0.02935
BinVal : 6 5 0.8785 0.01364 0.01364
BinVal : 6 6 0.8904 0.01098 0.01098
BinVal : 6 7 0.9053 0.009412 0.009412
BinVal : 6 8 0.9568 0.005005 0.005005
BinVal : 6 9 0.9802 0.0108 0.0108
BinVal : 6 10 1 0.02856 0.02856
BinVal : 6 11 1 0.09045 0.09045
BinVal : 6 12 1 0.07122 0.07122
BinVal : 7 0 0 0 0
BinVal : 7 1 0 0 0
BinVal : 7 2 0 0 0
BinVal : 7 3 0 0 0
BinVal : 7 4 0 0 0
BinVal : 7 5 0 0 0
BinVal : 7 6 0 0 0
BinVal : 7 7 0 0 0
BinVal : 7 8 0 0 0
BinVal : 7 9 0 0 0
BinVal : 7 10 0 0 0
BinVal : 7 11 0 0 0
BinVal : 7 12 0 0 0
BinVal : 8 0 0 0 0
BinVal : 8 1 0 0 0
BinVal : 8 2 0 0 0
BinVal : 8 3 0 0 0
BinVal : 8 4 0 0 0
BinVal : 8 5 0 0 0
BinVal : 8 6 0 0 0
BinVal : 8 7 0 0 0
BinVal : 8 8 0 0 0
BinVal : 8 9 0 0 0
BinVal : 8 10 0 0 0
BinVal : 8 11 0 0 0
BinVal : 8 12 0 0 0
BinVal : 9 0 0 0 0
BinVal : 9 1 0 0 0
BinVal : 9 2 0.2231 0.03766 0.03766
BinVal : 9 3 0.5824 0.0509 0.0509
BinVal : 9 4 0.8213 0.02662 0.02662
BinVal : 9 5 0.955 0.008576 0.008576
BinVal : 9 6 0.9658 0.004945 0.004945
BinVal : 9 7 0.9675 0.003659 0.003659
BinVal : 9 8 0.9887 0.001525 0.001525
BinVal : 9 9 0.9976 0.002107 0.002107
BinVal : 9 10 1 0.007519 0.007519
BinVal : 9 11 1 0.0196 0.0196
BinVal : 9 12 1 0.03331 0.03331
BinVal : 10 0 0 0 0
BinVal : 10 1 0 0 0
BinVal : 10 2 0.3206 0.04041 0.04041
BinVal : 10 3 0.6531 0.04746 0.04746
BinVal : 10 4 0.8268 0.02374 0.02374
BinVal : 10 5 0.9496 0.008636 0.008636
BinVal : 10 6 0.9644 0.004928 0.004928
BinVal : 10 7 0.9724 0.003158 0.003158
BinVal : 10 8 0.9898 0.001314 0.001314
BinVal : 10 9 0.9979 0.001775 0.001775
BinVal : 10 10 1 0.005682 0.005682
BinVal : 10 11 1 0.0147 0.0147
BinVal : 10 12 1 0.0204 0.0204
BinVal : 11 0 0 0 0
BinVal : 11 1 0 0 0
BinVal : 11 2 0.3729 0.04401 0.04401
BinVal : 11 3 0.7561 0.04697 0.04697
BinVal : 11 4 0.8656 0.02151 0.02151
BinVal : 11 5 0.9568 0.007675 0.007675
BinVal : 11 6 0.965 0.005053 0.005053
BinVal : 11 7 0.9773 0.002846 0.002846
BinVal : 11 8 0.9908 0.001211 0.001211
BinVal : 11 9 1 0.001018 0.001018
BinVal : 11 10 1 0.004854 0.004854
BinVal : 11 11 1 0.01266 0.01266
BinVal : 11 12 0.9855 0.0195 0.0195
BinVal : 12 0 0 0 0
BinVal : 12 1 0 0 0
BinVal : 12 2 0.3981 0.04758 0.04758
BinVal : 12 3 0.7042 0.05334 0.05334
BinVal : 12 4 0.8816 0.02151 0.02151
BinVal : 12 5 0.9661 0.006625 0.006625
BinVal : 12 6 0.9752 0.004246 0.004246
BinVal : 12 7 0.9791 0.002812 0.002812
BinVal : 12 8 0.9887 0.0013 0.0013
BinVal : 12 9 1 0.0009766 0.0009766
BinVal : 12 10 1 0.004717 0.004717
BinVal : 12 11 1 0.0119 0.0119
BinVal : 12 12 0.9853 0.01977 0.01977
BinVal : 13 0 0 0 0
BinVal : 13 1 0 0 0
BinVal : 13 2 0.4731 0.05096 0.05096
BinVal : 13 3 0.7838 0.04749 0.04749
BinVal : 13 4 0.9119 0.01903 0.01903
BinVal : 13 5 0.9665 0.006423 0.006423
BinVal : 13 6 0.9773 0.003956 0.003956
BinVal : 13 7 0.983 0.002666 0.002666
BinVal : 13 8 0.9894 0.001229 0.001229
BinVal : 13 9 1 0.0009285 0.0009285
BinVal : 13 10 1 0.004926 0.004926
BinVal : 13 11 1 0.01124 0.01124
BinVal : 13 12 1 0.01818 0.01818
BinVal : 14 0 0 0 0
BinVal : 14 1 0 0 0
BinVal : 14 2 0.4359 0.05512 0.05512
BinVal : 14 3 0.8182 0.04103 0.04103
BinVal : 14 4 0.937 0.01607 0.01607
BinVal : 14 5 0.9722 0.005699 0.005699
BinVal : 14 6 0.9735 0.004178 0.004178
BinVal : 14 7 0.9804 0.002829 0.002829
BinVal : 14 8 0.9904 0.001165 0.001165
BinVal : 14 9 0.9974 0.001737 0.001737
BinVal : 14 10 1 0.004673 0.004673
BinVal : 14 11 1 0.01266 0.01266
BinVal : 14 12 1 0.01538 0.01538
BinVal : 15 0 0 0 0
BinVal : 15 1 0 0 0
BinVal : 15 2 0.3294 0.05025 0.05025
BinVal : 15 3 0.7778 0.04352 0.04352
BinVal : 15 4 0.8819 0.02035 0.02035
BinVal : 15 5 0.9687 0.006021 0.006021
BinVal : 15 6 0.9752 0.004075 0.004075
BinVal : 15 7 0.9778 0.002898 0.002898
BinVal : 15 8 0.9873 0.001357 0.001357
BinVal : 15 9 0.9973 0.001766 0.001766
BinVal : 15 10 1 0.004975 0.004975
BinVal : 15 11 1 0.01408 0.01408
BinVal : 15 12 1 0.01613 0.01613
BinVal : 16 0 0 0 0
BinVal : 16 1 0 0 0
BinVal : 16 2 0.2929 0.04524 0.04524
BinVal : 16 3 0.7024 0.04924 0.04924
BinVal : 16 4 0.8281 0.02358 0.02358
BinVal : 16 5 0.9641 0.006745 0.006745
BinVal : 16 6 0.9773 0.003844 0.003844
BinVal : 16 7 0.9822 0.002538 0.002538
BinVal : 16 8 0.9871 0.001401 0.001401
BinVal : 16 9 0.9981 0.001604 0.001604
BinVal : 16 10 1 0.005208 0.005208
BinVal : 16 11 1 0.01176 0.01176
BinVal : 16 12 1 0.02 0.02
BinVal : 17 0 0 0 0
BinVal : 17 1 0 0 0
BinVal : 17 2 0.3061 0.04602 0.04602
BinVal : 17 3 0.6044 0.05048 0.05048
BinVal : 17 4 0.7981 0.02778 0.02778
BinVal : 17 5 0.9576 0.007937 0.007937
BinVal : 17 6 0.9713 0.00425 0.00425
BinVal : 17 7 0.984 0.002369 0.002369
BinVal : 17 8 0.9894 0.001315 0.001315
BinVal : 17 9 0.9972 0.001867 0.001867
BinVal : 17 10 0.9947 0.007385 0.007385
BinVal : 17 11 1 0.01234 0.01234
BinVal : 17 12 1 0.01852 0.01852
BinVal : 18 0 0 0 0
BinVal : 18 1 0 0 0
BinVal : 18 2 0.2736 0.0429 0.0429
BinVal : 18 3 0.6125 0.05354 0.05354
BinVal : 18 4 0.7778 0.02945 0.02945
BinVal : 18 5 0.9544 0.008859 0.008859
BinVal : 18 6 0.9628 0.005049 0.005049
BinVal : 18 7 0.9786 0.002925 0.002925
BinVal : 18 8 0.9885 0.001513 0.001513
BinVal : 18 9 0.9977 0.001982 0.001982
BinVal : 18 10 0.9933 0.009212 0.009212
BinVal : 18 11 1 0.01695 0.01695
BinVal : 18 12 1 0.02173 0.02173
BinVal : 19 0 0 0 0
BinVal : 19 1 0 0 0
BinVal : 19 2 0.2222 0.05592 0.05592
BinVal : 19 3 0.5806 0.08476 0.08476
BinVal : 19 4 0.7619 0.04127 0.04127
BinVal : 19 5 0.9621 0.01219 0.01219
BinVal : 19 6 0.9606 0.007846 0.007846
BinVal : 19 7 0.9727 0.005157 0.005157
BinVal : 19 8 0.9856 0.002647 0.002647
BinVal : 19 9 0.9971 0.004046 0.004046
BinVal : 19 10 1 0.01492 0.01492
BinVal : 19 11 1 0.04343 0.04343
BinVal : 19 12 1 0.05255 0.05255
BinVal : 20 0 0 0 0
BinVal : 20 1 0 0 0
BinVal : 20 2 0 0 0
BinVal : 20 3 0 0 0
BinVal : 20 4 0 0 0
BinVal : 20 5 0 0 0
BinVal : 20 6 0 0 0
BinVal : 20 7 0 0 0
BinVal : 20 8 0 0 0
BinVal : 20 9 0 0 0
BinVal : 20 10 0 0 0
BinVal : 20 11 0 0 0
BinVal : 20 12 0 0 0
BinVal : 21 0 0 0 0
BinVal : 21 1 0 0 0
BinVal : 21 2 0 0 0
BinVal : 21 3 0 0 0
BinVal : 21 4 0 0 0
BinVal : 21 5 0 0 0
BinVal : 21 6 0 0 0
BinVal : 21 7 0 0 0
BinVal : 21 8 0 0 0
BinVal : 21 9 0 0 0
BinVal : 21 10 0 0 0
BinVal : 21 11 0 0 0
BinVal : 21 12 0 0 0
BinVal : 22 0 0 0 0
BinVal : 22 1 0 0 0
BinVal : 22 2 0.1984 0.02534 0.02534
BinVal : 22 3 0.5355 0.03409 0.03409
BinVal : 22 4 0.7188 0.01997 0.01997
BinVal : 22 5 0.8396 0.01084 0.01084
BinVal : 22 6 0.8701 0.008491 0.008491
BinVal : 22 7 0.8924 0.007248 0.007248
BinVal : 22 8 0.9244 0.004894 0.004894
BinVal : 22 9 0.9918 0.005412 0.005412
BinVal : 22 10 1 0.01389 0.01389
BinVal : 22 11 0.9474 0.06258 0.06258
BinVal : 22 12 1 0.05546 0.05546
BinVal : 23 0 0 0 0
BinVal : 23 1 0 0 0
BinVal : 23 2 0.1074 0.01803 0.01803
BinVal : 23 3 0.4184 0.03172 0.03172
BinVal : 23 4 0.6554 0.02116 0.02116
BinVal : 23 5 0.7829 0.01229 0.01229
BinVal : 23 6 0.8216 0.01007 0.01007
BinVal : 23 7 0.8388 0.009414 0.009414
BinVal : 23 8 0.8946 0.006579 0.006579
BinVal : 23 9 0.9925 0.006367 0.006367
BinVal : 23 10 1 0.01886 0.01886
BinVal : 23 11 1 0.08299 0.08299
BinVal : 23 12 1 0.1102 0.1102
BinVal : 24 0 0 0 0
BinVal : 24 1 0 0 0
BinVal : 24 2 0.1082 0.01584 0.01584
BinVal : 24 3 0.4045 0.02988 0.02988
BinVal : 24 4 0.6565 0.02208 0.02208
BinVal : 24 5 0.7946 0.01278 0.01278
BinVal : 24 6 0.8304 0.01054 0.01054
BinVal : 24 7 0.8624 0.009983 0.009983
BinVal : 24 8 0.9045 0.007425 0.007425
BinVal : 24 9 0.994 0.008294 0.008294
BinVal : 24 10 1 0.03997 0.03997
BinVal : 24 11 1 0.1409 0.1409
BinVal : 24 12 1 0.1633 0.1633
BinVal : 25 0 0 0 0
BinVal : 25 1 0 0 0
BinVal : 25 2 0.1279 0.01614 0.01614
BinVal : 25 3 0.4587 0.03352 0.03352
BinVal : 25 4 0.6442 0.02302 0.02302
BinVal : 25 5 0.8339 0.01215 0.01215
BinVal : 25 6 0.8784 0.01013 0.01013
BinVal : 25 7 0.8881 0.01096 0.01096
BinVal : 25 8 0.9068 0.009079 0.009079
BinVal : 25 9 0.9924 0.01044 0.01044
BinVal : 25 10 1 0.1237 0.1237
BinVal : 25 11 1 0.1936 0.1936
BinVal : 25 12 1 0.1936 0.1936
BinVal : 26 0 0 0 0
BinVal : 26 1 0 0 0
BinVal : 26 2 0.1494 0.01711 0.01711
BinVal : 26 3 0.412 0.03327 0.03327
BinVal : 26 4 0.6245 0.02237 0.02237
BinVal : 26 5 0.805 0.01246 0.01246
BinVal : 26 6 0.8874 0.01057 0.01057
BinVal : 26 7 0.8564 0.0146 0.0146
BinVal : 26 8 0.899 0.01132 0.01132
BinVal : 26 9 1 0.01099 0.01099
BinVal : 26 10 1 0.1409 0.1409
BinVal : 26 11 1 0.1409 0.1409
BinVal : 26 12 1 0.1409 0.1409
BinVal : 27 0 0 0 0
BinVal : 27 1 0 0 0
BinVal : 27 2 0.1247 0.01725 0.01725
BinVal : 27 3 0.3257 0.03156 0.03156
BinVal : 27 4 0.536 0.02475 0.02475
BinVal : 27 5 0.7269 0.0155 0.0155
BinVal : 27 6 0.8342 0.01522 0.01522
BinVal : 27 7 0.7698 0.02161 0.02161
BinVal : 27 8 0.8993 0.01499 0.01499
BinVal : 27 9 1 0.03569 0.03569
BinVal : 27 10 1 0.1633 0.1633
BinVal : 27 11 1 0.1633 0.1633
BinVal : 27 12 1 0.1633 0.1633
BinVal : 28 0 0 0 0
BinVal : 28 1 0 0 0
BinVal : 28 2 0.06061 0.02154 0.02154
BinVal : 28 3 0.2644 0.04678 0.04678
BinVal : 28 4 0.4267 0.04 0.04
BinVal : 28 5 0.6585 0.02787 0.02787
BinVal : 28 6 0.7831 0.03188 0.03188
BinVal : 28 7 0.6618 0.0402 0.0402
BinVal : 28 8 0.913 0.03019 0.03019
BinVal : 28 9 1 0.2357 0.2357
BinVal : 28 10 1 0.2357 0.2357
BinVal : 28 11 1 0.2357 0.2357
BinVal : 28 12 1 0.2357 0.2357
