D0NoteID : 0
EffName : EJETS_GROUP1_v15
EffType : Binned
EffVarNames : DetEta pT
EffVersion : 6
ObjQuality : Point2
ObjType : Electron
ObjVersion : 1
TriggerVersion : v15
BinEdgesX : -3.2 -2.8 -2.5 -2.3 -2.1 -1.9 -1.7 -1.5 -1.3 -1.1 -0.9 -0.7 -0.5 -0.3 -0.1 0.1 0.3 0.5 0.7 0.9 1.1 1.3 1.5 1.7 1.9 2.1 2.3 2.5 2.8 3.2
BinEdgesY : 0 10 15 20 22 25 30 35 40 50 60 70 80 1000
BinVal : 0 0 0 0 0
BinVal : 0 1 0 0 0
BinVal : 0 2 0 0 0
BinVal : 0 3 0.5714 0.1571 0.1571
BinVal : 0 4 0.75 0.1382 0.1382
BinVal : 0 5 0.6129 0.0838 0.0838
BinVal : 0 6 0.68 0.08909 0.08909
BinVal : 0 7 0.7273 0.1234 0.1234
BinVal : 0 8 0.6667 0.1041 0.1041
BinVal : 0 9 0.6667 0.1041 0.1041
BinVal : 0 10 0.6667 0.1041 0.1041
BinVal : 0 11 0.6667 0.1041 0.1041
BinVal : 0 12 0.6667 0.1041 0.1041
BinVal : 1 0 0 0 0
BinVal : 1 1 0 0 0
BinVal : 1 2 0.07143 0.08021 0.08021
BinVal : 1 3 0.6923 0.1179 0.1179
BinVal : 1 4 0.68 0.08909 0.08909
BinVal : 1 5 0.697 0.04567 0.04567
BinVal : 1 6 0.7925 0.03921 0.03921
BinVal : 1 7 0.873 0.04251 0.04251
BinVal : 1 8 0.8023 0.04276 0.04276
BinVal : 1 9 0.8333 0.1443 0.1443
BinVal : 1 10 0.8333 0.1443 0.1443
BinVal : 1 11 0.8333 0.1443 0.1443
BinVal : 1 12 0.8333 0.1443 0.1443
BinVal : 2 0 0 0 0
BinVal : 2 1 0 0 0
BinVal : 2 2 0.08333 0.06149 0.06149
BinVal : 2 3 0.5714 0.1012 0.1012
BinVal : 2 4 0.6857 0.07594 0.07594
BinVal : 2 5 0.7124 0.03634 0.03634
BinVal : 2 6 0.7967 0.02976 0.02976
BinVal : 2 7 0.8095 0.0349 0.0349
BinVal : 2 8 0.8065 0.02892 0.02892
BinVal : 2 9 0.875 0.0855 0.0855
BinVal : 2 10 1 0.2357 0.2357
BinVal : 2 11 1 0.2357 0.2357
BinVal : 2 12 1 0.2357 0.2357
BinVal : 3 0 0 0 0
BinVal : 3 1 0 0 0
BinVal : 3 2 0.08 0.05939 0.05939
BinVal : 3 3 0.48 0.09443 0.09443
BinVal : 3 4 0.6739 0.06734 0.06734
BinVal : 3 5 0.6512 0.03607 0.03607
BinVal : 3 6 0.7611 0.02705 0.02705
BinVal : 3 7 0.7277 0.03036 0.03036
BinVal : 3 8 0.7633 0.02307 0.02307
BinVal : 3 9 0.8182 0.06667 0.06667
BinVal : 3 10 1 0.1102 0.1102
BinVal : 3 11 1 0.1102 0.1102
BinVal : 3 12 1 0.1102 0.1102
BinVal : 4 0 0 0 0
BinVal : 4 1 0 0 0
BinVal : 4 2 0.1282 0.05454 0.05454
BinVal : 4 3 0.52 0.09443 0.09443
BinVal : 4 4 0.6667 0.05575 0.05575
BinVal : 4 5 0.6667 0.03234 0.03234
BinVal : 4 6 0.7619 0.02318 0.02318
BinVal : 4 7 0.7378 0.02225 0.02225
BinVal : 4 8 0.7583 0.0174 0.0174
BinVal : 4 9 0.75 0.05187 0.05187
BinVal : 4 10 0.8889 0.1113 0.1113
BinVal : 4 11 0.5 0.2236 0.2236
BinVal : 4 12 0.5 0.2236 0.2236
BinVal : 5 0 0 0 0
BinVal : 5 1 0.07143 0.08021 0.08021
BinVal : 5 2 0.1489 0.05227 0.05227
BinVal : 5 3 0.5667 0.08636 0.08636
BinVal : 5 4 0.7283 0.04589 0.04589
BinVal : 5 5 0.8273 0.02267 0.02267
BinVal : 5 6 0.846 0.01707 0.01707
BinVal : 5 7 0.8536 0.01486 0.01486
BinVal : 5 8 0.8574 0.01086 0.01086
BinVal : 5 9 0.8559 0.03246 0.03246
BinVal : 5 10 0.8 0.09998 0.09998
BinVal : 5 11 0.75 0.1382 0.1382
BinVal : 5 12 1 0.2357 0.2357
BinVal : 6 0 0 0 0
BinVal : 6 1 0.1 0.1034 0.1034
BinVal : 6 2 0.15 0.08042 0.08042
BinVal : 6 3 0.6 0.116 0.116
BinVal : 6 4 0.7647 0.05855 0.05855
BinVal : 6 5 0.9057 0.02351 0.02351
BinVal : 6 6 0.9031 0.01857 0.01857
BinVal : 6 7 0.9369 0.01386 0.01386
BinVal : 6 8 0.9128 0.01108 0.01108
BinVal : 6 9 0.9315 0.03112 0.03112
BinVal : 6 10 0.8182 0.1126 0.1126
BinVal : 6 11 0.8333 0.1443 0.1443
BinVal : 6 12 1 0.2357 0.2357
BinVal : 7 0 0 0 0
BinVal : 7 1 0 0 0
BinVal : 7 2 0 0 0
BinVal : 7 3 0 0 0
BinVal : 7 4 0 0 0
BinVal : 7 5 0 0 0
BinVal : 7 6 0 0 0
BinVal : 7 7 0 0 0
BinVal : 7 8 0 0 0
BinVal : 7 9 0 0 0
BinVal : 7 10 0 0 0
BinVal : 7 11 0 0 0
BinVal : 7 12 0 0 0
BinVal : 8 0 0 0 0
BinVal : 8 1 0 0 0
BinVal : 8 2 0 0 0
BinVal : 8 3 0 0 0
BinVal : 8 4 0 0 0
BinVal : 8 5 0 0 0
BinVal : 8 6 0 0 0
BinVal : 8 7 0 0 0
BinVal : 8 8 0 0 0
BinVal : 8 9 0 0 0
BinVal : 8 10 0 0 0
BinVal : 8 11 0 0 0
BinVal : 8 12 0 0 0
BinVal : 9 0 0 0 0
BinVal : 9 1 0.1667 0.1443 0.1443
BinVal : 9 2 0.3043 0.09148 0.09148
BinVal : 9 3 0.68 0.08909 0.08909
BinVal : 9 4 0.8409 0.05529 0.05529
BinVal : 9 5 0.9297 0.01919 0.01919
BinVal : 9 6 0.966 0.008053 0.008053
BinVal : 9 7 0.9774 0.004739 0.004739
BinVal : 9 8 0.9871 0.002517 0.002517
BinVal : 9 9 0.9899 0.006655 0.006655
BinVal : 9 10 0.9649 0.02836 0.02836
BinVal : 9 11 1 0.09045 0.09045
BinVal : 9 12 1 0.09938 0.09938
BinVal : 10 0 0 0 0
BinVal : 10 1 0 0 0
BinVal : 10 2 0.3333 0.08678 0.08678
BinVal : 10 3 0.7179 0.07021 0.07021
BinVal : 10 4 0.8235 0.04615 0.04615
BinVal : 10 5 0.9605 0.01342 0.01342
BinVal : 10 6 0.9829 0.005583 0.005583
BinVal : 10 7 0.9776 0.004335 0.004335
BinVal : 10 8 0.9883 0.00216 0.00216
BinVal : 10 9 0.9856 0.006928 0.006928
BinVal : 10 10 0.9863 0.01848 0.01848
BinVal : 10 11 1 0.06236 0.06236
BinVal : 10 12 1 0.06236 0.06236
BinVal : 11 0 0 0 0
BinVal : 11 1 0 0 0
BinVal : 11 2 0.4231 0.0919 0.0919
BinVal : 11 3 0.7692 0.06626 0.06626
BinVal : 11 4 0.8267 0.04367 0.04367
BinVal : 11 5 0.9759 0.009536 0.009536
BinVal : 11 6 0.9836 0.005672 0.005672
BinVal : 11 7 0.9811 0.004081 0.004081
BinVal : 11 8 0.9864 0.00228 0.00228
BinVal : 11 9 0.9835 0.006584 0.006584
BinVal : 11 10 1 0.01408 0.01408
BinVal : 11 11 1 0.03843 0.03843
BinVal : 11 12 1 0.04993 0.04993
BinVal : 12 0 0 0 0
BinVal : 12 1 0 0 0
BinVal : 12 2 0.5263 0.1065 0.1065
BinVal : 12 3 0.8333 0.06794 0.06794
BinVal : 12 4 0.8312 0.04269 0.04269
BinVal : 12 5 0.972 0.009623 0.009623
BinVal : 12 6 0.9767 0.006879 0.006879
BinVal : 12 7 0.9884 0.003457 0.003457
BinVal : 12 8 0.9869 0.002165 0.002165
BinVal : 12 9 0.9911 0.004925 0.004925
BinVal : 12 10 1 0.0147 0.0147
BinVal : 12 11 1 0.02499 0.02499
BinVal : 12 12 1 0.0454 0.0454
BinVal : 13 0 0 0 0
BinVal : 13 1 0 0 0
BinVal : 13 2 0.55 0.1038 0.1038
BinVal : 13 3 0.9 0.07156 0.07156
BinVal : 13 4 0.908 0.03178 0.03178
BinVal : 13 5 0.9761 0.008769 0.008769
BinVal : 13 6 0.9812 0.005846 0.005846
BinVal : 13 7 0.9899 0.003519 0.003519
BinVal : 13 8 0.9898 0.001848 0.001848
BinVal : 13 9 0.9929 0.004656 0.004656
BinVal : 13 10 1 0.01205 0.01205
BinVal : 13 11 1 0.02702 0.02702
BinVal : 13 12 1 0.03843 0.03843
BinVal : 14 0 0 0 0
BinVal : 14 1 0 0 0
BinVal : 14 2 0.5 0.09623 0.09623
BinVal : 14 3 0.9231 0.08498 0.08498
BinVal : 14 4 0.9733 0.02191 0.02191
BinVal : 14 5 0.9767 0.008569 0.008569
BinVal : 14 6 0.9824 0.005467 0.005467
BinVal : 14 7 0.9867 0.003949 0.003949
BinVal : 14 8 0.9868 0.002096 0.002096
BinVal : 14 9 0.986 0.006096 0.006096
BinVal : 14 10 0.9891 0.01481 0.01481
BinVal : 14 11 1 0.03123 0.03123
BinVal : 14 12 1 0.04756 0.04756
BinVal : 15 0 0 0 0
BinVal : 15 1 0 0 0
BinVal : 15 2 0.48 0.09443 0.09443
BinVal : 15 3 0.85 0.08042 0.08042
BinVal : 15 4 0.9706 0.02404 0.02404
BinVal : 15 5 0.972 0.009594 0.009594
BinVal : 15 6 0.9845 0.005364 0.005364
BinVal : 15 7 0.9832 0.004024 0.004024
BinVal : 15 8 0.9875 0.002129 0.002129
BinVal : 15 9 0.9835 0.006569 0.006569
BinVal : 15 10 0.9674 0.02071 0.02071
BinVal : 15 11 1 0.03446 0.03446
BinVal : 15 12 1 0.0665 0.0665
BinVal : 16 0 0 0 0
BinVal : 16 1 0 0 0
BinVal : 16 2 0.4483 0.08797 0.08797
BinVal : 16 3 0.8214 0.07184 0.07184
BinVal : 16 4 0.9259 0.03032 0.03032
BinVal : 16 5 0.9603 0.01212 0.01212
BinVal : 16 6 0.9828 0.00563 0.00563
BinVal : 16 7 0.985 0.003596 0.003596
BinVal : 16 8 0.9887 0.002091 0.002091
BinVal : 16 9 0.985 0.0065 0.0065
BinVal : 16 10 0.9775 0.01862 0.01862
BinVal : 16 11 1 0.04993 0.04993
BinVal : 16 12 0.9375 0.0721 0.0721
BinVal : 17 0 0 0 0
BinVal : 17 1 0 0 0
BinVal : 17 2 0.3243 0.07454 0.07454
BinVal : 17 3 0.6552 0.08458 0.08458
BinVal : 17 4 0.9024 0.03355 0.03355
BinVal : 17 5 0.9489 0.01476 0.01476
BinVal : 17 6 0.9789 0.005971 0.005971
BinVal : 17 7 0.983 0.00375 0.00375
BinVal : 17 8 0.9874 0.002218 0.002218
BinVal : 17 9 0.9809 0.007592 0.007592
BinVal : 17 10 1 0.01316 0.01316
BinVal : 17 11 1 0.04993 0.04993
BinVal : 17 12 0.9375 0.0721 0.0721
BinVal : 18 0 0 0 0
BinVal : 18 1 0 0 0
BinVal : 18 2 0.3235 0.0775 0.0775
BinVal : 18 3 0.6 0.09286 0.09286
BinVal : 18 4 0.9091 0.03658 0.03658
BinVal : 18 5 0.9479 0.01576 0.01576
BinVal : 18 6 0.9707 0.007158 0.007158
BinVal : 18 7 0.9793 0.004555 0.004555
BinVal : 18 8 0.9888 0.002319 0.002319
BinVal : 18 9 0.9759 0.009504 0.009504
BinVal : 18 10 1 0.0196 0.0196
BinVal : 18 11 1 0.04343 0.04343
BinVal : 18 12 1 0.07666 0.07666
BinVal : 19 0 0 0 0
BinVal : 19 1 0 0 0
BinVal : 19 2 0.4545 0.1332 0.1332
BinVal : 19 3 0.6667 0.1389 0.1389
BinVal : 19 4 0.9286 0.05388 0.05388
BinVal : 19 5 0.9615 0.0205 0.0205
BinVal : 19 6 0.963 0.01192 0.01192
BinVal : 19 7 0.9795 0.007536 0.007536
BinVal : 19 8 0.9884 0.003816 0.003816
BinVal : 19 9 0.9732 0.01716 0.01716
BinVal : 19 10 1 0.04343 0.04343
BinVal : 19 11 1 0.08299 0.08299
BinVal : 19 12 1 0.1633 0.1633
BinVal : 20 0 0 0 0
BinVal : 20 1 0 0 0
BinVal : 20 2 0 0 0
BinVal : 20 3 0 0 0
BinVal : 20 4 0 0 0
BinVal : 20 5 0 0 0
BinVal : 20 6 0 0 0
BinVal : 20 7 0 0 0
BinVal : 20 8 0 0 0
BinVal : 20 9 0 0 0
BinVal : 20 10 0 0 0
BinVal : 20 11 0 0 0
BinVal : 20 12 0 0 0
BinVal : 21 0 0 0 0
BinVal : 21 1 0 0 0
BinVal : 21 2 0 0 0
BinVal : 21 3 0 0 0
BinVal : 21 4 0 0 0
BinVal : 21 5 0 0 0
BinVal : 21 6 0 0 0
BinVal : 21 7 0 0 0
BinVal : 21 8 0 0 0
BinVal : 21 9 0 0 0
BinVal : 21 10 0 0 0
BinVal : 21 11 0 0 0
BinVal : 21 12 0 0 0
BinVal : 22 0 0 0 0
BinVal : 22 1 0.1111 0.1113 0.1113
BinVal : 22 2 0.1143 0.05546 0.05546
BinVal : 22 3 0.6444 0.06935 0.06935
BinVal : 22 4 0.6951 0.05014 0.05014
BinVal : 22 5 0.8218 0.02198 0.02198
BinVal : 22 6 0.8312 0.01721 0.01721
BinVal : 22 7 0.8679 0.0137 0.0137
BinVal : 22 8 0.8738 0.01012 0.01012
BinVal : 22 9 0.8852 0.02917 0.02917
BinVal : 22 10 0.8966 0.05926 0.05926
BinVal : 22 11 0.7778 0.1286 0.1286
BinVal : 22 12 0.75 0.1782 0.1782
BinVal : 23 0 0 0 0
BinVal : 23 1 0.1 0.1034 0.1034
BinVal : 23 2 0.1154 0.06498 0.06498
BinVal : 23 3 0.5676 0.0784 0.0784
BinVal : 23 4 0.5692 0.06008 0.06008
BinVal : 23 5 0.717 0.03079 0.03079
BinVal : 23 6 0.753 0.02361 0.02361
BinVal : 23 7 0.7749 0.02133 0.02133
BinVal : 23 8 0.7959 0.01609 0.01609
BinVal : 23 9 0.8507 0.04375 0.04375
BinVal : 23 10 0.8571 0.09466 0.09466
BinVal : 23 11 0.6 0.175 0.175
BinVal : 23 12 0.6 0.175 0.175
BinVal : 24 0 0 0 0
BinVal : 24 1 0 0 0
BinVal : 24 2 0.09524 0.06875 0.06875
BinVal : 24 3 0.4828 0.08834 0.08834
BinVal : 24 4 0.6818 0.06838 0.06838
BinVal : 24 5 0.7045 0.03418 0.03418
BinVal : 24 6 0.813 0.02484 0.02484
BinVal : 24 7 0.7613 0.02852 0.02852
BinVal : 24 8 0.7658 0.02316 0.02316
BinVal : 24 9 0.8333 0.06207 0.06207
BinVal : 24 10 1 0.1633 0.1633
BinVal : 24 11 1 0.1633 0.1633
BinVal : 24 12 1 0.1633 0.1633
BinVal : 25 0 0 0 0
BinVal : 25 1 0 0 0
BinVal : 25 2 0.07143 0.05388 0.05388
BinVal : 25 3 0.3125 0.1081 0.1081
BinVal : 25 4 0.6857 0.07594 0.07594
BinVal : 25 5 0.7557 0.03731 0.03731
BinVal : 25 6 0.78 0.0292 0.0292
BinVal : 25 7 0.792 0.03616 0.03616
BinVal : 25 8 0.799 0.02871 0.02871
BinVal : 25 9 0.8667 0.08985 0.08985
BinVal : 25 10 1 0.1936 0.1936
BinVal : 25 11 1 0.1936 0.1936
BinVal : 25 12 1 0.1936 0.1936
BinVal : 26 0 0 0 0
BinVal : 26 1 0 0 0
BinVal : 26 2 0.03448 0.04343 0.04343
BinVal : 26 3 0.4615 0.1247 0.1247
BinVal : 26 4 0.6774 0.08085 0.08085
BinVal : 26 5 0.7561 0.04697 0.04697
BinVal : 26 6 0.7073 0.04067 0.04067
BinVal : 26 7 0.7818 0.05509 0.05509
BinVal : 26 8 0.8218 0.03803 0.03803
BinVal : 26 9 1 0.09045 0.09045
BinVal : 26 10 1 0.2357 0.2357
BinVal : 26 11 1 0.2357 0.2357
BinVal : 26 12 1 0.2357 0.2357
BinVal : 27 0 0 0 0
BinVal : 27 1 0 0 0
BinVal : 27 2 0 0 0
BinVal : 27 3 0.5 0.1667 0.1667
BinVal : 27 4 0.75 0.1166 0.1166
BinVal : 27 5 0.675 0.07189 0.07189
BinVal : 27 6 0.625 0.07406 0.07406
BinVal : 27 7 0.6 0.116 0.116
BinVal : 27 8 0.6522 0.09414 0.09414
BinVal : 27 9 1 0.1936 0.1936
BinVal : 27 10 1 0.1936 0.1936
BinVal : 27 11 1 0.1936 0.1936
BinVal : 27 12 1 0.1936 0.1936
BinVal : 28 0 0 0 0
BinVal : 28 1 0 0 0
BinVal : 28 2 0 0 0
BinVal : 28 3 0 0 0
BinVal : 28 4 0 0 0
BinVal : 28 5 0.3333 0.2 0.2
BinVal : 28 6 0.3333 0.2 0.2
BinVal : 28 7 0.5 0.2236 0.2236
BinVal : 28 8 0.5 0.2236 0.2236
BinVal : 28 9 0.5 0.2236 0.2236
BinVal : 28 10 0.5 0.2236 0.2236
BinVal : 28 11 0.5 0.2236 0.2236
BinVal : 28 12 0.5 0.2236 0.2236
