D0NoteID : 0
EffName : EJETS_GROUP1_v155
EffType : Binned
EffVarNames : DetEta pT
EffVersion : 6
ObjQuality : MLoose1
ObjType : Electron
ObjVersion : 11
BinEdgesX : -3.2 -2.8 -2.5 -2.3 -2.1 -1.9 -1.7 -1.5 -1.3 -1.1 -0.9 -0.7 -0.5 -0.3 -0.1 0.1 0.3 0.5 0.7 0.9 1.1 1.3 1.5 1.7 1.9 2.1 2.3 2.5 2.8 3.2
BinEdgesY : 0 10 15 20 22 25 30 35 40 50 60 70 80 1000
BinVal : 0 0 0 0 0
BinVal : 0 1 0 0 0
BinVal : 0 2 0.1408 0.02069 0.02069
BinVal : 0 3 0.4082 0.04015 0.04015
BinVal : 0 4 0.6295 0.0264 0.0264
BinVal : 0 5 0.7439 0.01707 0.01707
BinVal : 0 6 0.8957 0.01323 0.01323
BinVal : 0 7 0.7815 0.02373 0.02373
BinVal : 0 8 0.9006 0.01652 0.01652
BinVal : 0 9 1 0.05871 0.05871
BinVal : 0 10 1 0.1936 0.1936
BinVal : 0 11 1 0.1936 0.1936
BinVal : 0 12 1 0.1936 0.1936
BinVal : 1 0 0 0 0
BinVal : 1 1 0 0 0
BinVal : 1 2 0.1595 0.02112 0.02112
BinVal : 1 3 0.4341 0.03645 0.03645
BinVal : 1 4 0.7136 0.0226 0.0226
BinVal : 1 5 0.8061 0.0138 0.0138
BinVal : 1 6 0.912 0.009738 0.009738
BinVal : 1 7 0.8961 0.01382 0.01382
BinVal : 1 8 0.9304 0.01007 0.01007
BinVal : 1 9 1 0.01923 0.01923
BinVal : 1 10 1 0.09938 0.09938
BinVal : 1 11 1 0.09938 0.09938
BinVal : 1 12 1 0.2357 0.2357
BinVal : 2 0 0 0 0
BinVal : 2 1 0 0 0
BinVal : 2 2 0.1503 0.02116 0.02116
BinVal : 2 3 0.462 0.0378 0.0378
BinVal : 2 4 0.7018 0.02313 0.02313
BinVal : 2 5 0.8017 0.01382 0.01382
BinVal : 2 6 0.8853 0.01004 0.01004
BinVal : 2 7 0.903 0.0109 0.0109
BinVal : 2 8 0.9274 0.00851 0.00851
BinVal : 2 9 0.975 0.02061 0.02061
BinVal : 2 10 1 0.05871 0.05871
BinVal : 2 11 1 0.1633 0.1633
BinVal : 2 12 1 0.1936 0.1936
BinVal : 3 0 0 0 0
BinVal : 3 1 0 0 0
BinVal : 3 2 0.1279 0.01918 0.01918
BinVal : 3 3 0.5156 0.03579 0.03579
BinVal : 3 4 0.6527 0.02233 0.02233
BinVal : 3 5 0.797 0.01369 0.01369
BinVal : 3 6 0.83 0.01115 0.01115
BinVal : 3 7 0.8737 0.009883 0.009883
BinVal : 3 8 0.913 0.007571 0.007571
BinVal : 3 9 0.9851 0.01255 0.01255
BinVal : 3 10 1 0.03701 0.03701
BinVal : 3 11 1 0.1237 0.1237
BinVal : 3 12 1 0.1409 0.1409
BinVal : 4 0 0 0 0
BinVal : 4 1 0 0 0
BinVal : 4 2 0.1375 0.02105 0.02105
BinVal : 4 3 0.5024 0.03467 0.03467
BinVal : 4 4 0.6813 0.02075 0.02075
BinVal : 4 5 0.8181 0.01223 0.01223
BinVal : 4 6 0.816 0.01073 0.01073
BinVal : 4 7 0.8579 0.008959 0.008959
BinVal : 4 8 0.9161 0.006129 0.006129
BinVal : 4 9 0.9959 0.005691 0.005691
BinVal : 4 10 1 0.02563 0.02563
BinVal : 4 11 1 0.08299 0.08299
BinVal : 4 12 1 0.1409 0.1409
BinVal : 5 0 0 0 0
BinVal : 5 1 0 0 0
BinVal : 5 2 0.2239 0.02931 0.02931
BinVal : 5 3 0.5531 0.03686 0.03686
BinVal : 5 4 0.714 0.02107 0.02107
BinVal : 5 5 0.8558 0.01072 0.01072
BinVal : 5 6 0.8677 0.00881 0.00881
BinVal : 5 7 0.8833 0.007665 0.007665
BinVal : 5 8 0.94 0.004512 0.004512
BinVal : 5 9 0.9854 0.007048 0.007048
BinVal : 5 10 1 0.01886 0.01886
BinVal : 5 11 1 0.05871 0.05871
BinVal : 5 12 1 0.07122 0.07122
BinVal : 6 0 0 0 0
BinVal : 6 1 0 0 0
BinVal : 6 2 0.2963 0.05006 0.05006
BinVal : 6 3 0.631 0.05182 0.05182
BinVal : 6 4 0.7182 0.03019 0.03019
BinVal : 6 5 0.8939 0.01334 0.01334
BinVal : 6 6 0.9042 0.01069 0.01069
BinVal : 6 7 0.9135 0.009333 0.009333
BinVal : 6 8 0.9574 0.005117 0.005117
BinVal : 6 9 0.9786 0.01164 0.01164
BinVal : 6 10 1 0.03123 0.03123
BinVal : 6 11 1 0.09938 0.09938
BinVal : 6 12 1 0.07666 0.07666
BinVal : 7 0 0 0 0
BinVal : 7 1 0 0 0
BinVal : 7 2 0 0 0
BinVal : 7 3 0 0 0
BinVal : 7 4 0 0 0
BinVal : 7 5 0 0 0
BinVal : 7 6 0 0 0
BinVal : 7 7 0 0 0
BinVal : 7 8 0 0 0
BinVal : 7 9 0 0 0
BinVal : 7 10 0 0 0
BinVal : 7 11 0 0 0
BinVal : 7 12 0 0 0
BinVal : 8 0 0 0 0
BinVal : 8 1 0 0 0
BinVal : 8 2 0 0 0
BinVal : 8 3 0 0 0
BinVal : 8 4 0 0 0
BinVal : 8 5 0 0 0
BinVal : 8 6 0 0 0
BinVal : 8 7 0 0 0
BinVal : 8 8 0 0 0
BinVal : 8 9 0 0 0
BinVal : 8 10 0 0 0
BinVal : 8 11 0 0 0
BinVal : 8 12 0 0 0
BinVal : 9 0 0 0 0
BinVal : 9 1 0 0 0
BinVal : 9 2 0.2333 0.04423 0.04423
BinVal : 9 3 0.5584 0.05554 0.05554
BinVal : 9 4 0.8242 0.02821 0.02821
BinVal : 9 5 0.9626 0.008587 0.008587
BinVal : 9 6 0.9784 0.004269 0.004269
BinVal : 9 7 0.9767 0.003321 0.003321
BinVal : 9 8 0.9907 0.00146 0.00146
BinVal : 9 9 0.9973 0.002328 0.002328
BinVal : 9 10 1 0.00813 0.00813
BinVal : 9 11 1 0.02083 0.02083
BinVal : 9 12 1 0.03701 0.03701
BinVal : 10 0 0 0 0
BinVal : 10 1 0 0 0
BinVal : 10 2 0.3495 0.0464 0.0464
BinVal : 10 3 0.6625 0.05205 0.05205
BinVal : 10 4 0.8402 0.02478 0.02478
BinVal : 10 5 0.9599 0.008333 0.008333
BinVal : 10 6 0.9718 0.004685 0.004685
BinVal : 10 7 0.9804 0.002829 0.002829
BinVal : 10 8 0.9913 0.001266 0.001266
BinVal : 10 9 0.9978 0.001933 0.001933
BinVal : 10 10 1 0.006135 0.006135
BinVal : 10 11 1 0.01587 0.01587
BinVal : 10 12 1 0.02222 0.02222
BinVal : 11 0 0 0 0
BinVal : 11 1 0 0 0
BinVal : 11 2 0.3762 0.04756 0.04756
BinVal : 11 3 0.8082 0.04588 0.04588
BinVal : 11 4 0.8818 0.02189 0.02189
BinVal : 11 5 0.9731 0.006581 0.006581
BinVal : 11 6 0.974 0.004664 0.004664
BinVal : 11 7 0.983 0.002603 0.002603
BinVal : 11 8 0.9932 0.001088 0.001088
BinVal : 11 9 1 0.001103 0.001103
BinVal : 11 10 1 0.005236 0.005236
BinVal : 11 11 1 0.01389 0.01389
BinVal : 11 12 1 0.01492 0.01492
BinVal : 12 0 0 0 0
BinVal : 12 1 0 0 0
BinVal : 12 2 0.4111 0.05106 0.05106
BinVal : 12 3 0.7656 0.05236 0.05236
BinVal : 12 4 0.902 0.02103 0.02103
BinVal : 12 5 0.9824 0.005232 0.005232
BinVal : 12 6 0.9814 0.003914 0.003914
BinVal : 12 7 0.9854 0.002486 0.002486
BinVal : 12 8 0.9918 0.001158 0.001158
BinVal : 12 9 1 0.001055 0.001055
BinVal : 12 10 1 0.004975 0.004975
BinVal : 12 11 1 0.01282 0.01282
BinVal : 12 12 1 0.01492 0.01492
BinVal : 13 0 0 0 0
BinVal : 13 1 0 0 0
BinVal : 13 2 0.475 0.05482 0.05482
BinVal : 13 3 0.8413 0.04615 0.04615
BinVal : 13 4 0.9245 0.01844 0.01844
BinVal : 13 5 0.9721 0.006275 0.006275
BinVal : 13 6 0.9809 0.003855 0.003855
BinVal : 13 7 0.9895 0.002224 0.002224
BinVal : 13 8 0.992 0.001111 0.001111
BinVal : 13 9 1 0.001 0.001
BinVal : 13 10 1 0.005236 0.005236
BinVal : 13 11 1 0.01234 0.01234
BinVal : 13 12 1 0.01923 0.01923
BinVal : 14 0 0 0 0
BinVal : 14 1 0 0 0
BinVal : 14 2 0.4219 0.06038 0.06038
BinVal : 14 3 0.8533 0.04107 0.04107
BinVal : 14 4 0.9312 0.01747 0.01747
BinVal : 14 5 0.9778 0.005456 0.005456
BinVal : 14 6 0.9814 0.003742 0.003742
BinVal : 14 7 0.9851 0.002613 0.002613
BinVal : 14 8 0.9922 0.001094 0.001094
BinVal : 14 9 0.9981 0.00162 0.00162
BinVal : 14 10 1 0.005025 0.005025
BinVal : 14 11 1 0.01408 0.01408
BinVal : 14 12 1 0.01695 0.01695
BinVal : 15 0 0 0 0
BinVal : 15 1 0 0 0
BinVal : 15 2 0.3188 0.05515 0.05515
BinVal : 15 3 0.7895 0.04645 0.04645
BinVal : 15 4 0.8879 0.02127 0.02127
BinVal : 15 5 0.9754 0.005699 0.005699
BinVal : 15 6 0.9859 0.003297 0.003297
BinVal : 15 7 0.9819 0.002765 0.002765
BinVal : 15 8 0.9903 0.001239 0.001239
BinVal : 15 9 0.9981 0.00165 0.00165
BinVal : 15 10 1 0.005291 0.005291
BinVal : 15 11 1 0.01538 0.01538
BinVal : 15 12 1 0.01818 0.01818
BinVal : 16 0 0 0 0
BinVal : 16 1 0 0 0
BinVal : 16 2 0.2987 0.05142 0.05142
BinVal : 16 3 0.7183 0.05262 0.05262
BinVal : 16 4 0.8402 0.02478 0.02478
BinVal : 16 5 0.9742 0.006138 0.006138
BinVal : 16 6 0.9844 0.00337 0.00337
BinVal : 16 7 0.9862 0.00235 0.00235
BinVal : 16 8 0.9904 0.001259 0.001259
BinVal : 16 9 0.998 0.001736 0.001736
BinVal : 16 10 1 0.005555 0.005555
BinVal : 16 11 1 0.0125 0.0125
BinVal : 16 12 1 0.02222 0.02222
BinVal : 17 0 0 0 0
BinVal : 17 1 0 0 0
BinVal : 17 2 0.3472 0.05512 0.05512
BinVal : 17 3 0.6234 0.05426 0.05426
BinVal : 17 4 0.807 0.03012 0.03012
BinVal : 17 5 0.9753 0.006722 0.006722
BinVal : 17 6 0.9766 0.00407 0.00407
BinVal : 17 7 0.9893 0.002038 0.002038
BinVal : 17 8 0.9914 0.001237 0.001237
BinVal : 17 9 0.9969 0.00204 0.00204
BinVal : 17 10 0.9942 0.008104 0.008104
BinVal : 17 11 1 0.01282 0.01282
BinVal : 17 12 1 0.0196 0.0196
BinVal : 18 0 0 0 0
BinVal : 18 1 0 0 0
BinVal : 18 2 0.2857 0.04868 0.04868
BinVal : 18 3 0.6197 0.05653 0.05653
BinVal : 18 4 0.7821 0.03293 0.03293
BinVal : 18 5 0.966 0.00855 0.00855
BinVal : 18 6 0.9672 0.005091 0.005091
BinVal : 18 7 0.9855 0.002577 0.002577
BinVal : 18 8 0.99 0.001478 0.001478
BinVal : 18 9 0.9975 0.002157 0.002157
BinVal : 18 10 0.9929 0.009786 0.009786
BinVal : 18 11 1 0.01785 0.01785
BinVal : 18 12 1 0.02222 0.02222
BinVal : 19 0 0 0 0
BinVal : 19 1 0 0 0
BinVal : 19 2 0.2222 0.06111 0.06111
BinVal : 19 3 0.6 0.0855 0.0855
BinVal : 19 4 0.7531 0.04743 0.04743
BinVal : 19 5 0.9682 0.01248 0.01248
BinVal : 19 6 0.9641 0.008035 0.008035
BinVal : 19 7 0.9786 0.00496 0.00496
BinVal : 19 8 0.9872 0.002643 0.002643
BinVal : 19 9 0.9969 0.004318 0.004318
BinVal : 19 10 1 0.01492 0.01492
BinVal : 19 11 1 0.0454 0.0454
BinVal : 19 12 1 0.05255 0.05255
BinVal : 20 0 0 0 0
BinVal : 20 1 0 0 0
BinVal : 20 2 0 0 0
BinVal : 20 3 0 0 0
BinVal : 20 4 0 0 0
BinVal : 20 5 0 0 0
BinVal : 20 6 0 0 0
BinVal : 20 7 0 0 0
BinVal : 20 8 0 0 0
BinVal : 20 9 0 0 0
BinVal : 20 10 0 0 0
BinVal : 20 11 0 0 0
BinVal : 20 12 0 0 0
BinVal : 21 0 0 0 0
BinVal : 21 1 0 0 0
BinVal : 21 2 0 0 0
BinVal : 21 3 0 0 0
BinVal : 21 4 0 0 0
BinVal : 21 5 0 0 0
BinVal : 21 6 0 0 0
BinVal : 21 7 0 0 0
BinVal : 21 8 0 0 0
BinVal : 21 9 0 0 0
BinVal : 21 10 0 0 0
BinVal : 21 11 0 0 0
BinVal : 21 12 0 0 0
BinVal : 22 0 0 0 0
BinVal : 22 1 0 0 0
BinVal : 22 2 0.2143 0.02824 0.02824
BinVal : 22 3 0.5598 0.03631 0.03631
BinVal : 22 4 0.7365 0.02043 0.02043
BinVal : 22 5 0.8453 0.01118 0.01118
BinVal : 22 6 0.8759 0.008637 0.008637
BinVal : 22 7 0.8969 0.00735 0.00735
BinVal : 22 8 0.9276 0.004927 0.004927
BinVal : 22 9 0.9943 0.00492 0.00492
BinVal : 22 10 1 0.01428 0.01428
BinVal : 22 11 0.9474 0.06258 0.06258
BinVal : 22 12 1 0.06236 0.06236
BinVal : 23 0 0 0 0
BinVal : 23 1 0 0 0
BinVal : 23 2 0.1179 0.02067 0.02067
BinVal : 23 3 0.4326 0.03356 0.03356
BinVal : 23 4 0.6725 0.02194 0.02194
BinVal : 23 5 0.7835 0.01288 0.01288
BinVal : 23 6 0.831 0.0102 0.0102
BinVal : 23 7 0.8425 0.009618 0.009618
BinVal : 23 8 0.8983 0.006644 0.006644
BinVal : 23 9 0.9923 0.006585 0.006585
BinVal : 23 10 1 0.01923 0.01923
BinVal : 23 11 1 0.08299 0.08299
BinVal : 23 12 1 0.1102 0.1102
BinVal : 24 0 0 0 0
BinVal : 24 1 0 0 0
BinVal : 24 2 0.1178 0.01827 0.01827
BinVal : 24 3 0.4241 0.03281 0.03281
BinVal : 24 4 0.665 0.02344 0.02344
BinVal : 24 5 0.7993 0.01337 0.01337
BinVal : 24 6 0.8412 0.01071 0.01071
BinVal : 24 7 0.8671 0.01022 0.01022
BinVal : 24 8 0.9102 0.00747 0.00747
BinVal : 24 9 0.9937 0.008649 0.008649
BinVal : 24 10 1 0.03997 0.03997
BinVal : 24 11 1 0.1409 0.1409
BinVal : 24 12 1 0.1633 0.1633
BinVal : 25 0 0 0 0
BinVal : 25 1 0 0 0
BinVal : 25 2 0.1376 0.01829 0.01829
BinVal : 25 3 0.4659 0.03729 0.03729
BinVal : 25 4 0.6443 0.02422 0.02422
BinVal : 25 5 0.8451 0.01231 0.01231
BinVal : 25 6 0.8871 0.01024 0.01024
BinVal : 25 7 0.9012 0.01079 0.01079
BinVal : 25 8 0.9118 0.009219 0.009219
BinVal : 25 9 0.992 0.011 0.011
BinVal : 25 10 1 0.1237 0.1237
BinVal : 25 11 1 0.1936 0.1936
BinVal : 25 12 1 0.1936 0.1936
BinVal : 26 0 0 0 0
BinVal : 26 1 0 0 0
BinVal : 26 2 0.1566 0.01906 0.01906
BinVal : 26 3 0.4 0.03623 0.03623
BinVal : 26 4 0.6366 0.02337 0.02337
BinVal : 26 5 0.8208 0.01275 0.01275
BinVal : 26 6 0.8934 0.01096 0.01096
BinVal : 26 7 0.8774 0.01439 0.01439
BinVal : 26 8 0.9031 0.01164 0.01164
BinVal : 26 9 1 0.01163 0.01163
BinVal : 26 10 1 0.1409 0.1409
BinVal : 26 11 1 0.1409 0.1409
BinVal : 26 12 1 0.1409 0.1409
BinVal : 27 0 0 0 0
BinVal : 27 1 0 0 0
BinVal : 27 2 0.1364 0.0196 0.0196
BinVal : 27 3 0.3235 0.03563 0.03563
BinVal : 27 4 0.5396 0.02687 0.02687
BinVal : 27 5 0.7329 0.01653 0.01653
BinVal : 27 6 0.8439 0.01615 0.01615
BinVal : 27 7 0.7818 0.0227 0.0227
BinVal : 27 8 0.905 0.01559 0.01559
BinVal : 27 9 1 0.03843 0.03843
BinVal : 27 10 1 0.1633 0.1633
BinVal : 27 11 1 0.1633 0.1633
BinVal : 27 12 1 0.1633 0.1633
BinVal : 28 0 0 0 0
BinVal : 28 1 0 0 0
BinVal : 28 2 0.07339 0.02579 0.02579
BinVal : 28 3 0.2344 0.05236 0.05236
BinVal : 28 4 0.3884 0.04381 0.04381
BinVal : 28 5 0.6512 0.02952 0.02952
BinVal : 28 6 0.8028 0.0333 0.0333
BinVal : 28 7 0.675 0.04233 0.04233
BinVal : 28 8 0.9012 0.03392 0.03392
BinVal : 28 9 1 0.2357 0.2357
BinVal : 28 10 1 0.2357 0.2357
BinVal : 28 11 1 0.2357 0.2357
BinVal : 28 12 1 0.2357 0.2357
