D0NoteID : 0
EffName : EM_OF_EJETS_v14
EffType : Binned
EffVarNames : DetEta pT
EffVersion : 6
ObjQuality : Loose_trk
ObjType : Electron
ObjVersion : 2
BinEdgesX : -3.2 -2.8 -2.5 -2.3 -2.1 -1.9 -1.7 -1.5 -1.3 -1.1 -0.9 -0.7 -0.5 -0.3 -0.1 0.1 0.3 0.5 0.7 0.9 1.1 1.3 1.5 1.7 1.9 2.1 2.3 2.5 2.8 3.2
BinEdgesY : 0 10 15 20 22 25 30 35 40 50 60 70 80 1000
BinVal : 0 0 0 0 0
BinVal : 0 1 0 0 0
BinVal : 0 2 0.12 0.04688 0.04688
BinVal : 0 3 0.1818 0.08122 0.08122
BinVal : 0 4 0.2857 0.06319 0.06319
BinVal : 0 5 0.6216 0.04547 0.04547
BinVal : 0 6 0.5641 0.05512 0.05512
BinVal : 0 7 0.6667 0.06839 0.06839
BinVal : 0 8 0.6981 0.06175 0.06175
BinVal : 0 9 0.6667 0.2 0.2
BinVal : 0 10 0.6667 0.2 0.2
BinVal : 0 11 0.6667 0.2 0.2
BinVal : 0 12 0.6667 0.2 0.2
BinVal : 1 0 0 0 0
BinVal : 1 1 0 0 0
BinVal : 1 2 0.1127 0.03822 0.03822
BinVal : 1 3 0.3095 0.06943 0.06943
BinVal : 1 4 0.3614 0.05191 0.05191
BinVal : 1 5 0.6243 0.03573 0.03573
BinVal : 1 6 0.5682 0.03703 0.03703
BinVal : 1 7 0.6481 0.04541 0.04541
BinVal : 1 8 0.7099 0.03933 0.03933
BinVal : 1 9 0.8824 0.08154 0.08154
BinVal : 1 10 1 0.2357 0.2357
BinVal : 1 11 1 0.2357 0.2357
BinVal : 1 12 1 0.2357 0.2357
BinVal : 2 0 0 0 0
BinVal : 2 1 0 0 0
BinVal : 2 2 0.05634 0.02936 0.02936
BinVal : 2 3 0.3269 0.06356 0.06356
BinVal : 2 4 0.4706 0.04871 0.04871
BinVal : 2 5 0.6082 0.0348 0.0348
BinVal : 2 6 0.6553 0.03083 0.03083
BinVal : 2 7 0.6852 0.03623 0.03623
BinVal : 2 8 0.7073 0.02888 0.02888
BinVal : 2 9 0.9091 0.05303 0.05303
BinVal : 2 10 1 0.1409 0.1409
BinVal : 2 11 1 0.1409 0.1409
BinVal : 2 12 1 0.1409 0.1409
BinVal : 3 0 0 0 0
BinVal : 3 1 0 0 0
BinVal : 3 2 0.137 0.04058 0.04058
BinVal : 3 3 0.34 0.06535 0.06535
BinVal : 3 4 0.5185 0.04743 0.04743
BinVal : 3 5 0.6323 0.0321 0.0321
BinVal : 3 6 0.7256 0.02671 0.02671
BinVal : 3 7 0.7173 0.02912 0.02912
BinVal : 3 8 0.7526 0.02186 0.02186
BinVal : 3 9 0.7297 0.07115 0.07115
BinVal : 3 10 0.8 0.1597 0.1597
BinVal : 3 11 1 0.1633 0.1633
BinVal : 3 12 1 0.2357 0.2357
BinVal : 4 0 0 0 0
BinVal : 4 1 0 0 0
BinVal : 4 2 0.2182 0.05509 0.05509
BinVal : 4 3 0.4815 0.06618 0.06618
BinVal : 4 4 0.5841 0.04579 0.04579
BinVal : 4 5 0.6653 0.02981 0.02981
BinVal : 4 6 0.6963 0.02538 0.02538
BinVal : 4 7 0.7018 0.02313 0.02313
BinVal : 4 8 0.7168 0.01869 0.01869
BinVal : 4 9 0.6923 0.05625 0.05625
BinVal : 4 10 0.8 0.1597 0.1597
BinVal : 4 11 0.8333 0.1443 0.1443
BinVal : 4 12 1 0.2357 0.2357
BinVal : 5 0 0 0 0
BinVal : 5 1 0 0 0
BinVal : 5 2 0.2167 0.05268 0.05268
BinVal : 5 3 0.5536 0.06475 0.06475
BinVal : 5 4 0.6667 0.04111 0.04111
BinVal : 5 5 0.76 0.02278 0.02278
BinVal : 5 6 0.7865 0.01971 0.01971
BinVal : 5 7 0.7888 0.01683 0.01683
BinVal : 5 8 0.7991 0.01349 0.01349
BinVal : 5 9 0.8374 0.03331 0.03331
BinVal : 5 10 1 0.0665 0.0665
BinVal : 5 11 0.5 0.1667 0.1667
BinVal : 5 12 1 0.1237 0.1237
BinVal : 6 0 0 0 0
BinVal : 6 1 0 0 0
BinVal : 6 2 0.2647 0.07363 0.07363
BinVal : 6 3 0.5769 0.0919 0.0919
BinVal : 6 4 0.7059 0.05439 0.05439
BinVal : 6 5 0.8303 0.02543 0.02543
BinVal : 6 6 0.8696 0.02125 0.02125
BinVal : 6 7 0.8547 0.01903 0.01903
BinVal : 6 8 0.8843 0.01397 0.01397
BinVal : 6 9 0.8947 0.03594 0.03594
BinVal : 6 10 1 0.08299 0.08299
BinVal : 6 11 0.3333 0.2 0.2
BinVal : 6 12 1 0.1237 0.1237
BinVal : 7 0 0 0 0
BinVal : 7 1 0 0 0
BinVal : 7 2 0 0 0
BinVal : 7 3 0 0 0
BinVal : 7 4 0 0 0
BinVal : 7 5 0 0 0
BinVal : 7 6 0 0 0
BinVal : 7 7 0 0 0
BinVal : 7 8 0 0 0
BinVal : 7 9 0 0 0
BinVal : 7 10 0 0 0
BinVal : 7 11 0 0 0
BinVal : 7 12 0 0 0
BinVal : 8 0 0 0 0
BinVal : 8 1 0 0 0
BinVal : 8 2 0 0 0
BinVal : 8 3 0 0 0
BinVal : 8 4 0 0 0
BinVal : 8 5 0 0 0
BinVal : 8 6 0 0 0
BinVal : 8 7 0 0 0
BinVal : 8 8 0 0 0
BinVal : 8 9 0 0 0
BinVal : 8 10 0 0 0
BinVal : 8 11 0 0 0
BinVal : 8 12 0 0 0
BinVal : 9 0 0 0 0
BinVal : 9 1 0 0 0
BinVal : 9 2 0.1429 0.05043 0.05043
BinVal : 9 3 0.4545 0.08303 0.08303
BinVal : 9 4 0.7222 0.04669 0.04669
BinVal : 9 5 0.8796 0.02226 0.02226
BinVal : 9 6 0.9396 0.01079 0.01079
BinVal : 9 7 0.9521 0.007271 0.007271
BinVal : 9 8 0.9561 0.004918 0.004918
BinVal : 9 9 0.9693 0.01119 0.01119
BinVal : 9 10 0.9 0.04388 0.04388
BinVal : 9 11 1 0.0454 0.0454
BinVal : 9 12 0.9231 0.08498 0.08498
BinVal : 10 0 0 0 0
BinVal : 10 1 0 0 0
BinVal : 10 2 0.1455 0.04788 0.04788
BinVal : 10 3 0.4634 0.07519 0.07519
BinVal : 10 4 0.7642 0.04095 0.04095
BinVal : 10 5 0.9116 0.01817 0.01817
BinVal : 10 6 0.9569 0.009128 0.009128
BinVal : 10 7 0.9704 0.005483 0.005483
BinVal : 10 8 0.9695 0.003719 0.003719
BinVal : 10 9 0.9768 0.00852 0.00852
BinVal : 10 10 0.9315 0.03112 0.03112
BinVal : 10 11 1 0.03701 0.03701
BinVal : 10 12 0.8667 0.08985 0.08985
BinVal : 11 0 0 0 0
BinVal : 11 1 0 0 0
BinVal : 11 2 0.38 0.06683 0.06683
BinVal : 11 3 0.4737 0.07799 0.07799
BinVal : 11 4 0.6907 0.04638 0.04638
BinVal : 11 5 0.9568 0.01255 0.01255
BinVal : 11 6 0.9672 0.007994 0.007994
BinVal : 11 7 0.9713 0.005524 0.005524
BinVal : 11 8 0.9813 0.002856 0.002856
BinVal : 11 9 0.9789 0.008379 0.008379
BinVal : 11 10 0.9722 0.02277 0.02277
BinVal : 11 11 1 0.03997 0.03997
BinVal : 11 12 0.9474 0.06258 0.06258
BinVal : 12 0 0 0 0
BinVal : 12 1 0 0 0
BinVal : 12 2 0.525 0.07616 0.07616
BinVal : 12 3 0.6176 0.08014 0.08014
BinVal : 12 4 0.6952 0.04444 0.04444
BinVal : 12 5 0.9596 0.01128 0.01128
BinVal : 12 6 0.9751 0.007038 0.007038
BinVal : 12 7 0.9791 0.004981 0.004981
BinVal : 12 8 0.9869 0.002421 0.002421
BinVal : 12 9 0.9844 0.007501 0.007501
BinVal : 12 10 0.9855 0.0195 0.0195
BinVal : 12 11 0.9545 0.05528 0.05528
BinVal : 12 12 1 0.04343 0.04343
BinVal : 13 0 0 0 0
BinVal : 13 1 0 0 0
BinVal : 13 2 0.3929 0.08799 0.08799
BinVal : 13 3 0.68 0.08909 0.08909
BinVal : 13 4 0.8091 0.03737 0.03737
BinVal : 13 5 0.9614 0.01038 0.01038
BinVal : 13 6 0.9884 0.005039 0.005039
BinVal : 13 7 0.985 0.004467 0.004467
BinVal : 13 8 0.9886 0.002263 0.002263
BinVal : 13 9 0.9912 0.005805 0.005805
BinVal : 13 10 0.9722 0.02277 0.02277
BinVal : 13 11 0.9655 0.04343 0.04343
BinVal : 13 12 1 0.04343 0.04343
BinVal : 14 0 0 0 0
BinVal : 14 1 0 0 0
BinVal : 14 2 0.375 0.09363 0.09363
BinVal : 14 3 0.5385 0.09261 0.09261
BinVal : 14 4 0.8142 0.03652 0.03652
BinVal : 14 5 0.943 0.01257 0.01257
BinVal : 14 6 0.976 0.006795 0.006795
BinVal : 14 7 0.9703 0.006211 0.006211
BinVal : 14 8 0.9796 0.002947 0.002947
BinVal : 14 9 0.9755 0.008419 0.008419
BinVal : 14 10 0.9744 0.02111 0.02111
BinVal : 14 11 1 0.03123 0.03123
BinVal : 14 12 1 0.03446 0.03446
BinVal : 15 0 0 0 0
BinVal : 15 1 0 0 0
BinVal : 15 2 0.5185 0.09123 0.09123
BinVal : 15 3 0.5517 0.08797 0.08797
BinVal : 15 4 0.7568 0.04044 0.04044
BinVal : 15 5 0.9238 0.01511 0.01511
BinVal : 15 6 0.9668 0.007864 0.007864
BinVal : 15 7 0.9573 0.006756 0.006756
BinVal : 15 8 0.9644 0.00383 0.00383
BinVal : 15 9 0.9722 0.008561 0.008561
BinVal : 15 10 0.9861 0.01872 0.01872
BinVal : 15 11 1 0.03843 0.03843
BinVal : 15 12 1 0.02777 0.02777
BinVal : 16 0 0 0 0
BinVal : 16 1 0 0 0
BinVal : 16 2 0.3409 0.06947 0.06947
BinVal : 16 3 0.5227 0.07286 0.07286
BinVal : 16 4 0.7339 0.04196 0.04196
BinVal : 16 5 0.92 0.01583 0.01583
BinVal : 16 6 0.9467 0.009743 0.009743
BinVal : 16 7 0.9567 0.006229 0.006229
BinVal : 16 8 0.9623 0.004056 0.004056
BinVal : 16 9 0.9812 0.007452 0.007452
BinVal : 16 10 0.9833 0.02226 0.02226
BinVal : 16 11 0.9524 0.05752 0.05752
BinVal : 16 12 0.9667 0.04214 0.04214
BinVal : 17 0 0 0 0
BinVal : 17 1 0 0 0
BinVal : 17 2 0.1702 0.05476 0.05476
BinVal : 17 3 0.463 0.06606 0.06606
BinVal : 17 4 0.7213 0.04026 0.04026
BinVal : 17 5 0.9113 0.01708 0.01708
BinVal : 17 6 0.9287 0.01094 0.01094
BinVal : 17 7 0.9537 0.00632 0.00632
BinVal : 17 8 0.9668 0.003845 0.003845
BinVal : 17 9 0.9714 0.009261 0.009261
BinVal : 17 10 0.9831 0.02262 0.02262
BinVal : 17 11 0.96 0.04949 0.04949
BinVal : 17 12 0.9 0.07156 0.07156
BinVal : 18 0 0 0 0
BinVal : 18 1 0 0 0
BinVal : 18 2 0.1707 0.05867 0.05867
BinVal : 18 3 0.5 0.08006 0.08006
BinVal : 18 4 0.7126 0.04793 0.04793
BinVal : 18 5 0.8838 0.02075 0.02075
BinVal : 18 6 0.9419 0.01041 0.01041
BinVal : 18 7 0.956 0.0067 0.0067
BinVal : 18 8 0.9656 0.004187 0.004187
BinVal : 18 9 0.9681 0.01033 0.01033
BinVal : 18 10 0.98 0.02642 0.02642
BinVal : 18 11 0.963 0.04626 0.04626
BinVal : 18 12 0.9231 0.08498 0.08498
BinVal : 19 0 0 0 0
BinVal : 19 1 0 0 0
BinVal : 19 2 0.1739 0.07845 0.07845
BinVal : 19 3 0.6364 0.13 0.13
BinVal : 19 4 0.7037 0.08447 0.08447
BinVal : 19 5 0.8727 0.03204 0.03204
BinVal : 19 6 0.9534 0.01415 0.01415
BinVal : 19 7 0.9619 0.009882 0.009882
BinVal : 19 8 0.9648 0.006742 0.006742
BinVal : 19 9 0.9688 0.0168 0.0168
BinVal : 19 10 0.9474 0.06258 0.06258
BinVal : 19 11 0.9286 0.08021 0.08021
BinVal : 19 12 1 0.1237 0.1237
BinVal : 20 0 0 0 0
BinVal : 20 1 0 0 0
BinVal : 20 2 0 0 0
BinVal : 20 3 0 0 0
BinVal : 20 4 0 0 0
BinVal : 20 5 0 0 0
BinVal : 20 6 0 0 0
BinVal : 20 7 0 0 0
BinVal : 20 8 0 0 0
BinVal : 20 9 0 0 0
BinVal : 20 10 0 0 0
BinVal : 20 11 0 0 0
BinVal : 20 12 0 0 0
BinVal : 21 0 0 0 0
BinVal : 21 1 0 0 0
BinVal : 21 2 0 0 0
BinVal : 21 3 0 0 0
BinVal : 21 4 0 0 0
BinVal : 21 5 0 0 0
BinVal : 21 6 0 0 0
BinVal : 21 7 0 0 0
BinVal : 21 8 0 0 0
BinVal : 21 9 0 0 0
BinVal : 21 10 0 0 0
BinVal : 21 11 0 0 0
BinVal : 21 12 0 0 0
BinVal : 22 0 0 0 0
BinVal : 22 1 0 0 0
BinVal : 22 2 0.1642 0.0453 0.0453
BinVal : 22 3 0.5814 0.07282 0.07282
BinVal : 22 4 0.6466 0.04105 0.04105
BinVal : 22 5 0.7522 0.02339 0.02339
BinVal : 22 6 0.7867 0.01929 0.01929
BinVal : 22 7 0.7866 0.01719 0.01719
BinVal : 22 8 0.8147 0.01275 0.01275
BinVal : 22 9 0.8361 0.03355 0.03355
BinVal : 22 10 0.9565 0.0532 0.0532
BinVal : 22 11 1 0.1409 0.1409
BinVal : 22 12 1 0.1102 0.1102
BinVal : 23 0 0 0 0
BinVal : 23 1 0 0 0
BinVal : 23 2 0.1061 0.03879 0.03879
BinVal : 23 3 0.3889 0.06469 0.06469
BinVal : 23 4 0.4885 0.04318 0.04318
BinVal : 23 5 0.6332 0.02979 0.02979
BinVal : 23 6 0.6852 0.02381 0.02381
BinVal : 23 7 0.6682 0.02285 0.02285
BinVal : 23 8 0.7131 0.0186 0.0186
BinVal : 23 9 0.7816 0.044 0.044
BinVal : 23 10 0.8462 0.1 0.1
BinVal : 23 11 1 0.2357 0.2357
BinVal : 23 12 1 0.2357 0.2357
BinVal : 24 0 0 0 0
BinVal : 24 1 0 0 0
BinVal : 24 2 0.06757 0.03073 0.03073
BinVal : 24 3 0.2167 0.05268 0.05268
BinVal : 24 4 0.456 0.04403 0.04403
BinVal : 24 5 0.613 0.03192 0.03192
BinVal : 24 6 0.6851 0.02721 0.02721
BinVal : 24 7 0.6532 0.0275 0.0275
BinVal : 24 8 0.7507 0.02297 0.02297
BinVal : 24 9 0.8039 0.05519 0.05519
BinVal : 24 10 0.6 0.175 0.175
BinVal : 24 11 0.5 0.2236 0.2236
BinVal : 24 12 0.5 0.2236 0.2236
BinVal : 25 0 0 0 0
BinVal : 25 1 0 0 0
BinVal : 25 2 0.0241 0.0199 0.0199
BinVal : 25 3 0.18 0.05414 0.05414
BinVal : 25 4 0.4615 0.0482 0.0482
BinVal : 25 5 0.6256 0.03374 0.03374
BinVal : 25 6 0.6609 0.03105 0.03105
BinVal : 25 7 0.6215 0.03618 0.03618
BinVal : 25 8 0.7839 0.02673 0.02673
BinVal : 25 9 0.75 0.09286 0.09286
BinVal : 25 10 0.75 0.09286 0.09286
BinVal : 25 11 0.75 0.09286 0.09286
BinVal : 25 12 0.75 0.09286 0.09286
BinVal : 26 0 0 0 0
BinVal : 26 1 0 0 0
BinVal : 26 2 0.03571 0.02258 0.02258
BinVal : 26 3 0.3191 0.06632 0.06632
BinVal : 26 4 0.4356 0.04864 0.04864
BinVal : 26 5 0.5912 0.03626 0.03626
BinVal : 26 6 0.6117 0.03373 0.03373
BinVal : 26 7 0.5686 0.04835 0.04835
BinVal : 26 8 0.7115 0.03603 0.03603
BinVal : 26 9 0.6667 0.1389 0.1389
BinVal : 26 10 1 0.2357 0.2357
BinVal : 26 11 1 0.2357 0.2357
BinVal : 26 12 1 0.2357 0.2357
BinVal : 27 0 0 0 0
BinVal : 27 1 0 0 0
BinVal : 27 2 0.03704 0.02982 0.02982
BinVal : 27 3 0.2903 0.07882 0.07882
BinVal : 27 4 0.3467 0.05403 0.05403
BinVal : 27 5 0.5463 0.04726 0.04726
BinVal : 27 6 0.6095 0.04699 0.04699
BinVal : 27 7 0.5424 0.06329 0.06329
BinVal : 27 8 0.6393 0.06018 0.06018
BinVal : 27 9 0.6667 0.2 0.2
BinVal : 27 10 1 0.2357 0.2357
BinVal : 27 11 1 0.2357 0.2357
BinVal : 27 12 1 0.2357 0.2357
BinVal : 28 0 0 0 0
BinVal : 28 1 0 0 0
BinVal : 28 2 0 0.05546 0.05546
BinVal : 28 3 0.1429 0.1315 0.1315
BinVal : 28 4 0.2727 0.09091 0.09091
BinVal : 28 5 0.35 0.1003 0.1003
BinVal : 28 6 0.5 0.1667 0.1667
BinVal : 28 7 0.4167 0.1278 0.1278
BinVal : 28 8 0.5 0.1667 0.1667
BinVal : 28 9 0.5 0.1667 0.1667
BinVal : 28 10 0.5 0.1667 0.1667
BinVal : 28 11 0.5 0.1667 0.1667
BinVal : 28 12 0.5 0.1667 0.1667
