D0NoteID : 0
EffName : EM_OF_EJETS_v13
EffType : Binned
EffVarNames : DetEta pT
EffVersion : 6
ObjQuality : Medium
ObjType : Electron
ObjVersion : 12
BinEdgesX : -3.2 -2.8 -2.5 -2.3 -2.1 -1.9 -1.7 -1.5 -1.3 -1.1 -0.9 -0.7 -0.5 -0.3 -0.1 0.1 0.3 0.5 0.7 0.9 1.1 1.3 1.5 1.7 1.9 2.1 2.3 2.5 2.8 3.2
BinEdgesY : 0 10 15 20 22 25 30 35 40 50 60 70 80 1000
BinVal : 0 0 0 0 0
BinVal : 0 1 0 0 0
BinVal : 0 2 0 0 0
BinVal : 0 3 0.2 0.1597 0.1597
BinVal : 0 4 0.5 0.1667 0.1667
BinVal : 0 5 0.8421 0.08372 0.08372
BinVal : 0 6 0.7143 0.1124 0.1124
BinVal : 0 7 0.5714 0.1571 0.1571
BinVal : 0 8 0.6875 0.1081 0.1081
BinVal : 0 9 0.6875 0.1081 0.1081
BinVal : 0 10 0.6875 0.1081 0.1081
BinVal : 0 11 0.6875 0.1081 0.1081
BinVal : 0 12 0.6875 0.1081 0.1081
BinVal : 1 0 0 0 0
BinVal : 1 1 0 0 0
BinVal : 1 2 0 0 0
BinVal : 1 3 0.125 0.1206 0.1206
BinVal : 1 4 0.6667 0.1614 0.1614
BinVal : 1 5 0.8182 0.06667 0.06667
BinVal : 1 6 0.75 0.07942 0.07942
BinVal : 1 7 0.6667 0.09722 0.09722
BinVal : 1 8 0.7368 0.06973 0.06973
BinVal : 1 9 0.7368 0.06973 0.06973
BinVal : 1 10 0.7368 0.06973 0.06973
BinVal : 1 11 0.7368 0.06973 0.06973
BinVal : 1 12 0.7368 0.06973 0.06973
BinVal : 2 0 0 0 0
BinVal : 2 1 0 0 0
BinVal : 2 2 0.09091 0.09643 0.09643
BinVal : 2 3 0.125 0.1206 0.1206
BinVal : 2 4 0.7778 0.1286 0.1286
BinVal : 2 5 0.7297 0.07115 0.07115
BinVal : 2 6 0.7778 0.06808 0.06808
BinVal : 2 7 0.75 0.07942 0.07942
BinVal : 2 8 0.8049 0.06133 0.06133
BinVal : 2 9 0.5 0.2236 0.2236
BinVal : 2 10 0.5 0.2236 0.2236
BinVal : 2 11 0.5 0.2236 0.2236
BinVal : 2 12 1 0.2357 0.2357
BinVal : 3 0 0 0 0
BinVal : 3 1 0 0 0
BinVal : 3 2 0.08333 0.09035 0.09035
BinVal : 3 3 0.4 0.1367 0.1367
BinVal : 3 4 0.7333 0.1074 0.1074
BinVal : 3 5 0.6667 0.07066 0.07066
BinVal : 3 6 0.766 0.06081 0.06081
BinVal : 3 7 0.8056 0.06528 0.06528
BinVal : 3 8 0.766 0.06081 0.06081
BinVal : 3 9 0.8889 0.1113 0.1113
BinVal : 3 10 0.8889 0.1113 0.1113
BinVal : 3 11 0.8889 0.1113 0.1113
BinVal : 3 12 1 0.2357 0.2357
BinVal : 4 0 0 0 0
BinVal : 4 1 0 0 0
BinVal : 4 2 0.125 0.1206 0.1206
BinVal : 4 3 0.3636 0.13 0.13
BinVal : 4 4 0.55 0.1038 0.1038
BinVal : 4 5 0.7353 0.07363 0.07363
BinVal : 4 6 0.7551 0.06044 0.06044
BinVal : 4 7 0.7391 0.05217 0.05217
BinVal : 4 8 0.7955 0.04278 0.04278
BinVal : 4 9 0.8 0.08738 0.08738
BinVal : 4 10 0.8 0.08738 0.08738
BinVal : 4 11 0.8 0.08738 0.08738
BinVal : 4 12 0.8 0.08738 0.08738
BinVal : 5 0 0 0 0
BinVal : 5 1 0 0 0
BinVal : 5 2 0.3333 0.1614 0.1614
BinVal : 5 3 0.5556 0.1437 0.1437
BinVal : 5 4 0.4737 0.1065 0.1065
BinVal : 5 5 0.871 0.06149 0.06149
BinVal : 5 6 0.7857 0.05429 0.05429
BinVal : 5 7 0.7912 0.04238 0.04238
BinVal : 5 8 0.8613 0.02966 0.02966
BinVal : 5 9 0.7368 0.09631 0.09631
BinVal : 5 10 1 0.1633 0.1633
BinVal : 5 11 1 0.1633 0.1633
BinVal : 5 12 1 0.1633 0.1633
BinVal : 6 0 0 0 0
BinVal : 6 1 0 0 0
BinVal : 6 2 0.3333 0.2 0.2
BinVal : 6 3 1 0.1409 0.1409
BinVal : 6 4 0.5 0.1667 0.1667
BinVal : 6 5 0.8333 0.08729 0.08729
BinVal : 6 6 0.8125 0.06835 0.06835
BinVal : 6 7 0.8696 0.05042 0.05042
BinVal : 6 8 0.8831 0.03718 0.03718
BinVal : 6 9 0.8333 0.1443 0.1443
BinVal : 6 10 1 0.1633 0.1633
BinVal : 6 11 1 0.1633 0.1633
BinVal : 6 12 1 0.1633 0.1633
BinVal : 7 0 0 0 0
BinVal : 7 1 0 0 0
BinVal : 7 2 0 0 0
BinVal : 7 3 0 0 0
BinVal : 7 4 0 0 0
BinVal : 7 5 0 0 0
BinVal : 7 6 0 0 0
BinVal : 7 7 0 0 0
BinVal : 7 8 0 0 0
BinVal : 7 9 0 0 0
BinVal : 7 10 0 0 0
BinVal : 7 11 0 0 0
BinVal : 7 12 0 0 0
BinVal : 8 0 0 0 0
BinVal : 8 1 0 0 0
BinVal : 8 2 0 0 0
BinVal : 8 3 0 0 0
BinVal : 8 4 0 0 0
BinVal : 8 5 0 0 0
BinVal : 8 6 0 0 0
BinVal : 8 7 0 0 0
BinVal : 8 8 0 0 0
BinVal : 8 9 0 0 0
BinVal : 8 10 0 0 0
BinVal : 8 11 0 0 0
BinVal : 8 12 0 0 0
BinVal : 9 0 0 0 0
BinVal : 9 1 0 0 0
BinVal : 9 2 0 0 0
BinVal : 9 3 0 0 0
BinVal : 9 4 1 0.1237 0.1237
BinVal : 9 5 1 0.03997 0.03997
BinVal : 9 6 0.9167 0.04914 0.04914
BinVal : 9 7 0.9688 0.01989 0.01989
BinVal : 9 8 0.988 0.01013 0.01013
BinVal : 9 9 0.95 0.05994 0.05994
BinVal : 9 10 0.8571 0.1315 0.1315
BinVal : 9 11 1 0.1936 0.1936
BinVal : 9 12 1 0.2357 0.2357
BinVal : 10 0 0 0 0
BinVal : 10 1 0 0 0
BinVal : 10 2 0 0 0
BinVal : 10 3 1 0.1633 0.1633
BinVal : 10 4 1 0.08299 0.08299
BinVal : 10 5 0.963 0.04626 0.04626
BinVal : 10 6 0.9512 0.03841 0.03841
BinVal : 10 7 0.9604 0.02107 0.02107
BinVal : 10 8 0.9905 0.008093 0.008093
BinVal : 10 9 0.9688 0.03977 0.03977
BinVal : 10 10 0.8889 0.1113 0.1113
BinVal : 10 11 1 0.1936 0.1936
BinVal : 10 12 1 0.2357 0.2357
BinVal : 11 0 0 0 0
BinVal : 11 1 0 0 0
BinVal : 11 2 0 0 0
BinVal : 11 3 0.8571 0.1315 0.1315
BinVal : 11 4 0.9 0.1034 0.1034
BinVal : 11 5 0.9231 0.05743 0.05743
BinVal : 11 6 0.975 0.03248 0.03248
BinVal : 11 7 0.9623 0.02013 0.02013
BinVal : 11 8 0.9717 0.01213 0.01213
BinVal : 11 9 1 0.02499 0.02499
BinVal : 11 10 1 0.09045 0.09045
BinVal : 11 11 1 0.1936 0.1936
BinVal : 11 12 1 0.1936 0.1936
BinVal : 12 0 0 0 0
BinVal : 12 1 0 0 0
BinVal : 12 2 0 0 0
BinVal : 12 3 0.75 0.1782 0.1782
BinVal : 12 4 0.9091 0.09643 0.09643
BinVal : 12 5 0.9688 0.03977 0.03977
BinVal : 12 6 0.9767 0.03038 0.03038
BinVal : 12 7 0.9813 0.0156 0.0156
BinVal : 12 8 0.9655 0.01254 0.01254
BinVal : 12 9 1 0.02325 0.02325
BinVal : 12 10 1 0.07666 0.07666
BinVal : 12 11 1 0.1936 0.1936
BinVal : 12 12 1 0.2357 0.2357
BinVal : 13 0 0 0 0
BinVal : 13 1 0 0 0
BinVal : 13 2 0 0 0
BinVal : 13 3 0 0 0
BinVal : 13 4 1 0.0665 0.0665
BinVal : 13 5 0.9756 0.03175 0.03175
BinVal : 13 6 0.94 0.0366 0.0366
BinVal : 13 7 0.967 0.02093 0.02093
BinVal : 13 8 0.9791 0.01002 0.01002
BinVal : 13 9 0.9714 0.03668 0.03668
BinVal : 13 10 1 0.08299 0.08299
BinVal : 13 11 1 0.2357 0.2357
BinVal : 13 12 0.6667 0.2 0.2
BinVal : 14 0 0 0 0
BinVal : 14 1 0 0 0
BinVal : 14 2 0 0 0
BinVal : 14 3 0 0 0
BinVal : 14 4 0.7 0.1307 0.1307
BinVal : 14 5 0.9143 0.05037 0.05037
BinVal : 14 6 0.9138 0.03841 0.03841
BinVal : 14 7 0.9362 0.0264 0.0264
BinVal : 14 8 0.9698 0.01185 0.01185
BinVal : 14 9 0.9143 0.05037 0.05037
BinVal : 14 10 0.8333 0.1443 0.1443
BinVal : 14 11 1 0.2357 0.2357
BinVal : 14 12 0.75 0.1782 0.1782
BinVal : 15 0 0 0 0
BinVal : 15 1 0 0 0
BinVal : 15 2 0 0 0
BinVal : 15 3 1 0.2357 0.2357
BinVal : 15 4 0.375 0.1477 0.1477
BinVal : 15 5 0.88 0.06714 0.06714
BinVal : 15 6 0.9107 0.03965 0.03965
BinVal : 15 7 0.9588 0.0219 0.0219
BinVal : 15 8 0.9593 0.01383 0.01383
BinVal : 15 9 0.9091 0.05303 0.05303
BinVal : 15 10 0.6667 0.2 0.2
BinVal : 15 11 1 0.1936 0.1936
BinVal : 15 12 1 0.1409 0.1409
BinVal : 16 0 0 0 0
BinVal : 16 1 0 0 0
BinVal : 16 2 0.2 0.1597 0.1597
BinVal : 16 3 1 0.2357 0.2357
BinVal : 16 4 0.5714 0.1571 0.1571
BinVal : 16 5 0.8966 0.05926 0.05926
BinVal : 16 6 0.8868 0.04454 0.04454
BinVal : 16 7 0.898 0.03113 0.03113
BinVal : 16 8 0.9254 0.01887 0.01887
BinVal : 16 9 0.9615 0.04782 0.04782
BinVal : 16 10 1 0.1633 0.1633
BinVal : 16 11 1 0.1936 0.1936
BinVal : 16 12 1 0.1633 0.1633
BinVal : 17 0 0 0 0
BinVal : 17 1 0 0 0
BinVal : 17 2 0.1667 0.1443 0.1443
BinVal : 17 3 0.5 0.2236 0.2236
BinVal : 17 4 0.75 0.1782 0.1782
BinVal : 17 5 0.8077 0.0762 0.0762
BinVal : 17 6 0.8431 0.05109 0.05109
BinVal : 17 7 0.8868 0.03117 0.03117
BinVal : 17 8 0.9144 0.02076 0.02076
BinVal : 17 9 1 0.02856 0.02856
BinVal : 17 10 1 0.1102 0.1102
BinVal : 17 11 1 0.2357 0.2357
BinVal : 17 12 1 0.1936 0.1936
BinVal : 18 0 0 0 0
BinVal : 18 1 0 0 0
BinVal : 18 2 0.2857 0.1491 0.1491
BinVal : 18 3 0.5 0.2236 0.2236
BinVal : 18 4 0.6667 0.2 0.2
BinVal : 18 5 0.7857 0.105 0.105
BinVal : 18 6 0.8919 0.05286 0.05286
BinVal : 18 7 0.957 0.02279 0.02279
BinVal : 18 8 0.9412 0.01967 0.01967
BinVal : 18 9 1 0.03446 0.03446
BinVal : 18 10 1 0.1237 0.1237
BinVal : 18 11 1 0.2357 0.2357
BinVal : 18 12 1 0.2357 0.2357
BinVal : 19 0 0 0 0
BinVal : 19 1 0 0 0
BinVal : 19 2 0.4 0.175 0.175
BinVal : 19 3 0.4 0.175 0.175
BinVal : 19 4 0.5 0.2236 0.2236
BinVal : 19 5 1 0.1409 0.1409
BinVal : 19 6 1 0.06236 0.06236
BinVal : 19 7 0.9535 0.03678 0.03678
BinVal : 19 8 0.9296 0.03193 0.03193
BinVal : 19 9 1 0.09045 0.09045
BinVal : 19 10 1 0.2357 0.2357
BinVal : 19 11 1 0.2357 0.2357
BinVal : 19 12 1 0.2357 0.2357
BinVal : 20 0 0 0 0
BinVal : 20 1 0 0 0
BinVal : 20 2 0 0 0
BinVal : 20 3 0 0 0
BinVal : 20 4 0 0 0
BinVal : 20 5 0 0 0
BinVal : 20 6 0 0 0
BinVal : 20 7 0 0 0
BinVal : 20 8 0 0 0
BinVal : 20 9 0 0 0
BinVal : 20 10 0 0 0
BinVal : 20 11 0 0 0
BinVal : 20 12 0 0 0
BinVal : 21 0 0 0 0
BinVal : 21 1 0 0 0
BinVal : 21 2 0 0 0
BinVal : 21 3 0 0 0
BinVal : 21 4 0 0 0
BinVal : 21 5 0 0 0
BinVal : 21 6 0 0 0
BinVal : 21 7 0 0 0
BinVal : 21 8 0 0 0
BinVal : 21 9 0 0 0
BinVal : 21 10 0 0 0
BinVal : 21 11 0 0 0
BinVal : 21 12 0 0 0
BinVal : 22 0 0 0 0
BinVal : 22 1 0 0 0
BinVal : 22 2 0 0 0
BinVal : 22 3 0.5714 0.1571 0.1571
BinVal : 22 4 0.5625 0.114 0.114
BinVal : 22 5 0.8654 0.0479 0.0479
BinVal : 22 6 0.9024 0.04833 0.04833
BinVal : 22 7 0.8987 0.03471 0.03471
BinVal : 22 8 0.8992 0.02804 0.02804
BinVal : 22 9 1 0.08299 0.08299
BinVal : 22 10 1 0.08299 0.08299
BinVal : 22 11 1 0.08299 0.08299
BinVal : 22 12 1 0.2357 0.2357
BinVal : 23 0 0 0 0
BinVal : 23 1 0 0 0
BinVal : 23 2 0.1818 0.1126 0.1126
BinVal : 23 3 0.4286 0.1571 0.1571
BinVal : 23 4 0.2941 0.1039 0.1039
BinVal : 23 5 0.8333 0.05073 0.05073
BinVal : 23 6 0.8222 0.05679 0.05679
BinVal : 23 7 0.8919 0.03682 0.03682
BinVal : 23 8 0.8875 0.03592 0.03592
BinVal : 23 9 0.6667 0.1614 0.1614
BinVal : 23 10 1 0.2357 0.2357
BinVal : 23 11 1 0.2357 0.2357
BinVal : 23 12 1 0.2357 0.2357
BinVal : 24 0 0 0 0
BinVal : 24 1 0 0 0
BinVal : 24 2 0.1333 0.08985 0.08985
BinVal : 24 3 0.1333 0.08985 0.08985
BinVal : 24 4 0.3 0.1307 0.1307
BinVal : 24 5 0.8043 0.05802 0.05802
BinVal : 24 6 0.8 0.06257 0.06257
BinVal : 24 7 0.9273 0.03714 0.03714
BinVal : 24 8 0.913 0.03513 0.03513
BinVal : 24 9 0.75 0.1382 0.1382
BinVal : 24 10 1 0.2357 0.2357
BinVal : 24 11 1 0.2357 0.2357
BinVal : 24 12 1 0.2357 0.2357
BinVal : 25 0 0 0 0
BinVal : 25 1 0 0 0
BinVal : 25 2 0 0 0
BinVal : 25 3 0 0 0
BinVal : 25 4 0.5833 0.1278 0.1278
BinVal : 25 5 0.7857 0.07596 0.07596
BinVal : 25 6 0.7436 0.06837 0.06837
BinVal : 25 7 0.9032 0.05597 0.05597
BinVal : 25 8 0.9333 0.04028 0.04028
BinVal : 25 9 0.8333 0.1443 0.1443
BinVal : 25 10 0.8333 0.1443 0.1443
BinVal : 25 11 0.8333 0.1443 0.1443
BinVal : 25 12 0.8333 0.1443 0.1443
BinVal : 26 0 0 0 0
BinVal : 26 1 0 0 0
BinVal : 26 2 0 0 0
BinVal : 26 3 0 0 0
BinVal : 26 4 0.5625 0.114 0.114
BinVal : 26 5 0.8333 0.06794 0.06794
BinVal : 26 6 0.7419 0.07638 0.07638
BinVal : 26 7 0.8235 0.09116 0.09116
BinVal : 26 8 0.9524 0.05752 0.05752
BinVal : 26 9 0.75 0.1782 0.1782
BinVal : 26 10 0.75 0.1782 0.1782
BinVal : 26 11 0.75 0.1782 0.1782
BinVal : 26 12 0.75 0.1782 0.1782
BinVal : 27 0 0 0 0
BinVal : 27 1 0 0 0
BinVal : 27 2 0 0 0
BinVal : 27 3 0 0 0
BinVal : 27 4 0.5 0.1508 0.1508
BinVal : 27 5 0.8077 0.0762 0.0762
BinVal : 27 6 0.7273 0.1234 0.1234
BinVal : 27 7 0.875 0.1206 0.1206
BinVal : 27 8 1 0.07666 0.07666
BinVal : 27 9 1 0.07666 0.07666
BinVal : 27 10 1 0.07666 0.07666
BinVal : 27 11 1 0.07666 0.07666
BinVal : 27 12 1 0.07666 0.07666
BinVal : 28 0 0 0 0
BinVal : 28 1 0 0 0
BinVal : 28 2 0 0 0
BinVal : 28 3 0 0 0
BinVal : 28 4 0 0 0
BinVal : 28 5 0.75 0.1782 0.1782
BinVal : 28 6 0.75 0.1782 0.1782
BinVal : 28 7 0.75 0.1782 0.1782
BinVal : 28 8 0.75 0.1782 0.1782
BinVal : 28 9 0.75 0.1782 0.1782
BinVal : 28 10 0.75 0.1782 0.1782
BinVal : 28 11 0.75 0.1782 0.1782
BinVal : 28 12 0.75 0.1782 0.1782
