D0NoteID : 0
EffName : EM_OF_EJETS_v14
EffType : Binned
EffVarNames : DetEta pT
EffVersion : 6
ObjQuality : Top_loose
ObjType : Electron
ObjVersion : 4
BinEdgesX : -3.2 -2.8 -2.5 -2.3 -2.1 -1.9 -1.7 -1.5 -1.3 -1.1 -0.9 -0.7 -0.5 -0.3 -0.1 0.1 0.3 0.5 0.7 0.9 1.1 1.3 1.5 1.7 1.9 2.1 2.3 2.5 2.8 3.2
BinEdgesY : 0 10 15 20 22 25 30 35 40 50 60 70 80 1000
BinVal : 0 0 0 0 0
BinVal : 0 1 0 0 0
BinVal : 0 2 0.1077 0.03932 0.03932
BinVal : 0 3 0.1471 0.06127 0.06127
BinVal : 0 4 0.4035 0.06342 0.06342
BinVal : 0 5 0.6412 0.04149 0.04149
BinVal : 0 6 0.5841 0.04579 0.04579
BinVal : 0 7 0.623 0.0607 0.0607
BinVal : 0 8 0.7 0.05391 0.05391
BinVal : 0 9 0.8333 0.1443 0.1443
BinVal : 0 10 0.8333 0.1443 0.1443
BinVal : 0 11 0.8333 0.1443 0.1443
BinVal : 0 12 0.8333 0.1443 0.1443
BinVal : 1 0 0 0 0
BinVal : 1 1 0 0 0
BinVal : 1 2 0.1154 0.03675 0.03675
BinVal : 1 3 0.2826 0.06493 0.06493
BinVal : 1 4 0.4198 0.05388 0.05388
BinVal : 1 5 0.6349 0.03477 0.03477
BinVal : 1 6 0.567 0.03531 0.03531
BinVal : 1 7 0.6293 0.04433 0.04433
BinVal : 1 8 0.7324 0.0369 0.0369
BinVal : 1 9 0.9 0.07156 0.07156
BinVal : 1 10 1 0.2357 0.2357
BinVal : 1 11 1 0.2357 0.2357
BinVal : 1 12 1 0.2357 0.2357
BinVal : 2 0 0 0 0
BinVal : 2 1 0 0 0
BinVal : 2 2 0.0597 0.03099 0.03099
BinVal : 2 3 0.32 0.06443 0.06443
BinVal : 2 4 0.4752 0.04897 0.04897
BinVal : 2 5 0.6313 0.03579 0.03579
BinVal : 2 6 0.6348 0.03156 0.03156
BinVal : 2 7 0.6688 0.03762 0.03762
BinVal : 2 8 0.7177 0.02846 0.02846
BinVal : 2 9 0.9118 0.05167 0.05167
BinVal : 2 10 1 0.1409 0.1409
BinVal : 2 11 1 0.1409 0.1409
BinVal : 2 12 1 0.1409 0.1409
BinVal : 3 0 0 0 0
BinVal : 3 1 0 0 0
BinVal : 3 2 0.1493 0.04375 0.04375
BinVal : 3 3 0.3542 0.06721 0.06721
BinVal : 3 4 0.5143 0.04809 0.04809
BinVal : 3 5 0.6635 0.03257 0.03257
BinVal : 3 6 0.7111 0.02748 0.02748
BinVal : 3 7 0.6992 0.02971 0.02971
BinVal : 3 8 0.7565 0.0218 0.0218
BinVal : 3 9 0.7297 0.07115 0.07115
BinVal : 3 10 0.8 0.1597 0.1597
BinVal : 3 11 1 0.1633 0.1633
BinVal : 3 12 1 0.2357 0.2357
BinVal : 4 0 0 0 0
BinVal : 4 1 0 0 0
BinVal : 4 2 0.2353 0.05855 0.05855
BinVal : 4 3 0.4706 0.06793 0.06793
BinVal : 4 4 0.5841 0.04579 0.04579
BinVal : 4 5 0.668 0.02981 0.02981
BinVal : 4 6 0.6952 0.02584 0.02584
BinVal : 4 7 0.7047 0.02315 0.02315
BinVal : 4 8 0.7163 0.01872 0.01872
BinVal : 4 9 0.7077 0.05549 0.05549
BinVal : 4 10 0.8 0.1597 0.1597
BinVal : 4 11 0.8333 0.1443 0.1443
BinVal : 4 12 1 0.2357 0.2357
BinVal : 5 0 0 0 0
BinVal : 5 1 0 0 0
BinVal : 5 2 0.2 0.05129 0.05129
BinVal : 5 3 0.5439 0.06432 0.06432
BinVal : 5 4 0.6641 0.04134 0.04134
BinVal : 5 5 0.7716 0.02212 0.02212
BinVal : 5 6 0.7859 0.01955 0.01955
BinVal : 5 7 0.7939 0.01661 0.01661
BinVal : 5 8 0.802 0.01321 0.01321
BinVal : 5 9 0.8516 0.03152 0.03152
BinVal : 5 10 1 0.06236 0.06236
BinVal : 5 11 0.5 0.1667 0.1667
BinVal : 5 12 1 0.1237 0.1237
BinVal : 6 0 0 0 0
BinVal : 6 1 0 0 0
BinVal : 6 2 0.2286 0.0696 0.0696
BinVal : 6 3 0.5862 0.08723 0.08723
BinVal : 6 4 0.7077 0.05549 0.05549
BinVal : 6 5 0.8527 0.02373 0.02373
BinVal : 6 6 0.8636 0.02118 0.02118
BinVal : 6 7 0.8531 0.01884 0.01884
BinVal : 6 8 0.8877 0.01348 0.01348
BinVal : 6 9 0.9012 0.03392 0.03392
BinVal : 6 10 1 0.07666 0.07666
BinVal : 6 11 0.3333 0.2 0.2
BinVal : 6 12 1 0.1237 0.1237
BinVal : 7 0 0 0 0
BinVal : 7 1 0 0 0
BinVal : 7 2 0 0 0
BinVal : 7 3 0 0 0
BinVal : 7 4 0 0 0
BinVal : 7 5 0 0 0
BinVal : 7 6 0 0 0
BinVal : 7 7 0 0 0
BinVal : 7 8 0 0 0
BinVal : 7 9 0 0 0
BinVal : 7 10 0 0 0
BinVal : 7 11 0 0 0
BinVal : 7 12 0 0 0
BinVal : 8 0 0 0 0
BinVal : 8 1 0 0 0
BinVal : 8 2 0 0 0
BinVal : 8 3 0 0 0
BinVal : 8 4 0 0 0
BinVal : 8 5 0 0 0
BinVal : 8 6 0 0 0
BinVal : 8 7 0 0 0
BinVal : 8 8 0 0 0
BinVal : 8 9 0 0 0
BinVal : 8 10 0 0 0
BinVal : 8 11 0 0 0
BinVal : 8 12 0 0 0
BinVal : 9 0 0 0 0
BinVal : 9 1 0 0 0
BinVal : 9 2 0.1277 0.04949 0.04949
BinVal : 9 3 0.4545 0.08303 0.08303
BinVal : 9 4 0.7045 0.04804 0.04804
BinVal : 9 5 0.8673 0.02344 0.02344
BinVal : 9 6 0.9398 0.01095 0.01095
BinVal : 9 7 0.9572 0.007043 0.007043
BinVal : 9 8 0.9546 0.005115 0.005115
BinVal : 9 9 0.9711 0.01138 0.01138
BinVal : 9 10 0.9091 0.0454 0.0454
BinVal : 9 11 1 0.04756 0.04756
BinVal : 9 12 0.9091 0.09643 0.09643
BinVal : 10 0 0 0 0
BinVal : 10 1 0 0 0
BinVal : 10 2 0.1154 0.04529 0.04529
BinVal : 10 3 0.5 0.07809 0.07809
BinVal : 10 4 0.77 0.0418 0.0418
BinVal : 10 5 0.9008 0.01937 0.01937
BinVal : 10 6 0.9534 0.009625 0.009625
BinVal : 10 7 0.9715 0.00549 0.00549
BinVal : 10 8 0.9694 0.003787 0.003787
BinVal : 10 9 0.9753 0.009061 0.009061
BinVal : 10 10 0.9403 0.03099 0.03099
BinVal : 10 11 1 0.03701 0.03701
BinVal : 10 12 0.8571 0.09466 0.09466
BinVal : 11 0 0 0 0
BinVal : 11 1 0 0 0
BinVal : 11 2 0.3542 0.06721 0.06721
BinVal : 11 3 0.5278 0.07995 0.07995
BinVal : 11 4 0.6979 0.04632 0.04632
BinVal : 11 5 0.9559 0.01282 0.01282
BinVal : 11 6 0.9644 0.008426 0.008426
BinVal : 11 7 0.9671 0.005978 0.005978
BinVal : 11 8 0.9806 0.002958 0.002958
BinVal : 11 9 0.9745 0.009343 0.009343
BinVal : 11 10 0.9853 0.01977 0.01977
BinVal : 11 11 1 0.04343 0.04343
BinVal : 11 12 0.9474 0.06258 0.06258
BinVal : 12 0 0 0 0
BinVal : 12 1 0 0 0
BinVal : 12 2 0.5 0.07809 0.07809
BinVal : 12 3 0.6389 0.07724 0.07724
BinVal : 12 4 0.6857 0.0448 0.0448
BinVal : 12 5 0.9677 0.01042 0.01042
BinVal : 12 6 0.9728 0.007389 0.007389
BinVal : 12 7 0.9749 0.005513 0.005513
BinVal : 12 8 0.984 0.002716 0.002716
BinVal : 12 9 0.9802 0.00856 0.00856
BinVal : 12 10 0.9848 0.02034 0.02034
BinVal : 12 11 1 0.05255 0.05255
BinVal : 12 12 1 0.04163 0.04163
BinVal : 13 0 0 0 0
BinVal : 13 1 0 0 0
BinVal : 13 2 0.3793 0.08611 0.08611
BinVal : 13 3 0.68 0.08909 0.08909
BinVal : 13 4 0.787 0.0392 0.0392
BinVal : 13 5 0.96 0.01075 0.01075
BinVal : 13 6 0.9843 0.005825 0.005825
BinVal : 13 7 0.9834 0.004721 0.004721
BinVal : 13 8 0.9846 0.002653 0.002653
BinVal : 13 9 0.982 0.00778 0.00778
BinVal : 13 10 0.9855 0.0195 0.0195
BinVal : 13 11 1 0.03843 0.03843
BinVal : 13 12 1 0.03997 0.03997
BinVal : 14 0 0 0 0
BinVal : 14 1 0 0 0
BinVal : 14 2 0.3704 0.08859 0.08859
BinVal : 14 3 0.5385 0.09261 0.09261
BinVal : 14 4 0.7895 0.03801 0.03801
BinVal : 14 5 0.9386 0.01317 0.01317
BinVal : 14 6 0.9684 0.007718 0.007718
BinVal : 14 7 0.9646 0.006785 0.006785
BinVal : 14 8 0.976 0.003221 0.003221
BinVal : 14 9 0.9692 0.009473 0.009473
BinVal : 14 10 0.9863 0.01848 0.01848
BinVal : 14 11 1 0.03569 0.03569
BinVal : 14 12 1 0.03331 0.03331
BinVal : 15 0 0 0 0
BinVal : 15 1 0 0 0
BinVal : 15 2 0.4516 0.08539 0.08539
BinVal : 15 3 0.6061 0.08165 0.08165
BinVal : 15 4 0.7387 0.04136 0.04136
BinVal : 15 5 0.9258 0.01506 0.01506
BinVal : 15 6 0.9592 0.008666 0.008666
BinVal : 15 7 0.9544 0.007101 0.007101
BinVal : 15 8 0.9586 0.004175 0.004175
BinVal : 15 9 0.9703 0.009148 0.009148
BinVal : 15 10 0.9846 0.02064 0.02064
BinVal : 15 11 1 0.04343 0.04343
BinVal : 15 12 1 0.02856 0.02856
BinVal : 16 0 0 0 0
BinVal : 16 1 0 0 0
BinVal : 16 2 0.3191 0.06632 0.06632
BinVal : 16 3 0.5745 0.06999 0.06999
BinVal : 16 4 0.7315 0.04227 0.04227
BinVal : 16 5 0.9167 0.01611 0.01611
BinVal : 16 6 0.9381 0.01054 0.01054
BinVal : 16 7 0.9548 0.006491 0.006491
BinVal : 16 8 0.9573 0.004394 0.004394
BinVal : 16 9 0.98 0.007932 0.007932
BinVal : 16 10 0.9811 0.02501 0.02501
BinVal : 16 11 0.9474 0.06258 0.06258
BinVal : 16 12 0.9643 0.0448 0.0448
BinVal : 17 0 0 0 0
BinVal : 17 1 0 0 0
BinVal : 17 2 0.1702 0.05476 0.05476
BinVal : 17 3 0.4727 0.06556 0.06556
BinVal : 17 4 0.7154 0.04034 0.04034
BinVal : 17 5 0.9075 0.01743 0.01743
BinVal : 17 6 0.9204 0.01172 0.01172
BinVal : 17 7 0.9529 0.006488 0.006488
BinVal : 17 8 0.9662 0.00397 0.00397
BinVal : 17 9 0.9783 0.008608 0.008608
BinVal : 17 10 0.9804 0.02593 0.02593
BinVal : 17 11 0.9545 0.05528 0.05528
BinVal : 17 12 0.8889 0.07792 0.07792
BinVal : 18 0 0 0 0
BinVal : 18 1 0 0 0
BinVal : 18 2 0.15 0.05683 0.05683
BinVal : 18 3 0.475 0.07616 0.07616
BinVal : 18 4 0.7126 0.04793 0.04793
BinVal : 18 5 0.8927 0.02042 0.02042
BinVal : 18 6 0.9291 0.01164 0.01164
BinVal : 18 7 0.9499 0.007247 0.007247
BinVal : 18 8 0.9655 0.004264 0.004264
BinVal : 18 9 0.9756 0.009634 0.009634
BinVal : 18 10 0.9767 0.03038 0.03038
BinVal : 18 11 0.9231 0.05743 0.05743
BinVal : 18 12 0.9167 0.09035 0.09035
BinVal : 19 0 0 0 0
BinVal : 19 1 0 0 0
BinVal : 19 2 0.1364 0.07454 0.07454
BinVal : 19 3 0.5714 0.1203 0.1203
BinVal : 19 4 0.7308 0.08389 0.08389
BinVal : 19 5 0.8932 0.0309 0.0309
BinVal : 19 6 0.9304 0.01707 0.01707
BinVal : 19 7 0.9449 0.01187 0.01187
BinVal : 19 8 0.9627 0.007017 0.007017
BinVal : 19 9 0.9667 0.01788 0.01788
BinVal : 19 10 0.9412 0.06862 0.06862
BinVal : 19 11 0.8571 0.09466 0.09466
BinVal : 19 12 1 0.1237 0.1237
BinVal : 20 0 0 0 0
BinVal : 20 1 0 0 0
BinVal : 20 2 0 0 0
BinVal : 20 3 0 0 0
BinVal : 20 4 0 0 0
BinVal : 20 5 0 0 0
BinVal : 20 6 0 0 0
BinVal : 20 7 0 0 0
BinVal : 20 8 0 0 0
BinVal : 20 9 0 0 0
BinVal : 20 10 0 0 0
BinVal : 20 11 0 0 0
BinVal : 20 12 0 0 0
BinVal : 21 0 0 0 0
BinVal : 21 1 0 0 0
BinVal : 21 2 0 0 0
BinVal : 21 3 0 0 0
BinVal : 21 4 0 0 0
BinVal : 21 5 0 0 0
BinVal : 21 6 0 0 0
BinVal : 21 7 0 0 0
BinVal : 21 8 0 0 0
BinVal : 21 9 0 0 0
BinVal : 21 10 0 0 0
BinVal : 21 11 0 0 0
BinVal : 21 12 0 0 0
BinVal : 22 0 0 0 0
BinVal : 22 1 0 0 0
BinVal : 22 2 0.1692 0.0465 0.0465
BinVal : 22 3 0.6098 0.07371 0.07371
BinVal : 22 4 0.6308 0.04189 0.04189
BinVal : 22 5 0.7485 0.02354 0.02354
BinVal : 22 6 0.7852 0.0194 0.0194
BinVal : 22 7 0.7829 0.01703 0.01703
BinVal : 22 8 0.8175 0.01254 0.01254
BinVal : 22 9 0.8268 0.03357 0.03357
BinVal : 22 10 0.96 0.04949 0.04949
BinVal : 22 11 1 0.1409 0.1409
BinVal : 22 12 1 0.1102 0.1102
BinVal : 23 0 0 0 0
BinVal : 23 1 0 0 0
BinVal : 23 2 0.1207 0.04352 0.04352
BinVal : 23 3 0.4255 0.06999 0.06999
BinVal : 23 4 0.4766 0.04364 0.04364
BinVal : 23 5 0.6385 0.02964 0.02964
BinVal : 23 6 0.6828 0.02405 0.02405
BinVal : 23 7 0.6739 0.02289 0.02289
BinVal : 23 8 0.7083 0.01863 0.01863
BinVal : 23 9 0.7717 0.04344 0.04344
BinVal : 23 10 0.8571 0.09466 0.09466
BinVal : 23 11 1 0.2357 0.2357
BinVal : 23 12 1 0.2357 0.2357
BinVal : 24 0 0 0 0
BinVal : 24 1 0 0 0
BinVal : 24 2 0.08333 0.03725 0.03725
BinVal : 24 3 0.2308 0.05765 0.05765
BinVal : 24 4 0.4333 0.04469 0.04469
BinVal : 24 5 0.6222 0.03213 0.03213
BinVal : 24 6 0.6859 0.02777 0.02777
BinVal : 24 7 0.6738 0.0278 0.0278
BinVal : 24 8 0.7422 0.02322 0.02322
BinVal : 24 9 0.7925 0.05519 0.05519
BinVal : 24 10 0.6 0.175 0.175
BinVal : 24 11 0.5 0.2236 0.2236
BinVal : 24 12 0.5 0.2236 0.2236
BinVal : 25 0 0 0 0
BinVal : 25 1 0 0 0
BinVal : 25 2 0.02941 0.02404 0.02404
BinVal : 25 3 0.2045 0.06017 0.06017
BinVal : 25 4 0.4536 0.04979 0.04979
BinVal : 25 5 0.63 0.03391 0.03391
BinVal : 25 6 0.6808 0.03176 0.03176
BinVal : 25 7 0.6386 0.03699 0.03699
BinVal : 25 8 0.7788 0.02754 0.02754
BinVal : 25 9 0.75 0.09286 0.09286
BinVal : 25 10 0.75 0.09286 0.09286
BinVal : 25 11 0.75 0.09286 0.09286
BinVal : 25 12 0.75 0.09286 0.09286
BinVal : 26 0 0 0 0
BinVal : 26 1 0 0 0
BinVal : 26 2 0.04878 0.02566 0.02566
BinVal : 26 3 0.36 0.06614 0.06614
BinVal : 26 4 0.4486 0.04743 0.04743
BinVal : 26 5 0.5874 0.03406 0.03406
BinVal : 26 6 0.628 0.03338 0.03338
BinVal : 26 7 0.5714 0.04616 0.04616
BinVal : 26 8 0.7134 0.03508 0.03508
BinVal : 26 9 0.6667 0.1389 0.1389
BinVal : 26 10 1 0.2357 0.2357
BinVal : 26 11 1 0.2357 0.2357
BinVal : 26 12 1 0.2357 0.2357
BinVal : 27 0 0 0 0
BinVal : 27 1 0 0 0
BinVal : 27 2 0.04615 0.02873 0.02873
BinVal : 27 3 0.325 0.07189 0.07189
BinVal : 27 4 0.3516 0.04935 0.04935
BinVal : 27 5 0.5481 0.04237 0.04237
BinVal : 27 6 0.5833 0.04245 0.04245
BinVal : 27 7 0.5526 0.05596 0.05596
BinVal : 27 8 0.6585 0.05157 0.05157
BinVal : 27 9 0.5 0.189 0.189
BinVal : 27 10 1 0.2357 0.2357
BinVal : 27 11 1 0.2357 0.2357
BinVal : 27 12 1 0.2357 0.2357
BinVal : 28 0 0 0 0
BinVal : 28 1 0 0 0
BinVal : 28 2 0 0.04163 0.04163
BinVal : 28 3 0.2 0.1201 0.1201
BinVal : 28 4 0.2857 0.08231 0.08231
BinVal : 28 5 0.3846 0.09069 0.09069
BinVal : 28 6 0.4091 0.0986 0.0986
BinVal : 28 7 0.4737 0.1065 0.1065
BinVal : 28 8 0.4545 0.1332 0.1332
BinVal : 28 9 0.4545 0.1332 0.1332
BinVal : 28 10 0.4545 0.1332 0.1332
BinVal : 28 11 0.4545 0.1332 0.1332
BinVal : 28 12 0.4545 0.1332 0.1332
