D0NoteID : 0
EffName : EM_OF_EJETS_v132
EffType : Binned
EffVarNames : DetEta pT
EffVersion : 6
ObjQuality : VLoose
ObjType : Electron
ObjVersion : 12
BinEdgesX : -3.2 -2.8 -2.5 -2.3 -2.1 -1.9 -1.7 -1.5 -1.3 -1.1 -0.9 -0.7 -0.5 -0.3 -0.1 0.1 0.3 0.5 0.7 0.9 1.1 1.3 1.5 1.7 1.9 2.1 2.3 2.5 2.8 3.2
BinEdgesY : 0 10 15 20 22 25 30 35 40 50 60 70 80 1000
BinVal : 0 0 0 0 0
BinVal : 0 1 0 0 0
BinVal : 0 2 0.05031 0.01805 0.01805
BinVal : 0 3 0.1613 0.0382 0.0382
BinVal : 0 4 0.1818 0.02905 0.02905
BinVal : 0 5 0.277 0.02409 0.02409
BinVal : 0 6 0.668 0.02964 0.02964
BinVal : 0 7 0.6905 0.03542 0.03542
BinVal : 0 8 0.6789 0.03366 0.03366
BinVal : 0 9 0.9 0.1034 0.1034
BinVal : 0 10 1 0.1936 0.1936
BinVal : 0 11 1 0.1936 0.1936
BinVal : 0 12 1 0.1936 0.1936
BinVal : 1 0 0 0 0
BinVal : 1 1 0 0 0
BinVal : 1 2 0.04294 0.01667 0.01667
BinVal : 1 3 0.2037 0.0386 0.0386
BinVal : 1 4 0.2941 0.03472 0.03472
BinVal : 1 5 0.4024 0.02385 0.02385
BinVal : 1 6 0.8092 0.02111 0.02111
BinVal : 1 7 0.8421 0.02322 0.02322
BinVal : 1 8 0.8662 0.01926 0.01926
BinVal : 1 9 1 0.03446 0.03446
BinVal : 1 10 1 0.1936 0.1936
BinVal : 1 11 1 0.1936 0.1936
BinVal : 1 12 1 0.1936 0.1936
BinVal : 2 0 0 0 0
BinVal : 2 1 0 0 0
BinVal : 2 2 0.05806 0.01943 0.01943
BinVal : 2 3 0.1515 0.03615 0.03615
BinVal : 2 4 0.3193 0.03592 0.03592
BinVal : 2 5 0.4501 0.02573 0.02573
BinVal : 2 6 0.8475 0.01771 0.01771
BinVal : 2 7 0.8475 0.01949 0.01949
BinVal : 2 8 0.9187 0.01255 0.01255
BinVal : 2 9 0.9574 0.0339 0.0339
BinVal : 2 10 1 0.1409 0.1409
BinVal : 2 11 1 0.2357 0.2357
BinVal : 2 12 1 0.2357 0.2357
BinVal : 3 0 0 0 0
BinVal : 3 1 0 0 0
BinVal : 3 2 0.07692 0.02179 0.02179
BinVal : 3 3 0.24 0.04238 0.04238
BinVal : 3 4 0.2784 0.03201 0.03201
BinVal : 3 5 0.5109 0.02451 0.02451
BinVal : 3 6 0.8275 0.01663 0.01663
BinVal : 3 7 0.8393 0.01689 0.01689
BinVal : 3 8 0.897 0.01144 0.01144
BinVal : 3 9 0.8529 0.04319 0.04319
BinVal : 3 10 1 0.07666 0.07666
BinVal : 3 11 1 0.1633 0.1633
BinVal : 3 12 1 0.1936 0.1936
BinVal : 4 0 0 0 0
BinVal : 4 1 0 0 0
BinVal : 4 2 0.1165 0.03199 0.03199
BinVal : 4 3 0.2804 0.04301 0.04301
BinVal : 4 4 0.2778 0.03167 0.03167
BinVal : 4 5 0.5203 0.02304 0.02304
BinVal : 4 6 0.8085 0.01656 0.01656
BinVal : 4 7 0.8371 0.01491 0.01491
BinVal : 4 8 0.863 0.01113 0.01113
BinVal : 4 9 0.875 0.03273 0.03273
BinVal : 4 10 0.8095 0.0842 0.0842
BinVal : 4 11 1 0.1633 0.1633
BinVal : 4 12 1 0.1633 0.1633
BinVal : 5 0 0 0 0
BinVal : 5 1 0 0 0
BinVal : 5 2 0.2644 0.04678 0.04678
BinVal : 5 3 0.2558 0.04657 0.04657
BinVal : 5 4 0.3724 0.0343 0.0343
BinVal : 5 5 0.5401 0.02314 0.02314
BinVal : 5 6 0.8352 0.01484 0.01484
BinVal : 5 7 0.875 0.01214 0.01214
BinVal : 5 8 0.8986 0.008574 0.008574
BinVal : 5 9 0.9507 0.01902 0.01902
BinVal : 5 10 0.7407 0.0816 0.0816
BinVal : 5 11 1 0.1102 0.1102
BinVal : 5 12 1 0.1633 0.1633
BinVal : 6 0 0 0 0
BinVal : 6 1 0 0 0
BinVal : 6 2 0.3261 0.06734 0.06734
BinVal : 6 3 0.2727 0.07529 0.07529
BinVal : 6 4 0.4706 0.04871 0.04871
BinVal : 6 5 0.6157 0.03289 0.03289
BinVal : 6 6 0.8713 0.01815 0.01815
BinVal : 6 7 0.9183 0.01373 0.01373
BinVal : 6 8 0.9396 0.009107 0.009107
BinVal : 6 9 0.974 0.02137 0.02137
BinVal : 6 10 0.75 0.1166 0.1166
BinVal : 6 11 1 0.1237 0.1237
BinVal : 6 12 1 0.2357 0.2357
BinVal : 7 0 0 0 0
BinVal : 7 1 0 0 0
BinVal : 7 2 0 0 0
BinVal : 7 3 0 0 0
BinVal : 7 4 0 0 0
BinVal : 7 5 0 0 0
BinVal : 7 6 0 0 0
BinVal : 7 7 0 0 0
BinVal : 7 8 0 0 0
BinVal : 7 9 0 0 0
BinVal : 7 10 0 0 0
BinVal : 7 11 0 0 0
BinVal : 7 12 0 0 0
BinVal : 8 0 0 0 0
BinVal : 8 1 0 0 0
BinVal : 8 2 0 0 0
BinVal : 8 3 0 0 0
BinVal : 8 4 0 0 0
BinVal : 8 5 0 0 0
BinVal : 8 6 0 0 0
BinVal : 8 7 0 0 0
BinVal : 8 8 0 0 0
BinVal : 8 9 0 0 0
BinVal : 8 10 0 0 0
BinVal : 8 11 0 0 0
BinVal : 8 12 0 0 0
BinVal : 9 0 0 0 0
BinVal : 9 1 0 0 0
BinVal : 9 2 0.05882 0.03595 0.03595
BinVal : 9 3 0.186 0.05898 0.05898
BinVal : 9 4 0.4639 0.04987 0.04987
BinVal : 9 5 0.7939 0.02674 0.02674
BinVal : 9 6 0.9485 0.009107 0.009107
BinVal : 9 7 0.9681 0.005538 0.005538
BinVal : 9 8 0.9636 0.004392 0.004392
BinVal : 9 9 0.9768 0.009166 0.009166
BinVal : 9 10 0.9483 0.03194 0.03194
BinVal : 9 11 1 0.0665 0.0665
BinVal : 9 12 1 0.06236 0.06236
BinVal : 10 0 0 0 0
BinVal : 10 1 0 0 0
BinVal : 10 2 0.04412 0.02755 0.02755
BinVal : 10 3 0.2553 0.06244 0.06244
BinVal : 10 4 0.4911 0.04662 0.04662
BinVal : 10 5 0.7165 0.02779 0.02779
BinVal : 10 6 0.9496 0.008775 0.008775
BinVal : 10 7 0.9723 0.004892 0.004892
BinVal : 10 8 0.9803 0.00287 0.00287
BinVal : 10 9 0.9869 0.006337 0.006337
BinVal : 10 10 0.9412 0.03056 0.03056
BinVal : 10 11 1 0.0454 0.0454
BinVal : 10 12 1 0.04343 0.04343
BinVal : 11 0 0 0 0
BinVal : 11 1 0 0 0
BinVal : 11 2 0.1186 0.04287 0.04287
BinVal : 11 3 0.3953 0.07223 0.07223
BinVal : 11 4 0.5914 0.05021 0.05021
BinVal : 11 5 0.6393 0.0259 0.0259
BinVal : 11 6 0.9409 0.009929 0.009929
BinVal : 11 7 0.978 0.004423 0.004423
BinVal : 11 8 0.9825 0.002605 0.002605
BinVal : 11 9 0.983 0.006774 0.006774
BinVal : 11 10 0.9714 0.02339 0.02339
BinVal : 11 11 0.9667 0.04214 0.04214
BinVal : 11 12 1 0.03569 0.03569
BinVal : 12 0 0 0 0
BinVal : 12 1 0 0 0
BinVal : 12 2 0.3077 0.06263 0.06263
BinVal : 12 3 0.5 0.06742 0.06742
BinVal : 12 4 0.5657 0.0491 0.0491
BinVal : 12 5 0.6375 0.02396 0.02396
BinVal : 12 6 0.9442 0.009539 0.009539
BinVal : 12 7 0.9699 0.005312 0.005312
BinVal : 12 8 0.9824 0.002627 0.002627
BinVal : 12 9 0.9837 0.007054 0.007054
BinVal : 12 10 0.9878 0.01654 0.01654
BinVal : 12 11 0.9722 0.03576 0.03576
BinVal : 12 12 1 0.03029 0.03029
BinVal : 13 0 0 0 0
BinVal : 13 1 0 0 0
BinVal : 13 2 0.3529 0.06526 0.06526
BinVal : 13 3 0.5614 0.06409 0.06409
BinVal : 13 4 0.6421 0.04851 0.04851
BinVal : 13 5 0.6776 0.02261 0.02261
BinVal : 13 6 0.9497 0.008906 0.008906
BinVal : 13 7 0.9744 0.005256 0.005256
BinVal : 13 8 0.9831 0.002546 0.002546
BinVal : 13 9 0.9897 0.005661 0.005661
BinVal : 13 10 1 0.01163 0.01163
BinVal : 13 11 1 0.03224 0.03224
BinVal : 13 12 1 0.03123 0.03123
BinVal : 14 0 0 0 0
BinVal : 14 1 0 0 0
BinVal : 14 2 0.2642 0.05951 0.05951
BinVal : 14 3 0.5417 0.06979 0.06979
BinVal : 14 4 0.5596 0.04692 0.04692
BinVal : 14 5 0.6412 0.02301 0.02301
BinVal : 14 6 0.9435 0.009355 0.009355
BinVal : 14 7 0.9753 0.005298 0.005298
BinVal : 14 8 0.9739 0.003094 0.003094
BinVal : 14 9 0.9815 0.006817 0.006817
BinVal : 14 10 1 0.01266 0.01266
BinVal : 14 11 1 0.03843 0.03843
BinVal : 14 12 1 0.03331 0.03331
BinVal : 15 0 0 0 0
BinVal : 15 1 0 0 0
BinVal : 15 2 0.2353 0.05855 0.05855
BinVal : 15 3 0.4359 0.07658 0.07658
BinVal : 15 4 0.4818 0.04223 0.04223
BinVal : 15 5 0.6192 0.02399 0.02399
BinVal : 15 6 0.9417 0.009521 0.009521
BinVal : 15 7 0.9636 0.006025 0.006025
BinVal : 15 8 0.97 0.003317 0.003317
BinVal : 15 9 0.9813 0.006895 0.006895
BinVal : 15 10 0.9756 0.02013 0.02013
BinVal : 15 11 0.963 0.04626 0.04626
BinVal : 15 12 1 0.03029 0.03029
BinVal : 16 0 0 0 0
BinVal : 16 1 0 0 0
BinVal : 16 2 0.1481 0.04865 0.04865
BinVal : 16 3 0.2927 0.06924 0.06924
BinVal : 16 4 0.5077 0.04335 0.04335
BinVal : 16 5 0.6505 0.024 0.024
BinVal : 16 6 0.9488 0.008766 0.008766
BinVal : 16 7 0.9664 0.005419 0.005419
BinVal : 16 8 0.9711 0.003376 0.003376
BinVal : 16 9 0.9826 0.006906 0.006906
BinVal : 16 10 0.9773 0.01882 0.01882
BinVal : 16 11 0.9259 0.0556 0.0556
BinVal : 16 12 1 0.03029 0.03029
BinVal : 17 0 0 0 0
BinVal : 17 1 0 0 0
BinVal : 17 2 0.1296 0.04635 0.04635
BinVal : 17 3 0.3171 0.07064 0.07064
BinVal : 17 4 0.4783 0.04599 0.04599
BinVal : 17 5 0.6517 0.02516 0.02516
BinVal : 17 6 0.9496 0.008636 0.008636
BinVal : 17 7 0.9695 0.005067 0.005067
BinVal : 17 8 0.9712 0.003483 0.003483
BinVal : 17 9 0.9813 0.007432 0.007432
BinVal : 17 10 0.975 0.02061 0.02061
BinVal : 17 11 0.9231 0.05743 0.05743
BinVal : 17 12 0.9545 0.05528 0.05528
BinVal : 18 0 0 0 0
BinVal : 18 1 0 0 0
BinVal : 18 2 0.2391 0.06186 0.06186
BinVal : 18 3 0.3947 0.07651 0.07651
BinVal : 18 4 0.5119 0.05359 0.05359
BinVal : 18 5 0.7207 0.02625 0.02625
BinVal : 18 6 0.9447 0.009446 0.009446
BinVal : 18 7 0.9574 0.006342 0.006342
BinVal : 18 8 0.9708 0.003832 0.003832
BinVal : 18 9 0.974 0.009521 0.009521
BinVal : 18 10 0.9701 0.02437 0.02437
BinVal : 18 11 0.95 0.05994 0.05994
BinVal : 18 12 0.8571 0.09466 0.09466
BinVal : 19 0 0 0 0
BinVal : 19 1 0 0 0
BinVal : 19 2 0.3043 0.09148 0.09148
BinVal : 19 3 0.35 0.1003 0.1003
BinVal : 19 4 0.5862 0.08723 0.08723
BinVal : 19 5 0.7891 0.03592 0.03592
BinVal : 19 6 0.9453 0.01404 0.01404
BinVal : 19 7 0.9441 0.01101 0.01101
BinVal : 19 8 0.9721 0.005978 0.005978
BinVal : 19 9 0.9661 0.01817 0.01817
BinVal : 19 10 1 0.03123 0.03123
BinVal : 19 11 1 0.1102 0.1102
BinVal : 19 12 0.8333 0.1443 0.1443
BinVal : 20 0 0 0 0
BinVal : 20 1 0 0 0
BinVal : 20 2 0 0 0
BinVal : 20 3 0 0 0
BinVal : 20 4 0 0 0
BinVal : 20 5 0 0 0
BinVal : 20 6 0 0 0
BinVal : 20 7 0 0 0
BinVal : 20 8 0 0 0
BinVal : 20 9 0 0 0
BinVal : 20 10 0 0 0
BinVal : 20 11 0 0 0
BinVal : 20 12 0 0 0
BinVal : 21 0 0 0 0
BinVal : 21 1 0 0 0
BinVal : 21 2 0 0 0
BinVal : 21 3 0 0 0
BinVal : 21 4 0 0 0
BinVal : 21 5 0 0 0
BinVal : 21 6 0 0 0
BinVal : 21 7 0 0 0
BinVal : 21 8 0 0 0
BinVal : 21 9 0 0 0
BinVal : 21 10 0 0 0
BinVal : 21 11 0 0 0
BinVal : 21 12 0 0 0
BinVal : 22 0 0 0 0
BinVal : 22 1 0 0 0
BinVal : 22 2 0.1163 0.03506 0.03506
BinVal : 22 3 0.28 0.05115 0.05115
BinVal : 22 4 0.2778 0.03497 0.03497
BinVal : 22 5 0.4845 0.02433 0.02433
BinVal : 22 6 0.8469 0.01548 0.01548
BinVal : 22 7 0.8735 0.01215 0.01215
BinVal : 22 8 0.8773 0.009426 0.009426
BinVal : 22 9 0.8609 0.02827 0.02827
BinVal : 22 10 1 0.02856 0.02856
BinVal : 22 11 1 0.1409 0.1409
BinVal : 22 12 0.6667 0.1614 0.1614
BinVal : 23 0 0 0 0
BinVal : 23 1 0 0 0
BinVal : 23 2 0.04444 0.01874 0.01874
BinVal : 23 3 0.1546 0.03681 0.03681
BinVal : 23 4 0.2653 0.03139 0.03139
BinVal : 23 5 0.4496 0.02457 0.02457
BinVal : 23 6 0.7992 0.01734 0.01734
BinVal : 23 7 0.8289 0.01485 0.01485
BinVal : 23 8 0.8578 0.01147 0.01147
BinVal : 23 9 0.7959 0.04053 0.04053
BinVal : 23 10 0.9524 0.05752 0.05752
BinVal : 23 11 1 0.1409 0.1409
BinVal : 23 12 0.6 0.175 0.175
BinVal : 24 0 0 0 0
BinVal : 24 1 0 0 0
BinVal : 24 2 0.06329 0.01994 0.01994
BinVal : 24 3 0.1333 0.03341 0.03341
BinVal : 24 4 0.2476 0.02995 0.02995
BinVal : 24 5 0.4509 0.02553 0.02553
BinVal : 24 6 0.771 0.01898 0.01898
BinVal : 24 7 0.8294 0.01676 0.01676
BinVal : 24 8 0.8818 0.01206 0.01206
BinVal : 24 9 0.8272 0.04198 0.04198
BinVal : 24 10 0.8889 0.1113 0.1113
BinVal : 24 11 1 0.1633 0.1633
BinVal : 24 12 1 0.1936 0.1936
BinVal : 25 0 0 0 0
BinVal : 25 1 0 0 0
BinVal : 25 2 0.05594 0.01997 0.01997
BinVal : 25 3 0.09184 0.02985 0.02985
BinVal : 25 4 0.2473 0.03184 0.03184
BinVal : 25 5 0.4314 0.02611 0.02611
BinVal : 25 6 0.7759 0.02022 0.02022
BinVal : 25 7 0.8608 0.01951 0.01951
BinVal : 25 8 0.903 0.01336 0.01336
BinVal : 25 9 0.9216 0.03978 0.03978
BinVal : 25 10 1 0.1409 0.1409
BinVal : 25 11 1 0.1409 0.1409
BinVal : 25 12 1 0.1936 0.1936
BinVal : 26 0 0 0 0
BinVal : 26 1 0 0 0
BinVal : 26 2 0.02286 0.01242 0.01242
BinVal : 26 3 0.09483 0.02771 0.02771
BinVal : 26 4 0.2069 0.02837 0.02837
BinVal : 26 5 0.3598 0.0246 0.0246
BinVal : 26 6 0.7573 0.02313 0.02313
BinVal : 26 7 0.8416 0.02458 0.02458
BinVal : 26 8 0.8983 0.01639 0.01639
BinVal : 26 9 0.9259 0.0556 0.0556
BinVal : 26 10 1 0.2357 0.2357
BinVal : 26 11 1 0.2357 0.2357
BinVal : 26 12 1 0.2357 0.2357
BinVal : 27 0 0 0 0
BinVal : 27 1 0 0 0
BinVal : 27 2 0.02793 0.01327 0.01327
BinVal : 27 3 0.08621 0.02665 0.02665
BinVal : 27 4 0.149 0.02474 0.02474
BinVal : 27 5 0.2907 0.02441 0.02441
BinVal : 27 6 0.5867 0.03262 0.03262
BinVal : 27 7 0.6413 0.03511 0.03511
BinVal : 27 8 0.7566 0.03108 0.03108
BinVal : 27 9 0.8333 0.08729 0.08729
BinVal : 27 10 1 0.2357 0.2357
BinVal : 27 11 1 0.2357 0.2357
BinVal : 27 12 1 0.2357 0.2357
BinVal : 28 0 0 0 0
BinVal : 28 1 0 0 0
BinVal : 28 2 0.04 0.02513 0.02513
BinVal : 28 3 0.02128 0.02798 0.02798
BinVal : 28 4 0.1125 0.03592 0.03592
BinVal : 28 5 0.1969 0.03518 0.03518
BinVal : 28 6 0.3636 0.05389 0.05389
BinVal : 28 7 0.4286 0.05795 0.05795
BinVal : 28 8 0.4286 0.07384 0.07384
BinVal : 28 9 0.6667 0.2 0.2
BinVal : 28 10 0.6667 0.2 0.2
BinVal : 28 11 0.6667 0.2 0.2
BinVal : 28 12 0.6667 0.2 0.2
