D0NoteID : 0
EffName : EM_OF_EJETS_v811
EffType : Binned
EffVarNames : DetEta pT
EffVersion : 6
ObjQuality : MLoose2
ObjType : Electron
ObjVersion : 12
BinEdgesX : -3.2 -2.8 -2.5 -2.3 -2.1 -1.9 -1.7 -1.5 -1.3 -1.1 -0.9 -0.7 -0.5 -0.3 -0.1 0.1 0.3 0.5 0.7 0.9 1.1 1.3 1.5 1.7 1.9 2.1 2.3 2.5 2.8 3.2
BinEdgesY : 0 10 15 20 22 25 30 35 40 50 60 70 80 1000
BinVal : 0 0 0 0 0
BinVal : 0 1 0 0 0
BinVal : 0 2 0.1667 0.1059 0.1059
BinVal : 0 3 0.6667 0.1614 0.1614
BinVal : 0 4 0.5714 0.1012 0.1012
BinVal : 0 5 0.7222 0.07262 0.07262
BinVal : 0 6 0.6389 0.07724 0.07724
BinVal : 0 7 0.75 0.1028 0.1028
BinVal : 0 8 0.8571 0.07737 0.07737
BinVal : 0 9 0.8571 0.07737 0.07737
BinVal : 0 10 0.8571 0.07737 0.07737
BinVal : 0 11 0.8571 0.07737 0.07737
BinVal : 0 12 0.8571 0.07737 0.07737
BinVal : 1 0 0 0 0
BinVal : 1 1 0 0 0
BinVal : 1 2 0.1818 0.1126 0.1126
BinVal : 1 3 0.7778 0.1286 0.1286
BinVal : 1 4 0.6897 0.08264 0.08264
BinVal : 1 5 0.7755 0.05882 0.05882
BinVal : 1 6 0.8163 0.05506 0.05506
BinVal : 1 7 0.7742 0.0735 0.0735
BinVal : 1 8 0.881 0.05116 0.05116
BinVal : 1 9 1 0.1936 0.1936
BinVal : 1 10 1 0.1936 0.1936
BinVal : 1 11 1 0.1936 0.1936
BinVal : 1 12 1 0.1936 0.1936
BinVal : 2 0 0 0 0
BinVal : 2 1 0 0 0
BinVal : 2 2 0.1429 0.1315 0.1315
BinVal : 2 3 0.8 0.1597 0.1597
BinVal : 2 4 0.65 0.1003 0.1003
BinVal : 2 5 0.8367 0.05287 0.05287
BinVal : 2 6 0.898 0.04468 0.04468
BinVal : 2 7 0.94 0.0366 0.0366
BinVal : 2 8 0.9322 0.03484 0.03484
BinVal : 2 9 1 0.1237 0.1237
BinVal : 2 10 1 0.2357 0.2357
BinVal : 2 11 1 0.2357 0.2357
BinVal : 2 12 1 0.2357 0.2357
BinVal : 3 0 0 0 0
BinVal : 3 1 0 0 0
BinVal : 3 2 0.5 0.1387 0.1387
BinVal : 3 3 0.8333 0.1443 0.1443
BinVal : 3 4 0.75 0.09286 0.09286
BinVal : 3 5 0.9444 0.03411 0.03411
BinVal : 3 6 0.859 0.03967 0.03967
BinVal : 3 7 0.9429 0.02975 0.02975
BinVal : 3 8 0.9333 0.02749 0.02749
BinVal : 3 9 1 0.0665 0.0665
BinVal : 3 10 1 0.2357 0.2357
BinVal : 3 11 1 0.2357 0.2357
BinVal : 3 12 1 0.2357 0.2357
BinVal : 4 0 0 0 0
BinVal : 4 1 0 0 0
BinVal : 4 2 0.4 0.116 0.116
BinVal : 4 3 0.875 0.1206 0.1206
BinVal : 4 4 0.9667 0.04214 0.04214
BinVal : 4 5 1 0.01852 0.01852
BinVal : 4 6 0.8409 0.03907 0.03907
BinVal : 4 7 0.9452 0.02861 0.02861
BinVal : 4 8 0.9338 0.02199 0.02199
BinVal : 4 9 0.9412 0.06862 0.06862
BinVal : 4 10 1 0.2357 0.2357
BinVal : 4 11 1 0.2357 0.2357
BinVal : 4 12 1 0.2357 0.2357
BinVal : 5 0 0 0 0
BinVal : 5 1 0 0 0
BinVal : 5 2 0.3 0.1307 0.1307
BinVal : 5 3 1 0.1102 0.1102
BinVal : 5 4 1 0.03123 0.03123
BinVal : 5 5 1 0.01886 0.01886
BinVal : 5 6 0.8851 0.03469 0.03469
BinVal : 5 7 0.9608 0.02088 0.02088
BinVal : 5 8 0.9403 0.01714 0.01714
BinVal : 5 9 0.9583 0.05128 0.05128
BinVal : 5 10 1 0.1633 0.1633
BinVal : 5 11 1 0.1936 0.1936
BinVal : 5 12 1 0.1936 0.1936
BinVal : 6 0 0 0 0
BinVal : 6 1 0 0 0
BinVal : 6 2 1 0.2357 0.2357
BinVal : 6 3 1 0.1633 0.1633
BinVal : 6 4 1 0.07122 0.07122
BinVal : 6 5 1 0.03569 0.03569
BinVal : 6 6 0.9362 0.03872 0.03872
BinVal : 6 7 0.9394 0.03142 0.03142
BinVal : 6 8 0.9412 0.0225 0.0225
BinVal : 6 9 1 0.05255 0.05255
BinVal : 6 10 1 0.1936 0.1936
BinVal : 6 11 1 0.1936 0.1936
BinVal : 6 12 1 0.1936 0.1936
BinVal : 7 0 0 0 0
BinVal : 7 1 0 0 0
BinVal : 7 2 0 0 0
BinVal : 7 3 0 0 0
BinVal : 7 4 0 0 0
BinVal : 7 5 0 0 0
BinVal : 7 6 0 0 0
BinVal : 7 7 0 0 0
BinVal : 7 8 0 0 0
BinVal : 7 9 0 0 0
BinVal : 7 10 0 0 0
BinVal : 7 11 0 0 0
BinVal : 7 12 0 0 0
BinVal : 8 0 0 0 0
BinVal : 8 1 0 0 0
BinVal : 8 2 0 0 0
BinVal : 8 3 0 0 0
BinVal : 8 4 0 0 0
BinVal : 8 5 0 0 0
BinVal : 8 6 0 0 0
BinVal : 8 7 0 0 0
BinVal : 8 8 0 0 0
BinVal : 8 9 0 0 0
BinVal : 8 10 0 0 0
BinVal : 8 11 0 0 0
BinVal : 8 12 0 0 0
BinVal : 9 0 0 0 0
BinVal : 9 1 0 0 0
BinVal : 9 2 0.1111 0.1113 0.1113
BinVal : 9 3 0.6667 0.1614 0.1614
BinVal : 9 4 0.7778 0.1286 0.1286
BinVal : 9 5 0.8636 0.07454 0.07454
BinVal : 9 6 0.908 0.03178 0.03178
BinVal : 9 7 0.9697 0.01631 0.01631
BinVal : 9 8 0.9664 0.01224 0.01224
BinVal : 9 9 0.9231 0.05743 0.05743
BinVal : 9 10 1 0.09938 0.09938
BinVal : 9 11 1 0.1936 0.1936
BinVal : 9 12 1 0.2357 0.2357
BinVal : 10 0 0 0 0
BinVal : 10 1 0 0 0
BinVal : 10 2 0 0 0
BinVal : 10 3 0.625 0.1477 0.1477
BinVal : 10 4 0.9091 0.09643 0.09643
BinVal : 10 5 0.9167 0.04914 0.04914
BinVal : 10 6 0.9091 0.02957 0.02957
BinVal : 10 7 0.9645 0.01511 0.01511
BinVal : 10 8 0.977 0.009107 0.009107
BinVal : 10 9 0.9362 0.03872 0.03872
BinVal : 10 10 1 0.09045 0.09045
BinVal : 10 11 1 0.1936 0.1936
BinVal : 10 12 1 0.2357 0.2357
BinVal : 11 0 0 0 0
BinVal : 11 1 0 0 0
BinVal : 11 2 0.1667 0.1443 0.1443
BinVal : 11 3 0.7143 0.1491 0.1491
BinVal : 11 4 0.9375 0.0721 0.0721
BinVal : 11 5 0.9333 0.04028 0.04028
BinVal : 11 6 0.907 0.03212 0.03212
BinVal : 11 7 0.9408 0.01979 0.01979
BinVal : 11 8 0.9668 0.0102 0.0102
BinVal : 11 9 0.9655 0.0279 0.0279
BinVal : 11 10 1 0.1102 0.1102
BinVal : 11 11 1 0.1409 0.1409
BinVal : 11 12 1 0.2357 0.2357
BinVal : 12 0 0 0 0
BinVal : 12 1 0 0 0
BinVal : 12 2 0.2857 0.1491 0.1491
BinVal : 12 3 1 0.1102 0.1102
BinVal : 12 4 0.9412 0.06862 0.06862
BinVal : 12 5 0.9091 0.0403 0.0403
BinVal : 12 6 0.939 0.02793 0.02793
BinVal : 12 7 0.96 0.01875 0.01875
BinVal : 12 8 0.9591 0.01099 0.01099
BinVal : 12 9 1 0.02083 0.02083
BinVal : 12 10 1 0.09938 0.09938
BinVal : 12 11 1 0.1237 0.1237
BinVal : 12 12 1 0.1633 0.1633
BinVal : 13 0 0 0 0
BinVal : 13 1 0 0 0
BinVal : 13 2 0.2857 0.1491 0.1491
BinVal : 13 3 1 0.09045 0.09045
BinVal : 13 4 1 0.05871 0.05871
BinVal : 13 5 0.8986 0.03726 0.03726
BinVal : 13 6 0.956 0.02326 0.02326
BinVal : 13 7 0.9412 0.0225 0.0225
BinVal : 13 8 0.9665 0.009819 0.009819
BinVal : 13 9 0.9545 0.03602 0.03602
BinVal : 13 10 1 0.1102 0.1102
BinVal : 13 11 1 0.1409 0.1409
BinVal : 13 12 1 0.1409 0.1409
BinVal : 14 0 0 0 0
BinVal : 14 1 0 0 0
BinVal : 14 2 0.3333 0.2 0.2
BinVal : 14 3 1 0.1409 0.1409
BinVal : 14 4 0.9333 0.07594 0.07594
BinVal : 14 5 0.9219 0.03512 0.03512
BinVal : 14 6 0.9394 0.02515 0.02515
BinVal : 14 7 0.9318 0.02262 0.02262
BinVal : 14 8 0.9465 0.01215 0.01215
BinVal : 14 9 0.9412 0.03595 0.03595
BinVal : 14 10 1 0.08299 0.08299
BinVal : 14 11 1 0.1633 0.1633
BinVal : 14 12 1 0.1409 0.1409
BinVal : 15 0 0 0 0
BinVal : 15 1 0 0 0
BinVal : 15 2 0 0 0
BinVal : 15 3 1 0.1409 0.1409
BinVal : 15 4 0.8824 0.08154 0.08154
BinVal : 15 5 0.96 0.03203 0.03203
BinVal : 15 6 0.8922 0.03118 0.03118
BinVal : 15 7 0.9864 0.01147 0.01147
BinVal : 15 8 0.9191 0.01479 0.01479
BinVal : 15 9 0.9512 0.03841 0.03841
BinVal : 15 10 1 0.08299 0.08299
BinVal : 15 11 1 0.1936 0.1936
BinVal : 15 12 1 0.1409 0.1409
BinVal : 16 0 0 0 0
BinVal : 16 1 0 0 0
BinVal : 16 2 0 0 0
BinVal : 16 3 0.5714 0.1571 0.1571
BinVal : 16 4 0.9167 0.06149 0.06149
BinVal : 16 5 0.9286 0.04285 0.04285
BinVal : 16 6 0.8942 0.03063 0.03063
BinVal : 16 7 0.9693 0.01453 0.01453
BinVal : 16 8 0.9219 0.01485 0.01485
BinVal : 16 9 0.95 0.03927 0.03927
BinVal : 16 10 1 0.09938 0.09938
BinVal : 16 11 1 0.1409 0.1409
BinVal : 16 12 1 0.1633 0.1633
BinVal : 17 0 0 0 0
BinVal : 17 1 0 0 0
BinVal : 17 2 0 0 0
BinVal : 17 3 0.25 0.1382 0.1382
BinVal : 17 4 0.9048 0.06875 0.06875
BinVal : 17 5 0.9318 0.0411 0.0411
BinVal : 17 6 0.9333 0.02531 0.02531
BinVal : 17 7 0.9295 0.02101 0.02101
BinVal : 17 8 0.9403 0.01315 0.01315
BinVal : 17 9 0.9512 0.03841 0.03841
BinVal : 17 10 1 0.0665 0.0665
BinVal : 17 11 1 0.09938 0.09938
BinVal : 17 12 1 0.1633 0.1633
BinVal : 18 0 0 0 0
BinVal : 18 1 0 0 0
BinVal : 18 2 0.2 0.1597 0.1597
BinVal : 18 3 0.5556 0.1437 0.1437
BinVal : 18 4 0.9412 0.06862 0.06862
BinVal : 18 5 0.9268 0.04379 0.04379
BinVal : 18 6 0.9326 0.02778 0.02778
BinVal : 18 7 0.9137 0.02428 0.02428
BinVal : 18 8 0.9493 0.01304 0.01304
BinVal : 18 9 0.973 0.03488 0.03488
BinVal : 18 10 1 0.08299 0.08299
BinVal : 18 11 1 0.1409 0.1409
BinVal : 18 12 1 0.1936 0.1936
BinVal : 19 0 0 0 0
BinVal : 19 1 0 0 0
BinVal : 19 2 0.3333 0.2 0.2
BinVal : 19 3 0.8 0.1597 0.1597
BinVal : 19 4 1 0.07666 0.07666
BinVal : 19 5 0.8889 0.07792 0.07792
BinVal : 19 6 0.9189 0.04797 0.04797
BinVal : 19 7 0.913 0.03513 0.03513
BinVal : 19 8 0.9492 0.02131 0.02131
BinVal : 19 9 1 0.04343 0.04343
BinVal : 19 10 1 0.1936 0.1936
BinVal : 19 11 1 0.1936 0.1936
BinVal : 19 12 1 0.1936 0.1936
BinVal : 20 0 0 0 0
BinVal : 20 1 0 0 0
BinVal : 20 2 0 0 0
BinVal : 20 3 0 0 0
BinVal : 20 4 0 0 0
BinVal : 20 5 0 0 0
BinVal : 20 6 0 0 0
BinVal : 20 7 0 0 0
BinVal : 20 8 0 0 0
BinVal : 20 9 0 0 0
BinVal : 20 10 0 0 0
BinVal : 20 11 0 0 0
BinVal : 20 12 0 0 0
BinVal : 21 0 0 0 0
BinVal : 21 1 0 0 0
BinVal : 21 2 0 0 0
BinVal : 21 3 0 0 0
BinVal : 21 4 0 0 0
BinVal : 21 5 0 0 0
BinVal : 21 6 0 0 0
BinVal : 21 7 0 0 0
BinVal : 21 8 0 0 0
BinVal : 21 9 0 0 0
BinVal : 21 10 0 0 0
BinVal : 21 11 0 0 0
BinVal : 21 12 0 0 0
BinVal : 22 0 0 0 0
BinVal : 22 1 0 0 0
BinVal : 22 2 0.3 0.1307 0.1307
BinVal : 22 3 0.5 0.1387 0.1387
BinVal : 22 4 0.8788 0.05832 0.05832
BinVal : 22 5 0.9524 0.02958 0.02958
BinVal : 22 6 0.9619 0.02031 0.02031
BinVal : 22 7 0.9322 0.02394 0.02394
BinVal : 22 8 0.9103 0.01889 0.01889
BinVal : 22 9 0.88 0.06714 0.06714
BinVal : 22 10 1 0.1633 0.1633
BinVal : 22 11 1 0.1409 0.1409
BinVal : 22 12 1 0.1409 0.1409
BinVal : 23 0 0 0 0
BinVal : 23 1 0 0 0
BinVal : 23 2 0.2941 0.1039 0.1039
BinVal : 23 3 0.5 0.1291 0.1291
BinVal : 23 4 0.9048 0.06875 0.06875
BinVal : 23 5 0.9365 0.0328 0.0328
BinVal : 23 6 0.9333 0.02531 0.02531
BinVal : 23 7 0.9307 0.02625 0.02625
BinVal : 23 8 0.9281 0.02044 0.02044
BinVal : 23 9 0.9091 0.06614 0.06614
BinVal : 23 10 1 0.1633 0.1633
BinVal : 23 11 1 0.1936 0.1936
BinVal : 23 12 1 0.1936 0.1936
BinVal : 24 0 0 0 0
BinVal : 24 1 0 0 0
BinVal : 24 2 0.25 0.1028 0.1028
BinVal : 24 3 0.5385 0.1247 0.1247
BinVal : 24 4 0.88 0.06714 0.06714
BinVal : 24 5 0.9296 0.03193 0.03193
BinVal : 24 6 0.9355 0.02666 0.02666
BinVal : 24 7 0.9342 0.02998 0.02998
BinVal : 24 8 0.925 0.02473 0.02473
BinVal : 24 9 0.9231 0.08498 0.08498
BinVal : 24 10 1 0.1633 0.1633
BinVal : 24 11 1 0.1633 0.1633
BinVal : 24 12 1 0.1633 0.1633
BinVal : 25 0 0 0 0
BinVal : 25 1 0 0 0
BinVal : 25 2 0.1538 0.1 0.1
BinVal : 25 3 0.5 0.1508 0.1508
BinVal : 25 4 0.9231 0.05743 0.05743
BinVal : 25 5 0.9219 0.03512 0.03512
BinVal : 25 6 0.9683 0.02583 0.02583
BinVal : 25 7 0.9333 0.04028 0.04028
BinVal : 25 8 0.9315 0.03112 0.03112
BinVal : 25 9 1 0.1102 0.1102
BinVal : 25 10 1 0.1936 0.1936
BinVal : 25 11 1 0.1936 0.1936
BinVal : 25 12 1 0.1936 0.1936
BinVal : 26 0 0 0 0
BinVal : 26 1 0 0 0
BinVal : 26 2 0.2 0.09998 0.09998
BinVal : 26 3 0.5 0.189 0.189
BinVal : 26 4 0.6818 0.09428 0.09428
BinVal : 26 5 0.8302 0.05154 0.05154
BinVal : 26 6 0.8889 0.0438 0.0438
BinVal : 26 7 0.8235 0.06506 0.06506
BinVal : 26 8 0.875 0.05336 0.05336
BinVal : 26 9 1 0.1237 0.1237
BinVal : 26 10 1 0.2357 0.2357
BinVal : 26 11 1 0.2357 0.2357
BinVal : 26 12 1 0.2357 0.2357
BinVal : 27 0 0 0 0
BinVal : 27 1 0 0 0
BinVal : 27 2 0.2 0.09998 0.09998
BinVal : 27 3 0.4444 0.1437 0.1437
BinVal : 27 4 0.4091 0.0986 0.0986
BinVal : 27 5 0.4848 0.0833 0.0833
BinVal : 27 6 0.7273 0.07529 0.07529
BinVal : 27 7 0.65 0.1003 0.1003
BinVal : 27 8 0.6957 0.09148 0.09148
BinVal : 27 9 1 0.1936 0.1936
BinVal : 27 10 1 0.1936 0.1936
BinVal : 27 11 1 0.1936 0.1936
BinVal : 27 12 1 0.1936 0.1936
BinVal : 28 0 0 0 0
BinVal : 28 1 0 0 0
BinVal : 28 2 0 0 0
BinVal : 28 3 0.3333 0.1614 0.1614
BinVal : 28 4 0.25 0.1382 0.1382
BinVal : 28 5 0.1538 0.1 0.1
BinVal : 28 6 0.3333 0.1614 0.1614
BinVal : 28 7 0.5 0.189 0.189
BinVal : 28 8 0.6 0.175 0.175
BinVal : 28 9 0.6 0.175 0.175
BinVal : 28 10 0.6 0.175 0.175
BinVal : 28 11 0.6 0.175 0.175
BinVal : 28 12 0.6 0.175 0.175
