D0NoteID : 0
EffName : EM_OF_EJETS_v132
EffType : Binned
EffVarNames : DetEta pT
EffVersion : 6
ObjQuality : Loose
ObjType : Electron
ObjVersion : 12
BinEdgesX : -3.2 -2.8 -2.5 -2.3 -2.1 -1.9 -1.7 -1.5 -1.3 -1.1 -0.9 -0.7 -0.5 -0.3 -0.1 0.1 0.3 0.5 0.7 0.9 1.1 1.3 1.5 1.7 1.9 2.1 2.3 2.5 2.8 3.2
BinEdgesY : 0 10 15 20 22 25 30 35 40 50 60 70 80 1000
BinVal : 0 0 0 0 0
BinVal : 0 1 0 0 0
BinVal : 0 2 0.05405 0.01933 0.01933
BinVal : 0 3 0.1648 0.03893 0.03893
BinVal : 0 4 0.1779 0.02994 0.02994
BinVal : 0 5 0.2791 0.02477 0.02477
BinVal : 0 6 0.6709 0.03036 0.03036
BinVal : 0 7 0.6879 0.03671 0.03671
BinVal : 0 8 0.6813 0.03431 0.03431
BinVal : 0 9 0.9 0.1034 0.1034
BinVal : 0 10 1 0.1936 0.1936
BinVal : 0 11 1 0.1936 0.1936
BinVal : 0 12 1 0.1936 0.1936
BinVal : 1 0 0 0 0
BinVal : 1 1 0 0 0
BinVal : 1 2 0.04605 0.01783 0.01783
BinVal : 1 3 0.2056 0.0389 0.0389
BinVal : 1 4 0.2866 0.03508 0.03508
BinVal : 1 5 0.4025 0.02443 0.02443
BinVal : 1 6 0.8176 0.02128 0.02128
BinVal : 1 7 0.8481 0.02335 0.02335
BinVal : 1 8 0.868 0.0195 0.0195
BinVal : 1 9 1 0.03569 0.03569
BinVal : 1 10 1 0.1936 0.1936
BinVal : 1 11 1 0.1936 0.1936
BinVal : 1 12 1 0.1936 0.1936
BinVal : 2 0 0 0 0
BinVal : 2 1 0 0 0
BinVal : 2 2 0.06081 0.0203 0.0203
BinVal : 2 3 0.1562 0.03715 0.03715
BinVal : 2 4 0.3187 0.03657 0.03657
BinVal : 2 5 0.4522 0.02627 0.02627
BinVal : 2 6 0.85 0.01787 0.01787
BinVal : 2 7 0.8593 0.01926 0.01926
BinVal : 2 8 0.9224 0.01251 0.01251
BinVal : 2 9 0.9556 0.03528 0.03528
BinVal : 2 10 1 0.1409 0.1409
BinVal : 2 11 1 0.2357 0.2357
BinVal : 2 12 1 0.2357 0.2357
BinVal : 3 0 0 0 0
BinVal : 3 1 0 0 0
BinVal : 3 2 0.08108 0.0229 0.0229
BinVal : 3 3 0.2474 0.04345 0.04345
BinVal : 3 4 0.2872 0.03282 0.03282
BinVal : 3 5 0.5149 0.02477 0.02477
BinVal : 3 6 0.8264 0.01682 0.01682
BinVal : 3 7 0.8475 0.01679 0.01679
BinVal : 3 8 0.9068 0.01113 0.01113
BinVal : 3 9 0.8507 0.04375 0.04375
BinVal : 3 10 1 0.07666 0.07666
BinVal : 3 11 1 0.1633 0.1633
BinVal : 3 12 1 0.1936 0.1936
BinVal : 4 0 0 0 0
BinVal : 4 1 0 0 0
BinVal : 4 2 0.129 0.03508 0.03508
BinVal : 4 3 0.2885 0.04398 0.04398
BinVal : 4 4 0.2784 0.03201 0.03201
BinVal : 4 5 0.5252 0.02328 0.02328
BinVal : 4 6 0.8101 0.01667 0.01667
BinVal : 4 7 0.84 0.01497 0.01497
BinVal : 4 8 0.8714 0.01097 0.01097
BinVal : 4 9 0.8776 0.03346 0.03346
BinVal : 4 10 0.8095 0.0842 0.0842
BinVal : 4 11 1 0.1633 0.1633
BinVal : 4 12 1 0.1633 0.1633
BinVal : 5 0 0 0 0
BinVal : 5 1 0 0 0
BinVal : 5 2 0.2857 0.05079 0.05079
BinVal : 5 3 0.2619 0.04745 0.04745
BinVal : 5 4 0.3789 0.03494 0.03494
BinVal : 5 5 0.5436 0.02348 0.02348
BinVal : 5 6 0.8395 0.01502 0.01502
BinVal : 5 7 0.8762 0.0123 0.0123
BinVal : 5 8 0.9012 0.008609 0.008609
BinVal : 5 9 0.9549 0.01901 0.01901
BinVal : 5 10 0.7308 0.08389 0.08389
BinVal : 5 11 1 0.1102 0.1102
BinVal : 5 12 1 0.1633 0.1633
BinVal : 6 0 0 0 0
BinVal : 6 1 0 0 0
BinVal : 6 2 0.3415 0.07185 0.07185
BinVal : 6 3 0.2727 0.07529 0.07529
BinVal : 6 4 0.4898 0.04974 0.04974
BinVal : 6 5 0.6202 0.03343 0.03343
BinVal : 6 6 0.8758 0.01844 0.01844
BinVal : 6 7 0.9201 0.01388 0.01388
BinVal : 6 8 0.9416 0.009147 0.009147
BinVal : 6 9 0.973 0.02219 0.02219
BinVal : 6 10 0.7273 0.1234 0.1234
BinVal : 6 11 1 0.1237 0.1237
BinVal : 6 12 1 0.2357 0.2357
BinVal : 7 0 0 0 0
BinVal : 7 1 0 0 0
BinVal : 7 2 0 0 0
BinVal : 7 3 0 0 0
BinVal : 7 4 0 0 0
BinVal : 7 5 0 0 0
BinVal : 7 6 0 0 0
BinVal : 7 7 0 0 0
BinVal : 7 8 0 0 0
BinVal : 7 9 0 0 0
BinVal : 7 10 0 0 0
BinVal : 7 11 0 0 0
BinVal : 7 12 0 0 0
BinVal : 8 0 0 0 0
BinVal : 8 1 0 0 0
BinVal : 8 2 0 0 0
BinVal : 8 3 0 0 0
BinVal : 8 4 0 0 0
BinVal : 8 5 0 0 0
BinVal : 8 6 0 0 0
BinVal : 8 7 0 0 0
BinVal : 8 8 0 0 0
BinVal : 8 9 0 0 0
BinVal : 8 10 0 0 0
BinVal : 8 11 0 0 0
BinVal : 8 12 0 0 0
BinVal : 9 0 0 0 0
BinVal : 9 1 0 0 0
BinVal : 9 2 0.02632 0.03404 0.03404
BinVal : 9 3 0.1622 0.06068 0.06068
BinVal : 9 4 0.4938 0.05455 0.05455
BinVal : 9 5 0.8265 0.02704 0.02704
BinVal : 9 6 0.9552 0.009279 0.009279
BinVal : 9 7 0.97 0.005876 0.005876
BinVal : 9 8 0.9662 0.004787 0.004787
BinVal : 9 9 0.9871 0.00842 0.00842
BinVal : 9 10 0.9545 0.03602 0.03602
BinVal : 9 11 1 0.07666 0.07666
BinVal : 9 12 1 0.08299 0.08299
BinVal : 10 0 0 0 0
BinVal : 10 1 0 0 0
BinVal : 10 2 0.01818 0.02416 0.02416
BinVal : 10 3 0.2683 0.06762 0.06762
BinVal : 10 4 0.5368 0.05038 0.05038
BinVal : 10 5 0.7642 0.02906 0.02906
BinVal : 10 6 0.9627 0.008342 0.008342
BinVal : 10 7 0.9719 0.005412 0.005412
BinVal : 10 8 0.983 0.003022 0.003022
BinVal : 10 9 0.9897 0.006745 0.006745
BinVal : 10 10 0.96 0.03203 0.03203
BinVal : 10 11 1 0.05255 0.05255
BinVal : 10 12 1 0.06236 0.06236
BinVal : 11 0 0 0 0
BinVal : 11 1 0 0 0
BinVal : 11 2 0.1087 0.04725 0.04725
BinVal : 11 3 0.4 0.07965 0.07965
BinVal : 11 4 0.642 0.05242 0.05242
BinVal : 11 5 0.6679 0.0288 0.0288
BinVal : 11 6 0.9502 0.01005 0.01005
BinVal : 11 7 0.9816 0.004534 0.004534
BinVal : 11 8 0.987 0.002581 0.002581
BinVal : 11 9 0.9833 0.008043 0.008043
BinVal : 11 10 0.9792 0.02744 0.02744
BinVal : 11 11 1 0.03701 0.03701
BinVal : 11 12 1 0.04756 0.04756
BinVal : 12 0 0 0 0
BinVal : 12 1 0 0 0
BinVal : 12 2 0.35 0.07307 0.07307
BinVal : 12 3 0.5122 0.07536 0.07536
BinVal : 12 4 0.5955 0.05121 0.05121
BinVal : 12 5 0.6538 0.02682 0.02682
BinVal : 12 6 0.9531 0.009702 0.009702
BinVal : 12 7 0.9793 0.004947 0.004947
BinVal : 12 8 0.9872 0.002594 0.002594
BinVal : 12 9 0.9841 0.008733 0.008733
BinVal : 12 10 0.9821 0.02375 0.02375
BinVal : 12 11 1 0.03569 0.03569
BinVal : 12 12 1 0.0454 0.0454
BinVal : 13 0 0 0 0
BinVal : 13 1 0 0 0
BinVal : 13 2 0.3947 0.07651 0.07651
BinVal : 13 3 0.6087 0.06986 0.06986
BinVal : 13 4 0.6386 0.05191 0.05191
BinVal : 13 5 0.6793 0.02511 0.02511
BinVal : 13 6 0.9596 0.009015 0.009015
BinVal : 13 7 0.9821 0.004896 0.004896
BinVal : 13 8 0.9854 0.002731 0.002731
BinVal : 13 9 0.9926 0.006344 0.006344
BinVal : 13 10 1 0.01562 0.01562
BinVal : 13 11 1 0.0454 0.0454
BinVal : 13 12 1 0.04993 0.04993
BinVal : 14 0 0 0 0
BinVal : 14 1 0 0 0
BinVal : 14 2 0.2857 0.06801 0.06801
BinVal : 14 3 0.5714 0.07384 0.07384
BinVal : 14 4 0.5258 0.04994 0.04994
BinVal : 14 5 0.6592 0.02507 0.02507
BinVal : 14 6 0.9554 0.009451 0.009451
BinVal : 14 7 0.9767 0.005713 0.005713
BinVal : 14 8 0.9784 0.003257 0.003257
BinVal : 14 9 0.9901 0.006483 0.006483
BinVal : 14 10 1 0.01538 0.01538
BinVal : 14 11 1 0.04993 0.04993
BinVal : 14 12 1 0.04343 0.04343
BinVal : 15 0 0 0 0
BinVal : 15 1 0 0 0
BinVal : 15 2 0.2632 0.06973 0.06973
BinVal : 15 3 0.4375 0.08393 0.08393
BinVal : 15 4 0.4454 0.04501 0.04501
BinVal : 15 5 0.6448 0.02605 0.02605
BinVal : 15 6 0.9503 0.009824 0.009824
BinVal : 15 7 0.9663 0.006462 0.006462
BinVal : 15 8 0.9759 0.003438 0.003438
BinVal : 15 9 0.9902 0.006441 0.006441
BinVal : 15 10 0.9848 0.02034 0.02034
BinVal : 15 11 1 0.04993 0.04993
BinVal : 15 12 1 0.03997 0.03997
BinVal : 16 0 0 0 0
BinVal : 16 1 0 0 0
BinVal : 16 2 0.1538 0.05806 0.05806
BinVal : 16 3 0.25 0.07457 0.07457
BinVal : 16 4 0.4914 0.04583 0.04583
BinVal : 16 5 0.6656 0.02627 0.02627
BinVal : 16 6 0.9549 0.009133 0.009133
BinVal : 16 7 0.972 0.005491 0.005491
BinVal : 16 8 0.9744 0.003606 0.003606
BinVal : 16 9 0.986 0.00771 0.00771
BinVal : 16 10 0.9846 0.02064 0.02064
BinVal : 16 11 0.9474 0.06258 0.06258
BinVal : 16 12 1 0.04756 0.04756
BinVal : 17 0 0 0 0
BinVal : 17 1 0 0 0
BinVal : 17 2 0.1304 0.05042 0.05042
BinVal : 17 3 0.3333 0.07597 0.07597
BinVal : 17 4 0.5047 0.04767 0.04767
BinVal : 17 5 0.6747 0.02744 0.02744
BinVal : 17 6 0.9554 0.008853 0.008853
BinVal : 17 7 0.9778 0.00478 0.00478
BinVal : 17 8 0.974 0.003734 0.003734
BinVal : 17 9 0.9817 0.008794 0.008794
BinVal : 17 10 0.9833 0.02226 0.02226
BinVal : 17 11 0.9444 0.06547 0.06547
BinVal : 17 12 1 0.0665 0.0665
BinVal : 18 0 0 0 0
BinVal : 18 1 0 0 0
BinVal : 18 2 0.2308 0.06626 0.06626
BinVal : 18 3 0.4412 0.08169 0.08169
BinVal : 18 4 0.5263 0.05618 0.05618
BinVal : 18 5 0.7375 0.02829 0.02829
BinVal : 18 6 0.9456 0.01011 0.01011
BinVal : 18 7 0.9653 0.006302 0.006302
BinVal : 18 8 0.9724 0.00424 0.00424
BinVal : 18 9 0.9779 0.01058 0.01058
BinVal : 18 10 0.9787 0.02798 0.02798
BinVal : 18 11 1 0.05871 0.05871
BinVal : 18 12 0.8889 0.1113 0.1113
BinVal : 19 0 0 0 0
BinVal : 19 1 0 0 0
BinVal : 19 2 0.3158 0.1005 0.1005
BinVal : 19 3 0.3889 0.1069 0.1069
BinVal : 19 4 0.5556 0.0908 0.0908
BinVal : 19 5 0.7963 0.0386 0.0386
BinVal : 19 6 0.9442 0.01541 0.01541
BinVal : 19 7 0.9486 0.01168 0.01168
BinVal : 19 8 0.9704 0.007017 0.007017
BinVal : 19 9 0.975 0.02061 0.02061
BinVal : 19 10 1 0.04993 0.04993
BinVal : 19 11 1 0.1102 0.1102
BinVal : 19 12 0.75 0.1782 0.1782
BinVal : 20 0 0 0 0
BinVal : 20 1 0 0 0
BinVal : 20 2 0 0 0
BinVal : 20 3 0 0 0
BinVal : 20 4 0 0 0
BinVal : 20 5 0 0 0
BinVal : 20 6 0 0 0
BinVal : 20 7 0 0 0
BinVal : 20 8 0 0 0
BinVal : 20 9 0 0 0
BinVal : 20 10 0 0 0
BinVal : 20 11 0 0 0
BinVal : 20 12 0 0 0
BinVal : 21 0 0 0 0
BinVal : 21 1 0 0 0
BinVal : 21 2 0 0 0
BinVal : 21 3 0 0 0
BinVal : 21 4 0 0 0
BinVal : 21 5 0 0 0
BinVal : 21 6 0 0 0
BinVal : 21 7 0 0 0
BinVal : 21 8 0 0 0
BinVal : 21 9 0 0 0
BinVal : 21 10 0 0 0
BinVal : 21 11 0 0 0
BinVal : 21 12 0 0 0
BinVal : 22 0 0 0 0
BinVal : 22 1 0 0 0
BinVal : 22 2 0.1111 0.03552 0.03552
BinVal : 22 3 0.2877 0.05223 0.05223
BinVal : 22 4 0.2792 0.03591 0.03591
BinVal : 22 5 0.4877 0.02472 0.02472
BinVal : 22 6 0.8555 0.01535 0.01535
BinVal : 22 7 0.8773 0.01227 0.01227
BinVal : 22 8 0.8842 0.009351 0.009351
BinVal : 22 9 0.8581 0.02879 0.02879
BinVal : 22 10 1 0.02856 0.02856
BinVal : 22 11 1 0.1409 0.1409
BinVal : 22 12 0.6667 0.1614 0.1614
BinVal : 23 0 0 0 0
BinVal : 23 1 0 0 0
BinVal : 23 2 0.04651 0.01957 0.01957
BinVal : 23 3 0.1489 0.03687 0.03687
BinVal : 23 4 0.2751 0.03231 0.03231
BinVal : 23 5 0.449 0.02503 0.02503
BinVal : 23 6 0.8027 0.01741 0.01741
BinVal : 23 7 0.8387 0.01478 0.01478
BinVal : 23 8 0.8601 0.01152 0.01152
BinVal : 23 9 0.8 0.04087 0.04087
BinVal : 23 10 0.9524 0.05752 0.05752
BinVal : 23 11 1 0.1409 0.1409
BinVal : 23 12 0.6 0.175 0.175
BinVal : 24 0 0 0 0
BinVal : 24 1 0 0 0
BinVal : 24 2 0.06579 0.02069 0.02069
BinVal : 24 3 0.13 0.03391 0.03391
BinVal : 24 4 0.2513 0.03062 0.03062
BinVal : 24 5 0.4598 0.02612 0.02612
BinVal : 24 6 0.7771 0.01897 0.01897
BinVal : 24 7 0.8371 0.01667 0.01667
BinVal : 24 8 0.8868 0.01194 0.01194
BinVal : 24 9 0.8312 0.04269 0.04269
BinVal : 24 10 0.8889 0.1113 0.1113
BinVal : 24 11 1 0.1633 0.1633
BinVal : 24 12 1 0.1936 0.1936
BinVal : 25 0 0 0 0
BinVal : 25 1 0 0 0
BinVal : 25 2 0.05714 0.02037 0.02037
BinVal : 25 3 0.09783 0.03163 0.03163
BinVal : 25 4 0.2486 0.03233 0.03233
BinVal : 25 5 0.4408 0.02689 0.02689
BinVal : 25 6 0.784 0.02025 0.02025
BinVal : 25 7 0.866 0.01952 0.01952
BinVal : 25 8 0.9087 0.01319 0.01319
BinVal : 25 9 0.9184 0.04124 0.04124
BinVal : 25 10 1 0.1409 0.1409
BinVal : 25 11 1 0.1409 0.1409
BinVal : 25 12 1 0.1936 0.1936
BinVal : 26 0 0 0 0
BinVal : 26 1 0 0 0
BinVal : 26 2 0.02454 0.0133 0.0133
BinVal : 26 3 0.1019 0.02959 0.02959
BinVal : 26 4 0.2132 0.0291 0.0291
BinVal : 26 5 0.358 0.02546 0.02546
BinVal : 26 6 0.7704 0.02307 0.02307
BinVal : 26 7 0.8419 0.02491 0.02491
BinVal : 26 8 0.9066 0.01608 0.01608
BinVal : 26 9 0.9259 0.0556 0.0556
BinVal : 26 10 1 0.2357 0.2357
BinVal : 26 11 1 0.2357 0.2357
BinVal : 26 12 1 0.2357 0.2357
BinVal : 27 0 0 0 0
BinVal : 27 1 0 0 0
BinVal : 27 2 0.03205 0.01516 0.01516
BinVal : 27 3 0.09709 0.02975 0.02975
BinVal : 27 4 0.1523 0.02564 0.02564
BinVal : 27 5 0.2902 0.02541 0.02541
BinVal : 27 6 0.6 0.03319 0.03319
BinVal : 27 7 0.6532 0.03592 0.03592
BinVal : 27 8 0.7663 0.03108 0.03108
BinVal : 27 9 0.8333 0.08729 0.08729
BinVal : 27 10 1 0.2357 0.2357
BinVal : 27 11 1 0.2357 0.2357
BinVal : 27 12 1 0.2357 0.2357
BinVal : 28 0 0 0 0
BinVal : 28 1 0 0 0
BinVal : 28 2 0.04839 0.03002 0.03002
BinVal : 28 3 0.02564 0.03324 0.03324
BinVal : 28 4 0.1081 0.03682 0.03682
BinVal : 28 5 0.2018 0.03745 0.03745
BinVal : 28 6 0.3521 0.05567 0.05567
BinVal : 28 7 0.4426 0.06211 0.06211
BinVal : 28 8 0.439 0.07487 0.07487
BinVal : 28 9 0.6667 0.2 0.2
BinVal : 28 10 0.6667 0.2 0.2
BinVal : 28 11 0.6667 0.2 0.2
BinVal : 28 12 0.6667 0.2 0.2
