D0NoteID : 0
EffName : EM_OF_EJETS_v12
EffType : Binned
EffVarNames : DetEta pT
EffVersion : 6
ObjQuality : MLoose1
ObjType : Electron
ObjVersion : 12
BinEdgesX : -3.2 -2.8 -2.5 -2.3 -2.1 -1.9 -1.7 -1.5 -1.3 -1.1 -0.9 -0.7 -0.5 -0.3 -0.1 0.1 0.3 0.5 0.7 0.9 1.1 1.3 1.5 1.7 1.9 2.1 2.3 2.5 2.8 3.2
BinEdgesY : 0 10 15 20 22 25 30 35 40 50 60 70 80 1000
BinVal : 0 0 0 0 0
BinVal : 0 1 0 0 0
BinVal : 0 2 0.08247 0.02875 0.02875
BinVal : 0 3 0.2424 0.05213 0.05213
BinVal : 0 4 0.5426 0.04337 0.04337
BinVal : 0 5 0.5907 0.03331 0.03331
BinVal : 0 6 0.6957 0.03601 0.03601
BinVal : 0 7 0.7174 0.04642 0.04642
BinVal : 0 8 0.7075 0.04374 0.04374
BinVal : 0 9 1 0.1237 0.1237
BinVal : 0 10 1 0.1237 0.1237
BinVal : 0 11 1 0.1237 0.1237
BinVal : 0 12 1 0.1237 0.1237
BinVal : 1 0 0 0 0
BinVal : 1 1 0 0 0
BinVal : 1 2 0.1158 0.03326 0.03326
BinVal : 1 3 0.375 0.056 0.056
BinVal : 1 4 0.6308 0.04189 0.04189
BinVal : 1 5 0.7088 0.02801 0.02801
BinVal : 1 6 0.7378 0.0292 0.0292
BinVal : 1 7 0.8248 0.03246 0.03246
BinVal : 1 8 0.7944 0.03005 0.03005
BinVal : 1 9 0.8095 0.0842 0.0842
BinVal : 1 10 1 0.2357 0.2357
BinVal : 1 11 1 0.2357 0.2357
BinVal : 1 12 1 0.2357 0.2357
BinVal : 2 0 0 0 0
BinVal : 2 1 0 0 0
BinVal : 2 2 0.09412 0.03246 0.03246
BinVal : 2 3 0.5309 0.05446 0.05446
BinVal : 2 4 0.6415 0.04601 0.04601
BinVal : 2 5 0.7708 0.02636 0.02636
BinVal : 2 6 0.7422 0.02724 0.02724
BinVal : 2 7 0.7857 0.02824 0.02824
BinVal : 2 8 0.7992 0.02561 0.02561
BinVal : 2 9 0.7778 0.06808 0.06808
BinVal : 2 10 1 0.1237 0.1237
BinVal : 2 11 1 0.1237 0.1237
BinVal : 2 12 1 0.2357 0.2357
BinVal : 3 0 0 0 0
BinVal : 3 1 0 0 0
BinVal : 3 2 0.2093 0.04361 0.04361
BinVal : 3 3 0.561 0.05385 0.05385
BinVal : 3 4 0.7059 0.04139 0.04139
BinVal : 3 5 0.7471 0.02682 0.02682
BinVal : 3 6 0.7477 0.02418 0.02418
BinVal : 3 7 0.7877 0.02389 0.02389
BinVal : 3 8 0.8017 0.0215 0.0215
BinVal : 3 9 0.8261 0.05576 0.05576
BinVal : 3 10 0.8333 0.1443 0.1443
BinVal : 3 11 0.8333 0.1443 0.1443
BinVal : 3 12 0.5 0.2236 0.2236
BinVal : 4 0 0 0 0
BinVal : 4 1 0 0 0
BinVal : 4 2 0.2676 0.05185 0.05185
BinVal : 4 3 0.5536 0.06475 0.06475
BinVal : 4 4 0.7143 0.03991 0.03991
BinVal : 4 5 0.7048 0.0276 0.0276
BinVal : 4 6 0.7535 0.02263 0.02263
BinVal : 4 7 0.7688 0.02182 0.02182
BinVal : 4 8 0.7832 0.01861 0.01861
BinVal : 4 9 0.8525 0.04568 0.04568
BinVal : 4 10 0.7273 0.1234 0.1234
BinVal : 4 11 0.7273 0.1234 0.1234
BinVal : 4 12 0.7273 0.1234 0.1234
BinVal : 5 0 0 0 0
BinVal : 5 1 0 0 0
BinVal : 5 2 0.3226 0.05824 0.05824
BinVal : 5 3 0.6552 0.08458 0.08458
BinVal : 5 4 0.7524 0.0418 0.0418
BinVal : 5 5 0.7762 0.02459 0.02459
BinVal : 5 6 0.8132 0.01998 0.01998
BinVal : 5 7 0.8069 0.01891 0.01891
BinVal : 5 8 0.8471 0.01394 0.01394
BinVal : 5 9 0.875 0.03741 0.03741
BinVal : 5 10 0.8333 0.07585 0.07585
BinVal : 5 11 1 0.1936 0.1936
BinVal : 5 12 0.3333 0.2 0.2
BinVal : 6 0 0 0 0
BinVal : 6 1 0 0 0
BinVal : 6 2 0.4667 0.08687 0.08687
BinVal : 6 3 0.7 0.1307 0.1307
BinVal : 6 4 0.8571 0.05452 0.05452
BinVal : 6 5 0.8389 0.03015 0.03015
BinVal : 6 6 0.852 0.02542 0.02542
BinVal : 6 7 0.854 0.02354 0.02354
BinVal : 6 8 0.9077 0.01497 0.01497
BinVal : 6 9 0.8889 0.04817 0.04817
BinVal : 6 10 0.8667 0.08985 0.08985
BinVal : 6 11 1 0.1936 0.1936
BinVal : 6 12 0.3333 0.2 0.2
BinVal : 7 0 0 0 0
BinVal : 7 1 0 0 0
BinVal : 7 2 0 0 0
BinVal : 7 3 0 0 0
BinVal : 7 4 0 0 0
BinVal : 7 5 0 0 0
BinVal : 7 6 0 0 0
BinVal : 7 7 0 0 0
BinVal : 7 8 0 0 0
BinVal : 7 9 0 0 0
BinVal : 7 10 0 0 0
BinVal : 7 11 0 0 0
BinVal : 7 12 0 0 0
BinVal : 8 0 0 0 0
BinVal : 8 1 0 0 0
BinVal : 8 2 0 0 0
BinVal : 8 3 0 0 0
BinVal : 8 4 0 0 0
BinVal : 8 5 0 0 0
BinVal : 8 6 0 0 0
BinVal : 8 7 0 0 0
BinVal : 8 8 0 0 0
BinVal : 8 9 0 0 0
BinVal : 8 10 0 0 0
BinVal : 8 11 0 0 0
BinVal : 8 12 0 0 0
BinVal : 9 0 0 0 0
BinVal : 9 1 0 0 0
BinVal : 9 2 0.2564 0.06837 0.06837
BinVal : 9 3 0.8214 0.07184 0.07184
BinVal : 9 4 0.8511 0.05227 0.05227
BinVal : 9 5 0.9507 0.01902 0.01902
BinVal : 9 6 0.9574 0.01189 0.01189
BinVal : 9 7 0.9783 0.006731 0.006731
BinVal : 9 8 0.9669 0.005924 0.005924
BinVal : 9 9 0.979 0.01355 0.01355
BinVal : 9 10 1 0.03331 0.03331
BinVal : 9 11 1 0.09938 0.09938
BinVal : 9 12 1 0.08299 0.08299
BinVal : 10 0 0 0 0
BinVal : 10 1 0 0 0
BinVal : 10 2 0.2093 0.0613 0.0613
BinVal : 10 3 0.6923 0.08672 0.08672
BinVal : 10 4 0.9032 0.03871 0.03871
BinVal : 10 5 0.9467 0.01908 0.01908
BinVal : 10 6 0.9636 0.01063 0.01063
BinVal : 10 7 0.9739 0.00683 0.00683
BinVal : 10 8 0.9715 0.004872 0.004872
BinVal : 10 9 0.9894 0.00902 0.00902
BinVal : 10 10 1 0.0238 0.0238
BinVal : 10 11 1 0.08299 0.08299
BinVal : 10 12 1 0.06236 0.06236
BinVal : 11 0 0 0 0
BinVal : 11 1 0 0 0
BinVal : 11 2 0.1923 0.0762 0.0762
BinVal : 11 3 0.7037 0.08447 0.08447
BinVal : 11 4 0.8833 0.04224 0.04224
BinVal : 11 5 0.9494 0.01816 0.01816
BinVal : 11 6 0.9652 0.01067 0.01067
BinVal : 11 7 0.9722 0.007034 0.007034
BinVal : 11 8 0.9801 0.004 0.004
BinVal : 11 9 0.9948 0.007271 0.007271
BinVal : 11 10 1 0.02438 0.02438
BinVal : 11 11 1 0.06236 0.06236
BinVal : 11 12 1 0.05546 0.05546
BinVal : 12 0 0 0 0
BinVal : 12 1 0 0 0
BinVal : 12 2 0.2963 0.08447 0.08447
BinVal : 12 3 0.7917 0.08108 0.08108
BinVal : 12 4 0.8667 0.04438 0.04438
BinVal : 12 5 0.9461 0.0181 0.0181
BinVal : 12 6 0.9662 0.01038 0.01038
BinVal : 12 7 0.9734 0.00696 0.00696
BinVal : 12 8 0.9774 0.004204 0.004204
BinVal : 12 9 1 0.005714 0.005714
BinVal : 12 10 1 0.03029 0.03029
BinVal : 12 11 1 0.05546 0.05546
BinVal : 12 12 1 0.04993 0.04993
BinVal : 13 0 0 0 0
BinVal : 13 1 0 0 0
BinVal : 13 2 0.2308 0.08041 0.08041
BinVal : 13 3 0.8077 0.0762 0.0762
BinVal : 13 4 0.8889 0.04044 0.04044
BinVal : 13 5 0.9517 0.01541 0.01541
BinVal : 13 6 0.9565 0.01124 0.01124
BinVal : 13 7 0.9486 0.009761 0.009761
BinVal : 13 8 0.9661 0.005012 0.005012
BinVal : 13 9 0.9883 0.009896 0.009896
BinVal : 13 10 0.973 0.03488 0.03488
BinVal : 13 11 1 0.05255 0.05255
BinVal : 13 12 1 0.05871 0.05871
BinVal : 14 0 0 0 0
BinVal : 14 1 0 0 0
BinVal : 14 2 0.28 0.08629 0.08629
BinVal : 14 3 0.8333 0.07585 0.07585
BinVal : 14 4 0.9524 0.02958 0.02958
BinVal : 14 5 0.9209 0.01868 0.01868
BinVal : 14 6 0.9139 0.0154 0.0154
BinVal : 14 7 0.936 0.01124 0.01124
BinVal : 14 8 0.9511 0.005857 0.005857
BinVal : 14 9 0.957 0.01553 0.01553
BinVal : 14 10 0.9512 0.03841 0.03841
BinVal : 14 11 0.8889 0.07792 0.07792
BinVal : 14 12 1 0.08299 0.08299
BinVal : 15 0 0 0 0
BinVal : 15 1 0 0 0
BinVal : 15 2 0.3793 0.08611 0.08611
BinVal : 15 3 0.8571 0.06693 0.06693
BinVal : 15 4 0.9273 0.03714 0.03714
BinVal : 15 5 0.8861 0.0225 0.0225
BinVal : 15 6 0.8805 0.01758 0.01758
BinVal : 15 7 0.9132 0.01257 0.01257
BinVal : 15 8 0.9367 0.006668 0.006668
BinVal : 15 9 0.9274 0.0198 0.0198
BinVal : 15 10 0.9 0.05757 0.05757
BinVal : 15 11 0.8421 0.08372 0.08372
BinVal : 15 12 0.9091 0.09643 0.09643
BinVal : 16 0 0 0 0
BinVal : 16 1 0 0 0
BinVal : 16 2 0.4118 0.08105 0.08105
BinVal : 16 3 0.7632 0.06763 0.06763
BinVal : 16 4 0.7544 0.05621 0.05621
BinVal : 16 5 0.8789 0.02381 0.02381
BinVal : 16 6 0.8939 0.01636 0.01636
BinVal : 16 7 0.9059 0.0119 0.0119
BinVal : 16 8 0.9355 0.006917 0.006917
BinVal : 16 9 0.9191 0.0211 0.0211
BinVal : 16 10 0.8929 0.06105 0.06105
BinVal : 16 11 0.9444 0.06547 0.06547
BinVal : 16 12 0.9091 0.09643 0.09643
BinVal : 17 0 0 0 0
BinVal : 17 1 0 0 0
BinVal : 17 2 0.3333 0.07317 0.07317
BinVal : 17 3 0.6333 0.08427 0.08427
BinVal : 17 4 0.8 0.05129 0.05129
BinVal : 17 5 0.8875 0.0252 0.0252
BinVal : 17 6 0.9257 0.01364 0.01364
BinVal : 17 7 0.9104 0.01137 0.01137
BinVal : 17 8 0.9259 0.007628 0.007628
BinVal : 17 9 0.9192 0.01967 0.01967
BinVal : 17 10 0.9412 0.04544 0.04544
BinVal : 17 11 1 0.06236 0.06236
BinVal : 17 12 1 0.08299 0.08299
BinVal : 18 0 0 0 0
BinVal : 18 1 0 0 0
BinVal : 18 2 0.1429 0.06693 0.06693
BinVal : 18 3 0.6364 0.09682 0.09682
BinVal : 18 4 0.94 0.0366 0.0366
BinVal : 18 5 0.8836 0.02678 0.02678
BinVal : 18 6 0.9309 0.01407 0.01407
BinVal : 18 7 0.8799 0.01411 0.01411
BinVal : 18 8 0.9065 0.009303 0.009303
BinVal : 18 9 0.9096 0.02185 0.02185
BinVal : 18 10 0.8966 0.05926 0.05926
BinVal : 18 11 1 0.1102 0.1102
BinVal : 18 12 1 0.09938 0.09938
BinVal : 19 0 0 0 0
BinVal : 19 1 0 0 0
BinVal : 19 2 0.09091 0.09643 0.09643
BinVal : 19 3 0.6667 0.1389 0.1389
BinVal : 19 4 0.9545 0.05528 0.05528
BinVal : 19 5 0.8649 0.0401 0.0401
BinVal : 19 6 0.9111 0.02495 0.02495
BinVal : 19 7 0.8609 0.02288 0.02288
BinVal : 19 8 0.9024 0.01473 0.01473
BinVal : 19 9 0.8986 0.03726 0.03726
BinVal : 19 10 0.7778 0.1286 0.1286
BinVal : 19 11 1 0.2357 0.2357
BinVal : 19 12 1 0.2357 0.2357
BinVal : 20 0 0 0 0
BinVal : 20 1 0 0 0
BinVal : 20 2 0 0 0
BinVal : 20 3 0 0 0
BinVal : 20 4 0 0 0
BinVal : 20 5 0 0 0
BinVal : 20 6 0 0 0
BinVal : 20 7 0 0 0
BinVal : 20 8 0 0 0
BinVal : 20 9 0 0 0
BinVal : 20 10 0 0 0
BinVal : 20 11 0 0 0
BinVal : 20 12 0 0 0
BinVal : 21 0 0 0 0
BinVal : 21 1 0 0 0
BinVal : 21 2 0 0 0
BinVal : 21 3 0 0 0
BinVal : 21 4 0 0 0
BinVal : 21 5 0 0 0
BinVal : 21 6 0 0 0
BinVal : 21 7 0 0 0
BinVal : 21 8 0 0 0
BinVal : 21 9 0 0 0
BinVal : 21 10 0 0 0
BinVal : 21 11 0 0 0
BinVal : 21 12 0 0 0
BinVal : 22 0 0 0 0
BinVal : 22 1 0 0 0
BinVal : 22 2 0.1282 0.05454 0.05454
BinVal : 22 3 0.5676 0.0784 0.0784
BinVal : 22 4 0.7917 0.03692 0.03692
BinVal : 22 5 0.8382 0.02234 0.02234
BinVal : 22 6 0.8453 0.01902 0.01902
BinVal : 22 7 0.8622 0.01531 0.01531
BinVal : 22 8 0.896 0.01104 0.01104
BinVal : 22 9 0.8598 0.03374 0.03374
BinVal : 22 10 0.8125 0.09538 0.09538
BinVal : 22 11 1 0.1102 0.1102
BinVal : 22 12 1 0.1936 0.1936
BinVal : 23 0 0 0 0
BinVal : 23 1 0 0 0
BinVal : 23 2 0.1194 0.04025 0.04025
BinVal : 23 3 0.5333 0.06286 0.06286
BinVal : 23 4 0.7031 0.04004 0.04004
BinVal : 23 5 0.8231 0.02366 0.02366
BinVal : 23 6 0.7895 0.02265 0.02265
BinVal : 23 7 0.8482 0.01763 0.01763
BinVal : 23 8 0.8436 0.01568 0.01568
BinVal : 23 9 0.7805 0.04538 0.04538
BinVal : 23 10 0.7778 0.09449 0.09449
BinVal : 23 11 1 0.1633 0.1633
BinVal : 23 12 1 0.1633 0.1633
BinVal : 24 0 0 0 0
BinVal : 24 1 0 0 0
BinVal : 24 2 0.1209 0.03458 0.03458
BinVal : 24 3 0.4576 0.06329 0.06329
BinVal : 24 4 0.6721 0.04208 0.04208
BinVal : 24 5 0.8225 0.02299 0.02299
BinVal : 24 6 0.7891 0.02302 0.02302
BinVal : 24 7 0.8706 0.01915 0.01915
BinVal : 24 8 0.851 0.01748 0.01748
BinVal : 24 9 0.8409 0.05529 0.05529
BinVal : 24 10 0.9 0.1034 0.1034
BinVal : 24 11 0.9 0.1034 0.1034
BinVal : 24 12 0.9 0.1034 0.1034
BinVal : 25 0 0 0 0
BinVal : 25 1 0 0 0
BinVal : 25 2 0.09259 0.02847 0.02847
BinVal : 25 3 0.3768 0.05721 0.05721
BinVal : 25 4 0.7008 0.04028 0.04028
BinVal : 25 5 0.8129 0.02337 0.02337
BinVal : 25 6 0.8339 0.02168 0.02168
BinVal : 25 7 0.8737 0.02422 0.02422
BinVal : 25 8 0.8799 0.01941 0.01941
BinVal : 25 9 0.92 0.05939 0.05939
BinVal : 25 10 0.6667 0.2 0.2
BinVal : 25 11 0.6667 0.2 0.2
BinVal : 25 12 1 0.2357 0.2357
BinVal : 26 0 0 0 0
BinVal : 26 1 0 0 0
BinVal : 26 2 0.03252 0.01746 0.01746
BinVal : 26 3 0.4022 0.05035 0.05035
BinVal : 26 4 0.7231 0.03895 0.03895
BinVal : 26 5 0.75 0.0258 0.0258
BinVal : 26 6 0.8309 0.02606 0.02606
BinVal : 26 7 0.8017 0.03614 0.03614
BinVal : 26 8 0.8447 0.02527 0.02527
BinVal : 26 9 1 0.05871 0.05871
BinVal : 26 10 1 0.05871 0.05871
BinVal : 26 11 1 0.2357 0.2357
BinVal : 26 12 1 0.2357 0.2357
BinVal : 27 0 0 0 0
BinVal : 27 1 0 0 0
BinVal : 27 2 0.03509 0.01878 0.01878
BinVal : 27 3 0.3165 0.05156 0.05156
BinVal : 27 4 0.5966 0.04444 0.04444
BinVal : 27 5 0.6522 0.03123 0.03123
BinVal : 27 6 0.7167 0.04078 0.04078
BinVal : 27 7 0.6465 0.04742 0.04742
BinVal : 27 8 0.7411 0.04106 0.04106
BinVal : 27 9 1 0.1936 0.1936
BinVal : 27 10 1 0.1936 0.1936
BinVal : 27 11 1 0.2357 0.2357
BinVal : 27 12 1 0.2357 0.2357
BinVal : 28 0 0 0 0
BinVal : 28 1 0 0 0
BinVal : 28 2 0.07843 0.03978 0.03978
BinVal : 28 3 0.1515 0.06281 0.06281
BinVal : 28 4 0.4423 0.067 0.067
BinVal : 28 5 0.5465 0.05278 0.05278
BinVal : 28 6 0.5789 0.0772 0.0772
BinVal : 28 7 0.5 0.07625 0.07625
BinVal : 28 8 0.5 0.1043 0.1043
BinVal : 28 9 0.5 0.1043 0.1043
BinVal : 28 10 0.5 0.1043 0.1043
BinVal : 28 11 0.5 0.1043 0.1043
BinVal : 28 12 0.5 0.1043 0.1043
