D0NoteID : 0
EffName : EM_OF_EJETS_v132
EffType : Binned
EffVarNames : DetEta pT
EffVersion : 6
ObjQuality : Point1
ObjType : Electron
ObjVersion : 1
TriggerVersion : v132
BinEdgesX : -3.2 -2.8 -2.5 -2.3 -2.1 -1.9 -1.7 -1.5 -1.3 -1.1 -0.9 -0.7 -0.5 -0.3 -0.1 0.1 0.3 0.5 0.7 0.9 1.1 1.3 1.5 1.7 1.9 2.1 2.3 2.5 2.8 3.2
BinEdgesY : 0 10 15 20 22 25 30 35 40 50 60 70 80 1000
BinVal : 0 0 0 0 0
BinVal : 0 1 0 0 0
BinVal : 0 2 0.1509 0.04944 0.04944
BinVal : 0 3 0.25 0.07942 0.07942
BinVal : 0 4 0.4 0.05948 0.05948
BinVal : 0 5 0.6667 0.03977 0.03977
BinVal : 0 6 0.781 0.04014 0.04014
BinVal : 0 7 0.746 0.0541 0.0541
BinVal : 0 8 0.7143 0.04868 0.04868
BinVal : 0 9 1 0.1237 0.1237
BinVal : 0 10 1 0.1936 0.1936
BinVal : 0 11 1 0.1936 0.1936
BinVal : 0 12 1 0.1936 0.1936
BinVal : 1 0 0 0 0
BinVal : 1 1 0 0 0
BinVal : 1 2 0.1143 0.03871 0.03871
BinVal : 1 3 0.3103 0.05956 0.05956
BinVal : 1 4 0.5568 0.05209 0.05209
BinVal : 1 5 0.7845 0.02693 0.02693
BinVal : 1 6 0.886 0.02304 0.02304
BinVal : 1 7 0.9 0.0257 0.0257
BinVal : 1 8 0.8969 0.02204 0.02204
BinVal : 1 9 1 0.04343 0.04343
BinVal : 1 10 1 0.1936 0.1936
BinVal : 1 11 1 0.1936 0.1936
BinVal : 1 12 1 0.1936 0.1936
BinVal : 2 0 0 0 0
BinVal : 2 1 0 0 0
BinVal : 2 2 0.08889 0.03081 0.03081
BinVal : 2 3 0.381 0.05988 0.05988
BinVal : 2 4 0.55 0.04903 0.04903
BinVal : 2 5 0.8298 0.02452 0.02452
BinVal : 2 6 0.9115 0.01779 0.01779
BinVal : 2 7 0.9087 0.01968 0.01968
BinVal : 2 8 0.9451 0.0128 0.0128
BinVal : 2 9 0.9474 0.04113 0.04113
BinVal : 2 10 1 0.2357 0.2357
BinVal : 2 11 1 0.2357 0.2357
BinVal : 2 12 1 0.2357 0.2357
BinVal : 3 0 0 0 0
BinVal : 3 1 0 0 0
BinVal : 3 2 0.1333 0.03612 0.03612
BinVal : 3 3 0.4314 0.06745 0.06745
BinVal : 3 4 0.4954 0.04724 0.04724
BinVal : 3 5 0.8008 0.02569 0.02569
BinVal : 3 6 0.8738 0.01895 0.01895
BinVal : 3 7 0.8826 0.01873 0.01873
BinVal : 3 8 0.9099 0.01318 0.01318
BinVal : 3 9 0.8667 0.05139 0.05139
BinVal : 3 10 1 0.1237 0.1237
BinVal : 3 11 1 0.1936 0.1936
BinVal : 3 12 1 0.1936 0.1936
BinVal : 4 0 0 0 0
BinVal : 4 1 0.05556 0.06547 0.06547
BinVal : 4 2 0.2264 0.05677 0.05677
BinVal : 4 3 0.4211 0.06379 0.06379
BinVal : 4 4 0.5238 0.04806 0.04806
BinVal : 4 5 0.7808 0.02416 0.02416
BinVal : 4 6 0.8217 0.02019 0.02019
BinVal : 4 7 0.8509 0.01763 0.01763
BinVal : 4 8 0.8661 0.01301 0.01301
BinVal : 4 9 0.8904 0.03728 0.03728
BinVal : 4 10 0.8 0.09998 0.09998
BinVal : 4 11 1 0.1633 0.1633
BinVal : 4 12 1 0.1936 0.1936
BinVal : 5 0 0 0 0
BinVal : 5 1 0.05263 0.06258 0.06258
BinVal : 5 2 0.3077 0.06263 0.06263
BinVal : 5 3 0.5179 0.06506 0.06506
BinVal : 5 4 0.6718 0.04065 0.04065
BinVal : 5 5 0.8378 0.02003 0.02003
BinVal : 5 6 0.8732 0.01508 0.01508
BinVal : 5 7 0.8857 0.01318 0.01318
BinVal : 5 8 0.9094 0.009026 0.009026
BinVal : 5 9 0.9469 0.0222 0.0222
BinVal : 5 10 0.7 0.09712 0.09712
BinVal : 5 11 1 0.1102 0.1102
BinVal : 5 12 1 0.1936 0.1936
BinVal : 6 0 0 0 0
BinVal : 6 1 0 0 0
BinVal : 6 2 0.3571 0.08655 0.08655
BinVal : 6 3 0.5556 0.0908 0.0908
BinVal : 6 4 0.75 0.04791 0.04791
BinVal : 6 5 0.9017 0.0229 0.0229
BinVal : 6 6 0.9249 0.01558 0.01558
BinVal : 6 7 0.9249 0.01432 0.01432
BinVal : 6 8 0.9502 0.008957 0.008957
BinVal : 6 9 0.9683 0.02583 0.02583
BinVal : 6 10 0.6667 0.1389 0.1389
BinVal : 6 11 1 0.1237 0.1237
BinVal : 6 12 1 0.2357 0.2357
BinVal : 7 0 0 0 0
BinVal : 7 1 0 0 0
BinVal : 7 2 0 0 0
BinVal : 7 3 0 0 0
BinVal : 7 4 0 0 0
BinVal : 7 5 0 0 0
BinVal : 7 6 0 0 0
BinVal : 7 7 0 0 0
BinVal : 7 8 0 0 0
BinVal : 7 9 0 0 0
BinVal : 7 10 0 0 0
BinVal : 7 11 0 0 0
BinVal : 7 12 0 0 0
BinVal : 8 0 0 0 0
BinVal : 8 1 0 0 0
BinVal : 8 2 0 0 0
BinVal : 8 3 0 0 0
BinVal : 8 4 0 0 0
BinVal : 8 5 0 0 0
BinVal : 8 6 0 0 0
BinVal : 8 7 0 0 0
BinVal : 8 8 0 0 0
BinVal : 8 9 0 0 0
BinVal : 8 10 0 0 0
BinVal : 8 11 0 0 0
BinVal : 8 12 0 0 0
BinVal : 9 0 0 0 0
BinVal : 9 1 0 0 0
BinVal : 9 2 0.08333 0.04914 0.04914
BinVal : 9 3 0.3636 0.08053 0.08053
BinVal : 9 4 0.7286 0.05242 0.05242
BinVal : 9 5 0.9141 0.02019 0.02019
BinVal : 9 6 0.9635 0.008394 0.008394
BinVal : 9 7 0.9807 0.004742 0.004742
BinVal : 9 8 0.9683 0.004278 0.004278
BinVal : 9 9 0.9853 0.008071 0.008071
BinVal : 9 10 0.9643 0.02883 0.02883
BinVal : 9 11 1 0.05871 0.05871
BinVal : 9 12 1 0.07666 0.07666
BinVal : 10 0 0 0 0
BinVal : 10 1 0 0 0
BinVal : 10 2 0.1489 0.05227 0.05227
BinVal : 10 3 0.4 0.07965 0.07965
BinVal : 10 4 0.7812 0.04193 0.04193
BinVal : 10 5 0.9528 0.01433 0.01433
BinVal : 10 6 0.9705 0.007453 0.007453
BinVal : 10 7 0.9841 0.00405 0.00405
BinVal : 10 8 0.9824 0.00287 0.00287
BinVal : 10 9 0.9939 0.005201 0.005201
BinVal : 10 10 0.9538 0.02873 0.02873
BinVal : 10 11 1 0.03997 0.03997
BinVal : 10 12 1 0.06236 0.06236
BinVal : 11 0 0 0 0
BinVal : 11 1 0 0 0
BinVal : 11 2 0.25 0.06705 0.06705
BinVal : 11 3 0.5333 0.08687 0.08687
BinVal : 11 4 0.8488 0.03877 0.03877
BinVal : 11 5 0.9422 0.0143 0.0143
BinVal : 11 6 0.9762 0.007027 0.007027
BinVal : 11 7 0.9867 0.003804 0.003804
BinVal : 11 8 0.9872 0.002394 0.002394
BinVal : 11 9 0.9886 0.006281 0.006281
BinVal : 11 10 0.9853 0.01977 0.01977
BinVal : 11 11 0.9643 0.0448 0.0448
BinVal : 11 12 1 0.04756 0.04756
BinVal : 12 0 0 0 0
BinVal : 12 1 0 0 0
BinVal : 12 2 0.3947 0.07651 0.07651
BinVal : 12 3 0.6389 0.07724 0.07724
BinVal : 12 4 0.8182 0.04103 0.04103
BinVal : 12 5 0.9357 0.01412 0.01412
BinVal : 12 6 0.9862 0.005508 0.005508
BinVal : 12 7 0.9808 0.004737 0.004737
BinVal : 12 8 0.9883 0.002318 0.002318
BinVal : 12 9 0.9853 0.007109 0.007109
BinVal : 12 10 1 0.01163 0.01163
BinVal : 12 11 0.9667 0.04214 0.04214
BinVal : 12 12 1 0.03446 0.03446
BinVal : 13 0 0 0 0
BinVal : 13 1 0 0 0
BinVal : 13 2 0.4865 0.07903 0.07903
BinVal : 13 3 0.7222 0.07262 0.07262
BinVal : 13 4 0.8587 0.03653 0.03653
BinVal : 13 5 0.9544 0.01177 0.01177
BinVal : 13 6 0.9904 0.00467 0.00467
BinVal : 13 7 0.9806 0.005111 0.005111
BinVal : 13 8 0.988 0.00233 0.00233
BinVal : 13 9 0.9892 0.005978 0.005978
BinVal : 13 10 1 0.01163 0.01163
BinVal : 13 11 1 0.03701 0.03701
BinVal : 13 12 1 0.03446 0.03446
BinVal : 14 0 0 0 0
BinVal : 14 1 0 0 0
BinVal : 14 2 0.3902 0.07371 0.07371
BinVal : 14 3 0.8 0.07196 0.07196
BinVal : 14 4 0.8585 0.03403 0.03403
BinVal : 14 5 0.9453 0.01277 0.01277
BinVal : 14 6 0.9851 0.005514 0.005514
BinVal : 14 7 0.9742 0.005965 0.005965
BinVal : 14 8 0.9816 0.002847 0.002847
BinVal : 14 9 0.9894 0.005838 0.005838
BinVal : 14 10 1 0.01449 0.01449
BinVal : 14 11 1 0.04343 0.04343
BinVal : 14 12 1 0.03843 0.03843
BinVal : 15 0 0 0 0
BinVal : 15 1 0 0 0
BinVal : 15 2 0.3158 0.07315 0.07315
BinVal : 15 3 0.6897 0.08264 0.08264
BinVal : 15 4 0.8333 0.03404 0.03404
BinVal : 15 5 0.9063 0.01613 0.01613
BinVal : 15 6 0.9731 0.007305 0.007305
BinVal : 15 7 0.9728 0.005685 0.005685
BinVal : 15 8 0.977 0.003174 0.003174
BinVal : 15 9 0.9867 0.006403 0.006403
BinVal : 15 10 0.9857 0.01923 0.01923
BinVal : 15 11 1 0.04163 0.04163
BinVal : 15 12 1 0.03446 0.03446
BinVal : 16 0 0 0 0
BinVal : 16 1 0 0 0
BinVal : 16 2 0.1951 0.06133 0.06133
BinVal : 16 3 0.5714 0.089 0.089
BinVal : 16 4 0.8598 0.03374 0.03374
BinVal : 16 5 0.9056 0.01599 0.01599
BinVal : 16 6 0.9652 0.008236 0.008236
BinVal : 16 7 0.9782 0.004802 0.004802
BinVal : 16 8 0.9766 0.003269 0.003269
BinVal : 16 9 0.9841 0.006889 0.006889
BinVal : 16 10 0.9873 0.01714 0.01714
BinVal : 16 11 0.9565 0.0532 0.0532
BinVal : 16 12 1 0.03331 0.03331
BinVal : 17 0 0 0 0
BinVal : 17 1 0 0 0
BinVal : 17 2 0.186 0.05898 0.05898
BinVal : 17 3 0.5588 0.08169 0.08169
BinVal : 17 4 0.7895 0.0416 0.0416
BinVal : 17 5 0.911 0.01681 0.01681
BinVal : 17 6 0.9559 0.008937 0.008937
BinVal : 17 7 0.9791 0.004609 0.004609
BinVal : 17 8 0.9753 0.003404 0.003404
BinVal : 17 9 0.9856 0.006948 0.006948
BinVal : 17 10 0.987 0.01756 0.01756
BinVal : 17 11 0.9565 0.0532 0.0532
BinVal : 17 12 0.95 0.05994 0.05994
BinVal : 18 0 0 0 0
BinVal : 18 1 0 0 0
BinVal : 18 2 0.2903 0.07882 0.07882
BinVal : 18 3 0.5278 0.07995 0.07995
BinVal : 18 4 0.7568 0.04935 0.04935
BinVal : 18 5 0.8947 0.02048 0.02048
BinVal : 18 6 0.9574 0.009042 0.009042
BinVal : 18 7 0.9745 0.00535 0.00535
BinVal : 18 8 0.9742 0.003782 0.003782
BinVal : 18 9 0.9726 0.01003 0.01003
BinVal : 18 10 0.9836 0.02192 0.02192
BinVal : 18 11 1 0.04993 0.04993
BinVal : 18 12 0.8667 0.08985 0.08985
BinVal : 19 0 0 0 0
BinVal : 19 1 0 0 0
BinVal : 19 2 0.2857 0.1124 0.1124
BinVal : 19 3 0.4706 0.1116 0.1116
BinVal : 19 4 0.8077 0.0762 0.0762
BinVal : 19 5 0.8846 0.03171 0.03171
BinVal : 19 6 0.9705 0.01161 0.01161
BinVal : 19 7 0.967 0.009268 0.009268
BinVal : 19 8 0.9765 0.005783 0.005783
BinVal : 19 9 0.9573 0.01997 0.01997
BinVal : 19 10 1 0.03997 0.03997
BinVal : 19 11 1 0.1102 0.1102
BinVal : 19 12 0.8571 0.1315 0.1315
BinVal : 20 0 0 0 0
BinVal : 20 1 0 0 0
BinVal : 20 2 0 0 0
BinVal : 20 3 0 0 0
BinVal : 20 4 0 0 0
BinVal : 20 5 0 0 0
BinVal : 20 6 0 0 0
BinVal : 20 7 0 0 0
BinVal : 20 8 0 0 0
BinVal : 20 9 0 0 0
BinVal : 20 10 0 0 0
BinVal : 20 11 0 0 0
BinVal : 20 12 0 0 0
BinVal : 21 0 0 0 0
BinVal : 21 1 0 0 0
BinVal : 21 2 0 0 0
BinVal : 21 3 0 0 0
BinVal : 21 4 0 0 0
BinVal : 21 5 0 0 0
BinVal : 21 6 0 0 0
BinVal : 21 7 0 0 0
BinVal : 21 8 0 0 0
BinVal : 21 9 0 0 0
BinVal : 21 10 0 0 0
BinVal : 21 11 0 0 0
BinVal : 21 12 0 0 0
BinVal : 22 0 0 0 0
BinVal : 22 1 0 0 0
BinVal : 22 2 0.2 0.0561 0.0561
BinVal : 22 3 0.5 0.06623 0.06623
BinVal : 22 4 0.626 0.04315 0.04315
BinVal : 22 5 0.8133 0.02248 0.02248
BinVal : 22 6 0.9017 0.01465 0.01465
BinVal : 22 7 0.8908 0.01282 0.01282
BinVal : 22 8 0.894 0.009794 0.009794
BinVal : 22 9 0.8516 0.03152 0.03152
BinVal : 22 10 1 0.03029 0.03029
BinVal : 22 11 1 0.1936 0.1936
BinVal : 22 12 0.3333 0.2 0.2
BinVal : 23 0 0 0 0
BinVal : 23 1 0 0 0
BinVal : 23 2 0.1538 0.04492 0.04492
BinVal : 23 3 0.3673 0.06705 0.06705
BinVal : 23 4 0.5591 0.04356 0.04356
BinVal : 23 5 0.7085 0.02879 0.02879
BinVal : 23 6 0.8567 0.01898 0.01898
BinVal : 23 7 0.8282 0.01843 0.01843
BinVal : 23 8 0.8591 0.01363 0.01363
BinVal : 23 9 0.75 0.05187 0.05187
BinVal : 23 10 0.9412 0.06862 0.06862
BinVal : 23 11 1 0.1936 0.1936
BinVal : 23 12 1 0.1936 0.1936
BinVal : 24 0 0 0 0
BinVal : 24 1 0 0 0
BinVal : 24 2 0.1646 0.04176 0.04176
BinVal : 24 3 0.2917 0.06417 0.06417
BinVal : 24 4 0.4463 0.04465 0.04465
BinVal : 24 5 0.7116 0.03074 0.03074
BinVal : 24 6 0.8517 0.0209 0.0209
BinVal : 24 7 0.8231 0.02225 0.02225
BinVal : 24 8 0.8908 0.01448 0.01448
BinVal : 24 9 0.807 0.05197 0.05197
BinVal : 24 10 0.75 0.1782 0.1782
BinVal : 24 11 1 0.1936 0.1936
BinVal : 24 12 1 0.1936 0.1936
BinVal : 25 0 0 0 0
BinVal : 25 1 0 0 0
BinVal : 25 2 0.1266 0.03783 0.03783
BinVal : 25 3 0.2105 0.05351 0.05351
BinVal : 25 4 0.4957 0.04564 0.04564
BinVal : 25 5 0.7626 0.02866 0.02866
BinVal : 25 6 0.8745 0.0205 0.0205
BinVal : 25 7 0.8872 0.02282 0.02282
BinVal : 25 8 0.9242 0.01472 0.01472
BinVal : 25 9 0.8947 0.05165 0.05165
BinVal : 25 10 1 0.2357 0.2357
BinVal : 25 11 1 0.2357 0.2357
BinVal : 25 12 1 0.2357 0.2357
BinVal : 26 0 0 0 0
BinVal : 26 1 0 0 0
BinVal : 26 2 0.07527 0.02834 0.02834
BinVal : 26 3 0.2545 0.05782 0.05782
BinVal : 26 4 0.486 0.04766 0.04766
BinVal : 26 5 0.724 0.02994 0.02994
BinVal : 26 6 0.8492 0.02541 0.02541
BinVal : 26 7 0.8699 0.03054 0.03054
BinVal : 26 8 0.9217 0.01852 0.01852
BinVal : 26 9 0.9333 0.07594 0.07594
BinVal : 26 10 0.9333 0.07594 0.07594
BinVal : 26 11 0.9333 0.07594 0.07594
BinVal : 26 12 0.9333 0.07594 0.07594
BinVal : 27 0 0 0 0
BinVal : 27 1 0 0 0
BinVal : 27 2 0.06849 0.03112 0.03112
BinVal : 27 3 0.3056 0.07443 0.07443
BinVal : 27 4 0.2907 0.04836 0.04836
BinVal : 27 5 0.6242 0.0374 0.0374
BinVal : 27 6 0.6765 0.04578 0.04578
BinVal : 27 7 0.7246 0.05301 0.05301
BinVal : 27 8 0.7822 0.04084 0.04084
BinVal : 27 9 0.875 0.1206 0.1206
BinVal : 27 10 0.875 0.1206 0.1206
BinVal : 27 11 0.875 0.1206 0.1206
BinVal : 27 12 0.875 0.1206 0.1206
BinVal : 28 0 0 0 0
BinVal : 28 1 0 0 0
BinVal : 28 2 0.05556 0.06547 0.06547
BinVal : 28 3 0.1111 0.1113 0.1113
BinVal : 28 4 0.1071 0.06105 0.06105
BinVal : 28 5 0.4667 0.07202 0.07202
BinVal : 28 6 0.3929 0.08799 0.08799
BinVal : 28 7 0.4706 0.1116 0.1116
BinVal : 28 8 0.2 0.09998 0.09998
BinVal : 28 9 0.2 0.09998 0.09998
BinVal : 28 10 0.2 0.09998 0.09998
BinVal : 28 11 0.2 0.09998 0.09998
BinVal : 28 12 0.2 0.09998 0.09998
