D0NoteID : 0
EffName : EM_OF_EJETS_v13
EffType : Binned
EffVarNames : DetEta pT
EffVersion : 6
ObjQuality : MLoose2
ObjType : Electron
ObjVersion : 12
BinEdgesX : -3.2 -2.8 -2.5 -2.3 -2.1 -1.9 -1.7 -1.5 -1.3 -1.1 -0.9 -0.7 -0.5 -0.3 -0.1 0.1 0.3 0.5 0.7 0.9 1.1 1.3 1.5 1.7 1.9 2.1 2.3 2.5 2.8 3.2
BinEdgesY : 0 10 15 20 22 25 30 35 40 50 60 70 80 1000
BinVal : 0 0 0 0 0
BinVal : 0 1 0 0 0
BinVal : 0 2 0 0 0
BinVal : 0 3 0.2857 0.1491 0.1491
BinVal : 0 4 0.3636 0.13 0.13
BinVal : 0 5 0.7667 0.07538 0.07538
BinVal : 0 6 0.7368 0.09631 0.09631
BinVal : 0 7 0.4615 0.1247 0.1247
BinVal : 0 8 0.7273 0.09091 0.09091
BinVal : 0 9 1 0.2357 0.2357
BinVal : 0 10 1 0.2357 0.2357
BinVal : 0 11 1 0.2357 0.2357
BinVal : 0 12 1 0.2357 0.2357
BinVal : 1 0 0 0 0
BinVal : 1 1 0 0 0
BinVal : 1 2 0 0 0
BinVal : 1 3 0.2 0.1201 0.1201
BinVal : 1 4 0.7778 0.1286 0.1286
BinVal : 1 5 0.8 0.06257 0.06257
BinVal : 1 6 0.75 0.07457 0.07457
BinVal : 1 7 0.6818 0.09428 0.09428
BinVal : 1 8 0.7674 0.06336 0.06336
BinVal : 1 9 1 0.2357 0.2357
BinVal : 1 10 1 0.2357 0.2357
BinVal : 1 11 1 0.2357 0.2357
BinVal : 1 12 1 0.2357 0.2357
BinVal : 2 0 0 0 0
BinVal : 2 1 0 0 0
BinVal : 2 2 0.08333 0.09035 0.09035
BinVal : 2 3 0.1111 0.1113 0.1113
BinVal : 2 4 0.8333 0.1059 0.1059
BinVal : 2 5 0.7105 0.07157 0.07157
BinVal : 2 6 0.7838 0.06662 0.06662
BinVal : 2 7 0.7333 0.07827 0.07827
BinVal : 2 8 0.8182 0.05786 0.05786
BinVal : 2 9 0.5 0.2236 0.2236
BinVal : 2 10 0.5 0.2236 0.2236
BinVal : 2 11 0.5 0.2236 0.2236
BinVal : 2 12 1 0.2357 0.2357
BinVal : 3 0 0 0 0
BinVal : 3 1 0 0 0
BinVal : 3 2 0.07143 0.08021 0.08021
BinVal : 3 3 0.3636 0.13 0.13
BinVal : 3 4 0.75 0.1028 0.1028
BinVal : 3 5 0.6444 0.06935 0.06935
BinVal : 3 6 0.7547 0.05821 0.05821
BinVal : 3 7 0.7561 0.06578 0.06578
BinVal : 3 8 0.7736 0.05677 0.05677
BinVal : 3 9 0.8889 0.1113 0.1113
BinVal : 3 10 0.8889 0.1113 0.1113
BinVal : 3 11 0.8889 0.1113 0.1113
BinVal : 3 12 1 0.2357 0.2357
BinVal : 4 0 0 0 0
BinVal : 4 1 0 0 0
BinVal : 4 2 0.1 0.1034 0.1034
BinVal : 4 3 0.3333 0.1237 0.1237
BinVal : 4 4 0.55 0.1038 0.1038
BinVal : 4 5 0.7368 0.06973 0.06973
BinVal : 4 6 0.7414 0.05662 0.05662
BinVal : 4 7 0.7123 0.05223 0.05223
BinVal : 4 8 0.7917 0.04124 0.04124
BinVal : 4 9 0.8 0.08738 0.08738
BinVal : 4 10 0.8 0.08738 0.08738
BinVal : 4 11 0.8 0.08738 0.08738
BinVal : 4 12 0.8 0.08738 0.08738
BinVal : 5 0 0 0 0
BinVal : 5 1 0 0 0
BinVal : 5 2 0.2857 0.1491 0.1491
BinVal : 5 3 0.5556 0.1437 0.1437
BinVal : 5 4 0.4737 0.1065 0.1065
BinVal : 5 5 0.8857 0.05546 0.05546
BinVal : 5 6 0.8 0.0493 0.0493
BinVal : 5 7 0.78 0.04118 0.04118
BinVal : 5 8 0.8591 0.02862 0.02862
BinVal : 5 9 0.7368 0.09631 0.09631
BinVal : 5 10 1 0.1409 0.1409
BinVal : 5 11 1 0.1409 0.1409
BinVal : 5 12 1 0.1409 0.1409
BinVal : 6 0 0 0 0
BinVal : 6 1 0 0 0
BinVal : 6 2 0.3333 0.2 0.2
BinVal : 6 3 1 0.1409 0.1409
BinVal : 6 4 0.5 0.1667 0.1667
BinVal : 6 5 0.85 0.08042 0.08042
BinVal : 6 6 0.8378 0.06068 0.06068
BinVal : 6 7 0.8519 0.04865 0.04865
BinVal : 6 8 0.8824 0.03543 0.03543
BinVal : 6 9 0.8333 0.1443 0.1443
BinVal : 6 10 1 0.1409 0.1409
BinVal : 6 11 1 0.1409 0.1409
BinVal : 6 12 1 0.1409 0.1409
BinVal : 7 0 0 0 0
BinVal : 7 1 0 0 0
BinVal : 7 2 0 0 0
BinVal : 7 3 0 0 0
BinVal : 7 4 0 0 0
BinVal : 7 5 0 0 0
BinVal : 7 6 0 0 0
BinVal : 7 7 0 0 0
BinVal : 7 8 0 0 0
BinVal : 7 9 0 0 0
BinVal : 7 10 0 0 0
BinVal : 7 11 0 0 0
BinVal : 7 12 0 0 0
BinVal : 8 0 0 0 0
BinVal : 8 1 0 0 0
BinVal : 8 2 0 0 0
BinVal : 8 3 0 0 0
BinVal : 8 4 0 0 0
BinVal : 8 5 0 0 0
BinVal : 8 6 0 0 0
BinVal : 8 7 0 0 0
BinVal : 8 8 0 0 0
BinVal : 8 9 0 0 0
BinVal : 8 10 0 0 0
BinVal : 8 11 0 0 0
BinVal : 8 12 0 0 0
BinVal : 9 0 0 0 0
BinVal : 9 1 0 0 0
BinVal : 9 2 0 0 0
BinVal : 9 3 0 0 0
BinVal : 9 4 1 0.1237 0.1237
BinVal : 9 5 1 0.03997 0.03997
BinVal : 9 6 0.8919 0.05286 0.05286
BinVal : 9 7 0.9697 0.01931 0.01931
BinVal : 9 8 0.988 0.01013 0.01013
BinVal : 9 9 0.95 0.05994 0.05994
BinVal : 9 10 0.8571 0.1315 0.1315
BinVal : 9 11 1 0.1936 0.1936
BinVal : 9 12 1 0.2357 0.2357
BinVal : 10 0 0 0 0
BinVal : 10 1 0 0 0
BinVal : 10 2 0 0 0
BinVal : 10 3 1 0.1633 0.1633
BinVal : 10 4 1 0.08299 0.08299
BinVal : 10 5 0.963 0.04626 0.04626
BinVal : 10 6 0.9512 0.03841 0.03841
BinVal : 10 7 0.9612 0.02068 0.02068
BinVal : 10 8 0.9905 0.008093 0.008093
BinVal : 10 9 0.9697 0.03869 0.03869
BinVal : 10 10 0.8889 0.1113 0.1113
BinVal : 10 11 1 0.1936 0.1936
BinVal : 10 12 1 0.2357 0.2357
BinVal : 11 0 0 0 0
BinVal : 11 1 0 0 0
BinVal : 11 2 0 0 0
BinVal : 11 3 0.8571 0.1315 0.1315
BinVal : 11 4 0.9 0.1034 0.1034
BinVal : 11 5 0.9231 0.05743 0.05743
BinVal : 11 6 0.975 0.03248 0.03248
BinVal : 11 7 0.9626 0.01995 0.01995
BinVal : 11 8 0.972 0.01202 0.01202
BinVal : 11 9 1 0.0238 0.0238
BinVal : 11 10 1 0.09045 0.09045
BinVal : 11 11 1 0.1936 0.1936
BinVal : 11 12 1 0.1936 0.1936
BinVal : 12 0 0 0 0
BinVal : 12 1 0 0 0
BinVal : 12 2 0 0 0
BinVal : 12 3 0.75 0.1782 0.1782
BinVal : 12 4 0.9091 0.09643 0.09643
BinVal : 12 5 0.9688 0.03977 0.03977
BinVal : 12 6 0.9767 0.03038 0.03038
BinVal : 12 7 0.9815 0.01546 0.01546
BinVal : 12 8 0.9664 0.01224 0.01224
BinVal : 12 9 1 0.02222 0.02222
BinVal : 12 10 1 0.07666 0.07666
BinVal : 12 11 1 0.1936 0.1936
BinVal : 12 12 1 0.2357 0.2357
BinVal : 13 0 0 0 0
BinVal : 13 1 0 0 0
BinVal : 13 2 0 0 0
BinVal : 13 3 0 0 0
BinVal : 13 4 1 0.0665 0.0665
BinVal : 13 5 0.9756 0.03175 0.03175
BinVal : 13 6 0.9412 0.03595 0.03595
BinVal : 13 7 0.957 0.02279 0.02279
BinVal : 13 8 0.9794 0.009855 0.009855
BinVal : 13 9 0.9722 0.03576 0.03576
BinVal : 13 10 1 0.08299 0.08299
BinVal : 13 11 1 0.2357 0.2357
BinVal : 13 12 0.6667 0.2 0.2
BinVal : 14 0 0 0 0
BinVal : 14 1 0 0 0
BinVal : 14 2 0 0 0
BinVal : 14 3 0 0 0
BinVal : 14 4 0.7 0.1307 0.1307
BinVal : 14 5 0.9167 0.04914 0.04914
BinVal : 14 6 0.9153 0.03782 0.03782
BinVal : 14 7 0.9263 0.02779 0.02779
BinVal : 14 8 0.9701 0.01176 0.01176
BinVal : 14 9 0.9167 0.04914 0.04914
BinVal : 14 10 0.8333 0.1443 0.1443
BinVal : 14 11 1 0.2357 0.2357
BinVal : 14 12 0.75 0.1782 0.1782
BinVal : 15 0 0 0 0
BinVal : 15 1 0 0 0
BinVal : 15 2 0 0 0
BinVal : 15 3 1 0.2357 0.2357
BinVal : 15 4 0.375 0.1477 0.1477
BinVal : 15 5 0.8846 0.06498 0.06498
BinVal : 15 6 0.9123 0.03902 0.03902
BinVal : 15 7 0.9592 0.02169 0.02169
BinVal : 15 8 0.96 0.01359 0.01359
BinVal : 15 9 0.9143 0.05037 0.05037
BinVal : 15 10 0.6667 0.2 0.2
BinVal : 15 11 1 0.1936 0.1936
BinVal : 15 12 1 0.1409 0.1409
BinVal : 16 0 0 0 0
BinVal : 16 1 0 0 0
BinVal : 16 2 0.2 0.1597 0.1597
BinVal : 16 3 1 0.2357 0.2357
BinVal : 16 4 0.5714 0.1571 0.1571
BinVal : 16 5 0.8966 0.05926 0.05926
BinVal : 16 6 0.8909 0.0431 0.0431
BinVal : 16 7 0.899 0.03085 0.03085
BinVal : 16 8 0.9265 0.0186 0.0186
BinVal : 16 9 0.963 0.04626 0.04626
BinVal : 16 10 1 0.1633 0.1633
BinVal : 16 11 1 0.1936 0.1936
BinVal : 16 12 1 0.1633 0.1633
BinVal : 17 0 0 0 0
BinVal : 17 1 0 0 0
BinVal : 17 2 0.1429 0.1315 0.1315
BinVal : 17 3 0.5 0.2236 0.2236
BinVal : 17 4 0.75 0.1782 0.1782
BinVal : 17 5 0.7778 0.07813 0.07813
BinVal : 17 6 0.8462 0.05025 0.05025
BinVal : 17 7 0.8868 0.03117 0.03117
BinVal : 17 8 0.9158 0.02045 0.02045
BinVal : 17 9 1 0.02856 0.02856
BinVal : 17 10 1 0.1102 0.1102
BinVal : 17 11 1 0.2357 0.2357
BinVal : 17 12 1 0.1936 0.1936
BinVal : 18 0 0 0 0
BinVal : 18 1 0 0 0
BinVal : 18 2 0.25 0.1382 0.1382
BinVal : 18 3 0.5 0.2236 0.2236
BinVal : 18 4 0.5 0.189 0.189
BinVal : 18 5 0.7333 0.1074 0.1074
BinVal : 18 6 0.8919 0.05286 0.05286
BinVal : 18 7 0.9468 0.02458 0.02458
BinVal : 18 8 0.9419 0.01943 0.01943
BinVal : 18 9 1 0.03446 0.03446
BinVal : 18 10 1 0.1237 0.1237
BinVal : 18 11 1 0.2357 0.2357
BinVal : 18 12 1 0.2357 0.2357
BinVal : 19 0 0 0 0
BinVal : 19 1 0 0 0
BinVal : 19 2 0.4 0.175 0.175
BinVal : 19 3 0.4 0.175 0.175
BinVal : 19 4 0.3333 0.2 0.2
BinVal : 19 5 1 0.1409 0.1409
BinVal : 19 6 1 0.06236 0.06236
BinVal : 19 7 0.9318 0.0411 0.0411
BinVal : 19 8 0.9296 0.03193 0.03193
BinVal : 19 9 1 0.09045 0.09045
BinVal : 19 10 1 0.2357 0.2357
BinVal : 19 11 1 0.2357 0.2357
BinVal : 19 12 1 0.2357 0.2357
BinVal : 20 0 0 0 0
BinVal : 20 1 0 0 0
BinVal : 20 2 0 0 0
BinVal : 20 3 0 0 0
BinVal : 20 4 0 0 0
BinVal : 20 5 0 0 0
BinVal : 20 6 0 0 0
BinVal : 20 7 0 0 0
BinVal : 20 8 0 0 0
BinVal : 20 9 0 0 0
BinVal : 20 10 0 0 0
BinVal : 20 11 0 0 0
BinVal : 20 12 0 0 0
BinVal : 21 0 0 0 0
BinVal : 21 1 0 0 0
BinVal : 21 2 0 0 0
BinVal : 21 3 0 0 0
BinVal : 21 4 0 0 0
BinVal : 21 5 0 0 0
BinVal : 21 6 0 0 0
BinVal : 21 7 0 0 0
BinVal : 21 8 0 0 0
BinVal : 21 9 0 0 0
BinVal : 21 10 0 0 0
BinVal : 21 11 0 0 0
BinVal : 21 12 0 0 0
BinVal : 22 0 0 0 0
BinVal : 22 1 0 0 0
BinVal : 22 2 0 0 0
BinVal : 22 3 0.5714 0.1571 0.1571
BinVal : 22 4 0.5625 0.114 0.114
BinVal : 22 5 0.8571 0.04714 0.04714
BinVal : 22 6 0.875 0.04859 0.04859
BinVal : 22 7 0.8953 0.03364 0.03364
BinVal : 22 8 0.8915 0.02772 0.02772
BinVal : 22 9 1 0.07122 0.07122
BinVal : 22 10 1 0.07122 0.07122
BinVal : 22 11 1 0.07122 0.07122
BinVal : 22 12 1 0.2357 0.2357
BinVal : 23 0 0 0 0
BinVal : 23 1 0 0 0
BinVal : 23 2 0.2 0.09998 0.09998
BinVal : 23 3 0.375 0.1477 0.1477
BinVal : 23 4 0.35 0.1003 0.1003
BinVal : 23 5 0.8421 0.04844 0.04844
BinVal : 23 6 0.7818 0.05509 0.05509
BinVal : 23 7 0.8947 0.03594 0.03594
BinVal : 23 8 0.8864 0.03434 0.03434
BinVal : 23 9 0.7143 0.1491 0.1491
BinVal : 23 10 1 0.2357 0.2357
BinVal : 23 11 1 0.2357 0.2357
BinVal : 23 12 1 0.2357 0.2357
BinVal : 24 0 0 0 0
BinVal : 24 1 0 0 0
BinVal : 24 2 0.1765 0.09116 0.09116
BinVal : 24 3 0.1765 0.09116 0.09116
BinVal : 24 4 0.3846 0.1225 0.1225
BinVal : 24 5 0.8 0.0561 0.0561
BinVal : 24 6 0.7959 0.05704 0.05704
BinVal : 24 7 0.9286 0.03654 0.03654
BinVal : 24 8 0.9041 0.03541 0.03541
BinVal : 24 9 0.75 0.1382 0.1382
BinVal : 24 10 1 0.2357 0.2357
BinVal : 24 11 1 0.2357 0.2357
BinVal : 24 12 1 0.2357 0.2357
BinVal : 25 0 0 0 0
BinVal : 25 1 0 0 0
BinVal : 25 2 0 0 0
BinVal : 25 3 0 0 0
BinVal : 25 4 0.5833 0.1278 0.1278
BinVal : 25 5 0.7879 0.06999 0.06999
BinVal : 25 6 0.7778 0.06111 0.06111
BinVal : 25 7 0.9091 0.05303 0.05303
BinVal : 25 8 0.9167 0.04201 0.04201
BinVal : 25 9 0.8333 0.1443 0.1443
BinVal : 25 10 0.8333 0.1443 0.1443
BinVal : 25 11 0.8333 0.1443 0.1443
BinVal : 25 12 0.8333 0.1443 0.1443
BinVal : 26 0 0 0 0
BinVal : 26 1 0 0 0
BinVal : 26 2 0 0 0
BinVal : 26 3 0 0 0
BinVal : 26 4 0.6111 0.1069 0.1069
BinVal : 26 5 0.8571 0.05979 0.05979
BinVal : 26 6 0.8 0.06257 0.06257
BinVal : 26 7 0.8333 0.07585 0.07585
BinVal : 26 8 0.9167 0.06149 0.06149
BinVal : 26 9 0.75 0.1782 0.1782
BinVal : 26 10 0.75 0.1782 0.1782
BinVal : 26 11 0.75 0.1782 0.1782
BinVal : 26 12 0.75 0.1782 0.1782
BinVal : 27 0 0 0 0
BinVal : 27 1 0 0 0
BinVal : 27 2 0 0 0
BinVal : 27 3 0 0 0
BinVal : 27 4 0.5 0.1291 0.1291
BinVal : 27 5 0.7812 0.0717 0.0717
BinVal : 27 6 0.8333 0.08729 0.08729
BinVal : 27 7 0.8571 0.09466 0.09466
BinVal : 27 8 0.9286 0.08021 0.08021
BinVal : 27 9 0.9286 0.08021 0.08021
BinVal : 27 10 0.9286 0.08021 0.08021
BinVal : 27 11 0.9286 0.08021 0.08021
BinVal : 27 12 0.9286 0.08021 0.08021
BinVal : 28 0 0 0 0
BinVal : 28 1 0 0 0
BinVal : 28 2 0 0 0
BinVal : 28 3 0 0 0
BinVal : 28 4 0 0 0
BinVal : 28 5 0.625 0.1477 0.1477
BinVal : 28 6 0.3333 0.2 0.2
BinVal : 28 7 1 0.2357 0.2357
BinVal : 28 8 1 0.1936 0.1936
BinVal : 28 9 1 0.1936 0.1936
BinVal : 28 10 1 0.1936 0.1936
BinVal : 28 11 1 0.1936 0.1936
BinVal : 28 12 1 0.1936 0.1936
