D0NoteID : 0
EffName : EM_OF_EJETS_v132
EffType : Binned
EffVarNames : DetEta pT
EffVersion : 6
ObjQuality : MLoose1
ObjType : Electron
ObjVersion : 12
BinEdgesX : -3.2 -2.8 -2.5 -2.3 -2.1 -1.9 -1.7 -1.5 -1.3 -1.1 -0.9 -0.7 -0.5 -0.3 -0.1 0.1 0.3 0.5 0.7 0.9 1.1 1.3 1.5 1.7 1.9 2.1 2.3 2.5 2.8 3.2
BinEdgesY : 0 10 15 20 22 25 30 35 40 50 60 70 80 1000
BinVal : 0 0 0 0 0
BinVal : 0 1 0 0 0
BinVal : 0 2 0.0597 0.02124 0.02124
BinVal : 0 3 0.1325 0.03755 0.03755
BinVal : 0 4 0.1842 0.0314 0.0314
BinVal : 0 5 0.2676 0.02552 0.02552
BinVal : 0 6 0.6667 0.03146 0.03146
BinVal : 0 7 0.6939 0.03772 0.03772
BinVal : 0 8 0.6744 0.03548 0.03548
BinVal : 0 9 0.8889 0.1113 0.1113
BinVal : 0 10 1 0.1936 0.1936
BinVal : 0 11 1 0.1936 0.1936
BinVal : 0 12 1 0.1936 0.1936
BinVal : 1 0 0 0 0
BinVal : 1 1 0 0 0
BinVal : 1 2 0.05036 0.01941 0.01941
BinVal : 1 3 0.1717 0.03789 0.03789
BinVal : 1 4 0.2922 0.03639 0.03639
BinVal : 1 5 0.3968 0.02507 0.02507
BinVal : 1 6 0.8322 0.02144 0.02144
BinVal : 1 7 0.8578 0.02334 0.02334
BinVal : 1 8 0.8681 0.02 0.02
BinVal : 1 9 1 0.03701 0.03701
BinVal : 1 10 1 0.1936 0.1936
BinVal : 1 11 1 0.1936 0.1936
BinVal : 1 12 1 0.1936 0.1936
BinVal : 2 0 0 0 0
BinVal : 2 1 0 0 0
BinVal : 2 2 0.05839 0.0208 0.0208
BinVal : 2 3 0.1494 0.03838 0.03838
BinVal : 2 4 0.3072 0.03702 0.03702
BinVal : 2 5 0.4522 0.02668 0.02668
BinVal : 2 6 0.8621 0.01779 0.01779
BinVal : 2 7 0.8694 0.01907 0.01907
BinVal : 2 8 0.9249 0.01248 0.01248
BinVal : 2 9 0.9556 0.03528 0.03528
BinVal : 2 10 1 0.1409 0.1409
BinVal : 2 11 1 0.2357 0.2357
BinVal : 2 12 1 0.2357 0.2357
BinVal : 3 0 0 0 0
BinVal : 3 1 0 0 0
BinVal : 3 2 0.08029 0.02374 0.02374
BinVal : 3 3 0.2614 0.04636 0.04636
BinVal : 3 4 0.2818 0.03325 0.03325
BinVal : 3 5 0.5156 0.0254 0.0254
BinVal : 3 6 0.8296 0.01704 0.01704
BinVal : 3 7 0.8542 0.01686 0.01686
BinVal : 3 8 0.9077 0.0112 0.0112
BinVal : 3 9 0.8507 0.04375 0.04375
BinVal : 3 10 1 0.07666 0.07666
BinVal : 3 11 1 0.1633 0.1633
BinVal : 3 12 1 0.1936 0.1936
BinVal : 4 0 0 0 0
BinVal : 4 1 0 0 0
BinVal : 4 2 0.1279 0.03638 0.03638
BinVal : 4 3 0.2843 0.04421 0.04421
BinVal : 4 4 0.2819 0.03264 0.03264
BinVal : 4 5 0.532 0.02376 0.02376
BinVal : 4 6 0.8089 0.01693 0.01693
BinVal : 4 7 0.8433 0.01501 0.01501
BinVal : 4 8 0.8727 0.01106 0.01106
BinVal : 4 9 0.8763 0.03377 0.03377
BinVal : 4 10 0.8095 0.0842 0.0842
BinVal : 4 11 1 0.1633 0.1633
BinVal : 4 12 1 0.1633 0.1633
BinVal : 5 0 0 0 0
BinVal : 5 1 0 0 0
BinVal : 5 2 0.3175 0.05756 0.05756
BinVal : 5 3 0.2593 0.04816 0.04816
BinVal : 5 4 0.388 0.03575 0.03575
BinVal : 5 5 0.5486 0.02386 0.02386
BinVal : 5 6 0.8396 0.01517 0.01517
BinVal : 5 7 0.8783 0.01225 0.01225
BinVal : 5 8 0.9025 0.008657 0.008657
BinVal : 5 9 0.9538 0.01943 0.01943
BinVal : 5 10 0.76 0.08282 0.08282
BinVal : 5 11 1 0.1102 0.1102
BinVal : 5 12 1 0.1633 0.1633
BinVal : 6 0 0 0 0
BinVal : 6 1 0 0 0
BinVal : 6 2 0.3939 0.08165 0.08165
BinVal : 6 3 0.2903 0.07882 0.07882
BinVal : 6 4 0.5 0.05025 0.05025
BinVal : 6 5 0.6219 0.03397 0.03397
BinVal : 6 6 0.8794 0.01842 0.01842
BinVal : 6 7 0.9199 0.01391 0.01391
BinVal : 6 8 0.9419 0.009225 0.009225
BinVal : 6 9 0.9722 0.02277 0.02277
BinVal : 6 10 0.8 0.1201 0.1201
BinVal : 6 11 1 0.1237 0.1237
BinVal : 6 12 1 0.2357 0.2357
BinVal : 7 0 0 0 0
BinVal : 7 1 0 0 0
BinVal : 7 2 0 0 0
BinVal : 7 3 0 0 0
BinVal : 7 4 0 0 0
BinVal : 7 5 0 0 0
BinVal : 7 6 0 0 0
BinVal : 7 7 0 0 0
BinVal : 7 8 0 0 0
BinVal : 7 9 0 0 0
BinVal : 7 10 0 0 0
BinVal : 7 11 0 0 0
BinVal : 7 12 0 0 0
BinVal : 8 0 0 0 0
BinVal : 8 1 0 0 0
BinVal : 8 2 0 0 0
BinVal : 8 3 0 0 0
BinVal : 8 4 0 0 0
BinVal : 8 5 0 0 0
BinVal : 8 6 0 0 0
BinVal : 8 7 0 0 0
BinVal : 8 8 0 0 0
BinVal : 8 9 0 0 0
BinVal : 8 10 0 0 0
BinVal : 8 11 0 0 0
BinVal : 8 12 0 0 0
BinVal : 9 0 0 0 0
BinVal : 9 1 0 0 0
BinVal : 9 2 0 0 0
BinVal : 9 3 0.1429 0.05979 0.05979
BinVal : 9 4 0.52 0.05657 0.05657
BinVal : 9 5 0.8235 0.02787 0.02787
BinVal : 9 6 0.9546 0.009602 0.009602
BinVal : 9 7 0.9749 0.005507 0.005507
BinVal : 9 8 0.9669 0.004791 0.004791
BinVal : 9 9 0.9869 0.008564 0.008564
BinVal : 9 10 0.9535 0.03678 0.03678
BinVal : 9 11 1 0.08299 0.08299
BinVal : 9 12 1 0.09045 0.09045
BinVal : 10 0 0 0 0
BinVal : 10 1 0 0 0
BinVal : 10 2 0.02 0.02642 0.02642
BinVal : 10 3 0.2821 0.07021 0.07021
BinVal : 10 4 0.5435 0.05111 0.05111
BinVal : 10 5 0.7647 0.02959 0.02959
BinVal : 10 6 0.9651 0.008251 0.008251
BinVal : 10 7 0.9764 0.005063 0.005063
BinVal : 10 8 0.9843 0.002936 0.002936
BinVal : 10 9 0.9895 0.006884 0.006884
BinVal : 10 10 0.9583 0.03325 0.03325
BinVal : 10 11 1 0.05546 0.05546
BinVal : 10 12 1 0.0665 0.0665
BinVal : 11 0 0 0 0
BinVal : 11 1 0 0 0
BinVal : 11 2 0.1163 0.05012 0.05012
BinVal : 11 3 0.4242 0.08248 0.08248
BinVal : 11 4 0.6234 0.05426 0.05426
BinVal : 11 5 0.6667 0.02955 0.02955
BinVal : 11 6 0.9553 0.009693 0.009693
BinVal : 11 7 0.9844 0.004256 0.004256
BinVal : 11 8 0.9882 0.002487 0.002487
BinVal : 11 9 0.9831 0.00815 0.00815
BinVal : 11 10 0.9783 0.02855 0.02855
BinVal : 11 11 1 0.03701 0.03701
BinVal : 11 12 1 0.04756 0.04756
BinVal : 12 0 0 0 0
BinVal : 12 1 0 0 0
BinVal : 12 2 0.3243 0.07454 0.07454
BinVal : 12 3 0.5385 0.07694 0.07694
BinVal : 12 4 0.5765 0.0527 0.0527
BinVal : 12 5 0.6588 0.02744 0.02744
BinVal : 12 6 0.9578 0.009403 0.009403
BinVal : 12 7 0.9834 0.004545 0.004545
BinVal : 12 8 0.989 0.002449 0.002449
BinVal : 12 9 0.9837 0.008907 0.008907
BinVal : 12 10 0.9815 0.02458 0.02458
BinVal : 12 11 1 0.03569 0.03569
BinVal : 12 12 1 0.0454 0.0454
BinVal : 13 0 0 0 0
BinVal : 13 1 0 0 0
BinVal : 13 2 0.3611 0.07724 0.07724
BinVal : 13 3 0.6222 0.07016 0.07016
BinVal : 13 4 0.6341 0.05234 0.05234
BinVal : 13 5 0.6951 0.02533 0.02533
BinVal : 13 6 0.966 0.00855 0.00855
BinVal : 13 7 0.9841 0.004719 0.004719
BinVal : 13 8 0.9881 0.002519 0.002519
BinVal : 13 9 0.9924 0.006463 0.006463
BinVal : 13 10 1 0.01587 0.01587
BinVal : 13 11 1 0.0454 0.0454
BinVal : 13 12 1 0.04993 0.04993
BinVal : 14 0 0 0 0
BinVal : 14 1 0 0 0
BinVal : 14 2 0.3077 0.0718 0.0718
BinVal : 14 3 0.5897 0.07602 0.07602
BinVal : 14 4 0.5213 0.05072 0.05072
BinVal : 14 5 0.6686 0.0254 0.0254
BinVal : 14 6 0.9573 0.00952 0.00952
BinVal : 14 7 0.9788 0.005566 0.005566
BinVal : 14 8 0.9797 0.003212 0.003212
BinVal : 14 9 0.9899 0.006655 0.006655
BinVal : 14 10 1 0.01538 0.01538
BinVal : 14 11 1 0.04993 0.04993
BinVal : 14 12 1 0.0454 0.0454
BinVal : 15 0 0 0 0
BinVal : 15 1 0 0 0
BinVal : 15 2 0.2941 0.07573 0.07573
BinVal : 15 3 0.4483 0.08797 0.08797
BinVal : 15 4 0.4464 0.04637 0.04637
BinVal : 15 5 0.646 0.02654 0.02654
BinVal : 15 6 0.9522 0.009877 0.009877
BinVal : 15 7 0.9679 0.006423 0.006423
BinVal : 15 8 0.9767 0.00342 0.00342
BinVal : 15 9 0.9899 0.006633 0.006633
BinVal : 15 10 0.9846 0.02064 0.02064
BinVal : 15 11 1 0.04993 0.04993
BinVal : 15 12 1 0.04163 0.04163
BinVal : 16 0 0 0 0
BinVal : 16 1 0 0 0
BinVal : 16 2 0.1579 0.05934 0.05934
BinVal : 16 3 0.2667 0.07827 0.07827
BinVal : 16 4 0.5 0.04746 0.04746
BinVal : 16 5 0.6667 0.02697 0.02697
BinVal : 16 6 0.9592 0.008869 0.008869
BinVal : 16 7 0.9712 0.005646 0.005646
BinVal : 16 8 0.9755 0.003562 0.003562
BinVal : 16 9 0.9858 0.00779 0.00779
BinVal : 16 10 0.9844 0.02094 0.02094
BinVal : 16 11 0.9474 0.06258 0.06258
BinVal : 16 12 1 0.04756 0.04756
BinVal : 17 0 0 0 0
BinVal : 17 1 0 0 0
BinVal : 17 2 0.1333 0.05139 0.05139
BinVal : 17 3 0.3529 0.07896 0.07896
BinVal : 17 4 0.4796 0.04971 0.04971
BinVal : 17 5 0.6764 0.02809 0.02809
BinVal : 17 6 0.9592 0.008666 0.008666
BinVal : 17 7 0.9782 0.004802 0.004802
BinVal : 17 8 0.9741 0.003763 0.003763
BinVal : 17 9 0.9815 0.008857 0.008857
BinVal : 17 10 0.9833 0.02226 0.02226
BinVal : 17 11 0.9444 0.06547 0.06547
BinVal : 17 12 1 0.0665 0.0665
BinVal : 18 0 0 0 0
BinVal : 18 1 0 0 0
BinVal : 18 2 0.2222 0.06808 0.06808
BinVal : 18 3 0.4242 0.08248 0.08248
BinVal : 18 4 0.5072 0.05892 0.05892
BinVal : 18 5 0.7467 0.02888 0.02888
BinVal : 18 6 0.9494 0.009997 0.009997
BinVal : 18 7 0.9679 0.006175 0.006175
BinVal : 18 8 0.9725 0.004281 0.004281
BinVal : 18 9 0.9771 0.01096 0.01096
BinVal : 18 10 0.9783 0.02855 0.02855
BinVal : 18 11 1 0.05871 0.05871
BinVal : 18 12 0.8889 0.1113 0.1113
BinVal : 19 0 0 0 0
BinVal : 19 1 0 0 0
BinVal : 19 2 0.2941 0.1039 0.1039
BinVal : 19 3 0.3529 0.1079 0.1079
BinVal : 19 4 0.6 0.09286 0.09286
BinVal : 19 5 0.8163 0.03904 0.03904
BinVal : 19 6 0.9471 0.01526 0.01526
BinVal : 19 7 0.9525 0.01147 0.01147
BinVal : 19 8 0.9715 0.006981 0.006981
BinVal : 19 9 0.973 0.02219 0.02219
BinVal : 19 10 1 0.05255 0.05255
BinVal : 19 11 1 0.1102 0.1102
BinVal : 19 12 0.75 0.1782 0.1782
BinVal : 20 0 0 0 0
BinVal : 20 1 0 0 0
BinVal : 20 2 0 0 0
BinVal : 20 3 0 0 0
BinVal : 20 4 0 0 0
BinVal : 20 5 0 0 0
BinVal : 20 6 0 0 0
BinVal : 20 7 0 0 0
BinVal : 20 8 0 0 0
BinVal : 20 9 0 0 0
BinVal : 20 10 0 0 0
BinVal : 20 11 0 0 0
BinVal : 20 12 0 0 0
BinVal : 21 0 0 0 0
BinVal : 21 1 0 0 0
BinVal : 21 2 0 0 0
BinVal : 21 3 0 0 0
BinVal : 21 4 0 0 0
BinVal : 21 5 0 0 0
BinVal : 21 6 0 0 0
BinVal : 21 7 0 0 0
BinVal : 21 8 0 0 0
BinVal : 21 9 0 0 0
BinVal : 21 10 0 0 0
BinVal : 21 11 0 0 0
BinVal : 21 12 0 0 0
BinVal : 22 0 0 0 0
BinVal : 22 1 0 0 0
BinVal : 22 2 0.1231 0.04135 0.04135
BinVal : 22 3 0.2941 0.05439 0.05439
BinVal : 22 4 0.2789 0.03674 0.03674
BinVal : 22 5 0.4821 0.02521 0.02521
BinVal : 22 6 0.8588 0.01544 0.01544
BinVal : 22 7 0.887 0.012 0.012
BinVal : 22 8 0.8862 0.009373 0.009373
BinVal : 22 9 0.8562 0.02914 0.02914
BinVal : 22 10 1 0.0294 0.0294
BinVal : 22 11 1 0.1409 0.1409
BinVal : 22 12 0.6667 0.1614 0.1614
BinVal : 23 0 0 0 0
BinVal : 23 1 0 0 0
BinVal : 23 2 0.04545 0.02118 0.02118
BinVal : 23 3 0.1628 0.03986 0.03986
BinVal : 23 4 0.2841 0.03379 0.03379
BinVal : 23 5 0.4492 0.02562 0.02562
BinVal : 23 6 0.8072 0.01767 0.01767
BinVal : 23 7 0.8444 0.01476 0.01476
BinVal : 23 8 0.8607 0.01162 0.01162
BinVal : 23 9 0.7979 0.04123 0.04123
BinVal : 23 10 0.9524 0.05752 0.05752
BinVal : 23 11 1 0.1409 0.1409
BinVal : 23 12 0.6 0.175 0.175
BinVal : 24 0 0 0 0
BinVal : 24 1 0 0 0
BinVal : 24 2 0.06716 0.0223 0.0223
BinVal : 24 3 0.1429 0.03688 0.03688
BinVal : 24 4 0.2663 0.03242 0.03242
BinVal : 24 5 0.462 0.02684 0.02684
BinVal : 24 6 0.7761 0.01941 0.01941
BinVal : 24 7 0.841 0.01673 0.01673
BinVal : 24 8 0.8878 0.012 0.012
BinVal : 24 9 0.8378 0.04291 0.04291
BinVal : 24 10 0.8889 0.1113 0.1113
BinVal : 24 11 1 0.1633 0.1633
BinVal : 24 12 1 0.1936 0.1936
BinVal : 25 0 0 0 0
BinVal : 25 1 0 0 0
BinVal : 25 2 0.06154 0.02186 0.02186
BinVal : 25 3 0.1023 0.03294 0.03294
BinVal : 25 4 0.2544 0.03333 0.03333
BinVal : 25 5 0.4427 0.02751 0.02751
BinVal : 25 6 0.7841 0.02047 0.02047
BinVal : 25 7 0.8671 0.01962 0.01962
BinVal : 25 8 0.9108 0.0132 0.0132
BinVal : 25 9 0.9362 0.03872 0.03872
BinVal : 25 10 1 0.1409 0.1409
BinVal : 25 11 1 0.1409 0.1409
BinVal : 25 12 1 0.1936 0.1936
BinVal : 26 0 0 0 0
BinVal : 26 1 0 0 0
BinVal : 26 2 0.02649 0.01433 0.01433
BinVal : 26 3 0.101 0.03085 0.03085
BinVal : 26 4 0.2097 0.02977 0.02977
BinVal : 26 5 0.3604 0.02621 0.02621
BinVal : 26 6 0.775 0.0233 0.0233
BinVal : 26 7 0.835 0.02588 0.02588
BinVal : 26 8 0.9204 0.01543 0.01543
BinVal : 26 9 0.9231 0.05743 0.05743
BinVal : 26 10 1 0.2357 0.2357
BinVal : 26 11 1 0.2357 0.2357
BinVal : 26 12 1 0.2357 0.2357
BinVal : 27 0 0 0 0
BinVal : 27 1 0 0 0
BinVal : 27 2 0.03472 0.01637 0.01637
BinVal : 27 3 0.09677 0.03132 0.03132
BinVal : 27 4 0.1514 0.0264 0.0264
BinVal : 27 5 0.2919 0.02624 0.02624
BinVal : 27 6 0.6 0.03398 0.03398
BinVal : 27 7 0.638 0.03734 0.03734
BinVal : 27 8 0.7765 0.03184 0.03184
BinVal : 27 9 0.8235 0.09116 0.09116
BinVal : 27 10 1 0.2357 0.2357
BinVal : 27 11 1 0.2357 0.2357
BinVal : 27 12 1 0.2357 0.2357
BinVal : 28 0 0 0 0
BinVal : 28 1 0 0 0
BinVal : 28 2 0.04918 0.03048 0.03048
BinVal : 28 3 0.02703 0.03488 0.03488
BinVal : 28 4 0.1127 0.03822 0.03822
BinVal : 28 5 0.2091 0.0386 0.0386
BinVal : 28 6 0.3478 0.05629 0.05629
BinVal : 28 7 0.4407 0.06308 0.06308
BinVal : 28 8 0.425 0.07547 0.07547
BinVal : 28 9 0.6667 0.2 0.2
BinVal : 28 10 0.6667 0.2 0.2
BinVal : 28 11 0.6667 0.2 0.2
BinVal : 28 12 0.6667 0.2 0.2
