D0NoteID : 0
EffName : EM_OF_EJETS_v132
EffType : Binned
EffVarNames : DetEta pT
EffVersion : 6
ObjQuality : Tight_trk
ObjType : Electron
ObjVersion : 2
BinEdgesX : -3.2 -2.8 -2.5 -2.3 -2.1 -1.9 -1.7 -1.5 -1.3 -1.1 -0.9 -0.7 -0.5 -0.3 -0.1 0.1 0.3 0.5 0.7 0.9 1.1 1.3 1.5 1.7 1.9 2.1 2.3 2.5 2.8 3.2
BinEdgesY : 0 10 15 20 22 25 30 35 40 50 60 70 80 1000
BinVal : 0 0 0 0 0
BinVal : 0 1 0 0 0
BinVal : 0 2 0.1111 0.07792 0.07792
BinVal : 0 3 0.1111 0.07792 0.07792
BinVal : 0 4 0.3529 0.1079 0.1079
BinVal : 0 5 0.3571 0.07171 0.07171
BinVal : 0 6 0.96 0.04949 0.04949
BinVal : 0 7 0.9091 0.09643 0.09643
BinVal : 0 8 0.8571 0.09466 0.09466
BinVal : 0 9 1 0.1936 0.1936
BinVal : 0 10 1 0.1936 0.1936
BinVal : 0 11 1 0.1936 0.1936
BinVal : 0 12 1 0.1936 0.1936
BinVal : 1 0 0 0 0
BinVal : 1 1 0 0 0
BinVal : 1 2 0.07317 0.04379 0.04379
BinVal : 1 3 0.1111 0.05413 0.05413
BinVal : 1 4 0.3469 0.06627 0.06627
BinVal : 1 5 0.4419 0.04323 0.04323
BinVal : 1 6 0.9386 0.02343 0.02343
BinVal : 1 7 0.9315 0.03112 0.03112
BinVal : 1 8 0.94 0.02491 0.02491
BinVal : 1 9 1 0.0665 0.0665
BinVal : 1 10 1 0.0665 0.0665
BinVal : 1 11 1 0.0665 0.0665
BinVal : 1 12 1 0.0665 0.0665
BinVal : 2 0 0 0 0
BinVal : 2 1 0 0 0
BinVal : 2 2 0.06173 0.02826 0.02826
BinVal : 2 3 0.16 0.05197 0.05197
BinVal : 2 4 0.3214 0.05024 0.05024
BinVal : 2 5 0.4438 0.03693 0.03693
BinVal : 2 6 0.8812 0.0229 0.0229
BinVal : 2 7 0.9045 0.02378 0.02378
BinVal : 2 8 0.9388 0.01563 0.01563
BinVal : 2 9 0.9615 0.04782 0.04782
BinVal : 2 10 1 0.2357 0.2357
BinVal : 2 11 1 0.2357 0.2357
BinVal : 2 12 1 0.2357 0.2357
BinVal : 3 0 0 0 0
BinVal : 3 1 0 0 0
BinVal : 3 2 0.08537 0.03184 0.03184
BinVal : 3 3 0.1818 0.05786 0.05786
BinVal : 3 4 0.2872 0.04615 0.04615
BinVal : 3 5 0.5196 0.03473 0.03473
BinVal : 3 6 0.8281 0.02358 0.02358
BinVal : 3 7 0.8697 0.0219 0.0219
BinVal : 3 8 0.9175 0.01407 0.01407
BinVal : 3 9 0.8788 0.05832 0.05832
BinVal : 3 10 1 0.1936 0.1936
BinVal : 3 11 1 0.2357 0.2357
BinVal : 3 12 1 0.1936 0.1936
BinVal : 4 0 0 0 0
BinVal : 4 1 0 0 0
BinVal : 4 2 0.1702 0.05476 0.05476
BinVal : 4 3 0.2449 0.06044 0.06044
BinVal : 4 4 0.236 0.04464 0.04464
BinVal : 4 5 0.5257 0.03011 0.03011
BinVal : 4 6 0.8063 0.02224 0.02224
BinVal : 4 7 0.8407 0.01919 0.01919
BinVal : 4 8 0.8805 0.01343 0.01343
BinVal : 4 9 0.9 0.03987 0.03987
BinVal : 4 10 0.75 0.1166 0.1166
BinVal : 4 11 1 0.1936 0.1936
BinVal : 4 12 1 0.1936 0.1936
BinVal : 5 0 0 0 0
BinVal : 5 1 0 0 0
BinVal : 5 2 0.2917 0.06417 0.06417
BinVal : 5 3 0.3019 0.06175 0.06175
BinVal : 5 4 0.3846 0.04445 0.04445
BinVal : 5 5 0.5423 0.02777 0.02777
BinVal : 5 6 0.8585 0.01681 0.01681
BinVal : 5 7 0.888 0.01389 0.01389
BinVal : 5 8 0.9137 0.009557 0.009557
BinVal : 5 9 0.9479 0.02409 0.02409
BinVal : 5 10 0.7368 0.09631 0.09631
BinVal : 5 11 1 0.1237 0.1237
BinVal : 5 12 1 0.1936 0.1936
BinVal : 6 0 0 0 0
BinVal : 6 1 0 0 0
BinVal : 6 2 0.3462 0.08898 0.08898
BinVal : 6 3 0.2963 0.08447 0.08447
BinVal : 6 4 0.493 0.05812 0.05812
BinVal : 6 5 0.6074 0.03792 0.03792
BinVal : 6 6 0.9 0.01875 0.01875
BinVal : 6 7 0.9327 0.01475 0.01475
BinVal : 6 8 0.9475 0.009963 0.009963
BinVal : 6 9 0.963 0.02982 0.02982
BinVal : 6 10 0.75 0.1382 0.1382
BinVal : 6 11 1 0.1409 0.1409
BinVal : 6 12 1 0.2357 0.2357
BinVal : 7 0 0 0 0
BinVal : 7 1 0 0 0
BinVal : 7 2 0 0 0
BinVal : 7 3 0 0 0
BinVal : 7 4 0 0 0
BinVal : 7 5 0 0 0
BinVal : 7 6 0 0 0
BinVal : 7 7 0 0 0
BinVal : 7 8 0 0 0
BinVal : 7 9 0 0 0
BinVal : 7 10 0 0 0
BinVal : 7 11 0 0 0
BinVal : 7 12 0 0 0
BinVal : 8 0 0 0 0
BinVal : 8 1 0 0 0
BinVal : 8 2 0 0 0
BinVal : 8 3 0 0 0
BinVal : 8 4 0 0 0
BinVal : 8 5 0 0 0
BinVal : 8 6 0 0 0
BinVal : 8 7 0 0 0
BinVal : 8 8 0 0 0
BinVal : 8 9 0 0 0
BinVal : 8 10 0 0 0
BinVal : 8 11 0 0 0
BinVal : 8 12 0 0 0
BinVal : 9 0 0 0 0
BinVal : 9 1 0 0 0
BinVal : 9 2 0.02564 0.03324 0.03324
BinVal : 9 3 0.129 0.06149 0.06149
BinVal : 9 4 0.5195 0.05586 0.05586
BinVal : 9 5 0.8316 0.02716 0.02716
BinVal : 9 6 0.9588 0.008953 0.008953
BinVal : 9 7 0.9802 0.004732 0.004732
BinVal : 9 8 0.9722 0.004118 0.004118
BinVal : 9 9 0.9815 0.008889 0.008889
BinVal : 9 10 0.9623 0.03035 0.03035
BinVal : 9 11 1 0.07122 0.07122
BinVal : 9 12 1 0.07122 0.07122
BinVal : 10 0 0 0 0
BinVal : 10 1 0 0 0
BinVal : 10 2 0 0 0
BinVal : 10 3 0.2432 0.06904 0.06904
BinVal : 10 4 0.5217 0.05125 0.05125
BinVal : 10 5 0.7244 0.02966 0.02966
BinVal : 10 6 0.9622 0.00845 0.00845
BinVal : 10 7 0.984 0.00407 0.00407
BinVal : 10 8 0.988 0.002423 0.002423
BinVal : 10 9 0.9912 0.005822 0.005822
BinVal : 10 10 0.9516 0.03002 0.03002
BinVal : 10 11 1 0.05255 0.05255
BinVal : 10 12 1 0.04756 0.04756
BinVal : 11 0 0 0 0
BinVal : 11 1 0 0 0
BinVal : 11 2 0.09524 0.04731 0.04731
BinVal : 11 3 0.4118 0.08105 0.08105
BinVal : 11 4 0.6104 0.05459 0.05459
BinVal : 11 5 0.6479 0.02821 0.02821
BinVal : 11 6 0.9486 0.01036 0.01036
BinVal : 11 7 0.9896 0.003433 0.003433
BinVal : 11 8 0.9927 0.001872 0.001872
BinVal : 11 9 0.9888 0.006159 0.006159
BinVal : 11 10 0.9836 0.02192 0.02192
BinVal : 11 11 1 0.03569 0.03569
BinVal : 11 12 1 0.03997 0.03997
BinVal : 12 0 0 0 0
BinVal : 12 1 0 0 0
BinVal : 12 2 0.3333 0.07317 0.07317
BinVal : 12 3 0.5476 0.07423 0.07423
BinVal : 12 4 0.5823 0.0545 0.0545
BinVal : 12 5 0.6386 0.0267 0.0267
BinVal : 12 6 0.9531 0.009702 0.009702
BinVal : 12 7 0.9874 0.003921 0.003921
BinVal : 12 8 0.9919 0.002 0.002
BinVal : 12 9 0.9867 0.007331 0.007331
BinVal : 12 10 1 0.01408 0.01408
BinVal : 12 11 1 0.03029 0.03029
BinVal : 12 12 1 0.03224 0.03224
BinVal : 13 0 0 0 0
BinVal : 13 1 0 0 0
BinVal : 13 2 0.3947 0.07651 0.07651
BinVal : 13 3 0.6222 0.07016 0.07016
BinVal : 13 4 0.6533 0.05403 0.05403
BinVal : 13 5 0.6696 0.02545 0.02545
BinVal : 13 6 0.9675 0.008177 0.008177
BinVal : 13 7 0.9907 0.003724 0.003724
BinVal : 13 8 0.9905 0.002167 0.002167
BinVal : 13 9 0.9936 0.005464 0.005464
BinVal : 13 10 1 0.01299 0.01299
BinVal : 13 11 1 0.03997 0.03997
BinVal : 13 12 1 0.03331 0.03331
BinVal : 14 0 0 0 0
BinVal : 14 1 0 0 0
BinVal : 14 2 0.3421 0.07449 0.07449
BinVal : 14 3 0.5789 0.0772 0.0772
BinVal : 14 4 0.5333 0.05174 0.05174
BinVal : 14 5 0.6464 0.02564 0.02564
BinVal : 14 6 0.9588 0.009177 0.009177
BinVal : 14 7 0.9816 0.005214 0.005214
BinVal : 14 8 0.9837 0.002776 0.002776
BinVal : 14 9 0.9913 0.005706 0.005706
BinVal : 14 10 1 0.01351 0.01351
BinVal : 14 11 1 0.04993 0.04993
BinVal : 14 12 1 0.03701 0.03701
BinVal : 15 0 0 0 0
BinVal : 15 1 0 0 0
BinVal : 15 2 0.2778 0.07262 0.07262
BinVal : 15 3 0.4483 0.08797 0.08797
BinVal : 15 4 0.4655 0.04573 0.04573
BinVal : 15 5 0.6183 0.02632 0.02632
BinVal : 15 6 0.9486 0.01016 0.01016
BinVal : 15 7 0.9692 0.00616 0.00616
BinVal : 15 8 0.9808 0.002967 0.002967
BinVal : 15 9 0.9889 0.006143 0.006143
BinVal : 15 10 0.9863 0.01848 0.01848
BinVal : 15 11 1 0.04343 0.04343
BinVal : 15 12 1 0.03569 0.03569
BinVal : 16 0 0 0 0
BinVal : 16 1 0 0 0
BinVal : 16 2 0.1463 0.05566 0.05566
BinVal : 16 3 0.25 0.07457 0.07457
BinVal : 16 4 0.4907 0.04745 0.04745
BinVal : 16 5 0.6433 0.02634 0.02634
BinVal : 16 6 0.9588 0.008953 0.008953
BinVal : 16 7 0.9822 0.004394 0.004394
BinVal : 16 8 0.981 0.003003 0.003003
BinVal : 16 9 0.9829 0.00741 0.00741
BinVal : 16 10 0.9868 0.01778 0.01778
BinVal : 16 11 0.9545 0.05528 0.05528
BinVal : 16 12 1 0.03569 0.03569
BinVal : 17 0 0 0 0
BinVal : 17 1 0 0 0
BinVal : 17 2 0.1522 0.05324 0.05324
BinVal : 17 3 0.3243 0.07454 0.07454
BinVal : 17 4 0.4787 0.05072 0.05072
BinVal : 17 5 0.6542 0.02757 0.02757
BinVal : 17 6 0.9683 0.007746 0.007746
BinVal : 17 7 0.9841 0.004042 0.004042
BinVal : 17 8 0.9811 0.003067 0.003067
BinVal : 17 9 0.981 0.008215 0.008215
BinVal : 17 10 0.9859 0.01898 0.01898
BinVal : 17 11 0.9583 0.05128 0.05128
BinVal : 17 12 0.95 0.05994 0.05994
BinVal : 18 0 0 0 0
BinVal : 18 1 0 0 0
BinVal : 18 2 0.2286 0.0696 0.0696
BinVal : 18 3 0.4828 0.08834 0.08834
BinVal : 18 4 0.5441 0.05912 0.05912
BinVal : 18 5 0.7102 0.02886 0.02886
BinVal : 18 6 0.9605 0.008824 0.008824
BinVal : 18 7 0.9681 0.006008 0.006008
BinVal : 18 8 0.9779 0.003586 0.003586
BinVal : 18 9 0.9812 0.00902 0.00902
BinVal : 18 10 0.9836 0.02192 0.02192
BinVal : 18 11 0.95 0.05994 0.05994
BinVal : 18 12 0.8571 0.09466 0.09466
BinVal : 19 0 0 0 0
BinVal : 19 1 0 0 0
BinVal : 19 2 0.2667 0.1074 0.1074
BinVal : 19 3 0.4615 0.1247 0.1247
BinVal : 19 4 0.619 0.09962 0.09962
BinVal : 19 5 0.7593 0.04085 0.04085
BinVal : 19 6 0.9576 0.01358 0.01358
BinVal : 19 7 0.9574 0.01065 0.01065
BinVal : 19 8 0.973 0.00624 0.00624
BinVal : 19 9 0.9811 0.01574 0.01574
BinVal : 19 10 1 0.03569 0.03569
BinVal : 19 11 0.8571 0.1315 0.1315
BinVal : 19 12 0.8333 0.1443 0.1443
BinVal : 20 0 0 0 0
BinVal : 20 1 0 0 0
BinVal : 20 2 0 0 0
BinVal : 20 3 0 0 0
BinVal : 20 4 0 0 0
BinVal : 20 5 0 0 0
BinVal : 20 6 0 0 0
BinVal : 20 7 0 0 0
BinVal : 20 8 0 0 0
BinVal : 20 9 0 0 0
BinVal : 20 10 0 0 0
BinVal : 20 11 0 0 0
BinVal : 20 12 0 0 0
BinVal : 21 0 0 0 0
BinVal : 21 1 0 0 0
BinVal : 21 2 0 0 0
BinVal : 21 3 0 0 0
BinVal : 21 4 0 0 0
BinVal : 21 5 0 0 0
BinVal : 21 6 0 0 0
BinVal : 21 7 0 0 0
BinVal : 21 8 0 0 0
BinVal : 21 9 0 0 0
BinVal : 21 10 0 0 0
BinVal : 21 11 0 0 0
BinVal : 21 12 0 0 0
BinVal : 22 0 0 0 0
BinVal : 22 1 0 0 0
BinVal : 22 2 0.1702 0.05476 0.05476
BinVal : 22 3 0.2642 0.05951 0.05951
BinVal : 22 4 0.2562 0.0394 0.0394
BinVal : 22 5 0.4296 0.02959 0.02959
BinVal : 22 6 0.8849 0.01677 0.01677
BinVal : 22 7 0.8835 0.01417 0.01417
BinVal : 22 8 0.9016 0.009987 0.009987
BinVal : 22 9 0.8684 0.03188 0.03188
BinVal : 22 10 1 0.03843 0.03843
BinVal : 22 11 1 0.1936 0.1936
BinVal : 22 12 0.3333 0.2 0.2
BinVal : 23 0 0 0 0
BinVal : 23 1 0 0 0
BinVal : 23 2 0.07463 0.03368 0.03368
BinVal : 23 3 0.2115 0.05606 0.05606
BinVal : 23 4 0.3 0.04145 0.04145
BinVal : 23 5 0.3973 0.03249 0.03249
BinVal : 23 6 0.8251 0.02182 0.02182
BinVal : 23 7 0.8167 0.02038 0.02038
BinVal : 23 8 0.8631 0.01433 0.01433
BinVal : 23 9 0.7581 0.05371 0.05371
BinVal : 23 10 0.9333 0.07594 0.07594
BinVal : 23 11 1 0.1936 0.1936
BinVal : 23 12 1 0.1936 0.1936
BinVal : 24 0 0 0 0
BinVal : 24 1 0 0 0
BinVal : 24 2 0.12 0.03806 0.03806
BinVal : 24 3 0.1628 0.05637 0.05637
BinVal : 24 4 0.2963 0.0435 0.0435
BinVal : 24 5 0.4365 0.03657 0.03657
BinVal : 24 6 0.8163 0.02472 0.02472
BinVal : 24 7 0.8238 0.02438 0.02438
BinVal : 24 8 0.8949 0.0156 0.0156
BinVal : 24 9 0.7959 0.05704 0.05704
BinVal : 24 10 0.6667 0.2 0.2
BinVal : 24 11 1 0.1936 0.1936
BinVal : 24 12 1 0.1936 0.1936
BinVal : 25 0 0 0 0
BinVal : 25 1 0 0 0
BinVal : 25 2 0.1111 0.03774 0.03774
BinVal : 25 3 0.06383 0.03872 0.03872
BinVal : 25 4 0.2857 0.04515 0.04515
BinVal : 25 5 0.4211 0.03744 0.03744
BinVal : 25 6 0.8263 0.02595 0.02595
BinVal : 25 7 0.891 0.0252 0.0252
BinVal : 25 8 0.9228 0.0168 0.0168
BinVal : 25 9 0.8846 0.06498 0.06498
BinVal : 25 10 0.8846 0.06498 0.06498
BinVal : 25 11 0.8846 0.06498 0.06498
BinVal : 25 12 0.8846 0.06498 0.06498
BinVal : 26 0 0 0 0
BinVal : 26 1 0 0 0
BinVal : 26 2 0.03333 0.02703 0.02703
BinVal : 26 3 0.05882 0.04544 0.04544
BinVal : 26 4 0.2615 0.05375 0.05375
BinVal : 26 5 0.3411 0.04133 0.04133
BinVal : 26 6 0.7597 0.0374 0.0374
BinVal : 26 7 0.9 0.03678 0.03678
BinVal : 26 8 0.9365 0.02251 0.02251
BinVal : 26 9 1 0.1237 0.1237
BinVal : 26 10 1 0.1237 0.1237
BinVal : 26 11 1 0.1237 0.1237
BinVal : 26 12 1 0.1237 0.1237
BinVal : 27 0 0 0 0
BinVal : 27 1 0 0 0
BinVal : 27 2 0 0 0
BinVal : 27 3 0.1818 0.1126 0.1126
BinVal : 27 4 0.2069 0.07391 0.07391
BinVal : 27 5 0.2857 0.05926 0.05926
BinVal : 27 6 0.5294 0.08207 0.08207
BinVal : 27 7 0.8 0.08738 0.08738
BinVal : 27 8 0.9286 0.05388 0.05388
BinVal : 27 9 1 0.1633 0.1633
BinVal : 27 10 1 0.1633 0.1633
BinVal : 27 11 1 0.1633 0.1633
BinVal : 27 12 1 0.1633 0.1633
BinVal : 28 0 0 0 0
BinVal : 28 1 0 0 0
BinVal : 28 2 0 0 0
BinVal : 28 3 0 0 0
BinVal : 28 4 0.3333 0.2 0.2
BinVal : 28 5 0.3333 0.2 0.2
BinVal : 28 6 0.3333 0.2 0.2
BinVal : 28 7 0.5 0.2236 0.2236
BinVal : 28 8 1 0.2357 0.2357
BinVal : 28 9 1 0.2357 0.2357
BinVal : 28 10 1 0.2357 0.2357
BinVal : 28 11 1 0.2357 0.2357
BinVal : 28 12 1 0.2357 0.2357
