D0NoteID : 0
EffName : EM_OF_EJETS_v811_noL2
EffType : Binned
EffVarNames : DetEta pT
EffVersion : 6
ObjQuality : Point05
ObjType : Electron
ObjVersion : 3
TriggerVersion : v811
BinEdgesX : -3.2 -2.8 -2.5 -2.3 -2.1 -1.9 -1.7 -1.5 -1.3 -1.1 -0.9 -0.7 -0.5 -0.3 -0.1 0.1 0.3 0.5 0.7 0.9 1.1 1.3 1.5 1.7 1.9 2.1 2.3 2.5 2.8 3.2
BinEdgesY : 0 10 15 20 22 25 30 35 40 50 60 70 80 1000
BinVal : 0 0 0 0 0
BinVal : 0 1 0 0 0
BinVal : 0 2 0 0 0
BinVal : 0 3 0 0 0
BinVal : 0 4 0 0 0
BinVal : 0 5 0 0 0
BinVal : 0 6 0 0 0
BinVal : 0 7 0 0 0
BinVal : 0 8 0 0 0
BinVal : 0 9 0 0 0
BinVal : 0 10 0 0 0
BinVal : 0 11 0 0 0
BinVal : 0 12 0 0 0
BinVal : 1 0 0 0 0
BinVal : 1 1 0 0 0
BinVal : 1 2 0 0 0
BinVal : 1 3 0 0 0
BinVal : 1 4 0 0 0
BinVal : 1 5 0 0 0
BinVal : 1 6 0 0 0
BinVal : 1 7 0 0 0
BinVal : 1 8 0 0 0
BinVal : 1 9 0 0 0
BinVal : 1 10 0 0 0
BinVal : 1 11 0 0 0
BinVal : 1 12 0 0 0
BinVal : 2 0 0 0 0
BinVal : 2 1 0 0 0
BinVal : 2 2 0.75 0.1782 0.1782
BinVal : 2 3 0.25 0.1782 0.1782
BinVal : 2 4 0.4545 0.1332 0.1332
BinVal : 2 5 0.75 0.09286 0.09286
BinVal : 2 6 0.8 0.07196 0.07196
BinVal : 2 7 0.8276 0.06984 0.06984
BinVal : 2 8 0.7778 0.07813 0.07813
BinVal : 2 9 0.75 0.1782 0.1782
BinVal : 2 10 0.75 0.1782 0.1782
BinVal : 2 11 0.75 0.1782 0.1782
BinVal : 2 12 0.75 0.1782 0.1782
BinVal : 3 0 0 0 0
BinVal : 3 1 0 0 0
BinVal : 3 2 0.75 0.1782 0.1782
BinVal : 3 3 0.6 0.175 0.175
BinVal : 3 4 0.6429 0.1174 0.1174
BinVal : 3 5 0.8438 0.06444 0.06444
BinVal : 3 6 0.9524 0.03757 0.03757
BinVal : 3 7 0.9062 0.05446 0.05446
BinVal : 3 8 0.8571 0.05043 0.05043
BinVal : 3 9 0.8571 0.1315 0.1315
BinVal : 3 10 0.8571 0.1315 0.1315
BinVal : 3 11 0.8571 0.1315 0.1315
BinVal : 3 12 0.8571 0.1315 0.1315
BinVal : 4 0 0 0 0
BinVal : 4 1 0 0 0
BinVal : 4 2 0.25 0.1782 0.1782
BinVal : 4 3 1 0.1237 0.1237
BinVal : 4 4 0.7857 0.105 0.105
BinVal : 4 5 0.8605 0.05344 0.05344
BinVal : 4 6 0.9302 0.04196 0.04196
BinVal : 4 7 0.9167 0.04914 0.04914
BinVal : 4 8 0.9155 0.03423 0.03423
BinVal : 4 9 1 0.07666 0.07666
BinVal : 4 10 1 0.2357 0.2357
BinVal : 4 11 1 0.2357 0.2357
BinVal : 4 12 1 0.2357 0.2357
BinVal : 5 0 0 0 0
BinVal : 5 1 0 0 0
BinVal : 5 2 0.5 0.189 0.189
BinVal : 5 3 0.8333 0.1443 0.1443
BinVal : 5 4 0.9167 0.09035 0.09035
BinVal : 5 5 0.9444 0.04318 0.04318
BinVal : 5 6 0.8947 0.05165 0.05165
BinVal : 5 7 0.8627 0.04872 0.04872
BinVal : 5 8 0.8952 0.03036 0.03036
BinVal : 5 9 1 0.06236 0.06236
BinVal : 5 10 1 0.1409 0.1409
BinVal : 5 11 1 0.1936 0.1936
BinVal : 5 12 1 0.1936 0.1936
BinVal : 6 0 0 0 0
BinVal : 6 1 0 0 0
BinVal : 6 2 1 0.2357 0.2357
BinVal : 6 3 0.6667 0.2 0.2
BinVal : 6 4 0.8333 0.1443 0.1443
BinVal : 6 5 0.9286 0.08021 0.08021
BinVal : 6 6 0.8889 0.07792 0.07792
BinVal : 6 7 0.8 0.07196 0.07196
BinVal : 6 8 0.873 0.04251 0.04251
BinVal : 6 9 1 0.09938 0.09938
BinVal : 6 10 1 0.1633 0.1633
BinVal : 6 11 1 0.2357 0.2357
BinVal : 6 12 1 0.2357 0.2357
BinVal : 7 0 0 0 0
BinVal : 7 1 0 0 0
BinVal : 7 2 0 0 0
BinVal : 7 3 0 0 0
BinVal : 7 4 0 0 0
BinVal : 7 5 0 0 0
BinVal : 7 6 0 0 0
BinVal : 7 7 0 0 0
BinVal : 7 8 0 0 0
BinVal : 7 9 0 0 0
BinVal : 7 10 0 0 0
BinVal : 7 11 0 0 0
BinVal : 7 12 0 0 0
BinVal : 8 0 0 0 0
BinVal : 8 1 0 0 0
BinVal : 8 2 0 0 0
BinVal : 8 3 0 0 0
BinVal : 8 4 0 0 0
BinVal : 8 5 0 0 0
BinVal : 8 6 0 0 0
BinVal : 8 7 0 0 0
BinVal : 8 8 0 0 0
BinVal : 8 9 0 0 0
BinVal : 8 10 0 0 0
BinVal : 8 11 0 0 0
BinVal : 8 12 0 0 0
BinVal : 9 0 0 0 0
BinVal : 9 1 0 0 0
BinVal : 9 2 0.1429 0.1315 0.1315
BinVal : 9 3 0.5 0.2236 0.2236
BinVal : 9 4 0.8333 0.1443 0.1443
BinVal : 9 5 0.9444 0.06547 0.06547
BinVal : 9 6 0.8889 0.04817 0.04817
BinVal : 9 7 0.9101 0.03112 0.03112
BinVal : 9 8 0.9355 0.01845 0.01845
BinVal : 9 9 0.875 0.05336 0.05336
BinVal : 9 10 0.6667 0.2 0.2
BinVal : 9 11 1 0.1633 0.1633
BinVal : 9 12 1 0.2357 0.2357
BinVal : 10 0 0 0 0
BinVal : 10 1 0 0 0
BinVal : 10 2 0 0 0
BinVal : 10 3 0.5 0.189 0.189
BinVal : 10 4 1 0.1237 0.1237
BinVal : 10 5 1 0.03997 0.03997
BinVal : 10 6 0.9583 0.03325 0.03325
BinVal : 10 7 0.9126 0.02851 0.02851
BinVal : 10 8 0.9343 0.01733 0.01733
BinVal : 10 9 0.9318 0.0411 0.0411
BinVal : 10 10 0.875 0.1206 0.1206
BinVal : 10 11 0.75 0.1782 0.1782
BinVal : 10 12 1 0.1633 0.1633
BinVal : 11 0 0 0 0
BinVal : 11 1 0 0 0
BinVal : 11 2 0.1429 0.1315 0.1315
BinVal : 11 3 0.4 0.175 0.175
BinVal : 11 4 1 0.09045 0.09045
BinVal : 11 5 0.9412 0.04544 0.04544
BinVal : 11 6 0.9167 0.04201 0.04201
BinVal : 11 7 0.9362 0.0264 0.0264
BinVal : 11 8 0.9283 0.01758 0.01758
BinVal : 11 9 0.9565 0.03458 0.03458
BinVal : 11 10 0.9167 0.09035 0.09035
BinVal : 11 11 0.5 0.189 0.189
BinVal : 11 12 0.6667 0.2 0.2
BinVal : 12 0 0 0 0
BinVal : 12 1 0 0 0
BinVal : 12 2 0.6667 0.2 0.2
BinVal : 12 3 0.6667 0.2 0.2
BinVal : 12 4 0.9 0.1034 0.1034
BinVal : 12 5 0.8333 0.0575 0.0575
BinVal : 12 6 0.8333 0.0538 0.0538
BinVal : 12 7 0.9744 0.02111 0.02111
BinVal : 12 8 0.9209 0.01718 0.01718
BinVal : 12 9 0.9474 0.04113 0.04113
BinVal : 12 10 0.8571 0.1315 0.1315
BinVal : 12 11 0.5 0.189 0.189
BinVal : 12 12 0.5 0.189 0.189
BinVal : 13 0 0 0 0
BinVal : 13 1 0 0 0
BinVal : 13 2 1 0.1936 0.1936
BinVal : 13 3 1 0.1936 0.1936
BinVal : 13 4 0.7 0.1307 0.1307
BinVal : 13 5 0.8571 0.05979 0.05979
BinVal : 13 6 0.8431 0.05109 0.05109
BinVal : 13 7 0.942 0.03015 0.03015
BinVal : 13 8 0.9091 0.01786 0.01786
BinVal : 13 9 0.8889 0.05413 0.05413
BinVal : 13 10 1 0.1936 0.1936
BinVal : 13 11 0.6667 0.2 0.2
BinVal : 13 12 0.5 0.2236 0.2236
BinVal : 14 0 0 0 0
BinVal : 14 1 0 0 0
BinVal : 14 2 1 0.2357 0.2357
BinVal : 14 3 1 0.2357 0.2357
BinVal : 14 4 0.7 0.1307 0.1307
BinVal : 14 5 0.9355 0.0493 0.0493
BinVal : 14 6 0.8667 0.04438 0.04438
BinVal : 14 7 0.9524 0.02958 0.02958
BinVal : 14 8 0.9357 0.01583 0.01583
BinVal : 14 9 0.8542 0.05134 0.05134
BinVal : 14 10 1 0.1237 0.1237
BinVal : 14 11 1 0.1237 0.1237
BinVal : 14 12 0.6667 0.2 0.2
BinVal : 15 0 0 0 0
BinVal : 15 1 0 0 0
BinVal : 15 2 0 0 0
BinVal : 15 3 1 0.2357 0.2357
BinVal : 15 4 0.8 0.1201 0.1201
BinVal : 15 5 0.8966 0.05926 0.05926
BinVal : 15 6 0.8923 0.03932 0.03932
BinVal : 15 7 0.9324 0.03073 0.03073
BinVal : 15 8 0.9316 0.01582 0.01582
BinVal : 15 9 0.8333 0.05073 0.05073
BinVal : 15 10 0.8333 0.1443 0.1443
BinVal : 15 11 1 0.1409 0.1409
BinVal : 15 12 1 0.1409 0.1409
BinVal : 16 0 0 0 0
BinVal : 16 1 0 0 0
BinVal : 16 2 0 0 0
BinVal : 16 3 0.6667 0.1614 0.1614
BinVal : 16 4 0.8571 0.1315 0.1315
BinVal : 16 5 0.8276 0.06984 0.06984
BinVal : 16 6 0.9259 0.03777 0.03777
BinVal : 16 7 0.87 0.03391 0.03391
BinVal : 16 8 0.8902 0.0197 0.0197
BinVal : 16 9 0.8448 0.04772 0.04772
BinVal : 16 10 0.8571 0.1315 0.1315
BinVal : 16 11 0.5 0.2236 0.2236
BinVal : 16 12 1 0.1633 0.1633
BinVal : 17 0 0 0 0
BinVal : 17 1 0 0 0
BinVal : 17 2 0.5 0.2236 0.2236
BinVal : 17 3 0.75 0.1382 0.1382
BinVal : 17 4 0.8571 0.1315 0.1315
BinVal : 17 5 0.8182 0.08122 0.08122
BinVal : 17 6 0.875 0.04859 0.04859
BinVal : 17 7 0.8983 0.02825 0.02825
BinVal : 17 8 0.9083 0.01927 0.01927
BinVal : 17 9 0.8776 0.04772 0.04772
BinVal : 17 10 1 0.09045 0.09045
BinVal : 17 11 0.5 0.2236 0.2236
BinVal : 17 12 0.5 0.2236 0.2236
BinVal : 18 0 0 0 0
BinVal : 18 1 0 0 0
BinVal : 18 2 0.3333 0.2 0.2
BinVal : 18 3 1 0.1237 0.1237
BinVal : 18 4 0.8571 0.1315 0.1315
BinVal : 18 5 0.9333 0.07594 0.07594
BinVal : 18 6 0.8636 0.05239 0.05239
BinVal : 18 7 0.9451 0.02534 0.02534
BinVal : 18 8 0.9188 0.01976 0.01976
BinVal : 18 9 0.8125 0.06835 0.06835
BinVal : 18 10 1 0.1237 0.1237
BinVal : 18 11 1 0.1237 0.1237
BinVal : 18 12 1 0.2357 0.2357
BinVal : 19 0 0 0 0
BinVal : 19 1 0 0 0
BinVal : 19 2 0 0 0
BinVal : 19 3 1 0.1936 0.1936
BinVal : 19 4 1 0.1936 0.1936
BinVal : 19 5 0.8571 0.1315 0.1315
BinVal : 19 6 0.8889 0.07792 0.07792
BinVal : 19 7 0.9667 0.04214 0.04214
BinVal : 19 8 0.8889 0.03552 0.03552
BinVal : 19 9 0.6923 0.1179 0.1179
BinVal : 19 10 1 0.2357 0.2357
BinVal : 19 11 1 0.2357 0.2357
BinVal : 19 12 1 0.2357 0.2357
BinVal : 20 0 0 0 0
BinVal : 20 1 0 0 0
BinVal : 20 2 0 0 0
BinVal : 20 3 0 0 0
BinVal : 20 4 0 0 0
BinVal : 20 5 0 0 0
BinVal : 20 6 0 0 0
BinVal : 20 7 0 0 0
BinVal : 20 8 0 0 0
BinVal : 20 9 0 0 0
BinVal : 20 10 0 0 0
BinVal : 20 11 0 0 0
BinVal : 20 12 0 0 0
BinVal : 21 0 0 0 0
BinVal : 21 1 0 0 0
BinVal : 21 2 0 0 0
BinVal : 21 3 0 0 0
BinVal : 21 4 0 0 0
BinVal : 21 5 0 0 0
BinVal : 21 6 0 0 0
BinVal : 21 7 0 0 0
BinVal : 21 8 0 0 0
BinVal : 21 9 0 0 0
BinVal : 21 10 0 0 0
BinVal : 21 11 0 0 0
BinVal : 21 12 0 0 0
BinVal : 22 0 0 0 0
BinVal : 22 1 0 0 0
BinVal : 22 2 0.3333 0.2 0.2
BinVal : 22 3 0.75 0.1782 0.1782
BinVal : 22 4 0.7778 0.1286 0.1286
BinVal : 22 5 0.8511 0.05227 0.05227
BinVal : 22 6 0.8085 0.057 0.057
BinVal : 22 7 0.9412 0.03056 0.03056
BinVal : 22 8 0.9084 0.02565 0.02565
BinVal : 22 9 1 0.0665 0.0665
BinVal : 22 10 1 0.0665 0.0665
BinVal : 22 11 1 0.0665 0.0665
BinVal : 22 12 1 0.0665 0.0665
BinVal : 23 0 0 0 0
BinVal : 23 1 0 0 0
BinVal : 23 2 0.3333 0.2 0.2
BinVal : 23 3 0.875 0.1206 0.1206
BinVal : 23 4 0.75 0.1166 0.1166
BinVal : 23 5 0.875 0.05336 0.05336
BinVal : 23 6 0.8222 0.05679 0.05679
BinVal : 23 7 0.973 0.02219 0.02219
BinVal : 23 8 0.8889 0.03204 0.03204
BinVal : 23 9 0.9333 0.07594 0.07594
BinVal : 23 10 1 0.2357 0.2357
BinVal : 23 11 1 0.2357 0.2357
BinVal : 23 12 1 0.2357 0.2357
BinVal : 24 0 0 0 0
BinVal : 24 1 0 0 0
BinVal : 24 2 0.6667 0.2 0.2
BinVal : 24 3 0.8889 0.1113 0.1113
BinVal : 24 4 0.7647 0.09846 0.09846
BinVal : 24 5 0.9355 0.0493 0.0493
BinVal : 24 6 0.9444 0.04318 0.04318
BinVal : 24 7 0.9333 0.03431 0.03431
BinVal : 24 8 0.8358 0.0453 0.0453
BinVal : 24 9 0.9091 0.09643 0.09643
BinVal : 24 10 1 0.2357 0.2357
BinVal : 24 11 1 0.2357 0.2357
BinVal : 24 12 1 0.2357 0.2357
BinVal : 25 0 0 0 0
BinVal : 25 1 0 0 0
BinVal : 25 2 0.4 0.175 0.175
BinVal : 25 3 1 0.1409 0.1409
BinVal : 25 4 0.5 0.1213 0.1213
BinVal : 25 5 0.7 0.08069 0.08069
BinVal : 25 6 0.7407 0.0816 0.0816
BinVal : 25 7 0.8667 0.06321 0.06321
BinVal : 25 8 0.7111 0.06601 0.06601
BinVal : 25 9 0.5714 0.1571 0.1571
BinVal : 25 10 0.5714 0.1571 0.1571
BinVal : 25 11 0.5714 0.1571 0.1571
BinVal : 25 12 0.5714 0.1571 0.1571
BinVal : 26 0 0 0 0
BinVal : 26 1 0 0 0
BinVal : 26 2 0 0 0
BinVal : 26 3 0 0 0
BinVal : 26 4 0.07143 0.08021 0.08021
BinVal : 26 5 0.125 0.06944 0.06944
BinVal : 26 6 0.2381 0.08963 0.08963
BinVal : 26 7 0.2143 0.105 0.105
BinVal : 26 8 0.375 0.09363 0.09363
BinVal : 26 9 0.2 0.1597 0.1597
BinVal : 26 10 0.2 0.1597 0.1597
BinVal : 26 11 0.2 0.1597 0.1597
BinVal : 26 12 0.2 0.1597 0.1597
BinVal : 27 0 0 0 0
BinVal : 27 1 0 0 0
BinVal : 27 2 0 0 0
BinVal : 27 3 0 0 0
BinVal : 27 4 0 0 0
BinVal : 27 5 0 0 0
BinVal : 27 6 0 0 0
BinVal : 27 7 0 0 0
BinVal : 27 8 0 0 0
BinVal : 27 9 0 0 0
BinVal : 27 10 0 0 0
BinVal : 27 11 0 0 0
BinVal : 27 12 0 0 0
BinVal : 28 0 0 0 0
BinVal : 28 1 0 0 0
BinVal : 28 2 0 0 0
BinVal : 28 3 0 0 0
BinVal : 28 4 0 0 0
BinVal : 28 5 0 0 0
BinVal : 28 6 0 0 0
BinVal : 28 7 0 0 0
BinVal : 28 8 0 0 0
BinVal : 28 9 0 0 0
BinVal : 28 10 0 0 0
BinVal : 28 11 0 0 0
BinVal : 28 12 0 0 0
