D0NoteID : 0
EffName : EM_OF_EJETS_v12
EffType : Binned
EffVarNames : DetEta pT
EffVersion : 6
ObjQuality : VLoose
ObjType : Electron
ObjVersion : 12
BinEdgesX : -3.2 -2.8 -2.5 -2.3 -2.1 -1.9 -1.7 -1.5 -1.3 -1.1 -0.9 -0.7 -0.5 -0.3 -0.1 0.1 0.3 0.5 0.7 0.9 1.1 1.3 1.5 1.7 1.9 2.1 2.3 2.5 2.8 3.2
BinEdgesY : 0 10 15 20 22 25 30 35 40 50 60 70 80 1000
BinVal : 0 0 0 0 0
BinVal : 0 1 0 0 0
BinVal : 0 2 0.07207 0.02536 0.02536
BinVal : 0 3 0.2597 0.04939 0.04939
BinVal : 0 4 0.5563 0.04004 0.04004
BinVal : 0 5 0.5794 0.03092 0.03092
BinVal : 0 6 0.6813 0.03431 0.03431
BinVal : 0 7 0.6863 0.04542 0.04542
BinVal : 0 8 0.7018 0.04244 0.04244
BinVal : 0 9 1 0.1237 0.1237
BinVal : 0 10 1 0.1237 0.1237
BinVal : 0 11 1 0.1237 0.1237
BinVal : 0 12 1 0.1237 0.1237
BinVal : 1 0 0 0 0
BinVal : 1 1 0 0 0
BinVal : 1 2 0.1081 0.02988 0.02988
BinVal : 1 3 0.3735 0.05225 0.05225
BinVal : 1 4 0.6414 0.03947 0.03947
BinVal : 1 5 0.6756 0.02696 0.02696
BinVal : 1 6 0.7222 0.0281 0.0281
BinVal : 1 7 0.8082 0.03252 0.03252
BinVal : 1 8 0.7624 0.02984 0.02984
BinVal : 1 9 0.7727 0.0866 0.0866
BinVal : 1 10 1 0.2357 0.2357
BinVal : 1 11 1 0.2357 0.2357
BinVal : 1 12 1 0.2357 0.2357
BinVal : 2 0 0 0 0
BinVal : 2 1 0 0 0
BinVal : 2 2 0.09 0.0293 0.0293
BinVal : 2 3 0.5 0.0513 0.0513
BinVal : 2 4 0.6441 0.04359 0.04359
BinVal : 2 5 0.7417 0.0265 0.0265
BinVal : 2 6 0.7254 0.02639 0.02639
BinVal : 2 7 0.7629 0.02783 0.02783
BinVal : 2 8 0.7774 0.02508 0.02508
BinVal : 2 9 0.7692 0.06626 0.06626
BinVal : 2 10 1 0.1102 0.1102
BinVal : 2 11 1 0.1102 0.1102
BinVal : 2 12 1 0.2357 0.2357
BinVal : 3 0 0 0 0
BinVal : 3 1 0 0 0
BinVal : 3 2 0.181 0.03751 0.03751
BinVal : 3 3 0.5376 0.05089 0.05089
BinVal : 3 4 0.6763 0.03934 0.03934
BinVal : 3 5 0.7411 0.026 0.026
BinVal : 3 6 0.7288 0.02356 0.02356
BinVal : 3 7 0.7674 0.02317 0.02317
BinVal : 3 8 0.7927 0.02074 0.02074
BinVal : 3 9 0.8333 0.0538 0.0538
BinVal : 3 10 0.875 0.1206 0.1206
BinVal : 3 11 0.875 0.1206 0.1206
BinVal : 3 12 0.5 0.2236 0.2236
BinVal : 4 0 0 0 0
BinVal : 4 1 0 0 0
BinVal : 4 2 0.2471 0.04633 0.04633
BinVal : 4 3 0.5538 0.0603 0.0603
BinVal : 4 4 0.6759 0.03855 0.03855
BinVal : 4 5 0.6867 0.02668 0.02668
BinVal : 4 6 0.7379 0.02213 0.02213
BinVal : 4 7 0.7525 0.02132 0.02132
BinVal : 4 8 0.7672 0.01821 0.01821
BinVal : 4 9 0.8548 0.04504 0.04504
BinVal : 4 10 0.75 0.1166 0.1166
BinVal : 4 11 0.75 0.1166 0.1166
BinVal : 4 12 0.75 0.1166 0.1166
BinVal : 5 0 0 0 0
BinVal : 5 1 0 0 0
BinVal : 5 2 0.3188 0.05515 0.05515
BinVal : 5 3 0.625 0.07406 0.07406
BinVal : 5 4 0.7333 0.04005 0.04005
BinVal : 5 5 0.746 0.02462 0.02462
BinVal : 5 6 0.7985 0.01974 0.01974
BinVal : 5 7 0.7954 0.01842 0.01842
BinVal : 5 8 0.8352 0.01387 0.01387
BinVal : 5 9 0.8636 0.03685 0.03685
BinVal : 5 10 0.8333 0.07585 0.07585
BinVal : 5 11 1 0.1936 0.1936
BinVal : 5 12 0.5 0.189 0.189
BinVal : 6 0 0 0 0
BinVal : 6 1 0 0 0
BinVal : 6 2 0.4412 0.08169 0.08169
BinVal : 6 3 0.6 0.116 0.116
BinVal : 6 4 0.8367 0.05287 0.05287
BinVal : 6 5 0.8176 0.03059 0.03059
BinVal : 6 6 0.8396 0.02522 0.02522
BinVal : 6 7 0.8504 0.02242 0.02242
BinVal : 6 8 0.903 0.01484 0.01484
BinVal : 6 9 0.8654 0.0479 0.0479
BinVal : 6 10 0.8667 0.08985 0.08985
BinVal : 6 11 1 0.1936 0.1936
BinVal : 6 12 0.5 0.189 0.189
BinVal : 7 0 0 0 0
BinVal : 7 1 0 0 0
BinVal : 7 2 0 0 0
BinVal : 7 3 0 0 0
BinVal : 7 4 0 0 0
BinVal : 7 5 0 0 0
BinVal : 7 6 0 0 0
BinVal : 7 7 0 0 0
BinVal : 7 8 0 0 0
BinVal : 7 9 0 0 0
BinVal : 7 10 0 0 0
BinVal : 7 11 0 0 0
BinVal : 7 12 0 0 0
BinVal : 8 0 0 0 0
BinVal : 8 1 0 0 0
BinVal : 8 2 0 0 0
BinVal : 8 3 0 0 0
BinVal : 8 4 0 0 0
BinVal : 8 5 0 0 0
BinVal : 8 6 0 0 0
BinVal : 8 7 0 0 0
BinVal : 8 8 0 0 0
BinVal : 8 9 0 0 0
BinVal : 8 10 0 0 0
BinVal : 8 11 0 0 0
BinVal : 8 12 0 0 0
BinVal : 9 0 0 0 0
BinVal : 9 1 0 0 0
BinVal : 9 2 0.2692 0.0604 0.0604
BinVal : 9 3 0.8065 0.07011 0.07011
BinVal : 9 4 0.8413 0.04615 0.04615
BinVal : 9 5 0.9167 0.02169 0.02169
BinVal : 9 6 0.9471 0.01171 0.01171
BinVal : 9 7 0.9729 0.006643 0.006643
BinVal : 9 8 0.9619 0.005432 0.005432
BinVal : 9 9 0.9809 0.01045 0.01045
BinVal : 9 10 1 0.02438 0.02438
BinVal : 9 11 0.9333 0.07594 0.07594
BinVal : 9 12 1 0.04993 0.04993
BinVal : 10 0 0 0 0
BinVal : 10 1 0 0 0
BinVal : 10 2 0.2321 0.05571 0.05571
BinVal : 10 3 0.6389 0.07724 0.07724
BinVal : 10 4 0.8831 0.03718 0.03718
BinVal : 10 5 0.9301 0.0191 0.0191
BinVal : 10 6 0.9458 0.0114 0.0114
BinVal : 10 7 0.9688 0.006677 0.006677
BinVal : 10 8 0.9701 0.004327 0.004327
BinVal : 10 9 0.9885 0.007532 0.007532
BinVal : 10 10 1 0.01695 0.01695
BinVal : 10 11 0.9167 0.09035 0.09035
BinVal : 10 12 1 0.04343 0.04343
BinVal : 11 0 0 0 0
BinVal : 11 1 0 0 0
BinVal : 11 2 0.2 0.06678 0.06678
BinVal : 11 3 0.6486 0.07585 0.07585
BinVal : 11 4 0.8767 0.03899 0.03899
BinVal : 11 5 0.9356 0.01766 0.01766
BinVal : 11 6 0.9572 0.01038 0.01038
BinVal : 11 7 0.9708 0.006401 0.006401
BinVal : 11 8 0.9767 0.003723 0.003723
BinVal : 11 9 0.9925 0.006367 0.006367
BinVal : 11 10 1 0.01852 0.01852
BinVal : 11 11 1 0.05871 0.05871
BinVal : 11 12 1 0.04756 0.04756
BinVal : 12 0 0 0 0
BinVal : 12 1 0 0 0
BinVal : 12 2 0.2647 0.07363 0.07363
BinVal : 12 3 0.7241 0.08024 0.08024
BinVal : 12 4 0.8767 0.03899 0.03899
BinVal : 12 5 0.9244 0.01789 0.01789
BinVal : 12 6 0.9603 0.009952 0.009952
BinVal : 12 7 0.9731 0.006222 0.006222
BinVal : 12 8 0.9723 0.004014 0.004014
BinVal : 12 9 1 0.004149 0.004149
BinVal : 12 10 0.9783 0.02855 0.02855
BinVal : 12 11 1 0.0454 0.0454
BinVal : 12 12 1 0.04343 0.04343
BinVal : 13 0 0 0 0
BinVal : 13 1 0 0 0
BinVal : 13 2 0.2258 0.0735 0.0735
BinVal : 13 3 0.7241 0.08024 0.08024
BinVal : 13 4 0.9079 0.03413 0.03413
BinVal : 13 5 0.9389 0.01508 0.01508
BinVal : 13 6 0.9542 0.01017 0.01017
BinVal : 13 7 0.9483 0.008716 0.008716
BinVal : 13 8 0.9648 0.00445 0.00445
BinVal : 13 9 0.9837 0.008943 0.008943
BinVal : 13 10 0.9516 0.03002 0.03002
BinVal : 13 11 1 0.03997 0.03997
BinVal : 13 12 1 0.04756 0.04756
BinVal : 14 0 0 0 0
BinVal : 14 1 0 0 0
BinVal : 14 2 0.2812 0.07702 0.07702
BinVal : 14 3 0.8148 0.07396 0.07396
BinVal : 14 4 0.9324 0.03073 0.03073
BinVal : 14 5 0.8901 0.01904 0.01904
BinVal : 14 6 0.9197 0.01311 0.01311
BinVal : 14 7 0.9353 0.009972 0.009972
BinVal : 14 8 0.9474 0.005244 0.005244
BinVal : 14 9 0.9527 0.01314 0.01314
BinVal : 14 10 0.9538 0.02873 0.02873
BinVal : 14 11 0.913 0.06373 0.06373
BinVal : 14 12 1 0.0665 0.0665
BinVal : 15 0 0 0 0
BinVal : 15 1 0 0 0
BinVal : 15 2 0.3333 0.07597 0.07597
BinVal : 15 3 0.8788 0.05832 0.05832
BinVal : 15 4 0.9062 0.03762 0.03762
BinVal : 15 5 0.8538 0.02195 0.02195
BinVal : 15 6 0.8723 0.01626 0.01626
BinVal : 15 7 0.9161 0.01108 0.01108
BinVal : 15 8 0.928 0.006168 0.006168
BinVal : 15 9 0.9228 0.016 0.016
BinVal : 15 10 0.8889 0.0438 0.0438
BinVal : 15 11 0.8846 0.06498 0.06498
BinVal : 15 12 0.9375 0.0721 0.0721
BinVal : 16 0 0 0 0
BinVal : 16 1 0 0 0
BinVal : 16 2 0.35 0.07307 0.07307
BinVal : 16 3 0.766 0.06081 0.06081
BinVal : 16 4 0.75 0.05342 0.05342
BinVal : 16 5 0.8692 0.02198 0.02198
BinVal : 16 6 0.8789 0.01595 0.01595
BinVal : 16 7 0.9054 0.01079 0.01079
BinVal : 16 8 0.9221 0.006626 0.006626
BinVal : 16 9 0.9081 0.01767 0.01767
BinVal : 16 10 0.8727 0.04561 0.04561
BinVal : 16 11 0.96 0.04949 0.04949
BinVal : 16 12 0.95 0.05994 0.05994
BinVal : 17 0 0 0 0
BinVal : 17 1 0 0 0
BinVal : 17 2 0.2653 0.06189 0.06189
BinVal : 17 3 0.6316 0.07561 0.07561
BinVal : 17 4 0.7606 0.0501 0.0501
BinVal : 17 5 0.8696 0.02351 0.02351
BinVal : 17 6 0.9172 0.01312 0.01312
BinVal : 17 7 0.9009 0.01075 0.01075
BinVal : 17 8 0.9223 0.006825 0.006825
BinVal : 17 9 0.9098 0.01773 0.01773
BinVal : 17 10 0.9423 0.03531 0.03531
BinVal : 17 11 0.95 0.05994 0.05994
BinVal : 17 12 1 0.05546 0.05546
BinVal : 18 0 0 0 0
BinVal : 18 1 0 0 0
BinVal : 18 2 0.1818 0.05786 0.05786
BinVal : 18 3 0.5769 0.0919 0.0919
BinVal : 18 4 0.871 0.04312 0.04312
BinVal : 18 5 0.849 0.02589 0.02589
BinVal : 18 6 0.9065 0.01434 0.01434
BinVal : 18 7 0.8721 0.01305 0.01305
BinVal : 18 8 0.9074 0.007998 0.007998
BinVal : 18 9 0.9042 0.01917 0.01917
BinVal : 18 10 0.9268 0.04379 0.04379
BinVal : 18 11 0.8462 0.1 0.1
BinVal : 18 12 1 0.08299 0.08299
BinVal : 19 0 0 0 0
BinVal : 19 1 0 0 0
BinVal : 19 2 0.25 0.09286 0.09286
BinVal : 19 3 0.5455 0.1332 0.1332
BinVal : 19 4 0.8889 0.06296 0.06296
BinVal : 19 5 0.8316 0.0384 0.0384
BinVal : 19 6 0.8652 0.02571 0.02571
BinVal : 19 7 0.8606 0.02049 0.02049
BinVal : 19 8 0.8914 0.01306 0.01306
BinVal : 19 9 0.8911 0.03146 0.03146
BinVal : 19 10 0.875 0.0855 0.0855
BinVal : 19 11 0.6667 0.2 0.2
BinVal : 19 12 1 0.1936 0.1936
BinVal : 20 0 0 0 0
BinVal : 20 1 0 0 0
BinVal : 20 2 0 0 0
BinVal : 20 3 0 0 0
BinVal : 20 4 0 0 0
BinVal : 20 5 0 0 0
BinVal : 20 6 0 0 0
BinVal : 20 7 0 0 0
BinVal : 20 8 0 0 0
BinVal : 20 9 0 0 0
BinVal : 20 10 0 0 0
BinVal : 20 11 0 0 0
BinVal : 20 12 0 0 0
BinVal : 21 0 0 0 0
BinVal : 21 1 0 0 0
BinVal : 21 2 0 0 0
BinVal : 21 3 0 0 0
BinVal : 21 4 0 0 0
BinVal : 21 5 0 0 0
BinVal : 21 6 0 0 0
BinVal : 21 7 0 0 0
BinVal : 21 8 0 0 0
BinVal : 21 9 0 0 0
BinVal : 21 10 0 0 0
BinVal : 21 11 0 0 0
BinVal : 21 12 0 0 0
BinVal : 22 0 0 0 0
BinVal : 22 1 0 0 0
BinVal : 22 2 0.1364 0.05239 0.05239
BinVal : 22 3 0.5952 0.07329 0.07329
BinVal : 22 4 0.7519 0.03722 0.03722
BinVal : 22 5 0.8264 0.02232 0.02232
BinVal : 22 6 0.8402 0.01861 0.01861
BinVal : 22 7 0.8579 0.01501 0.01501
BinVal : 22 8 0.8943 0.01087 0.01087
BinVal : 22 9 0.8532 0.03403 0.03403
BinVal : 22 10 0.8333 0.08729 0.08729
BinVal : 22 11 1 0.09938 0.09938
BinVal : 22 12 1 0.1936 0.1936
BinVal : 23 0 0 0 0
BinVal : 23 1 0 0 0
BinVal : 23 2 0.1392 0.03923 0.03923
BinVal : 23 3 0.5455 0.05996 0.05996
BinVal : 23 4 0.6929 0.03867 0.03867
BinVal : 23 5 0.8021 0.02345 0.02345
BinVal : 23 6 0.7867 0.02196 0.02196
BinVal : 23 7 0.8402 0.01752 0.01752
BinVal : 23 8 0.8377 0.01549 0.01549
BinVal : 23 9 0.7831 0.04492 0.04492
BinVal : 23 10 0.7778 0.09449 0.09449
BinVal : 23 11 1 0.1633 0.1633
BinVal : 23 12 1 0.1633 0.1633
BinVal : 24 0 0 0 0
BinVal : 24 1 0 0 0
BinVal : 24 2 0.1273 0.03204 0.03204
BinVal : 24 3 0.4783 0.05887 0.05887
BinVal : 24 4 0.685 0.04084 0.04084
BinVal : 24 5 0.7994 0.02275 0.02275
BinVal : 24 6 0.7818 0.0227 0.0227
BinVal : 24 7 0.8515 0.0196 0.0196
BinVal : 24 8 0.8416 0.01737 0.01737
BinVal : 24 9 0.8478 0.05324 0.05324
BinVal : 24 10 0.9 0.1034 0.1034
BinVal : 24 11 0.9 0.1034 0.1034
BinVal : 24 12 0.9 0.1034 0.1034
BinVal : 25 0 0 0 0
BinVal : 25 1 0 0 0
BinVal : 25 2 0.0813 0.02524 0.02524
BinVal : 25 3 0.3896 0.05459 0.05459
BinVal : 25 4 0.6923 0.04012 0.04012
BinVal : 25 5 0.798 0.02307 0.02307
BinVal : 25 6 0.8274 0.02157 0.02157
BinVal : 25 7 0.839 0.02569 0.02569
BinVal : 25 8 0.8738 0.01921 0.01921
BinVal : 25 9 0.8929 0.06105 0.06105
BinVal : 25 10 0.6667 0.2 0.2
BinVal : 25 11 0.6667 0.2 0.2
BinVal : 25 12 1 0.2357 0.2357
BinVal : 26 0 0 0 0
BinVal : 26 1 0 0 0
BinVal : 26 2 0.02778 0.015 0.015
BinVal : 26 3 0.3905 0.04699 0.04699
BinVal : 26 4 0.6875 0.03831 0.03831
BinVal : 26 5 0.7452 0.02468 0.02468
BinVal : 26 6 0.8062 0.0262 0.0262
BinVal : 26 7 0.7734 0.03681 0.03681
BinVal : 26 8 0.8398 0.02415 0.02415
BinVal : 26 9 0.9375 0.0721 0.0721
BinVal : 26 10 0.9375 0.0721 0.0721
BinVal : 26 11 1 0.2357 0.2357
BinVal : 26 12 1 0.2357 0.2357
BinVal : 27 0 0 0 0
BinVal : 27 1 0 0 0
BinVal : 27 2 0.03571 0.01682 0.01682
BinVal : 27 3 0.3235 0.04578 0.04578
BinVal : 27 4 0.5809 0.04187 0.04187
BinVal : 27 5 0.6502 0.02926 0.02926
BinVal : 27 6 0.6929 0.03867 0.03867
BinVal : 27 7 0.6509 0.04574 0.04574
BinVal : 27 8 0.746 0.03851 0.03851
BinVal : 27 9 1 0.1936 0.1936
BinVal : 27 10 1 0.1936 0.1936
BinVal : 27 11 1 0.2357 0.2357
BinVal : 27 12 1 0.2357 0.2357
BinVal : 28 0 0 0 0
BinVal : 28 1 0 0 0
BinVal : 28 2 0.07937 0.03563 0.03563
BinVal : 28 3 0.2045 0.06017 0.06017
BinVal : 28 4 0.4561 0.06432 0.06432
BinVal : 28 5 0.5464 0.04979 0.04979
BinVal : 28 6 0.5952 0.07329 0.07329
BinVal : 28 7 0.5227 0.07286 0.07286
BinVal : 28 8 0.5238 0.102 0.102
BinVal : 28 9 0.5238 0.102 0.102
BinVal : 28 10 0.5238 0.102 0.102
BinVal : 28 11 0.5238 0.102 0.102
BinVal : 28 12 0.5238 0.102 0.102
