D0NoteID : 0
EffName : EM_OF_EJETS_v811
EffType : Binned
EffVarNames : DetEta pT
EffVersion : 6
ObjQuality : Top_tight
ObjType : Electron
ObjVersion : 4
BinEdgesX : -3.2 -2.8 -2.5 -2.3 -2.1 -1.9 -1.7 -1.5 -1.3 -1.1 -0.9 -0.7 -0.5 -0.3 -0.1 0.1 0.3 0.5 0.7 0.9 1.1 1.3 1.5 1.7 1.9 2.1 2.3 2.5 2.8 3.2
BinEdgesY : 0 10 15 20 22 25 30 35 40 50 60 70 80 1000
BinVal : 0 0 0 0 0
BinVal : 0 1 0 0 0
BinVal : 0 2 1 0.2357 0.2357
BinVal : 0 3 1 0.2357 0.2357
BinVal : 0 4 1 0.2357 0.2357
BinVal : 0 5 1 0.1409 0.1409
BinVal : 0 6 1 0.1409 0.1409
BinVal : 0 7 1 0.1633 0.1633
BinVal : 0 8 1 0.1936 0.1936
BinVal : 0 9 1 0.2357 0.2357
BinVal : 0 10 1 0.2357 0.2357
BinVal : 0 11 1 0.2357 0.2357
BinVal : 0 12 1 0.2357 0.2357
BinVal : 1 0 0 0 0
BinVal : 1 1 0 0 0
BinVal : 1 2 0.5 0.2236 0.2236
BinVal : 1 3 0.5 0.2236 0.2236
BinVal : 1 4 0.8333 0.1443 0.1443
BinVal : 1 5 0.7778 0.09449 0.09449
BinVal : 1 6 1 0.07666 0.07666
BinVal : 1 7 0.8182 0.1126 0.1126
BinVal : 1 8 0.9091 0.09643 0.09643
BinVal : 1 9 1 0.1633 0.1633
BinVal : 1 10 1 0.1633 0.1633
BinVal : 1 11 1 0.1633 0.1633
BinVal : 1 12 1 0.1633 0.1633
BinVal : 2 0 0 0 0
BinVal : 2 1 0 0 0
BinVal : 2 2 0.5 0.189 0.189
BinVal : 2 3 0.25 0.1782 0.1782
BinVal : 2 4 0.7143 0.1124 0.1124
BinVal : 2 5 0.8125 0.06835 0.06835
BinVal : 2 6 0.9259 0.0556 0.0556
BinVal : 2 7 0.931 0.05226 0.05226
BinVal : 2 8 0.931 0.05226 0.05226
BinVal : 2 9 1 0.1409 0.1409
BinVal : 2 10 1 0.1409 0.1409
BinVal : 2 11 1 0.1409 0.1409
BinVal : 2 12 1 0.1409 0.1409
BinVal : 3 0 0 0 0
BinVal : 3 1 0 0 0
BinVal : 3 2 0.7143 0.1491 0.1491
BinVal : 3 3 0.3333 0.2 0.2
BinVal : 3 4 0.8235 0.09116 0.09116
BinVal : 3 5 0.9355 0.0493 0.0493
BinVal : 3 6 0.8889 0.05413 0.05413
BinVal : 3 7 0.9545 0.03602 0.03602
BinVal : 3 8 0.913 0.04364 0.04364
BinVal : 3 9 1 0.09938 0.09938
BinVal : 3 10 1 0.09938 0.09938
BinVal : 3 11 1 0.09938 0.09938
BinVal : 3 12 1 0.09938 0.09938
BinVal : 4 0 0 0 0
BinVal : 4 1 0 0 0
BinVal : 4 2 0.625 0.1477 0.1477
BinVal : 4 3 1 0.1633 0.1633
BinVal : 4 4 1 0.04756 0.04756
BinVal : 4 5 1 0.03123 0.03123
BinVal : 4 6 0.8409 0.05529 0.05529
BinVal : 4 7 0.9545 0.03602 0.03602
BinVal : 4 8 0.939 0.02793 0.02793
BinVal : 4 9 0.9231 0.08498 0.08498
BinVal : 4 10 0.9231 0.08498 0.08498
BinVal : 4 11 0.9231 0.08498 0.08498
BinVal : 4 12 0.9231 0.08498 0.08498
BinVal : 5 0 0 0 0
BinVal : 5 1 0 0 0
BinVal : 5 2 0.6 0.175 0.175
BinVal : 5 3 1 0.1102 0.1102
BinVal : 5 4 1 0.04993 0.04993
BinVal : 5 5 1 0.02325 0.02325
BinVal : 5 6 0.9032 0.03871 0.03871
BinVal : 5 7 0.9583 0.02611 0.02611
BinVal : 5 8 0.9434 0.01896 0.01896
BinVal : 5 9 0.9545 0.05528 0.05528
BinVal : 5 10 0.9545 0.05528 0.05528
BinVal : 5 11 1 0.1633 0.1633
BinVal : 5 12 1 0.1633 0.1633
BinVal : 6 0 0 0 0
BinVal : 6 1 0 0 0
BinVal : 6 2 1 0.2357 0.2357
BinVal : 6 3 1 0.1633 0.1633
BinVal : 6 4 1 0.09938 0.09938
BinVal : 6 5 1 0.03701 0.03701
BinVal : 6 6 0.973 0.03488 0.03488
BinVal : 6 7 0.9412 0.03595 0.03595
BinVal : 6 8 0.932 0.02577 0.02577
BinVal : 6 9 1 0.05871 0.05871
BinVal : 6 10 1 0.05871 0.05871
BinVal : 6 11 1 0.1633 0.1633
BinVal : 6 12 1 0.1633 0.1633
BinVal : 7 0 0 0 0
BinVal : 7 1 0 0 0
BinVal : 7 2 0 0 0
BinVal : 7 3 0 0 0
BinVal : 7 4 0 0 0
BinVal : 7 5 0 0 0
BinVal : 7 6 0 0 0
BinVal : 7 7 0 0 0
BinVal : 7 8 0 0 0
BinVal : 7 9 0 0 0
BinVal : 7 10 0 0 0
BinVal : 7 11 0 0 0
BinVal : 7 12 0 0 0
BinVal : 8 0 0 0 0
BinVal : 8 1 0 0 0
BinVal : 8 2 0 0 0
BinVal : 8 3 0 0 0
BinVal : 8 4 0 0 0
BinVal : 8 5 0 0 0
BinVal : 8 6 0 0 0
BinVal : 8 7 0 0 0
BinVal : 8 8 0 0 0
BinVal : 8 9 0 0 0
BinVal : 8 10 0 0 0
BinVal : 8 11 0 0 0
BinVal : 8 12 0 0 0
BinVal : 9 0 0 0 0
BinVal : 9 1 0 0 0
BinVal : 9 2 0.125 0.1206 0.1206
BinVal : 9 3 0.75 0.1782 0.1782
BinVal : 9 4 0.9 0.1034 0.1034
BinVal : 9 5 0.9048 0.06875 0.06875
BinVal : 9 6 0.9176 0.0308 0.0308
BinVal : 9 7 0.963 0.01742 0.01742
BinVal : 9 8 0.9673 0.01119 0.01119
BinVal : 9 9 0.9355 0.0493 0.0493
BinVal : 9 10 1 0.07666 0.07666
BinVal : 9 11 1 0.1633 0.1633
BinVal : 9 12 1 0.2357 0.2357
BinVal : 10 0 0 0 0
BinVal : 10 1 0 0 0
BinVal : 10 2 0 0 0
BinVal : 10 3 0.6 0.175 0.175
BinVal : 10 4 1 0.0665 0.0665
BinVal : 10 5 0.9167 0.04914 0.04914
BinVal : 10 6 0.9175 0.02875 0.02875
BinVal : 10 7 0.9645 0.01511 0.01511
BinVal : 10 8 0.9746 0.008721 0.008721
BinVal : 10 9 0.9286 0.03654 0.03654
BinVal : 10 10 1 0.0665 0.0665
BinVal : 10 11 0.75 0.1782 0.1782
BinVal : 10 12 1 0.2357 0.2357
BinVal : 11 0 0 0 0
BinVal : 11 1 0 0 0
BinVal : 11 2 0.1667 0.1443 0.1443
BinVal : 11 3 0.8 0.1597 0.1597
BinVal : 11 4 1 0.05871 0.05871
BinVal : 11 5 0.9524 0.03757 0.03757
BinVal : 11 6 0.908 0.03178 0.03178
BinVal : 11 7 0.9463 0.0192 0.0192
BinVal : 11 8 0.9628 0.01003 0.01003
BinVal : 11 9 0.9412 0.03056 0.03056
BinVal : 11 10 1 0.08299 0.08299
BinVal : 11 11 0.8333 0.1443 0.1443
BinVal : 11 12 1 0.2357 0.2357
BinVal : 12 0 0 0 0
BinVal : 12 1 0 0 0
BinVal : 12 2 0.3333 0.1614 0.1614
BinVal : 12 3 1 0.1237 0.1237
BinVal : 12 4 1 0.05871 0.05871
BinVal : 12 5 0.9412 0.03595 0.03595
BinVal : 12 6 0.9259 0.03032 0.03032
BinVal : 12 7 0.9609 0.01833 0.01833
BinVal : 12 8 0.9495 0.0115 0.0115
BinVal : 12 9 0.9833 0.02226 0.02226
BinVal : 12 10 1 0.07666 0.07666
BinVal : 12 11 1 0.09938 0.09938
BinVal : 12 12 1 0.1936 0.1936
BinVal : 13 0 0 0 0
BinVal : 13 1 0 0 0
BinVal : 13 2 0.3333 0.1614 0.1614
BinVal : 13 3 1 0.09938 0.09938
BinVal : 13 4 1 0.0665 0.0665
BinVal : 13 5 0.9104 0.03609 0.03609
BinVal : 13 6 0.9417 0.02423 0.02423
BinVal : 13 7 0.936 0.02268 0.02268
BinVal : 13 8 0.9576 0.01028 0.01028
BinVal : 13 9 0.9667 0.02703 0.02703
BinVal : 13 10 1 0.09045 0.09045
BinVal : 13 11 1 0.08299 0.08299
BinVal : 13 12 1 0.1633 0.1633
BinVal : 14 0 0 0 0
BinVal : 14 1 0 0 0
BinVal : 14 2 0.5 0.189 0.189
BinVal : 14 3 1 0.1409 0.1409
BinVal : 14 4 0.9286 0.08021 0.08021
BinVal : 14 5 0.9194 0.03615 0.03615
BinVal : 14 6 0.931 0.02433 0.02433
BinVal : 14 7 0.9297 0.02328 0.02328
BinVal : 14 8 0.9391 0.01221 0.01221
BinVal : 14 9 0.9545 0.02833 0.02833
BinVal : 14 10 0.9091 0.09643 0.09643
BinVal : 14 11 1 0.1102 0.1102
BinVal : 14 12 1 0.1409 0.1409
BinVal : 15 0 0 0 0
BinVal : 15 1 0 0 0
BinVal : 15 2 0.5 0.2236 0.2236
BinVal : 15 3 1 0.1409 0.1409
BinVal : 15 4 0.9333 0.07594 0.07594
BinVal : 15 5 0.9792 0.02744 0.02744
BinVal : 15 6 0.8774 0.03217 0.03217
BinVal : 15 7 0.9786 0.01384 0.01384
BinVal : 15 8 0.9024 0.01554 0.01554
BinVal : 15 9 0.9649 0.02836 0.02836
BinVal : 15 10 0.9167 0.09035 0.09035
BinVal : 15 11 1 0.1633 0.1633
BinVal : 15 12 1 0.1409 0.1409
BinVal : 16 0 0 0 0
BinVal : 16 1 0 0 0
BinVal : 16 2 0 0 0
BinVal : 16 3 0.6667 0.1614 0.1614
BinVal : 16 4 0.9524 0.05752 0.05752
BinVal : 16 5 0.9556 0.03528 0.03528
BinVal : 16 6 0.9048 0.02922 0.02922
BinVal : 16 7 0.9697 0.01436 0.01436
BinVal : 16 8 0.9011 0.01574 0.01574
BinVal : 16 9 0.9592 0.03263 0.03263
BinVal : 16 10 1 0.07666 0.07666
BinVal : 16 11 1 0.1237 0.1237
BinVal : 16 12 1 0.1633 0.1633
BinVal : 17 0 0 0 0
BinVal : 17 1 0 0 0
BinVal : 17 2 0 0 0
BinVal : 17 3 0.2857 0.1491 0.1491
BinVal : 17 4 0.8947 0.0746 0.0746
BinVal : 17 5 0.9375 0.03799 0.03799
BinVal : 17 6 0.9528 0.02194 0.02194
BinVal : 17 7 0.925 0.02128 0.02128
BinVal : 17 8 0.9108 0.01492 0.01492
BinVal : 17 9 0.9412 0.03595 0.03595
BinVal : 17 10 0.9333 0.07594 0.07594
BinVal : 17 11 1 0.1102 0.1102
BinVal : 17 12 1 0.1633 0.1633
BinVal : 18 0 0 0 0
BinVal : 18 1 0 0 0
BinVal : 18 2 0.4 0.175 0.175
BinVal : 18 3 0.5556 0.1437 0.1437
BinVal : 18 4 0.9375 0.0721 0.0721
BinVal : 18 5 0.9487 0.04018 0.04018
BinVal : 18 6 0.9518 0.02537 0.02537
BinVal : 18 7 0.9065 0.0251 0.0251
BinVal : 18 8 0.924 0.01477 0.01477
BinVal : 18 9 0.9583 0.03325 0.03325
BinVal : 18 10 0.9167 0.09035 0.09035
BinVal : 18 11 1 0.1633 0.1633
BinVal : 18 12 1 0.1936 0.1936
BinVal : 19 0 0 0 0
BinVal : 19 1 0 0 0
BinVal : 19 2 0.6667 0.2 0.2
BinVal : 19 3 0.8 0.1597 0.1597
BinVal : 19 4 1 0.07666 0.07666
BinVal : 19 5 0.9375 0.0721 0.0721
BinVal : 19 6 0.9677 0.04092 0.04092
BinVal : 19 7 0.9265 0.03322 0.03322
BinVal : 19 8 0.9407 0.02109 0.02109
BinVal : 19 9 1 0.03701 0.03701
BinVal : 19 10 1 0.1633 0.1633
BinVal : 19 11 1 0.1633 0.1633
BinVal : 19 12 1 0.1633 0.1633
BinVal : 20 0 0 0 0
BinVal : 20 1 0 0 0
BinVal : 20 2 0 0 0
BinVal : 20 3 0 0 0
BinVal : 20 4 0 0 0
BinVal : 20 5 0 0 0
BinVal : 20 6 0 0 0
BinVal : 20 7 0 0 0
BinVal : 20 8 0 0 0
BinVal : 20 9 0 0 0
BinVal : 20 10 0 0 0
BinVal : 20 11 0 0 0
BinVal : 20 12 0 0 0
BinVal : 21 0 0 0 0
BinVal : 21 1 0 0 0
BinVal : 21 2 0 0 0
BinVal : 21 3 0 0 0
BinVal : 21 4 0 0 0
BinVal : 21 5 0 0 0
BinVal : 21 6 0 0 0
BinVal : 21 7 0 0 0
BinVal : 21 8 0 0 0
BinVal : 21 9 0 0 0
BinVal : 21 10 0 0 0
BinVal : 21 11 0 0 0
BinVal : 21 12 0 0 0
BinVal : 22 0 0 0 0
BinVal : 22 1 0 0 0
BinVal : 22 2 0.5714 0.1571 0.1571
BinVal : 22 3 1 0.1409 0.1409
BinVal : 22 4 0.8947 0.0746 0.0746
BinVal : 22 5 0.9423 0.03531 0.03531
BinVal : 22 6 0.9324 0.03073 0.03073
BinVal : 22 7 0.9388 0.02539 0.02539
BinVal : 22 8 0.911 0.02088 0.02088
BinVal : 22 9 0.9048 0.06875 0.06875
BinVal : 22 10 0.9048 0.06875 0.06875
BinVal : 22 11 1 0.1936 0.1936
BinVal : 22 12 1 0.1936 0.1936
BinVal : 23 0 0 0 0
BinVal : 23 1 0 0 0
BinVal : 23 2 0.5714 0.1571 0.1571
BinVal : 23 3 1 0.1409 0.1409
BinVal : 23 4 0.8462 0.1 0.1
BinVal : 23 5 0.9474 0.04113 0.04113
BinVal : 23 6 0.9375 0.03233 0.03233
BinVal : 23 7 0.9265 0.03322 0.03322
BinVal : 23 8 0.9262 0.02435 0.02435
BinVal : 23 9 0.9444 0.06547 0.06547
BinVal : 23 10 1 0.2357 0.2357
BinVal : 23 11 1 0.2357 0.2357
BinVal : 23 12 1 0.2357 0.2357
BinVal : 24 0 0 0 0
BinVal : 24 1 0 0 0
BinVal : 24 2 0.25 0.1382 0.1382
BinVal : 24 3 0.8 0.1597 0.1597
BinVal : 24 4 0.8333 0.1059 0.1059
BinVal : 24 5 0.9355 0.0493 0.0493
BinVal : 24 6 0.9216 0.03978 0.03978
BinVal : 24 7 0.9535 0.03678 0.03678
BinVal : 24 8 0.8947 0.03594 0.03594
BinVal : 24 9 0.8889 0.1113 0.1113
BinVal : 24 10 1 0.1936 0.1936
BinVal : 24 11 1 0.1936 0.1936
BinVal : 24 12 1 0.1936 0.1936
BinVal : 25 0 0 0 0
BinVal : 25 1 0 0 0
BinVal : 25 2 0.125 0.1206 0.1206
BinVal : 25 3 0.6667 0.2 0.2
BinVal : 25 4 0.9167 0.09035 0.09035
BinVal : 25 5 0.9412 0.04544 0.04544
BinVal : 25 6 0.9375 0.04794 0.04794
BinVal : 25 7 0.9286 0.05388 0.05388
BinVal : 25 8 0.9 0.04939 0.04939
BinVal : 25 9 1 0.1633 0.1633
BinVal : 25 10 1 0.2357 0.2357
BinVal : 25 11 1 0.2357 0.2357
BinVal : 25 12 1 0.2357 0.2357
BinVal : 26 0 0 0 0
BinVal : 26 1 0 0 0
BinVal : 26 2 0 0 0
BinVal : 26 3 1 0.2357 0.2357
BinVal : 26 4 1 0.1409 0.1409
BinVal : 26 5 0.875 0.06944 0.06944
BinVal : 26 6 0.9565 0.0532 0.0532
BinVal : 26 7 0.9333 0.07594 0.07594
BinVal : 26 8 0.9048 0.06875 0.06875
BinVal : 26 9 1 0.1633 0.1633
BinVal : 26 10 1 0.1633 0.1633
BinVal : 26 11 1 0.1633 0.1633
BinVal : 26 12 1 0.1633 0.1633
BinVal : 27 0 0 0 0
BinVal : 27 1 0 0 0
BinVal : 27 2 0 0 0
BinVal : 27 3 1 0.2357 0.2357
BinVal : 27 4 1 0.2357 0.2357
BinVal : 27 5 0.3333 0.2 0.2
BinVal : 27 6 0.875 0.1206 0.1206
BinVal : 27 7 1 0.1409 0.1409
BinVal : 27 8 0.7 0.1307 0.1307
BinVal : 27 9 1 0.1936 0.1936
BinVal : 27 10 1 0.1936 0.1936
BinVal : 27 11 1 0.1936 0.1936
BinVal : 27 12 1 0.1936 0.1936
BinVal : 28 0 0 0 0
BinVal : 28 1 0 0 0
BinVal : 28 2 0 0 0
BinVal : 28 3 0 0 0
BinVal : 28 4 0 0 0
BinVal : 28 5 0 0 0
BinVal : 28 6 0 0 0
BinVal : 28 7 0 0 0
BinVal : 28 8 0.5 0.2236 0.2236
BinVal : 28 9 0.5 0.2236 0.2236
BinVal : 28 10 0.5 0.2236 0.2236
BinVal : 28 11 0.5 0.2236 0.2236
BinVal : 28 12 0.5 0.2236 0.2236
