D0NoteID : 0
EffName : EM_OF_EJETS_v811
EffType : Binned
EffVarNames : DetEta pT
EffVersion : 6
ObjQuality : Loose
ObjType : Electron
ObjVersion : 12
BinEdgesX : -3.2 -2.8 -2.5 -2.3 -2.1 -1.9 -1.7 -1.5 -1.3 -1.1 -0.9 -0.7 -0.5 -0.3 -0.1 0.1 0.3 0.5 0.7 0.9 1.1 1.3 1.5 1.7 1.9 2.1 2.3 2.5 2.8 3.2
BinEdgesY : 0 10 15 20 22 25 30 35 40 50 60 70 80 1000
BinVal : 0 0 0 0 0
BinVal : 0 1 0 0 0
BinVal : 0 2 0.1765 0.09116 0.09116
BinVal : 0 3 0.6 0.1367 0.1367
BinVal : 0 4 0.5217 0.09798 0.09798
BinVal : 0 5 0.64 0.06614 0.06614
BinVal : 0 6 0.575 0.07547 0.07547
BinVal : 0 7 0.6818 0.09428 0.09428
BinVal : 0 8 0.7407 0.0816 0.0816
BinVal : 0 9 0.6667 0.2 0.2
BinVal : 0 10 0.6667 0.2 0.2
BinVal : 0 11 0.6667 0.2 0.2
BinVal : 0 12 0.6667 0.2 0.2
BinVal : 1 0 0 0 0
BinVal : 1 1 0 0 0
BinVal : 1 2 0.2667 0.1074 0.1074
BinVal : 1 3 0.7273 0.1234 0.1234
BinVal : 1 4 0.6897 0.08264 0.08264
BinVal : 1 5 0.7288 0.05694 0.05694
BinVal : 1 6 0.7736 0.05677 0.05677
BinVal : 1 7 0.7576 0.07284 0.07284
BinVal : 1 8 0.8125 0.05601 0.05601
BinVal : 1 9 1 0.1409 0.1409
BinVal : 1 10 1 0.1409 0.1409
BinVal : 1 11 1 0.1409 0.1409
BinVal : 1 12 1 0.1409 0.1409
BinVal : 2 0 0 0 0
BinVal : 2 1 0 0 0
BinVal : 2 2 0.4 0.1367 0.1367
BinVal : 2 3 0.625 0.1477 0.1477
BinVal : 2 4 0.6957 0.09148 0.09148
BinVal : 2 5 0.7966 0.05201 0.05201
BinVal : 2 6 0.8704 0.04635 0.04635
BinVal : 2 7 0.9423 0.03531 0.03531
BinVal : 2 8 0.9219 0.03512 0.03512
BinVal : 2 9 1 0.1237 0.1237
BinVal : 2 10 1 0.2357 0.2357
BinVal : 2 11 1 0.2357 0.2357
BinVal : 2 12 1 0.2357 0.2357
BinVal : 3 0 0 0 0
BinVal : 3 1 0 0 0
BinVal : 3 2 0.5714 0.1203 0.1203
BinVal : 3 3 0.6667 0.1389 0.1389
BinVal : 3 4 0.8 0.07857 0.07857
BinVal : 3 5 0.9355 0.03329 0.03329
BinVal : 3 6 0.8488 0.03877 0.03877
BinVal : 3 7 0.9452 0.02861 0.02861
BinVal : 3 8 0.9368 0.02614 0.02614
BinVal : 3 9 1 0.05871 0.05871
BinVal : 3 10 1 0.2357 0.2357
BinVal : 3 11 1 0.2357 0.2357
BinVal : 3 12 1 0.2357 0.2357
BinVal : 4 0 0 0 0
BinVal : 4 1 0 0 0
BinVal : 4 2 0.4118 0.1104 0.1104
BinVal : 4 3 0.8889 0.1113 0.1113
BinVal : 4 4 0.9688 0.03977 0.03977
BinVal : 4 5 0.9636 0.02932 0.02932
BinVal : 4 6 0.8526 0.03652 0.03652
BinVal : 4 7 0.9359 0.02927 0.02927
BinVal : 4 8 0.9286 0.02236 0.02236
BinVal : 4 9 0.9474 0.06258 0.06258
BinVal : 4 10 1 0.2357 0.2357
BinVal : 4 11 1 0.2357 0.2357
BinVal : 4 12 1 0.2357 0.2357
BinVal : 5 0 0 0 0
BinVal : 5 1 0 0 0
BinVal : 5 2 0.3 0.1307 0.1307
BinVal : 5 3 1 0.09938 0.09938
BinVal : 5 4 1 0.0294 0.0294
BinVal : 5 5 0.9643 0.02883 0.02883
BinVal : 5 6 0.883 0.03358 0.03358
BinVal : 5 7 0.9455 0.02277 0.02277
BinVal : 5 8 0.9249 0.01836 0.01836
BinVal : 5 9 0.9615 0.04782 0.04782
BinVal : 5 10 1 0.1633 0.1633
BinVal : 5 11 1 0.1633 0.1633
BinVal : 5 12 1 0.1633 0.1633
BinVal : 6 0 0 0 0
BinVal : 6 1 0 0 0
BinVal : 6 2 1 0.2357 0.2357
BinVal : 6 3 1 0.1633 0.1633
BinVal : 6 4 1 0.06236 0.06236
BinVal : 6 5 1 0.03123 0.03123
BinVal : 6 6 0.9216 0.03978 0.03978
BinVal : 6 7 0.9286 0.03235 0.03235
BinVal : 6 8 0.9225 0.02414 0.02414
BinVal : 6 9 1 0.04756 0.04756
BinVal : 6 10 1 0.1936 0.1936
BinVal : 6 11 1 0.1633 0.1633
BinVal : 6 12 1 0.1633 0.1633
BinVal : 7 0 0 0 0
BinVal : 7 1 0 0 0
BinVal : 7 2 0 0 0
BinVal : 7 3 0 0 0
BinVal : 7 4 0 0 0
BinVal : 7 5 0 0 0
BinVal : 7 6 0 0 0
BinVal : 7 7 0 0 0
BinVal : 7 8 0 0 0
BinVal : 7 9 0 0 0
BinVal : 7 10 0 0 0
BinVal : 7 11 0 0 0
BinVal : 7 12 0 0 0
BinVal : 8 0 0 0 0
BinVal : 8 1 0 0 0
BinVal : 8 2 0 0 0
BinVal : 8 3 0 0 0
BinVal : 8 4 0 0 0
BinVal : 8 5 0 0 0
BinVal : 8 6 0 0 0
BinVal : 8 7 0 0 0
BinVal : 8 8 0 0 0
BinVal : 8 9 0 0 0
BinVal : 8 10 0 0 0
BinVal : 8 11 0 0 0
BinVal : 8 12 0 0 0
BinVal : 9 0 0 0 0
BinVal : 9 1 0 0 0
BinVal : 9 2 0.1111 0.1113 0.1113
BinVal : 9 3 0.6667 0.1614 0.1614
BinVal : 9 4 0.8182 0.1126 0.1126
BinVal : 9 5 0.8696 0.0719 0.0719
BinVal : 9 6 0.9053 0.03072 0.03072
BinVal : 9 7 0.9577 0.01786 0.01786
BinVal : 9 8 0.9675 0.01185 0.01185
BinVal : 9 9 0.9286 0.05388 0.05388
BinVal : 9 10 1 0.09938 0.09938
BinVal : 9 11 1 0.1936 0.1936
BinVal : 9 12 1 0.2357 0.2357
BinVal : 10 0 0 0 0
BinVal : 10 1 0 0 0
BinVal : 10 2 0 0 0
BinVal : 10 3 0.625 0.1477 0.1477
BinVal : 10 4 0.9167 0.09035 0.09035
BinVal : 10 5 0.9189 0.04797 0.04797
BinVal : 10 6 0.9107 0.02753 0.02753
BinVal : 10 7 0.9511 0.01649 0.01649
BinVal : 10 8 0.9721 0.009565 0.009565
BinVal : 10 9 0.94 0.0366 0.0366
BinVal : 10 10 1 0.09045 0.09045
BinVal : 10 11 1 0.1936 0.1936
BinVal : 10 12 1 0.2357 0.2357
BinVal : 11 0 0 0 0
BinVal : 11 1 0 0 0
BinVal : 11 2 0.1429 0.1315 0.1315
BinVal : 11 3 0.7143 0.1491 0.1491
BinVal : 11 4 0.9412 0.06862 0.06862
BinVal : 11 5 0.9348 0.03948 0.03948
BinVal : 11 6 0.9149 0.0296 0.0296
BinVal : 11 7 0.9333 0.01992 0.01992
BinVal : 11 8 0.96 0.01075 0.01075
BinVal : 11 9 0.9677 0.02622 0.02622
BinVal : 11 10 1 0.1102 0.1102
BinVal : 11 11 1 0.1409 0.1409
BinVal : 11 12 1 0.2357 0.2357
BinVal : 12 0 0 0 0
BinVal : 12 1 0 0 0
BinVal : 12 2 0.2857 0.1491 0.1491
BinVal : 12 3 1 0.1102 0.1102
BinVal : 12 4 0.9474 0.06258 0.06258
BinVal : 12 5 0.9107 0.03965 0.03965
BinVal : 12 6 0.9405 0.02731 0.02731
BinVal : 12 7 0.963 0.01742 0.01742
BinVal : 12 8 0.9525 0.01147 0.01147
BinVal : 12 9 1 0.02 0.02
BinVal : 12 10 1 0.09938 0.09938
BinVal : 12 11 1 0.1102 0.1102
BinVal : 12 12 1 0.1633 0.1633
BinVal : 13 0 0 0 0
BinVal : 13 1 0 0 0
BinVal : 13 2 0.2857 0.1491 0.1491
BinVal : 13 3 1 0.09045 0.09045
BinVal : 13 4 1 0.05546 0.05546
BinVal : 13 5 0.9028 0.03586 0.03586
BinVal : 13 6 0.9596 0.02148 0.02148
BinVal : 13 7 0.9449 0.02115 0.02115
BinVal : 13 8 0.9603 0.01029 0.01029
BinVal : 13 9 0.9565 0.03458 0.03458
BinVal : 13 10 1 0.1102 0.1102
BinVal : 13 11 1 0.1102 0.1102
BinVal : 13 12 1 0.1409 0.1409
BinVal : 14 0 0 0 0
BinVal : 14 1 0 0 0
BinVal : 14 2 0.5 0.189 0.189
BinVal : 14 3 1 0.1409 0.1409
BinVal : 14 4 0.9333 0.07594 0.07594
BinVal : 14 5 0.9275 0.03278 0.03278
BinVal : 14 6 0.9459 0.02258 0.02258
BinVal : 14 7 0.9343 0.02184 0.02184
BinVal : 14 8 0.9459 0.01195 0.01195
BinVal : 14 9 0.9444 0.03411 0.03411
BinVal : 14 10 1 0.08299 0.08299
BinVal : 14 11 1 0.1409 0.1409
BinVal : 14 12 1 0.1409 0.1409
BinVal : 15 0 0 0 0
BinVal : 15 1 0 0 0
BinVal : 15 2 0.3333 0.2 0.2
BinVal : 15 3 0.8 0.1597 0.1597
BinVal : 15 4 0.8333 0.08729 0.08729
BinVal : 15 5 0.9623 0.03035 0.03035
BinVal : 15 6 0.9 0.0291 0.0291
BinVal : 15 7 0.9804 0.01269 0.01269
BinVal : 15 8 0.9188 0.01459 0.01459
BinVal : 15 9 0.9535 0.03678 0.03678
BinVal : 15 10 1 0.08299 0.08299
BinVal : 15 11 1 0.1936 0.1936
BinVal : 15 12 1 0.1409 0.1409
BinVal : 16 0 0 0 0
BinVal : 16 1 0 0 0
BinVal : 16 2 0 0 0
BinVal : 16 3 0.5 0.1508 0.1508
BinVal : 16 4 0.88 0.06714 0.06714
BinVal : 16 5 0.9149 0.04281 0.04281
BinVal : 16 6 0.8818 0.03111 0.03111
BinVal : 16 7 0.9651 0.01485 0.01485
BinVal : 16 8 0.9186 0.01488 0.01488
BinVal : 16 9 0.9286 0.04285 0.04285
BinVal : 16 10 1 0.09938 0.09938
BinVal : 16 11 1 0.1409 0.1409
BinVal : 16 12 1 0.1633 0.1633
BinVal : 17 0 0 0 0
BinVal : 17 1 0 0 0
BinVal : 17 2 0 0 0
BinVal : 17 3 0.25 0.1382 0.1382
BinVal : 17 4 0.9048 0.06875 0.06875
BinVal : 17 5 0.9167 0.04201 0.04201
BinVal : 17 6 0.9204 0.02616 0.02616
BinVal : 17 7 0.9281 0.02044 0.02044
BinVal : 17 8 0.9308 0.01378 0.01378
BinVal : 17 9 0.9302 0.04196 0.04196
BinVal : 17 10 1 0.0665 0.0665
BinVal : 17 11 1 0.09938 0.09938
BinVal : 17 12 1 0.1633 0.1633
BinVal : 18 0 0 0 0
BinVal : 18 1 0 0 0
BinVal : 18 2 0.2857 0.1491 0.1491
BinVal : 18 3 0.5455 0.1332 0.1332
BinVal : 18 4 0.9412 0.06862 0.06862
BinVal : 18 5 0.9268 0.04379 0.04379
BinVal : 18 6 0.9278 0.02725 0.02725
BinVal : 18 7 0.9122 0.02367 0.02367
BinVal : 18 8 0.932 0.01452 0.01452
BinVal : 18 9 0.973 0.03488 0.03488
BinVal : 18 10 1 0.08299 0.08299
BinVal : 18 11 1 0.1409 0.1409
BinVal : 18 12 1 0.1936 0.1936
BinVal : 19 0 0 0 0
BinVal : 19 1 0 0 0
BinVal : 19 2 0.5 0.189 0.189
BinVal : 19 3 0.7143 0.1491 0.1491
BinVal : 19 4 1 0.07666 0.07666
BinVal : 19 5 0.8889 0.07792 0.07792
BinVal : 19 6 0.8974 0.05049 0.05049
BinVal : 19 7 0.9167 0.03379 0.03379
BinVal : 19 8 0.9268 0.02417 0.02417
BinVal : 19 9 1 0.04343 0.04343
BinVal : 19 10 1 0.1936 0.1936
BinVal : 19 11 1 0.1936 0.1936
BinVal : 19 12 1 0.1936 0.1936
BinVal : 20 0 0 0 0
BinVal : 20 1 0 0 0
BinVal : 20 2 0 0 0
BinVal : 20 3 0 0 0
BinVal : 20 4 0 0 0
BinVal : 20 5 0 0 0
BinVal : 20 6 0 0 0
BinVal : 20 7 0 0 0
BinVal : 20 8 0 0 0
BinVal : 20 9 0 0 0
BinVal : 20 10 0 0 0
BinVal : 20 11 0 0 0
BinVal : 20 12 0 0 0
BinVal : 21 0 0 0 0
BinVal : 21 1 0 0 0
BinVal : 21 2 0 0 0
BinVal : 21 3 0 0 0
BinVal : 21 4 0 0 0
BinVal : 21 5 0 0 0
BinVal : 21 6 0 0 0
BinVal : 21 7 0 0 0
BinVal : 21 8 0 0 0
BinVal : 21 9 0 0 0
BinVal : 21 10 0 0 0
BinVal : 21 11 0 0 0
BinVal : 21 12 0 0 0
BinVal : 22 0 0 0 0
BinVal : 22 1 0 0 0
BinVal : 22 2 0.3846 0.1225 0.1225
BinVal : 22 3 0.5 0.1387 0.1387
BinVal : 22 4 0.8571 0.05979 0.05979
BinVal : 22 5 0.9412 0.03056 0.03056
BinVal : 22 6 0.9626 0.01995 0.01995
BinVal : 22 7 0.9339 0.02339 0.02339
BinVal : 22 8 0.9057 0.01888 0.01888
BinVal : 22 9 0.88 0.06714 0.06714
BinVal : 22 10 1 0.1633 0.1633
BinVal : 22 11 1 0.1409 0.1409
BinVal : 22 12 1 0.1409 0.1409
BinVal : 23 0 0 0 0
BinVal : 23 1 0 0 0
BinVal : 23 2 0.3333 0.1041 0.1041
BinVal : 23 3 0.5385 0.1247 0.1247
BinVal : 23 4 0.8636 0.07454 0.07454
BinVal : 23 5 0.9104 0.03609 0.03609
BinVal : 23 6 0.9346 0.02486 0.02486
BinVal : 23 7 0.9346 0.02486 0.02486
BinVal : 23 8 0.9249 0.02045 0.02045
BinVal : 23 9 0.9091 0.06614 0.06614
BinVal : 23 10 1 0.1633 0.1633
BinVal : 23 11 1 0.1936 0.1936
BinVal : 23 12 1 0.1936 0.1936
BinVal : 24 0 0 0 0
BinVal : 24 1 0 0 0
BinVal : 24 2 0.2353 0.09846 0.09846
BinVal : 24 3 0.5714 0.1203 0.1203
BinVal : 24 4 0.7857 0.07596 0.07596
BinVal : 24 5 0.9041 0.03541 0.03541
BinVal : 24 6 0.9375 0.02588 0.02588
BinVal : 24 7 0.939 0.02793 0.02793
BinVal : 24 8 0.9268 0.02417 0.02417
BinVal : 24 9 0.9231 0.08498 0.08498
BinVal : 24 10 1 0.1633 0.1633
BinVal : 24 11 1 0.1633 0.1633
BinVal : 24 12 1 0.1633 0.1633
BinVal : 25 0 0 0 0
BinVal : 25 1 0 0 0
BinVal : 25 2 0.1333 0.08985 0.08985
BinVal : 25 3 0.5 0.1508 0.1508
BinVal : 25 4 0.8571 0.06693 0.06693
BinVal : 25 5 0.8986 0.03726 0.03726
BinVal : 25 6 0.9701 0.02437 0.02437
BinVal : 25 7 0.9362 0.03872 0.03872
BinVal : 25 8 0.9333 0.03035 0.03035
BinVal : 25 9 1 0.1102 0.1102
BinVal : 25 10 1 0.1936 0.1936
BinVal : 25 11 1 0.1936 0.1936
BinVal : 25 12 1 0.1936 0.1936
BinVal : 26 0 0 0 0
BinVal : 26 1 0 0 0
BinVal : 26 2 0.2222 0.09449 0.09449
BinVal : 26 3 0.6 0.175 0.175
BinVal : 26 4 0.68 0.08909 0.08909
BinVal : 26 5 0.8065 0.0499 0.0499
BinVal : 26 6 0.8966 0.0411 0.0411
BinVal : 26 7 0.8378 0.06068 0.06068
BinVal : 26 8 0.881 0.05116 0.05116
BinVal : 26 9 1 0.1237 0.1237
BinVal : 26 10 1 0.2357 0.2357
BinVal : 26 11 1 0.2357 0.2357
BinVal : 26 12 1 0.2357 0.2357
BinVal : 27 0 0 0 0
BinVal : 27 1 0 0 0
BinVal : 27 2 0.2222 0.09449 0.09449
BinVal : 27 3 0.4167 0.1278 0.1278
BinVal : 27 4 0.4074 0.08992 0.08992
BinVal : 27 5 0.4667 0.07202 0.07202
BinVal : 27 6 0.675 0.07189 0.07189
BinVal : 27 7 0.625 0.09363 0.09363
BinVal : 27 8 0.6552 0.08458 0.08458
BinVal : 27 9 1 0.1936 0.1936
BinVal : 27 10 1 0.1936 0.1936
BinVal : 27 11 1 0.1936 0.1936
BinVal : 27 12 1 0.1936 0.1936
BinVal : 28 0 0 0 0
BinVal : 28 1 0 0 0
BinVal : 28 2 0 0 0
BinVal : 28 3 0.25 0.1382 0.1382
BinVal : 28 4 0.2 0.1201 0.1201
BinVal : 28 5 0.2 0.08738 0.08738
BinVal : 28 6 0.2727 0.1234 0.1234
BinVal : 28 7 0.3333 0.1614 0.1614
BinVal : 28 8 0.4444 0.1437 0.1437
BinVal : 28 9 0.4444 0.1437 0.1437
BinVal : 28 10 0.4444 0.1437 0.1437
BinVal : 28 11 0.4444 0.1437 0.1437
BinVal : 28 12 0.4444 0.1437 0.1437
