D0NoteID : 0
EffName : SC5JET_9_PV3_25_v15
EffType : Binned
EffVarNames : DetEta pT
EffVersion : 6
ObjQuality : Loose_trk
ObjType : Electron
ObjVersion : 2
TriggerVersion : v15a
BinEdgesX : -3.2 -2.5 -2 -1.5 -1.1 -0.6 0 0.6 1.1 1.5 2 2.5 3.2
BinEdgesY : 0 10 15 20 22 25 30 35 40 50 60 70 80 1000
BinVal : 0 0 0 0 0
BinVal : 0 1 0 0 0
BinVal : 0 2 0.01667 0.02226 0.02226
BinVal : 0 3 0.03704 0.02982 0.02982
BinVal : 0 4 0.2424 0.04273 0.04273
BinVal : 0 5 0.8986 0.01611 0.01611
BinVal : 0 6 0.9973 0.003717 0.003717
BinVal : 0 7 0.9891 0.007155 0.007155
BinVal : 0 8 0.9689 0.008749 0.008749
BinVal : 0 9 0.9394 0.04666 0.04666
BinVal : 0 10 1 0.1409 0.1409
BinVal : 0 11 1 0.1409 0.1409
BinVal : 0 12 1 0.1409 0.1409
BinVal : 1 0 0 0 0
BinVal : 1 1 0 0 0
BinVal : 1 2 0.01575 0.01322 0.01322
BinVal : 1 3 0.07317 0.02998 0.02998
BinVal : 1 4 0.2406 0.02925 0.02925
BinVal : 1 5 0.887 0.01231 0.01231
BinVal : 1 6 0.9947 0.002577 0.002577
BinVal : 1 7 0.993 0.002816 0.002816
BinVal : 1 8 0.9795 0.003471 0.003471
BinVal : 1 9 0.9787 0.01158 0.01158
BinVal : 1 10 0.913 0.06373 0.06373
BinVal : 1 11 0.875 0.1206 0.1206
BinVal : 1 12 1 0.1633 0.1633
BinVal : 2 0 0 0 0
BinVal : 2 1 0 0 0
BinVal : 2 2 0.0125 0.01693 0.01693
BinVal : 2 3 0.09524 0.04731 0.04731
BinVal : 2 4 0.2374 0.0359 0.0359
BinVal : 2 5 0.8756 0.0165 0.0165
BinVal : 2 6 0.9937 0.003505 0.003505
BinVal : 2 7 0.9921 0.003463 0.003463
BinVal : 2 8 0.9837 0.003523 0.003523
BinVal : 2 9 0.9872 0.01082 0.01082
BinVal : 2 10 0.9 0.07156 0.07156
BinVal : 2 11 0.875 0.1206 0.1206
BinVal : 2 12 1 0.1633 0.1633
BinVal : 3 0 0 0 0
BinVal : 3 1 0 0 0
BinVal : 3 2 0 0 0
BinVal : 3 3 0 0 0
BinVal : 3 4 0 0 0
BinVal : 3 5 0 0 0
BinVal : 3 6 0 0 0
BinVal : 3 7 0 0 0
BinVal : 3 8 0 0 0
BinVal : 3 9 0 0 0
BinVal : 3 10 0 0 0
BinVal : 3 11 0 0 0
BinVal : 3 12 0 0 0
BinVal : 4 0 0 0 0
BinVal : 4 1 0 0 0
BinVal : 4 2 0.02273 0.01882 0.01882
BinVal : 4 3 0.0625 0.02588 0.02588
BinVal : 4 4 0.3031 0.02871 0.02871
BinVal : 4 5 0.8505 0.01206 0.01206
BinVal : 4 6 0.9775 0.003515 0.003515
BinVal : 4 7 0.9788 0.002519 0.002519
BinVal : 4 8 0.9742 0.001758 0.001758
BinVal : 4 9 0.9719 0.00467 0.00467
BinVal : 4 10 0.9812 0.01025 0.01025
BinVal : 4 11 0.9595 0.02545 0.02545
BinVal : 4 12 1 0.01724 0.01724
BinVal : 5 0 0 0 0
BinVal : 5 1 0 0 0
BinVal : 5 2 0.01163 0.0158 0.0158
BinVal : 5 3 0.08333 0.02903 0.02903
BinVal : 5 4 0.3183 0.02729 0.02729
BinVal : 5 5 0.884 0.009575 0.009575
BinVal : 5 6 0.9676 0.003982 0.003982
BinVal : 5 7 0.97 0.00285 0.00285
BinVal : 5 8 0.9656 0.001844 0.001844
BinVal : 5 9 0.9694 0.00443 0.00443
BinVal : 5 10 0.963 0.01192 0.01192
BinVal : 5 11 0.963 0.01977 0.01977
BinVal : 5 12 0.9853 0.01977 0.01977
BinVal : 6 0 0 0 0
BinVal : 6 1 0 0 0
BinVal : 6 2 0 0 0
BinVal : 6 3 0.08434 0.03149 0.03149
BinVal : 6 4 0.3636 0.02946 0.02946
BinVal : 6 5 0.8916 0.01036 0.01036
BinVal : 6 6 0.9749 0.003641 0.003641
BinVal : 6 7 0.9763 0.002619 0.002619
BinVal : 6 8 0.9714 0.001832 0.001832
BinVal : 6 9 0.9759 0.004342 0.004342
BinVal : 6 10 0.9643 0.01218 0.01218
BinVal : 6 11 0.9868 0.01778 0.01778
BinVal : 6 12 0.9811 0.02501 0.02501
BinVal : 7 0 0 0 0
BinVal : 7 1 0 0 0
BinVal : 7 2 0 0 0
BinVal : 7 3 0.08108 0.04797 0.04797
BinVal : 7 4 0.3571 0.04225 0.04225
BinVal : 7 5 0.8605 0.01872 0.01872
BinVal : 7 6 0.9851 0.004254 0.004254
BinVal : 7 7 0.9872 0.0029 0.0029
BinVal : 7 8 0.9842 0.002155 0.002155
BinVal : 7 9 0.9791 0.00648 0.00648
BinVal : 7 10 0.9806 0.01618 0.01618
BinVal : 7 11 1 0.03123 0.03123
BinVal : 7 12 1 0.0454 0.0454
BinVal : 8 0 0 0 0
BinVal : 8 1 0 0 0
BinVal : 8 2 0 0 0
BinVal : 8 3 0 0 0
BinVal : 8 4 0 0 0
BinVal : 8 5 0 0 0
BinVal : 8 6 0 0 0
BinVal : 8 7 0 0 0
BinVal : 8 8 0 0 0
BinVal : 8 9 0 0 0
BinVal : 8 10 0 0 0
BinVal : 8 11 0 0 0
BinVal : 8 12 0 0 0
BinVal : 9 0 0 0 0
BinVal : 9 1 0 0 0
BinVal : 9 2 0.008475 0.01164 0.01164
BinVal : 9 3 0.07826 0.02574 0.02574
BinVal : 9 4 0.2651 0.02997 0.02997
BinVal : 9 5 0.8837 0.01233 0.01233
BinVal : 9 6 0.9922 0.002904 0.002904
BinVal : 9 7 0.9888 0.003348 0.003348
BinVal : 9 8 0.9802 0.00335 0.00335
BinVal : 9 9 0.9691 0.01322 0.01322
BinVal : 9 10 1 0.02499 0.02499
BinVal : 9 11 1 0.07666 0.07666
BinVal : 9 12 1 0.1237 0.1237
BinVal : 10 0 0 0 0
BinVal : 10 1 0 0 0
BinVal : 10 2 0 0 0
BinVal : 10 3 0.03846 0.03089 0.03089
BinVal : 10 4 0.2952 0.04406 0.04406
BinVal : 10 5 0.8431 0.02019 0.02019
BinVal : 10 6 0.9885 0.005573 0.005573
BinVal : 10 7 0.9825 0.00843 0.00843
BinVal : 10 8 0.9724 0.008118 0.008118
BinVal : 10 9 1 0.02325 0.02325
BinVal : 10 10 1 0.1409 0.1409
BinVal : 10 11 1 0.2357 0.2357
BinVal : 10 12 1 0.2357 0.2357
BinVal : 11 0 0 0 0
BinVal : 11 1 0 0 0
BinVal : 11 2 0 0 0
BinVal : 11 3 0.07143 0.08021 0.08021
BinVal : 11 4 0.3667 0.08427 0.08427
BinVal : 11 5 0.8667 0.03612 0.03612
BinVal : 11 6 0.9875 0.01693 0.01693
BinVal : 11 7 0.9623 0.03035 0.03035
BinVal : 11 8 0.971 0.02371 0.02371
BinVal : 11 9 1 0.1633 0.1633
BinVal : 11 10 1 0.1633 0.1633
BinVal : 11 11 1 0.1633 0.1633
BinVal : 11 12 1 0.1633 0.1633
