D0NoteID : 0
EffName : SC5JET_9_PV3_25_v163
EffType : Binned
EffVarNames : DetEta pT
EffVersion : 6
ObjQuality : Point0
ObjType : Electron
ObjVersion : 1
TriggerVersion : v16
TriggerVersionHigh : 16.49
TriggerVersionLow : 16.30
BinEdgesX : -3.2 -2.8 -2.5 -2.3 -2.1 -1.9 -1.7 -1.5 -1.3 -1.1 -0.9 -0.7 -0.5 -0.3 -0.1 0.1 0.3 0.5 0.7 0.9 1.1 1.3 1.5 1.7 1.9 2.1 2.3 2.5 2.8 3.2
BinEdgesY : 0 10 15 20 22 25 30 35 40 50 60 70 80 1000
BinVal : 0 0 0 0 0
BinVal : 0 1 0 0 0
BinVal : 0 2 0 0 0
BinVal : 0 3 0 0 0
BinVal : 0 4 0.1013 0.03471 0.03471
BinVal : 0 5 0.8755 0.02172 0.02172
BinVal : 0 6 0.9731 0.01279 0.01279
BinVal : 0 7 0.9435 0.02164 0.02164
BinVal : 0 8 0.9059 0.02269 0.02269
BinVal : 0 9 1 0.1409 0.1409
BinVal : 0 10 1 0.1409 0.1409
BinVal : 0 11 1 0.1409 0.1409
BinVal : 0 12 1 0.1409 0.1409
BinVal : 1 0 0 0 0
BinVal : 1 1 0 0 0
BinVal : 1 2 0 0 0
BinVal : 1 3 0.02174 0.02855 0.02855
BinVal : 1 4 0.1236 0.03528 0.03528
BinVal : 1 5 0.8483 0.02109 0.02109
BinVal : 1 6 0.9846 0.007433 0.007433
BinVal : 1 7 0.9742 0.01227 0.01227
BinVal : 1 8 0.9408 0.01419 0.01419
BinVal : 1 9 1 0.0454 0.0454
BinVal : 1 10 1 0.0454 0.0454
BinVal : 1 11 1 0.0454 0.0454
BinVal : 1 12 1 0.0454 0.0454
BinVal : 2 0 0 0 0
BinVal : 2 1 0 0 0
BinVal : 2 2 0 0 0
BinVal : 2 3 0.01887 0.02501 0.02501
BinVal : 2 4 0.1802 0.03643 0.03643
BinVal : 2 5 0.8229 0.02318 0.02318
BinVal : 2 6 0.9844 0.006766 0.006766
BinVal : 2 7 0.978 0.008714 0.008714
BinVal : 2 8 0.981 0.00658 0.00658
BinVal : 2 9 0.9825 0.02336 0.02336
BinVal : 2 10 1 0.2357 0.2357
BinVal : 2 11 1 0.2357 0.2357
BinVal : 2 12 1 0.2357 0.2357
BinVal : 3 0 0 0 0
BinVal : 3 1 0 0 0
BinVal : 3 2 0.02597 0.02137 0.02137
BinVal : 3 3 0.03774 0.03035 0.03035
BinVal : 3 4 0.2797 0.04097 0.04097
BinVal : 3 5 0.8754 0.01873 0.01873
BinVal : 3 6 0.984 0.006377 0.006377
BinVal : 3 7 0.9829 0.006315 0.006315
BinVal : 3 8 0.9712 0.006479 0.006479
BinVal : 3 9 0.9882 0.01598 0.01598
BinVal : 3 10 1 0.09938 0.09938
BinVal : 3 11 1 0.1936 0.1936
BinVal : 3 12 1 0.2357 0.2357
BinVal : 4 0 0 0 0
BinVal : 4 1 0 0 0
BinVal : 4 2 0.02381 0.01967 0.01967
BinVal : 4 3 0.05769 0.03531 0.03531
BinVal : 4 4 0.3125 0.0406 0.0406
BinVal : 4 5 0.8935 0.01686 0.01686
BinVal : 4 6 0.9836 0.006072 0.006072
BinVal : 4 7 0.9867 0.004926 0.004926
BinVal : 4 8 0.9699 0.005573 0.005573
BinVal : 4 9 0.9831 0.01419 0.01419
BinVal : 4 10 1 0.05546 0.05546
BinVal : 4 11 1 0.1237 0.1237
BinVal : 4 12 1 0.1409 0.1409
BinVal : 5 0 0 0 0
BinVal : 5 1 0 0 0
BinVal : 5 2 0.03226 0.02622 0.02622
BinVal : 5 3 0.06154 0.03187 0.03187
BinVal : 5 4 0.3636 0.04145 0.04145
BinVal : 5 5 0.911 0.01563 0.01563
BinVal : 5 6 0.9881 0.005167 0.005167
BinVal : 5 7 0.9905 0.003814 0.003814
BinVal : 5 8 0.9789 0.00409 0.00409
BinVal : 5 9 0.9623 0.01602 0.01602
BinVal : 5 10 1 0.04756 0.04756
BinVal : 5 11 1 0.1102 0.1102
BinVal : 5 12 0.875 0.1206 0.1206
BinVal : 6 0 0 0 0
BinVal : 6 1 0 0 0
BinVal : 6 2 0.07143 0.05388 0.05388
BinVal : 6 3 0.08571 0.05037 0.05037
BinVal : 6 4 0.459 0.0623 0.0623
BinVal : 6 5 0.9425 0.01819 0.01819
BinVal : 6 6 0.996 0.005623 0.005623
BinVal : 6 7 0.995 0.004256 0.004256
BinVal : 6 8 0.9825 0.005202 0.005202
BinVal : 6 9 0.9529 0.02481 0.02481
BinVal : 6 10 1 0.08299 0.08299
BinVal : 6 11 1 0.1633 0.1633
BinVal : 6 12 0.75 0.1782 0.1782
BinVal : 7 0 0 0 0
BinVal : 7 1 0 0 0
BinVal : 7 2 0 0 0
BinVal : 7 3 0 0 0
BinVal : 7 4 0 0 0
BinVal : 7 5 0 0 0
BinVal : 7 6 0 0 0
BinVal : 7 7 0 0 0
BinVal : 7 8 0 0 0
BinVal : 7 9 0 0 0
BinVal : 7 10 0 0 0
BinVal : 7 11 0 0 0
BinVal : 7 12 0 0 0
BinVal : 8 0 0 0 0
BinVal : 8 1 0 0 0
BinVal : 8 2 0 0 0
BinVal : 8 3 0 0 0
BinVal : 8 4 0 0 0
BinVal : 8 5 0 0 0
BinVal : 8 6 0 0 0
BinVal : 8 7 0 0 0
BinVal : 8 8 0 0 0
BinVal : 8 9 0 0 0
BinVal : 8 10 0 0 0
BinVal : 8 11 0 0 0
BinVal : 8 12 0 0 0
BinVal : 9 0 0 0 0
BinVal : 9 1 0 0 0
BinVal : 9 2 0.02381 0.03105 0.03105
BinVal : 9 3 0.02381 0.03105 0.03105
BinVal : 9 4 0.1148 0.04162 0.04162
BinVal : 9 5 0.7688 0.0308 0.0308
BinVal : 9 6 0.9238 0.0118 0.0118
BinVal : 9 7 0.9669 0.006134 0.006134
BinVal : 9 8 0.9815 0.003095 0.003095
BinVal : 9 9 0.9874 0.006922 0.006922
BinVal : 9 10 0.9701 0.02437 0.02437
BinVal : 9 11 1 0.0454 0.0454
BinVal : 9 12 1 0.05871 0.05871
BinVal : 10 0 0 0 0
BinVal : 10 1 0 0 0
BinVal : 10 2 0.02128 0.02798 0.02798
BinVal : 10 3 0.02128 0.02798 0.02798
BinVal : 10 4 0.1765 0.0413 0.0413
BinVal : 10 5 0.8248 0.02485 0.02485
BinVal : 10 6 0.9295 0.01111 0.01111
BinVal : 10 7 0.976 0.004935 0.004935
BinVal : 10 8 0.9821 0.002772 0.002772
BinVal : 10 9 0.9822 0.007079 0.007079
BinVal : 10 10 0.9744 0.02111 0.02111
BinVal : 10 11 1 0.03569 0.03569
BinVal : 10 12 1 0.04993 0.04993
BinVal : 11 0 0 0 0
BinVal : 11 1 0 0 0
BinVal : 11 2 0 0 0
BinVal : 11 3 0 0 0
BinVal : 11 4 0.2045 0.04278 0.04278
BinVal : 11 5 0.8105 0.02319 0.02319
BinVal : 11 6 0.9363 0.01066 0.01066
BinVal : 11 7 0.9742 0.005078 0.005078
BinVal : 11 8 0.9822 0.002686 0.002686
BinVal : 11 9 0.9717 0.007967 0.007967
BinVal : 11 10 0.9878 0.01654 0.01654
BinVal : 11 11 1 0.03029 0.03029
BinVal : 11 12 1 0.04993 0.04993
BinVal : 12 0 0 0 0
BinVal : 12 1 0 0 0
BinVal : 12 2 0 0 0
BinVal : 12 3 0.02222 0.02913 0.02913
BinVal : 12 4 0.1408 0.04159 0.04159
BinVal : 12 5 0.8088 0.022 0.022
BinVal : 12 6 0.9305 0.01082 0.01082
BinVal : 12 7 0.9691 0.005736 0.005736
BinVal : 12 8 0.9811 0.002754 0.002754
BinVal : 12 9 0.9667 0.008376 0.008376
BinVal : 12 10 0.9425 0.02643 0.02643
BinVal : 12 11 0.963 0.04626 0.04626
BinVal : 12 12 1 0.0454 0.0454
BinVal : 13 0 0 0 0
BinVal : 13 1 0 0 0
BinVal : 13 2 0 0 0
BinVal : 13 3 0.02222 0.02913 0.02913
BinVal : 13 4 0.2576 0.05311 0.05311
BinVal : 13 5 0.8605 0.01872 0.01872
BinVal : 13 6 0.9351 0.0104 0.0104
BinVal : 13 7 0.9712 0.005894 0.005894
BinVal : 13 8 0.9757 0.003093 0.003093
BinVal : 13 9 0.9672 0.008552 0.008552
BinVal : 13 10 0.9381 0.02563 0.02563
BinVal : 13 11 0.9655 0.04343 0.04343
BinVal : 13 12 1 0.04343 0.04343
BinVal : 14 0 0 0 0
BinVal : 14 1 0 0 0
BinVal : 14 2 0 0 0
BinVal : 14 3 0 0 0
BinVal : 14 4 0.2346 0.04666 0.04666
BinVal : 14 5 0.8646 0.01841 0.01841
BinVal : 14 6 0.951 0.009134 0.009134
BinVal : 14 7 0.9722 0.005827 0.005827
BinVal : 14 8 0.9717 0.00328 0.00328
BinVal : 14 9 0.9657 0.008621 0.008621
BinVal : 14 10 0.9535 0.02454 0.02454
BinVal : 14 11 0.9737 0.03404 0.03404
BinVal : 14 12 1 0.04343 0.04343
BinVal : 15 0 0 0 0
BinVal : 15 1 0.1429 0.1315 0.1315
BinVal : 15 2 0.1429 0.1315 0.1315
BinVal : 15 3 0.1429 0.1315 0.1315
BinVal : 15 4 0.2637 0.04573 0.04573
BinVal : 15 5 0.8386 0.02071 0.02071
BinVal : 15 6 0.9439 0.01023 0.01023
BinVal : 15 7 0.9672 0.005959 0.005959
BinVal : 15 8 0.9759 0.003091 0.003091
BinVal : 15 9 0.9722 0.00785 0.00785
BinVal : 15 10 0.9747 0.02086 0.02086
BinVal : 15 11 0.9706 0.03766 0.03766
BinVal : 15 12 0.9474 0.06258 0.06258
BinVal : 16 0 0 0 0
BinVal : 16 1 0.05882 0.06862 0.06862
BinVal : 16 2 0.05882 0.06862 0.06862
BinVal : 16 3 0.05882 0.06862 0.06862
BinVal : 16 4 0.3263 0.04749 0.04749
BinVal : 16 5 0.8321 0.02258 0.02258
BinVal : 16 6 0.9443 0.009983 0.009983
BinVal : 16 7 0.9694 0.005311 0.005311
BinVal : 16 8 0.9786 0.002909 0.002909
BinVal : 16 9 0.9735 0.008177 0.008177
BinVal : 16 10 1 0.01351 0.01351
BinVal : 16 11 0.9643 0.0448 0.0448
BinVal : 16 12 0.9231 0.08498 0.08498
BinVal : 17 0 0 0 0
BinVal : 17 1 0 0 0
BinVal : 17 2 0 0 0
BinVal : 17 3 0 0 0
BinVal : 17 4 0.2989 0.04846 0.04846
BinVal : 17 5 0.8141 0.0237 0.0237
BinVal : 17 6 0.952 0.008651 0.008651
BinVal : 17 7 0.9758 0.004667 0.004667
BinVal : 17 8 0.9806 0.002773 0.002773
BinVal : 17 9 0.9788 0.00779 0.00779
BinVal : 17 10 1 0.01538 0.01538
BinVal : 17 11 0.9615 0.04782 0.04782
BinVal : 17 12 0.8462 0.1 0.1
BinVal : 18 0 0 0 0
BinVal : 18 1 0 0 0
BinVal : 18 2 0 0 0
BinVal : 18 3 0.03571 0.0448 0.0448
BinVal : 18 4 0.2133 0.04696 0.04696
BinVal : 18 5 0.7952 0.02553 0.02553
BinVal : 18 6 0.9307 0.01093 0.01093
BinVal : 18 7 0.9732 0.005263 0.005263
BinVal : 18 8 0.9844 0.002815 0.002815
BinVal : 18 9 0.9883 0.006443 0.006443
BinVal : 18 10 1 0.02 0.02
BinVal : 18 11 1 0.04993 0.04993
BinVal : 18 12 0.8824 0.08154 0.08154
BinVal : 19 0 0 0 0
BinVal : 19 1 0 0 0
BinVal : 19 2 0 0 0
BinVal : 19 3 0.07692 0.08498 0.08498
BinVal : 19 4 0.1143 0.05546 0.05546
BinVal : 19 5 0.785 0.03951 0.03951
BinVal : 19 6 0.9054 0.01984 0.01984
BinVal : 19 7 0.9654 0.009014 0.009014
BinVal : 19 8 0.9847 0.004535 0.004535
BinVal : 19 9 0.9869 0.01103 0.01103
BinVal : 19 10 1 0.05871 0.05871
BinVal : 19 11 1 0.09938 0.09938
BinVal : 19 12 1 0.08299 0.08299
BinVal : 20 0 0 0 0
BinVal : 20 1 0 0 0
BinVal : 20 2 0 0 0
BinVal : 20 3 0 0 0
BinVal : 20 4 0 0 0
BinVal : 20 5 0 0 0
BinVal : 20 6 0 0 0
BinVal : 20 7 0 0 0
BinVal : 20 8 0 0 0
BinVal : 20 9 0 0 0
BinVal : 20 10 0 0 0
BinVal : 20 11 0 0 0
BinVal : 20 12 0 0 0
BinVal : 21 0 0 0 0
BinVal : 21 1 0 0 0
BinVal : 21 2 0 0 0
BinVal : 21 3 0 0 0
BinVal : 21 4 0 0 0
BinVal : 21 5 0 0 0
BinVal : 21 6 0 0 0
BinVal : 21 7 0 0 0
BinVal : 21 8 0 0 0
BinVal : 21 9 0 0 0
BinVal : 21 10 0 0 0
BinVal : 21 11 0 0 0
BinVal : 21 12 0 0 0
BinVal : 22 0 0 0 0
BinVal : 22 1 0 0 0
BinVal : 22 2 0 0 0
BinVal : 22 3 0.05769 0.03531 0.03531
BinVal : 22 4 0.2296 0.03602 0.03602
BinVal : 22 5 0.903 0.01546 0.01546
BinVal : 22 6 0.9906 0.004548 0.004548
BinVal : 22 7 0.9907 0.003724 0.003724
BinVal : 22 8 0.9738 0.004484 0.004484
BinVal : 22 9 0.9711 0.01372 0.01372
BinVal : 22 10 1 0.03331 0.03331
BinVal : 22 11 1 0.07666 0.07666
BinVal : 22 12 1 0.09938 0.09938
BinVal : 23 0 0 0 0
BinVal : 23 1 0 0 0
BinVal : 23 2 0 0 0
BinVal : 23 3 0.05 0.03095 0.03095
BinVal : 23 4 0.1545 0.03266 0.03266
BinVal : 23 5 0.8224 0.02132 0.02132
BinVal : 23 6 0.9782 0.006745 0.006745
BinVal : 23 7 0.9834 0.005419 0.005419
BinVal : 23 8 0.9676 0.005802 0.005802
BinVal : 23 9 0.9697 0.01631 0.01631
BinVal : 23 10 1 0.03843 0.03843
BinVal : 23 11 1 0.09938 0.09938
BinVal : 23 12 1 0.1936 0.1936
BinVal : 24 0 0 0 0
BinVal : 24 1 0 0 0
BinVal : 24 2 0 0 0
BinVal : 24 3 0.03774 0.03035 0.03035
BinVal : 24 4 0.1471 0.03521 0.03521
BinVal : 24 5 0.7741 0.02405 0.02405
BinVal : 24 6 0.9774 0.007368 0.007368
BinVal : 24 7 0.9872 0.005593 0.005593
BinVal : 24 8 0.9588 0.007721 0.007721
BinVal : 24 9 0.9647 0.02233 0.02233
BinVal : 24 10 1 0.05255 0.05255
BinVal : 24 11 1 0.1936 0.1936
BinVal : 24 12 1 0.1936 0.1936
BinVal : 25 0 0 0 0
BinVal : 25 1 0 0 0
BinVal : 25 2 0 0 0
BinVal : 25 3 0 0 0
BinVal : 25 4 0.1209 0.03458 0.03458
BinVal : 25 5 0.7731 0.02591 0.02591
BinVal : 25 6 0.9778 0.00815 0.00815
BinVal : 25 7 0.9906 0.006163 0.006163
BinVal : 25 8 0.9571 0.009559 0.009559
BinVal : 25 9 0.9545 0.03602 0.03602
BinVal : 25 10 1 0.1409 0.1409
BinVal : 25 11 1 0.1936 0.1936
BinVal : 25 12 1 0.1936 0.1936
BinVal : 26 0 0 0 0
BinVal : 26 1 0 0 0
BinVal : 26 2 0 0 0
BinVal : 26 3 0 0 0
BinVal : 26 4 0.08247 0.02875 0.02875
BinVal : 26 5 0.7932 0.02479 0.02479
BinVal : 26 6 0.9795 0.008876 0.008876
BinVal : 26 7 0.9862 0.009028 0.009028
BinVal : 26 8 0.9335 0.01421 0.01421
BinVal : 26 9 0.9643 0.0448 0.0448
BinVal : 26 10 1 0.1936 0.1936
BinVal : 26 11 1 0.2357 0.2357
BinVal : 26 12 1 0.2357 0.2357
BinVal : 27 0 0 0 0
BinVal : 27 1 0 0 0
BinVal : 27 2 0 0 0
BinVal : 27 3 0.02439 0.03175 0.03175
BinVal : 27 4 0.06667 0.03035 0.03035
BinVal : 27 5 0.8 0.02578 0.02578
BinVal : 27 6 0.9708 0.01387 0.01387
BinVal : 27 7 0.9931 0.009587 0.009587
BinVal : 27 8 0.9235 0.02001 0.02001
BinVal : 27 9 0.9231 0.08498 0.08498
BinVal : 27 10 1 0.2357 0.2357
BinVal : 27 11 1 0.2357 0.2357
BinVal : 27 12 1 0.2357 0.2357
BinVal : 28 0 0 0 0
BinVal : 28 1 0 0 0
BinVal : 28 2 0 0 0
BinVal : 28 3 0.05556 0.06547 0.06547
BinVal : 28 4 0.05 0.05994 0.05994
BinVal : 28 5 0.7912 0.04238 0.04238
BinVal : 28 6 0.9268 0.04379 0.04379
BinVal : 28 7 1 0.01852 0.01852
BinVal : 28 8 0.9792 0.02744 0.02744
BinVal : 28 9 0.9792 0.02744 0.02744
BinVal : 28 10 0.9792 0.02744 0.02744
BinVal : 28 11 0.9792 0.02744 0.02744
BinVal : 28 12 0.9792 0.02744 0.02744
 





