D0NoteID : 0
EffName : SC5JET_9_PV3_25_v16
EffType : Binned
EffVarNames : DetEta pT
EffVersion : 6
ObjQuality : Loose_trk
ObjType : Electron
ObjVersion : 2
TriggerVersion : v16 
BinEdgesX : -3.2 -2.8 -2.5 -2.3 -2.1 -1.9 -1.7 -1.5 -1.3 -1.1 -0.9 -0.7 -0.5 -0.3 -0.1 0.1 0.3 0.5 0.7 0.9 1.1 1.3 1.5 1.7 1.9 2.1 2.3 2.5 2.8 3.2
BinEdgesY : 0 10 15 20 22 25 30 35 40 50 60 70 80 1000
BinVal : 0 0 0 0 0
BinVal : 0 1 0 0 0
BinVal : 0 2 0 0 0
BinVal : 0 3 0 0 0
BinVal : 0 4 0.1408 0.04159 0.04159
BinVal : 0 5 0.9043 0.02056 0.02056
BinVal : 0 6 0.9892 0.009163 0.009163
BinVal : 0 7 1 0.008695 0.008695
BinVal : 0 8 0.9855 0.0122 0.0122
BinVal : 0 9 1 0.1237 0.1237
BinVal : 0 10 1 0.2357 0.2357
BinVal : 0 11 1 0.2357 0.2357
BinVal : 0 12 1 0.2357 0.2357
BinVal : 1 0 0 0 0
BinVal : 1 1 0 0 0
BinVal : 1 2 0.0102 0.01393 0.01393
BinVal : 1 3 0.02899 0.02371 0.02371
BinVal : 1 4 0.1926 0.03386 0.03386
BinVal : 1 5 0.9151 0.01363 0.01363
BinVal : 1 6 0.9923 0.004275 0.004275
BinVal : 1 7 0.9938 0.00528 0.00528
BinVal : 1 8 0.9799 0.006941 0.006941
BinVal : 1 9 1 0.03029 0.03029
BinVal : 1 10 1 0.1936 0.1936
BinVal : 1 11 1 0.2357 0.2357
BinVal : 1 12 1 0.2357 0.2357
BinVal : 2 0 0 0 0
BinVal : 2 1 0 0 0
BinVal : 2 2 0.009524 0.01303 0.01303
BinVal : 2 3 0.03529 0.02233 0.02233
BinVal : 2 4 0.2737 0.03218 0.03218
BinVal : 2 5 0.9213 0.01146 0.01146
BinVal : 2 6 0.9946 0.002993 0.002993
BinVal : 2 7 0.9901 0.004309 0.004309
BinVal : 2 8 0.9815 0.005062 0.005062
BinVal : 2 9 1 0.01785 0.01785
BinVal : 2 10 1 0.0665 0.0665
BinVal : 2 11 1 0.1936 0.1936
BinVal : 2 12 1 0.1936 0.1936
BinVal : 3 0 0 0 0
BinVal : 3 1 0 0 0
BinVal : 3 2 0.0137 0.01154 0.01154
BinVal : 3 3 0.04902 0.02275 0.02275
BinVal : 3 4 0.2741 0.02761 0.02761
BinVal : 3 5 0.9438 0.008935 0.008935
BinVal : 3 6 0.9915 0.003148 0.003148
BinVal : 3 7 0.9902 0.003217 0.003217
BinVal : 3 8 0.9793 0.004013 0.004013
BinVal : 3 9 0.9926 0.01021 0.01021
BinVal : 3 10 1 0.03997 0.03997
BinVal : 3 11 1 0.1633 0.1633
BinVal : 3 12 1 0.1633 0.1633
BinVal : 4 0 0 0 0
BinVal : 4 1 0 0 0
BinVal : 4 2 0.035 0.01369 0.01369
BinVal : 4 3 0.0597 0.02124 0.02124
BinVal : 4 4 0.3465 0.02613 0.02613
BinVal : 4 5 0.9473 0.007309 0.007309
BinVal : 4 6 0.9928 0.002384 0.002384
BinVal : 4 7 0.9911 0.002362 0.002362
BinVal : 4 8 0.9823 0.002738 0.002738
BinVal : 4 9 0.9961 0.005471 0.005471
BinVal : 4 10 1 0.02631 0.02631
BinVal : 4 11 1 0.07122 0.07122
BinVal : 4 12 1 0.1409 0.1409
BinVal : 5 0 0 0 0
BinVal : 5 1 0 0 0
BinVal : 5 2 0.04717 0.01506 0.01506
BinVal : 5 3 0.102 0.02183 0.02183
BinVal : 5 4 0.4429 0.0239 0.0239
BinVal : 5 5 0.9534 0.005856 0.005856
BinVal : 5 6 0.9952 0.001666 0.001666
BinVal : 5 7 0.9925 0.00176 0.00176
BinVal : 5 8 0.9893 0.001665 0.001665
BinVal : 5 9 0.9956 0.003782 0.003782
BinVal : 5 10 1 0.01282 0.01282
BinVal : 5 11 1 0.03569 0.03569
BinVal : 5 12 1 0.07122 0.07122
BinVal : 6 0 0 0 0
BinVal : 6 1 0 0 0
BinVal : 6 2 0.0495 0.02297 0.02297
BinVal : 6 3 0.1404 0.0327 0.0327
BinVal : 6 4 0.465 0.0318 0.0318
BinVal : 6 5 0.9667 0.0068 0.0068
BinVal : 6 6 0.9953 0.002305 0.002305
BinVal : 6 7 0.9933 0.002214 0.002214
BinVal : 6 8 0.9917 0.001893 0.001893
BinVal : 6 9 0.9935 0.005569 0.005569
BinVal : 6 10 1 0.01852 0.01852
BinVal : 6 11 1 0.05255 0.05255
BinVal : 6 12 1 0.09938 0.09938
BinVal : 7 0 0 0 0
BinVal : 7 1 0 0 0
BinVal : 7 2 0 0 0
BinVal : 7 3 0 0 0
BinVal : 7 4 0 0 0
BinVal : 7 5 0 0 0
BinVal : 7 6 0 0 0
BinVal : 7 7 0 0 0
BinVal : 7 8 0 0 0
BinVal : 7 9 0 0 0
BinVal : 7 10 0 0 0
BinVal : 7 11 0 0 0
BinVal : 7 12 0 0 0
BinVal : 8 0 0 0 0
BinVal : 8 1 0 0 0
BinVal : 8 2 0 0 0
BinVal : 8 3 0 0 0
BinVal : 8 4 0 0 0
BinVal : 8 5 0 0 0
BinVal : 8 6 0 0 0
BinVal : 8 7 0 0 0
BinVal : 8 8 0 0 0
BinVal : 8 9 0 0 0
BinVal : 8 10 0 0 0
BinVal : 8 11 0 0 0
BinVal : 8 12 0 0 0
BinVal : 9 0 0 0 0
BinVal : 9 1 0 0 0
BinVal : 9 2 0.04878 0.01555 0.01555
BinVal : 9 3 0.09375 0.02621 0.02621
BinVal : 9 4 0.2928 0.02601 0.02601
BinVal : 9 5 0.871 0.011 0.011
BinVal : 9 6 0.9855 0.002467 0.002467
BinVal : 9 7 0.9911 0.001472 0.001472
BinVal : 9 8 0.9915 0.001007 0.001007
BinVal : 9 9 0.9993 0.00104 0.00104
BinVal : 9 10 1 0.003745 0.003745
BinVal : 9 11 1 0.01266 0.01266
BinVal : 9 12 1 0.0196 0.0196
BinVal : 10 0 0 0 0
BinVal : 10 1 0 0 0
BinVal : 10 2 0.0583 0.01607 0.01607
BinVal : 10 3 0.1056 0.0261 0.0261
BinVal : 10 4 0.336 0.02431 0.02431
BinVal : 10 5 0.8923 0.009628 0.009628
BinVal : 10 6 0.9871 0.002236 0.002236
BinVal : 10 7 0.9867 0.001632 0.001632
BinVal : 10 8 0.9894 0.001013 0.001013
BinVal : 10 9 0.9947 0.001849 0.001849
BinVal : 10 10 1 0.002976 0.002976
BinVal : 10 11 1 0.01099 0.01099
BinVal : 10 12 1 0.01299 0.01299
BinVal : 11 0 0 0 0
BinVal : 11 1 0 0 0
BinVal : 11 2 0.05202 0.0175 0.0175
BinVal : 11 3 0.1194 0.02826 0.02826
BinVal : 11 4 0.32 0.02325 0.02325
BinVal : 11 5 0.893 0.008811 0.008811
BinVal : 11 6 0.9764 0.003028 0.003028
BinVal : 11 7 0.9807 0.001973 0.001973
BinVal : 11 8 0.987 0.001104 0.001104
BinVal : 11 9 0.989 0.002572 0.002572
BinVal : 11 10 0.997 0.004253 0.004253
BinVal : 11 11 0.99 0.01366 0.01366
BinVal : 11 12 1 0.01163 0.01163
BinVal : 12 0 0 0 0
BinVal : 12 1 0 0 0
BinVal : 12 2 0.0597 0.02124 0.02124
BinVal : 12 3 0.09848 0.02633 0.02633
BinVal : 12 4 0.2929 0.02331 0.02331
BinVal : 12 5 0.9051 0.007812 0.007812
BinVal : 12 6 0.9698 0.003453 0.003453
BinVal : 12 7 0.978 0.002194 0.002194
BinVal : 12 8 0.984 0.00119 0.00119
BinVal : 12 9 0.9878 0.002702 0.002702
BinVal : 12 10 0.9968 0.00454 0.00454
BinVal : 12 11 0.9907 0.01268 0.01268
BinVal : 12 12 1 0.01316 0.01316
BinVal : 13 0 0 0 0
BinVal : 13 1 0 0 0
BinVal : 13 2 0.06838 0.02414 0.02414
BinVal : 13 3 0.08209 0.02423 0.02423
BinVal : 13 4 0.3304 0.02534 0.02534
BinVal : 13 5 0.9226 0.006952 0.006952
BinVal : 13 6 0.9746 0.003126 0.003126
BinVal : 13 7 0.9794 0.002241 0.002241
BinVal : 13 8 0.981 0.001259 0.001259
BinVal : 13 9 0.9917 0.002292 0.002292
BinVal : 13 10 1 0.003175 0.003175
BinVal : 13 11 1 0.008928 0.008928
BinVal : 13 12 1 0.01428 0.01428
BinVal : 14 0 0 0 0
BinVal : 14 1 0 0 0
BinVal : 14 2 0.04651 0.01957 0.01957
BinVal : 14 3 0.07087 0.02345 0.02345
BinVal : 14 4 0.3569 0.02492 0.02492
BinVal : 14 5 0.923 0.006882 0.006882
BinVal : 14 6 0.9746 0.00313 0.00313
BinVal : 14 7 0.9767 0.002384 0.002384
BinVal : 14 8 0.9826 0.001205 0.001205
BinVal : 14 9 0.992 0.002302 0.002302
BinVal : 14 10 1 0.003067 0.003067
BinVal : 14 11 1 0.009091 0.009091
BinVal : 14 12 1 0.01205 0.01205
BinVal : 15 0 0 0 0
BinVal : 15 1 0 0 0
BinVal : 15 2 0.04082 0.01728 0.01728
BinVal : 15 3 0.04 0.01875 0.01875
BinVal : 15 4 0.3425 0.02365 0.02365
BinVal : 15 5 0.9044 0.007565 0.007565
BinVal : 15 6 0.971 0.003407 0.003407
BinVal : 15 7 0.9765 0.00231 0.00231
BinVal : 15 8 0.9845 0.001154 0.001154
BinVal : 15 9 0.9923 0.002196 0.002196
BinVal : 15 10 1 0.003155 0.003155
BinVal : 15 11 1 0.009523 0.009523
BinVal : 15 12 1 0.01087 0.01087
BinVal : 16 0 0 0 0
BinVal : 16 1 0 0 0
BinVal : 16 2 0.04192 0.01629 0.01629
BinVal : 16 3 0.08209 0.02423 0.02423
BinVal : 16 4 0.3325 0.0234 0.0234
BinVal : 16 5 0.9001 0.008048 0.008048
BinVal : 16 6 0.9716 0.003347 0.003347
BinVal : 16 7 0.9811 0.001947 0.001947
BinVal : 16 8 0.9846 0.001167 0.001167
BinVal : 16 9 0.9937 0.001977 0.001977
BinVal : 16 10 1 0.003279 0.003279
BinVal : 16 11 0.9894 0.0145 0.0145
BinVal : 16 12 1 0.01351 0.01351
BinVal : 17 0 0 0 0
BinVal : 17 1 0 0 0
BinVal : 17 2 0.03297 0.01406 0.01406
BinVal : 17 3 0.1234 0.02668 0.02668
BinVal : 17 4 0.3422 0.02445 0.02445
BinVal : 17 5 0.9068 0.008522 0.008522
BinVal : 17 6 0.9791 0.00281 0.00281
BinVal : 17 7 0.9835 0.001774 0.001774
BinVal : 17 8 0.9888 0.001018 0.001018
BinVal : 17 9 0.9942 0.001922 0.001922
BinVal : 17 10 1 0.003226 0.003226
BinVal : 17 11 0.9898 0.01393 0.01393
BinVal : 17 12 1 0.01666 0.01666
BinVal : 18 0 0 0 0
BinVal : 18 1 0 0 0
BinVal : 18 2 0.02907 0.01379 0.01379
BinVal : 18 3 0.1119 0.02662 0.02662
BinVal : 18 4 0.3608 0.02802 0.02802
BinVal : 18 5 0.8848 0.009902 0.009902
BinVal : 18 6 0.983 0.002592 0.002592
BinVal : 18 7 0.9873 0.001696 0.001696
BinVal : 18 8 0.9919 0.0009496 0.0009496
BinVal : 18 9 0.998 0.001353 0.001353
BinVal : 18 10 0.996 0.005535 0.005535
BinVal : 18 11 1 0.01176 0.01176
BinVal : 18 12 1 0.01754 0.01754
BinVal : 19 0 0 0 0
BinVal : 19 1 0 0 0
BinVal : 19 2 0.02667 0.02191 0.02191
BinVal : 19 3 0.09091 0.0403 0.0403
BinVal : 19 4 0.367 0.0456 0.0456
BinVal : 19 5 0.8661 0.01536 0.01536
BinVal : 19 6 0.9817 0.004034 0.004034
BinVal : 19 7 0.991 0.002244 0.002244
BinVal : 19 8 0.9931 0.00137 0.00137
BinVal : 19 9 1 0.001558 0.001558
BinVal : 19 10 0.9903 0.01328 0.01328
BinVal : 19 11 1 0.03029 0.03029
BinVal : 19 12 1 0.03701 0.03701
BinVal : 20 0 0 0 0
BinVal : 20 1 0 0 0
BinVal : 20 2 0 0 0
BinVal : 20 3 0 0 0
BinVal : 20 4 0 0 0
BinVal : 20 5 0 0 0
BinVal : 20 6 0 0 0
BinVal : 20 7 0 0 0
BinVal : 20 8 0 0 0
BinVal : 20 9 0 0 0
BinVal : 20 10 0 0 0
BinVal : 20 11 0 0 0
BinVal : 20 12 0 0 0
BinVal : 21 0 0 0 0
BinVal : 21 1 0 0 0
BinVal : 21 2 0 0 0
BinVal : 21 3 0 0 0
BinVal : 21 4 0 0 0
BinVal : 21 5 0 0 0
BinVal : 21 6 0 0 0
BinVal : 21 7 0 0 0
BinVal : 21 8 0 0 0
BinVal : 21 9 0 0 0
BinVal : 21 10 0 0 0
BinVal : 21 11 0 0 0
BinVal : 21 12 0 0 0
BinVal : 22 0 0 0 0
BinVal : 22 1 0 0 0
BinVal : 22 2 0.04979 0.01441 0.01441
BinVal : 22 3 0.1196 0.02407 0.02407
BinVal : 22 4 0.3295 0.02235 0.02235
BinVal : 22 5 0.9518 0.005914 0.005914
BinVal : 22 6 0.99 0.002338 0.002338
BinVal : 22 7 0.9902 0.002037 0.002037
BinVal : 22 8 0.9881 0.001652 0.001652
BinVal : 22 9 0.9982 0.002462 0.002462
BinVal : 22 10 1 0.01149 0.01149
BinVal : 22 11 1 0.03331 0.03331
BinVal : 22 12 1 0.09045 0.09045
BinVal : 23 0 0 0 0
BinVal : 23 1 0 0 0
BinVal : 23 2 0.02404 0.01147 0.01147
BinVal : 23 3 0.0974 0.02421 0.02421
BinVal : 23 4 0.2602 0.02278 0.02278
BinVal : 23 5 0.9335 0.008064 0.008064
BinVal : 23 6 0.9906 0.002685 0.002685
BinVal : 23 7 0.989 0.002572 0.002572
BinVal : 23 8 0.9833 0.002515 0.002515
BinVal : 23 9 1 0.002907 0.002907
BinVal : 23 10 1 0.01785 0.01785
BinVal : 23 11 1 0.1102 0.1102
BinVal : 23 12 1 0.2357 0.2357
BinVal : 24 0 0 0 0
BinVal : 24 1 0 0 0
BinVal : 24 2 0.02484 0.01346 0.01346
BinVal : 24 3 0.04464 0.02082 0.02082
BinVal : 24 4 0.1985 0.02461 0.02461
BinVal : 24 5 0.9087 0.01051 0.01051
BinVal : 24 6 0.9952 0.002336 0.002336
BinVal : 24 7 0.9911 0.00293 0.00293
BinVal : 24 8 0.9826 0.003438 0.003438
BinVal : 24 9 1 0.00606 0.00606
BinVal : 24 10 1 0.03331 0.03331
BinVal : 24 11 1 0.1409 0.1409
BinVal : 24 12 1 0.1409 0.1409
BinVal : 25 0 0 0 0
BinVal : 25 1 0 0 0
BinVal : 25 2 0.01342 0.01132 0.01132
BinVal : 25 3 0.04211 0.02234 0.02234
BinVal : 25 4 0.204 0.02836 0.02836
BinVal : 25 5 0.8911 0.01223 0.01223
BinVal : 25 6 0.9951 0.002707 0.002707
BinVal : 25 7 0.9944 0.003114 0.003114
BinVal : 25 8 0.9774 0.004863 0.004863
BinVal : 25 9 1 0.0101 0.0101
BinVal : 25 10 1 0.06236 0.06236
BinVal : 25 11 1 0.1633 0.1633
BinVal : 25 12 1 0.1633 0.1633
BinVal : 26 0 0 0 0
BinVal : 26 1 0 0 0
BinVal : 26 2 0.007519 0.01036 0.01036
BinVal : 26 3 0.02564 0.02111 0.02111
BinVal : 26 4 0.1966 0.02973 0.02973
BinVal : 26 5 0.8987 0.01312 0.01312
BinVal : 26 6 0.9967 0.002844 0.002844
BinVal : 26 7 0.9851 0.006452 0.006452
BinVal : 26 8 0.9763 0.006453 0.006453
BinVal : 26 9 1 0.01818 0.01818
BinVal : 26 10 1 0.1102 0.1102
BinVal : 26 11 1 0.1102 0.1102
BinVal : 26 12 1 0.1102 0.1102
BinVal : 27 0 0 0 0
BinVal : 27 1 0 0 0
BinVal : 27 2 0 0 0
BinVal : 27 3 0.02381 0.03105 0.03105
BinVal : 27 4 0.1905 0.03822 0.03822
BinVal : 27 5 0.9056 0.01743 0.01743
BinVal : 27 6 0.9964 0.005096 0.005096
BinVal : 27 7 0.9503 0.01783 0.01783
BinVal : 27 8 0.976 0.01147 0.01147
BinVal : 27 9 1 0.07122 0.07122
BinVal : 27 10 1 0.1633 0.1633
BinVal : 27 11 1 0.1633 0.1633
BinVal : 27 12 1 0.1633 0.1633
BinVal : 28 0 0 0 0
BinVal : 28 1 0 0 0
BinVal : 28 2 0 0 0
BinVal : 28 3 0.125 0.1206 0.1206
BinVal : 28 4 0.2222 0.09449 0.09449
BinVal : 28 5 0.8936 0.04636 0.04636
BinVal : 28 6 0.9714 0.03668 0.03668
BinVal : 28 7 0.8929 0.06105 0.06105
BinVal : 28 8 0.9231 0.05743 0.05743
BinVal : 28 9 0.9231 0.05743 0.05743
BinVal : 28 10 0.9231 0.05743 0.05743
BinVal : 28 11 0.9231 0.05743 0.05743
BinVal : 28 12 0.9231 0.05743 0.05743
