D0NoteID : 0
EffName : SC5JET_9_PV3_20_v155
EffType : Binned
EffVarNames : DetEta pT
EffVersion : 6
ObjQuality : Top_loose
ObjType : Electron
ObjVersion : 4
TriggerVersion : v15b
BinEdgesX : -3.2 -2.5 -2 -1.5 -1.1 -0.6 0 0.6 1.1 1.5 2 2.5 3.2
BinEdgesY : 0 10 15 20 22 25 30 35 40 50 60 70 80 1000
BinVal : 0 0 0 0 0
BinVal : 0 1 0 0 0
BinVal : 0 2 0.1033 0.01971 0.01971
BinVal : 0 3 0.576 0.0437 0.0437
BinVal : 0 4 0.7977 0.02157 0.02157
BinVal : 0 5 0.978 0.006003 0.006003
BinVal : 0 6 0.9986 0.002002 0.002002
BinVal : 0 7 0.9786 0.006335 0.006335
BinVal : 0 8 0.9724 0.006373 0.006373
BinVal : 0 9 0.9815 0.02458 0.02458
BinVal : 0 10 1 0.07666 0.07666
BinVal : 0 11 1 0.2357 0.2357
BinVal : 0 12 1 0.2357 0.2357
BinVal : 1 0 0 0 0
BinVal : 1 1 0 0 0
BinVal : 1 2 0.1262 0.01847 0.01847
BinVal : 1 3 0.6964 0.02912 0.02912
BinVal : 1 4 0.8465 0.01406 0.01406
BinVal : 1 5 0.9802 0.003838 0.003838
BinVal : 1 6 0.9967 0.001468 0.001468
BinVal : 1 7 0.9918 0.002089 0.002089
BinVal : 1 8 0.9836 0.002345 0.002345
BinVal : 1 9 0.9915 0.00561 0.00561
BinVal : 1 10 0.9821 0.02375 0.02375
BinVal : 1 11 1 0.0665 0.0665
BinVal : 1 12 1 0.05871 0.05871
BinVal : 2 0 0 0 0
BinVal : 2 1 0 0 0
BinVal : 2 2 0.1437 0.02723 0.02723
BinVal : 2 3 0.7284 0.03474 0.03474
BinVal : 2 4 0.8686 0.0167 0.0167
BinVal : 2 5 0.9804 0.004686 0.004686
BinVal : 2 6 0.996 0.001942 0.001942
BinVal : 2 7 0.9946 0.002011 0.002011
BinVal : 2 8 0.9862 0.002414 0.002414
BinVal : 2 9 0.9934 0.005679 0.005679
BinVal : 2 10 0.9792 0.02744 0.02744
BinVal : 2 11 1 0.07122 0.07122
BinVal : 2 12 1 0.06236 0.06236
BinVal : 3 0 0 0 0
BinVal : 3 1 0 0 0
BinVal : 3 2 0 0 0
BinVal : 3 3 0 0 0
BinVal : 3 4 0 0 0
BinVal : 3 5 0 0 0
BinVal : 3 6 0 0 0
BinVal : 3 7 0 0 0
BinVal : 3 8 0 0 0
BinVal : 3 9 0 0 0
BinVal : 3 10 0 0 0
BinVal : 3 11 0 0 0
BinVal : 3 12 0 0 0
BinVal : 4 0 0 0 0
BinVal : 4 1 0 0 0
BinVal : 4 2 0.178 0.02175 0.02175
BinVal : 4 3 0.7315 0.03002 0.03002
BinVal : 4 4 0.9231 0.01096 0.01096
BinVal : 4 5 0.9664 0.004292 0.004292
BinVal : 4 6 0.9784 0.002485 0.002485
BinVal : 4 7 0.9827 0.001653 0.001653
BinVal : 4 8 0.9811 0.00112 0.00112
BinVal : 4 9 0.9769 0.003131 0.003131
BinVal : 4 10 0.9699 0.008471 0.008471
BinVal : 4 11 0.9883 0.009896 0.009896
BinVal : 4 12 1 0.007353 0.007353
BinVal : 5 0 0 0 0
BinVal : 5 1 0 0 0
BinVal : 5 2 0.2088 0.02456 0.02456
BinVal : 5 3 0.8091 0.02529 0.02529
BinVal : 5 4 0.9357 0.009333 0.009333
BinVal : 5 5 0.9662 0.003884 0.003884
BinVal : 5 6 0.9704 0.002695 0.002695
BinVal : 5 7 0.9787 0.001714 0.001714
BinVal : 5 8 0.9752 0.001153 0.001153
BinVal : 5 9 0.9722 0.003082 0.003082
BinVal : 5 10 0.9752 0.007011 0.007011
BinVal : 5 11 0.9859 0.009194 0.009194
BinVal : 5 12 0.9941 0.008151 0.008151
BinVal : 6 0 0 0 0
BinVal : 6 1 0 0 0
BinVal : 6 2 0.1992 0.02469 0.02469
BinVal : 6 3 0.7805 0.02633 0.02633
BinVal : 6 4 0.8964 0.01259 0.01259
BinVal : 6 5 0.967 0.004218 0.004218
BinVal : 6 6 0.9751 0.002559 0.002559
BinVal : 6 7 0.9816 0.001661 0.001661
BinVal : 6 8 0.9791 0.001161 0.001161
BinVal : 6 9 0.9794 0.002856 0.002856
BinVal : 6 10 0.9886 0.005523 0.005523
BinVal : 6 11 0.9826 0.01133 0.01133
BinVal : 6 12 0.9921 0.01092 0.01092
BinVal : 7 0 0 0 0
BinVal : 7 1 0 0 0
BinVal : 7 2 0.1679 0.03267 0.03267
BinVal : 7 3 0.7383 0.04213 0.04213
BinVal : 7 4 0.8504 0.02336 0.02336
BinVal : 7 5 0.9604 0.007571 0.007571
BinVal : 7 6 0.9824 0.003288 0.003288
BinVal : 7 7 0.9874 0.002077 0.002077
BinVal : 7 8 0.9877 0.001435 0.001435
BinVal : 7 9 0.9903 0.003183 0.003183
BinVal : 7 10 0.9885 0.009729 0.009729
BinVal : 7 11 0.9859 0.01898 0.01898
BinVal : 7 12 1 0.01818 0.01818
BinVal : 8 0 0 0 0
BinVal : 8 1 0 0 0
BinVal : 8 2 0 0 0
BinVal : 8 3 0 0 0
BinVal : 8 4 0 0 0
BinVal : 8 5 0 0 0
BinVal : 8 6 0 0 0
BinVal : 8 7 0 0 0
BinVal : 8 8 0 0 0
BinVal : 8 9 0 0 0
BinVal : 8 10 0 0 0
BinVal : 8 11 0 0 0
BinVal : 8 12 0 0 0
BinVal : 9 0 0 0 0
BinVal : 9 1 0 0 0
BinVal : 9 2 0.1162 0.01672 0.01672
BinVal : 9 3 0.6264 0.02957 0.02957
BinVal : 9 4 0.8654 0.01368 0.01368
BinVal : 9 5 0.9841 0.003345 0.003345
BinVal : 9 6 0.9968 0.00139 0.00139
BinVal : 9 7 0.995 0.001651 0.001651
BinVal : 9 8 0.983 0.002338 0.002338
BinVal : 9 9 0.9817 0.00726 0.00726
BinVal : 9 10 0.9697 0.02472 0.02472
BinVal : 9 11 0.9333 0.07594 0.07594
BinVal : 9 12 1 0.05255 0.05255
BinVal : 10 0 0 0 0
BinVal : 10 1 0 0 0
BinVal : 10 2 0.06993 0.01529 0.01529
BinVal : 10 3 0.4877 0.03891 0.03891
BinVal : 10 4 0.8116 0.02154 0.02154
BinVal : 10 5 0.9701 0.006103 0.006103
BinVal : 10 6 0.9952 0.002681 0.002681
BinVal : 10 7 0.9921 0.003842 0.003842
BinVal : 10 8 0.958 0.007359 0.007359
BinVal : 10 9 0.9643 0.02258 0.02258
BinVal : 10 10 1 0.08299 0.08299
BinVal : 10 11 1 0.2357 0.2357
BinVal : 10 12 1 0.1633 0.1633
BinVal : 11 0 0 0 0
BinVal : 11 1 0 0 0
BinVal : 11 2 0.09195 0.03178 0.03178
BinVal : 11 3 0.3729 0.06155 0.06155
BinVal : 11 4 0.823 0.03587 0.03587
BinVal : 11 5 0.957 0.01251 0.01251
BinVal : 11 6 0.9954 0.006443 0.006443
BinVal : 11 7 0.9658 0.01831 0.01831
BinVal : 11 8 0.9545 0.01915 0.01915
BinVal : 11 9 0.8889 0.1113 0.1113
BinVal : 11 10 1 0.1936 0.1936
BinVal : 11 11 1 0.1936 0.1936
BinVal : 11 12 1 0.1936 0.1936
