D0NoteID : 0
EffName : SC5JET_9_PV3_25_v155
EffType : Binned
EffVarNames : DetEta pT
EffVersion : 6
ObjQuality : VLoose
ObjType : Electron
ObjVersion : 11
TriggerVersion : v15b
BinEdgesX : -3.2 -2.5 -2 -1.5 -1.1 -0.6 0 0.6 1.1 1.5 2 2.5 3.2
BinEdgesY : 0 10 15 20 22 25 30 35 40 50 60 70 80 1000
BinVal : 0 0 0 0 0
BinVal : 0 1 0 0 0
BinVal : 0 2 0.002442 0.002105 0.002105
BinVal : 0 3 0.02772 0.007817 0.007817
BinVal : 0 4 0.1341 0.01063 0.01063
BinVal : 0 5 0.7977 0.008783 0.008783
BinVal : 0 6 0.9815 0.002975 0.002975
BinVal : 0 7 0.9762 0.003912 0.003912
BinVal : 0 8 0.9614 0.004547 0.004547
BinVal : 0 9 0.981 0.0123 0.0123
BinVal : 0 10 1 0.03331 0.03331
BinVal : 0 11 1 0.1409 0.1409
BinVal : 0 12 1 0.1936 0.1936
BinVal : 1 0 0 0 0
BinVal : 1 1 0 0 0
BinVal : 1 2 0.006274 0.003052 0.003052
BinVal : 1 3 0.04107 0.008521 0.008521
BinVal : 1 4 0.2092 0.01115 0.01115
BinVal : 1 5 0.8335 0.007029 0.007029
BinVal : 1 6 0.9875 0.00189 0.00189
BinVal : 1 7 0.9918 0.001541 0.001541
BinVal : 1 8 0.9797 0.002021 0.002021
BinVal : 1 9 0.9861 0.005145 0.005145
BinVal : 1 10 0.9886 0.01545 0.01545
BinVal : 1 11 1 0.03997 0.03997
BinVal : 1 12 1 0.04343 0.04343
BinVal : 2 0 0 0 0
BinVal : 2 1 0 0 0
BinVal : 2 2 0.01187 0.006538 0.006538
BinVal : 2 3 0.05036 0.01343 0.01343
BinVal : 2 4 0.2482 0.01634 0.01634
BinVal : 2 5 0.8525 0.009084 0.009084
BinVal : 2 6 0.9917 0.002052 0.002052
BinVal : 2 7 0.9936 0.0017 0.0017
BinVal : 2 8 0.9857 0.002029 0.002029
BinVal : 2 9 0.9885 0.00556 0.00556
BinVal : 2 10 0.9841 0.02126 0.02126
BinVal : 2 11 1 0.04756 0.04756
BinVal : 2 12 1 0.04756 0.04756
BinVal : 3 0 0 0 0
BinVal : 3 1 0 0 0
BinVal : 3 2 0 0 0
BinVal : 3 3 0 0 0
BinVal : 3 4 0 0 0
BinVal : 3 5 0 0 0
BinVal : 3 6 0 0 0
BinVal : 3 7 0 0 0
BinVal : 3 8 0 0 0
BinVal : 3 9 0 0 0
BinVal : 3 10 0 0 0
BinVal : 3 11 0 0 0
BinVal : 3 12 0 0 0
BinVal : 4 0 0 0 0
BinVal : 4 1 0 0 0
BinVal : 4 2 0.01149 0.006334 0.006334
BinVal : 4 3 0.04016 0.0129 0.0129
BinVal : 4 4 0.2716 0.0173 0.0173
BinVal : 4 5 0.8799 0.007309 0.007309
BinVal : 4 6 0.9708 0.002718 0.002718
BinVal : 4 7 0.9779 0.001755 0.001755
BinVal : 4 8 0.9774 0.001147 0.001147
BinVal : 4 9 0.975 0.003039 0.003039
BinVal : 4 10 0.9663 0.00821 0.00821
BinVal : 4 11 0.9851 0.009731 0.009731
BinVal : 4 12 0.9872 0.01082 0.01082
BinVal : 5 0 0 0 0
BinVal : 5 1 0 0 0
BinVal : 5 2 0.03205 0.01036 0.01036
BinVal : 5 3 0.04332 0.0126 0.0126
BinVal : 5 4 0.2806 0.0161 0.0161
BinVal : 5 5 0.8863 0.006378 0.006378
BinVal : 5 6 0.9647 0.002785 0.002785
BinVal : 5 7 0.9716 0.001867 0.001867
BinVal : 5 8 0.9694 0.001197 0.001197
BinVal : 5 9 0.9677 0.003101 0.003101
BinVal : 5 10 0.9691 0.007124 0.007124
BinVal : 5 11 0.9836 0.008979 0.008979
BinVal : 5 12 0.9897 0.008747 0.008747
BinVal : 6 0 0 0 0
BinVal : 6 1 0 0 0
BinVal : 6 2 0.0297 0.01018 0.01018
BinVal : 6 3 0.04428 0.01287 0.01287
BinVal : 6 4 0.2596 0.01681 0.01681
BinVal : 6 5 0.8619 0.0076 0.0076
BinVal : 6 6 0.9729 0.002527 0.002527
BinVal : 6 7 0.9768 0.001765 0.001765
BinVal : 6 8 0.9746 0.001198 0.001198
BinVal : 6 9 0.9746 0.002949 0.002949
BinVal : 6 10 0.9844 0.005769 0.005769
BinVal : 6 11 0.9847 0.009973 0.009973
BinVal : 6 12 0.9929 0.009786 0.009786
BinVal : 7 0 0 0 0
BinVal : 7 1 0 0 0
BinVal : 7 2 0.01299 0.01096 0.01096
BinVal : 7 3 0.02703 0.01731 0.01731
BinVal : 7 4 0.223 0.02491 0.02491
BinVal : 7 5 0.821 0.0138 0.0138
BinVal : 7 6 0.9817 0.00315 0.00315
BinVal : 7 7 0.9862 0.002062 0.002062
BinVal : 7 8 0.9856 0.001449 0.001449
BinVal : 7 9 0.9865 0.003444 0.003444
BinVal : 7 10 0.9904 0.008169 0.008169
BinVal : 7 11 0.9881 0.01616 0.01616
BinVal : 7 12 1 0.01639 0.01639
BinVal : 8 0 0 0 0
BinVal : 8 1 0 0 0
BinVal : 8 2 0 0 0
BinVal : 8 3 0 0 0
BinVal : 8 4 0 0 0
BinVal : 8 5 0 0 0
BinVal : 8 6 0 0 0
BinVal : 8 7 0 0 0
BinVal : 8 8 0 0 0
BinVal : 8 9 0 0 0
BinVal : 8 10 0 0 0
BinVal : 8 11 0 0 0
BinVal : 8 12 0 0 0
BinVal : 9 0 0 0 0
BinVal : 9 1 0 0 0
BinVal : 9 2 0.008304 0.003329 0.003329
BinVal : 9 3 0.03082 0.007311 0.007311
BinVal : 9 4 0.1806 0.0108 0.0108
BinVal : 9 5 0.8219 0.007184 0.007184
BinVal : 9 6 0.9854 0.002047 0.002047
BinVal : 9 7 0.9925 0.001492 0.001492
BinVal : 9 8 0.9785 0.002058 0.002058
BinVal : 9 9 0.9758 0.006332 0.006332
BinVal : 9 10 0.9798 0.01681 0.01681
BinVal : 9 11 0.9583 0.05128 0.05128
BinVal : 9 12 1 0.04163 0.04163
BinVal : 10 0 0 0 0
BinVal : 10 1 0 0 0
BinVal : 10 2 0.00226 0.001948 0.001948
BinVal : 10 3 0.01141 0.004973 0.004973
BinVal : 10 4 0.1069 0.009783 0.009783
BinVal : 10 5 0.7345 0.009451 0.009451
BinVal : 10 6 0.9747 0.00346 0.00346
BinVal : 10 7 0.978 0.003718 0.003718
BinVal : 10 8 0.9598 0.004507 0.004507
BinVal : 10 9 0.9623 0.01369 0.01369
BinVal : 10 10 1 0.04756 0.04756
BinVal : 10 11 1 0.1633 0.1633
BinVal : 10 12 1 0.1409 0.1409
BinVal : 11 0 0 0 0
BinVal : 11 1 0 0 0
BinVal : 11 2 0 0 0
BinVal : 11 3 0.01333 0.008713 0.008713
BinVal : 11 4 0.09489 0.01454 0.01454
BinVal : 11 5 0.6892 0.01577 0.01577
BinVal : 11 6 0.9563 0.008333 0.008333
BinVal : 11 7 0.9406 0.01218 0.01218
BinVal : 11 8 0.932 0.01253 0.01253
BinVal : 11 9 0.9643 0.0448 0.0448
BinVal : 11 10 1 0.1633 0.1633
BinVal : 11 11 1 0.1633 0.1633
BinVal : 11 12 1 0.1633 0.1633
