D0NoteID : 0
EffName : SC5JET_9_PV3_20_v15
EffType : Binned
EffVarNames : DetEta pT
EffVersion : 6
ObjQuality : Point05
ObjType : Electron
ObjVersion : 3
TriggerVersion : v15
BinEdgesX : -3.2 -2.8 -2.5 -2.3 -2.1 -1.9 -1.7 -1.5 -1.3 -1.1 -0.9 -0.7 -0.5 -0.3 -0.1 0.1 0.3 0.5 0.7 0.9 1.1 1.3 1.5 1.7 1.9 2.1 2.3 2.5 2.8 3.2
BinEdgesY : 0 10 15 20 22 25 30 35 40 50 60 70 80 1000
BinVal : 0 0 0 0 0
BinVal : 0 1 0 0 0
BinVal : 0 2 0 0 0
BinVal : 0 3 0.1379 0.06502 0.06502
BinVal : 0 4 0.25 0.06142 0.06142
BinVal : 0 5 0.2313 0.03319 0.03319
BinVal : 0 6 0.3583 0.0433 0.0433
BinVal : 0 7 0.3824 0.05777 0.05777
BinVal : 0 8 0.16 0.03672 0.03672
BinVal : 0 9 0.6667 0.2 0.2
BinVal : 0 10 0.6667 0.2 0.2
BinVal : 0 11 0.6667 0.2 0.2
BinVal : 0 12 0.6667 0.2 0.2
BinVal : 1 0 0 0 0
BinVal : 1 1 0 0 0
BinVal : 1 2 0.05769 0.03531 0.03531
BinVal : 1 3 0.1395 0.05344 0.05344
BinVal : 1 4 0.2817 0.05262 0.05262
BinVal : 1 5 0.2606 0.02498 0.02498
BinVal : 1 6 0.3448 0.02779 0.02779
BinVal : 1 7 0.4158 0.03443 0.03443
BinVal : 1 8 0.2195 0.02633 0.02633
BinVal : 1 9 0.3333 0.09722 0.09722
BinVal : 1 10 1 0.2357 0.2357
BinVal : 1 11 1 0.2357 0.2357
BinVal : 1 12 1 0.2357 0.2357
BinVal : 2 0 0 0 0
BinVal : 2 1 0 0 0
BinVal : 2 2 0.04918 0.03048 0.03048
BinVal : 2 3 0.1569 0.05109 0.05109
BinVal : 2 4 0.2473 0.04435 0.04435
BinVal : 2 5 0.2715 0.023 0.023
BinVal : 2 6 0.3383 0.02184 0.02184
BinVal : 2 7 0.4553 0.02662 0.02662
BinVal : 2 8 0.2373 0.02039 0.02039
BinVal : 2 9 0.2889 0.06601 0.06601
BinVal : 2 10 1 0.2357 0.2357
BinVal : 2 11 1 0.2357 0.2357
BinVal : 2 12 1 0.2357 0.2357
BinVal : 3 0 0 0 0
BinVal : 3 1 0 0 0
BinVal : 3 2 0.03333 0.02703 0.02703
BinVal : 3 3 0.2069 0.05275 0.05275
BinVal : 3 4 0.1736 0.03155 0.03155
BinVal : 3 5 0.2293 0.02073 0.02073
BinVal : 3 6 0.3268 0.01892 0.01892
BinVal : 3 7 0.4235 0.02128 0.02128
BinVal : 3 8 0.2387 0.01577 0.01577
BinVal : 3 9 0.3733 0.05486 0.05486
BinVal : 3 10 0.4 0.175 0.175
BinVal : 3 11 1 0.1936 0.1936
BinVal : 3 12 1 0.2357 0.2357
BinVal : 4 0 0 0 0
BinVal : 4 1 0 0 0
BinVal : 4 2 0.02469 0.02037 0.02037
BinVal : 4 3 0.1875 0.05601 0.05601
BinVal : 4 4 0.1656 0.02913 0.02913
BinVal : 4 5 0.2324 0.02075 0.02075
BinVal : 4 6 0.3303 0.01831 0.01831
BinVal : 4 7 0.3815 0.01765 0.01765
BinVal : 4 8 0.2636 0.01346 0.01346
BinVal : 4 9 0.431 0.04541 0.04541
BinVal : 4 10 0.25 0.1166 0.1166
BinVal : 4 11 0.75 0.1782 0.1782
BinVal : 4 12 1 0.2357 0.2357
BinVal : 5 0 0 0 0
BinVal : 5 1 0 0 0
BinVal : 5 2 0 0 0
BinVal : 5 3 0.1731 0.05238 0.05238
BinVal : 5 4 0.2333 0.03437 0.03437
BinVal : 5 5 0.3203 0.02233 0.02233
BinVal : 5 6 0.3907 0.01884 0.01884
BinVal : 5 7 0.4028 0.0168 0.0168
BinVal : 5 8 0.3247 0.01221 0.01221
BinVal : 5 9 0.4294 0.03764 0.03764
BinVal : 5 10 0.3158 0.1005 0.1005
BinVal : 5 11 0.6 0.1367 0.1367
BinVal : 5 12 1 0.2357 0.2357
BinVal : 6 0 0 0 0
BinVal : 6 1 0 0 0
BinVal : 6 2 0 0 0
BinVal : 6 3 0.2069 0.07391 0.07391
BinVal : 6 4 0.2933 0.05182 0.05182
BinVal : 6 5 0.3649 0.03212 0.03212
BinVal : 6 6 0.4332 0.02688 0.02688
BinVal : 6 7 0.4282 0.02392 0.02392
BinVal : 6 8 0.3585 0.01644 0.01644
BinVal : 6 9 0.4216 0.04821 0.04821
BinVal : 6 10 0.4167 0.1278 0.1278
BinVal : 6 11 0.625 0.1477 0.1477
BinVal : 6 12 1 0.2357 0.2357
BinVal : 7 0 0 0 0
BinVal : 7 1 0 0 0
BinVal : 7 2 0 0 0
BinVal : 7 3 0 0 0
BinVal : 7 4 0 0 0
BinVal : 7 5 0 0 0
BinVal : 7 6 0 0 0
BinVal : 7 7 0 0 0
BinVal : 7 8 0 0 0
BinVal : 7 9 0 0 0
BinVal : 7 10 0 0 0
BinVal : 7 11 0 0 0
BinVal : 7 12 0 0 0
BinVal : 8 0 0 0 0
BinVal : 8 1 0 0 0
BinVal : 8 2 0 0 0
BinVal : 8 3 0 0 0
BinVal : 8 4 0 0 0
BinVal : 8 5 0 0 0
BinVal : 8 6 0 0 0
BinVal : 8 7 0 0 0
BinVal : 8 8 0 0 0
BinVal : 8 9 0 0 0
BinVal : 8 10 0 0 0
BinVal : 8 11 0 0 0
BinVal : 8 12 0 0 0
BinVal : 9 0 0 0 0
BinVal : 9 1 0 0 0
BinVal : 9 2 0.05556 0.04318 0.04318
BinVal : 9 3 0.5882 0.08105 0.08105
BinVal : 9 4 0.5323 0.0619 0.0619
BinVal : 9 5 0.5188 0.03212 0.03212
BinVal : 9 6 0.4833 0.01944 0.01944
BinVal : 9 7 0.3893 0.01394 0.01394
BinVal : 9 8 0.3505 0.009599 0.009599
BinVal : 9 9 0.4096 0.02603 0.02603
BinVal : 9 10 0.4328 0.05925 0.05925
BinVal : 9 11 0.5714 0.1203 0.1203
BinVal : 9 12 0.375 0.1477 0.1477
BinVal : 10 0 0 0 0
BinVal : 10 1 0 0 0
BinVal : 10 2 0.1282 0.05454 0.05454
BinVal : 10 3 0.5918 0.06825 0.06825
BinVal : 10 4 0.6022 0.05 0.05
BinVal : 10 5 0.5514 0.02896 0.02896
BinVal : 10 6 0.4923 0.01871 0.01871
BinVal : 10 7 0.3619 0.01284 0.01284
BinVal : 10 8 0.3361 0.008657 0.008657
BinVal : 10 9 0.3568 0.02353 0.02353
BinVal : 10 10 0.4217 0.05328 0.05328
BinVal : 10 11 0.3125 0.1081 0.1081
BinVal : 10 12 0.6471 0.1079 0.1079
BinVal : 11 0 0 0 0
BinVal : 11 1 0 0 0
BinVal : 11 2 0.2188 0.0717 0.0717
BinVal : 11 3 0.6818 0.06838 0.06838
BinVal : 11 4 0.66 0.04678 0.04678
BinVal : 11 5 0.5301 0.02598 0.02598
BinVal : 11 6 0.5299 0.01949 0.01949
BinVal : 11 7 0.3712 0.01315 0.01315
BinVal : 11 8 0.3353 0.008582 0.008582
BinVal : 11 9 0.3597 0.02182 0.02182
BinVal : 11 10 0.45 0.05462 0.05462
BinVal : 11 11 0.5862 0.08723 0.08723
BinVal : 11 12 0.7143 0.09392 0.09392
BinVal : 12 0 0 0 0
BinVal : 12 1 0 0 0
BinVal : 12 2 0.2174 0.08376 0.08376
BinVal : 12 3 0.8 0.06678 0.06678
BinVal : 12 4 0.7188 0.0454 0.0454
BinVal : 12 5 0.601 0.02483 0.02483
BinVal : 12 6 0.5318 0.01986 0.01986
BinVal : 12 7 0.3541 0.01377 0.01377
BinVal : 12 8 0.3445 0.008368 0.008368
BinVal : 12 9 0.3811 0.02147 0.02147
BinVal : 12 10 0.4074 0.05366 0.05366
BinVal : 12 11 0.6136 0.07119 0.07119
BinVal : 12 12 0.5909 0.0986 0.0986
BinVal : 13 0 0 0 0
BinVal : 13 1 0 0 0
BinVal : 13 2 0.2917 0.08882 0.08882
BinVal : 13 3 0.6296 0.08859 0.08859
BinVal : 13 4 0.7477 0.04091 0.04091
BinVal : 13 5 0.6067 0.02468 0.02468
BinVal : 13 6 0.4616 0.01892 0.01892
BinVal : 13 7 0.3321 0.01449 0.01449
BinVal : 13 8 0.3384 0.008027 0.008027
BinVal : 13 9 0.388 0.02173 0.02173
BinVal : 13 10 0.5109 0.05129 0.05129
BinVal : 13 11 0.5854 0.07437 0.07437
BinVal : 13 12 0.6786 0.08467 0.08467
BinVal : 14 0 0 0 0
BinVal : 14 1 0 0 0
BinVal : 14 2 0.2857 0.08231 0.08231
BinVal : 14 3 0.4286 0.1012 0.1012
BinVal : 14 4 0.72 0.04445 0.04445
BinVal : 14 5 0.5434 0.02472 0.02472
BinVal : 14 6 0.4448 0.01843 0.01843
BinVal : 14 7 0.3538 0.01467 0.01467
BinVal : 14 8 0.3305 0.007997 0.007997
BinVal : 14 9 0.3801 0.02182 0.02182
BinVal : 14 10 0.4902 0.04879 0.04879
BinVal : 14 11 0.5455 0.08303 0.08303
BinVal : 14 12 0.7391 0.08806 0.08806
BinVal : 15 0 0 0 0
BinVal : 15 1 0 0 0
BinVal : 15 2 0.2581 0.07638 0.07638
BinVal : 15 3 0.6071 0.08799 0.08799
BinVal : 15 4 0.6477 0.05018 0.05018
BinVal : 15 5 0.5745 0.0254 0.0254
BinVal : 15 6 0.4636 0.019 0.019
BinVal : 15 7 0.3575 0.01366 0.01366
BinVal : 15 8 0.3363 0.008319 0.008319
BinVal : 15 9 0.3693 0.02192 0.02192
BinVal : 15 10 0.5048 0.04811 0.04811
BinVal : 15 11 0.4444 0.0908 0.0908
BinVal : 15 12 0.6429 0.1174 0.1174
BinVal : 16 0 0 0 0
BinVal : 16 1 0 0 0
BinVal : 16 2 0.2195 0.06369 0.06369
BinVal : 16 3 0.6765 0.0775 0.0775
BinVal : 16 4 0.6939 0.04602 0.04602
BinVal : 16 5 0.5697 0.02743 0.02743
BinVal : 16 6 0.4758 0.01881 0.01881
BinVal : 16 7 0.3626 0.01283 0.01283
BinVal : 16 8 0.3386 0.00856 0.00856
BinVal : 16 9 0.3503 0.02192 0.02192
BinVal : 16 10 0.5728 0.04807 0.04807
BinVal : 16 11 0.4444 0.1086 0.1086
BinVal : 16 12 0.4762 0.102 0.102
BinVal : 17 0 0 0 0
BinVal : 17 1 0 0 0
BinVal : 17 2 0.1739 0.05576 0.05576
BinVal : 17 3 0.5152 0.0833 0.0833
BinVal : 17 4 0.6667 0.04611 0.04611
BinVal : 17 5 0.5333 0.0294 0.0294
BinVal : 17 6 0.4782 0.01812 0.01812
BinVal : 17 7 0.355 0.01243 0.01243
BinVal : 17 8 0.3465 0.008609 0.008609
BinVal : 17 9 0.3565 0.02261 0.02261
BinVal : 17 10 0.4941 0.0533 0.0533
BinVal : 17 11 0.4 0.1025 0.1025
BinVal : 17 12 0.5909 0.0986 0.0986
BinVal : 18 0 0 0 0
BinVal : 18 1 0 0 0
BinVal : 18 2 0.1538 0.05806 0.05806
BinVal : 18 3 0.4483 0.08797 0.08797
BinVal : 18 4 0.6087 0.05012 0.05012
BinVal : 18 5 0.5373 0.03029 0.03029
BinVal : 18 6 0.4875 0.01859 0.01859
BinVal : 18 7 0.3564 0.01357 0.01357
BinVal : 18 8 0.3598 0.009492 0.009492
BinVal : 18 9 0.3798 0.02527 0.02527
BinVal : 18 10 0.4603 0.06136 0.06136
BinVal : 18 11 0.4348 0.09735 0.09735
BinVal : 18 12 0.6923 0.1179 0.1179
BinVal : 19 0 0 0 0
BinVal : 19 1 0 0 0
BinVal : 19 2 0.1429 0.09466 0.09466
BinVal : 19 3 0.5 0.1387 0.1387
BinVal : 19 4 0.6047 0.07223 0.07223
BinVal : 19 5 0.5515 0.04219 0.04219
BinVal : 19 6 0.5176 0.02698 0.02698
BinVal : 19 7 0.3824 0.02191 0.02191
BinVal : 19 8 0.3609 0.01488 0.01488
BinVal : 19 9 0.3857 0.04074 0.04074
BinVal : 19 10 0.4667 0.08687 0.08687
BinVal : 19 11 0.5 0.1387 0.1387
BinVal : 19 12 0.4 0.175 0.175
BinVal : 20 0 0 0 0
BinVal : 20 1 0 0 0
BinVal : 20 2 0 0 0
BinVal : 20 3 0 0 0
BinVal : 20 4 0 0 0
BinVal : 20 5 0 0 0
BinVal : 20 6 0 0 0
BinVal : 20 7 0 0 0
BinVal : 20 8 0 0 0
BinVal : 20 9 0 0 0
BinVal : 20 10 0 0 0
BinVal : 20 11 0 0 0
BinVal : 20 12 0 0 0
BinVal : 21 0 0 0 0
BinVal : 21 1 0 0 0
BinVal : 21 2 0 0 0
BinVal : 21 3 0 0 0
BinVal : 21 4 0 0 0
BinVal : 21 5 0 0 0
BinVal : 21 6 0 0 0
BinVal : 21 7 0 0 0
BinVal : 21 8 0 0 0
BinVal : 21 9 0 0 0
BinVal : 21 10 0 0 0
BinVal : 21 11 0 0 0
BinVal : 21 12 0 0 0
BinVal : 22 0 0 0 0
BinVal : 22 1 0 0 0
BinVal : 22 2 0.03175 0.02583 0.02583
BinVal : 22 3 0.2687 0.05339 0.05339
BinVal : 22 4 0.2857 0.03887 0.03887
BinVal : 22 5 0.3891 0.02312 0.02312
BinVal : 22 6 0.4071 0.01929 0.01929
BinVal : 22 7 0.4308 0.01708 0.01708
BinVal : 22 8 0.3222 0.01217 0.01217
BinVal : 22 9 0.3867 0.0394 0.0394
BinVal : 22 10 0.5385 0.07694 0.07694
BinVal : 22 11 0.7273 0.1234 0.1234
BinVal : 22 12 0.6667 0.1614 0.1614
BinVal : 23 0 0 0 0
BinVal : 23 1 0 0 0
BinVal : 23 2 0.01299 0.01756 0.01756
BinVal : 23 3 0.1286 0.04048 0.04048
BinVal : 23 4 0.1805 0.03331 0.03331
BinVal : 23 5 0.2299 0.02045 0.02045
BinVal : 23 6 0.328 0.01879 0.01879
BinVal : 23 7 0.3909 0.01839 0.01839
BinVal : 23 8 0.2597 0.01329 0.01329
BinVal : 23 9 0.2759 0.04114 0.04114
BinVal : 23 10 0.4444 0.0908 0.0908
BinVal : 23 11 1 0.1237 0.1237
BinVal : 23 12 1 0.1936 0.1936
BinVal : 24 0 0 0 0
BinVal : 24 1 0 0 0
BinVal : 24 2 0.0137 0.01848 0.01848
BinVal : 24 3 0.09836 0.03928 0.03928
BinVal : 24 4 0.1681 0.03429 0.03429
BinVal : 24 5 0.2214 0.02068 0.02068
BinVal : 24 6 0.3138 0.01983 0.01983
BinVal : 24 7 0.3806 0.02092 0.02092
BinVal : 24 8 0.2271 0.01572 0.01572
BinVal : 24 9 0.2069 0.04319 0.04319
BinVal : 24 10 0.4118 0.1104 0.1104
BinVal : 24 11 0.4118 0.1104 0.1104
BinVal : 24 12 0.4118 0.1104 0.1104
BinVal : 25 0 0 0 0
BinVal : 25 1 0 0 0
BinVal : 25 2 0.01299 0.01756 0.01756
BinVal : 25 3 0.1282 0.05454 0.05454
BinVal : 25 4 0.1327 0.03453 0.03453
BinVal : 25 5 0.2635 0.02404 0.02404
BinVal : 25 6 0.3288 0.02223 0.02223
BinVal : 25 7 0.3904 0.02662 0.02662
BinVal : 25 8 0.2026 0.01854 0.01854
BinVal : 25 9 0.1739 0.05576 0.05576
BinVal : 25 10 0.3333 0.1389 0.1389
BinVal : 25 11 1 0.1936 0.1936
BinVal : 25 12 1 0.1936 0.1936
BinVal : 26 0 0 0 0
BinVal : 26 1 0 0 0
BinVal : 26 2 0.0125 0.01693 0.01693
BinVal : 26 3 0.1622 0.06068 0.06068
BinVal : 26 4 0.1212 0.03316 0.03316
BinVal : 26 5 0.282 0.02748 0.02748
BinVal : 26 6 0.3248 0.02645 0.02645
BinVal : 26 7 0.3936 0.03537 0.03537
BinVal : 26 8 0.1828 0.02268 0.02268
BinVal : 26 9 0.2727 0.09091 0.09091
BinVal : 26 10 0.5 0.2236 0.2236
BinVal : 26 11 1 0.1936 0.1936
BinVal : 26 12 1 0.1936 0.1936
BinVal : 27 0 0 0 0
BinVal : 27 1 0 0 0
BinVal : 27 2 0 0 0
BinVal : 27 3 0.1 0.07156 0.07156
BinVal : 27 4 0.1667 0.04813 0.04813
BinVal : 27 5 0.3032 0.03665 0.03665
BinVal : 27 6 0.2901 0.03933 0.03933
BinVal : 27 7 0.35 0.05248 0.05248
BinVal : 27 8 0.1456 0.03491 0.03491
BinVal : 27 9 0.25 0.1382 0.1382
BinVal : 27 10 0.25 0.1382 0.1382
BinVal : 27 11 0.25 0.1382 0.1382
BinVal : 27 12 0.25 0.1382 0.1382
BinVal : 28 0 0 0 0
BinVal : 28 1 0 0 0
BinVal : 28 2 0 0 0
BinVal : 28 3 0 0 0
BinVal : 28 4 0.125 0.1206 0.1206
BinVal : 28 5 0.3214 0.08467 0.08467
BinVal : 28 6 0.1818 0.1126 0.1126
BinVal : 28 7 0.2222 0.1286 0.1286
BinVal : 28 8 0.2222 0.1286 0.1286
BinVal : 28 9 0.2222 0.1286 0.1286
BinVal : 28 10 0.2222 0.1286 0.1286
BinVal : 28 11 0.2222 0.1286 0.1286
BinVal : 28 12 0.2222 0.1286 0.1286
