D0NoteID : 0
EffName : SC5JET_9_PV3_25_v15
EffType : Binned
EffVarNames : DetEta pT
EffVersion : 6
ObjQuality : Medium
ObjType : Electron
ObjVersion : 11
TriggerVersion : v15a
BinEdgesX : -3.2 -2.5 -2 -1.5 -1.1 -0.6 0 0.6 1.1 1.5 2 2.5 3.2
BinEdgesY : 0 10 15 20 22 25 30 35 40 50 60 70 80 1000
BinVal : 0 0 0 0 0
BinVal : 0 1 0 0 0
BinVal : 0 2 0 0 0
BinVal : 0 3 0 0 0
BinVal : 0 4 0.1774 0.028 0.028
BinVal : 0 5 0.8086 0.0157 0.0157
BinVal : 0 6 0.9763 0.005652 0.005652
BinVal : 0 7 0.9861 0.005154 0.005154
BinVal : 0 8 0.9715 0.006099 0.006099
BinVal : 0 9 0.9296 0.03193 0.03193
BinVal : 0 10 1 0.1409 0.1409
BinVal : 0 11 1 0.2357 0.2357
BinVal : 0 12 1 0.2357 0.2357
BinVal : 1 0 0 0 0
BinVal : 1 1 0 0 0
BinVal : 1 2 0.005714 0.007922 0.007922
BinVal : 1 3 0.0155 0.01302 0.01302
BinVal : 1 4 0.1722 0.02075 0.02075
BinVal : 1 5 0.8089 0.01234 0.01234
BinVal : 1 6 0.9761 0.004033 0.004033
BinVal : 1 7 0.9954 0.001866 0.001866
BinVal : 1 8 0.9792 0.002992 0.002992
BinVal : 1 9 0.9685 0.01149 0.01149
BinVal : 1 10 0.96 0.04949 0.04949
BinVal : 1 11 0.9 0.1034 0.1034
BinVal : 1 12 1 0.1936 0.1936
BinVal : 2 0 0 0 0
BinVal : 2 1 0 0 0
BinVal : 2 2 0.01031 0.01407 0.01407
BinVal : 2 3 0.03279 0.02662 0.02662
BinVal : 2 4 0.1762 0.02741 0.02741
BinVal : 2 5 0.8063 0.01697 0.01697
BinVal : 2 6 0.9784 0.005164 0.005164
BinVal : 2 7 0.996 0.002218 0.002218
BinVal : 2 8 0.9811 0.003417 0.003417
BinVal : 2 9 0.9839 0.0105 0.0105
BinVal : 2 10 0.9524 0.05752 0.05752
BinVal : 2 11 0.8889 0.1113 0.1113
BinVal : 2 12 1 0.1936 0.1936
BinVal : 3 0 0 0 0
BinVal : 3 1 0 0 0
BinVal : 3 2 0 0 0
BinVal : 3 3 0 0 0
BinVal : 3 4 0 0 0
BinVal : 3 5 0 0 0
BinVal : 3 6 0 0 0
BinVal : 3 7 0 0 0
BinVal : 3 8 0 0 0
BinVal : 3 9 0 0 0
BinVal : 3 10 0 0 0
BinVal : 3 11 0 0 0
BinVal : 3 12 0 0 0
BinVal : 4 0 0 0 0
BinVal : 4 1 0 0 0
BinVal : 4 2 0 0 0
BinVal : 4 3 0.03659 0.0231 0.0231
BinVal : 4 4 0.2647 0.03075 0.03075
BinVal : 4 5 0.851 0.01288 0.01288
BinVal : 4 6 0.9831 0.003285 0.003285
BinVal : 4 7 0.9811 0.002516 0.002516
BinVal : 4 8 0.9763 0.001759 0.001759
BinVal : 4 9 0.9739 0.004695 0.004695
BinVal : 4 10 0.985 0.009778 0.009778
BinVal : 4 11 0.9589 0.02577 0.02577
BinVal : 4 12 1 0.01852 0.01852
BinVal : 5 0 0 0 0
BinVal : 5 1 0 0 0
BinVal : 5 2 0 0 0
BinVal : 5 3 0.06579 0.02998 0.02998
BinVal : 5 4 0.2939 0.02897 0.02897
BinVal : 5 5 0.8878 0.01001 0.01001
BinVal : 5 6 0.9703 0.004044 0.004044
BinVal : 5 7 0.9743 0.002785 0.002785
BinVal : 5 8 0.9686 0.00184 0.00184
BinVal : 5 9 0.9733 0.004321 0.004321
BinVal : 5 10 0.9648 0.01199 0.01199
BinVal : 5 11 0.9615 0.0205 0.0205
BinVal : 5 12 0.9846 0.02064 0.02064
BinVal : 6 0 0 0 0
BinVal : 6 1 0 0 0
BinVal : 6 2 0 0 0
BinVal : 6 3 0.09231 0.03709 0.03709
BinVal : 6 4 0.2919 0.03129 0.03129
BinVal : 6 5 0.8947 0.01096 0.01096
BinVal : 6 6 0.9739 0.003924 0.003924
BinVal : 6 7 0.9791 0.002599 0.002599
BinVal : 6 8 0.9737 0.001841 0.001841
BinVal : 6 9 0.9805 0.004111 0.004111
BinVal : 6 10 0.9661 0.01234 0.01234
BinVal : 6 11 0.9859 0.01898 0.01898
BinVal : 6 12 0.9804 0.02593 0.02593
BinVal : 7 0 0 0 0
BinVal : 7 1 0 0 0
BinVal : 7 2 0 0 0
BinVal : 7 3 0.09677 0.05597 0.05597
BinVal : 7 4 0.2553 0.04456 0.04456
BinVal : 7 5 0.8596 0.02062 0.02062
BinVal : 7 6 0.9832 0.004781 0.004781
BinVal : 7 7 0.987 0.003124 0.003124
BinVal : 7 8 0.9856 0.002159 0.002159
BinVal : 7 9 0.9832 0.006197 0.006197
BinVal : 7 10 0.9895 0.01435 0.01435
BinVal : 7 11 1 0.03331 0.03331
BinVal : 7 12 1 0.04756 0.04756
BinVal : 8 0 0 0 0
BinVal : 8 1 0 0 0
BinVal : 8 2 0 0 0
BinVal : 8 3 0 0 0
BinVal : 8 4 0 0 0
BinVal : 8 5 0 0 0
BinVal : 8 6 0 0 0
BinVal : 8 7 0 0 0
BinVal : 8 8 0 0 0
BinVal : 8 9 0 0 0
BinVal : 8 10 0 0 0
BinVal : 8 11 0 0 0
BinVal : 8 12 0 0 0
BinVal : 9 0 0 0 0
BinVal : 9 1 0 0 0
BinVal : 9 2 0.005348 0.007423 0.007423
BinVal : 9 3 0.03247 0.01535 0.01535
BinVal : 9 4 0.1466 0.02022 0.02022
BinVal : 9 5 0.8112 0.0124 0.0124
BinVal : 9 6 0.9762 0.004151 0.004151
BinVal : 9 7 0.9905 0.002619 0.002619
BinVal : 9 8 0.9779 0.003054 0.003054
BinVal : 9 9 0.9721 0.01098 0.01098
BinVal : 9 10 1 0.01666 0.01666
BinVal : 9 11 1 0.06236 0.06236
BinVal : 9 12 1 0.1237 0.1237
BinVal : 10 0 0 0 0
BinVal : 10 1 0 0 0
BinVal : 10 2 0 0 0
BinVal : 10 3 0 0 0
BinVal : 10 4 0.1398 0.02551 0.02551
BinVal : 10 5 0.7553 0.01729 0.01729
BinVal : 10 6 0.9673 0.006664 0.006664
BinVal : 10 7 0.9818 0.005943 0.005943
BinVal : 10 8 0.9654 0.006632 0.006632
BinVal : 10 9 0.9756 0.02013 0.02013
BinVal : 10 10 1 0.0665 0.0665
BinVal : 10 11 1 0.1936 0.1936
BinVal : 10 12 1 0.1936 0.1936
BinVal : 11 0 0 0 0
BinVal : 11 1 0 0 0
BinVal : 11 2 0 0 0
BinVal : 11 3 0 0 0
BinVal : 11 4 0.1639 0.04745 0.04745
BinVal : 11 5 0.7099 0.03542 0.03542
BinVal : 11 6 0.9856 0.01211 0.01211
BinVal : 11 7 0.9518 0.02537 0.02537
BinVal : 11 8 0.9333 0.02531 0.02531
BinVal : 11 9 0.8571 0.1315 0.1315
BinVal : 11 10 0.8571 0.1315 0.1315
BinVal : 11 11 0.8571 0.1315 0.1315
BinVal : 11 12 0.8571 0.1315 0.1315
