D0NoteID : 0
EffName : SC5JET_9_PV3_20_v16
EffType : Binned
EffVarNames : DetEta pT
EffVersion : 6
ObjQuality : Tight_trk
ObjType : Electron
ObjVersion : 2
TriggerVersion : v16 
BinEdgesX : -3.2 -2.8 -2.5 -2.3 -2.1 -1.9 -1.7 -1.5 -1.3 -1.1 -0.9 -0.7 -0.5 -0.3 -0.1 0.1 0.3 0.5 0.7 0.9 1.1 1.3 1.5 1.7 1.9 2.1 2.3 2.5 2.8 3.2
BinEdgesY : 0 10 15 20 22 25 30 35 40 50 60 70 80 1000
BinVal : 0 0 0 0 0
BinVal : 0 1 0 0 0
BinVal : 0 2 1 0.0454 0.0454
BinVal : 0 3 1 0.07122 0.07122
BinVal : 0 4 1 0.06236 0.06236
BinVal : 0 5 1 0.01613 0.01613
BinVal : 0 6 1 0.01852 0.01852
BinVal : 0 7 1 0.04756 0.04756
BinVal : 0 8 1 0.02438 0.02438
BinVal : 0 9 1 0.2357 0.2357
BinVal : 0 10 1 0.2357 0.2357
BinVal : 0 11 1 0.2357 0.2357
BinVal : 0 12 1 0.2357 0.2357
BinVal : 1 0 0 0 0
BinVal : 1 1 0 0 0
BinVal : 1 2 0.9804 0.02593 0.02593
BinVal : 1 3 1 0.02856 0.02856
BinVal : 1 4 1 0.01538 0.01538
BinVal : 1 5 1 0.004525 0.004525
BinVal : 1 6 1 0.003509 0.003509
BinVal : 1 7 1 0.005464 0.005464
BinVal : 1 8 1 0.003891 0.003891
BinVal : 1 9 1 0.03997 0.03997
BinVal : 1 10 1 0.1936 0.1936
BinVal : 1 11 1 0.1936 0.1936
BinVal : 1 12 1 0.1936 0.1936
BinVal : 2 0 0 0 0
BinVal : 2 1 0 0 0
BinVal : 2 2 0.9861 0.01872 0.01872
BinVal : 2 3 1 0.01613 0.01613
BinVal : 2 4 1 0.007353 0.007353
BinVal : 2 5 1 0.002364 0.002364
BinVal : 2 6 1 0.001831 0.001831
BinVal : 2 7 1 0.002193 0.002193
BinVal : 2 8 1 0.001795 0.001795
BinVal : 2 9 1 0.02325 0.02325
BinVal : 2 10 1 0.09045 0.09045
BinVal : 2 11 1 0.09045 0.09045
BinVal : 2 12 1 0.09045 0.09045
BinVal : 3 0 0 0 0
BinVal : 3 1 0 0 0
BinVal : 3 2 0.9739 0.01673 0.01673
BinVal : 3 3 1 0.01316 0.01316
BinVal : 3 4 1 0.005 0.005
BinVal : 3 5 1 0.001842 0.001842
BinVal : 3 6 1 0.001325 0.001325
BinVal : 3 7 1 0.001214 0.001214
BinVal : 3 8 0.9991 0.001339 0.001339
BinVal : 3 9 1 0.009259 0.009259
BinVal : 3 10 1 0.04993 0.04993
BinVal : 3 11 1 0.1936 0.1936
BinVal : 3 12 1 0.1936 0.1936
BinVal : 4 0 0 0 0
BinVal : 4 1 0 0 0
BinVal : 4 2 0.9571 0.01667 0.01667
BinVal : 4 3 1 0.009345 0.009345
BinVal : 4 4 1 0.003802 0.003802
BinVal : 4 5 1 0.001294 0.001294
BinVal : 4 6 1 0.0008842 0.0008842
BinVal : 4 7 1 0.0007158 0.0007158
BinVal : 4 8 0.9995 0.0007177 0.0007177
BinVal : 4 9 1 0.004545 0.004545
BinVal : 4 10 1 0.03224 0.03224
BinVal : 4 11 1 0.07122 0.07122
BinVal : 4 12 1 0.1409 0.1409
BinVal : 5 0 0 0 0
BinVal : 5 1 0 0 0
BinVal : 5 2 0.9766 0.0127 0.0127
BinVal : 5 3 1 0.006173 0.006173
BinVal : 5 4 1 0.002865 0.002865
BinVal : 5 5 1 0.0009225 0.0009225
BinVal : 5 6 1 0.0006443 0.0006443
BinVal : 5 7 1 0.0004794 0.0004794
BinVal : 5 8 1 0.0003099 0.0003099
BinVal : 5 9 1 0.002584 0.002584
BinVal : 5 10 1 0.01562 0.01562
BinVal : 5 11 1 0.03843 0.03843
BinVal : 5 12 1 0.08299 0.08299
BinVal : 6 0 0 0 0
BinVal : 6 1 0 0 0
BinVal : 6 2 1 0.01163 0.01163
BinVal : 6 3 1 0.01075 0.01075
BinVal : 6 4 1 0.004926 0.004926
BinVal : 6 5 1 0.001675 0.001675
BinVal : 6 6 1 0.001157 0.001157
BinVal : 6 7 1 0.000817 0.000817
BinVal : 6 8 1 0.0005061 0.0005061
BinVal : 6 9 1 0.003906 0.003906
BinVal : 6 10 1 0.02173 0.02173
BinVal : 6 11 1 0.05871 0.05871
BinVal : 6 12 1 0.1237 0.1237
BinVal : 7 0 0 0 0
BinVal : 7 1 0 0 0
BinVal : 7 2 0 0 0
BinVal : 7 3 0 0 0
BinVal : 7 4 0 0 0
BinVal : 7 5 0 0 0
BinVal : 7 6 0 0 0
BinVal : 7 7 0 0 0
BinVal : 7 8 0 0 0
BinVal : 7 9 0 0 0
BinVal : 7 10 0 0 0
BinVal : 7 11 0 0 0
BinVal : 7 12 0 0 0
BinVal : 8 0 0 0 0
BinVal : 8 1 0 0 0
BinVal : 8 2 0 0 0
BinVal : 8 3 0 0 0
BinVal : 8 4 0 0 0
BinVal : 8 5 0 0 0
BinVal : 8 6 0 0 0
BinVal : 8 7 0 0 0
BinVal : 8 8 0 0 0
BinVal : 8 9 0 0 0
BinVal : 8 10 0 0 0
BinVal : 8 11 0 0 0
BinVal : 8 12 0 0 0
BinVal : 9 0 0 0 0
BinVal : 9 1 0 0 0
BinVal : 9 2 0.9664 0.01584 0.01584
BinVal : 9 3 0.9908 0.01257 0.01257
BinVal : 9 4 0.9958 0.00588 0.00588
BinVal : 9 5 1 0.001355 0.001355
BinVal : 9 6 1 0.0005157 0.0005157
BinVal : 9 7 1 0.0002888 0.0002888
BinVal : 9 8 0.9999 0.0001943 0.0001943
BinVal : 9 9 1 0.0008418 0.0008418
BinVal : 9 10 1 0.004386 0.004386
BinVal : 9 11 1 0.01428 0.01428
BinVal : 9 12 1 0.02272 0.02272
BinVal : 10 0 0 0 0
BinVal : 10 1 0 0 0
BinVal : 10 2 0.9769 0.01256 0.01256
BinVal : 10 3 1 0.008064 0.008064
BinVal : 10 4 1 0.003257 0.003257
BinVal : 10 5 0.9976 0.00204 0.00204
BinVal : 10 6 1 0.0004606 0.0004606
BinVal : 10 7 0.9995 0.0004133 0.0004133
BinVal : 10 8 0.9997 0.0002232 0.0002232
BinVal : 10 9 1 0.0006752 0.0006752
BinVal : 10 10 1 0.003521 0.003521
BinVal : 10 11 1 0.01163 0.01163
BinVal : 10 12 1 0.01538 0.01538
BinVal : 11 0 0 0 0
BinVal : 11 1 0 0 0
BinVal : 11 2 0.972 0.0151 0.0151
BinVal : 11 3 1 0.009091 0.009091
BinVal : 11 4 1 0.002985 0.002985
BinVal : 11 5 0.9981 0.001664 0.001664
BinVal : 11 6 0.9995 0.0006555 0.0006555
BinVal : 11 7 0.9993 0.0004735 0.0004735
BinVal : 11 8 0.9997 0.0002156 0.0002156
BinVal : 11 9 1 0.000668 0.000668
BinVal : 11 10 1 0.003496 0.003496
BinVal : 11 11 1 0.01099 0.01099
BinVal : 11 12 1 0.01282 0.01282
BinVal : 12 0 0 0 0
BinVal : 12 1 0 0 0
BinVal : 12 2 0.9565 0.02031 0.02031
BinVal : 12 3 1 0.008928 0.008928
BinVal : 12 4 1 0.003039 0.003039
BinVal : 12 5 1 0.0008382 0.0008382
BinVal : 12 6 0.9986 0.0009544 0.0009544
BinVal : 12 7 0.9997 0.000364 0.000364
BinVal : 12 8 0.9998 0.0001783 0.0001783
BinVal : 12 9 1 0.0006689 0.0006689
BinVal : 12 10 1 0.003731 0.003731
BinVal : 12 11 1 0.01053 0.01053
BinVal : 12 12 1 0.01408 0.01408
BinVal : 13 0 0 0 0
BinVal : 13 1 0 0 0
BinVal : 13 2 0.9417 0.02423 0.02423
BinVal : 13 3 1 0.008264 0.008264
BinVal : 13 4 1 0.003425 0.003425
BinVal : 13 5 1 0.0008143 0.0008143
BinVal : 13 6 0.9986 0.0009365 0.0009365
BinVal : 13 7 1 0.0002921 0.0002921
BinVal : 13 8 0.9997 0.0001968 0.0001968
BinVal : 13 9 1 0.0006954 0.0006954
BinVal : 13 10 1 0.003831 0.003831
BinVal : 13 11 1 0.01031 0.01031
BinVal : 13 12 1 0.01587 0.01587
BinVal : 14 0 0 0 0
BinVal : 14 1 0 0 0
BinVal : 14 2 0.9369 0.02402 0.02402
BinVal : 14 3 1 0.008695 0.008695
BinVal : 14 4 1 0.003279 0.003279
BinVal : 14 5 1 0.0008 0.0008
BinVal : 14 6 0.9995 0.0006546 0.0006546
BinVal : 14 7 0.9997 0.0004221 0.0004221
BinVal : 14 8 0.9997 0.0001971 0.0001971
BinVal : 14 9 1 0.0007225 0.0007225
BinVal : 14 10 1 0.003731 0.003731
BinVal : 14 11 1 0.01087 0.01087
BinVal : 14 12 1 0.01408 0.01408
BinVal : 15 0 0 0 0
BinVal : 15 1 0 0 0
BinVal : 15 2 0.9762 0.01532 0.01532
BinVal : 15 3 0.9896 0.01421 0.01421
BinVal : 15 4 1 0.002941 0.002941
BinVal : 15 5 1 0.00078 0.00078
BinVal : 15 6 0.9995 0.0006742 0.0006742
BinVal : 15 7 0.9997 0.0003846 0.0003846
BinVal : 15 8 0.9997 0.0002001 0.0002001
BinVal : 15 9 1 0.0006798 0.0006798
BinVal : 15 10 1 0.003745 0.003745
BinVal : 15 11 1 0.01136 0.01136
BinVal : 15 12 1 0.01333 0.01333
BinVal : 16 0 0 0 0
BinVal : 16 1 0 0 0
BinVal : 16 2 0.9716 0.01531 0.01531
BinVal : 16 3 0.9903 0.01328 0.01328
BinVal : 16 4 1 0.00289 0.00289
BinVal : 16 5 0.9992 0.001191 0.001191
BinVal : 16 6 0.9995 0.0006669 0.0006669
BinVal : 16 7 0.9998 0.0003364 0.0003364
BinVal : 16 8 0.9998 0.0001764 0.0001764
BinVal : 16 9 1 0.0006527 0.0006527
BinVal : 16 10 1 0.00369 0.00369
BinVal : 16 11 1 0.01176 0.01176
BinVal : 16 12 1 0.01639 0.01639
BinVal : 17 0 0 0 0
BinVal : 17 1 0 0 0
BinVal : 17 2 0.9586 0.01751 0.01751
BinVal : 17 3 1 0.008064 0.008064
BinVal : 17 4 1 0.003145 0.003145
BinVal : 17 5 0.999 0.001469 0.001469
BinVal : 17 6 1 0.0004507 0.0004507
BinVal : 17 7 0.9998 0.0003224 0.0003224
BinVal : 17 8 1 0.0001068 0.0001068
BinVal : 17 9 1 0.0006562 0.0006562
BinVal : 17 10 1 0.003534 0.003534
BinVal : 17 11 1 0.01136 0.01136
BinVal : 17 12 1 0.01923 0.01923
BinVal : 18 0 0 0 0
BinVal : 18 1 0 0 0
BinVal : 18 2 0.9779 0.01423 0.01423
BinVal : 18 3 1 0.008849 0.008849
BinVal : 18 4 1 0.004255 0.004255
BinVal : 18 5 1 0.001217 0.001217
BinVal : 18 6 0.9995 0.0006791 0.0006791
BinVal : 18 7 1 0.0002703 0.0002703
BinVal : 18 8 1 0.0001286 0.0001286
BinVal : 18 9 1 0.0007645 0.0007645
BinVal : 18 10 1 0.004292 0.004292
BinVal : 18 11 1 0.0137 0.0137
BinVal : 18 12 1 0.02 0.02
BinVal : 19 0 0 0 0
BinVal : 19 1 0 0 0
BinVal : 19 2 1 0.01587 0.01587
BinVal : 19 3 1 0.02127 0.02127
BinVal : 19 4 1 0.01163 0.01163
BinVal : 19 5 1 0.002577 0.002577
BinVal : 19 6 0.9989 0.00154 0.00154
BinVal : 19 7 1 0.0006353 0.0006353
BinVal : 19 8 1 0.0003095 0.0003095
BinVal : 19 9 1 0.001773 0.001773
BinVal : 19 10 1 0.01064 0.01064
BinVal : 19 11 1 0.03446 0.03446
BinVal : 19 12 1 0.04163 0.04163
BinVal : 20 0 0 0 0
BinVal : 20 1 0 0 0
BinVal : 20 2 0 0 0
BinVal : 20 3 0 0 0
BinVal : 20 4 0 0 0
BinVal : 20 5 0 0 0
BinVal : 20 6 0 0 0
BinVal : 20 7 0 0 0
BinVal : 20 8 0 0 0
BinVal : 20 9 0 0 0
BinVal : 20 10 0 0 0
BinVal : 20 11 0 0 0
BinVal : 20 12 0 0 0
BinVal : 21 0 0 0 0
BinVal : 21 1 0 0 0
BinVal : 21 2 0 0 0
BinVal : 21 3 0 0 0
BinVal : 21 4 0 0 0
BinVal : 21 5 0 0 0
BinVal : 21 6 0 0 0
BinVal : 21 7 0 0 0
BinVal : 21 8 0 0 0
BinVal : 21 9 0 0 0
BinVal : 21 10 0 0 0
BinVal : 21 11 0 0 0
BinVal : 21 12 0 0 0
BinVal : 22 0 0 0 0
BinVal : 22 1 0 0 0
BinVal : 22 2 0.9565 0.01569 0.01569
BinVal : 22 3 1 0.006803 0.006803
BinVal : 22 4 0.9972 0.003901 0.003901
BinVal : 22 5 1 0.0009259 0.0009259
BinVal : 22 6 0.9994 0.0009034 0.0009034
BinVal : 22 7 1 0.0005003 0.0005003
BinVal : 22 8 0.9997 0.0003912 0.0003912
BinVal : 22 9 1 0.002028 0.002028
BinVal : 22 10 1 0.0137 0.0137
BinVal : 22 11 1 0.03569 0.03569
BinVal : 22 12 1 0.1237 0.1237
BinVal : 23 0 0 0 0
BinVal : 23 1 0 0 0
BinVal : 23 2 0.9876 0.0105 0.0105
BinVal : 23 3 0.992 0.011 0.011
BinVal : 23 4 1 0.003333 0.003333
BinVal : 23 5 1 0.001274 0.001274
BinVal : 23 6 0.9991 0.001244 0.001244
BinVal : 23 7 1 0.0006944 0.0006944
BinVal : 23 8 0.9995 0.0006465 0.0006465
BinVal : 23 9 1 0.003425 0.003425
BinVal : 23 10 1 0.02083 0.02083
BinVal : 23 11 1 0.1237 0.1237
BinVal : 23 12 1 0.2357 0.2357
BinVal : 24 0 0 0 0
BinVal : 24 1 0 0 0
BinVal : 24 2 0.9837 0.01363 0.01363
BinVal : 24 3 0.9882 0.01598 0.01598
BinVal : 24 4 1 0.004695 0.004695
BinVal : 24 5 1 0.001661 0.001661
BinVal : 24 6 1 0.00119 0.00119
BinVal : 24 7 1 0.001071 0.001071
BinVal : 24 8 1 0.0008203 0.0008203
BinVal : 24 9 1 0.007519 0.007519
BinVal : 24 10 1 0.03701 0.03701
BinVal : 24 11 1 0.1633 0.1633
BinVal : 24 12 1 0.1633 0.1633
BinVal : 25 0 0 0 0
BinVal : 25 1 0 0 0
BinVal : 25 2 0.9901 0.01353 0.01353
BinVal : 25 3 1 0.01408 0.01408
BinVal : 25 4 1 0.006757 0.006757
BinVal : 25 5 1 0.002024 0.002024
BinVal : 25 6 1 0.001605 0.001605
BinVal : 25 7 1 0.001757 0.001757
BinVal : 25 8 1 0.001337 0.001337
BinVal : 25 9 1 0.01219 0.01219
BinVal : 25 10 1 0.0665 0.0665
BinVal : 25 11 1 0.1936 0.1936
BinVal : 25 12 1 0.1936 0.1936
BinVal : 26 0 0 0 0
BinVal : 26 1 0 0 0
BinVal : 26 2 1 0.01408 0.01408
BinVal : 26 3 1 0.0238 0.0238
BinVal : 26 4 1 0.0119 0.0119
BinVal : 26 5 1 0.003584 0.003584
BinVal : 26 6 1 0.002817 0.002817
BinVal : 26 7 1 0.003968 0.003968
BinVal : 26 8 1 0.002801 0.002801
BinVal : 26 9 1 0.02499 0.02499
BinVal : 26 10 1 0.1409 0.1409
BinVal : 26 11 1 0.1409 0.1409
BinVal : 26 12 1 0.1409 0.1409
BinVal : 27 0 0 0 0
BinVal : 27 1 0 0 0
BinVal : 27 2 1 0.05546 0.05546
BinVal : 27 3 1 0.07122 0.07122
BinVal : 27 4 1 0.03569 0.03569
BinVal : 27 5 1 0.01333 0.01333
BinVal : 27 6 1 0.01075 0.01075
BinVal : 27 7 1 0.02 0.02
BinVal : 27 8 1 0.01562 0.01562
BinVal : 27 9 1 0.1633 0.1633
BinVal : 27 10 1 0.2357 0.2357
BinVal : 27 11 1 0.2357 0.2357
BinVal : 27 12 1 0.2357 0.2357
BinVal : 28 0 0 0 0
BinVal : 28 1 0 0 0
BinVal : 28 2 1 0.2357 0.2357
BinVal : 28 3 1 0.2357 0.2357
BinVal : 28 4 1 0.1409 0.1409
BinVal : 28 5 1 0.09938 0.09938
BinVal : 28 6 1 0.1409 0.1409
BinVal : 28 7 1 0.1633 0.1633
BinVal : 28 8 1 0.1936 0.1936
BinVal : 28 9 1 0.1936 0.1936
BinVal : 28 10 1 0.1936 0.1936
BinVal : 28 11 1 0.1936 0.1936
BinVal : 28 12 1 0.1936 0.1936
