D0NoteID : 0
EffName : SC5JET_9_PV3_25_v165
EffType : Binned
EffVarNames : DetEta pT
EffVersion : 6
ObjQuality : Point1
ObjType : Electron
ObjVersion : 1
TriggerVersion : v16
TriggerVersionHigh : 16.99
TriggerVersionLow : 16.50
BinEdgesX : -3.2 -2.8 -2.5 -2.3 -2.1 -1.9 -1.7 -1.5 -1.3 -1.1 -0.9 -0.7 -0.5 -0.3 -0.1 0.1 0.3 0.5 0.7 0.9 1.1 1.3 1.5 1.7 1.9 2.1 2.3 2.5 2.8 3.2
BinEdgesY : 0 10 15 20 22 25 30 35 40 50 60 70 80 1000
BinVal : 0 0 0 0 0
BinVal : 0 1 0 0 0
BinVal : 0 2 0 0 0
BinVal : 0 3 0.06452 0.0493 0.0493
BinVal : 0 4 0.1091 0.03013 0.03013
BinVal : 0 5 0.8521 0.01934 0.01934
BinVal : 0 6 0.9964 0.005078 0.005078
BinVal : 0 7 0.9474 0.01673 0.01673
BinVal : 0 8 0.9409 0.01566 0.01566
BinVal : 0 9 1 0.0665 0.0665
BinVal : 0 10 1 0.2357 0.2357
BinVal : 0 11 1 0.2357 0.2357
BinVal : 0 12 1 0.2357 0.2357
BinVal : 1 0 0 0 0
BinVal : 1 1 0 0 0
BinVal : 1 2 0 0 0
BinVal : 1 3 0.04 0.03203 0.03203
BinVal : 1 4 0.1559 0.02664 0.02664
BinVal : 1 5 0.8795 0.01427 0.01427
BinVal : 1 6 0.9946 0.003549 0.003549
BinVal : 1 7 0.9752 0.008048 0.008048
BinVal : 1 8 0.9566 0.008281 0.008281
BinVal : 1 9 0.9565 0.03458 0.03458
BinVal : 1 10 1 0.09938 0.09938
BinVal : 1 11 1 0.09938 0.09938
BinVal : 1 12 1 0.09938 0.09938
BinVal : 2 0 0 0 0
BinVal : 2 1 0 0 0
BinVal : 2 2 0 0 0
BinVal : 2 3 0.01562 0.02094 0.02094
BinVal : 2 4 0.1719 0.02723 0.02723
BinVal : 2 5 0.9122 0.01169 0.01169
BinVal : 2 6 0.9917 0.003609 0.003609
BinVal : 2 7 0.983 0.005292 0.005292
BinVal : 2 8 0.9562 0.006592 0.006592
BinVal : 2 9 0.9545 0.02118 0.02118
BinVal : 2 10 1 0.05871 0.05871
BinVal : 2 11 1 0.05871 0.05871
BinVal : 2 12 0.75 0.1782 0.1782
BinVal : 3 0 0 0 0
BinVal : 3 1 0 0 0
BinVal : 3 2 0.02273 0.01465 0.01465
BinVal : 3 3 0.02273 0.01465 0.01465
BinVal : 3 4 0.1966 0.02973 0.02973
BinVal : 3 5 0.9097 0.01146 0.01146
BinVal : 3 6 0.9832 0.004417 0.004417
BinVal : 3 7 0.9858 0.003877 0.003877
BinVal : 3 8 0.9584 0.005288 0.005288
BinVal : 3 9 0.9686 0.01342 0.01342
BinVal : 3 10 0.9545 0.05528 0.05528
BinVal : 3 11 0.5 0.2236 0.2236
BinVal : 3 12 1 0.1633 0.1633
BinVal : 4 0 0 0 0
BinVal : 4 1 0.02564 0.03324 0.03324
BinVal : 4 2 0.0219 0.01413 0.01413
BinVal : 4 3 0.02247 0.01862 0.01862
BinVal : 4 4 0.281 0.02877 0.02877
BinVal : 4 5 0.9209 0.01068 0.01068
BinVal : 4 6 0.9855 0.003711 0.003711
BinVal : 4 7 0.9865 0.003144 0.003144
BinVal : 4 8 0.9669 0.003748 0.003748
BinVal : 4 9 0.9623 0.01102 0.01102
BinVal : 4 10 0.9762 0.03105 0.03105
BinVal : 4 11 1 0.07666 0.07666
BinVal : 4 12 1 0.1409 0.1409
BinVal : 5 0 0 0 0
BinVal : 5 1 0.02326 0.03038 0.03038
BinVal : 5 2 0.01449 0.0122 0.0122
BinVal : 5 3 0.0991 0.02885 0.02885
BinVal : 5 4 0.3515 0.02618 0.02618
BinVal : 5 5 0.9356 0.008446 0.008446
BinVal : 5 6 0.9923 0.002526 0.002526
BinVal : 5 7 0.9886 0.002533 0.002533
BinVal : 5 8 0.9769 0.002579 0.002579
BinVal : 5 9 0.9742 0.007588 0.007588
BinVal : 5 10 0.9863 0.01848 0.01848
BinVal : 5 11 0.9524 0.05752 0.05752
BinVal : 5 12 1 0.0665 0.0665
BinVal : 6 0 0 0 0
BinVal : 6 1 0 0 0
BinVal : 6 2 0.02857 0.02339 0.02339
BinVal : 6 3 0.1343 0.04208 0.04208
BinVal : 6 4 0.3898 0.03637 0.03637
BinVal : 6 5 0.9412 0.01053 0.01053
BinVal : 6 6 0.9927 0.003527 0.003527
BinVal : 6 7 0.9922 0.002918 0.002918
BinVal : 6 8 0.9825 0.002974 0.002974
BinVal : 6 9 0.9887 0.00742 0.00742
BinVal : 6 10 0.9778 0.02913 0.02913
BinVal : 6 11 0.9167 0.09035 0.09035
BinVal : 6 12 1 0.09045 0.09045
BinVal : 7 0 0 0 0
BinVal : 7 1 0 0 0
BinVal : 7 2 0 0 0
BinVal : 7 3 0 0 0
BinVal : 7 4 0 0 0
BinVal : 7 5 0 0 0
BinVal : 7 6 0 0 0
BinVal : 7 7 0 0 0
BinVal : 7 8 0 0 0
BinVal : 7 9 0 0 0
BinVal : 7 10 0 0 0
BinVal : 7 11 0 0 0
BinVal : 7 12 0 0 0
BinVal : 8 0 0 0 0
BinVal : 8 1 0 0 0
BinVal : 8 2 0 0 0
BinVal : 8 3 0 0 0
BinVal : 8 4 0 0 0
BinVal : 8 5 0 0 0
BinVal : 8 6 0 0 0
BinVal : 8 7 0 0 0
BinVal : 8 8 0 0 0
BinVal : 8 9 0 0 0
BinVal : 8 10 0 0 0
BinVal : 8 11 0 0 0
BinVal : 8 12 0 0 0
BinVal : 9 0 0 0 0
BinVal : 9 1 0 0 0
BinVal : 9 2 0.01124 0.01529 0.01529
BinVal : 9 3 0.01316 0.01778 0.01778
BinVal : 9 4 0.131 0.02818 0.02818
BinVal : 9 5 0.7681 0.01892 0.01892
BinVal : 9 6 0.9477 0.00599 0.00599
BinVal : 9 7 0.9752 0.003109 0.003109
BinVal : 9 8 0.9817 0.001845 0.001845
BinVal : 9 9 0.9887 0.003701 0.003701
BinVal : 9 10 0.9868 0.0111 0.0111
BinVal : 9 11 1 0.0238 0.0238
BinVal : 9 12 1 0.02856 0.02856
BinVal : 10 0 0 0 0
BinVal : 10 1 0 0 0
BinVal : 10 2 0.01739 0.01455 0.01455
BinVal : 10 3 0.01136 0.01545 0.01545
BinVal : 10 4 0.1442 0.02401 0.02401
BinVal : 10 5 0.7951 0.01583 0.01583
BinVal : 10 6 0.9587 0.005123 0.005123
BinVal : 10 7 0.9767 0.002836 0.002836
BinVal : 10 8 0.9792 0.001784 0.001784
BinVal : 10 9 0.985 0.003828 0.003828
BinVal : 10 10 0.984 0.01039 0.01039
BinVal : 10 11 0.9815 0.02458 0.02458
BinVal : 10 12 1 0.02325 0.02325
BinVal : 11 0 0 0 0
BinVal : 11 1 0 0 0
BinVal : 11 2 0.016 0.01342 0.01342
BinVal : 11 3 0.02222 0.01842 0.01842
BinVal : 11 4 0.1864 0.02533 0.02533
BinVal : 11 5 0.7935 0.01453 0.01453
BinVal : 11 6 0.9598 0.005204 0.005204
BinVal : 11 7 0.9733 0.003083 0.003083
BinVal : 11 8 0.975 0.001929 0.001929
BinVal : 11 9 0.9792 0.004473 0.004473
BinVal : 11 10 0.984 0.01044 0.01044
BinVal : 11 11 0.9571 0.02681 0.02681
BinVal : 11 12 1 0.02083 0.02083
BinVal : 12 0 0 0 0
BinVal : 12 1 0 0 0
BinVal : 12 2 0.01835 0.01532 0.01532
BinVal : 12 3 0.02062 0.01714 0.01714
BinVal : 12 4 0.2353 0.02741 0.02741
BinVal : 12 5 0.837 0.01226 0.01226
BinVal : 12 6 0.9603 0.005186 0.005186
BinVal : 12 7 0.9627 0.003854 0.003854
BinVal : 12 8 0.9682 0.002166 0.002166
BinVal : 12 9 0.9719 0.005047 0.005047
BinVal : 12 10 0.9605 0.0154 0.0154
BinVal : 12 11 0.9714 0.02339 0.02339
BinVal : 12 12 1 0.0196 0.0196
BinVal : 13 0 0 0 0
BinVal : 13 1 0 0 0
BinVal : 13 2 0.04124 0.0219 0.0219
BinVal : 13 3 0.03614 0.02284 0.02284
BinVal : 13 4 0.2521 0.02781 0.02781
BinVal : 13 5 0.875 0.01073 0.01073
BinVal : 13 6 0.9622 0.004987 0.004987
BinVal : 13 7 0.9596 0.004314 0.004314
BinVal : 13 8 0.9677 0.002164 0.002164
BinVal : 13 9 0.9694 0.005146 0.005146
BinVal : 13 10 0.9556 0.01603 0.01603
BinVal : 13 11 0.9865 0.01824 0.01824
BinVal : 13 12 0.9796 0.02692 0.02692
BinVal : 14 0 0 0 0
BinVal : 14 1 0 0 0
BinVal : 14 2 0.03226 0.0205 0.0205
BinVal : 14 3 0.05682 0.02615 0.02615
BinVal : 14 4 0.2459 0.02748 0.02748
BinVal : 14 5 0.8568 0.01154 0.01154
BinVal : 14 6 0.9602 0.005072 0.005072
BinVal : 14 7 0.9706 0.00373 0.00373
BinVal : 14 8 0.968 0.002146 0.002146
BinVal : 14 9 0.968 0.005306 0.005306
BinVal : 14 10 0.9763 0.01131 0.01131
BinVal : 14 11 0.9701 0.02437 0.02437
BinVal : 14 12 0.9811 0.02501 0.02501
BinVal : 15 0 0 0 0
BinVal : 15 1 0 0 0
BinVal : 15 2 0 0 0
BinVal : 15 3 0.06122 0.02539 0.02539
BinVal : 15 4 0.2463 0.02624 0.02624
BinVal : 15 5 0.8406 0.01227 0.01227
BinVal : 15 6 0.9489 0.005555 0.005555
BinVal : 15 7 0.9718 0.003503 0.003503
BinVal : 15 8 0.9683 0.002154 0.002154
BinVal : 15 9 0.9707 0.005003 0.005003
BinVal : 15 10 0.9903 0.008247 0.008247
BinVal : 15 11 0.9692 0.02508 0.02508
BinVal : 15 12 1 0.01724 0.01724
BinVal : 16 0 0 0 0
BinVal : 16 1 0 0 0
BinVal : 16 2 0 0 0
BinVal : 16 3 0.04444 0.02351 0.02351
BinVal : 16 4 0.2761 0.02721 0.02721
BinVal : 16 5 0.8386 0.01312 0.01312
BinVal : 16 6 0.9555 0.005112 0.005112
BinVal : 16 7 0.97 0.003317 0.003317
BinVal : 16 8 0.9746 0.001961 0.001961
BinVal : 16 9 0.979 0.004313 0.004313
BinVal : 16 10 1 0.005348 0.005348
BinVal : 16 11 0.987 0.01756 0.01756
BinVal : 16 12 1 0.01852 0.01852
BinVal : 17 0 0 0 0
BinVal : 17 1 0 0 0
BinVal : 17 2 0.01471 0.01237 0.01237
BinVal : 17 3 0.01111 0.01512 0.01512
BinVal : 17 4 0.2324 0.02713 0.02713
BinVal : 17 5 0.8383 0.01387 0.01387
BinVal : 17 6 0.9676 0.004368 0.004368
BinVal : 17 7 0.9744 0.002872 0.002872
BinVal : 17 8 0.9793 0.001783 0.001783
BinVal : 17 9 0.9834 0.004097 0.004097
BinVal : 17 10 0.9831 0.01096 0.01096
BinVal : 17 11 0.9701 0.02437 0.02437
BinVal : 17 12 1 0.02222 0.02222
BinVal : 18 0 0 0 0
BinVal : 18 1 0 0 0
BinVal : 18 2 0.02913 0.01859 0.01859
BinVal : 18 3 0.01389 0.01872 0.01872
BinVal : 18 4 0.1788 0.02862 0.02862
BinVal : 18 5 0.8409 0.01474 0.01474
BinVal : 18 6 0.9606 0.004976 0.004976
BinVal : 18 7 0.9791 0.002779 0.002779
BinVal : 18 8 0.9827 0.001776 0.001776
BinVal : 18 9 0.9899 0.00374 0.00374
BinVal : 18 10 0.979 0.01355 0.01355
BinVal : 18 11 0.9623 0.03035 0.03035
BinVal : 18 12 0.9697 0.03869 0.03869
BinVal : 19 0 0 0 0
BinVal : 19 1 0 0 0
BinVal : 19 2 0.02564 0.03324 0.03324
BinVal : 19 3 0.03846 0.04782 0.04782
BinVal : 19 4 0.2154 0.05055 0.05055
BinVal : 19 5 0.8413 0.02221 0.02221
BinVal : 19 6 0.9573 0.007727 0.007727
BinVal : 19 7 0.9832 0.003904 0.003904
BinVal : 19 8 0.9855 0.002574 0.002574
BinVal : 19 9 0.9938 0.005313 0.005313
BinVal : 19 10 1 0.01666 0.01666
BinVal : 19 11 1 0.03843 0.03843
BinVal : 19 12 0.9286 0.08021 0.08021
BinVal : 20 0 0 0 0
BinVal : 20 1 0 0 0
BinVal : 20 2 0 0 0
BinVal : 20 3 0 0 0
BinVal : 20 4 0 0 0
BinVal : 20 5 0 0 0
BinVal : 20 6 0 0 0
BinVal : 20 7 0 0 0
BinVal : 20 8 0 0 0
BinVal : 20 9 0 0 0
BinVal : 20 10 0 0 0
BinVal : 20 11 0 0 0
BinVal : 20 12 0 0 0
BinVal : 21 0 0 0 0
BinVal : 21 1 0 0 0
BinVal : 21 2 0 0 0
BinVal : 21 3 0 0 0
BinVal : 21 4 0 0 0
BinVal : 21 5 0 0 0
BinVal : 21 6 0 0 0
BinVal : 21 7 0 0 0
BinVal : 21 8 0 0 0
BinVal : 21 9 0 0 0
BinVal : 21 10 0 0 0
BinVal : 21 11 0 0 0
BinVal : 21 12 0 0 0
BinVal : 22 0 0 0 0
BinVal : 22 1 0 0 0
BinVal : 22 2 0 0 0
BinVal : 22 3 0.03448 0.01847 0.01847
BinVal : 22 4 0.2983 0.02654 0.02654
BinVal : 22 5 0.9145 0.01002 0.01002
BinVal : 22 6 0.9924 0.002516 0.002516
BinVal : 22 7 0.989 0.002574 0.002574
BinVal : 22 8 0.9801 0.002477 0.002477
BinVal : 22 9 0.9688 0.00879 0.00879
BinVal : 22 10 0.9855 0.0195 0.0195
BinVal : 22 11 1 0.09938 0.09938
BinVal : 22 12 1 0.0665 0.0665
BinVal : 23 0 0 0 0
BinVal : 23 1 0 0 0
BinVal : 23 2 0.008197 0.01127 0.01127
BinVal : 23 3 0.02151 0.01785 0.01785
BinVal : 23 4 0.1878 0.02578 0.02578
BinVal : 23 5 0.9 0.01199 0.01199
BinVal : 23 6 0.9874 0.003603 0.003603
BinVal : 23 7 0.9881 0.003153 0.003153
BinVal : 23 8 0.9686 0.003766 0.003766
BinVal : 23 9 0.9554 0.01296 0.01296
BinVal : 23 10 0.9333 0.04028 0.04028
BinVal : 23 11 1 0.07666 0.07666
BinVal : 23 12 1 0.1633 0.1633
BinVal : 24 0 0 0 0
BinVal : 24 1 0 0 0
BinVal : 24 2 0.009709 0.01328 0.01328
BinVal : 24 3 0.02439 0.02013 0.02013
BinVal : 24 4 0.128 0.02624 0.02624
BinVal : 24 5 0.8693 0.01409 0.01409
BinVal : 24 6 0.9862 0.00429 0.00429
BinVal : 24 7 0.9889 0.003665 0.003665
BinVal : 24 8 0.9662 0.004889 0.004889
BinVal : 24 9 0.9805 0.01261 0.01261
BinVal : 24 10 0.92 0.05939 0.05939
BinVal : 24 11 1 0.09045 0.09045
BinVal : 24 12 1 0.2357 0.2357
BinVal : 25 0 0 0 0
BinVal : 25 1 0 0 0
BinVal : 25 2 0 0 0
BinVal : 25 3 0.0122 0.01654 0.01654
BinVal : 25 4 0.1711 0.03054 0.03054
BinVal : 25 5 0.8416 0.01541 0.01541
BinVal : 25 6 0.9901 0.003964 0.003964
BinVal : 25 7 0.9842 0.005182 0.005182
BinVal : 25 8 0.9604 0.006362 0.006362
BinVal : 25 9 0.9703 0.01894 0.01894
BinVal : 25 10 1 0.05871 0.05871
BinVal : 25 11 0.5 0.2236 0.2236
BinVal : 25 12 0.5 0.2236 0.2236
BinVal : 26 0 0 0 0
BinVal : 26 1 0 0 0
BinVal : 26 2 0 0 0
BinVal : 26 3 0.02703 0.02219 0.02219
BinVal : 26 4 0.1497 0.0295 0.0295
BinVal : 26 5 0.8463 0.01592 0.01592
BinVal : 26 6 0.985 0.005213 0.005213
BinVal : 26 7 0.9716 0.008343 0.008343
BinVal : 26 8 0.9597 0.007856 0.007856
BinVal : 26 9 0.9344 0.03379 0.03379
BinVal : 26 10 1 0.1237 0.1237
BinVal : 26 11 1 0.1237 0.1237
BinVal : 26 12 1 0.1237 0.1237
BinVal : 27 0 0 0 0
BinVal : 27 1 0 0 0
BinVal : 27 2 0 0 0
BinVal : 27 3 0.02 0.02642 0.02642
BinVal : 27 4 0.1071 0.03437 0.03437
BinVal : 27 5 0.8423 0.02113 0.02113
BinVal : 27 6 0.965 0.01074 0.01074
BinVal : 27 7 0.9426 0.01651 0.01651
BinVal : 27 8 0.9606 0.01204 0.01204
BinVal : 27 9 0.8947 0.0746 0.0746
BinVal : 27 10 1 0.2357 0.2357
BinVal : 27 11 1 0.2357 0.2357
BinVal : 27 12 1 0.2357 0.2357
BinVal : 28 0 0 0 0
BinVal : 28 1 0 0 0
BinVal : 28 2 0 0 0
BinVal : 28 3 0 0 0
BinVal : 28 4 0.2222 0.09449 0.09449
BinVal : 28 5 0.8197 0.04908 0.04908
BinVal : 28 6 0.9074 0.04097 0.04097
BinVal : 28 7 0.8718 0.05454 0.05454
BinVal : 28 8 0.9024 0.04833 0.04833
BinVal : 28 9 0.9024 0.04833 0.04833
BinVal : 28 10 0.9024 0.04833 0.04833
BinVal : 28 11 0.9024 0.04833 0.04833
BinVal : 28 12 0.9024 0.04833 0.04833
 





