D0NoteID : 0
EffName : SC5JET_9_PV3_20_v15
EffType : Binned
EffVarNames : DetEta pT
EffVersion : 6
ObjQuality : Loose_trk
ObjType : Electron
ObjVersion : 2
TriggerVersion : v15a
BinEdgesX : -3.2 -2.5 -2 -1.5 -1.1 -0.6 0 0.6 1.1 1.5 2 2.5 3.2
BinEdgesY : 0 10 15 20 22 25 30 35 40 50 60 70 80 1000
BinVal : 0 0 0 0 0
BinVal : 0 1 0 0 0
BinVal : 0 2 0.2 0.05129 0.05129
BinVal : 0 3 0.7037 0.0609 0.0609
BinVal : 0 4 0.9394 0.02515 0.02515
BinVal : 0 5 0.9944 0.004825 0.004825
BinVal : 0 6 0.9973 0.003717 0.003717
BinVal : 0 7 0.9891 0.007155 0.007155
BinVal : 0 8 0.9689 0.008749 0.008749
BinVal : 0 9 0.9394 0.04666 0.04666
BinVal : 0 10 1 0.1409 0.1409
BinVal : 0 11 1 0.1409 0.1409
BinVal : 0 12 1 0.1409 0.1409
BinVal : 1 0 0 0 0
BinVal : 1 1 0 0 0
BinVal : 1 2 0.2441 0.03788 0.03788
BinVal : 1 3 0.7439 0.04769 0.04769
BinVal : 1 4 0.9623 0.01369 0.01369
BinVal : 1 5 0.994 0.003342 0.003342
BinVal : 1 6 0.9968 0.002106 0.002106
BinVal : 1 7 0.993 0.002816 0.002816
BinVal : 1 8 0.9795 0.003471 0.003471
BinVal : 1 9 0.9787 0.01158 0.01158
BinVal : 1 10 0.913 0.06373 0.06373
BinVal : 1 11 0.875 0.1206 0.1206
BinVal : 1 12 1 0.1633 0.1633
BinVal : 2 0 0 0 0
BinVal : 2 1 0 0 0
BinVal : 2 2 0.25 0.04791 0.04791
BinVal : 2 3 0.7619 0.06455 0.06455
BinVal : 2 4 0.9712 0.01552 0.01552
BinVal : 2 5 0.9925 0.00492 0.00492
BinVal : 2 6 0.9968 0.002719 0.002719
BinVal : 2 7 0.9921 0.003463 0.003463
BinVal : 2 8 0.9837 0.003523 0.003523
BinVal : 2 9 0.9872 0.01082 0.01082
BinVal : 2 10 0.9 0.07156 0.07156
BinVal : 2 11 0.875 0.1206 0.1206
BinVal : 2 12 1 0.1633 0.1633
BinVal : 3 0 0 0 0
BinVal : 3 1 0 0 0
BinVal : 3 2 0 0 0
BinVal : 3 3 0 0 0
BinVal : 3 4 0 0 0
BinVal : 3 5 0 0 0
BinVal : 3 6 0 0 0
BinVal : 3 7 0 0 0
BinVal : 3 8 0 0 0
BinVal : 3 9 0 0 0
BinVal : 3 10 0 0 0
BinVal : 3 11 0 0 0
BinVal : 3 12 0 0 0
BinVal : 4 0 0 0 0
BinVal : 4 1 0 0 0
BinVal : 4 2 0.2273 0.04434 0.04434
BinVal : 4 3 0.8021 0.04051 0.04051
BinVal : 4 4 0.9094 0.01818 0.01818
BinVal : 4 5 0.9646 0.006321 0.006321
BinVal : 4 6 0.9791 0.00339 0.00339
BinVal : 4 7 0.9791 0.002502 0.002502
BinVal : 4 8 0.9742 0.001758 0.001758
BinVal : 4 9 0.9719 0.00467 0.00467
BinVal : 4 10 0.9812 0.01025 0.01025
BinVal : 4 11 0.9595 0.02545 0.02545
BinVal : 4 12 1 0.01724 0.01724
BinVal : 5 0 0 0 0
BinVal : 5 1 0 0 0
BinVal : 5 2 0.2791 0.0478 0.0478
BinVal : 5 3 0.8438 0.03715 0.03715
BinVal : 5 4 0.9204 0.0161 0.0161
BinVal : 5 5 0.959 0.005973 0.005973
BinVal : 5 6 0.9696 0.003863 0.003863
BinVal : 5 7 0.97 0.00285 0.00285
BinVal : 5 8 0.9656 0.001844 0.001844
BinVal : 5 9 0.9694 0.00443 0.00443
BinVal : 5 10 0.963 0.01192 0.01192
BinVal : 5 11 0.963 0.01977 0.01977
BinVal : 5 12 0.9853 0.01977 0.01977
BinVal : 6 0 0 0 0
BinVal : 6 1 0 0 0
BinVal : 6 2 0.2424 0.04273 0.04273
BinVal : 6 3 0.7711 0.04574 0.04574
BinVal : 6 4 0.9394 0.01497 0.01497
BinVal : 6 5 0.9668 0.006036 0.006036
BinVal : 6 6 0.9781 0.003411 0.003411
BinVal : 6 7 0.9763 0.002619 0.002619
BinVal : 6 8 0.9714 0.001832 0.001832
BinVal : 6 9 0.9759 0.004342 0.004342
BinVal : 6 10 0.9643 0.01218 0.01218
BinVal : 6 11 0.9868 0.01778 0.01778
BinVal : 6 12 0.9811 0.02501 0.02501
BinVal : 7 0 0 0 0
BinVal : 7 1 0 0 0
BinVal : 7 2 0.2115 0.05606 0.05606
BinVal : 7 3 0.6757 0.07454 0.07454
BinVal : 7 4 0.9365 0.02251 0.02251
BinVal : 7 5 0.9826 0.007558 0.007558
BinVal : 7 6 0.9897 0.003604 0.003604
BinVal : 7 7 0.9872 0.0029 0.0029
BinVal : 7 8 0.9842 0.002155 0.002155
BinVal : 7 9 0.9791 0.00648 0.00648
BinVal : 7 10 0.9806 0.01618 0.01618
BinVal : 7 11 1 0.03123 0.03123
BinVal : 7 12 1 0.0454 0.0454
BinVal : 8 0 0 0 0
BinVal : 8 1 0 0 0
BinVal : 8 2 0 0 0
BinVal : 8 3 0 0 0
BinVal : 8 4 0 0 0
BinVal : 8 5 0 0 0
BinVal : 8 6 0 0 0
BinVal : 8 7 0 0 0
BinVal : 8 8 0 0 0
BinVal : 8 9 0 0 0
BinVal : 8 10 0 0 0
BinVal : 8 11 0 0 0
BinVal : 8 12 0 0 0
BinVal : 9 0 0 0 0
BinVal : 9 1 0 0 0
BinVal : 9 2 0.1186 0.03007 0.03007
BinVal : 9 3 0.7478 0.0402 0.0402
BinVal : 9 4 0.9488 0.01548 0.01548
BinVal : 9 5 0.9926 0.003578 0.003578
BinVal : 9 6 0.9961 0.002169 0.002169
BinVal : 9 7 0.9888 0.003348 0.003348
BinVal : 9 8 0.9802 0.00335 0.00335
BinVal : 9 9 0.9691 0.01322 0.01322
BinVal : 9 10 1 0.02499 0.02499
BinVal : 9 11 1 0.07666 0.07666
BinVal : 9 12 1 0.1237 0.1237
BinVal : 10 0 0 0 0
BinVal : 10 1 0 0 0
BinVal : 10 2 0.09211 0.03413 0.03413
BinVal : 10 3 0.6538 0.06439 0.06439
BinVal : 10 4 0.9429 0.02379 0.02379
BinVal : 10 5 0.9846 0.00741 0.00741
BinVal : 10 6 0.9931 0.004561 0.004561
BinVal : 10 7 0.9825 0.00843 0.00843
BinVal : 10 8 0.9724 0.008118 0.008118
BinVal : 10 9 1 0.02325 0.02325
BinVal : 10 10 1 0.1409 0.1409
BinVal : 10 11 1 0.2357 0.2357
BinVal : 10 12 1 0.2357 0.2357
BinVal : 11 0 0 0 0
BinVal : 11 1 0 0 0
BinVal : 11 2 0.08 0.05939 0.05939
BinVal : 11 3 0.6429 0.1174 0.1174
BinVal : 11 4 0.9 0.05757 0.05757
BinVal : 11 5 0.9778 0.01842 0.01842
BinVal : 11 6 0.9875 0.01693 0.01693
BinVal : 11 7 0.9623 0.03035 0.03035
BinVal : 11 8 0.971 0.02371 0.02371
BinVal : 11 9 1 0.1633 0.1633
BinVal : 11 10 1 0.1633 0.1633
BinVal : 11 11 1 0.1633 0.1633
BinVal : 11 12 1 0.1633 0.1633
