D0NoteID : 0
EffName : SC5JET_9_PV3_20_v165
EffType : Binned
EffVarNames : DetEta pT
EffVersion : 6
ObjQuality : Point1
ObjType : Electron
ObjVersion : 1
TriggerVersion : v16
TriggerVersionHigh : 16.99
TriggerVersionLow : 16.50
BinEdgesX : -3.2 -2.8 -2.5 -2.3 -2.1 -1.9 -1.7 -1.5 -1.3 -1.1 -0.9 -0.7 -0.5 -0.3 -0.1 0.1 0.3 0.5 0.7 0.9 1.1 1.3 1.5 1.7 1.9 2.1 2.3 2.5 2.8 3.2
BinEdgesY : 0 10 15 20 22 25 30 35 40 50 60 70 80 1000
BinVal : 0 0 0 0 0
BinVal : 0 1 0 0 0
BinVal : 0 2 0.02778 0.02277 0.02277
BinVal : 0 3 0.7419 0.07638 0.07638
BinVal : 0 4 0.9364 0.02423 0.02423
BinVal : 0 5 0.9882 0.006519 0.006519
BinVal : 0 6 0.9964 0.005078 0.005078
BinVal : 0 7 0.9474 0.01673 0.01673
BinVal : 0 8 0.9409 0.01566 0.01566
BinVal : 0 9 1 0.0665 0.0665
BinVal : 0 10 1 0.2357 0.2357
BinVal : 0 11 1 0.2357 0.2357
BinVal : 0 12 1 0.2357 0.2357
BinVal : 1 0 0 0 0
BinVal : 1 1 0 0 0
BinVal : 1 2 0.06316 0.02614 0.02614
BinVal : 1 3 0.74 0.06093 0.06093
BinVal : 1 4 0.9462 0.01707 0.01707
BinVal : 1 5 0.9885 0.005001 0.005001
BinVal : 1 6 0.9946 0.003549 0.003549
BinVal : 1 7 0.9752 0.008048 0.008048
BinVal : 1 8 0.9566 0.008281 0.008281
BinVal : 1 9 0.9565 0.03458 0.03458
BinVal : 1 10 1 0.09938 0.09938
BinVal : 1 11 1 0.09938 0.09938
BinVal : 1 12 1 0.09938 0.09938
BinVal : 2 0 0 0 0
BinVal : 2 1 0 0 0
BinVal : 2 2 0.09259 0.02847 0.02847
BinVal : 2 3 0.75 0.05342 0.05342
BinVal : 2 4 0.9531 0.01583 0.01583
BinVal : 2 5 0.9916 0.004099 0.004099
BinVal : 2 6 0.9917 0.003609 0.003609
BinVal : 2 7 0.983 0.005292 0.005292
BinVal : 2 8 0.9562 0.006592 0.006592
BinVal : 2 9 0.9545 0.02118 0.02118
BinVal : 2 10 1 0.05871 0.05871
BinVal : 2 11 1 0.05871 0.05871
BinVal : 2 12 0.75 0.1782 0.1782
BinVal : 3 0 0 0 0
BinVal : 3 1 0 0 0
BinVal : 3 2 0.1364 0.03002 0.03002
BinVal : 3 3 0.7831 0.04492 0.04492
BinVal : 3 4 0.9382 0.01854 0.01854
BinVal : 3 5 0.9921 0.003848 0.003848
BinVal : 3 6 0.9855 0.004136 0.004136
BinVal : 3 7 0.9858 0.003877 0.003877
BinVal : 3 8 0.9584 0.005288 0.005288
BinVal : 3 9 0.9686 0.01342 0.01342
BinVal : 3 10 0.9545 0.05528 0.05528
BinVal : 3 11 0.5 0.2236 0.2236
BinVal : 3 12 1 0.1633 0.1633
BinVal : 4 0 0 0 0
BinVal : 4 1 0.02564 0.03324 0.03324
BinVal : 4 2 0.1606 0.03141 0.03141
BinVal : 4 3 0.8427 0.03868 0.03868
BinVal : 4 4 0.9256 0.01712 0.01712
BinVal : 4 5 0.9922 0.003765 0.003765
BinVal : 4 6 0.9882 0.003372 0.003372
BinVal : 4 7 0.9865 0.003144 0.003144
BinVal : 4 8 0.9669 0.003748 0.003748
BinVal : 4 9 0.9623 0.01102 0.01102
BinVal : 4 10 0.9762 0.03105 0.03105
BinVal : 4 11 1 0.07666 0.07666
BinVal : 4 12 1 0.1409 0.1409
BinVal : 5 0 0 0 0
BinVal : 5 1 0.02326 0.03038 0.03038
BinVal : 5 2 0.2609 0.03713 0.03713
BinVal : 5 3 0.9009 0.02885 0.02885
BinVal : 5 4 0.9576 0.01138 0.01138
BinVal : 5 5 0.9918 0.003287 0.003287
BinVal : 5 6 0.9939 0.002287 0.002287
BinVal : 5 7 0.9886 0.002533 0.002533
BinVal : 5 8 0.9769 0.002579 0.002579
BinVal : 5 9 0.9742 0.007588 0.007588
BinVal : 5 10 0.9863 0.01848 0.01848
BinVal : 5 11 0.9524 0.05752 0.05752
BinVal : 5 12 1 0.0665 0.0665
BinVal : 6 0 0 0 0
BinVal : 6 1 0 0 0
BinVal : 6 2 0.3714 0.05666 0.05666
BinVal : 6 3 0.9254 0.03368 0.03368
BinVal : 6 4 0.9831 0.01102 0.01102
BinVal : 6 5 0.9902 0.004751 0.004751
BinVal : 6 6 0.9942 0.003222 0.003222
BinVal : 6 7 0.9922 0.002918 0.002918
BinVal : 6 8 0.9825 0.002974 0.002974
BinVal : 6 9 0.9887 0.00742 0.00742
BinVal : 6 10 0.9778 0.02913 0.02913
BinVal : 6 11 0.9167 0.09035 0.09035
BinVal : 6 12 1 0.09045 0.09045
BinVal : 7 0 0 0 0
BinVal : 7 1 0 0 0
BinVal : 7 2 0 0 0
BinVal : 7 3 0 0 0
BinVal : 7 4 0 0 0
BinVal : 7 5 0 0 0
BinVal : 7 6 0 0 0
BinVal : 7 7 0 0 0
BinVal : 7 8 0 0 0
BinVal : 7 9 0 0 0
BinVal : 7 10 0 0 0
BinVal : 7 11 0 0 0
BinVal : 7 12 0 0 0
BinVal : 8 0 0 0 0
BinVal : 8 1 0 0 0
BinVal : 8 2 0 0 0
BinVal : 8 3 0 0 0
BinVal : 8 4 0 0 0
BinVal : 8 5 0 0 0
BinVal : 8 6 0 0 0
BinVal : 8 7 0 0 0
BinVal : 8 8 0 0 0
BinVal : 8 9 0 0 0
BinVal : 8 10 0 0 0
BinVal : 8 11 0 0 0
BinVal : 8 12 0 0 0
BinVal : 9 0 0 0 0
BinVal : 9 1 0 0 0
BinVal : 9 2 0.1461 0.03762 0.03762
BinVal : 9 3 0.6053 0.05506 0.05506
BinVal : 9 4 0.8966 0.0256 0.0256
BinVal : 9 5 0.9536 0.009588 0.009588
BinVal : 9 6 0.9842 0.003403 0.003403
BinVal : 9 7 0.985 0.002439 0.002439
BinVal : 9 8 0.9825 0.001807 0.001807
BinVal : 9 9 0.9887 0.003701 0.003701
BinVal : 9 10 0.9868 0.0111 0.0111
BinVal : 9 11 1 0.0238 0.0238
BinVal : 9 12 1 0.02856 0.02856
BinVal : 10 0 0 0 0
BinVal : 10 1 0 0 0
BinVal : 10 2 0.2 0.03717 0.03717
BinVal : 10 3 0.6364 0.05052 0.05052
BinVal : 10 4 0.907 0.02002 0.02002
BinVal : 10 5 0.9599 0.007809 0.007809
BinVal : 10 6 0.9771 0.003879 0.003879
BinVal : 10 7 0.9815 0.002533 0.002533
BinVal : 10 8 0.9792 0.001784 0.001784
BinVal : 10 9 0.985 0.003828 0.003828
BinVal : 10 10 0.984 0.01039 0.01039
BinVal : 10 11 0.9815 0.02458 0.02458
BinVal : 10 12 1 0.02325 0.02325
BinVal : 11 0 0 0 0
BinVal : 11 1 0 0 0
BinVal : 11 2 0.224 0.0371 0.0371
BinVal : 11 3 0.6333 0.05005 0.05005
BinVal : 11 4 0.9407 0.01572 0.01572
BinVal : 11 5 0.9613 0.007017 0.007017
BinVal : 11 6 0.9709 0.004468 0.004468
BinVal : 11 7 0.9743 0.003023 0.003023
BinVal : 11 8 0.975 0.001929 0.001929
BinVal : 11 9 0.9792 0.004473 0.004473
BinVal : 11 10 0.984 0.01044 0.01044
BinVal : 11 11 0.9571 0.02681 0.02681
BinVal : 11 12 1 0.02083 0.02083
BinVal : 12 0 0 0 0
BinVal : 12 1 0 0 0
BinVal : 12 2 0.2477 0.04104 0.04104
BinVal : 12 3 0.732 0.04454 0.04454
BinVal : 12 4 0.9244 0.01739 0.01739
BinVal : 12 5 0.9626 0.006371 0.006371
BinVal : 12 6 0.9687 0.004639 0.004639
BinVal : 12 7 0.9627 0.003854 0.003854
BinVal : 12 8 0.9682 0.002166 0.002166
BinVal : 12 9 0.9719 0.005047 0.005047
BinVal : 12 10 0.9605 0.0154 0.0154
BinVal : 12 11 0.9714 0.02339 0.02339
BinVal : 12 12 1 0.0196 0.0196
BinVal : 13 0 0 0 0
BinVal : 13 1 0 0 0
BinVal : 13 2 0.2371 0.04285 0.04285
BinVal : 13 3 0.747 0.04723 0.04723
BinVal : 13 4 0.9215 0.01753 0.01753
BinVal : 13 5 0.9611 0.006328 0.006328
BinVal : 13 6 0.9669 0.004682 0.004682
BinVal : 13 7 0.9596 0.004314 0.004314
BinVal : 13 8 0.9677 0.002164 0.002164
BinVal : 13 9 0.9694 0.005146 0.005146
BinVal : 13 10 0.9556 0.01603 0.01603
BinVal : 13 11 0.9865 0.01824 0.01824
BinVal : 13 12 0.9796 0.02692 0.02692
BinVal : 14 0 0 0 0
BinVal : 14 1 0 0 0
BinVal : 14 2 0.2043 0.04161 0.04161
BinVal : 14 3 0.8409 0.03907 0.03907
BinVal : 14 4 0.9426 0.01523 0.01523
BinVal : 14 5 0.9577 0.006691 0.006691
BinVal : 14 6 0.9641 0.004826 0.004826
BinVal : 14 7 0.9706 0.00373 0.00373
BinVal : 14 8 0.968 0.002146 0.002146
BinVal : 14 9 0.968 0.005306 0.005306
BinVal : 14 10 0.9763 0.01131 0.01131
BinVal : 14 11 0.9701 0.02437 0.02437
BinVal : 14 12 0.9811 0.02501 0.02501
BinVal : 15 0 0 0 0
BinVal : 15 1 0 0 0
BinVal : 15 2 0.1818 0.03672 0.03672
BinVal : 15 3 0.8367 0.03738 0.03738
BinVal : 15 4 0.9366 0.01515 0.01515
BinVal : 15 5 0.9607 0.006578 0.006578
BinVal : 15 6 0.9571 0.005118 0.005118
BinVal : 15 7 0.9718 0.003503 0.003503
BinVal : 15 8 0.9683 0.002154 0.002154
BinVal : 15 9 0.9707 0.005003 0.005003
BinVal : 15 10 0.9903 0.008247 0.008247
BinVal : 15 11 0.9692 0.02508 0.02508
BinVal : 15 12 1 0.01724 0.01724
BinVal : 16 0 0 0 0
BinVal : 16 1 0 0 0
BinVal : 16 2 0.1955 0.0343 0.0343
BinVal : 16 3 0.7222 0.04669 0.04669
BinVal : 16 4 0.9366 0.01515 0.01515
BinVal : 16 5 0.9682 0.006351 0.006351
BinVal : 16 6 0.9641 0.004623 0.004623
BinVal : 16 7 0.9715 0.003237 0.003237
BinVal : 16 8 0.9746 0.001961 0.001961
BinVal : 16 9 0.979 0.004313 0.004313
BinVal : 16 10 1 0.005348 0.005348
BinVal : 16 11 0.987 0.01756 0.01756
BinVal : 16 12 1 0.01852 0.01852
BinVal : 17 0 0 0 0
BinVal : 17 1 0 0 0
BinVal : 17 2 0.2132 0.03499 0.03499
BinVal : 17 3 0.6222 0.05034 0.05034
BinVal : 17 4 0.9004 0.01945 0.01945
BinVal : 17 5 0.966 0.006941 0.006941
BinVal : 17 6 0.979 0.003555 0.003555
BinVal : 17 7 0.9784 0.00265 0.00265
BinVal : 17 8 0.9796 0.00177 0.00177
BinVal : 17 9 0.9834 0.004097 0.004097
BinVal : 17 10 0.9831 0.01096 0.01096
BinVal : 17 11 0.9701 0.02437 0.02437
BinVal : 17 12 1 0.02222 0.02222
BinVal : 18 0 0 0 0
BinVal : 18 1 0 0 0
BinVal : 18 2 0.1942 0.03885 0.03885
BinVal : 18 3 0.5417 0.05754 0.05754
BinVal : 18 4 0.8715 0.02514 0.02514
BinVal : 18 5 0.961 0.007919 0.007919
BinVal : 18 6 0.9832 0.003322 0.003322
BinVal : 18 7 0.9855 0.002336 0.002336
BinVal : 18 8 0.9833 0.001749 0.001749
BinVal : 18 9 0.9899 0.00374 0.00374
BinVal : 18 10 0.979 0.01355 0.01355
BinVal : 18 11 0.9623 0.03035 0.03035
BinVal : 18 12 0.9697 0.03869 0.03869
BinVal : 19 0 0 0 0
BinVal : 19 1 0 0 0
BinVal : 19 2 0.2051 0.06387 0.06387
BinVal : 19 3 0.5385 0.09261 0.09261
BinVal : 19 4 0.9077 0.03709 0.03709
BinVal : 19 5 0.9668 0.01135 0.01135
BinVal : 19 6 0.9858 0.004671 0.004671
BinVal : 19 7 0.9912 0.002907 0.002907
BinVal : 19 8 0.986 0.002535 0.002535
BinVal : 19 9 0.9938 0.005313 0.005313
BinVal : 19 10 1 0.01666 0.01666
BinVal : 19 11 1 0.03843 0.03843
BinVal : 19 12 0.9286 0.08021 0.08021
BinVal : 20 0 0 0 0
BinVal : 20 1 0 0 0
BinVal : 20 2 0 0 0
BinVal : 20 3 0 0 0
BinVal : 20 4 0 0 0
BinVal : 20 5 0 0 0
BinVal : 20 6 0 0 0
BinVal : 20 7 0 0 0
BinVal : 20 8 0 0 0
BinVal : 20 9 0 0 0
BinVal : 20 10 0 0 0
BinVal : 20 11 0 0 0
BinVal : 20 12 0 0 0
BinVal : 21 0 0 0 0
BinVal : 21 1 0 0 0
BinVal : 21 2 0 0 0
BinVal : 21 3 0 0 0
BinVal : 21 4 0 0 0
BinVal : 21 5 0 0 0
BinVal : 21 6 0 0 0
BinVal : 21 7 0 0 0
BinVal : 21 8 0 0 0
BinVal : 21 9 0 0 0
BinVal : 21 10 0 0 0
BinVal : 21 11 0 0 0
BinVal : 21 12 0 0 0
BinVal : 22 0 0 0 0
BinVal : 22 1 0 0 0
BinVal : 22 2 0.1846 0.03398 0.03398
BinVal : 22 3 0.9138 0.02665 0.02665
BinVal : 22 4 0.9559 0.01228 0.01228
BinVal : 22 5 0.9936 0.003103 0.003103
BinVal : 22 6 0.9954 0.00201 0.00201
BinVal : 22 7 0.989 0.002574 0.002574
BinVal : 22 8 0.9801 0.002477 0.002477
BinVal : 22 9 0.9688 0.00879 0.00879
BinVal : 22 10 0.9855 0.0195 0.0195
BinVal : 22 11 1 0.09938 0.09938
BinVal : 22 12 1 0.0665 0.0665
BinVal : 23 0 0 0 0
BinVal : 23 1 0 0 0
BinVal : 23 2 0.1311 0.03076 0.03076
BinVal : 23 3 0.8065 0.04082 0.04082
BinVal : 23 4 0.9214 0.01804 0.01804
BinVal : 23 5 0.9921 0.003854 0.003854
BinVal : 23 6 0.9942 0.002556 0.002556
BinVal : 23 7 0.9881 0.003153 0.003153
BinVal : 23 8 0.9686 0.003766 0.003766
BinVal : 23 9 0.9554 0.01296 0.01296
BinVal : 23 10 0.9333 0.04028 0.04028
BinVal : 23 11 1 0.07666 0.07666
BinVal : 23 12 1 0.1633 0.1633
BinVal : 24 0 0 0 0
BinVal : 24 1 0 0 0
BinVal : 24 2 0.08738 0.02851 0.02851
BinVal : 24 3 0.6951 0.05014 0.05014
BinVal : 24 4 0.9085 0.02284 0.02284
BinVal : 24 5 0.993 0.003862 0.003862
BinVal : 24 6 0.9937 0.003045 0.003045
BinVal : 24 7 0.9889 0.003665 0.003665
BinVal : 24 8 0.9662 0.004889 0.004889
BinVal : 24 9 0.9805 0.01261 0.01261
BinVal : 24 10 0.92 0.05939 0.05939
BinVal : 24 11 1 0.09045 0.09045
BinVal : 24 12 1 0.2357 0.2357
BinVal : 25 0 0 0 0
BinVal : 25 1 0 0 0
BinVal : 25 2 0.08 0.02795 0.02795
BinVal : 25 3 0.622 0.05267 0.05267
BinVal : 25 4 0.9276 0.02153 0.02153
BinVal : 25 5 0.9964 0.00306 0.00306
BinVal : 25 6 0.9929 0.003438 0.003438
BinVal : 25 7 0.9842 0.005182 0.005182
BinVal : 25 8 0.9604 0.006362 0.006362
BinVal : 25 9 0.9703 0.01894 0.01894
BinVal : 25 10 1 0.05871 0.05871
BinVal : 25 11 0.5 0.2236 0.2236
BinVal : 25 12 0.5 0.2236 0.2236
BinVal : 26 0 0 0 0
BinVal : 26 1 0 0 0
BinVal : 26 2 0.04444 0.02351 0.02351
BinVal : 26 3 0.6216 0.05536 0.05536
BinVal : 26 4 0.932 0.02135 0.02135
BinVal : 26 5 0.9942 0.003857 0.003857
BinVal : 26 6 0.9866 0.00495 0.00495
BinVal : 26 7 0.9716 0.008343 0.008343
BinVal : 26 8 0.9597 0.007856 0.007856
BinVal : 26 9 0.9344 0.03379 0.03379
BinVal : 26 10 1 0.1237 0.1237
BinVal : 26 11 1 0.1237 0.1237
BinVal : 26 12 1 0.1237 0.1237
BinVal : 27 0 0 0 0
BinVal : 27 1 0 0 0
BinVal : 27 2 0.01818 0.02416 0.02416
BinVal : 27 3 0.62 0.06683 0.06683
BinVal : 27 4 0.9048 0.03282 0.03282
BinVal : 27 5 0.9933 0.005735 0.005735
BinVal : 27 6 0.9682 0.0103 0.0103
BinVal : 27 7 0.9426 0.01651 0.01651
BinVal : 27 8 0.9606 0.01204 0.01204
BinVal : 27 9 0.8947 0.0746 0.0746
BinVal : 27 10 1 0.2357 0.2357
BinVal : 27 11 1 0.2357 0.2357
BinVal : 27 12 1 0.2357 0.2357
BinVal : 28 0 0 0 0
BinVal : 28 1 0 0 0
BinVal : 28 2 0.1 0.1034 0.1034
BinVal : 28 3 0.6111 0.1069 0.1069
BinVal : 28 4 0.8333 0.08729 0.08729
BinVal : 28 5 1 0.01562 0.01562
BinVal : 28 6 0.9074 0.04097 0.04097
BinVal : 28 7 0.8718 0.05454 0.05454
BinVal : 28 8 0.9024 0.04833 0.04833
BinVal : 28 9 0.9024 0.04833 0.04833
BinVal : 28 10 0.9024 0.04833 0.04833
BinVal : 28 11 0.9024 0.04833 0.04833
BinVal : 28 12 0.9024 0.04833 0.04833
 





