D0NoteID : 0
EffName : SC5JET_9_PV3_20_v155
EffType : Binned
EffVarNames : DetEta pT
EffVersion : 6
ObjQuality : Tight
ObjType : Electron
ObjVersion : 11
TriggerVersion : v15b
BinEdgesX : -3.2 -2.5 -2 -1.5 -1.1 -0.6 0 0.6 1.1 1.5 2 2.5 3.2
BinEdgesY : 0 10 15 20 22 25 30 35 40 50 60 70 80 1000
BinVal : 0 0 0 0 0
BinVal : 0 1 0 0 0
BinVal : 0 2 0.07921 0.0193 0.0193
BinVal : 0 3 0.5546 0.04501 0.04501
BinVal : 0 4 0.8012 0.02204 0.02204
BinVal : 0 5 0.9837 0.005349 0.005349
BinVal : 0 6 0.9986 0.00201 0.00201
BinVal : 0 7 0.9823 0.005787 0.005787
BinVal : 0 8 0.9727 0.006301 0.006301
BinVal : 0 9 0.9828 0.02298 0.02298
BinVal : 0 10 1 0.07122 0.07122
BinVal : 0 11 1 0.2357 0.2357
BinVal : 0 12 1 0.2357 0.2357
BinVal : 1 0 0 0 0
BinVal : 1 1 0 0 0
BinVal : 1 2 0.1003 0.01779 0.01779
BinVal : 1 3 0.6742 0.03135 0.03135
BinVal : 1 4 0.8358 0.01494 0.01494
BinVal : 1 5 0.9798 0.003915 0.003915
BinVal : 1 6 0.9978 0.001253 0.001253
BinVal : 1 7 0.9932 0.001954 0.001954
BinVal : 1 8 0.9841 0.002318 0.002318
BinVal : 1 9 0.9912 0.005772 0.005772
BinVal : 1 10 0.9815 0.02458 0.02458
BinVal : 1 11 1 0.08299 0.08299
BinVal : 1 12 1 0.0665 0.0665
BinVal : 2 0 0 0 0
BinVal : 2 1 0 0 0
BinVal : 2 2 0.1218 0.02637 0.02637
BinVal : 2 3 0.7122 0.03811 0.03811
BinVal : 2 4 0.8628 0.01771 0.01771
BinVal : 2 5 0.9787 0.004932 0.004932
BinVal : 2 6 0.9967 0.001811 0.001811
BinVal : 2 7 0.9951 0.00198 0.00198
BinVal : 2 8 0.9864 0.002429 0.002429
BinVal : 2 9 0.993 0.005972 0.005972
BinVal : 2 10 0.9778 0.02913 0.02913
BinVal : 2 11 1 0.09045 0.09045
BinVal : 2 12 1 0.07122 0.07122
BinVal : 3 0 0 0 0
BinVal : 3 1 0 0 0
BinVal : 3 2 0 0 0
BinVal : 3 3 0 0 0
BinVal : 3 4 0 0 0
BinVal : 3 5 0 0 0
BinVal : 3 6 0 0 0
BinVal : 3 7 0 0 0
BinVal : 3 8 0 0 0
BinVal : 3 9 0 0 0
BinVal : 3 10 0 0 0
BinVal : 3 11 0 0 0
BinVal : 3 12 0 0 0
BinVal : 4 0 0 0 0
BinVal : 4 1 0 0 0
BinVal : 4 2 0.1739 0.02499 0.02499
BinVal : 4 3 0.7725 0.03231 0.03231
BinVal : 4 4 0.9348 0.01163 0.01163
BinVal : 4 5 0.9719 0.004537 0.004537
BinVal : 4 6 0.9869 0.002192 0.002192
BinVal : 4 7 0.9883 0.001511 0.001511
BinVal : 4 8 0.987 0.0009995 0.0009995
BinVal : 4 9 0.9883 0.002411 0.002411
BinVal : 4 10 0.9822 0.007079 0.007079
BinVal : 4 11 0.9936 0.008811 0.008811
BinVal : 4 12 1 0.008 0.008
BinVal : 5 0 0 0 0
BinVal : 5 1 0 0 0
BinVal : 5 2 0.2047 0.02746 0.02746
BinVal : 5 3 0.8505 0.02565 0.02565
BinVal : 5 4 0.9491 0.009487 0.009487
BinVal : 5 5 0.9725 0.003951 0.003951
BinVal : 5 6 0.9811 0.002421 0.002421
BinVal : 5 7 0.986 0.001548 0.001548
BinVal : 5 8 0.9829 0.001034 0.001034
BinVal : 5 9 0.984 0.002535 0.002535
BinVal : 5 10 0.9874 0.005489 0.005489
BinVal : 5 11 0.9895 0.008881 0.008881
BinVal : 5 12 0.9933 0.009212 0.009212
BinVal : 6 0 0 0 0
BinVal : 6 1 0 0 0
BinVal : 6 2 0.1735 0.02704 0.02704
BinVal : 6 3 0.7969 0.02897 0.02897
BinVal : 6 4 0.9176 0.01289 0.01289
BinVal : 6 5 0.9774 0.003994 0.003994
BinVal : 6 6 0.9848 0.002253 0.002253
BinVal : 6 7 0.9887 0.001447 0.001447
BinVal : 6 8 0.9859 0.00103 0.00103
BinVal : 6 9 0.9879 0.002362 0.002362
BinVal : 6 10 0.9951 0.004204 0.004204
BinVal : 6 11 0.9816 0.01194 0.01194
BinVal : 6 12 0.9911 0.01224 0.01224
BinVal : 7 0 0 0 0
BinVal : 7 1 0 0 0
BinVal : 7 2 0.1209 0.03458 0.03458
BinVal : 7 3 0.7179 0.05029 0.05029
BinVal : 7 4 0.892 0.0236 0.0236
BinVal : 7 5 0.9759 0.007124 0.007124
BinVal : 7 6 0.9902 0.002812 0.002812
BinVal : 7 7 0.9938 0.001651 0.001651
BinVal : 7 8 0.9909 0.001324 0.001324
BinVal : 7 9 0.9968 0.002129 0.002129
BinVal : 7 10 0.988 0.01013 0.01013
BinVal : 7 11 0.9861 0.01872 0.01872
BinVal : 7 12 1 0.01785 0.01785
BinVal : 8 0 0 0 0
BinVal : 8 1 0 0 0
BinVal : 8 2 0 0 0
BinVal : 8 3 0 0 0
BinVal : 8 4 0 0 0
BinVal : 8 5 0 0 0
BinVal : 8 6 0 0 0
BinVal : 8 7 0 0 0
BinVal : 8 8 0 0 0
BinVal : 8 9 0 0 0
BinVal : 8 10 0 0 0
BinVal : 8 11 0 0 0
BinVal : 8 12 0 0 0
BinVal : 9 0 0 0 0
BinVal : 9 1 0 0 0
BinVal : 9 2 0.1088 0.01697 0.01697
BinVal : 9 3 0.583 0.03197 0.03197
BinVal : 9 4 0.8687 0.01388 0.01388
BinVal : 9 5 0.9834 0.003508 0.003508
BinVal : 9 6 0.9967 0.001431 0.001431
BinVal : 9 7 0.9954 0.001606 0.001606
BinVal : 9 8 0.9826 0.002385 0.002385
BinVal : 9 9 0.9844 0.006783 0.006783
BinVal : 9 10 0.9688 0.02545 0.02545
BinVal : 9 11 0.9333 0.07594 0.07594
BinVal : 9 12 1 0.06236 0.06236
BinVal : 10 0 0 0 0
BinVal : 10 1 0 0 0
BinVal : 10 2 0.0696 0.01563 0.01563
BinVal : 10 3 0.4468 0.04144 0.04144
BinVal : 10 4 0.8243 0.02151 0.02151
BinVal : 10 5 0.9632 0.006918 0.006918
BinVal : 10 6 0.9927 0.003195 0.003195
BinVal : 10 7 0.9933 0.003727 0.003727
BinVal : 10 8 0.9495 0.00805 0.00805
BinVal : 10 9 0.9767 0.01924 0.01924
BinVal : 10 10 1 0.07666 0.07666
BinVal : 10 11 1 0.2357 0.2357
BinVal : 10 12 1 0.1936 0.1936
BinVal : 11 0 0 0 0
BinVal : 11 1 0 0 0
BinVal : 11 2 0.09091 0.03145 0.03145
BinVal : 11 3 0.3462 0.06439 0.06439
BinVal : 11 4 0.8318 0.03617 0.03617
BinVal : 11 5 0.9435 0.01499 0.01499
BinVal : 11 6 0.9902 0.008287 0.008287
BinVal : 11 7 0.9579 0.02234 0.02234
BinVal : 11 8 0.9274 0.02399 0.02399
BinVal : 11 9 1 0.1102 0.1102
BinVal : 11 10 1 0.1936 0.1936
BinVal : 11 11 1 0.1936 0.1936
BinVal : 11 12 1 0.1936 0.1936
