D0NoteID : 0
EffName : SC5JET_9_PV3_25_v155
EffType : Binned
EffVarNames : DetEta pT
EffVersion : 6
ObjQuality : Point0
ObjType : Electron
ObjVersion : 1
TriggerVersion : v15b
BinEdgesX : -3.2 -2.8 -2.5 -2.3 -2.1 -1.9 -1.7 -1.5 -1.3 -1.1 -0.9 -0.7 -0.5 -0.3 -0.1 0.1 0.3 0.5 0.7 0.9 1.1 1.3 1.5 1.7 1.9 2.1 2.3 2.5 2.8 3.2
BinEdgesY : 0 10 15 20 22 25 30 35 40 50 60 70 80 1000
BinVal : 0 0 0 0 0
BinVal : 0 1 0 0 0
BinVal : 0 2 0 0 0
BinVal : 0 3 0.01205 0.01019 0.01019
BinVal : 0 4 0.01143 0.006298 0.006298
BinVal : 0 5 0.2083 0.01507 0.01507
BinVal : 0 6 0.2363 0.01782 0.01782
BinVal : 0 7 0.1938 0.02191 0.02191
BinVal : 0 8 0.1569 0.01926 0.01926
BinVal : 0 9 0.2857 0.1124 0.1124
BinVal : 0 10 0.5 0.2236 0.2236
BinVal : 0 11 0.5 0.2236 0.2236
BinVal : 0 12 0.5 0.2236 0.2236
BinVal : 1 0 0 0 0
BinVal : 1 1 0 0 0
BinVal : 1 2 0 0 0
BinVal : 1 3 0.01456 0.0095 0.0095
BinVal : 1 4 0.04176 0.009559 0.009559
BinVal : 1 5 0.2737 0.01453 0.01453
BinVal : 1 6 0.2896 0.01504 0.01504
BinVal : 1 7 0.2623 0.01907 0.01907
BinVal : 1 8 0.1797 0.01461 0.01461
BinVal : 1 9 0.4151 0.06591 0.06591
BinVal : 1 10 0.125 0.1206 0.1206
BinVal : 1 11 0.125 0.1206 0.1206
BinVal : 1 12 1 0.2357 0.2357
BinVal : 2 0 0 0 0
BinVal : 2 1 0 0 0
BinVal : 2 2 0 0 0
BinVal : 2 3 0.0101 0.008574 0.008574
BinVal : 2 4 0.08534 0.01315 0.01315
BinVal : 2 5 0.3254 0.01504 0.01504
BinVal : 2 6 0.327 0.0141 0.0141
BinVal : 2 7 0.2952 0.01598 0.01598
BinVal : 2 8 0.1972 0.01265 0.01265
BinVal : 2 9 0.427 0.05159 0.05159
BinVal : 2 10 0.3529 0.1079 0.1079
BinVal : 2 11 0.6667 0.2 0.2
BinVal : 2 12 1 0.1936 0.1936
BinVal : 3 0 0 0 0
BinVal : 3 1 0 0 0
BinVal : 3 2 0 0 0
BinVal : 3 3 0.01357 0.008868 0.008868
BinVal : 3 4 0.1012 0.01335 0.01335
BinVal : 3 5 0.3402 0.01477 0.01477
BinVal : 3 6 0.3219 0.01318 0.01318
BinVal : 3 7 0.2799 0.01289 0.01289
BinVal : 3 8 0.213 0.01069 0.01069
BinVal : 3 9 0.4218 0.04034 0.04034
BinVal : 3 10 0.5 0.09285 0.09285
BinVal : 3 11 0.8 0.1597 0.1597
BinVal : 3 12 0.75 0.1782 0.1782
BinVal : 4 0 0 0 0
BinVal : 4 1 0 0 0
BinVal : 4 2 0 0 0
BinVal : 4 3 0.01333 0.008713 0.008713
BinVal : 4 4 0.1035 0.01314 0.01314
BinVal : 4 5 0.3455 0.01419 0.01419
BinVal : 4 6 0.3291 0.01241 0.01241
BinVal : 4 7 0.2848 0.01125 0.01125
BinVal : 4 8 0.2303 0.009088 0.009088
BinVal : 4 9 0.5296 0.03021 0.03021
BinVal : 4 10 0.6757 0.07454 0.07454
BinVal : 4 11 0.8182 0.1126 0.1126
BinVal : 4 12 0.7143 0.1491 0.1491
BinVal : 5 0 0 0 0
BinVal : 5 1 0 0 0
BinVal : 5 2 0.004739 0.006593 0.006593
BinVal : 5 3 0.02062 0.01123 0.01123
BinVal : 5 4 0.1069 0.0142 0.0142
BinVal : 5 5 0.3675 0.01419 0.01419
BinVal : 5 6 0.3677 0.01204 0.01204
BinVal : 5 7 0.3309 0.01084 0.01084
BinVal : 5 8 0.2826 0.008331 0.008331
BinVal : 5 9 0.5695 0.0255 0.0255
BinVal : 5 10 0.8 0.05353 0.05353
BinVal : 5 11 0.7222 0.1 0.1
BinVal : 5 12 0.8125 0.09538 0.09538
BinVal : 6 0 0 0 0
BinVal : 6 1 0 0 0
BinVal : 6 2 0.01099 0.01496 0.01496
BinVal : 6 3 0.03371 0.02137 0.02137
BinVal : 6 4 0.115 0.02135 0.02135
BinVal : 6 5 0.3878 0.02027 0.02027
BinVal : 6 6 0.398 0.01707 0.01707
BinVal : 6 7 0.3613 0.01526 0.01526
BinVal : 6 8 0.3187 0.01142 0.01142
BinVal : 6 9 0.5545 0.03472 0.03472
BinVal : 6 10 0.7879 0.06999 0.06999
BinVal : 6 11 0.6667 0.1389 0.1389
BinVal : 6 12 0.8333 0.1059 0.1059
BinVal : 7 0 0 0 0
BinVal : 7 1 0 0 0
BinVal : 7 2 0 0 0
BinVal : 7 3 0 0 0
BinVal : 7 4 0 0 0
BinVal : 7 5 0 0 0
BinVal : 7 6 0 0 0
BinVal : 7 7 0 0 0
BinVal : 7 8 0 0 0
BinVal : 7 9 0 0 0
BinVal : 7 10 0 0 0
BinVal : 7 11 0 0 0
BinVal : 7 12 0 0 0
BinVal : 8 0 0 0 0
BinVal : 8 1 0 0 0
BinVal : 8 2 0 0 0
BinVal : 8 3 0 0 0
BinVal : 8 4 0 0 0
BinVal : 8 5 0 0 0
BinVal : 8 6 0 0 0
BinVal : 8 7 0 0 0
BinVal : 8 8 0 0 0
BinVal : 8 9 0 0 0
BinVal : 8 10 0 0 0
BinVal : 8 11 0 0 0
BinVal : 8 12 0 0 0
BinVal : 9 0 0 0 0
BinVal : 9 1 0 0 0
BinVal : 9 2 0.01562 0.01312 0.01312
BinVal : 9 3 0.02941 0.01877 0.01877
BinVal : 9 4 0.09744 0.02146 0.02146
BinVal : 9 5 0.3257 0.01962 0.01962
BinVal : 9 6 0.3557 0.01306 0.01306
BinVal : 9 7 0.3341 0.009825 0.009825
BinVal : 9 8 0.3379 0.006806 0.006806
BinVal : 9 9 0.4856 0.01805 0.01805
BinVal : 9 10 0.563 0.04223 0.04223
BinVal : 9 11 0.4615 0.07694 0.07694
BinVal : 9 12 0.5312 0.08437 0.08437
BinVal : 10 0 0 0 0
BinVal : 10 1 0 0 0
BinVal : 10 2 0.007299 0.01006 0.01006
BinVal : 10 3 0.04301 0.02279 0.02279
BinVal : 10 4 0.1451 0.0221 0.0221
BinVal : 10 5 0.3849 0.01909 0.01909
BinVal : 10 6 0.3619 0.01289 0.01289
BinVal : 10 7 0.3374 0.009201 0.009201
BinVal : 10 8 0.3344 0.006186 0.006186
BinVal : 10 9 0.4901 0.01653 0.01653
BinVal : 10 10 0.5833 0.03646 0.03646
BinVal : 10 11 0.6102 0.06204 0.06204
BinVal : 10 12 0.5333 0.07202 0.07202
BinVal : 11 0 0 0 0
BinVal : 11 1 0 0 0
BinVal : 11 2 0 0 0
BinVal : 11 3 0.02817 0.02308 0.02308
BinVal : 11 4 0.1888 0.02477 0.02477
BinVal : 11 5 0.3929 0.01836 0.01836
BinVal : 11 6 0.3678 0.01353 0.01353
BinVal : 11 7 0.3427 0.009241 0.009241
BinVal : 11 8 0.3369 0.006074 0.006074
BinVal : 11 9 0.489 0.01617 0.01617
BinVal : 11 10 0.5343 0.03467 0.03467
BinVal : 11 11 0.625 0.056 0.056
BinVal : 11 12 0.6618 0.05633 0.05633
BinVal : 12 0 0 0 0
BinVal : 12 1 0 0 0
BinVal : 12 2 0.009524 0.01303 0.01303
BinVal : 12 3 0.01389 0.01872 0.01872
BinVal : 12 4 0.1517 0.02473 0.02473
BinVal : 12 5 0.3646 0.01759 0.01759
BinVal : 12 6 0.3702 0.01337 0.01337
BinVal : 12 7 0.3623 0.009639 0.009639
BinVal : 12 8 0.3411 0.005936 0.005936
BinVal : 12 9 0.4889 0.01583 0.01583
BinVal : 12 10 0.4829 0.03465 0.03465
BinVal : 12 11 0.6 0.05553 0.05553
BinVal : 12 12 0.6522 0.05629 0.05629
BinVal : 13 0 0 0 0
BinVal : 13 1 0 0 0
BinVal : 13 2 0.02273 0.01882 0.01882
BinVal : 13 3 0.02667 0.02191 0.02191
BinVal : 13 4 0.1556 0.02419 0.02419
BinVal : 13 5 0.3471 0.01682 0.01682
BinVal : 13 6 0.3533 0.01276 0.01276
BinVal : 13 7 0.3805 0.01024 0.01024
BinVal : 13 8 0.3449 0.005801 0.005801
BinVal : 13 9 0.5358 0.0157 0.0157
BinVal : 13 10 0.5149 0.03491 0.03491
BinVal : 13 11 0.6386 0.05191 0.05191
BinVal : 13 12 0.6471 0.06526 0.06526
BinVal : 14 0 0 0 0
BinVal : 14 1 0 0 0
BinVal : 14 2 0.0274 0.02248 0.02248
BinVal : 14 3 0.04878 0.02566 0.02566
BinVal : 14 4 0.2068 0.02626 0.02626
BinVal : 14 5 0.3544 0.0165 0.0165
BinVal : 14 6 0.3384 0.01245 0.01245
BinVal : 14 7 0.3687 0.01013 0.01013
BinVal : 14 8 0.3475 0.005797 0.005797
BinVal : 14 9 0.5566 0.01524 0.01524
BinVal : 14 10 0.5433 0.03429 0.03429
BinVal : 14 11 0.5811 0.05627 0.05627
BinVal : 14 12 0.6613 0.05891 0.05891
BinVal : 15 0 0 0 0
BinVal : 15 1 0 0 0
BinVal : 15 2 0.01205 0.01635 0.01635
BinVal : 15 3 0.03261 0.02071 0.02071
BinVal : 15 4 0.1885 0.02423 0.02423
BinVal : 15 5 0.3609 0.0166 0.0166
BinVal : 15 6 0.3216 0.01241 0.01241
BinVal : 15 7 0.3556 0.009548 0.009548
BinVal : 15 8 0.3539 0.005916 0.005916
BinVal : 15 9 0.5267 0.01525 0.01525
BinVal : 15 10 0.5027 0.03627 0.03627
BinVal : 15 11 0.597 0.05869 0.05869
BinVal : 15 12 0.5439 0.06432 0.06432
BinVal : 16 0 0 0 0
BinVal : 16 1 0.04 0.04949 0.04949
BinVal : 16 2 0.0101 0.01379 0.01379
BinVal : 16 3 0.02105 0.01749 0.01749
BinVal : 16 4 0.1402 0.02142 0.02142
BinVal : 16 5 0.3847 0.01763 0.01763
BinVal : 16 6 0.3354 0.01239 0.01239
BinVal : 16 7 0.3516 0.009129 0.009129
BinVal : 16 8 0.3548 0.006045 0.006045
BinVal : 16 9 0.4733 0.01553 0.01553
BinVal : 16 10 0.5057 0.03737 0.03737
BinVal : 16 11 0.5783 0.05328 0.05328
BinVal : 16 12 0.6042 0.0686 0.0686
BinVal : 17 0 0 0 0
BinVal : 17 1 0.03125 0.03977 0.03977
BinVal : 17 2 0.009091 0.01246 0.01246
BinVal : 17 3 0.0297 0.01894 0.01894
BinVal : 17 4 0.1226 0.02264 0.02264
BinVal : 17 5 0.3959 0.01938 0.01938
BinVal : 17 6 0.3593 0.01247 0.01247
BinVal : 17 7 0.3423 0.008829 0.008829
BinVal : 17 8 0.3512 0.006171 0.006171
BinVal : 17 9 0.4484 0.01587 0.01587
BinVal : 17 10 0.5222 0.03693 0.03693
BinVal : 17 11 0.5139 0.05771 0.05771
BinVal : 17 12 0.6491 0.06181 0.06181
BinVal : 18 0 0 0 0
BinVal : 18 1 0 0 0
BinVal : 18 2 0 0 0
BinVal : 18 3 0.0198 0.01649 0.01649
BinVal : 18 4 0.1608 0.02606 0.02606
BinVal : 18 5 0.3658 0.0206 0.0206
BinVal : 18 6 0.3406 0.0128 0.0128
BinVal : 18 7 0.3309 0.009397 0.009397
BinVal : 18 8 0.3543 0.006805 0.006805
BinVal : 18 9 0.4645 0.01788 0.01788
BinVal : 18 10 0.48 0.04039 0.04039
BinVal : 18 11 0.5208 0.06996 0.06996
BinVal : 18 12 0.58 0.06786 0.06786
BinVal : 19 0 0 0 0
BinVal : 19 1 0 0 0
BinVal : 19 2 0 0 0
BinVal : 19 3 0 0 0
BinVal : 19 4 0.1887 0.03791 0.03791
BinVal : 19 5 0.3686 0.03005 0.03005
BinVal : 19 6 0.3302 0.01866 0.01866
BinVal : 19 7 0.3243 0.01455 0.01455
BinVal : 19 8 0.355 0.01066 0.01066
BinVal : 19 9 0.4608 0.02836 0.02836
BinVal : 19 10 0.4194 0.06126 0.06126
BinVal : 19 11 0.5556 0.1086 0.1086
BinVal : 19 12 0.619 0.09962 0.09962
BinVal : 20 0 0 0 0
BinVal : 20 1 0 0 0
BinVal : 20 2 0 0 0
BinVal : 20 3 0 0 0
BinVal : 20 4 0 0 0
BinVal : 20 5 0 0 0
BinVal : 20 6 0 0 0
BinVal : 20 7 0 0 0
BinVal : 20 8 0 0 0
BinVal : 20 9 0 0 0
BinVal : 20 10 0 0 0
BinVal : 20 11 0 0 0
BinVal : 20 12 0 0 0
BinVal : 21 0 0 0 0
BinVal : 21 1 0 0 0
BinVal : 21 2 0 0 0
BinVal : 21 3 0 0 0
BinVal : 21 4 0 0 0
BinVal : 21 5 0 0 0
BinVal : 21 6 0 0 0
BinVal : 21 7 0 0 0
BinVal : 21 8 0 0 0
BinVal : 21 9 0 0 0
BinVal : 21 10 0 0 0
BinVal : 21 11 0 0 0
BinVal : 21 12 0 0 0
BinVal : 22 0 0 0 0
BinVal : 22 1 0 0 0
BinVal : 22 2 0 0 0
BinVal : 22 3 0.02732 0.01299 0.01299
BinVal : 22 4 0.1245 0.0152 0.0152
BinVal : 22 5 0.3993 0.01447 0.01447
BinVal : 22 6 0.3785 0.01225 0.01225
BinVal : 22 7 0.3458 0.01123 0.01123
BinVal : 22 8 0.2941 0.008462 0.008462
BinVal : 22 9 0.516 0.02567 0.02567
BinVal : 22 10 0.7534 0.04989 0.04989
BinVal : 22 11 0.6 0.1025 0.1025
BinVal : 22 12 0.8235 0.09116 0.09116
BinVal : 23 0 0 0 0
BinVal : 23 1 0 0 0
BinVal : 23 2 0 0.004115 0.004115
BinVal : 23 3 0.009132 0.007766 0.007766
BinVal : 23 4 0.09504 0.01339 0.01339
BinVal : 23 5 0.346 0.01412 0.01412
BinVal : 23 6 0.3175 0.01219 0.01219
BinVal : 23 7 0.2787 0.01147 0.01147
BinVal : 23 8 0.2205 0.008894 0.008894
BinVal : 23 9 0.4873 0.02998 0.02998
BinVal : 23 10 0.7115 0.06157 0.06157
BinVal : 23 11 0.3333 0.1389 0.1389
BinVal : 23 12 0.8889 0.1113 0.1113
BinVal : 24 0 0 0 0
BinVal : 24 1 0 0 0
BinVal : 24 2 0 0.00295 0.00295
BinVal : 24 3 0.004132 0.00576 0.00576
BinVal : 24 4 0.07301 0.01234 0.01234
BinVal : 24 5 0.3158 0.0145 0.0145
BinVal : 24 6 0.3128 0.01294 0.01294
BinVal : 24 7 0.2709 0.01284 0.01284
BinVal : 24 8 0.2227 0.01054 0.01054
BinVal : 24 9 0.48 0.03745 0.03745
BinVal : 24 10 0.7619 0.08963 0.08963
BinVal : 24 11 0.6 0.175 0.175
BinVal : 24 12 1 0.1237 0.1237
BinVal : 25 0 0 0 0
BinVal : 25 1 0 0 0
BinVal : 25 2 0 0 0
BinVal : 25 3 0.004926 0.006848 0.006848
BinVal : 25 4 0.04884 0.01057 0.01057
BinVal : 25 5 0.3055 0.01468 0.01468
BinVal : 25 6 0.3324 0.01446 0.01446
BinVal : 25 7 0.284 0.01582 0.01582
BinVal : 25 8 0.2179 0.01292 0.01292
BinVal : 25 9 0.3985 0.04201 0.04201
BinVal : 25 10 0.8 0.1597 0.1597
BinVal : 25 11 0.6667 0.2 0.2
BinVal : 25 12 1 0.2357 0.2357
BinVal : 26 0 0 0 0
BinVal : 26 1 0 0 0
BinVal : 26 2 0 0 0
BinVal : 26 3 0 0 0
BinVal : 26 4 0.03913 0.009229 0.009229
BinVal : 26 5 0.2714 0.01411 0.01411
BinVal : 26 6 0.2852 0.01545 0.01545
BinVal : 26 7 0.2855 0.01934 0.01934
BinVal : 26 8 0.1957 0.0151 0.0151
BinVal : 26 9 0.3333 0.04983 0.04983
BinVal : 26 10 0.6 0.175 0.175
BinVal : 26 11 0.6 0.175 0.175
BinVal : 26 12 0.6 0.175 0.175
BinVal : 27 0 0 0 0
BinVal : 27 1 0 0 0
BinVal : 27 2 0 0 0
BinVal : 27 3 0 0 0
BinVal : 27 4 0.02111 0.00777 0.00777
BinVal : 27 5 0.1968 0.01444 0.01444
BinVal : 27 6 0.2239 0.01798 0.01798
BinVal : 27 7 0.2355 0.02283 0.02283
BinVal : 27 8 0.1759 0.0195 0.0195
BinVal : 27 9 0.3077 0.08672 0.08672
BinVal : 27 10 0.6667 0.2 0.2
BinVal : 27 11 0.6667 0.2 0.2
BinVal : 27 12 0.6667 0.2 0.2
BinVal : 28 0 0 0 0
BinVal : 28 1 0 0 0
BinVal : 28 2 0 0 0
BinVal : 28 3 0 0 0
BinVal : 28 4 0 0 0
BinVal : 28 5 0.1137 0.01999 0.01999
BinVal : 28 6 0.2384 0.0345 0.0345
BinVal : 28 7 0.1532 0.03243 0.03243
BinVal : 28 8 0.1609 0.03946 0.03946
BinVal : 28 9 1 0.2357 0.2357
BinVal : 28 10 1 0.2357 0.2357
BinVal : 28 11 1 0.2357 0.2357
BinVal : 28 12 1 0.2357 0.2357
