D0NoteID : 0
EffName : SC5JET_9_PV3_25_v15
EffType : Binned
EffVarNames : DetEta pT
EffVersion : 6
ObjQuality : MLoose2
ObjType : Electron
ObjVersion : 11
TriggerVersion : v15a
BinEdgesX : -3.2 -2.5 -2 -1.5 -1.1 -0.6 0 0.6 1.1 1.5 2 2.5 3.2
BinEdgesY : 0 10 15 20 22 25 30 35 40 50 60 70 80 1000
BinVal : 0 0 0 0 0
BinVal : 0 1 0 0 0
BinVal : 0 2 0 0 0
BinVal : 0 3 0.02326 0.01498 0.01498
BinVal : 0 4 0.1915 0.02564 0.02564
BinVal : 0 5 0.8125 0.01394 0.01394
BinVal : 0 6 0.9766 0.005156 0.005156
BinVal : 0 7 0.977 0.00583 0.00583
BinVal : 0 8 0.9649 0.006167 0.006167
BinVal : 0 9 0.9351 0.02962 0.02962
BinVal : 0 10 1 0.1409 0.1409
BinVal : 0 11 1 0.2357 0.2357
BinVal : 0 12 1 0.2357 0.2357
BinVal : 1 0 0 0 0
BinVal : 1 1 0 0 0
BinVal : 1 2 0.004926 0.006848 0.006848
BinVal : 1 3 0.03822 0.01622 0.01622
BinVal : 1 4 0.2063 0.02065 0.02065
BinVal : 1 5 0.8127 0.01157 0.01157
BinVal : 1 6 0.9772 0.003752 0.003752
BinVal : 1 7 0.9929 0.002113 0.002113
BinVal : 1 8 0.9769 0.003 0.003
BinVal : 1 9 0.9712 0.01052 0.01052
BinVal : 1 10 0.9259 0.0556 0.0556
BinVal : 1 11 0.9167 0.09035 0.09035
BinVal : 1 12 1 0.1936 0.1936
BinVal : 2 0 0 0 0
BinVal : 2 1 0 0 0
BinVal : 2 2 0.00885 0.01214 0.01214
BinVal : 2 3 0.05405 0.02825 0.02825
BinVal : 2 4 0.2072 0.02715 0.02715
BinVal : 2 5 0.8119 0.01587 0.01587
BinVal : 2 6 0.9795 0.004764 0.004764
BinVal : 2 7 0.9938 0.002476 0.002476
BinVal : 2 8 0.98 0.003332 0.003332
BinVal : 2 9 0.9854 0.0095 0.0095
BinVal : 2 10 0.913 0.06373 0.06373
BinVal : 2 11 0.9091 0.09643 0.09643
BinVal : 2 12 1 0.1936 0.1936
BinVal : 3 0 0 0 0
BinVal : 3 1 0 0 0
BinVal : 3 2 0 0 0
BinVal : 3 3 0 0 0
BinVal : 3 4 0 0 0
BinVal : 3 5 0 0 0
BinVal : 3 6 0 0 0
BinVal : 3 7 0 0 0
BinVal : 3 8 0 0 0
BinVal : 3 9 0 0 0
BinVal : 3 10 0 0 0
BinVal : 3 11 0 0 0
BinVal : 3 12 0 0 0
BinVal : 4 0 0 0 0
BinVal : 4 1 0 0 0
BinVal : 4 2 0 0 0
BinVal : 4 3 0.03409 0.0216 0.0216
BinVal : 4 4 0.2605 0.02981 0.02981
BinVal : 4 5 0.8417 0.01294 0.01294
BinVal : 4 6 0.9795 0.003531 0.003531
BinVal : 4 7 0.9781 0.002664 0.002664
BinVal : 4 8 0.9746 0.001795 0.001795
BinVal : 4 9 0.9722 0.004758 0.004758
BinVal : 4 10 0.9855 0.009455 0.009455
BinVal : 4 11 0.9605 0.02482 0.02482
BinVal : 4 12 1 0.01818 0.01818
BinVal : 5 0 0 0 0
BinVal : 5 1 0 0 0
BinVal : 5 2 0 0 0
BinVal : 5 3 0.06897 0.02838 0.02838
BinVal : 5 4 0.2964 0.02859 0.02859
BinVal : 5 5 0.8724 0.01035 0.01035
BinVal : 5 6 0.9666 0.004191 0.004191
BinVal : 5 7 0.9713 0.002888 0.002888
BinVal : 5 8 0.966 0.001886 0.001886
BinVal : 5 9 0.97 0.004494 0.004494
BinVal : 5 10 0.9663 0.01151 0.01151
BinVal : 5 11 0.9626 0.01995 0.01995
BinVal : 5 12 0.9848 0.02034 0.02034
BinVal : 6 0 0 0 0
BinVal : 6 1 0 0 0
BinVal : 6 2 0 0 0
BinVal : 6 3 0.09459 0.03497 0.03497
BinVal : 6 4 0.2944 0.031 0.031
BinVal : 6 5 0.8794 0.01133 0.01133
BinVal : 6 6 0.9726 0.003929 0.003929
BinVal : 6 7 0.9776 0.00264 0.00264
BinVal : 6 8 0.9716 0.001881 0.001881
BinVal : 6 9 0.9769 0.004374 0.004374
BinVal : 6 10 0.9673 0.0119 0.0119
BinVal : 6 11 0.9861 0.01872 0.01872
BinVal : 6 12 0.9808 0.02546 0.02546
BinVal : 7 0 0 0 0
BinVal : 7 1 0 0 0
BinVal : 7 2 0 0 0
BinVal : 7 3 0.09091 0.05303 0.05303
BinVal : 7 4 0.2577 0.04401 0.04401
BinVal : 7 5 0.8562 0.02033 0.02033
BinVal : 7 6 0.9814 0.004898 0.004898
BinVal : 7 7 0.9854 0.00324 0.00324
BinVal : 7 8 0.9838 0.002243 0.002243
BinVal : 7 9 0.9797 0.006632 0.006632
BinVal : 7 10 0.99 0.01366 0.01366
BinVal : 7 11 1 0.03331 0.03331
BinVal : 7 12 1 0.0454 0.0454
BinVal : 8 0 0 0 0
BinVal : 8 1 0 0 0
BinVal : 8 2 0 0 0
BinVal : 8 3 0 0 0
BinVal : 8 4 0 0 0
BinVal : 8 5 0 0 0
BinVal : 8 6 0 0 0
BinVal : 8 7 0 0 0
BinVal : 8 8 0 0 0
BinVal : 8 9 0 0 0
BinVal : 8 10 0 0 0
BinVal : 8 11 0 0 0
BinVal : 8 12 0 0 0
BinVal : 9 0 0 0 0
BinVal : 9 1 0 0 0
BinVal : 9 2 0.00939 0.007981 0.007981
BinVal : 9 3 0.04545 0.01638 0.01638
BinVal : 9 4 0.1685 0.01968 0.01968
BinVal : 9 5 0.8199 0.01139 0.01139
BinVal : 9 6 0.9761 0.003876 0.003876
BinVal : 9 7 0.9902 0.002511 0.002511
BinVal : 9 8 0.9764 0.003009 0.003009
BinVal : 9 9 0.9751 0.009835 0.009835
BinVal : 9 10 1 0.01639 0.01639
BinVal : 9 11 1 0.06236 0.06236
BinVal : 9 12 1 0.09938 0.09938
BinVal : 10 0 0 0 0
BinVal : 10 1 0 0 0
BinVal : 10 2 0 0 0
BinVal : 10 3 0.01681 0.01408 0.01408
BinVal : 10 4 0.1615 0.02284 0.02284
BinVal : 10 5 0.7472 0.01544 0.01544
BinVal : 10 6 0.966 0.006083 0.006083
BinVal : 10 7 0.9791 0.005694 0.005694
BinVal : 10 8 0.9656 0.006044 0.006044
BinVal : 10 9 0.9789 0.01749 0.01749
BinVal : 10 10 1 0.0665 0.0665
BinVal : 10 11 1 0.1936 0.1936
BinVal : 10 12 1 0.1936 0.1936
BinVal : 11 0 0 0 0
BinVal : 11 1 0 0 0
BinVal : 11 2 0 0 0
BinVal : 11 3 0 0 0
BinVal : 11 4 0.1944 0.03797 0.03797
BinVal : 11 5 0.6903 0.02812 0.02812
BinVal : 11 6 0.9778 0.01062 0.01062
BinVal : 11 7 0.9597 0.01705 0.01705
BinVal : 11 8 0.9531 0.01583 0.01583
BinVal : 11 9 0.875 0.1206 0.1206
BinVal : 11 10 0.875 0.1206 0.1206
BinVal : 11 11 0.875 0.1206 0.1206
BinVal : 11 12 0.875 0.1206 0.1206
