D0NoteID : 0
EffName : SC5JET_9_PV3_25_v16
EffType : Binned
EffVarNames : DetEta pT
EffVersion : 6
ObjQuality : Point1
ObjType : Electron
ObjVersion : 1
TriggerVersion : v16
TriggerVersionHigh : 16.29
TriggerVersionLow : 16.00
BinEdgesX : -3.2 -2.8 -2.5 -2.3 -2.1 -1.9 -1.7 -1.5 -1.3 -1.1 -0.9 -0.7 -0.5 -0.3 -0.1 0.1 0.3 0.5 0.7 0.9 1.1 1.3 1.5 1.7 1.9 2.1 2.3 2.5 2.8 3.2
BinEdgesY : 0 10 15 20 22 25 30 35 40 50 60 70 80 1000
BinVal : 0 0 0 0 0
BinVal : 0 1 0 0 0
BinVal : 0 2 0.01351 0.01824 0.01824
BinVal : 0 3 0.02326 0.03038 0.03038
BinVal : 0 4 0.1562 0.03715 0.03715
BinVal : 0 5 0.8984 0.01741 0.01741
BinVal : 0 6 0.992 0.006819 0.006819
BinVal : 0 7 0.9936 0.008866 0.008866
BinVal : 0 8 0.9747 0.01203 0.01203
BinVal : 0 9 1 0.07666 0.07666
BinVal : 0 10 1 0.2357 0.2357
BinVal : 0 11 1 0.2357 0.2357
BinVal : 0 12 1 0.2357 0.2357
BinVal : 1 0 0 0 0
BinVal : 1 1 0 0 0
BinVal : 1 2 0.008621 0.01183 0.01183
BinVal : 1 3 0.03947 0.02482 0.02482
BinVal : 1 4 0.1705 0.02835 0.02835
BinVal : 1 5 0.9098 0.01248 0.01248
BinVal : 1 6 0.9905 0.004166 0.004166
BinVal : 1 7 0.9923 0.005044 0.005044
BinVal : 1 8 0.9694 0.007486 0.007486
BinVal : 1 9 0.9737 0.03404 0.03404
BinVal : 1 10 1 0.1936 0.1936
BinVal : 1 11 1 0.2357 0.2357
BinVal : 1 12 1 0.2357 0.2357
BinVal : 2 0 0 0 0
BinVal : 2 1 0 0 0
BinVal : 2 2 0 0 0
BinVal : 2 3 0.03333 0.02115 0.02115
BinVal : 2 4 0.2182 0.02777 0.02777
BinVal : 2 5 0.9197 0.01094 0.01094
BinVal : 2 6 0.9919 0.003231 0.003231
BinVal : 2 7 0.9885 0.004285 0.004285
BinVal : 2 8 0.9648 0.006187 0.006187
BinVal : 2 9 0.9677 0.02622 0.02622
BinVal : 2 10 1 0.07122 0.07122
BinVal : 2 11 1 0.1936 0.1936
BinVal : 2 12 1 0.1936 0.1936
BinVal : 3 0 0 0 0
BinVal : 3 1 0 0 0
BinVal : 3 2 0 0 0
BinVal : 3 3 0.03 0.01913 0.01913
BinVal : 3 4 0.2234 0.02515 0.02515
BinVal : 3 5 0.9318 0.009269 0.009269
BinVal : 3 6 0.9892 0.003216 0.003216
BinVal : 3 7 0.9845 0.003709 0.003709
BinVal : 3 8 0.9607 0.004963 0.004963
BinVal : 3 9 0.9487 0.01838 0.01838
BinVal : 3 10 0.9615 0.04782 0.04782
BinVal : 3 11 1 0.1409 0.1409
BinVal : 3 12 1 0.2357 0.2357
BinVal : 4 0 0 0 0
BinVal : 4 1 0 0 0
BinVal : 4 2 0.02252 0.01076 0.01076
BinVal : 4 3 0.03623 0.01706 0.01706
BinVal : 4 4 0.3047 0.02415 0.02415
BinVal : 4 5 0.9307 0.007801 0.007801
BinVal : 4 6 0.9904 0.002532 0.002532
BinVal : 4 7 0.9865 0.002669 0.002669
BinVal : 4 8 0.9672 0.003379 0.003379
BinVal : 4 9 0.9767 0.009226 0.009226
BinVal : 4 10 0.9773 0.02975 0.02975
BinVal : 4 11 0.9286 0.08021 0.08021
BinVal : 4 12 1 0.09045 0.09045
BinVal : 5 0 0 0 0
BinVal : 5 1 0 0 0
BinVal : 5 2 0.0307 0.01206 0.01206
BinVal : 5 3 0.07619 0.01861 0.01861
BinVal : 5 4 0.4125 0.02202 0.02202
BinVal : 5 5 0.9447 0.005927 0.005927
BinVal : 5 6 0.9948 0.00163 0.00163
BinVal : 5 7 0.9908 0.001798 0.001798
BinVal : 5 8 0.9806 0.002038 0.002038
BinVal : 5 9 0.9796 0.006337 0.006337
BinVal : 5 10 0.9886 0.01545 0.01545
BinVal : 5 11 0.9655 0.04343 0.04343
BinVal : 5 12 1 0.05255 0.05255
BinVal : 6 0 0 0 0
BinVal : 6 1 0 0 0
BinVal : 6 2 0.01887 0.01574 0.01574
BinVal : 6 3 0.1057 0.0281 0.0281
BinVal : 6 4 0.4433 0.02943 0.02943
BinVal : 6 5 0.9603 0.006851 0.006851
BinVal : 6 6 0.9958 0.00204 0.00204
BinVal : 6 7 0.9925 0.002152 0.002152
BinVal : 6 8 0.986 0.002229 0.002229
BinVal : 6 9 0.9695 0.009371 0.009371
BinVal : 6 10 0.9833 0.02226 0.02226
BinVal : 6 11 1 0.04756 0.04756
BinVal : 6 12 1 0.08299 0.08299
BinVal : 7 0 0 0 0
BinVal : 7 1 0 0 0
BinVal : 7 2 0 0 0
BinVal : 7 3 0 0 0
BinVal : 7 4 0 0 0
BinVal : 7 5 0 0 0
BinVal : 7 6 0 0 0
BinVal : 7 7 0 0 0
BinVal : 7 8 0 0 0
BinVal : 7 9 0 0 0
BinVal : 7 10 0 0 0
BinVal : 7 11 0 0 0
BinVal : 7 12 0 0 0
BinVal : 8 0 0 0 0
BinVal : 8 1 0 0 0
BinVal : 8 2 0 0 0
BinVal : 8 3 0 0 0
BinVal : 8 4 0 0 0
BinVal : 8 5 0 0 0
BinVal : 8 6 0 0 0
BinVal : 8 7 0 0 0
BinVal : 8 8 0 0 0
BinVal : 8 9 0 0 0
BinVal : 8 10 0 0 0
BinVal : 8 11 0 0 0
BinVal : 8 12 0 0 0
BinVal : 9 0 0 0 0
BinVal : 9 1 0 0 0
BinVal : 9 2 0 0 0
BinVal : 9 3 0.02419 0.01556 0.01556
BinVal : 9 4 0.1573 0.02155 0.02155
BinVal : 9 5 0.8207 0.01354 0.01354
BinVal : 9 6 0.9599 0.004131 0.004131
BinVal : 9 7 0.9827 0.002031 0.002031
BinVal : 9 8 0.986 0.001262 0.001262
BinVal : 9 9 0.9916 0.002497 0.002497
BinVal : 9 10 0.9927 0.006253 0.006253
BinVal : 9 11 1 0.01163 0.01163
BinVal : 9 12 0.9783 0.02855 0.02855
BinVal : 10 0 0 0 0
BinVal : 10 1 0 0 0
BinVal : 10 2 0.004808 0.006686 0.006686
BinVal : 10 3 0.03401 0.01605 0.01605
BinVal : 10 4 0.1995 0.02087 0.02087
BinVal : 10 5 0.8467 0.01172 0.01172
BinVal : 10 6 0.9703 0.003416 0.003416
BinVal : 10 7 0.983 0.001858 0.001858
BinVal : 10 8 0.9836 0.001231 0.001231
BinVal : 10 9 0.9897 0.002484 0.002484
BinVal : 10 10 0.9971 0.004035 0.004035
BinVal : 10 11 0.9898 0.01393 0.01393
BinVal : 10 12 0.9733 0.02191 0.02191
BinVal : 11 0 0 0 0
BinVal : 11 1 0 0 0
BinVal : 11 2 0.005714 0.007922 0.007922
BinVal : 11 3 0.05263 0.02025 0.02025
BinVal : 11 4 0.2188 0.02106 0.02106
BinVal : 11 5 0.8499 0.01046 0.01046
BinVal : 11 6 0.9671 0.003641 0.003641
BinVal : 11 7 0.9779 0.002127 0.002127
BinVal : 11 8 0.9806 0.001317 0.001317
BinVal : 11 9 0.9836 0.003019 0.003019
BinVal : 11 10 0.9971 0.004105 0.004105
BinVal : 11 11 0.9806 0.01618 0.01618
BinVal : 11 12 0.9891 0.01481 0.01481
BinVal : 12 0 0 0 0
BinVal : 12 1 0 0 0
BinVal : 12 2 0 0 0
BinVal : 12 3 0.04959 0.0208 0.0208
BinVal : 12 4 0.2116 0.02098 0.02098
BinVal : 12 5 0.8662 0.00926 0.00926
BinVal : 12 6 0.9619 0.003938 0.003938
BinVal : 12 7 0.9772 0.002262 0.002262
BinVal : 12 8 0.9785 0.001357 0.001357
BinVal : 12 9 0.9744 0.003679 0.003679
BinVal : 12 10 0.9938 0.005297 0.005297
BinVal : 12 11 0.9901 0.01353 0.01353
BinVal : 12 12 0.9877 0.01673 0.01673
BinVal : 13 0 0 0 0
BinVal : 13 1 0 0 0
BinVal : 13 2 0.008403 0.01154 0.01154
BinVal : 13 3 0.03968 0.01861 0.01861
BinVal : 13 4 0.2528 0.02285 0.02285
BinVal : 13 5 0.898 0.008094 0.008094
BinVal : 13 6 0.9648 0.003677 0.003677
BinVal : 13 7 0.9782 0.002328 0.002328
BinVal : 13 8 0.977 0.001369 0.001369
BinVal : 13 9 0.9712 0.003968 0.003968
BinVal : 13 10 0.9844 0.007524 0.007524
BinVal : 13 11 1 0.008403 0.008403
BinVal : 13 12 0.9861 0.01872 0.01872
BinVal : 14 0 0 0 0
BinVal : 14 1 0 0 0
BinVal : 14 2 0.016 0.01342 0.01342
BinVal : 14 3 0.0339 0.01817 0.01817
BinVal : 14 4 0.2923 0.0237 0.0237
BinVal : 14 5 0.8969 0.008011 0.008011
BinVal : 14 6 0.9617 0.003792 0.003792
BinVal : 14 7 0.9771 0.0024 0.0024
BinVal : 14 8 0.9774 0.00136 0.00136
BinVal : 14 9 0.9771 0.003613 0.003613
BinVal : 14 10 0.9734 0.00915 0.00915
BinVal : 14 11 0.9919 0.01109 0.01109
BinVal : 14 12 1 0.01111 0.01111
BinVal : 15 0 0 0 0
BinVal : 15 1 0 0 0
BinVal : 15 2 0.01471 0.01237 0.01237
BinVal : 15 3 0.008772 0.01203 0.01203
BinVal : 15 4 0.2674 0.02239 0.02239
BinVal : 15 5 0.8814 0.008499 0.008499
BinVal : 15 6 0.9569 0.00411 0.00411
BinVal : 15 7 0.977 0.002333 0.002333
BinVal : 15 8 0.9782 0.001349 0.001349
BinVal : 15 9 0.9796 0.003351 0.003351
BinVal : 15 10 0.9788 0.008403 0.008403
BinVal : 15 11 0.9832 0.01408 0.01408
BinVal : 15 12 1 0.01042 0.01042
BinVal : 16 0 0 0 0
BinVal : 16 1 0 0 0
BinVal : 16 2 0.00641 0.008866 0.008866
BinVal : 16 3 0.02479 0.01593 0.01593
BinVal : 16 4 0.2468 0.02193 0.02193
BinVal : 16 5 0.8678 0.009397 0.009397
BinVal : 16 6 0.9607 0.003907 0.003907
BinVal : 16 7 0.9818 0.001947 0.001947
BinVal : 16 8 0.9782 0.001362 0.001362
BinVal : 16 9 0.981 0.003178 0.003178
BinVal : 16 10 0.9905 0.00622 0.00622
BinVal : 16 11 0.9817 0.01532 0.01532
BinVal : 16 12 1 0.01389 0.01389
BinVal : 17 0 0 0 0
BinVal : 17 1 0 0 0
BinVal : 17 2 0 0 0
BinVal : 17 3 0.03731 0.01754 0.01754
BinVal : 17 4 0.2537 0.02357 0.02357
BinVal : 17 5 0.8581 0.01063 0.01063
BinVal : 17 6 0.9685 0.003443 0.003443
BinVal : 17 7 0.9829 0.001812 0.001812
BinVal : 17 8 0.9828 0.001238 0.001238
BinVal : 17 9 0.9832 0.003034 0.003034
BinVal : 17 10 0.9969 0.004292 0.004292
BinVal : 17 11 0.9901 0.01353 0.01353
BinVal : 17 12 0.9615 0.03089 0.03089
BinVal : 18 0 0 0 0
BinVal : 18 1 0 0 0
BinVal : 18 2 0.005917 0.008198 0.008198
BinVal : 18 3 0.02439 0.01568 0.01568
BinVal : 18 4 0.2226 0.0255 0.0255
BinVal : 18 5 0.8495 0.01169 0.01169
BinVal : 18 6 0.9681 0.003544 0.003544
BinVal : 18 7 0.9799 0.002118 0.002118
BinVal : 18 8 0.9869 0.001192 0.001192
BinVal : 18 9 0.9854 0.003155 0.003155
BinVal : 18 10 0.9959 0.005714 0.005714
BinVal : 18 11 1 0.01205 0.01205
BinVal : 18 12 0.9636 0.02932 0.02932
BinVal : 19 0 0 0 0
BinVal : 19 1 0 0 0
BinVal : 19 2 0.01333 0.01801 0.01801
BinVal : 19 3 0.01923 0.02546 0.02546
BinVal : 19 4 0.1887 0.03791 0.03791
BinVal : 19 5 0.8416 0.01737 0.01737
BinVal : 19 6 0.9646 0.005546 0.005546
BinVal : 19 7 0.9784 0.003367 0.003367
BinVal : 19 8 0.9872 0.001853 0.001853
BinVal : 19 9 0.9872 0.004739 0.004739
BinVal : 19 10 0.9888 0.01529 0.01529
BinVal : 19 11 1 0.03029 0.03029
BinVal : 19 12 1 0.03331 0.03331
BinVal : 20 0 0 0 0
BinVal : 20 1 0 0 0
BinVal : 20 2 0 0 0
BinVal : 20 3 0 0 0
BinVal : 20 4 0 0 0
BinVal : 20 5 0 0 0
BinVal : 20 6 0 0 0
BinVal : 20 7 0 0 0
BinVal : 20 8 0 0 0
BinVal : 20 9 0 0 0
BinVal : 20 10 0 0 0
BinVal : 20 11 0 0 0
BinVal : 20 12 0 0 0
BinVal : 21 0 0 0 0
BinVal : 21 1 0 0 0
BinVal : 21 2 0 0 0
BinVal : 21 3 0 0 0
BinVal : 21 4 0 0 0
BinVal : 21 5 0 0 0
BinVal : 21 6 0 0 0
BinVal : 21 7 0 0 0
BinVal : 21 8 0 0 0
BinVal : 21 9 0 0 0
BinVal : 21 10 0 0 0
BinVal : 21 11 0 0 0
BinVal : 21 12 0 0 0
BinVal : 22 0 0 0 0
BinVal : 22 1 0 0 0
BinVal : 22 2 0.008403 0.007157 0.007157
BinVal : 22 3 0.1038 0.02277 0.02277
BinVal : 22 4 0.3015 0.02087 0.02087
BinVal : 22 5 0.9382 0.006232 0.006232
BinVal : 22 6 0.9908 0.002103 0.002103
BinVal : 22 7 0.9893 0.001981 0.001981
BinVal : 22 8 0.9799 0.001975 0.001975
BinVal : 22 9 0.9742 0.006326 0.006326
BinVal : 22 10 0.9688 0.01989 0.01989
BinVal : 22 11 0.9394 0.04666 0.04666
BinVal : 22 12 1 0.07122 0.07122
BinVal : 23 0 0 0 0
BinVal : 23 1 0 0 0
BinVal : 23 2 0.009804 0.008326 0.008326
BinVal : 23 3 0.0596 0.01992 0.01992
BinVal : 23 4 0.2101 0.02047 0.02047
BinVal : 23 5 0.9143 0.00857 0.00857
BinVal : 23 6 0.9905 0.002516 0.002516
BinVal : 23 7 0.9869 0.002602 0.002602
BinVal : 23 8 0.9685 0.003181 0.003181
BinVal : 23 9 0.9614 0.01001 0.01001
BinVal : 23 10 0.9839 0.02158 0.02158
BinVal : 23 11 0.8 0.1201 0.1201
BinVal : 23 12 1 0.1936 0.1936
BinVal : 24 0 0 0 0
BinVal : 24 1 0 0 0
BinVal : 24 2 0.02339 0.0127 0.0127
BinVal : 24 3 0.02609 0.01673 0.01673
BinVal : 24 4 0.1552 0.02128 0.02128
BinVal : 24 5 0.8873 0.01085 0.01085
BinVal : 24 6 0.9925 0.00261 0.00261
BinVal : 24 7 0.9891 0.002986 0.002986
BinVal : 24 8 0.967 0.004362 0.004362
BinVal : 24 9 0.9545 0.01638 0.01638
BinVal : 24 10 1 0.0294 0.0294
BinVal : 24 11 1 0.1102 0.1102
BinVal : 24 12 1 0.1102 0.1102
BinVal : 25 0 0 0 0
BinVal : 25 1 0 0 0
BinVal : 25 2 0.01775 0.01152 0.01152
BinVal : 25 3 0.01053 0.01435 0.01435
BinVal : 25 4 0.1798 0.02542 0.02542
BinVal : 25 5 0.8767 0.01206 0.01206
BinVal : 25 6 0.9926 0.002954 0.002954
BinVal : 25 7 0.9867 0.004141 0.004141
BinVal : 25 8 0.9643 0.005594 0.005594
BinVal : 25 9 0.9725 0.01761 0.01761
BinVal : 25 10 1 0.05871 0.05871
BinVal : 25 11 1 0.1633 0.1633
BinVal : 25 12 1 0.1633 0.1633
BinVal : 26 0 0 0 0
BinVal : 26 1 0 0 0
BinVal : 26 2 0.006452 0.008922 0.008922
BinVal : 26 3 0.01124 0.01529 0.01529
BinVal : 26 4 0.1476 0.02453 0.02453
BinVal : 26 5 0.8861 0.01258 0.01258
BinVal : 26 6 0.9959 0.002742 0.002742
BinVal : 26 7 0.9774 0.006989 0.006989
BinVal : 26 8 0.9526 0.008009 0.008009
BinVal : 26 9 0.9565 0.02717 0.02717
BinVal : 26 10 1 0.1102 0.1102
BinVal : 26 11 1 0.1102 0.1102
BinVal : 26 12 1 0.1102 0.1102
BinVal : 27 0 0 0 0
BinVal : 27 1 0 0 0
BinVal : 27 2 0 0 0
BinVal : 27 3 0.0339 0.02746 0.02746
BinVal : 27 4 0.1387 0.02966 0.02966
BinVal : 27 5 0.8747 0.01714 0.01714
BinVal : 27 6 0.9947 0.00457 0.00457
BinVal : 27 7 0.9643 0.01298 0.01298
BinVal : 27 8 0.9244 0.01569 0.01569
BinVal : 27 9 0.95 0.05994 0.05994
BinVal : 27 10 1 0.1633 0.1633
BinVal : 27 11 1 0.1633 0.1633
BinVal : 27 12 1 0.1633 0.1633
BinVal : 28 0 0 0 0
BinVal : 28 1 0 0 0
BinVal : 28 2 0 0 0
BinVal : 28 3 0.07143 0.08021 0.08021
BinVal : 28 4 0.2414 0.07735 0.07735
BinVal : 28 5 0.8378 0.04291 0.04291
BinVal : 28 6 0.9848 0.02034 0.02034
BinVal : 28 7 0.9423 0.03531 0.03531
BinVal : 28 8 0.8478 0.05324 0.05324
BinVal : 28 9 1 0.2357 0.2357
BinVal : 28 10 1 0.2357 0.2357
BinVal : 28 11 1 0.2357 0.2357
BinVal : 28 12 1 0.2357 0.2357
 





