D0NoteID : 0
EffName : SC5JET_9_PV3_20_v163
EffType : Binned
EffVarNames : DetEta pT
EffVersion : 6
ObjQuality : Point05
ObjType : Electron
ObjVersion : 1
TriggerVersion : v16
TriggerVersionHigh : 16.49
TriggerVersionLow : 16.30
BinEdgesX : -3.2 -2.8 -2.5 -2.3 -2.1 -1.9 -1.7 -1.5 -1.3 -1.1 -0.9 -0.7 -0.5 -0.3 -0.1 0.1 0.3 0.5 0.7 0.9 1.1 1.3 1.5 1.7 1.9 2.1 2.3 2.5 2.8 3.2
BinEdgesY : 0 10 15 20 22 25 30 35 40 50 60 70 80 1000
BinVal : 0 0 0 0 0
BinVal : 0 1 0 0 0
BinVal : 0 2 0 0 0
BinVal : 0 3 0.6667 0.1041 0.1041
BinVal : 0 4 0.9211 0.04685 0.04685
BinVal : 0 5 0.9811 0.01574 0.01574
BinVal : 0 6 0.9756 0.02013 0.02013
BinVal : 0 7 0.963 0.02982 0.02982
BinVal : 0 8 0.9324 0.03073 0.03073
BinVal : 0 9 1 0.2357 0.2357
BinVal : 0 10 1 0.2357 0.2357
BinVal : 0 11 1 0.2357 0.2357
BinVal : 0 12 1 0.2357 0.2357
BinVal : 1 0 0 0 0
BinVal : 1 1 0 0 0
BinVal : 1 2 0.05263 0.04113 0.04113
BinVal : 1 3 0.6774 0.08085 0.08085
BinVal : 1 4 0.9524 0.02958 0.02958
BinVal : 1 5 0.9946 0.007502 0.007502
BinVal : 1 6 0.9953 0.006593 0.006593
BinVal : 1 7 0.9848 0.01273 0.01273
BinVal : 1 8 0.9679 0.0137 0.0137
BinVal : 1 9 1 0.05255 0.05255
BinVal : 1 10 1 0.05255 0.05255
BinVal : 1 11 1 0.05255 0.05255
BinVal : 1 12 1 0.05255 0.05255
BinVal : 2 0 0 0 0
BinVal : 2 1 0 0 0
BinVal : 2 2 0.06667 0.04028 0.04028
BinVal : 2 3 0.65 0.07307 0.07307
BinVal : 2 4 0.9375 0.02858 0.02858
BinVal : 2 5 0.9904 0.008169 0.008169
BinVal : 2 6 0.9966 0.004786 0.004786
BinVal : 2 7 0.9797 0.009737 0.009737
BinVal : 2 8 0.9816 0.007317 0.007317
BinVal : 2 9 1 0.01852 0.01852
BinVal : 2 10 1 0.2357 0.2357
BinVal : 2 11 1 0.2357 0.2357
BinVal : 2 12 1 0.2357 0.2357
BinVal : 3 0 0 0 0
BinVal : 3 1 0 0 0
BinVal : 3 2 0.09091 0.0403 0.0403
BinVal : 3 3 0.7317 0.06762 0.06762
BinVal : 3 4 0.9195 0.03015 0.03015
BinVal : 3 5 0.9882 0.007706 0.007706
BinVal : 3 6 0.9916 0.005517 0.005517
BinVal : 3 7 0.9877 0.005923 0.005923
BinVal : 3 8 0.9731 0.006813 0.006813
BinVal : 3 9 1 0.0125 0.0125
BinVal : 3 10 1 0.1237 0.1237
BinVal : 3 11 1 0.1936 0.1936
BinVal : 3 12 1 0.2357 0.2357
BinVal : 4 0 0 0 0
BinVal : 4 1 0 0 0
BinVal : 4 2 0.09836 0.03928 0.03928
BinVal : 4 3 0.7949 0.06387 0.06387
BinVal : 4 4 0.9352 0.02465 0.02465
BinVal : 4 5 0.9894 0.006932 0.006932
BinVal : 4 6 0.9906 0.0052 0.0052
BinVal : 4 7 0.9908 0.004482 0.004482
BinVal : 4 8 0.9734 0.005575 0.005575
BinVal : 4 9 0.9802 0.01649 0.01649
BinVal : 4 10 1 0.0665 0.0665
BinVal : 4 11 1 0.1237 0.1237
BinVal : 4 12 1 0.1409 0.1409
BinVal : 5 0 0 0 0
BinVal : 5 1 0 0 0
BinVal : 5 2 0.2128 0.05901 0.05901
BinVal : 5 3 0.8545 0.04788 0.04788
BinVal : 5 4 0.9375 0.02382 0.02382
BinVal : 5 5 0.9894 0.006956 0.006956
BinVal : 5 6 0.9932 0.004479 0.004479
BinVal : 5 7 0.9908 0.004027 0.004027
BinVal : 5 8 0.9789 0.004332 0.004332
BinVal : 5 9 0.9556 0.01874 0.01874
BinVal : 5 10 1 0.04993 0.04993
BinVal : 5 11 1 0.1102 0.1102
BinVal : 5 12 0.8571 0.1315 0.1315
BinVal : 6 0 0 0 0
BinVal : 6 1 0 0 0
BinVal : 6 2 0.3478 0.09414 0.09414
BinVal : 6 3 0.9355 0.0493 0.0493
BinVal : 6 4 0.94 0.0366 0.0366
BinVal : 6 5 0.993 0.009719 0.009719
BinVal : 6 6 0.9954 0.006413 0.006413
BinVal : 6 7 0.9944 0.004798 0.004798
BinVal : 6 8 0.9818 0.005636 0.005636
BinVal : 6 9 0.9467 0.0279 0.0279
BinVal : 6 10 1 0.08299 0.08299
BinVal : 6 11 1 0.1633 0.1633
BinVal : 6 12 0.6667 0.2 0.2
BinVal : 7 0 0 0 0
BinVal : 7 1 0 0 0
BinVal : 7 2 0 0 0
BinVal : 7 3 0 0 0
BinVal : 7 4 0 0 0
BinVal : 7 5 0 0 0
BinVal : 7 6 0 0 0
BinVal : 7 7 0 0 0
BinVal : 7 8 0 0 0
BinVal : 7 9 0 0 0
BinVal : 7 10 0 0 0
BinVal : 7 11 0 0 0
BinVal : 7 12 0 0 0
BinVal : 8 0 0 0 0
BinVal : 8 1 0 0 0
BinVal : 8 2 0 0 0
BinVal : 8 3 0 0 0
BinVal : 8 4 0 0 0
BinVal : 8 5 0 0 0
BinVal : 8 6 0 0 0
BinVal : 8 7 0 0 0
BinVal : 8 8 0 0 0
BinVal : 8 9 0 0 0
BinVal : 8 10 0 0 0
BinVal : 8 11 0 0 0
BinVal : 8 12 0 0 0
BinVal : 9 0 0 0 0
BinVal : 9 1 0 0 0
BinVal : 9 2 0.1622 0.06068 0.06068
BinVal : 9 3 0.44 0.09391 0.09391
BinVal : 9 4 0.8793 0.04352 0.04352
BinVal : 9 5 0.9545 0.01638 0.01638
BinVal : 9 6 0.984 0.005928 0.005928
BinVal : 9 7 0.983 0.004638 0.004638
BinVal : 9 8 0.9847 0.002909 0.002909
BinVal : 9 9 0.9898 0.006677 0.006677
BinVal : 9 10 0.9683 0.02583 0.02583
BinVal : 9 11 1 0.04993 0.04993
BinVal : 9 12 1 0.0665 0.0665
BinVal : 10 0 0 0 0
BinVal : 10 1 0 0 0
BinVal : 10 2 0.1818 0.05786 0.05786
BinVal : 10 3 0.7143 0.09392 0.09392
BinVal : 10 4 0.863 0.04058 0.04058
BinVal : 10 5 0.9822 0.00972 0.00972
BinVal : 10 6 0.9809 0.006245 0.006245
BinVal : 10 7 0.9813 0.004475 0.004475
BinVal : 10 8 0.9843 0.002659 0.002659
BinVal : 10 9 0.9836 0.00713 0.00713
BinVal : 10 10 0.973 0.02219 0.02219
BinVal : 10 11 1 0.03701 0.03701
BinVal : 10 12 1 0.05255 0.05255
BinVal : 11 0 0 0 0
BinVal : 11 1 0 0 0
BinVal : 11 2 0.1316 0.05577 0.05577
BinVal : 11 3 0.7838 0.06662 0.06662
BinVal : 11 4 0.8846 0.03675 0.03675
BinVal : 11 5 0.9669 0.01131 0.01131
BinVal : 11 6 0.9733 0.007237 0.007237
BinVal : 11 7 0.9793 0.004675 0.004675
BinVal : 11 8 0.9828 0.002697 0.002697
BinVal : 11 9 0.97 0.008452 0.008452
BinVal : 11 10 0.9873 0.01714 0.01714
BinVal : 11 11 1 0.03029 0.03029
BinVal : 11 12 1 0.04993 0.04993
BinVal : 12 0 0 0 0
BinVal : 12 1 0 0 0
BinVal : 12 2 0.15 0.05683 0.05683
BinVal : 12 3 0.7442 0.0652 0.0652
BinVal : 12 4 0.9178 0.03337 0.03337
BinVal : 12 5 0.9572 0.01193 0.01193
BinVal : 12 6 0.9608 0.00853 0.00853
BinVal : 12 7 0.9738 0.005487 0.005487
BinVal : 12 8 0.9827 0.002706 0.002706
BinVal : 12 9 0.9651 0.008787 0.008787
BinVal : 12 10 0.9398 0.02762 0.02762
BinVal : 12 11 0.9615 0.04782 0.04782
BinVal : 12 12 1 0.04756 0.04756
BinVal : 13 0 0 0 0
BinVal : 13 1 0 0 0
BinVal : 13 2 0.2581 0.07638 0.07638
BinVal : 13 3 0.7027 0.07298 0.07298
BinVal : 13 4 0.9552 0.02793 0.02793
BinVal : 13 5 0.9607 0.01098 0.01098
BinVal : 13 6 0.9618 0.008528 0.008528
BinVal : 13 7 0.9735 0.005828 0.005828
BinVal : 13 8 0.9787 0.00298 0.00298
BinVal : 13 9 0.9606 0.009581 0.009581
BinVal : 13 10 0.9348 0.02694 0.02694
BinVal : 13 11 0.963 0.04626 0.04626
BinVal : 13 12 1 0.0454 0.0454
BinVal : 14 0 0 0 0
BinVal : 14 1 0 0 0
BinVal : 14 2 0.28 0.08629 0.08629
BinVal : 14 3 0.7647 0.07119 0.07119
BinVal : 14 4 0.9487 0.0269 0.0269
BinVal : 14 5 0.9536 0.01198 0.01198
BinVal : 14 6 0.9679 0.007831 0.007831
BinVal : 14 7 0.9736 0.0058 0.0058
BinVal : 14 8 0.9736 0.003257 0.003257
BinVal : 14 9 0.9566 0.009919 0.009919
BinVal : 14 10 0.9625 0.02364 0.02364
BinVal : 14 11 0.9722 0.03576 0.03576
BinVal : 14 12 1 0.04343 0.04343
BinVal : 15 0 0 0 0
BinVal : 15 1 0 0 0
BinVal : 15 2 0.3077 0.08672 0.08672
BinVal : 15 3 0.7273 0.07529 0.07529
BinVal : 15 4 0.954 0.02427 0.02427
BinVal : 15 5 0.9648 0.01135 0.01135
BinVal : 15 6 0.9615 0.008824 0.008824
BinVal : 15 7 0.9724 0.005642 0.005642
BinVal : 15 8 0.9765 0.003126 0.003126
BinVal : 15 9 0.966 0.008855 0.008855
BinVal : 15 10 0.9863 0.01848 0.01848
BinVal : 15 11 0.9688 0.03977 0.03977
BinVal : 15 12 0.9474 0.06258 0.06258
BinVal : 16 0 0 0 0
BinVal : 16 1 0 0 0
BinVal : 16 2 0.2258 0.0735 0.0735
BinVal : 16 3 0.6818 0.06838 0.06838
BinVal : 16 4 0.9326 0.02778 0.02778
BinVal : 16 5 0.972 0.01102 0.01102
BinVal : 16 6 0.9653 0.008205 0.008205
BinVal : 16 7 0.9782 0.004692 0.004692
BinVal : 16 8 0.9784 0.002984 0.002984
BinVal : 16 9 0.9694 0.008988 0.008988
BinVal : 16 10 1 0.01428 0.01428
BinVal : 16 11 0.96 0.04949 0.04949
BinVal : 16 12 0.9231 0.08498 0.08498
BinVal : 17 0 0 0 0
BinVal : 17 1 0 0 0
BinVal : 17 2 0.09302 0.04634 0.04634
BinVal : 17 3 0.6667 0.07066 0.07066
BinVal : 17 4 0.9048 0.03282 0.03282
BinVal : 17 5 0.9593 0.01305 0.01305
BinVal : 17 6 0.9799 0.005958 0.005958
BinVal : 17 7 0.9848 0.003864 0.003864
BinVal : 17 8 0.9817 0.002758 0.002758
BinVal : 17 9 0.9774 0.008308 0.008308
BinVal : 17 10 1 0.01587 0.01587
BinVal : 17 11 0.9583 0.05128 0.05128
BinVal : 17 12 0.8182 0.1126 0.1126
BinVal : 18 0 0 0 0
BinVal : 18 1 0 0 0
BinVal : 18 2 0.1053 0.05165 0.05165
BinVal : 18 3 0.5357 0.0896 0.0896
BinVal : 18 4 0.9014 0.03631 0.03631
BinVal : 18 5 0.9574 0.01364 0.01364
BinVal : 18 6 0.9865 0.005382 0.005382
BinVal : 18 7 0.9914 0.003208 0.003208
BinVal : 18 8 0.9858 0.002767 0.002767
BinVal : 18 9 0.9907 0.006125 0.006125
BinVal : 18 10 1 0.02173 0.02173
BinVal : 18 11 1 0.04993 0.04993
BinVal : 18 12 0.8667 0.08985 0.08985
BinVal : 19 0 0 0 0
BinVal : 19 1 0 0 0
BinVal : 19 2 0.1538 0.1 0.1
BinVal : 19 3 0.5385 0.1247 0.1247
BinVal : 19 4 0.9032 0.05597 0.05597
BinVal : 19 5 0.9619 0.02031 0.02031
BinVal : 19 6 0.9904 0.008169 0.008169
BinVal : 19 7 0.9951 0.004184 0.004184
BinVal : 19 8 0.9864 0.004445 0.004445
BinVal : 19 9 0.9931 0.009522 0.009522
BinVal : 19 10 1 0.07122 0.07122
BinVal : 19 11 1 0.09938 0.09938
BinVal : 19 12 1 0.08299 0.08299
BinVal : 20 0 0 0 0
BinVal : 20 1 0 0 0
BinVal : 20 2 0 0 0
BinVal : 20 3 0 0 0
BinVal : 20 4 0 0 0
BinVal : 20 5 0 0 0
BinVal : 20 6 0 0 0
BinVal : 20 7 0 0 0
BinVal : 20 8 0 0 0
BinVal : 20 9 0 0 0
BinVal : 20 10 0 0 0
BinVal : 20 11 0 0 0
BinVal : 20 12 0 0 0
BinVal : 21 0 0 0 0
BinVal : 21 1 0 0 0
BinVal : 21 2 0 0 0
BinVal : 21 3 0 0 0
BinVal : 21 4 0 0 0
BinVal : 21 5 0 0 0
BinVal : 21 6 0 0 0
BinVal : 21 7 0 0 0
BinVal : 21 8 0 0 0
BinVal : 21 9 0 0 0
BinVal : 21 10 0 0 0
BinVal : 21 11 0 0 0
BinVal : 21 12 0 0 0
BinVal : 22 0 0 0 0
BinVal : 22 1 0 0 0
BinVal : 22 2 0.1373 0.04872 0.04872
BinVal : 22 3 0.766 0.06081 0.06081
BinVal : 22 4 0.9107 0.02753 0.02753
BinVal : 22 5 0.9937 0.005412 0.005412
BinVal : 22 6 0.9978 0.003025 0.003025
BinVal : 22 7 0.9893 0.004282 0.004282
BinVal : 22 8 0.9738 0.004786 0.004786
BinVal : 22 9 0.9675 0.01535 0.01535
BinVal : 22 10 1 0.03446 0.03446
BinVal : 22 11 1 0.09045 0.09045
BinVal : 22 12 1 0.1237 0.1237
BinVal : 23 0 0 0 0
BinVal : 23 1 0 0 0
BinVal : 23 2 0.1053 0.03594 0.03594
BinVal : 23 3 0.6226 0.06492 0.06492
BinVal : 23 4 0.9444 0.02317 0.02317
BinVal : 23 5 0.9813 0.008954 0.008954
BinVal : 23 6 0.9977 0.003247 0.003247
BinVal : 23 7 0.9846 0.005692 0.005692
BinVal : 23 8 0.967 0.006223 0.006223
BinVal : 23 9 0.9748 0.01619 0.01619
BinVal : 23 10 1 0.03997 0.03997
BinVal : 23 11 1 0.1102 0.1102
BinVal : 23 12 1 0.1936 0.1936
BinVal : 24 0 0 0 0
BinVal : 24 1 0 0 0
BinVal : 24 2 0.08219 0.03337 0.03337
BinVal : 24 3 0.5238 0.07446 0.07446
BinVal : 24 4 0.9167 0.03114 0.03114
BinVal : 24 5 0.9836 0.008979 0.008979
BinVal : 24 6 1 0.002825 0.002825
BinVal : 24 7 0.9897 0.005675 0.005675
BinVal : 24 8 0.9562 0.008525 0.008525
BinVal : 24 9 0.973 0.02219 0.02219
BinVal : 24 10 1 0.05871 0.05871
BinVal : 24 11 1 0.1936 0.1936
BinVal : 24 12 1 0.1936 0.1936
BinVal : 25 0 0 0 0
BinVal : 25 1 0 0 0
BinVal : 25 2 0.02 0.02642 0.02642
BinVal : 25 3 0.5 0.09623 0.09623
BinVal : 25 4 0.8919 0.03682 0.03682
BinVal : 25 5 0.9792 0.01135 0.01135
BinVal : 25 6 0.9963 0.005133 0.005133
BinVal : 25 7 0.9919 0.006928 0.006928
BinVal : 25 8 0.953 0.01102 0.01102
BinVal : 25 9 0.9459 0.04213 0.04213
BinVal : 25 10 1 0.1633 0.1633
BinVal : 25 11 1 0.1936 0.1936
BinVal : 25 12 1 0.1936 0.1936
BinVal : 26 0 0 0 0
BinVal : 26 1 0 0 0
BinVal : 26 2 0 0 0
BinVal : 26 3 0.6 0.09286 0.09286
BinVal : 26 4 0.9437 0.02936 0.02936
BinVal : 26 5 0.9688 0.01479 0.01479
BinVal : 26 6 0.9951 0.006848 0.006848
BinVal : 26 7 0.9926 0.01014 0.01014
BinVal : 26 8 0.9519 0.01534 0.01534
BinVal : 26 9 1 0.04343 0.04343
BinVal : 26 10 1 0.2357 0.2357
BinVal : 26 11 1 0.2357 0.2357
BinVal : 26 12 1 0.2357 0.2357
BinVal : 27 0 0 0 0
BinVal : 27 1 0 0 0
BinVal : 27 2 0 0 0
BinVal : 27 3 0.625 0.09363 0.09363
BinVal : 27 4 0.9512 0.03841 0.03841
BinVal : 27 5 0.9455 0.02277 0.02277
BinVal : 27 6 0.9892 0.01465 0.01465
BinVal : 27 7 1 0.01923 0.01923
BinVal : 27 8 0.9467 0.0279 0.0279
BinVal : 27 9 1 0.09938 0.09938
BinVal : 27 10 1 0.09938 0.09938
BinVal : 27 11 1 0.09938 0.09938
BinVal : 27 12 1 0.09938 0.09938
BinVal : 28 0 0 0 0
BinVal : 28 1 0 0 0
BinVal : 28 2 0 0 0
BinVal : 28 3 0.6667 0.1389 0.1389
BinVal : 28 4 1 0.1237 0.1237
BinVal : 28 5 0.8571 0.06693 0.06693
BinVal : 28 6 0.9286 0.08021 0.08021
BinVal : 28 7 1 0.09938 0.09938
BinVal : 28 8 1 0.09045 0.09045
BinVal : 28 9 1 0.09045 0.09045
BinVal : 28 10 1 0.09045 0.09045
BinVal : 28 11 1 0.09045 0.09045
BinVal : 28 12 1 0.09045 0.09045
 





