D0NoteID : 0
EffName : SC5JET_9_PV3_20_v155
EffType : Binned
EffVarNames : DetEta pT
EffVersion : 6
ObjQuality : Tight_trk
ObjType : Electron
ObjVersion : 2
TriggerVersion : v15b
BinEdgesX : -3.2 -2.5 -2 -1.5 -1.1 -0.6 0 0.6 1.1 1.5 2 2.5 3.2
BinEdgesY : 0 10 15 20 22 25 30 35 40 50 60 70 80 1000
BinVal : 0 0 0 0 0
BinVal : 0 1 0 0 0
BinVal : 0 2 0.08633 0.02428 0.02428
BinVal : 0 3 0.5529 0.05301 0.05301
BinVal : 0 4 0.8009 0.02712 0.02712
BinVal : 0 5 0.9798 0.007443 0.007443
BinVal : 0 6 0.9956 0.003757 0.003757
BinVal : 0 7 0.983 0.006774 0.006774
BinVal : 0 8 0.9737 0.007414 0.007414
BinVal : 0 9 0.9767 0.03038 0.03038
BinVal : 0 10 1 0.09938 0.09938
BinVal : 0 11 1 0.2357 0.2357
BinVal : 0 12 1 0.2357 0.2357
BinVal : 1 0 0 0 0
BinVal : 1 1 0 0 0
BinVal : 1 2 0.127 0.02105 0.02105
BinVal : 1 3 0.6583 0.03341 0.03341
BinVal : 1 4 0.8432 0.01591 0.01591
BinVal : 1 5 0.9807 0.004265 0.004265
BinVal : 1 6 0.9959 0.001789 0.001789
BinVal : 1 7 0.9937 0.002073 0.002073
BinVal : 1 8 0.9848 0.002516 0.002516
BinVal : 1 9 0.9931 0.005911 0.005911
BinVal : 1 10 0.9773 0.02975 0.02975
BinVal : 1 11 1 0.09045 0.09045
BinVal : 1 12 1 0.05871 0.05871
BinVal : 2 0 0 0 0
BinVal : 2 1 0 0 0
BinVal : 2 2 0.1679 0.03194 0.03194
BinVal : 2 3 0.7143 0.03991 0.03991
BinVal : 2 4 0.8679 0.0186 0.0186
BinVal : 2 5 0.9809 0.005205 0.005205
BinVal : 2 6 0.9962 0.002126 0.002126
BinVal : 2 7 0.9958 0.002025 0.002025
BinVal : 2 8 0.9872 0.002593 0.002593
BinVal : 2 9 0.9959 0.005668 0.005668
BinVal : 2 10 0.973 0.03488 0.03488
BinVal : 2 11 1 0.09938 0.09938
BinVal : 2 12 1 0.06236 0.06236
BinVal : 3 0 0 0 0
BinVal : 3 1 0 0 0
BinVal : 3 2 0 0 0
BinVal : 3 3 0 0 0
BinVal : 3 4 0 0 0
BinVal : 3 5 0 0 0
BinVal : 3 6 0 0 0
BinVal : 3 7 0 0 0
BinVal : 3 8 0 0 0
BinVal : 3 9 0 0 0
BinVal : 3 10 0 0 0
BinVal : 3 11 0 0 0
BinVal : 3 12 0 0 0
BinVal : 4 0 0 0 0
BinVal : 4 1 0 0 0
BinVal : 4 2 0.192 0.02488 0.02488
BinVal : 4 3 0.7765 0.03103 0.03103
BinVal : 4 4 0.9319 0.01138 0.01138
BinVal : 4 5 0.973 0.004253 0.004253
BinVal : 4 6 0.9837 0.002356 0.002356
BinVal : 4 7 0.9866 0.001563 0.001563
BinVal : 4 8 0.9861 0.001014 0.001014
BinVal : 4 9 0.9841 0.002739 0.002739
BinVal : 4 10 0.9806 0.007142 0.007142
BinVal : 4 11 0.988 0.01013 0.01013
BinVal : 4 12 1 0.007812 0.007812
BinVal : 5 0 0 0 0
BinVal : 5 1 0 0 0
BinVal : 5 2 0.2232 0.02721 0.02721
BinVal : 5 3 0.84 0.02595 0.02595
BinVal : 5 4 0.9477 0.00924 0.00924
BinVal : 5 5 0.974 0.003732 0.003732
BinVal : 5 6 0.9768 0.002592 0.002592
BinVal : 5 7 0.9846 0.001579 0.001579
BinVal : 5 8 0.9812 0.001062 0.001062
BinVal : 5 9 0.9788 0.002856 0.002856
BinVal : 5 10 0.9837 0.006011 0.006011
BinVal : 5 11 0.9851 0.009684 0.009684
BinVal : 5 12 0.9935 0.008922 0.008922
BinVal : 6 0 0 0 0
BinVal : 6 1 0 0 0
BinVal : 6 2 0.2136 0.02757 0.02757
BinVal : 6 3 0.8039 0.02775 0.02775
BinVal : 6 4 0.9209 0.01224 0.01224
BinVal : 6 5 0.9782 0.003794 0.003794
BinVal : 6 6 0.9816 0.002393 0.002393
BinVal : 6 7 0.9873 0.001492 0.001492
BinVal : 6 8 0.9845 0.001054 0.001054
BinVal : 6 9 0.9844 0.002617 0.002617
BinVal : 6 10 0.9928 0.004779 0.004779
BinVal : 6 11 0.9819 0.01173 0.01173
BinVal : 6 12 0.9917 0.01136 0.01136
BinVal : 7 0 0 0 0
BinVal : 7 1 0 0 0
BinVal : 7 2 0.165 0.03661 0.03661
BinVal : 7 3 0.75 0.04572 0.04572
BinVal : 7 4 0.8936 0.02269 0.02269
BinVal : 7 5 0.9764 0.006674 0.006674
BinVal : 7 6 0.988 0.002982 0.002982
BinVal : 7 7 0.9929 0.001706 0.001706
BinVal : 7 8 0.9905 0.001316 0.001316
BinVal : 7 9 0.9948 0.002511 0.002511
BinVal : 7 10 0.9882 0.009953 0.009953
BinVal : 7 11 0.9859 0.01898 0.01898
BinVal : 7 12 1 0.01666 0.01666
BinVal : 8 0 0 0 0
BinVal : 8 1 0 0 0
BinVal : 8 2 0 0 0
BinVal : 8 3 0 0 0
BinVal : 8 4 0 0 0
BinVal : 8 5 0 0 0
BinVal : 8 6 0 0 0
BinVal : 8 7 0 0 0
BinVal : 8 8 0 0 0
BinVal : 8 9 0 0 0
BinVal : 8 10 0 0 0
BinVal : 8 11 0 0 0
BinVal : 8 12 0 0 0
BinVal : 9 0 0 0 0
BinVal : 9 1 0 0 0
BinVal : 9 2 0.1204 0.01889 0.01889
BinVal : 9 3 0.6121 0.03309 0.03309
BinVal : 9 4 0.8569 0.01563 0.01563
BinVal : 9 5 0.9825 0.003868 0.003868
BinVal : 9 6 0.9974 0.001442 0.001442
BinVal : 9 7 0.9939 0.00201 0.00201
BinVal : 9 8 0.9846 0.002482 0.002482
BinVal : 9 9 0.9902 0.006462 0.006462
BinVal : 9 10 0.963 0.02982 0.02982
BinVal : 9 11 1 0.08299 0.08299
BinVal : 9 12 1 0.0665 0.0665
BinVal : 10 0 0 0 0
BinVal : 10 1 0 0 0
BinVal : 10 2 0.07104 0.01939 0.01939
BinVal : 10 3 0.5258 0.04994 0.04994
BinVal : 10 4 0.8 0.02823 0.02823
BinVal : 10 5 0.9654 0.008439 0.008439
BinVal : 10 6 0.9963 0.003161 0.003161
BinVal : 10 7 0.9956 0.00379 0.00379
BinVal : 10 8 0.9555 0.009018 0.009018
BinVal : 10 9 0.9848 0.02034 0.02034
BinVal : 10 10 1 0.1102 0.1102
BinVal : 10 11 1 0.1102 0.1102
BinVal : 10 12 1 0.1936 0.1936
BinVal : 11 0 0 0 0
BinVal : 11 1 0 0 0
BinVal : 11 2 0.1154 0.06498 0.06498
BinVal : 11 3 0.5 0.1213 0.1213
BinVal : 11 4 0.8333 0.06794 0.06794
BinVal : 11 5 0.9155 0.03423 0.03423
BinVal : 11 6 1 0.01852 0.01852
BinVal : 11 7 0.9583 0.05128 0.05128
BinVal : 11 8 0.9394 0.04666 0.04666
BinVal : 11 9 1 0.1409 0.1409
BinVal : 11 10 1 0.2357 0.2357
BinVal : 11 11 1 0.2357 0.2357
BinVal : 11 12 1 0.2357 0.2357
