D0NoteID : 0
EffName : SC5JET_9_PV3_25_v155
EffType : Binned
EffVarNames : DetEta pT
EffVersion : 6
ObjQuality : Point1
ObjType : Electron
ObjVersion : 1
TriggerVersion : v15b
BinEdgesX : -3.2 -2.8 -2.5 -2.3 -2.1 -1.9 -1.7 -1.5 -1.3 -1.1 -0.9 -0.7 -0.5 -0.3 -0.1 0.1 0.3 0.5 0.7 0.9 1.1 1.3 1.5 1.7 1.9 2.1 2.3 2.5 2.8 3.2
BinEdgesY : 0 10 15 20 22 25 30 35 40 50 60 70 80 1000
BinVal : 0 0 0 0 0
BinVal : 0 1 0 0 0
BinVal : 0 2 0 0 0
BinVal : 0 3 0 0 0
BinVal : 0 4 0.01075 0.01465 0.01465
BinVal : 0 5 0.2842 0.03315 0.03315
BinVal : 0 6 0.2418 0.03444 0.03444
BinVal : 0 7 0.2278 0.04679 0.04679
BinVal : 0 8 0.1222 0.03492 0.03492
BinVal : 0 9 1 0.2357 0.2357
BinVal : 0 10 0.5 0.2236 0.2236
BinVal : 0 11 0.5 0.2236 0.2236
BinVal : 0 12 0.5 0.2236 0.2236
BinVal : 1 0 0 0 0
BinVal : 1 1 0 0 0
BinVal : 1 2 0 0 0
BinVal : 1 3 0 0 0
BinVal : 1 4 0.0442 0.01594 0.01594
BinVal : 1 5 0.3373 0.02562 0.02562
BinVal : 1 6 0.3205 0.02533 0.02533
BinVal : 1 7 0.2991 0.03114 0.03114
BinVal : 1 8 0.1691 0.02248 0.02248
BinVal : 1 9 0.4583 0.09594 0.09594
BinVal : 1 10 0.3333 0.2 0.2
BinVal : 1 11 0.3333 0.2 0.2
BinVal : 1 12 1 0.2357 0.2357
BinVal : 2 0 0 0 0
BinVal : 2 1 0 0 0
BinVal : 2 2 0 0 0
BinVal : 2 3 0 0 0
BinVal : 2 4 0.07179 0.01885 0.01885
BinVal : 2 5 0.3453 0.0249 0.0249
BinVal : 2 6 0.3372 0.02257 0.02257
BinVal : 2 7 0.2934 0.02423 0.02423
BinVal : 2 8 0.1859 0.01797 0.01797
BinVal : 2 9 0.4167 0.07906 0.07906
BinVal : 2 10 0.2 0.1597 0.1597
BinVal : 2 11 1 0.2357 0.2357
BinVal : 2 12 1 0.2357 0.2357
BinVal : 3 0 0 0 0
BinVal : 3 1 0 0 0
BinVal : 3 2 0 0 0
BinVal : 3 3 0 0.01266 0.01266
BinVal : 3 4 0.1043 0.02122 0.02122
BinVal : 3 5 0.3581 0.02416 0.02416
BinVal : 3 6 0.308 0.02034 0.02034
BinVal : 3 7 0.2644 0.019 0.019
BinVal : 3 8 0.2183 0.01585 0.01585
BinVal : 3 9 0.4902 0.06803 0.06803
BinVal : 3 10 0.4545 0.1332 0.1332
BinVal : 3 11 1 0.2357 0.2357
BinVal : 3 12 1 0.2357 0.2357
BinVal : 4 0 0 0 0
BinVal : 4 1 0 0 0
BinVal : 4 2 0 0 0
BinVal : 4 3 0.0102 0.01393 0.01393
BinVal : 4 4 0.1051 0.01858 0.01858
BinVal : 4 5 0.3741 0.02093 0.02093
BinVal : 4 6 0.331 0.01763 0.01763
BinVal : 4 7 0.2828 0.01567 0.01567
BinVal : 4 8 0.2215 0.01207 0.01207
BinVal : 4 9 0.527 0.04063 0.04063
BinVal : 4 10 0.7 0.09712 0.09712
BinVal : 4 11 0.6667 0.1614 0.1614
BinVal : 4 12 0.75 0.1782 0.1782
BinVal : 5 0 0 0 0
BinVal : 5 1 0 0 0
BinVal : 5 2 0 0 0
BinVal : 5 3 0.02564 0.01645 0.01645
BinVal : 5 4 0.09772 0.01706 0.01706
BinVal : 5 5 0.3855 0.01778 0.01778
BinVal : 5 6 0.3724 0.01496 0.01496
BinVal : 5 7 0.3401 0.01345 0.01345
BinVal : 5 8 0.2884 0.009918 0.009918
BinVal : 5 9 0.5238 0.03006 0.03006
BinVal : 5 10 0.7805 0.06369 0.06369
BinVal : 5 11 0.5455 0.1332 0.1332
BinVal : 5 12 0.75 0.1166 0.1166
BinVal : 6 0 0 0 0
BinVal : 6 1 0 0 0
BinVal : 6 2 0 0 0
BinVal : 6 3 0.03226 0.02622 0.02622
BinVal : 6 4 0.1069 0.02476 0.02476
BinVal : 6 5 0.4009 0.02332 0.02332
BinVal : 6 6 0.3893 0.01963 0.01963
BinVal : 6 7 0.3681 0.01761 0.01761
BinVal : 6 8 0.3349 0.01304 0.01304
BinVal : 6 9 0.5215 0.03877 0.03877
BinVal : 6 10 0.7857 0.07596 0.07596
BinVal : 6 11 0.4 0.175 0.175
BinVal : 6 12 0.7778 0.1286 0.1286
BinVal : 7 0 0 0 0
BinVal : 7 1 0 0 0
BinVal : 7 2 0 0 0
BinVal : 7 3 0 0 0
BinVal : 7 4 0 0 0
BinVal : 7 5 0 0 0
BinVal : 7 6 0 0 0
BinVal : 7 7 0 0 0
BinVal : 7 8 0 0 0
BinVal : 7 9 0 0 0
BinVal : 7 10 0 0 0
BinVal : 7 11 0 0 0
BinVal : 7 12 0 0 0
BinVal : 8 0 0 0 0
BinVal : 8 1 0 0 0
BinVal : 8 2 0 0 0
BinVal : 8 3 0 0 0
BinVal : 8 4 0 0 0
BinVal : 8 5 0 0 0
BinVal : 8 6 0 0 0
BinVal : 8 7 0 0 0
BinVal : 8 8 0 0 0
BinVal : 8 9 0 0 0
BinVal : 8 10 0 0 0
BinVal : 8 11 0 0 0
BinVal : 8 12 0 0 0
BinVal : 9 0 0 0 0
BinVal : 9 1 0 0 0
BinVal : 9 2 0.009615 0.01315 0.01315
BinVal : 9 3 0.02381 0.01967 0.01967
BinVal : 9 4 0.1012 0.02353 0.02353
BinVal : 9 5 0.3312 0.02163 0.02163
BinVal : 9 6 0.3609 0.01439 0.01439
BinVal : 9 7 0.3288 0.01055 0.01055
BinVal : 9 8 0.329 0.007271 0.007271
BinVal : 9 9 0.4567 0.01972 0.01972
BinVal : 9 10 0.5299 0.04556 0.04556
BinVal : 9 11 0.3667 0.08427 0.08427
BinVal : 9 12 0.4545 0.09965 0.09965
BinVal : 10 0 0 0 0
BinVal : 10 1 0 0 0
BinVal : 10 2 0.008696 0.01193 0.01193
BinVal : 10 3 0.04286 0.02681 0.02681
BinVal : 10 4 0.1317 0.02371 0.02371
BinVal : 10 5 0.3945 0.02079 0.02079
BinVal : 10 6 0.3636 0.01414 0.01414
BinVal : 10 7 0.3323 0.009864 0.009864
BinVal : 10 8 0.325 0.00656 0.00656
BinVal : 10 9 0.4674 0.0178 0.0178
BinVal : 10 10 0.5541 0.0393 0.0393
BinVal : 10 11 0.5111 0.07215 0.07215
BinVal : 10 12 0.55 0.0759 0.0759
BinVal : 11 0 0 0 0
BinVal : 11 1 0 0 0
BinVal : 11 2 0 0 0
BinVal : 11 3 0.03704 0.02982 0.02982
BinVal : 11 4 0.1744 0.02716 0.02716
BinVal : 11 5 0.3907 0.01989 0.01989
BinVal : 11 6 0.3669 0.0149 0.0149
BinVal : 11 7 0.3306 0.009831 0.009831
BinVal : 11 8 0.3285 0.006417 0.006417
BinVal : 11 9 0.4706 0.01726 0.01726
BinVal : 11 10 0.5196 0.03703 0.03703
BinVal : 11 11 0.5667 0.06247 0.06247
BinVal : 11 12 0.6769 0.05695 0.05695
BinVal : 12 0 0 0 0
BinVal : 12 1 0 0 0
BinVal : 12 2 0 0 0
BinVal : 12 3 0.01754 0.02336 0.02336
BinVal : 12 4 0.142 0.0264 0.0264
BinVal : 12 5 0.3556 0.01903 0.01903
BinVal : 12 6 0.3635 0.01459 0.01459
BinVal : 12 7 0.3451 0.01032 0.01032
BinVal : 12 8 0.3326 0.006286 0.006286
BinVal : 12 9 0.4774 0.01699 0.01699
BinVal : 12 10 0.4804 0.03703 0.03703
BinVal : 12 11 0.5672 0.05925 0.05925
BinVal : 12 12 0.6462 0.05814 0.05814
BinVal : 13 0 0 0 0
BinVal : 13 1 0 0 0
BinVal : 13 2 0.01351 0.01824 0.01824
BinVal : 13 3 0.01667 0.02226 0.02226
BinVal : 13 4 0.1571 0.02636 0.02636
BinVal : 13 5 0.361 0.01863 0.01863
BinVal : 13 6 0.3401 0.0138 0.0138
BinVal : 13 7 0.3666 0.01101 0.01101
BinVal : 13 8 0.3363 0.006141 0.006141
BinVal : 13 9 0.5163 0.01703 0.01703
BinVal : 13 10 0.5029 0.03748 0.03748
BinVal : 13 11 0.6338 0.05612 0.05612
BinVal : 13 12 0.6087 0.06986 0.06986
BinVal : 14 0 0 0 0
BinVal : 14 1 0 0 0
BinVal : 14 2 0.01538 0.02064 0.02064
BinVal : 14 3 0.04348 0.02717 0.02717
BinVal : 14 4 0.209 0.02861 0.02861
BinVal : 14 5 0.3761 0.01835 0.01835
BinVal : 14 6 0.332 0.0135 0.0135
BinVal : 14 7 0.3592 0.01084 0.01084
BinVal : 14 8 0.3386 0.006125 0.006125
BinVal : 14 9 0.5398 0.01643 0.01643
BinVal : 14 10 0.5307 0.03699 0.03699
BinVal : 14 11 0.6094 0.05969 0.05969
BinVal : 14 12 0.6275 0.06596 0.06596
BinVal : 15 0 0 0 0
BinVal : 15 1 0 0 0
BinVal : 15 2 0 0 0
BinVal : 15 3 0.03797 0.02393 0.02393
BinVal : 15 4 0.1883 0.02615 0.02615
BinVal : 15 5 0.3589 0.01803 0.01803
BinVal : 15 6 0.3154 0.01334 0.01334
BinVal : 15 7 0.3485 0.01026 0.01026
BinVal : 15 8 0.3433 0.00625 0.00625
BinVal : 15 9 0.5191 0.01624 0.01624
BinVal : 15 10 0.485 0.03833 0.03833
BinVal : 15 11 0.5932 0.06246 0.06246
BinVal : 15 12 0.4783 0.07137 0.07137
BinVal : 16 0 0 0 0
BinVal : 16 1 0.05263 0.06258 0.06258
BinVal : 16 2 0.0122 0.01654 0.01654
BinVal : 16 3 0.02469 0.02037 0.02037
BinVal : 16 4 0.1261 0.02238 0.02238
BinVal : 16 5 0.3738 0.01917 0.01917
BinVal : 16 6 0.3278 0.01316 0.01316
BinVal : 16 7 0.3388 0.009796 0.009796
BinVal : 16 8 0.3461 0.006385 0.006385
BinVal : 16 9 0.4687 0.01651 0.01651
BinVal : 16 10 0.4783 0.03901 0.03901
BinVal : 16 11 0.5342 0.05723 0.05723
BinVal : 16 12 0.5263 0.07799 0.07799
BinVal : 17 0 0 0 0
BinVal : 17 1 0.04545 0.05528 0.05528
BinVal : 17 2 0.01149 0.01562 0.01562
BinVal : 17 3 0.03529 0.02233 0.02233
BinVal : 17 4 0.09091 0.02197 0.02197
BinVal : 17 5 0.3926 0.02142 0.02142
BinVal : 17 6 0.3518 0.01322 0.01322
BinVal : 17 7 0.326 0.009429 0.009429
BinVal : 17 8 0.3428 0.006552 0.006552
BinVal : 17 9 0.4362 0.01702 0.01702
BinVal : 17 10 0.4907 0.03904 0.03904
BinVal : 17 11 0.4769 0.06057 0.06057
BinVal : 17 12 0.6222 0.07016 0.07016
BinVal : 18 0 0 0 0
BinVal : 18 1 0 0 0
BinVal : 18 2 0 0 0
BinVal : 18 3 0.025 0.02061 0.02061
BinVal : 18 4 0.1384 0.02749 0.02749
BinVal : 18 5 0.3622 0.02259 0.02259
BinVal : 18 6 0.331 0.01378 0.01378
BinVal : 18 7 0.3134 0.01001 0.01001
BinVal : 18 8 0.3436 0.007265 0.007265
BinVal : 18 9 0.4391 0.0192 0.0192
BinVal : 18 10 0.4531 0.0435 0.0435
BinVal : 18 11 0.4634 0.07519 0.07519
BinVal : 18 12 0.55 0.0759 0.0759
BinVal : 19 0 0 0 0
BinVal : 19 1 0 0 0
BinVal : 19 2 0 0 0
BinVal : 19 3 0 0 0
BinVal : 19 4 0.1625 0.0413 0.0413
BinVal : 19 5 0.3674 0.03268 0.03268
BinVal : 19 6 0.3212 0.02037 0.02037
BinVal : 19 7 0.3058 0.01548 0.01548
BinVal : 19 8 0.3439 0.0114 0.0114
BinVal : 19 9 0.4328 0.0301 0.0301
BinVal : 19 10 0.4 0.0674 0.0674
BinVal : 19 11 0.4286 0.1203 0.1203
BinVal : 19 12 0.5625 0.114 0.114
BinVal : 20 0 0 0 0
BinVal : 20 1 0 0 0
BinVal : 20 2 0 0 0
BinVal : 20 3 0 0 0
BinVal : 20 4 0 0 0
BinVal : 20 5 0 0 0
BinVal : 20 6 0 0 0
BinVal : 20 7 0 0 0
BinVal : 20 8 0 0 0
BinVal : 20 9 0 0 0
BinVal : 20 10 0 0 0
BinVal : 20 11 0 0 0
BinVal : 20 12 0 0 0
BinVal : 21 0 0 0 0
BinVal : 21 1 0 0 0
BinVal : 21 2 0 0 0
BinVal : 21 3 0 0 0
BinVal : 21 4 0 0 0
BinVal : 21 5 0 0 0
BinVal : 21 6 0 0 0
BinVal : 21 7 0 0 0
BinVal : 21 8 0 0 0
BinVal : 21 9 0 0 0
BinVal : 21 10 0 0 0
BinVal : 21 11 0 0 0
BinVal : 21 12 0 0 0
BinVal : 22 0 0 0 0
BinVal : 22 1 0 0 0
BinVal : 22 2 0 0 0
BinVal : 22 3 0.01739 0.01455 0.01455
BinVal : 22 4 0.1238 0.01862 0.01862
BinVal : 22 5 0.4112 0.01794 0.01794
BinVal : 22 6 0.3921 0.01497 0.01497
BinVal : 22 7 0.3505 0.01353 0.01353
BinVal : 22 8 0.3054 0.009939 0.009939
BinVal : 22 9 0.5217 0.02991 0.02991
BinVal : 22 10 0.7358 0.05951 0.05951
BinVal : 22 11 0.6429 0.1174 0.1174
BinVal : 22 12 0.8462 0.1 0.1
BinVal : 23 0 0 0 0
BinVal : 23 1 0 0 0
BinVal : 23 2 0 0 0
BinVal : 23 3 0 0 0
BinVal : 23 4 0.1071 0.01961 0.01961
BinVal : 23 5 0.3491 0.02028 0.02028
BinVal : 23 6 0.3115 0.01673 0.01673
BinVal : 23 7 0.2791 0.01585 0.01585
BinVal : 23 8 0.2179 0.01183 0.01183
BinVal : 23 9 0.4534 0.03888 0.03888
BinVal : 23 10 0.6923 0.08672 0.08672
BinVal : 23 11 0.4 0.175 0.175
BinVal : 23 12 0.8 0.1597 0.1597
BinVal : 24 0 0 0 0
BinVal : 24 1 0 0 0
BinVal : 24 2 0 0 0
BinVal : 24 3 0.009901 0.01353 0.01353
BinVal : 24 4 0.09375 0.02129 0.02129
BinVal : 24 5 0.2981 0.02211 0.02211
BinVal : 24 6 0.295 0.01885 0.01885
BinVal : 24 7 0.2807 0.01934 0.01934
BinVal : 24 8 0.2 0.01516 0.01516
BinVal : 24 9 0.4375 0.05447 0.05447
BinVal : 24 10 0.875 0.1206 0.1206
BinVal : 24 11 1 0.1936 0.1936
BinVal : 24 12 1 0.1936 0.1936
BinVal : 25 0 0 0 0
BinVal : 25 1 0 0 0
BinVal : 25 2 0 0 0
BinVal : 25 3 0.0122 0.01654 0.01654
BinVal : 25 4 0.07738 0.02102 0.02102
BinVal : 25 5 0.3102 0.0222 0.0222
BinVal : 25 6 0.3004 0.02096 0.02096
BinVal : 25 7 0.2803 0.02326 0.02326
BinVal : 25 8 0.1922 0.0183 0.0183
BinVal : 25 9 0.3667 0.06086 0.06086
BinVal : 25 10 1 0.1633 0.1633
BinVal : 25 11 1 0.2357 0.2357
BinVal : 25 12 1 0.2357 0.2357
BinVal : 26 0 0 0 0
BinVal : 26 1 0 0 0
BinVal : 26 2 0 0 0
BinVal : 26 3 0 0 0
BinVal : 26 4 0.07101 0.02021 0.02021
BinVal : 26 5 0.2925 0.02204 0.02204
BinVal : 26 6 0.2587 0.02256 0.02256
BinVal : 26 7 0.2863 0.02899 0.02899
BinVal : 26 8 0.1981 0.02215 0.02215
BinVal : 26 9 0.3659 0.07287 0.07287
BinVal : 26 10 1 0.1633 0.1633
BinVal : 26 11 1 0.1633 0.1633
BinVal : 26 12 1 0.1633 0.1633
BinVal : 27 0 0 0 0
BinVal : 27 1 0 0 0
BinVal : 27 2 0 0 0
BinVal : 27 3 0 0 0
BinVal : 27 4 0.04762 0.02214 0.02214
BinVal : 27 5 0.2143 0.02511 0.02511
BinVal : 27 6 0.1846 0.02776 0.02776
BinVal : 27 7 0.2449 0.04309 0.04309
BinVal : 27 8 0.1752 0.03246 0.03246
BinVal : 27 9 0.5714 0.1571 0.1571
BinVal : 27 10 1 0.1936 0.1936
BinVal : 27 11 1 0.1936 0.1936
BinVal : 27 12 1 0.1936 0.1936
BinVal : 28 0 0 0 0
BinVal : 28 1 0 0 0
BinVal : 28 2 0 0 0
BinVal : 28 3 0 0 0
BinVal : 28 4 0 0 0
BinVal : 28 5 0.1212 0.0408 0.0408
BinVal : 28 6 0.1579 0.05934 0.05934
BinVal : 28 7 0.2 0.09998 0.09998
BinVal : 28 8 0.06667 0.07594 0.07594
BinVal : 28 9 0.06667 0.07594 0.07594
BinVal : 28 10 0.06667 0.07594 0.07594
BinVal : 28 11 0.06667 0.07594 0.07594
BinVal : 28 12 0.06667 0.07594 0.07594
