D0NoteID : 0
EffName : SC5JET_9_PV3_25_v16
EffType : Binned
EffVarNames : DetEta pT
EffVersion : 6
ObjQuality : Tight_trk
ObjType : Electron
ObjVersion : 2
TriggerVersion : v16 
BinEdgesX : -3.2 -2.8 -2.5 -2.3 -2.1 -1.9 -1.7 -1.5 -1.3 -1.1 -0.9 -0.7 -0.5 -0.3 -0.1 0.1 0.3 0.5 0.7 0.9 1.1 1.3 1.5 1.7 1.9 2.1 2.3 2.5 2.8 3.2
BinEdgesY : 0 10 15 20 22 25 30 35 40 50 60 70 80 1000
BinVal : 0 0 0 0 0
BinVal : 0 1 0 0 0
BinVal : 0 2 0 0 0
BinVal : 0 3 0 0 0
BinVal : 0 4 0 0 0
BinVal : 0 5 0.9153 0.03782 0.03782
BinVal : 0 6 1 0.01852 0.01852
BinVal : 0 7 1 0.04756 0.04756
BinVal : 0 8 0.9474 0.04113 0.04113
BinVal : 0 9 1 0.2357 0.2357
BinVal : 0 10 1 0.2357 0.2357
BinVal : 0 11 1 0.2357 0.2357
BinVal : 0 12 1 0.2357 0.2357
BinVal : 1 0 0 0 0
BinVal : 1 1 0 0 0
BinVal : 1 2 0 0.01852 0.01852
BinVal : 1 3 0.0625 0.04794 0.04794
BinVal : 1 4 0.1774 0.04841 0.04841
BinVal : 1 5 0.9266 0.01796 0.01796
BinVal : 1 6 0.9965 0.004953 0.004953
BinVal : 1 7 0.9889 0.009412 0.009412
BinVal : 1 8 0.9764 0.01017 0.01017
BinVal : 1 9 1 0.03997 0.03997
BinVal : 1 10 1 0.1936 0.1936
BinVal : 1 11 1 0.1936 0.1936
BinVal : 1 12 1 0.1936 0.1936
BinVal : 2 0 0 0 0
BinVal : 2 1 0 0 0
BinVal : 2 2 0 0.01333 0.01333
BinVal : 2 3 0.0339 0.02746 0.02746
BinVal : 2 4 0.2857 0.03887 0.03887
BinVal : 2 5 0.9286 0.01268 0.01268
BinVal : 2 6 0.9963 0.003166 0.003166
BinVal : 2 7 0.989 0.005342 0.005342
BinVal : 2 8 0.9819 0.005901 0.005901
BinVal : 2 9 1 0.02325 0.02325
BinVal : 2 10 1 0.09045 0.09045
BinVal : 2 11 1 0.09045 0.09045
BinVal : 2 12 1 0.09045 0.09045
BinVal : 3 0 0 0 0
BinVal : 3 1 0 0 0
BinVal : 3 2 0.008696 0.01193 0.01193
BinVal : 3 3 0.0411 0.02577 0.02577
BinVal : 3 4 0.2792 0.0318 0.0318
BinVal : 3 5 0.9426 0.01011 0.01011
BinVal : 3 6 0.9934 0.003234 0.003234
BinVal : 3 7 0.9903 0.003623 0.003623
BinVal : 3 8 0.9801 0.004397 0.004397
BinVal : 3 9 1 0.009259 0.009259
BinVal : 3 10 1 0.04993 0.04993
BinVal : 3 11 1 0.1936 0.1936
BinVal : 3 12 1 0.1936 0.1936
BinVal : 4 0 0 0 0
BinVal : 4 1 0 0 0
BinVal : 4 2 0.03067 0.01453 0.01453
BinVal : 4 3 0.05769 0.02401 0.02401
BinVal : 4 4 0.3192 0.02878 0.02878
BinVal : 4 5 0.9455 0.008249 0.008249
BinVal : 4 6 0.9947 0.002333 0.002333
BinVal : 4 7 0.9914 0.00257 0.00257
BinVal : 4 8 0.9847 0.002805 0.002805
BinVal : 4 9 1 0.004545 0.004545
BinVal : 4 10 1 0.03224 0.03224
BinVal : 4 11 1 0.07122 0.07122
BinVal : 4 12 1 0.1409 0.1409
BinVal : 5 0 0 0 0
BinVal : 5 1 0 0 0
BinVal : 5 2 0.04094 0.01592 0.01592
BinVal : 5 3 0.1069 0.02476 0.02476
BinVal : 5 4 0.4075 0.02631 0.02631
BinVal : 5 5 0.9547 0.006374 0.006374
BinVal : 5 6 0.9974 0.001439 0.001439
BinVal : 5 7 0.9947 0.001656 0.001656
BinVal : 5 8 0.9916 0.001633 0.001633
BinVal : 5 9 0.9948 0.004464 0.004464
BinVal : 5 10 1 0.01562 0.01562
BinVal : 5 11 1 0.03843 0.03843
BinVal : 5 12 1 0.08299 0.08299
BinVal : 6 0 0 0 0
BinVal : 6 1 0 0 0
BinVal : 6 2 0.03614 0.02284 0.02284
BinVal : 6 3 0.1556 0.03831 0.03831
BinVal : 6 4 0.43 0.03475 0.03475
BinVal : 6 5 0.9663 0.007546 0.007546
BinVal : 6 6 0.9977 0.002002 0.002002
BinVal : 6 7 0.9967 0.001824 0.001824
BinVal : 6 8 0.9939 0.001819 0.001819
BinVal : 6 9 0.9921 0.006739 0.006739
BinVal : 6 10 1 0.02173 0.02173
BinVal : 6 11 1 0.05871 0.05871
BinVal : 6 12 1 0.1237 0.1237
BinVal : 7 0 0 0 0
BinVal : 7 1 0 0 0
BinVal : 7 2 0 0 0
BinVal : 7 3 0 0 0
BinVal : 7 4 0 0 0
BinVal : 7 5 0 0 0
BinVal : 7 6 0 0 0
BinVal : 7 7 0 0 0
BinVal : 7 8 0 0 0
BinVal : 7 9 0 0 0
BinVal : 7 10 0 0 0
BinVal : 7 11 0 0 0
BinVal : 7 12 0 0 0
BinVal : 8 0 0 0 0
BinVal : 8 1 0 0 0
BinVal : 8 2 0 0 0
BinVal : 8 3 0 0 0
BinVal : 8 4 0 0 0
BinVal : 8 5 0 0 0
BinVal : 8 6 0 0 0
BinVal : 8 7 0 0 0
BinVal : 8 8 0 0 0
BinVal : 8 9 0 0 0
BinVal : 8 10 0 0 0
BinVal : 8 11 0 0 0
BinVal : 8 12 0 0 0
BinVal : 9 0 0 0 0
BinVal : 9 1 0 0 0
BinVal : 9 2 0.03356 0.01584 0.01584
BinVal : 9 3 0.1009 0.02934 0.02934
BinVal : 9 4 0.2616 0.02844 0.02844
BinVal : 9 5 0.8803 0.01199 0.01199
BinVal : 9 6 0.9917 0.002118 0.002118
BinVal : 9 7 0.9945 0.001288 0.001288
BinVal : 9 8 0.9951 0.0008338 0.0008338
BinVal : 9 9 1 0.0008418 0.0008418
BinVal : 9 10 1 0.004386 0.004386
BinVal : 9 11 1 0.01428 0.01428
BinVal : 9 12 1 0.02272 0.02272
BinVal : 10 0 0 0 0
BinVal : 10 1 0 0 0
BinVal : 10 2 0.05202 0.0175 0.0175
BinVal : 10 3 0.09917 0.02761 0.02761
BinVal : 10 4 0.3125 0.02648 0.02648
BinVal : 10 5 0.9006 0.01032 0.01032
BinVal : 10 6 0.9908 0.002101 0.002101
BinVal : 10 7 0.9907 0.001502 0.001502
BinVal : 10 8 0.9929 0.0008968 0.0008968
BinVal : 10 9 0.9959 0.001783 0.001783
BinVal : 10 10 1 0.003521 0.003521
BinVal : 10 11 1 0.01163 0.01163
BinVal : 10 12 1 0.01538 0.01538
BinVal : 11 0 0 0 0
BinVal : 11 1 0 0 0
BinVal : 11 2 0.05594 0.01997 0.01997
BinVal : 11 3 0.1028 0.02984 0.02984
BinVal : 11 4 0.3133 0.02537 0.02537
BinVal : 11 5 0.9055 0.009104 0.009104
BinVal : 11 6 0.9768 0.003272 0.003272
BinVal : 11 7 0.9844 0.001924 0.001924
BinVal : 11 8 0.9898 0.001051 0.001051
BinVal : 11 9 0.99 0.002659 0.002659
BinVal : 11 10 0.9965 0.004936 0.004936
BinVal : 11 11 0.9886 0.01545 0.01545
BinVal : 11 12 1 0.01282 0.01282
BinVal : 12 0 0 0 0
BinVal : 12 1 0 0 0
BinVal : 12 2 0.05217 0.02183 0.02183
BinVal : 12 3 0.09174 0.02823 0.02823
BinVal : 12 4 0.273 0.0246 0.0246
BinVal : 12 5 0.9176 0.00799 0.00799
BinVal : 12 6 0.9737 0.003526 0.003526
BinVal : 12 7 0.9825 0.002119 0.002119
BinVal : 12 8 0.9868 0.001162 0.001162
BinVal : 12 9 0.9906 0.002578 0.002578
BinVal : 12 10 0.9962 0.005267 0.005267
BinVal : 12 11 0.9891 0.01481 0.01481
BinVal : 12 12 1 0.01408 0.01408
BinVal : 13 0 0 0 0
BinVal : 13 1 0 0 0
BinVal : 13 2 0.06796 0.02577 0.02577
BinVal : 13 3 0.07627 0.02513 0.02513
BinVal : 13 4 0.3218 0.02737 0.02737
BinVal : 13 5 0.9355 0.007045 0.007045
BinVal : 13 6 0.9808 0.003008 0.003008
BinVal : 13 7 0.983 0.002224 0.002224
BinVal : 13 8 0.9845 0.001227 0.001227
BinVal : 13 9 0.9958 0.001836 0.001836
BinVal : 13 10 1 0.003831 0.003831
BinVal : 13 11 1 0.01031 0.01031
BinVal : 13 12 1 0.01587 0.01587
BinVal : 14 0 0 0 0
BinVal : 14 1 0 0 0
BinVal : 14 2 0.05405 0.02258 0.02258
BinVal : 14 3 0.07143 0.02515 0.02515
BinVal : 14 4 0.3709 0.02767 0.02767
BinVal : 14 5 0.9383 0.006844 0.006844
BinVal : 14 6 0.9773 0.003236 0.003236
BinVal : 14 7 0.9794 0.002472 0.002472
BinVal : 14 8 0.9855 0.00119 0.00119
BinVal : 14 9 0.9949 0.002038 0.002038
BinVal : 14 10 1 0.003731 0.003731
BinVal : 14 11 1 0.01087 0.01087
BinVal : 14 12 1 0.01408 0.01408
BinVal : 15 0 0 0 0
BinVal : 15 1 0 0 0
BinVal : 15 2 0.03968 0.01861 0.01861
BinVal : 15 3 0.03125 0.01989 0.01989
BinVal : 15 4 0.3501 0.02588 0.02588
BinVal : 15 5 0.9249 0.007389 0.007389
BinVal : 15 6 0.9737 0.003521 0.003521
BinVal : 15 7 0.9804 0.002301 0.002301
BinVal : 15 8 0.9871 0.001134 0.001134
BinVal : 15 9 0.9939 0.002143 0.002143
BinVal : 15 10 1 0.003745 0.003745
BinVal : 15 11 1 0.01136 0.01136
BinVal : 15 12 1 0.01333 0.01333
BinVal : 16 0 0 0 0
BinVal : 16 1 0 0 0
BinVal : 16 2 0.03546 0.01671 0.01671
BinVal : 16 3 0.06796 0.02577 0.02577
BinVal : 16 4 0.3178 0.02505 0.02505
BinVal : 16 5 0.9248 0.007686 0.007686
BinVal : 16 6 0.9764 0.003329 0.003329
BinVal : 16 7 0.9857 0.001845 0.001845
BinVal : 16 8 0.9877 0.001118 0.001118
BinVal : 16 9 0.9967 0.001596 0.001596
BinVal : 16 10 1 0.00369 0.00369
BinVal : 16 11 0.9878 0.01654 0.01654
BinVal : 16 12 1 0.01639 0.01639
BinVal : 17 0 0 0 0
BinVal : 17 1 0 0 0
BinVal : 17 2 0.02759 0.0149 0.0149
BinVal : 17 3 0.09917 0.02761 0.02761
BinVal : 17 4 0.3111 0.02599 0.02599
BinVal : 17 5 0.9218 0.008701 0.008701
BinVal : 17 6 0.9838 0.002719 0.002719
BinVal : 17 7 0.9881 0.00165 0.00165
BinVal : 17 8 0.9915 0.0009567 0.0009567
BinVal : 17 9 0.9987 0.001136 0.001136
BinVal : 17 10 1 0.003534 0.003534
BinVal : 17 11 0.9882 0.01598 0.01598
BinVal : 17 12 1 0.01923 0.01923
BinVal : 18 0 0 0 0
BinVal : 18 1 0 0 0
BinVal : 18 2 0.02941 0.01585 0.01585
BinVal : 18 3 0.09091 0.028 0.028
BinVal : 18 4 0.3319 0.03075 0.03075
BinVal : 18 5 0.8864 0.01111 0.01111
BinVal : 18 6 0.9861 0.002612 0.002612
BinVal : 18 7 0.9905 0.001614 0.001614
BinVal : 18 8 0.9946 0.000841 0.000841
BinVal : 18 9 1 0.0007645 0.0007645
BinVal : 18 10 0.9957 0.006056 0.006056
BinVal : 18 11 1 0.0137 0.0137
BinVal : 18 12 1 0.02 0.02
BinVal : 19 0 0 0 0
BinVal : 19 1 0 0 0
BinVal : 19 2 0.03333 0.02703 0.02703
BinVal : 19 3 0.09091 0.0454 0.0454
BinVal : 19 4 0.3373 0.05112 0.05112
BinVal : 19 5 0.8597 0.01773 0.01773
BinVal : 19 6 0.9847 0.004187 0.004187
BinVal : 19 7 0.993 0.002193 0.002193
BinVal : 19 8 0.9954 0.001235 0.001235
BinVal : 19 9 1 0.001773 0.001773
BinVal : 19 10 0.989 0.01496 0.01496
BinVal : 19 11 1 0.03446 0.03446
BinVal : 19 12 1 0.04163 0.04163
BinVal : 20 0 0 0 0
BinVal : 20 1 0 0 0
BinVal : 20 2 0 0 0
BinVal : 20 3 0 0 0
BinVal : 20 4 0 0 0
BinVal : 20 5 0 0 0
BinVal : 20 6 0 0 0
BinVal : 20 7 0 0 0
BinVal : 20 8 0 0 0
BinVal : 20 9 0 0 0
BinVal : 20 10 0 0 0
BinVal : 20 11 0 0 0
BinVal : 20 12 0 0 0
BinVal : 21 0 0 0 0
BinVal : 21 1 0 0 0
BinVal : 21 2 0 0 0
BinVal : 21 3 0 0 0
BinVal : 21 4 0 0 0
BinVal : 21 5 0 0 0
BinVal : 21 6 0 0 0
BinVal : 21 7 0 0 0
BinVal : 21 8 0 0 0
BinVal : 21 9 0 0 0
BinVal : 21 10 0 0 0
BinVal : 21 11 0 0 0
BinVal : 21 12 0 0 0
BinVal : 22 0 0 0 0
BinVal : 22 1 0 0 0
BinVal : 22 2 0.05435 0.01725 0.01725
BinVal : 22 3 0.1389 0.02894 0.02894
BinVal : 22 4 0.2981 0.02407 0.02407
BinVal : 22 5 0.9536 0.006457 0.006457
BinVal : 22 6 0.9904 0.002544 0.002544
BinVal : 22 7 0.993 0.001931 0.001931
BinVal : 22 8 0.9892 0.00174 0.00174
BinVal : 22 9 1 0.002028 0.002028
BinVal : 22 10 1 0.0137 0.0137
BinVal : 22 11 1 0.03569 0.03569
BinVal : 22 12 1 0.1237 0.1237
BinVal : 23 0 0 0 0
BinVal : 23 1 0 0 0
BinVal : 23 2 0.03106 0.0147 0.0147
BinVal : 23 3 0.104 0.02768 0.02768
BinVal : 23 4 0.2492 0.02503 0.02503
BinVal : 23 5 0.9386 0.00864 0.00864
BinVal : 23 6 0.9921 0.002773 0.002773
BinVal : 23 7 0.9896 0.002763 0.002763
BinVal : 23 8 0.9858 0.002568 0.002568
BinVal : 23 9 1 0.003425 0.003425
BinVal : 23 10 1 0.02083 0.02083
BinVal : 23 11 1 0.1237 0.1237
BinVal : 23 12 1 0.2357 0.2357
BinVal : 24 0 0 0 0
BinVal : 24 1 0 0 0
BinVal : 24 2 0.03252 0.01746 0.01746
BinVal : 24 3 0.03529 0.02233 0.02233
BinVal : 24 4 0.2 0.02755 0.02755
BinVal : 24 5 0.9165 0.01136 0.01136
BinVal : 24 6 0.9952 0.002656 0.002656
BinVal : 24 7 0.9914 0.003198 0.003198
BinVal : 24 8 0.9868 0.00336 0.00336
BinVal : 24 9 1 0.007519 0.007519
BinVal : 24 10 1 0.03701 0.03701
BinVal : 24 11 1 0.1633 0.1633
BinVal : 24 12 1 0.1633 0.1633
BinVal : 25 0 0 0 0
BinVal : 25 1 0 0 0
BinVal : 25 2 0.0198 0.01649 0.01649
BinVal : 25 3 0.02941 0.02404 0.02404
BinVal : 25 4 0.1862 0.03228 0.03228
BinVal : 25 5 0.8921 0.01405 0.01405
BinVal : 25 6 0.9935 0.003578 0.003578
BinVal : 25 7 0.9947 0.003506 0.003506
BinVal : 25 8 0.9839 0.004781 0.004781
BinVal : 25 9 1 0.01219 0.01219
BinVal : 25 10 1 0.0665 0.0665
BinVal : 25 11 1 0.1936 0.1936
BinVal : 25 12 1 0.1936 0.1936
BinVal : 26 0 0 0 0
BinVal : 26 1 0 0 0
BinVal : 26 2 0.01471 0.01977 0.01977
BinVal : 26 3 0.02564 0.03324 0.03324
BinVal : 26 4 0.1605 0.04086 0.04086
BinVal : 26 5 0.8913 0.01884 0.01884
BinVal : 26 6 0.9943 0.004865 0.004865
BinVal : 26 7 0.9839 0.008802 0.008802
BinVal : 26 8 0.9831 0.007348 0.007348
BinVal : 26 9 1 0.02499 0.02499
BinVal : 26 10 1 0.1409 0.1409
BinVal : 26 11 1 0.1409 0.1409
BinVal : 26 12 1 0.1409 0.1409
BinVal : 27 0 0 0 0
BinVal : 27 1 0 0 0
BinVal : 27 2 0 0 0
BinVal : 27 3 0 0 0
BinVal : 27 4 0.12 0.06714 0.06714
BinVal : 27 5 0.9306 0.03152 0.03152
BinVal : 27 6 1 0.01075 0.01075
BinVal : 27 7 0.8936 0.04636 0.04636
BinVal : 27 8 0.9836 0.02192 0.02192
BinVal : 27 9 1 0.1633 0.1633
BinVal : 27 10 1 0.2357 0.2357
BinVal : 27 11 1 0.2357 0.2357
BinVal : 27 12 1 0.2357 0.2357
BinVal : 28 0 0 0 0
BinVal : 28 1 0 0 0
BinVal : 28 2 0 0 0
BinVal : 28 3 0 0 0
BinVal : 28 4 0.25 0.1782 0.1782
BinVal : 28 5 1 0.09938 0.09938
BinVal : 28 6 1 0.1409 0.1409
BinVal : 28 7 0.3333 0.2 0.2
BinVal : 28 8 1 0.1936 0.1936
BinVal : 28 9 1 0.1936 0.1936
BinVal : 28 10 1 0.1936 0.1936
BinVal : 28 11 1 0.1936 0.1936
BinVal : 28 12 1 0.1936 0.1936
