D0NoteID : 0
EffName : SC5JET_9_PV3_20_v155
EffType : Binned
EffVarNames : DetEta pT
EffVersion : 6
ObjQuality : MLoose2
ObjType : Electron
ObjVersion : 11
TriggerVersion : v15b
BinEdgesX : -3.2 -2.5 -2 -1.5 -1.1 -0.6 0 0.6 1.1 1.5 2 2.5 3.2
BinEdgesY : 0 10 15 20 22 25 30 35 40 50 60 70 80 1000
BinVal : 0 0 0 0 0
BinVal : 0 1 0 0 0
BinVal : 0 2 0.05763 0.009685 0.009685
BinVal : 0 3 0.468 0.02623 0.02623
BinVal : 0 4 0.7783 0.01457 0.01457
BinVal : 0 5 0.9673 0.00441 0.00441
BinVal : 0 6 0.9932 0.00202 0.00202
BinVal : 0 7 0.982 0.003703 0.003703
BinVal : 0 8 0.9648 0.004649 0.004649
BinVal : 0 9 0.9792 0.01346 0.01346
BinVal : 0 10 1 0.03569 0.03569
BinVal : 0 11 1 0.1409 0.1409
BinVal : 0 12 1 0.1936 0.1936
BinVal : 1 0 0 0 0
BinVal : 1 1 0 0 0
BinVal : 1 2 0.09164 0.01161 0.01161
BinVal : 1 3 0.6043 0.02261 0.02261
BinVal : 1 4 0.8231 0.01121 0.01121
BinVal : 1 5 0.9753 0.00312 0.00312
BinVal : 1 6 0.9966 0.001071 0.001071
BinVal : 1 7 0.9927 0.001521 0.001521
BinVal : 1 8 0.981 0.002019 0.002019
BinVal : 1 9 0.985 0.005534 0.005534
BinVal : 1 10 0.988 0.01635 0.01635
BinVal : 1 11 1 0.04343 0.04343
BinVal : 1 12 1 0.04756 0.04756
BinVal : 2 0 0 0 0
BinVal : 2 1 0 0 0
BinVal : 2 2 0.1255 0.0202 0.0202
BinVal : 2 3 0.721 0.02925 0.02925
BinVal : 2 4 0.8502 0.01441 0.01441
BinVal : 2 5 0.9785 0.003931 0.003931
BinVal : 2 6 0.9968 0.001385 0.001385
BinVal : 2 7 0.9945 0.00164 0.00164
BinVal : 2 8 0.9858 0.002083 0.002083
BinVal : 2 9 0.9876 0.00601 0.00601
BinVal : 2 10 0.9833 0.02226 0.02226
BinVal : 2 11 1 0.05255 0.05255
BinVal : 2 12 1 0.05255 0.05255
BinVal : 3 0 0 0 0
BinVal : 3 1 0 0 0
BinVal : 3 2 0 0 0
BinVal : 3 3 0 0 0
BinVal : 3 4 0 0 0
BinVal : 3 5 0 0 0
BinVal : 3 6 0 0 0
BinVal : 3 7 0 0 0
BinVal : 3 8 0 0 0
BinVal : 3 9 0 0 0
BinVal : 3 10 0 0 0
BinVal : 3 11 0 0 0
BinVal : 3 12 0 0 0
BinVal : 4 0 0 0 0
BinVal : 4 1 0 0 0
BinVal : 4 2 0.1774 0.02346 0.02346
BinVal : 4 3 0.7358 0.03159 0.03159
BinVal : 4 4 0.9216 0.01168 0.01168
BinVal : 4 5 0.9698 0.004335 0.004335
BinVal : 4 6 0.9819 0.002389 0.002389
BinVal : 4 7 0.9842 0.001639 0.001639
BinVal : 4 8 0.9841 0.001049 0.001049
BinVal : 4 9 0.986 0.002499 0.002499
BinVal : 4 10 0.9769 0.007536 0.007536
BinVal : 4 11 0.9883 0.009896 0.009896
BinVal : 4 12 1 0.007407 0.007407
BinVal : 5 0 0 0 0
BinVal : 5 1 0 0 0
BinVal : 5 2 0.2025 0.02579 0.02579
BinVal : 5 3 0.8326 0.02547 0.02547
BinVal : 5 4 0.9425 0.009389 0.009389
BinVal : 5 5 0.9689 0.003908 0.003908
BinVal : 5 6 0.976 0.002555 0.002555
BinVal : 5 7 0.9811 0.001686 0.001686
BinVal : 5 8 0.9787 0.001093 0.001093
BinVal : 5 9 0.9823 0.002525 0.002525
BinVal : 5 10 0.9848 0.005638 0.005638
BinVal : 5 11 0.9855 0.009455 0.009455
BinVal : 5 12 0.9939 0.008442 0.008442
BinVal : 6 0 0 0 0
BinVal : 6 1 0 0 0
BinVal : 6 2 0.1689 0.02498 0.02498
BinVal : 6 3 0.7844 0.02778 0.02778
BinVal : 6 4 0.896 0.01332 0.01332
BinVal : 6 5 0.9712 0.004176 0.004176
BinVal : 6 6 0.9812 0.002339 0.002339
BinVal : 6 7 0.9852 0.001555 0.001555
BinVal : 6 8 0.9819 0.001102 0.001102
BinVal : 6 9 0.9857 0.00243 0.00243
BinVal : 6 10 0.9955 0.003857 0.003857
BinVal : 6 11 0.983 0.01108 0.01108
BinVal : 6 12 0.9918 0.01127 0.01127
BinVal : 7 0 0 0 0
BinVal : 7 1 0 0 0
BinVal : 7 2 0.1261 0.03178 0.03178
BinVal : 7 3 0.7253 0.04629 0.04629
BinVal : 7 4 0.8469 0.02495 0.02495
BinVal : 7 5 0.9662 0.007571 0.007571
BinVal : 7 6 0.9875 0.002926 0.002926
BinVal : 7 7 0.9909 0.001847 0.001847
BinVal : 7 8 0.9884 0.001409 0.001409
BinVal : 7 9 0.9932 0.002745 0.002745
BinVal : 7 10 0.9891 0.009261 0.009261
BinVal : 7 11 0.9872 0.01735 0.01735
BinVal : 7 12 1 0.01754 0.01754
BinVal : 8 0 0 0 0
BinVal : 8 1 0 0 0
BinVal : 8 2 0 0 0
BinVal : 8 3 0 0 0
BinVal : 8 4 0 0 0
BinVal : 8 5 0 0 0
BinVal : 8 6 0 0 0
BinVal : 8 7 0 0 0
BinVal : 8 8 0 0 0
BinVal : 8 9 0 0 0
BinVal : 8 10 0 0 0
BinVal : 8 11 0 0 0
BinVal : 8 12 0 0 0
BinVal : 9 0 0 0 0
BinVal : 9 1 0 0 0
BinVal : 9 2 0.08832 0.01102 0.01102
BinVal : 9 3 0.5511 0.02266 0.02266
BinVal : 9 4 0.8095 0.01177 0.01177
BinVal : 9 5 0.9722 0.003293 0.003293
BinVal : 9 6 0.9949 0.001299 0.001299
BinVal : 9 7 0.9937 0.001432 0.001432
BinVal : 9 8 0.9793 0.002084 0.002084
BinVal : 9 9 0.9796 0.006038 0.006038
BinVal : 9 10 0.9794 0.01714 0.01714
BinVal : 9 11 0.9583 0.05128 0.05128
BinVal : 9 12 1 0.0454 0.0454
BinVal : 10 0 0 0 0
BinVal : 10 1 0 0 0
BinVal : 10 2 0.05473 0.008827 0.008827
BinVal : 10 3 0.4246 0.0249 0.0249
BinVal : 10 4 0.7491 0.01515 0.01515
BinVal : 10 5 0.9506 0.005153 0.005153
BinVal : 10 6 0.9909 0.002333 0.002333
BinVal : 10 7 0.9851 0.003377 0.003377
BinVal : 10 8 0.9638 0.004585 0.004585
BinVal : 10 9 0.974 0.0124 0.0124
BinVal : 10 10 1 0.04756 0.04756
BinVal : 10 11 1 0.1633 0.1633
BinVal : 10 12 1 0.1409 0.1409
BinVal : 11 0 0 0 0
BinVal : 11 1 0 0 0
BinVal : 11 2 0.04727 0.01314 0.01314
BinVal : 11 3 0.3464 0.03815 0.03815
BinVal : 11 4 0.7228 0.02563 0.02563
BinVal : 11 5 0.931 0.01034 0.01034
BinVal : 11 6 0.9884 0.005611 0.005611
BinVal : 11 7 0.9572 0.01304 0.01304
BinVal : 11 8 0.941 0.01373 0.01373
BinVal : 11 9 1 0.0454 0.0454
BinVal : 11 10 1 0.1633 0.1633
BinVal : 11 11 1 0.1633 0.1633
BinVal : 11 12 1 0.1633 0.1633
