D0NoteID : 0
EffName : SC5JET_9_PV3_20_v163
EffType : Binned
EffVarNames : DetEta pT
EffVersion : 6
ObjQuality : Point1
ObjType : Electron
ObjVersion : 1
TriggerVersion : v16
TriggerVersionHigh : 16.49
TriggerVersionLow : 16.30
BinEdgesX : -3.2 -2.8 -2.5 -2.3 -2.1 -1.9 -1.7 -1.5 -1.3 -1.1 -0.9 -0.7 -0.5 -0.3 -0.1 0.1 0.3 0.5 0.7 0.9 1.1 1.3 1.5 1.7 1.9 2.1 2.3 2.5 2.8 3.2
BinEdgesY : 0 10 15 20 22 25 30 35 40 50 60 70 80 1000
BinVal : 0 0 0 0 0
BinVal : 0 1 0 0 0
BinVal : 0 2 0 0 0
BinVal : 0 3 0.7333 0.1074 0.1074
BinVal : 0 4 0.9412 0.04544 0.04544
BinVal : 0 5 0.9895 0.01435 0.01435
BinVal : 0 6 1 0.0147 0.0147
BinVal : 0 7 0.92 0.04049 0.04049
BinVal : 0 8 0.8226 0.04841 0.04841
BinVal : 0 9 1 0.2357 0.2357
BinVal : 0 10 1 0.2357 0.2357
BinVal : 0 11 1 0.2357 0.2357
BinVal : 0 12 1 0.2357 0.2357
BinVal : 1 0 0 0 0
BinVal : 1 1 0 0 0
BinVal : 1 2 0.07407 0.0556 0.0556
BinVal : 1 3 0.8 0.08738 0.08738
BinVal : 1 4 0.9574 0.0339 0.0339
BinVal : 1 5 0.9932 0.009334 0.009334
BinVal : 1 6 0.994 0.008294 0.008294
BinVal : 1 7 0.9722 0.01777 0.01777
BinVal : 1 8 0.9286 0.02127 0.02127
BinVal : 1 9 1 0.0665 0.0665
BinVal : 1 10 1 0.0665 0.0665
BinVal : 1 11 1 0.0665 0.0665
BinVal : 1 12 1 0.0665 0.0665
BinVal : 2 0 0 0 0
BinVal : 2 1 0 0 0
BinVal : 2 2 0.1667 0.06207 0.06207
BinVal : 2 3 0.7586 0.07735 0.07735
BinVal : 2 4 0.9667 0.02703 0.02703
BinVal : 2 5 0.9937 0.008756 0.008756
BinVal : 2 6 0.9913 0.007401 0.007401
BinVal : 2 7 0.9725 0.01306 0.01306
BinVal : 2 8 0.9856 0.007928 0.007928
BinVal : 2 9 0.973 0.03488 0.03488
BinVal : 2 10 1 0.2357 0.2357
BinVal : 2 11 1 0.2357 0.2357
BinVal : 2 12 1 0.2357 0.2357
BinVal : 3 0 0 0 0
BinVal : 3 1 0 0 0
BinVal : 3 2 0.1667 0.0538 0.0538
BinVal : 3 3 0.7857 0.07596 0.07596
BinVal : 3 4 0.9559 0.02755 0.02755
BinVal : 3 5 0.9891 0.009261 0.009261
BinVal : 3 6 0.9886 0.007476 0.007476
BinVal : 3 7 0.9857 0.007872 0.007872
BinVal : 3 8 0.9759 0.007839 0.007839
BinVal : 3 9 0.9821 0.02375 0.02375
BinVal : 3 10 1 0.1409 0.1409
BinVal : 3 11 1 0.1936 0.1936
BinVal : 3 12 1 0.2357 0.2357
BinVal : 4 0 0 0 0
BinVal : 4 1 0 0 0
BinVal : 4 2 0.09091 0.0403 0.0403
BinVal : 4 3 0.7879 0.06999 0.06999
BinVal : 4 4 0.954 0.02427 0.02427
BinVal : 4 5 0.9953 0.006472 0.006472
BinVal : 4 6 0.9844 0.007501 0.007501
BinVal : 4 7 0.995 0.004277 0.004277
BinVal : 4 8 0.9742 0.006316 0.006316
BinVal : 4 9 0.988 0.01635 0.01635
BinVal : 4 10 1 0.09045 0.09045
BinVal : 4 11 1 0.1409 0.1409
BinVal : 4 12 1 0.1633 0.1633
BinVal : 5 0 0 0 0
BinVal : 5 1 0 0 0
BinVal : 5 2 0.2143 0.06247 0.06247
BinVal : 5 3 0.8269 0.05238 0.05238
BinVal : 5 4 0.9612 0.02068 0.02068
BinVal : 5 5 1 0.004237 0.004237
BinVal : 5 6 0.9898 0.005646 0.005646
BinVal : 5 7 0.993 0.003862 0.003862
BinVal : 5 8 0.9812 0.004373 0.004373
BinVal : 5 9 0.96 0.01875 0.01875
BinVal : 5 10 1 0.0665 0.0665
BinVal : 5 11 1 0.1237 0.1237
BinVal : 5 12 0.8333 0.1443 0.1443
BinVal : 6 0 0 0 0
BinVal : 6 1 0 0 0
BinVal : 6 2 0.4211 0.1055 0.1055
BinVal : 6 3 0.9286 0.05388 0.05388
BinVal : 6 4 0.98 0.02642 0.02642
BinVal : 6 5 1 0.007936 0.007936
BinVal : 6 6 0.9953 0.006562 0.006562
BinVal : 6 7 0.9941 0.005035 0.005035
BinVal : 6 8 0.9831 0.005545 0.005545
BinVal : 6 9 0.9444 0.02898 0.02898
BinVal : 6 10 1 0.09938 0.09938
BinVal : 6 11 1 0.1633 0.1633
BinVal : 6 12 0.6667 0.2 0.2
BinVal : 7 0 0 0 0
BinVal : 7 1 0 0 0
BinVal : 7 2 0 0 0
BinVal : 7 3 0 0 0
BinVal : 7 4 0 0 0
BinVal : 7 5 0 0 0
BinVal : 7 6 0 0 0
BinVal : 7 7 0 0 0
BinVal : 7 8 0 0 0
BinVal : 7 9 0 0 0
BinVal : 7 10 0 0 0
BinVal : 7 11 0 0 0
BinVal : 7 12 0 0 0
BinVal : 8 0 0 0 0
BinVal : 8 1 0 0 0
BinVal : 8 2 0 0 0
BinVal : 8 3 0 0 0
BinVal : 8 4 0 0 0
BinVal : 8 5 0 0 0
BinVal : 8 6 0 0 0
BinVal : 8 7 0 0 0
BinVal : 8 8 0 0 0
BinVal : 8 9 0 0 0
BinVal : 8 10 0 0 0
BinVal : 8 11 0 0 0
BinVal : 8 12 0 0 0
BinVal : 9 0 0 0 0
BinVal : 9 1 0 0 0
BinVal : 9 2 0.09677 0.05597 0.05597
BinVal : 9 3 0.4091 0.0986 0.0986
BinVal : 9 4 0.8936 0.04636 0.04636
BinVal : 9 5 0.9662 0.01595 0.01595
BinVal : 9 6 0.9859 0.006124 0.006124
BinVal : 9 7 0.9839 0.004769 0.004769
BinVal : 9 8 0.9861 0.002929 0.002929
BinVal : 9 9 0.989 0.007207 0.007207
BinVal : 9 10 0.9655 0.0279 0.0279
BinVal : 9 11 1 0.05255 0.05255
BinVal : 9 12 1 0.07122 0.07122
BinVal : 10 0 0 0 0
BinVal : 10 1 0 0 0
BinVal : 10 2 0.1579 0.05934 0.05934
BinVal : 10 3 0.7059 0.1039 0.1039
BinVal : 10 4 0.8788 0.0408 0.0408
BinVal : 10 5 0.9845 0.01007 0.01007
BinVal : 10 6 0.9822 0.006578 0.006578
BinVal : 10 7 0.985 0.004283 0.004283
BinVal : 10 8 0.9867 0.002589 0.002589
BinVal : 10 9 0.9821 0.007757 0.007757
BinVal : 10 10 0.971 0.02371 0.02371
BinVal : 10 11 1 0.04343 0.04343
BinVal : 10 12 1 0.05546 0.05546
BinVal : 11 0 0 0 0
BinVal : 11 1 0 0 0
BinVal : 11 2 0.1176 0.05685 0.05685
BinVal : 11 3 0.7667 0.07538 0.07538
BinVal : 11 4 0.8784 0.03852 0.03852
BinVal : 11 5 0.9712 0.01133 0.01133
BinVal : 11 6 0.974 0.007669 0.007669
BinVal : 11 7 0.9838 0.004436 0.004436
BinVal : 11 8 0.9848 0.002667 0.002667
BinVal : 11 9 0.9716 0.008733 0.008733
BinVal : 11 10 0.9861 0.01872 0.01872
BinVal : 11 11 1 0.03331 0.03331
BinVal : 11 12 1 0.05255 0.05255
BinVal : 12 0 0 0 0
BinVal : 12 1 0 0 0
BinVal : 12 2 0.09091 0.05303 0.05303
BinVal : 12 3 0.7059 0.07573 0.07573
BinVal : 12 4 0.9077 0.03709 0.03709
BinVal : 12 5 0.9623 0.01214 0.01214
BinVal : 12 6 0.9601 0.009149 0.009149
BinVal : 12 7 0.9798 0.005134 0.005134
BinVal : 12 8 0.9855 0.002616 0.002616
BinVal : 12 9 0.9707 0.008622 0.008622
BinVal : 12 10 0.9605 0.02482 0.02482
BinVal : 12 11 0.9615 0.04782 0.04782
BinVal : 12 12 1 0.04993 0.04993
BinVal : 13 0 0 0 0
BinVal : 13 1 0 0 0
BinVal : 13 2 0.2308 0.08041 0.08041
BinVal : 13 3 0.6786 0.08467 0.08467
BinVal : 13 4 0.9643 0.02883 0.02883
BinVal : 13 5 0.9648 0.01135 0.01135
BinVal : 13 6 0.9682 0.008304 0.008304
BinVal : 13 7 0.9775 0.005702 0.005702
BinVal : 13 8 0.9835 0.002801 0.002801
BinVal : 13 9 0.9742 0.008373 0.008373
BinVal : 13 10 0.9639 0.02284 0.02284
BinVal : 13 11 0.9583 0.05128 0.05128
BinVal : 13 12 1 0.0454 0.0454
BinVal : 14 0 0 0 0
BinVal : 14 1 0 0 0
BinVal : 14 2 0.2857 0.09392 0.09392
BinVal : 14 3 0.7857 0.07596 0.07596
BinVal : 14 4 0.971 0.02371 0.02371
BinVal : 14 5 0.9583 0.01213 0.01213
BinVal : 14 6 0.9722 0.007833 0.007833
BinVal : 14 7 0.9743 0.00612 0.00612
BinVal : 14 8 0.9776 0.003188 0.003188
BinVal : 14 9 0.9719 0.008646 0.008646
BinVal : 14 10 0.9706 0.02404 0.02404
BinVal : 14 11 1 0.02856 0.02856
BinVal : 14 12 1 0.04343 0.04343
BinVal : 15 0 0 0 0
BinVal : 15 1 0 0 0
BinVal : 15 2 0.3158 0.1005 0.1005
BinVal : 15 3 0.7333 0.07827 0.07827
BinVal : 15 4 0.961 0.02451 0.02451
BinVal : 15 5 0.968 0.01167 0.01167
BinVal : 15 6 0.9669 0.00894 0.00894
BinVal : 15 7 0.9763 0.00566 0.00566
BinVal : 15 8 0.9805 0.003017 0.003017
BinVal : 15 9 0.9744 0.00831 0.00831
BinVal : 15 10 0.9836 0.02192 0.02192
BinVal : 15 11 1 0.0294 0.0294
BinVal : 15 12 0.9474 0.06258 0.06258
BinVal : 16 0 0 0 0
BinVal : 16 1 0 0 0
BinVal : 16 2 0.1852 0.07396 0.07396
BinVal : 16 3 0.7179 0.07021 0.07021
BinVal : 16 4 0.9231 0.0314 0.0314
BinVal : 16 5 0.9724 0.01186 0.01186
BinVal : 16 6 0.9754 0.007603 0.007603
BinVal : 16 7 0.9821 0.004545 0.004545
BinVal : 16 8 0.9826 0.002824 0.002824
BinVal : 16 9 0.9774 0.008308 0.008308
BinVal : 16 10 1 0.01562 0.01562
BinVal : 16 11 0.9583 0.05128 0.05128
BinVal : 16 12 0.9231 0.08498 0.08498
BinVal : 17 0 0 0 0
BinVal : 17 1 0 0 0
BinVal : 17 2 0.07692 0.04578 0.04578
BinVal : 17 3 0.6842 0.07315 0.07315
BinVal : 17 4 0.8939 0.03879 0.03879
BinVal : 17 5 0.9615 0.01394 0.01394
BinVal : 17 6 0.9809 0.006245 0.006245
BinVal : 17 7 0.9861 0.003949 0.003949
BinVal : 17 8 0.984 0.002716 0.002716
BinVal : 17 9 0.9817 0.00792 0.00792
BinVal : 17 10 1 0.01695 0.01695
BinVal : 17 11 0.9565 0.0532 0.0532
BinVal : 17 12 0.8182 0.1126 0.1126
BinVal : 18 0 0 0 0
BinVal : 18 1 0 0 0
BinVal : 18 2 0.125 0.05986 0.05986
BinVal : 18 3 0.56 0.09391 0.09391
BinVal : 18 4 0.9273 0.03714 0.03714
BinVal : 18 5 0.963 0.01446 0.01446
BinVal : 18 6 0.9869 0.005702 0.005702
BinVal : 18 7 0.9915 0.003401 0.003401
BinVal : 18 8 0.9878 0.00271 0.00271
BinVal : 18 9 0.9899 0.006611 0.006611
BinVal : 18 10 1 0.0238 0.0238
BinVal : 18 11 1 0.05255 0.05255
BinVal : 18 12 0.8571 0.09466 0.09466
BinVal : 19 0 0 0 0
BinVal : 19 1 0 0 0
BinVal : 19 2 0.2 0.1201 0.1201
BinVal : 19 3 0.6 0.1367 0.1367
BinVal : 19 4 0.9643 0.0448 0.0448
BinVal : 19 5 0.9647 0.02233 0.02233
BinVal : 19 6 0.9944 0.007706 0.007706
BinVal : 19 7 0.9946 0.004594 0.004594
BinVal : 19 8 0.988 0.004451 0.004451
BinVal : 19 9 0.9925 0.01028 0.01028
BinVal : 19 10 1 0.07666 0.07666
BinVal : 19 11 1 0.1102 0.1102
BinVal : 19 12 1 0.09045 0.09045
BinVal : 20 0 0 0 0
BinVal : 20 1 0 0 0
BinVal : 20 2 0 0 0
BinVal : 20 3 0 0 0
BinVal : 20 4 0 0 0
BinVal : 20 5 0 0 0
BinVal : 20 6 0 0 0
BinVal : 20 7 0 0 0
BinVal : 20 8 0 0 0
BinVal : 20 9 0 0 0
BinVal : 20 10 0 0 0
BinVal : 20 11 0 0 0
BinVal : 20 12 0 0 0
BinVal : 21 0 0 0 0
BinVal : 21 1 0 0 0
BinVal : 21 2 0 0 0
BinVal : 21 3 0 0 0
BinVal : 21 4 0 0 0
BinVal : 21 5 0 0 0
BinVal : 21 6 0 0 0
BinVal : 21 7 0 0 0
BinVal : 21 8 0 0 0
BinVal : 21 9 0 0 0
BinVal : 21 10 0 0 0
BinVal : 21 11 0 0 0
BinVal : 21 12 0 0 0
BinVal : 22 0 0 0 0
BinVal : 22 1 0 0 0
BinVal : 22 2 0.186 0.05898 0.05898
BinVal : 22 3 0.7778 0.06808 0.06808
BinVal : 22 4 0.9271 0.02752 0.02752
BinVal : 22 5 0.9964 0.00506 0.00506
BinVal : 22 6 0.9953 0.004028 0.004028
BinVal : 22 7 0.9928 0.004007 0.004007
BinVal : 22 8 0.9795 0.004516 0.004516
BinVal : 22 9 0.9784 0.01393 0.01393
BinVal : 22 10 1 0.03843 0.03843
BinVal : 22 11 1 0.08299 0.08299
BinVal : 22 12 1 0.1237 0.1237
BinVal : 23 0 0 0 0
BinVal : 23 1 0 0 0
BinVal : 23 2 0.125 0.04489 0.04489
BinVal : 23 3 0.6486 0.07585 0.07585
BinVal : 23 4 0.9512 0.02566 0.02566
BinVal : 23 5 0.9905 0.008093 0.008093
BinVal : 23 6 0.994 0.005124 0.005124
BinVal : 23 7 0.9835 0.00715 0.00715
BinVal : 23 8 0.9753 0.006255 0.006255
BinVal : 23 9 0.9659 0.0216 0.0216
BinVal : 23 10 1 0.05871 0.05871
BinVal : 23 11 1 0.1102 0.1102
BinVal : 23 12 1 0.1936 0.1936
BinVal : 24 0 0 0 0
BinVal : 24 1 0 0 0
BinVal : 24 2 0.08696 0.04364 0.04364
BinVal : 24 3 0.6333 0.08427 0.08427
BinVal : 24 4 0.9672 0.02662 0.02662
BinVal : 24 5 0.9888 0.009516 0.009516
BinVal : 24 6 0.996 0.005579 0.005579
BinVal : 24 7 0.9843 0.008632 0.008632
BinVal : 24 8 0.9622 0.009494 0.009494
BinVal : 24 9 0.9636 0.02932 0.02932
BinVal : 24 10 1 0.07666 0.07666
BinVal : 24 11 1 0.2357 0.2357
BinVal : 24 12 1 0.2357 0.2357
BinVal : 25 0 0 0 0
BinVal : 25 1 0 0 0
BinVal : 25 2 0.02941 0.03766 0.03766
BinVal : 25 3 0.5882 0.1104 0.1104
BinVal : 25 4 0.9661 0.02746 0.02746
BinVal : 25 5 0.9937 0.008756 0.008756
BinVal : 25 6 0.9864 0.008868 0.008868
BinVal : 25 7 0.9893 0.009067 0.009067
BinVal : 25 8 0.9508 0.01266 0.01266
BinVal : 25 9 0.931 0.05226 0.05226
BinVal : 25 10 1 0.1633 0.1633
BinVal : 25 11 1 0.1633 0.1633
BinVal : 25 12 1 0.1633 0.1633
BinVal : 26 0 0 0 0
BinVal : 26 1 0 0 0
BinVal : 26 2 0 0 0
BinVal : 26 3 0.7222 0.1 0.1
BinVal : 26 4 0.9833 0.02226 0.02226
BinVal : 26 5 0.9934 0.009153 0.009153
BinVal : 26 6 0.9888 0.009516 0.009516
BinVal : 26 7 0.9922 0.01075 0.01075
BinVal : 26 8 0.9474 0.01673 0.01673
BinVal : 26 9 0.9 0.1034 0.1034
BinVal : 26 10 0.9 0.1034 0.1034
BinVal : 26 11 0.9 0.1034 0.1034
BinVal : 26 12 0.9 0.1034 0.1034
BinVal : 27 0 0 0 0
BinVal : 27 1 0 0 0
BinVal : 27 2 0 0 0
BinVal : 27 3 0.8235 0.09116 0.09116
BinVal : 27 4 0.9459 0.04213 0.04213
BinVal : 27 5 0.9712 0.01842 0.01842
BinVal : 27 6 1 0.01176 0.01176
BinVal : 27 7 1 0.01538 0.01538
BinVal : 27 8 0.9529 0.02481 0.02481
BinVal : 27 9 0.5 0.2236 0.2236
BinVal : 27 10 0.5 0.2236 0.2236
BinVal : 27 11 0.5 0.2236 0.2236
BinVal : 27 12 0.5 0.2236 0.2236
BinVal : 28 0 0 0 0
BinVal : 28 1 0 0 0
BinVal : 28 2 0 0 0
BinVal : 28 3 0.8333 0.1443 0.1443
BinVal : 28 4 0.8 0.1597 0.1597
BinVal : 28 5 0.9286 0.05388 0.05388
BinVal : 28 6 1 0.1102 0.1102
BinVal : 28 7 1 0.07122 0.07122
BinVal : 28 8 1 0.07666 0.07666
BinVal : 28 9 1 0.07666 0.07666
BinVal : 28 10 1 0.07666 0.07666
BinVal : 28 11 1 0.07666 0.07666
BinVal : 28 12 1 0.07666 0.07666
 





