D0NoteID : 0
EffName : SC5JET_9_PV3_20_v163
EffType : Binned
EffVarNames : DetEta pT
EffVersion : 6
ObjQuality : Point0
ObjType : Electron
ObjVersion : 1
TriggerVersion : v16
TriggerVersionHigh : 16.49
TriggerVersionLow : 16.30
BinEdgesX : -3.2 -2.8 -2.5 -2.3 -2.1 -1.9 -1.7 -1.5 -1.3 -1.1 -0.9 -0.7 -0.5 -0.3 -0.1 0.1 0.3 0.5 0.7 0.9 1.1 1.3 1.5 1.7 1.9 2.1 2.3 2.5 2.8 3.2
BinEdgesY : 0 10 15 20 22 25 30 35 40 50 60 70 80 1000
BinVal : 0 0 0 0 0
BinVal : 0 1 0 0 0
BinVal : 0 2 0.01786 0.02375 0.02375
BinVal : 0 3 0.7436 0.06837 0.06837
BinVal : 0 4 0.9367 0.02892 0.02892
BinVal : 0 5 0.9785 0.01027 0.01027
BinVal : 0 6 0.9839 0.0105 0.0105
BinVal : 0 7 0.9435 0.02164 0.02164
BinVal : 0 8 0.9059 0.02269 0.02269
BinVal : 0 9 1 0.1409 0.1409
BinVal : 0 10 1 0.1409 0.1409
BinVal : 0 11 1 0.1409 0.1409
BinVal : 0 12 1 0.1409 0.1409
BinVal : 1 0 0 0 0
BinVal : 1 1 0 0 0
BinVal : 1 2 0.06154 0.03187 0.03187
BinVal : 1 3 0.7174 0.06493 0.06493
BinVal : 1 4 0.9438 0.02587 0.02587
BinVal : 1 5 0.9931 0.005891 0.005891
BinVal : 1 6 0.9907 0.006088 0.006088
BinVal : 1 7 0.9742 0.01227 0.01227
BinVal : 1 8 0.9408 0.01419 0.01419
BinVal : 1 9 1 0.0454 0.0454
BinVal : 1 10 1 0.0454 0.0454
BinVal : 1 11 1 0.0454 0.0454
BinVal : 1 12 1 0.0454 0.0454
BinVal : 2 0 0 0 0
BinVal : 2 1 0 0 0
BinVal : 2 2 0.127 0.04251 0.04251
BinVal : 2 3 0.6604 0.06354 0.06354
BinVal : 2 4 0.9369 0.02402 0.02402
BinVal : 2 5 0.9889 0.007259 0.007259
BinVal : 2 6 0.9922 0.005135 0.005135
BinVal : 2 7 0.978 0.008714 0.008714
BinVal : 2 8 0.981 0.00658 0.00658
BinVal : 2 9 0.9825 0.02336 0.02336
BinVal : 2 10 1 0.2357 0.2357
BinVal : 2 11 1 0.2357 0.2357
BinVal : 2 12 1 0.2357 0.2357
BinVal : 3 0 0 0 0
BinVal : 3 1 0 0 0
BinVal : 3 2 0.1818 0.04385 0.04385
BinVal : 3 3 0.7547 0.05821 0.05821
BinVal : 3 4 0.9237 0.02513 0.02513
BinVal : 3 5 0.9872 0.007031 0.007031
BinVal : 3 6 0.9908 0.005059 0.005059
BinVal : 3 7 0.985 0.00596 0.00596
BinVal : 3 8 0.9712 0.006479 0.006479
BinVal : 3 9 0.9882 0.01598 0.01598
BinVal : 3 10 1 0.09938 0.09938
BinVal : 3 11 1 0.1936 0.1936
BinVal : 3 12 1 0.2357 0.2357
BinVal : 4 0 0 0 0
BinVal : 4 1 0 0 0
BinVal : 4 2 0.131 0.03715 0.03715
BinVal : 4 3 0.7885 0.05606 0.05606
BinVal : 4 4 0.9453 0.021 0.021
BinVal : 4 5 0.9882 0.006519 0.006519
BinVal : 4 6 0.9897 0.004973 0.004973
BinVal : 4 7 0.9884 0.004648 0.004648
BinVal : 4 8 0.9699 0.005573 0.005573
BinVal : 4 9 0.9831 0.01419 0.01419
BinVal : 4 10 1 0.05546 0.05546
BinVal : 4 11 1 0.1237 0.1237
BinVal : 4 12 1 0.1409 0.1409
BinVal : 5 0 0 0 0
BinVal : 5 1 0.04545 0.05528 0.05528
BinVal : 5 2 0.2097 0.05128 0.05128
BinVal : 5 3 0.8308 0.0465 0.0465
BinVal : 5 4 0.947 0.02039 0.02039
BinVal : 5 5 0.9911 0.005856 0.005856
BinVal : 5 6 0.9921 0.004376 0.004376
BinVal : 5 7 0.9905 0.003814 0.003814
BinVal : 5 8 0.9789 0.00409 0.00409
BinVal : 5 9 0.9623 0.01602 0.01602
BinVal : 5 10 1 0.04756 0.04756
BinVal : 5 11 1 0.1102 0.1102
BinVal : 5 12 0.875 0.1206 0.1206
BinVal : 6 0 0 0 0
BinVal : 6 1 0.07143 0.08021 0.08021
BinVal : 6 2 0.3929 0.08799 0.08799
BinVal : 6 3 0.9143 0.05037 0.05037
BinVal : 6 4 0.9508 0.03048 0.03048
BinVal : 6 5 0.9943 0.007967 0.007967
BinVal : 6 6 0.996 0.005623 0.005623
BinVal : 6 7 0.995 0.004256 0.004256
BinVal : 6 8 0.9825 0.005202 0.005202
BinVal : 6 9 0.9529 0.02481 0.02481
BinVal : 6 10 1 0.08299 0.08299
BinVal : 6 11 1 0.1633 0.1633
BinVal : 6 12 0.75 0.1782 0.1782
BinVal : 7 0 0 0 0
BinVal : 7 1 0 0 0
BinVal : 7 2 0 0 0
BinVal : 7 3 0 0 0
BinVal : 7 4 0 0 0
BinVal : 7 5 0 0 0
BinVal : 7 6 0 0 0
BinVal : 7 7 0 0 0
BinVal : 7 8 0 0 0
BinVal : 7 9 0 0 0
BinVal : 7 10 0 0 0
BinVal : 7 11 0 0 0
BinVal : 7 12 0 0 0
BinVal : 8 0 0 0 0
BinVal : 8 1 0 0 0
BinVal : 8 2 0 0 0
BinVal : 8 3 0 0 0
BinVal : 8 4 0 0 0
BinVal : 8 5 0 0 0
BinVal : 8 6 0 0 0
BinVal : 8 7 0 0 0
BinVal : 8 8 0 0 0
BinVal : 8 9 0 0 0
BinVal : 8 10 0 0 0
BinVal : 8 11 0 0 0
BinVal : 8 12 0 0 0
BinVal : 9 0 0 0 0
BinVal : 9 1 0 0 0
BinVal : 9 2 0.1667 0.0575 0.0575
BinVal : 9 3 0.3793 0.08611 0.08611
BinVal : 9 4 0.8361 0.04745 0.04745
BinVal : 9 5 0.9355 0.01845 0.01845
BinVal : 9 6 0.9766 0.006919 0.006919
BinVal : 9 7 0.9829 0.004517 0.004517
BinVal : 9 8 0.9851 0.002792 0.002792
BinVal : 9 9 0.9874 0.006922 0.006922
BinVal : 9 10 0.9701 0.02437 0.02437
BinVal : 9 11 1 0.0454 0.0454
BinVal : 9 12 1 0.05871 0.05871
BinVal : 10 0 0 0 0
BinVal : 10 1 0 0 0
BinVal : 10 2 0.1702 0.05476 0.05476
BinVal : 10 3 0.6 0.09286 0.09286
BinVal : 10 4 0.8235 0.0413 0.0413
BinVal : 10 5 0.9658 0.01244 0.01244
BinVal : 10 6 0.974 0.007052 0.007052
BinVal : 10 7 0.983 0.004202 0.004202
BinVal : 10 8 0.9842 0.002609 0.002609
BinVal : 10 9 0.9822 0.007079 0.007079
BinVal : 10 10 0.9744 0.02111 0.02111
BinVal : 10 11 1 0.03569 0.03569
BinVal : 10 12 1 0.04993 0.04993
BinVal : 11 0 0 0 0
BinVal : 11 1 0 0 0
BinVal : 11 2 0.1395 0.05344 0.05344
BinVal : 11 3 0.7778 0.06808 0.06808
BinVal : 11 4 0.875 0.03563 0.03563
BinVal : 11 5 0.9684 0.01081 0.01081
BinVal : 11 6 0.97 0.007562 0.007562
BinVal : 11 7 0.9782 0.004696 0.004696
BinVal : 11 8 0.9826 0.002657 0.002657
BinVal : 11 9 0.9717 0.007967 0.007967
BinVal : 11 10 0.9878 0.01654 0.01654
BinVal : 11 11 1 0.03029 0.03029
BinVal : 11 12 1 0.04993 0.04993
BinVal : 12 0 0 0 0
BinVal : 12 1 0 0 0
BinVal : 12 2 0.1522 0.05324 0.05324
BinVal : 12 3 0.7778 0.06111 0.06111
BinVal : 12 4 0.9155 0.03423 0.03423
BinVal : 12 5 0.9592 0.01138 0.01138
BinVal : 12 6 0.9537 0.008997 0.008997
BinVal : 12 7 0.9701 0.005643 0.005643
BinVal : 12 8 0.9811 0.002754 0.002754
BinVal : 12 9 0.9667 0.008376 0.008376
BinVal : 12 10 0.9425 0.02643 0.02643
BinVal : 12 11 0.963 0.04626 0.04626
BinVal : 12 12 1 0.0454 0.0454
BinVal : 13 0 0 0 0
BinVal : 13 1 0 0 0
BinVal : 13 2 0.2286 0.0696 0.0696
BinVal : 13 3 0.7333 0.06456 0.06456
BinVal : 13 4 0.9545 0.02833 0.02833
BinVal : 13 5 0.9593 0.01093 0.01093
BinVal : 13 6 0.9474 0.009458 0.009458
BinVal : 13 7 0.9724 0.005779 0.005779
BinVal : 13 8 0.9757 0.003093 0.003093
BinVal : 13 9 0.9672 0.008552 0.008552
BinVal : 13 10 0.9381 0.02563 0.02563
BinVal : 13 11 0.9655 0.04343 0.04343
BinVal : 13 12 1 0.04343 0.04343
BinVal : 14 0 0 0 0
BinVal : 14 1 0 0 0
BinVal : 14 2 0.3103 0.08264 0.08264
BinVal : 14 3 0.7442 0.0652 0.0652
BinVal : 14 4 0.9383 0.02826 0.02826
BinVal : 14 5 0.951 0.01182 0.01182
BinVal : 14 6 0.9563 0.008672 0.008672
BinVal : 14 7 0.9722 0.005827 0.005827
BinVal : 14 8 0.9717 0.00328 0.00328
BinVal : 14 9 0.9657 0.008621 0.008621
BinVal : 14 10 0.9535 0.02454 0.02454
BinVal : 14 11 0.9737 0.03404 0.03404
BinVal : 14 12 1 0.04343 0.04343
BinVal : 15 0 0 0 0
BinVal : 15 1 0.1429 0.1315 0.1315
BinVal : 15 2 0.3571 0.08655 0.08655
BinVal : 15 3 0.675 0.07189 0.07189
BinVal : 15 4 0.9451 0.02534 0.02534
BinVal : 15 5 0.9557 0.01187 0.01187
BinVal : 15 6 0.9516 0.009566 0.009566
BinVal : 15 7 0.9705 0.005672 0.005672
BinVal : 15 8 0.9759 0.003091 0.003091
BinVal : 15 9 0.9722 0.00785 0.00785
BinVal : 15 10 0.9747 0.02086 0.02086
BinVal : 15 11 0.9706 0.03766 0.03766
BinVal : 15 12 0.9474 0.06258 0.06258
BinVal : 16 0 0 0 0
BinVal : 16 1 0.05882 0.06862 0.06862
BinVal : 16 2 0.2188 0.0717 0.0717
BinVal : 16 3 0.6522 0.06832 0.06832
BinVal : 16 4 0.9368 0.02614 0.02614
BinVal : 16 5 0.9599 0.01225 0.01225
BinVal : 16 6 0.961 0.008484 0.008484
BinVal : 16 7 0.9787 0.004483 0.004483
BinVal : 16 8 0.9786 0.002909 0.002909
BinVal : 16 9 0.9735 0.008177 0.008177
BinVal : 16 10 1 0.01351 0.01351
BinVal : 16 11 0.9643 0.0448 0.0448
BinVal : 16 12 0.9231 0.08498 0.08498
BinVal : 17 0 0 0 0
BinVal : 17 1 0 0 0
BinVal : 17 2 0.1111 0.04817 0.04817
BinVal : 17 3 0.6667 0.07066 0.07066
BinVal : 17 4 0.8851 0.03469 0.03469
BinVal : 17 5 0.9517 0.01342 0.01342
BinVal : 17 6 0.9776 0.006098 0.006098
BinVal : 17 7 0.9848 0.003759 0.003759
BinVal : 17 8 0.9806 0.002773 0.002773
BinVal : 17 9 0.9788 0.00779 0.00779
BinVal : 17 10 1 0.01538 0.01538
BinVal : 17 11 0.9615 0.04782 0.04782
BinVal : 17 12 0.8462 0.1 0.1
BinVal : 18 0 0 0 0
BinVal : 18 1 0 0 0
BinVal : 18 2 0.1316 0.05577 0.05577
BinVal : 18 3 0.5357 0.0896 0.0896
BinVal : 18 4 0.8933 0.03638 0.03638
BinVal : 18 5 0.9478 0.01446 0.01446
BinVal : 18 6 0.9836 0.005692 0.005692
BinVal : 18 7 0.9887 0.003536 0.003536
BinVal : 18 8 0.9849 0.002771 0.002771
BinVal : 18 9 0.9883 0.006443 0.006443
BinVal : 18 10 1 0.02 0.02
BinVal : 18 11 1 0.04993 0.04993
BinVal : 18 12 0.8824 0.08154 0.08154
BinVal : 19 0 0 0 0
BinVal : 19 1 0 0 0
BinVal : 19 2 0.1667 0.1059 0.1059
BinVal : 19 3 0.5385 0.1247 0.1247
BinVal : 19 4 0.9429 0.04428 0.04428
BinVal : 19 5 0.9439 0.02337 0.02337
BinVal : 19 6 0.991 0.007663 0.007663
BinVal : 19 7 0.9931 0.004571 0.004571
BinVal : 19 8 0.986 0.00436 0.00436
BinVal : 19 9 0.9869 0.01103 0.01103
BinVal : 19 10 1 0.05871 0.05871
BinVal : 19 11 1 0.09938 0.09938
BinVal : 19 12 1 0.08299 0.08299
BinVal : 20 0 0 0 0
BinVal : 20 1 0 0 0
BinVal : 20 2 0 0 0
BinVal : 20 3 0 0 0
BinVal : 20 4 0 0 0
BinVal : 20 5 0 0 0
BinVal : 20 6 0 0 0
BinVal : 20 7 0 0 0
BinVal : 20 8 0 0 0
BinVal : 20 9 0 0 0
BinVal : 20 10 0 0 0
BinVal : 20 11 0 0 0
BinVal : 20 12 0 0 0
BinVal : 21 0 0 0 0
BinVal : 21 1 0 0 0
BinVal : 21 2 0 0 0
BinVal : 21 3 0 0 0
BinVal : 21 4 0 0 0
BinVal : 21 5 0 0 0
BinVal : 21 6 0 0 0
BinVal : 21 7 0 0 0
BinVal : 21 8 0 0 0
BinVal : 21 9 0 0 0
BinVal : 21 10 0 0 0
BinVal : 21 11 0 0 0
BinVal : 21 12 0 0 0
BinVal : 22 0 0 0 0
BinVal : 22 1 0 0 0
BinVal : 22 2 0.1719 0.04712 0.04712
BinVal : 22 3 0.7692 0.05765 0.05765
BinVal : 22 4 0.9185 0.02406 0.02406
BinVal : 22 5 0.9946 0.004619 0.004619
BinVal : 22 6 0.9962 0.003225 0.003225
BinVal : 22 7 0.9907 0.003724 0.003724
BinVal : 22 8 0.9738 0.004484 0.004484
BinVal : 22 9 0.9711 0.01372 0.01372
BinVal : 22 10 1 0.03331 0.03331
BinVal : 22 11 1 0.07666 0.07666
BinVal : 22 12 1 0.09938 0.09938
BinVal : 23 0 0 0 0
BinVal : 23 1 0 0 0
BinVal : 23 2 0.1474 0.03652 0.03652
BinVal : 23 3 0.6333 0.06086 0.06086
BinVal : 23 4 0.9512 0.02048 0.02048
BinVal : 23 5 0.9844 0.007501 0.007501
BinVal : 23 6 0.996 0.003403 0.003403
BinVal : 23 7 0.9834 0.005419 0.005419
BinVal : 23 8 0.9676 0.005802 0.005802
BinVal : 23 9 0.9697 0.01631 0.01631
BinVal : 23 10 1 0.03843 0.03843
BinVal : 23 11 1 0.09938 0.09938
BinVal : 23 12 1 0.1936 0.1936
BinVal : 24 0 0 0 0
BinVal : 24 1 0 0 0
BinVal : 24 2 0.1047 0.03364 0.03364
BinVal : 24 3 0.566 0.06627 0.06627
BinVal : 24 4 0.9314 0.026 0.026
BinVal : 24 5 0.9867 0.007307 0.007307
BinVal : 24 6 0.9977 0.003174 0.003174
BinVal : 24 7 0.9872 0.005593 0.005593
BinVal : 24 8 0.9588 0.007721 0.007721
BinVal : 24 9 0.9647 0.02233 0.02233
BinVal : 24 10 1 0.05255 0.05255
BinVal : 24 11 1 0.1936 0.1936
BinVal : 24 12 1 0.1936 0.1936
BinVal : 25 0 0 0 0
BinVal : 25 1 0 0 0
BinVal : 25 2 0.03279 0.02662 0.02662
BinVal : 25 3 0.5946 0.07777 0.07777
BinVal : 25 4 0.9121 0.03049 0.03049
BinVal : 25 5 0.9846 0.008437 0.008437
BinVal : 25 6 0.9917 0.005472 0.005472
BinVal : 25 7 0.9906 0.006163 0.006163
BinVal : 25 8 0.9571 0.009559 0.009559
BinVal : 25 9 0.9545 0.03602 0.03602
BinVal : 25 10 1 0.1409 0.1409
BinVal : 25 11 1 0.1936 0.1936
BinVal : 25 12 1 0.1936 0.1936
BinVal : 26 0 0 0 0
BinVal : 26 1 0 0 0
BinVal : 26 2 0.0303 0.02472 0.02472
BinVal : 26 3 0.675 0.07189 0.07189
BinVal : 26 4 0.9381 0.02563 0.02563
BinVal : 26 5 0.9737 0.01038 0.01038
BinVal : 26 6 0.9897 0.006745 0.006745
BinVal : 26 7 0.9862 0.009028 0.009028
BinVal : 26 8 0.9335 0.01421 0.01421
BinVal : 26 9 0.9643 0.0448 0.0448
BinVal : 26 10 1 0.1936 0.1936
BinVal : 26 11 1 0.2357 0.2357
BinVal : 26 12 1 0.2357 0.2357
BinVal : 27 0 0 0 0
BinVal : 27 1 0 0 0
BinVal : 27 2 0.01852 0.02458 0.02458
BinVal : 27 3 0.6341 0.07287 0.07287
BinVal : 27 4 0.9067 0.03455 0.03455
BinVal : 27 5 0.9583 0.01336 0.01336
BinVal : 27 6 0.9825 0.01139 0.01139
BinVal : 27 7 0.9931 0.009587 0.009587
BinVal : 27 8 0.9235 0.02001 0.02001
BinVal : 27 9 0.9231 0.08498 0.08498
BinVal : 27 10 1 0.2357 0.2357
BinVal : 27 11 1 0.2357 0.2357
BinVal : 27 12 1 0.2357 0.2357
BinVal : 28 0 0 0 0
BinVal : 28 1 0 0 0
BinVal : 28 2 0 0 0
BinVal : 28 3 0.6111 0.1069 0.1069
BinVal : 28 4 0.85 0.08042 0.08042
BinVal : 28 5 0.9341 0.02721 0.02721
BinVal : 28 6 0.9512 0.03841 0.03841
BinVal : 28 7 1 0.01852 0.01852
BinVal : 28 8 0.9792 0.02744 0.02744
BinVal : 28 9 0.9792 0.02744 0.02744
BinVal : 28 10 0.9792 0.02744 0.02744
BinVal : 28 11 0.9792 0.02744 0.02744
BinVal : 28 12 0.9792 0.02744 0.02744
 





