D0NoteID : 0
EffName : SC5JET_9_PV3_20_v15
EffType : Binned
EffVarNames : DetEta pT
EffVersion : 6
ObjQuality : Point0
ObjType : Electron
ObjVersion : 1
TriggerVersion : v15
BinEdgesX : -3.2 -2.8 -2.5 -2.3 -2.1 -1.9 -1.7 -1.5 -1.3 -1.1 -0.9 -0.7 -0.5 -0.3 -0.1 0.1 0.3 0.5 0.7 0.9 1.1 1.3 1.5 1.7 1.9 2.1 2.3 2.5 2.8 3.2
BinEdgesY : 0 10 15 20 22 25 30 35 40 50 60 70 80 1000
BinVal : 0 0 0 0 0
BinVal : 0 1 0 0 0
BinVal : 0 2 0 0 0
BinVal : 0 3 0.1509 0.04944 0.04944
BinVal : 0 4 0.2871 0.04455 0.04455
BinVal : 0 5 0.2609 0.02358 0.02358
BinVal : 0 6 0.3538 0.02951 0.02951
BinVal : 0 7 0.3678 0.03628 0.03628
BinVal : 0 8 0.1759 0.0259 0.0259
BinVal : 0 9 0.8 0.1597 0.1597
BinVal : 0 10 0.8 0.1597 0.1597
BinVal : 0 11 0.8 0.1597 0.1597
BinVal : 0 12 0.8 0.1597 0.1597
BinVal : 1 0 0 0 0
BinVal : 1 1 0 0 0
BinVal : 1 2 0.03371 0.02137 0.02137
BinVal : 1 3 0.1867 0.04484 0.04484
BinVal : 1 4 0.2951 0.04092 0.04092
BinVal : 1 5 0.2838 0.02135 0.02135
BinVal : 1 6 0.3524 0.02324 0.02324
BinVal : 1 7 0.414 0.02903 0.02903
BinVal : 1 8 0.2112 0.02108 0.02108
BinVal : 1 9 0.375 0.09363 0.09363
BinVal : 1 10 0.5 0.2236 0.2236
BinVal : 1 11 0.5 0.2236 0.2236
BinVal : 1 12 0.5 0.2236 0.2236
BinVal : 2 0 0 0 0
BinVal : 2 1 0 0 0
BinVal : 2 2 0.04938 0.02596 0.02596
BinVal : 2 3 0.1711 0.04318 0.04318
BinVal : 2 4 0.219 0.03518 0.03518
BinVal : 2 5 0.2696 0.02065 0.02065
BinVal : 2 6 0.3399 0.02004 0.02004
BinVal : 2 7 0.4469 0.02435 0.02435
BinVal : 2 8 0.2334 0.0184 0.0184
BinVal : 2 9 0.3061 0.06435 0.06435
BinVal : 2 10 0.5 0.2236 0.2236
BinVal : 2 11 0.5 0.2236 0.2236
BinVal : 2 12 0.5 0.2236 0.2236
BinVal : 3 0 0 0 0
BinVal : 3 1 0 0 0
BinVal : 3 2 0.07317 0.02998 0.02998
BinVal : 3 3 0.2105 0.04645 0.04645
BinVal : 3 4 0.1648 0.02798 0.02798
BinVal : 3 5 0.2313 0.01922 0.01922
BinVal : 3 6 0.3223 0.0177 0.0177
BinVal : 3 7 0.4202 0.01987 0.01987
BinVal : 3 8 0.2407 0.01478 0.01478
BinVal : 3 9 0.3704 0.05278 0.05278
BinVal : 3 10 0.25 0.1382 0.1382
BinVal : 3 11 1 0.1936 0.1936
BinVal : 3 12 1 0.2357 0.2357
BinVal : 4 0 0 0 0
BinVal : 4 1 0 0 0
BinVal : 4 2 0.04762 0.02214 0.02214
BinVal : 4 3 0.2131 0.05197 0.05197
BinVal : 4 4 0.1765 0.02787 0.02787
BinVal : 4 5 0.2479 0.01976 0.01976
BinVal : 4 6 0.331 0.01745 0.01745
BinVal : 4 7 0.3821 0.01666 0.01666
BinVal : 4 8 0.2642 0.01282 0.01282
BinVal : 4 9 0.4309 0.04413 0.04413
BinVal : 4 10 0.2143 0.105 0.105
BinVal : 4 11 0.8 0.1597 0.1597
BinVal : 4 12 1 0.1936 0.1936
BinVal : 5 0 0 0 0
BinVal : 5 1 0 0 0
BinVal : 5 2 0.03883 0.02068 0.02068
BinVal : 5 3 0.1692 0.0465 0.0465
BinVal : 5 4 0.2339 0.03224 0.03224
BinVal : 5 5 0.3234 0.02079 0.02079
BinVal : 5 6 0.3955 0.01769 0.01769
BinVal : 5 7 0.4081 0.01581 0.01581
BinVal : 5 8 0.3283 0.01171 0.01171
BinVal : 5 9 0.4415 0.03594 0.03594
BinVal : 5 10 0.35 0.1003 0.1003
BinVal : 5 11 0.6364 0.13 0.13
BinVal : 5 12 1 0.1936 0.1936
BinVal : 6 0 0 0 0
BinVal : 6 1 0 0 0
BinVal : 6 2 0.09302 0.04634 0.04634
BinVal : 6 3 0.1892 0.06385 0.06385
BinVal : 6 4 0.2824 0.04824 0.04824
BinVal : 6 5 0.3629 0.02973 0.02973
BinVal : 6 6 0.4354 0.02486 0.02486
BinVal : 6 7 0.4374 0.02241 0.02241
BinVal : 6 8 0.3663 0.01577 0.01577
BinVal : 6 9 0.431 0.04541 0.04541
BinVal : 6 10 0.4615 0.1247 0.1247
BinVal : 6 11 0.625 0.1477 0.1477
BinVal : 6 12 1 0.2357 0.2357
BinVal : 7 0 0 0 0
BinVal : 7 1 0 0 0
BinVal : 7 2 0 0 0
BinVal : 7 3 0 0 0
BinVal : 7 4 0 0 0
BinVal : 7 5 0 0 0
BinVal : 7 6 0 0 0
BinVal : 7 7 0 0 0
BinVal : 7 8 0 0 0
BinVal : 7 9 0 0 0
BinVal : 7 10 0 0 0
BinVal : 7 11 0 0 0
BinVal : 7 12 0 0 0
BinVal : 8 0 0 0 0
BinVal : 8 1 0 0 0
BinVal : 8 2 0 0 0
BinVal : 8 3 0 0 0
BinVal : 8 4 0 0 0
BinVal : 8 5 0 0 0
BinVal : 8 6 0 0 0
BinVal : 8 7 0 0 0
BinVal : 8 8 0 0 0
BinVal : 8 9 0 0 0
BinVal : 8 10 0 0 0
BinVal : 8 11 0 0 0
BinVal : 8 12 0 0 0
BinVal : 9 0 0 0 0
BinVal : 9 1 0 0 0
BinVal : 9 2 0.06818 0.0411 0.0411
BinVal : 9 3 0.5429 0.08084 0.08084
BinVal : 9 4 0.5147 0.05931 0.05931
BinVal : 9 5 0.5202 0.03153 0.03153
BinVal : 9 6 0.4749 0.01887 0.01887
BinVal : 9 7 0.3874 0.01368 0.01368
BinVal : 9 8 0.3536 0.009384 0.009384
BinVal : 9 9 0.4075 0.02535 0.02535
BinVal : 9 10 0.4203 0.05821 0.05821
BinVal : 9 11 0.6 0.116 0.116
BinVal : 9 12 0.375 0.1477 0.1477
BinVal : 10 0 0 0 0
BinVal : 10 1 0 0 0
BinVal : 10 2 0.119 0.05116 0.05116
BinVal : 10 3 0.551 0.069 0.069
BinVal : 10 4 0.5743 0.04851 0.04851
BinVal : 10 5 0.5469 0.02818 0.02818
BinVal : 10 6 0.4895 0.01807 0.01807
BinVal : 10 7 0.3635 0.01254 0.01254
BinVal : 10 8 0.3405 0.008451 0.008451
BinVal : 10 9 0.3544 0.02266 0.02266
BinVal : 10 10 0.4205 0.05178 0.05178
BinVal : 10 11 0.3529 0.1079 0.1079
BinVal : 10 12 0.6471 0.1079 0.1079
BinVal : 11 0 0 0 0
BinVal : 11 1 0 0 0
BinVal : 11 2 0.2188 0.0717 0.0717
BinVal : 11 3 0.6383 0.06818 0.06818
BinVal : 11 4 0.6239 0.04583 0.04583
BinVal : 11 5 0.5256 0.02519 0.02519
BinVal : 11 6 0.5355 0.01876 0.01876
BinVal : 11 7 0.3719 0.01279 0.01279
BinVal : 11 8 0.3369 0.008372 0.008372
BinVal : 11 9 0.3563 0.02091 0.02091
BinVal : 11 10 0.4524 0.05337 0.05337
BinVal : 11 11 0.5862 0.08723 0.08723
BinVal : 11 12 0.6957 0.09148 0.09148
BinVal : 12 0 0 0 0
BinVal : 12 1 0 0 0
BinVal : 12 2 0.2 0.07857 0.07857
BinVal : 12 3 0.7568 0.06904 0.06904
BinVal : 12 4 0.6792 0.04483 0.04483
BinVal : 12 5 0.5819 0.02396 0.02396
BinVal : 12 6 0.5366 0.01924 0.01924
BinVal : 12 7 0.3563 0.01339 0.01339
BinVal : 12 8 0.3446 0.00815 0.00815
BinVal : 12 9 0.3845 0.02062 0.02062
BinVal : 12 10 0.4167 0.05289 0.05289
BinVal : 12 11 0.6222 0.07016 0.07016
BinVal : 12 12 0.5385 0.09261 0.09261
BinVal : 13 0 0 0 0
BinVal : 13 1 0 0 0
BinVal : 13 2 0.2333 0.07538 0.07538
BinVal : 13 3 0.5926 0.08992 0.08992
BinVal : 13 4 0.7304 0.04104 0.04104
BinVal : 13 5 0.5849 0.02385 0.02385
BinVal : 13 6 0.4554 0.01827 0.01827
BinVal : 13 7 0.3377 0.01401 0.01401
BinVal : 13 8 0.3408 0.00783 0.00783
BinVal : 13 9 0.3885 0.02096 0.02096
BinVal : 13 10 0.5208 0.05021 0.05021
BinVal : 13 11 0.5952 0.07329 0.07329
BinVal : 13 12 0.6333 0.08427 0.08427
BinVal : 14 0 0 0 0
BinVal : 14 1 0.2 0.1597 0.1597
BinVal : 14 2 0.2188 0.0717 0.0717
BinVal : 14 3 0.375 0.09363 0.09363
BinVal : 14 4 0.703 0.04498 0.04498
BinVal : 14 5 0.5344 0.02381 0.02381
BinVal : 14 6 0.4389 0.01777 0.01777
BinVal : 14 7 0.3553 0.01416 0.01416
BinVal : 14 8 0.3344 0.007815 0.007815
BinVal : 14 9 0.381 0.0213 0.0213
BinVal : 14 10 0.5 0.04746 0.04746
BinVal : 14 11 0.5714 0.08037 0.08037
BinVal : 14 12 0.7692 0.08041 0.08041
BinVal : 15 0 0 0 0
BinVal : 15 1 0.25 0.1782 0.1782
BinVal : 15 2 0.2121 0.06999 0.06999
BinVal : 15 3 0.5806 0.08476 0.08476
BinVal : 15 4 0.6211 0.04907 0.04907
BinVal : 15 5 0.5623 0.02444 0.02444
BinVal : 15 6 0.4604 0.01839 0.01839
BinVal : 15 7 0.3526 0.01324 0.01324
BinVal : 15 8 0.3391 0.00813 0.00813
BinVal : 15 9 0.3748 0.02144 0.02144
BinVal : 15 10 0.5221 0.04638 0.04638
BinVal : 15 11 0.4839 0.08571 0.08571
BinVal : 15 12 0.7059 0.1039 0.1039
BinVal : 16 0 0 0 0
BinVal : 16 1 0 0 0
BinVal : 16 2 0.2045 0.06017 0.06017
BinVal : 16 3 0.6154 0.07527 0.07527
BinVal : 16 4 0.6893 0.04509 0.04509
BinVal : 16 5 0.5632 0.02648 0.02648
BinVal : 16 6 0.4699 0.01822 0.01822
BinVal : 16 7 0.3602 0.01249 0.01249
BinVal : 16 8 0.3392 0.008367 0.008367
BinVal : 16 9 0.3473 0.02122 0.02122
BinVal : 16 10 0.5741 0.04695 0.04695
BinVal : 16 11 0.4762 0.102 0.102
BinVal : 16 12 0.5 0.1 0.1
BinVal : 17 0 0 0 0
BinVal : 17 1 0 0 0
BinVal : 17 2 0.1739 0.05576 0.05576
BinVal : 17 3 0.4651 0.07356 0.07356
BinVal : 17 4 0.6634 0.04644 0.04644
BinVal : 17 5 0.5325 0.02829 0.02829
BinVal : 17 6 0.4699 0.01763 0.01763
BinVal : 17 7 0.3608 0.01214 0.01214
BinVal : 17 8 0.3464 0.008399 0.008399
BinVal : 17 9 0.3518 0.02199 0.02199
BinVal : 17 10 0.5056 0.05213 0.05213
BinVal : 17 11 0.4545 0.09965 0.09965
BinVal : 17 12 0.6087 0.09608 0.09608
BinVal : 18 0 0 0 0
BinVal : 18 1 0 0 0
BinVal : 18 2 0.15 0.05683 0.05683
BinVal : 18 3 0.4412 0.08169 0.08169
BinVal : 18 4 0.6129 0.04977 0.04977
BinVal : 18 5 0.523 0.02953 0.02953
BinVal : 18 6 0.4816 0.01807 0.01807
BinVal : 18 7 0.3683 0.01339 0.01339
BinVal : 18 8 0.3622 0.009302 0.009302
BinVal : 18 9 0.3836 0.02492 0.02492
BinVal : 18 10 0.4928 0.05892 0.05892
BinVal : 18 11 0.4583 0.09594 0.09594
BinVal : 18 12 0.6923 0.1179 0.1179
BinVal : 19 0 0 0 0
BinVal : 19 1 0 0 0
BinVal : 19 2 0.1333 0.08985 0.08985
BinVal : 19 3 0.5 0.1387 0.1387
BinVal : 19 4 0.6364 0.07041 0.07041
BinVal : 19 5 0.5324 0.04187 0.04187
BinVal : 19 6 0.5167 0.02623 0.02623
BinVal : 19 7 0.3996 0.022 0.022
BinVal : 19 8 0.3675 0.01471 0.01471
BinVal : 19 9 0.3931 0.04018 0.04018
BinVal : 19 10 0.4848 0.0833 0.0833
BinVal : 19 11 0.5 0.1387 0.1387
BinVal : 19 12 0.4 0.175 0.175
BinVal : 20 0 0 0 0
BinVal : 20 1 0 0 0
BinVal : 20 2 0 0 0
BinVal : 20 3 0 0 0
BinVal : 20 4 0 0 0
BinVal : 20 5 0 0 0
BinVal : 20 6 0 0 0
BinVal : 20 7 0 0 0
BinVal : 20 8 0 0 0
BinVal : 20 9 0 0 0
BinVal : 20 10 0 0 0
BinVal : 20 11 0 0 0
BinVal : 20 12 0 0 0
BinVal : 21 0 0 0 0
BinVal : 21 1 0 0 0
BinVal : 21 2 0 0 0
BinVal : 21 3 0 0 0
BinVal : 21 4 0 0 0
BinVal : 21 5 0 0 0
BinVal : 21 6 0 0 0
BinVal : 21 7 0 0 0
BinVal : 21 8 0 0 0
BinVal : 21 9 0 0 0
BinVal : 21 10 0 0 0
BinVal : 21 11 0 0 0
BinVal : 21 12 0 0 0
BinVal : 22 0 0 0 0
BinVal : 22 1 0.04762 0.05752 0.05752
BinVal : 22 2 0.03797 0.02393 0.02393
BinVal : 22 3 0.2683 0.04837 0.04837
BinVal : 22 4 0.3091 0.03573 0.03573
BinVal : 22 5 0.3895 0.02141 0.02141
BinVal : 22 6 0.4104 0.01769 0.01769
BinVal : 22 7 0.4307 0.01597 0.01597
BinVal : 22 8 0.3273 0.01167 0.01167
BinVal : 22 9 0.3757 0.03653 0.03653
BinVal : 22 10 0.5122 0.07536 0.07536
BinVal : 22 11 0.7273 0.1234 0.1234
BinVal : 22 12 0.5714 0.1571 0.1571
BinVal : 23 0 0 0 0
BinVal : 23 1 0 0 0
BinVal : 23 2 0.01087 0.01481 0.01481
BinVal : 23 3 0.119 0.03581 0.03581
BinVal : 23 4 0.1783 0.03053 0.03053
BinVal : 23 5 0.2374 0.01947 0.01947
BinVal : 23 6 0.3241 0.01742 0.01742
BinVal : 23 7 0.3873 0.0173 0.0173
BinVal : 23 8 0.2604 0.01267 0.01267
BinVal : 23 9 0.2652 0.03815 0.03815
BinVal : 23 10 0.4286 0.089 0.089
BinVal : 23 11 1 0.1237 0.1237
BinVal : 23 12 1 0.1936 0.1936
BinVal : 24 0 0 0 0
BinVal : 24 1 0 0 0
BinVal : 24 2 0.03261 0.02071 0.02071
BinVal : 24 3 0.09211 0.03413 0.03413
BinVal : 24 4 0.1854 0.03158 0.03158
BinVal : 24 5 0.2309 0.01937 0.01937
BinVal : 24 6 0.3124 0.0181 0.0181
BinVal : 24 7 0.3818 0.01937 0.01937
BinVal : 24 8 0.2304 0.01485 0.01485
BinVal : 24 9 0.2079 0.04019 0.04019
BinVal : 24 10 0.4118 0.1104 0.1104
BinVal : 24 11 0.4118 0.1104 0.1104
BinVal : 24 12 0.4118 0.1104 0.1104
BinVal : 25 0 0 0 0
BinVal : 25 1 0 0 0
BinVal : 25 2 0.0283 0.01809 0.01809
BinVal : 25 3 0.09615 0.04238 0.04238
BinVal : 25 4 0.1522 0.03065 0.03065
BinVal : 25 5 0.2665 0.02106 0.02106
BinVal : 25 6 0.3439 0.0199 0.0199
BinVal : 25 7 0.4048 0.02387 0.02387
BinVal : 25 8 0.2148 0.01743 0.01743
BinVal : 25 9 0.2097 0.05128 0.05128
BinVal : 25 10 0.3333 0.1389 0.1389
BinVal : 25 11 1 0.1936 0.1936
BinVal : 25 12 1 0.1936 0.1936
BinVal : 26 0 0 0 0
BinVal : 26 1 0 0 0
BinVal : 26 2 0.008475 0.01164 0.01164
BinVal : 26 3 0.1455 0.04788 0.04788
BinVal : 26 4 0.0979 0.0252 0.0252
BinVal : 26 5 0.2738 0.02171 0.02171
BinVal : 26 6 0.3538 0.02235 0.02235
BinVal : 26 7 0.3935 0.0292 0.0292
BinVal : 26 8 0.1848 0.01889 0.01889
BinVal : 26 9 0.3125 0.07908 0.07908
BinVal : 26 10 0.5 0.2236 0.2236
BinVal : 26 11 1 0.1936 0.1936
BinVal : 26 12 1 0.1936 0.1936
BinVal : 27 0 0 0 0
BinVal : 27 1 0 0 0
BinVal : 27 2 0 0 0
BinVal : 27 3 0.07547 0.03842 0.03842
BinVal : 27 4 0.1324 0.02923 0.02923
BinVal : 27 5 0.2768 0.02434 0.02434
BinVal : 27 6 0.3297 0.02832 0.02832
BinVal : 27 7 0.3048 0.03346 0.03346
BinVal : 27 8 0.1614 0.0231 0.0231
BinVal : 27 9 0.2308 0.1106 0.1106
BinVal : 27 10 0.2308 0.1106 0.1106
BinVal : 27 11 0.2308 0.1106 0.1106
BinVal : 27 12 0.2308 0.1106 0.1106
BinVal : 28 0 0 0 0
BinVal : 28 1 0 0 0
BinVal : 28 2 0 0 0
BinVal : 28 3 0 0 0
BinVal : 28 4 0.1356 0.04504 0.04504
BinVal : 28 5 0.2564 0.04007 0.04007
BinVal : 28 6 0.3382 0.05633 0.05633
BinVal : 28 7 0.2258 0.05254 0.05254
BinVal : 28 8 0.1746 0.04776 0.04776
BinVal : 28 9 0.1746 0.04776 0.04776
BinVal : 28 10 0.1746 0.04776 0.04776
BinVal : 28 11 0.1746 0.04776 0.04776
BinVal : 28 12 0.1746 0.04776 0.04776
