D0NoteID : 0
EffName : SC5JET_9_PV3_20_v155
EffType : Binned
EffVarNames : DetEta pT
EffVersion : 6
ObjQuality : Loose
ObjType : Electron
ObjVersion : 11
TriggerVersion : v15b
BinEdgesX : -3.2 -2.5 -2 -1.5 -1.1 -0.6 0 0.6 1.1 1.5 2 2.5 3.2
BinEdgesY : 0 10 15 20 22 25 30 35 40 50 60 70 80 1000
BinVal : 0 0 0 0 0
BinVal : 0 1 0 0 0
BinVal : 0 2 0.07412 0.009666 0.009666
BinVal : 0 3 0.4673 0.02363 0.02363
BinVal : 0 4 0.7707 0.0135 0.0135
BinVal : 0 5 0.9619 0.004312 0.004312
BinVal : 0 6 0.993 0.00193 0.00193
BinVal : 0 7 0.9771 0.003935 0.003935
BinVal : 0 8 0.9629 0.004548 0.004548
BinVal : 0 9 0.9806 0.01254 0.01254
BinVal : 0 10 1 0.03446 0.03446
BinVal : 0 11 1 0.1409 0.1409
BinVal : 0 12 1 0.1936 0.1936
BinVal : 1 0 0 0 0
BinVal : 1 1 0 0 0
BinVal : 1 2 0.1114 0.01162 0.01162
BinVal : 1 3 0.6081 0.02093 0.02093
BinVal : 1 4 0.8289 0.01053 0.01053
BinVal : 1 5 0.9739 0.003074 0.003074
BinVal : 1 6 0.9962 0.0011 0.0011
BinVal : 1 7 0.9924 0.001516 0.001516
BinVal : 1 8 0.9805 0.002009 0.002009
BinVal : 1 9 0.9857 0.005309 0.005309
BinVal : 1 10 0.9882 0.01598 0.01598
BinVal : 1 11 1 0.04343 0.04343
BinVal : 1 12 1 0.04756 0.04756
BinVal : 2 0 0 0 0
BinVal : 2 1 0 0 0
BinVal : 2 2 0.1465 0.01999 0.01999
BinVal : 2 3 0.7127 0.02753 0.02753
BinVal : 2 4 0.8533 0.01363 0.01363
BinVal : 2 5 0.9777 0.00389 0.00389
BinVal : 2 6 0.9965 0.001415 0.001415
BinVal : 2 7 0.9938 0.001705 0.001705
BinVal : 2 8 0.9861 0.002026 0.002026
BinVal : 2 9 0.9881 0.00577 0.00577
BinVal : 2 10 0.9836 0.02192 0.02192
BinVal : 2 11 1 0.05255 0.05255
BinVal : 2 12 1 0.05255 0.05255
BinVal : 3 0 0 0 0
BinVal : 3 1 0 0 0
BinVal : 3 2 0 0 0
BinVal : 3 3 0 0 0
BinVal : 3 4 0 0 0
BinVal : 3 5 0 0 0
BinVal : 3 6 0 0 0
BinVal : 3 7 0 0 0
BinVal : 3 8 0 0 0
BinVal : 3 9 0 0 0
BinVal : 3 10 0 0 0
BinVal : 3 11 0 0 0
BinVal : 3 12 0 0 0
BinVal : 4 0 0 0 0
BinVal : 4 1 0 0 0
BinVal : 4 2 0.183 0.0217 0.0217
BinVal : 4 3 0.7371 0.02879 0.02879
BinVal : 4 4 0.9076 0.0117 0.0117
BinVal : 4 5 0.9637 0.004376 0.004376
BinVal : 4 6 0.976 0.002554 0.002554
BinVal : 4 7 0.9798 0.001734 0.001734
BinVal : 4 8 0.9799 0.001113 0.001113
BinVal : 4 9 0.9783 0.00292 0.00292
BinVal : 4 10 0.9669 0.008342 0.008342
BinVal : 4 11 0.9843 0.01023 0.01023
BinVal : 4 12 1 0.006757 0.006757
BinVal : 5 0 0 0 0
BinVal : 5 1 0 0 0
BinVal : 5 2 0.212 0.02425 0.02425
BinVal : 5 3 0.8256 0.02362 0.02362
BinVal : 5 4 0.9284 0.009623 0.009623
BinVal : 5 5 0.9625 0.00396 0.00396
BinVal : 5 6 0.969 0.002697 0.002697
BinVal : 5 7 0.9739 0.001844 0.001844
BinVal : 5 8 0.9733 0.00115 0.00115
BinVal : 5 9 0.972 0.002978 0.002978
BinVal : 5 10 0.9694 0.007262 0.007262
BinVal : 5 11 0.9828 0.009433 0.009433
BinVal : 5 12 0.9944 0.007706 0.007706
BinVal : 6 0 0 0 0
BinVal : 6 1 0 0 0
BinVal : 6 2 0.176 0.0233 0.0233
BinVal : 6 3 0.7882 0.02553 0.02553
BinVal : 6 4 0.8921 0.01248 0.01248
BinVal : 6 5 0.9635 0.004303 0.004303
BinVal : 6 6 0.9763 0.002438 0.002438
BinVal : 6 7 0.9791 0.00173 0.00173
BinVal : 6 8 0.9777 0.001155 0.001155
BinVal : 6 9 0.9783 0.002818 0.002818
BinVal : 6 10 0.9857 0.005719 0.005719
BinVal : 6 11 0.9841 0.01033 0.01033
BinVal : 6 12 0.9924 0.01044 0.01044
BinVal : 7 0 0 0 0
BinVal : 7 1 0 0 0
BinVal : 7 2 0.1259 0.02876 0.02876
BinVal : 7 3 0.7383 0.04213 0.04213
BinVal : 7 4 0.8427 0.02314 0.02314
BinVal : 7 5 0.9562 0.007791 0.007791
BinVal : 7 6 0.9846 0.002988 0.002988
BinVal : 7 7 0.9877 0.002014 0.002014
BinVal : 7 8 0.9868 0.001427 0.001427
BinVal : 7 9 0.9893 0.003191 0.003191
BinVal : 7 10 0.9899 0.008531 0.008531
BinVal : 7 11 0.9878 0.01654 0.01654
BinVal : 7 12 1 0.01695 0.01695
BinVal : 8 0 0 0 0
BinVal : 8 1 0 0 0
BinVal : 8 2 0 0 0
BinVal : 8 3 0 0 0
BinVal : 8 4 0 0 0
BinVal : 8 5 0 0 0
BinVal : 8 6 0 0 0
BinVal : 8 7 0 0 0
BinVal : 8 8 0 0 0
BinVal : 8 9 0 0 0
BinVal : 8 10 0 0 0
BinVal : 8 11 0 0 0
BinVal : 8 12 0 0 0
BinVal : 9 0 0 0 0
BinVal : 9 1 0 0 0
BinVal : 9 2 0.09924 0.01069 0.01069
BinVal : 9 3 0.5802 0.02089 0.02089
BinVal : 9 4 0.8112 0.01121 0.01121
BinVal : 9 5 0.9718 0.003189 0.003189
BinVal : 9 6 0.9946 0.001292 0.001292
BinVal : 9 7 0.9934 0.001425 0.001425
BinVal : 9 8 0.9791 0.002066 0.002066
BinVal : 9 9 0.9799 0.005939 0.005939
BinVal : 9 10 0.9798 0.01681 0.01681
BinVal : 9 11 0.9583 0.05128 0.05128
BinVal : 9 12 1 0.04163 0.04163
BinVal : 10 0 0 0 0
BinVal : 10 1 0 0 0
BinVal : 10 2 0.05386 0.007958 0.007958
BinVal : 10 3 0.4379 0.02269 0.02269
BinVal : 10 4 0.7432 0.01416 0.01416
BinVal : 10 5 0.9465 0.004955 0.004955
BinVal : 10 6 0.9874 0.00254 0.00254
BinVal : 10 7 0.9817 0.003474 0.003474
BinVal : 10 8 0.9617 0.004508 0.004508
BinVal : 10 9 0.9752 0.0118 0.0118
BinVal : 10 10 1 0.04756 0.04756
BinVal : 10 11 1 0.1633 0.1633
BinVal : 10 12 1 0.1409 0.1409
BinVal : 11 0 0 0 0
BinVal : 11 1 0 0 0
BinVal : 11 2 0.04678 0.01167 0.01167
BinVal : 11 3 0.342 0.03392 0.03392
BinVal : 11 4 0.7082 0.02335 0.02335
BinVal : 11 5 0.9259 0.009245 0.009245
BinVal : 11 6 0.9758 0.006585 0.006585
BinVal : 11 7 0.9477 0.0119 0.0119
BinVal : 11 8 0.9354 0.01265 0.01265
BinVal : 11 9 1 0.03569 0.03569
BinVal : 11 10 1 0.1633 0.1633
BinVal : 11 11 1 0.1633 0.1633
BinVal : 11 12 1 0.1633 0.1633
