D0NoteID : 0
EffName : SC5JET_9_PV3_25_v165
EffType : Binned
EffVarNames : DetEta pT
EffVersion : 6
ObjQuality : Point2
ObjType : Electron
ObjVersion : 1
TriggerVersion : v16
TriggerVersionHigh : 16.99
TriggerVersionLow : 16.50
BinEdgesX : -3.2 -2.8 -2.5 -2.3 -2.1 -1.9 -1.7 -1.5 -1.3 -1.1 -0.9 -0.7 -0.5 -0.3 -0.1 0.1 0.3 0.5 0.7 0.9 1.1 1.3 1.5 1.7 1.9 2.1 2.3 2.5 2.8 3.2
BinEdgesY : 0 10 15 20 22 25 30 35 40 50 60 70 80 1000
BinVal : 0 0 0 0 0
BinVal : 0 1 0 0 0
BinVal : 0 2 0 0 0
BinVal : 0 3 0 0 0
BinVal : 0 4 0.03125 0.03977 0.03977
BinVal : 0 5 0.8304 0.03547 0.03547
BinVal : 0 6 0.989 0.01496 0.01496
BinVal : 0 7 0.9825 0.02336 0.02336
BinVal : 0 8 0.9444 0.02898 0.02898
BinVal : 0 9 1 0.1633 0.1633
BinVal : 0 10 1 0.2357 0.2357
BinVal : 0 11 1 0.2357 0.2357
BinVal : 0 12 1 0.2357 0.2357
BinVal : 1 0 0 0 0
BinVal : 1 1 0 0 0
BinVal : 1 2 0 0 0
BinVal : 1 3 0.03448 0.04343 0.04343
BinVal : 1 4 0.1495 0.03459 0.03459
BinVal : 1 5 0.8874 0.01828 0.01828
BinVal : 1 6 0.9939 0.005217 0.005217
BinVal : 1 7 0.9915 0.007277 0.007277
BinVal : 1 8 0.9696 0.009346 0.009346
BinVal : 1 9 0.9677 0.04092 0.04092
BinVal : 1 10 1 0.1102 0.1102
BinVal : 1 11 1 0.1102 0.1102
BinVal : 1 12 1 0.1102 0.1102
BinVal : 2 0 0 0 0
BinVal : 2 1 0 0 0
BinVal : 2 2 0 0 0
BinVal : 2 3 0.01961 0.02593 0.02593
BinVal : 2 4 0.1644 0.0307 0.0307
BinVal : 2 5 0.9075 0.0135 0.0135
BinVal : 2 6 0.9929 0.003958 0.003958
BinVal : 2 7 0.9876 0.00541 0.00541
BinVal : 2 8 0.9567 0.007573 0.007573
BinVal : 2 9 0.9659 0.0216 0.0216
BinVal : 2 10 1 0.06236 0.06236
BinVal : 2 11 1 0.06236 0.06236
BinVal : 2 12 0.75 0.1782 0.1782
BinVal : 3 0 0 0 0
BinVal : 3 1 0 0 0
BinVal : 3 2 0.02778 0.01777 0.01777
BinVal : 3 3 0.02778 0.01777 0.01777
BinVal : 3 4 0.1739 0.03225 0.03225
BinVal : 3 5 0.9023 0.01317 0.01317
BinVal : 3 6 0.9824 0.005005 0.005005
BinVal : 3 7 0.9884 0.004026 0.004026
BinVal : 3 8 0.9559 0.006017 0.006017
BinVal : 3 9 0.9745 0.0138 0.0138
BinVal : 3 10 0.9444 0.06547 0.06547
BinVal : 3 11 0.5 0.2236 0.2236
BinVal : 3 12 1 0.1633 0.1633
BinVal : 4 0 0 0 0
BinVal : 4 1 0 0 0
BinVal : 4 2 0.02727 0.01746 0.01746
BinVal : 4 3 0.01408 0.01898 0.01898
BinVal : 4 4 0.2687 0.03112 0.03112
BinVal : 4 5 0.9244 0.01157 0.01157
BinVal : 4 6 0.9854 0.003992 0.003992
BinVal : 4 7 0.9887 0.003213 0.003213
BinVal : 4 8 0.9692 0.003941 0.003941
BinVal : 4 9 0.967 0.01127 0.01127
BinVal : 4 10 0.9706 0.03766 0.03766
BinVal : 4 11 1 0.09938 0.09938
BinVal : 4 12 1 0.1409 0.1409
BinVal : 5 0 0 0 0
BinVal : 5 1 0 0 0
BinVal : 5 2 0.009009 0.01235 0.01235
BinVal : 5 3 0.03529 0.02233 0.02233
BinVal : 5 4 0.3333 0.0281 0.0281
BinVal : 5 5 0.9412 0.008873 0.008873
BinVal : 5 6 0.992 0.002792 0.002792
BinVal : 5 7 0.9904 0.00255 0.00255
BinVal : 5 8 0.9786 0.002685 0.002685
BinVal : 5 9 0.978 0.007591 0.007591
BinVal : 5 10 0.9841 0.02126 0.02126
BinVal : 5 11 0.9412 0.06862 0.06862
BinVal : 5 12 1 0.07122 0.07122
BinVal : 6 0 0 0 0
BinVal : 6 1 0 0 0
BinVal : 6 2 0.01695 0.02262 0.02262
BinVal : 6 3 0.03922 0.03145 0.03145
BinVal : 6 4 0.36 0.03885 0.03885
BinVal : 6 5 0.9417 0.01145 0.01145
BinVal : 6 6 0.9914 0.004176 0.004176
BinVal : 6 7 0.9932 0.002979 0.002979
BinVal : 6 8 0.9821 0.003237 0.003237
BinVal : 6 9 0.9914 0.007308 0.007308
BinVal : 6 10 0.9744 0.03324 0.03324
BinVal : 6 11 0.9091 0.09643 0.09643
BinVal : 6 12 1 0.09938 0.09938
BinVal : 7 0 0 0 0
BinVal : 7 1 0 0 0
BinVal : 7 2 0 0 0
BinVal : 7 3 0 0 0
BinVal : 7 4 0 0 0
BinVal : 7 5 0 0 0
BinVal : 7 6 0 0 0
BinVal : 7 7 0 0 0
BinVal : 7 8 0 0 0
BinVal : 7 9 0 0 0
BinVal : 7 10 0 0 0
BinVal : 7 11 0 0 0
BinVal : 7 12 0 0 0
BinVal : 8 0 0 0 0
BinVal : 8 1 0 0 0
BinVal : 8 2 0 0 0
BinVal : 8 3 0 0 0
BinVal : 8 4 0 0 0
BinVal : 8 5 0 0 0
BinVal : 8 6 0 0 0
BinVal : 8 7 0 0 0
BinVal : 8 8 0 0 0
BinVal : 8 9 0 0 0
BinVal : 8 10 0 0 0
BinVal : 8 11 0 0 0
BinVal : 8 12 0 0 0
BinVal : 9 0 0 0 0
BinVal : 9 1 0 0 0
BinVal : 9 2 0.01282 0.01735 0.01735
BinVal : 9 3 0.01429 0.01923 0.01923
BinVal : 9 4 0.145 0.03088 0.03088
BinVal : 9 5 0.7748 0.0198 0.0198
BinVal : 9 6 0.9533 0.005969 0.005969
BinVal : 9 7 0.9791 0.003014 0.003014
BinVal : 9 8 0.9832 0.001858 0.001858
BinVal : 9 9 0.988 0.003958 0.003958
BinVal : 9 10 0.9848 0.01273 0.01273
BinVal : 9 11 1 0.02499 0.02499
BinVal : 9 12 1 0.03331 0.03331
BinVal : 10 0 0 0 0
BinVal : 10 1 0 0 0
BinVal : 10 2 0.01905 0.01588 0.01588
BinVal : 10 3 0.01235 0.01673 0.01673
BinVal : 10 4 0.1531 0.02576 0.02576
BinVal : 10 5 0.8098 0.0161 0.0161
BinVal : 10 6 0.9613 0.005198 0.005198
BinVal : 10 7 0.9802 0.002736 0.002736
BinVal : 10 8 0.98 0.001826 0.001826
BinVal : 10 9 0.9869 0.003747 0.003747
BinVal : 10 10 0.9881 0.01007 0.01007
BinVal : 10 11 0.9783 0.02855 0.02855
BinVal : 10 12 1 0.02563 0.02563
BinVal : 11 0 0 0 0
BinVal : 11 1 0 0 0
BinVal : 11 2 0.01802 0.01506 0.01506
BinVal : 11 3 0.02353 0.01945 0.01945
BinVal : 11 4 0.1927 0.02667 0.02667
BinVal : 11 5 0.8097 0.01462 0.01462
BinVal : 11 6 0.9618 0.005286 0.005286
BinVal : 11 7 0.9776 0.00295 0.00295
BinVal : 11 8 0.9764 0.001947 0.001947
BinVal : 11 9 0.9817 0.004385 0.004385
BinVal : 11 10 0.9886 0.009675 0.009675
BinVal : 11 11 0.9483 0.03194 0.03194
BinVal : 11 12 1 0.02222 0.02222
BinVal : 12 0 0 0 0
BinVal : 12 1 0 0 0
BinVal : 12 2 0.02062 0.01714 0.01714
BinVal : 12 3 0.02151 0.01785 0.01785
BinVal : 12 4 0.2396 0.02888 0.02888
BinVal : 12 5 0.8428 0.01252 0.01252
BinVal : 12 6 0.9638 0.005171 0.005171
BinVal : 12 7 0.9671 0.003777 0.003777
BinVal : 12 8 0.9699 0.002186 0.002186
BinVal : 12 9 0.9729 0.005127 0.005127
BinVal : 12 10 0.9641 0.01528 0.01528
BinVal : 12 11 0.9688 0.02545 0.02545
BinVal : 12 12 1 0.02127 0.02127
BinVal : 13 0 0 0 0
BinVal : 13 1 0 0 0
BinVal : 13 2 0.04651 0.02454 0.02454
BinVal : 13 3 0.03846 0.02422 0.02422
BinVal : 13 4 0.2523 0.02904 0.02904
BinVal : 13 5 0.8771 0.01099 0.01099
BinVal : 13 6 0.9633 0.005135 0.005135
BinVal : 13 7 0.9633 0.0043 0.0043
BinVal : 13 8 0.9687 0.002219 0.002219
BinVal : 13 9 0.9708 0.005229 0.005229
BinVal : 13 10 0.9639 0.01537 0.01537
BinVal : 13 11 0.9857 0.01923 0.01923
BinVal : 13 12 0.9762 0.03105 0.03105
BinVal : 14 0 0 0 0
BinVal : 14 1 0 0 0
BinVal : 14 2 0.0375 0.02364 0.02364
BinVal : 14 3 0.06024 0.02762 0.02762
BinVal : 14 4 0.2544 0.02873 0.02873
BinVal : 14 5 0.8632 0.01181 0.01181
BinVal : 14 6 0.9611 0.005223 0.005223
BinVal : 14 7 0.9733 0.003717 0.003717
BinVal : 14 8 0.9695 0.00218 0.00218
BinVal : 14 9 0.9674 0.005563 0.005563
BinVal : 14 10 0.9845 0.01007 0.01007
BinVal : 14 11 0.9831 0.02262 0.02262
BinVal : 14 12 0.9783 0.02855 0.02855
BinVal : 15 0 0 0 0
BinVal : 15 1 0 0 0
BinVal : 15 2 0 0 0
BinVal : 15 3 0.06316 0.02614 0.02614
BinVal : 15 4 0.2418 0.02732 0.02732
BinVal : 15 5 0.8499 0.01259 0.01259
BinVal : 15 6 0.9555 0.005421 0.005421
BinVal : 15 7 0.9718 0.003645 0.003645
BinVal : 15 8 0.9704 0.002166 0.002166
BinVal : 15 9 0.9703 0.00523 0.00523
BinVal : 15 10 0.9947 0.007346 0.007346
BinVal : 15 11 0.9825 0.02336 0.02336
BinVal : 15 12 1 0.01818 0.01818
BinVal : 16 0 0 0 0
BinVal : 16 1 0 0 0
BinVal : 16 2 0 0 0
BinVal : 16 3 0.04706 0.02481 0.02481
BinVal : 16 4 0.2735 0.02836 0.02836
BinVal : 16 5 0.8503 0.01323 0.01323
BinVal : 16 6 0.9591 0.005114 0.005114
BinVal : 16 7 0.9721 0.003329 0.003329
BinVal : 16 8 0.9767 0.001958 0.001958
BinVal : 16 9 0.982 0.004185 0.004185
BinVal : 16 10 1 0.005882 0.005882
BinVal : 16 11 0.9859 0.01898 0.01898
BinVal : 16 12 1 0.01923 0.01923
BinVal : 17 0 0 0 0
BinVal : 17 1 0 0 0
BinVal : 17 2 0.008197 0.01127 0.01127
BinVal : 17 3 0.0122 0.01654 0.01654
BinVal : 17 4 0.2466 0.02876 0.02876
BinVal : 17 5 0.8516 0.01398 0.01398
BinVal : 17 6 0.9674 0.00457 0.00457
BinVal : 17 7 0.9784 0.00276 0.00276
BinVal : 17 8 0.981 0.001784 0.001784
BinVal : 17 9 0.9852 0.004055 0.004055
BinVal : 17 10 0.9815 0.01201 0.01201
BinVal : 17 11 0.9683 0.02583 0.02583
BinVal : 17 12 1 0.02325 0.02325
BinVal : 18 0 0 0 0
BinVal : 18 1 0 0 0
BinVal : 18 2 0.02222 0.01842 0.01842
BinVal : 18 3 0.01515 0.02034 0.02034
BinVal : 18 4 0.1758 0.02962 0.02962
BinVal : 18 5 0.8479 0.0152 0.0152
BinVal : 18 6 0.9646 0.00495 0.00495
BinVal : 18 7 0.9829 0.002636 0.002636
BinVal : 18 8 0.9841 0.001784 0.001784
BinVal : 18 9 0.989 0.004093 0.004093
BinVal : 18 10 0.9771 0.01475 0.01475
BinVal : 18 11 0.9583 0.03325 0.03325
BinVal : 18 12 0.9688 0.03977 0.03977
BinVal : 19 0 0 0 0
BinVal : 19 1 0 0 0
BinVal : 19 2 0.0303 0.03869 0.03869
BinVal : 19 3 0.04167 0.05128 0.05128
BinVal : 19 4 0.1935 0.0499 0.0499
BinVal : 19 5 0.8427 0.02314 0.02314
BinVal : 19 6 0.9638 0.007527 0.007527
BinVal : 19 7 0.9875 0.003579 0.003579
BinVal : 19 8 0.9872 0.002539 0.002539
BinVal : 19 9 0.9931 0.005931 0.005931
BinVal : 19 10 1 0.01818 0.01818
BinVal : 19 11 1 0.0454 0.0454
BinVal : 19 12 0.9286 0.08021 0.08021
BinVal : 20 0 0 0 0
BinVal : 20 1 0 0 0
BinVal : 20 2 0 0 0
BinVal : 20 3 0 0 0
BinVal : 20 4 0 0 0
BinVal : 20 5 0 0 0
BinVal : 20 6 0 0 0
BinVal : 20 7 0 0 0
BinVal : 20 8 0 0 0
BinVal : 20 9 0 0 0
BinVal : 20 10 0 0 0
BinVal : 20 11 0 0 0
BinVal : 20 12 0 0 0
BinVal : 21 0 0 0 0
BinVal : 21 1 0 0 0
BinVal : 21 2 0 0 0
BinVal : 21 3 0 0 0
BinVal : 21 4 0 0 0
BinVal : 21 5 0 0 0
BinVal : 21 6 0 0 0
BinVal : 21 7 0 0 0
BinVal : 21 8 0 0 0
BinVal : 21 9 0 0 0
BinVal : 21 10 0 0 0
BinVal : 21 11 0 0 0
BinVal : 21 12 0 0 0
BinVal : 22 0 0 0 0
BinVal : 22 1 0 0 0
BinVal : 22 2 0 0 0
BinVal : 22 3 0.0297 0.01894 0.01894
BinVal : 22 4 0.2925 0.02848 0.02848
BinVal : 22 5 0.9149 0.01082 0.01082
BinVal : 22 6 0.9947 0.002327 0.002327
BinVal : 22 7 0.9912 0.002525 0.002525
BinVal : 22 8 0.9816 0.002574 0.002574
BinVal : 22 9 0.9712 0.009339 0.009339
BinVal : 22 10 0.9831 0.02262 0.02262
BinVal : 22 11 1 0.1237 0.1237
BinVal : 22 12 1 0.07666 0.07666
BinVal : 23 0 0 0 0
BinVal : 23 1 0 0 0
BinVal : 23 2 0 0 0
BinVal : 23 3 0 0 0
BinVal : 23 4 0.1828 0.02831 0.02831
BinVal : 23 5 0.9025 0.01303 0.01303
BinVal : 23 6 0.992 0.003201 0.003201
BinVal : 23 7 0.9888 0.003344 0.003344
BinVal : 23 8 0.9705 0.003984 0.003984
BinVal : 23 9 0.9648 0.01281 0.01281
BinVal : 23 10 0.9231 0.04578 0.04578
BinVal : 23 11 1 0.08299 0.08299
BinVal : 23 12 1 0.1936 0.1936
BinVal : 24 0 0 0 0
BinVal : 24 1 0 0 0
BinVal : 24 2 0 0 0
BinVal : 24 3 0 0 0
BinVal : 24 4 0.1154 0.0283 0.0283
BinVal : 24 5 0.8673 0.01599 0.01599
BinVal : 24 6 0.9878 0.004511 0.004511
BinVal : 24 7 0.9895 0.003916 0.003916
BinVal : 24 8 0.9693 0.005168 0.005168
BinVal : 24 9 0.992 0.011 0.011
BinVal : 24 10 0.9048 0.06875 0.06875
BinVal : 24 11 1 0.09938 0.09938
BinVal : 24 12 1 0.2357 0.2357
BinVal : 25 0 0 0 0
BinVal : 25 1 0 0 0
BinVal : 25 2 0 0 0
BinVal : 25 3 0 0 0
BinVal : 25 4 0.1345 0.03146 0.03146
BinVal : 25 5 0.8373 0.01806 0.01806
BinVal : 25 6 0.991 0.004378 0.004378
BinVal : 25 7 0.988 0.005249 0.005249
BinVal : 25 8 0.9622 0.00711 0.00711
BinVal : 25 9 0.9867 0.01801 0.01801
BinVal : 25 10 1 0.07122 0.07122
BinVal : 25 11 0.5 0.2236 0.2236
BinVal : 25 12 0.5 0.2236 0.2236
BinVal : 26 0 0 0 0
BinVal : 26 1 0 0 0
BinVal : 26 2 0 0 0
BinVal : 26 3 0 0 0
BinVal : 26 4 0.1585 0.04042 0.04042
BinVal : 26 5 0.8294 0.02175 0.02175
BinVal : 26 6 0.9918 0.005412 0.005412
BinVal : 26 7 0.9798 0.00966 0.00966
BinVal : 26 8 0.9642 0.009653 0.009653
BinVal : 26 9 0.9487 0.04018 0.04018
BinVal : 26 10 1 0.1633 0.1633
BinVal : 26 11 1 0.1633 0.1633
BinVal : 26 12 1 0.1633 0.1633
BinVal : 27 0 0 0 0
BinVal : 27 1 0 0 0
BinVal : 27 2 0 0 0
BinVal : 27 3 0 0 0
BinVal : 27 4 0.1154 0.06498 0.06498
BinVal : 27 5 0.8077 0.03853 0.03853
BinVal : 27 6 0.9826 0.01455 0.01455
BinVal : 27 7 0.96 0.02513 0.02513
BinVal : 27 8 0.98 0.01665 0.01665
BinVal : 27 9 0.8571 0.1315 0.1315
BinVal : 27 10 0.8571 0.1315 0.1315
BinVal : 27 11 0.8571 0.1315 0.1315
BinVal : 27 12 0.8571 0.1315 0.1315
BinVal : 28 0 0 0 0
BinVal : 28 1 0 0 0
BinVal : 28 2 0 0 0
BinVal : 28 3 0 0 0
BinVal : 28 4 0 0 0
BinVal : 28 5 0.8333 0.1443 0.1443
BinVal : 28 6 1 0.1102 0.1102
BinVal : 28 7 0.75 0.1782 0.1782
BinVal : 28 8 1 0.1237 0.1237
BinVal : 28 9 1 0.1237 0.1237
BinVal : 28 10 1 0.1237 0.1237
BinVal : 28 11 1 0.1237 0.1237
BinVal : 28 12 1 0.1237 0.1237
 





