D0NoteID : 0
EffName : SINGLEELE_AND_GROUP1_v15
EffType : Binned
EffVarNames : DetEta pT
EffVersion : 6
ObjQuality : VLoose
ObjType : Electron
ObjVersion : 11
BinEdgesX : -3.2 -2.8 -2.5 -2.3 -2.1 -1.9 -1.7 -1.5 -1.3 -1.1 -0.9 -0.7 -0.5 -0.3 -0.1 0.1 0.3 0.5 0.7 0.9 1.1 1.3 1.5 1.7 1.9 2.1 2.3 2.5 2.8 3.2
BinEdgesY : 0 10 15 20 22 25 30 35 40 50 60 70 80 1000
BinVal : 0 0 0 0 0
BinVal : 0 1 0 0 0
BinVal : 0 2 0.01333 0.01801 0.01801
BinVal : 0 3 0.08621 0.03841 0.03841
BinVal : 0 4 0.3136 0.04229 0.04229
BinVal : 0 5 0.6102 0.02582 0.02582
BinVal : 0 6 0.7046 0.02711 0.02711
BinVal : 0 7 0.6995 0.03281 0.03281
BinVal : 0 8 0.8426 0.02378 0.02378
BinVal : 0 9 0.8571 0.1315 0.1315
BinVal : 0 10 1 0.2357 0.2357
BinVal : 0 11 1 0.2357 0.2357
BinVal : 0 12 1 0.2357 0.2357
BinVal : 1 0 0 0 0
BinVal : 1 1 0 0 0
BinVal : 1 2 0.02151 0.01785 0.01785
BinVal : 1 3 0.08537 0.03184 0.03184
BinVal : 1 4 0.3459 0.04085 0.04085
BinVal : 1 5 0.7146 0.02119 0.02119
BinVal : 1 6 0.8118 0.0186 0.0186
BinVal : 1 7 0.868 0.0195 0.0195
BinVal : 1 8 0.9123 0.01426 0.01426
BinVal : 1 9 0.96 0.04949 0.04949
BinVal : 1 10 1 0.1936 0.1936
BinVal : 1 11 1 0.1936 0.1936
BinVal : 1 12 1 0.1936 0.1936
BinVal : 2 0 0 0 0
BinVal : 2 1 0 0 0
BinVal : 2 2 0.02247 0.01862 0.01862
BinVal : 2 3 0.1446 0.03881 0.03881
BinVal : 2 4 0.4 0.04099 0.04099
BinVal : 2 5 0.6931 0.02131 0.02131
BinVal : 2 6 0.812 0.01637 0.01637
BinVal : 2 7 0.9054 0.0143 0.0143
BinVal : 2 8 0.8903 0.0134 0.0134
BinVal : 2 9 0.9796 0.02692 0.02692
BinVal : 2 10 1 0.1633 0.1633
BinVal : 2 11 1 0.2357 0.2357
BinVal : 2 12 1 0.2357 0.2357
BinVal : 3 0 0 0 0
BinVal : 3 1 0 0 0
BinVal : 3 2 0.01 0.01366 0.01366
BinVal : 3 3 0.1412 0.038 0.038
BinVal : 3 4 0.4355 0.03607 0.03607
BinVal : 3 5 0.676 0.02088 0.02088
BinVal : 3 6 0.792 0.01511 0.01511
BinVal : 3 7 0.8603 0.01383 0.01383
BinVal : 3 8 0.8825 0.01106 0.01106
BinVal : 3 9 0.9878 0.01654 0.01654
BinVal : 3 10 1 0.08299 0.08299
BinVal : 3 11 1 0.1633 0.1633
BinVal : 3 12 1 0.2357 0.2357
BinVal : 4 0 0 0 0
BinVal : 4 1 0 0 0
BinVal : 4 2 0 0 0
BinVal : 4 3 0.08955 0.03609 0.03609
BinVal : 4 4 0.4608 0.03465 0.03465
BinVal : 4 5 0.6765 0.02067 0.02067
BinVal : 4 6 0.7937 0.01466 0.01466
BinVal : 4 7 0.8422 0.01238 0.01238
BinVal : 4 8 0.88 0.00939 0.00939
BinVal : 4 9 0.9841 0.01332 0.01332
BinVal : 4 10 0.9286 0.08021 0.08021
BinVal : 4 11 1 0.1237 0.1237
BinVal : 4 12 1 0.1936 0.1936
BinVal : 5 0 0 0 0
BinVal : 5 1 0 0 0
BinVal : 5 2 0.0339 0.01817 0.01817
BinVal : 5 3 0.2 0.04753 0.04753
BinVal : 5 4 0.5538 0.03533 0.03533
BinVal : 5 5 0.744 0.0187 0.0187
BinVal : 5 6 0.8454 0.01277 0.01277
BinVal : 5 7 0.8868 0.01009 0.01009
BinVal : 5 8 0.908 0.007142 0.007142
BinVal : 5 9 0.9738 0.01246 0.01246
BinVal : 5 10 0.8571 0.07737 0.07737
BinVal : 5 11 0.9091 0.09643 0.09643
BinVal : 5 12 1 0.1936 0.1936
BinVal : 6 0 0 0 0
BinVal : 6 1 0 0 0
BinVal : 6 2 0.08511 0.04281 0.04281
BinVal : 6 3 0.275 0.06889 0.06889
BinVal : 6 4 0.6122 0.04853 0.04853
BinVal : 6 5 0.8188 0.02317 0.02317
BinVal : 6 6 0.8955 0.01497 0.01497
BinVal : 6 7 0.9323 0.01131 0.01131
BinVal : 6 8 0.937 0.007909 0.007909
BinVal : 6 9 0.9744 0.01645 0.01645
BinVal : 6 10 0.8571 0.09466 0.09466
BinVal : 6 11 0.875 0.1206 0.1206
BinVal : 6 12 1 0.2357 0.2357
BinVal : 7 0 0 0 0
BinVal : 7 1 0 0 0
BinVal : 7 2 0 0 0
BinVal : 7 3 0 0 0
BinVal : 7 4 0 0 0
BinVal : 7 5 0 0 0
BinVal : 7 6 0 0 0
BinVal : 7 7 0 0 0
BinVal : 7 8 0 0 0
BinVal : 7 9 0 0 0
BinVal : 7 10 0 0 0
BinVal : 7 11 0 0 0
BinVal : 7 12 0 0 0
BinVal : 8 0 0 0 0
BinVal : 8 1 0 0 0
BinVal : 8 2 0 0 0
BinVal : 8 3 0 0 0
BinVal : 8 4 0 0 0
BinVal : 8 5 0 0 0
BinVal : 8 6 0 0 0
BinVal : 8 7 0 0 0
BinVal : 8 8 0 0 0
BinVal : 8 9 0 0 0
BinVal : 8 10 0 0 0
BinVal : 8 11 0 0 0
BinVal : 8 12 0 0 0
BinVal : 9 0 0 0 0
BinVal : 9 1 0 0 0
BinVal : 9 2 0.05 0.03927 0.03927
BinVal : 9 3 0.4146 0.07437 0.07437
BinVal : 9 4 0.6548 0.0511 0.0511
BinVal : 9 5 0.9234 0.01668 0.01668
BinVal : 9 6 0.9628 0.007132 0.007132
BinVal : 9 7 0.972 0.00459 0.00459
BinVal : 9 8 0.9872 0.002205 0.002205
BinVal : 9 9 0.9951 0.004184 0.004184
BinVal : 9 10 1 0.01351 0.01351
BinVal : 9 11 0.9286 0.08021 0.08021
BinVal : 9 12 1 0.07122 0.07122
BinVal : 10 0 0 0 0
BinVal : 10 1 0 0 0
BinVal : 10 2 0.08511 0.04281 0.04281
BinVal : 10 3 0.383 0.06891 0.06891
BinVal : 10 4 0.7345 0.0412 0.0412
BinVal : 10 5 0.9369 0.01351 0.01351
BinVal : 10 6 0.962 0.006887 0.006887
BinVal : 10 7 0.9751 0.004096 0.004096
BinVal : 10 8 0.9883 0.001902 0.001902
BinVal : 10 9 0.994 0.003956 0.003956
BinVal : 10 10 1 0.01031 0.01031
BinVal : 10 11 1 0.04756 0.04756
BinVal : 10 12 1 0.04163 0.04163
BinVal : 11 0 0 0 0
BinVal : 11 1 0 0 0
BinVal : 11 2 0.1667 0.0538 0.0538
BinVal : 11 3 0.3953 0.07223 0.07223
BinVal : 11 4 0.7838 0.03888 0.03888
BinVal : 11 5 0.9369 0.01212 0.01212
BinVal : 11 6 0.957 0.007513 0.007513
BinVal : 11 7 0.9817 0.003618 0.003618
BinVal : 11 8 0.9897 0.001753 0.001753
BinVal : 11 9 0.9946 0.003568 0.003568
BinVal : 11 10 1 0.01031 0.01031
BinVal : 11 11 1 0.0294 0.0294
BinVal : 11 12 1 0.03701 0.03701
BinVal : 12 0 0 0 0
BinVal : 12 1 0 0 0
BinVal : 12 2 0.1613 0.06615 0.06615
BinVal : 12 3 0.4324 0.0784 0.0784
BinVal : 12 4 0.7383 0.04213 0.04213
BinVal : 12 5 0.9397 0.01161 0.01161
BinVal : 12 6 0.9523 0.008064 0.008064
BinVal : 12 7 0.9836 0.003539 0.003539
BinVal : 12 8 0.9884 0.001793 0.001793
BinVal : 12 9 0.9933 0.003739 0.003739
BinVal : 12 10 1 0.01087 0.01087
BinVal : 12 11 1 0.01923 0.01923
BinVal : 12 12 1 0.03701 0.03701
BinVal : 13 0 0 0 0
BinVal : 13 1 0 0 0
BinVal : 13 2 0.06897 0.05226 0.05226
BinVal : 13 3 0.3103 0.08264 0.08264
BinVal : 13 4 0.7845 0.03799 0.03799
BinVal : 13 5 0.9447 0.01112 0.01112
BinVal : 13 6 0.9657 0.006574 0.006574
BinVal : 13 7 0.9803 0.004051 0.004051
BinVal : 13 8 0.9881 0.001747 0.001747
BinVal : 13 9 0.9966 0.002892 0.002892
BinVal : 13 10 0.981 0.01588 0.01588
BinVal : 13 11 1 0.02127 0.02127
BinVal : 13 12 1 0.02856 0.02856
BinVal : 14 0 0 0 0
BinVal : 14 1 0 0 0
BinVal : 14 2 0.1111 0.05413 0.05413
BinVal : 14 3 0.3103 0.08264 0.08264
BinVal : 14 4 0.8785 0.0319 0.0319
BinVal : 14 5 0.9508 0.01039 0.01039
BinVal : 14 6 0.9733 0.005714 0.005714
BinVal : 14 7 0.9711 0.004796 0.004796
BinVal : 14 8 0.9878 0.001762 0.001762
BinVal : 14 9 0.9929 0.003944 0.003944
BinVal : 14 10 0.9832 0.01408 0.01408
BinVal : 14 11 1 0.02631 0.02631
BinVal : 14 12 1 0.03224 0.03224
BinVal : 15 0 0 0 0
BinVal : 15 1 0 0 0
BinVal : 15 2 0.15 0.05683 0.05683
BinVal : 15 3 0.3243 0.07454 0.07454
BinVal : 15 4 0.8571 0.03553 0.03553
BinVal : 15 5 0.945 0.01131 0.01131
BinVal : 15 6 0.9787 0.005417 0.005417
BinVal : 15 7 0.9682 0.004703 0.004703
BinVal : 15 8 0.988 0.001811 0.001811
BinVal : 15 9 0.9859 0.005217 0.005217
BinVal : 15 10 1 0.008403 0.008403
BinVal : 15 11 1 0.02499 0.02499
BinVal : 15 12 1 0.04993 0.04993
BinVal : 16 0 0 0 0
BinVal : 16 1 0 0 0
BinVal : 16 2 0.1 0.04388 0.04388
BinVal : 16 3 0.381 0.07259 0.07259
BinVal : 16 4 0.757 0.04116 0.04116
BinVal : 16 5 0.9129 0.01459 0.01459
BinVal : 16 6 0.9729 0.006108 0.006108
BinVal : 16 7 0.9767 0.003881 0.003881
BinVal : 16 8 0.9881 0.001861 0.001861
BinVal : 16 9 0.9893 0.004674 0.004674
BinVal : 16 10 1 0.008928 0.008928
BinVal : 16 11 1 0.03123 0.03123
BinVal : 16 12 1 0.03701 0.03701
BinVal : 17 0 0 0 0
BinVal : 17 1 0 0 0
BinVal : 17 2 0.06667 0.03431 0.03431
BinVal : 17 3 0.3488 0.07058 0.07058
BinVal : 17 4 0.7321 0.04149 0.04149
BinVal : 17 5 0.9026 0.01597 0.01597
BinVal : 17 6 0.9692 0.006295 0.006295
BinVal : 17 7 0.973 0.004146 0.004146
BinVal : 17 8 0.9879 0.001905 0.001905
BinVal : 17 9 0.9943 0.003763 0.003763
BinVal : 17 10 1 0.009009 0.009009
BinVal : 17 11 1 0.03701 0.03701
BinVal : 17 12 1 0.03997 0.03997
BinVal : 18 0 0 0 0
BinVal : 18 1 0 0 0
BinVal : 18 2 0.12 0.04688 0.04688
BinVal : 18 3 0.2973 0.07298 0.07298
BinVal : 18 4 0.79 0.04053 0.04053
BinVal : 18 5 0.9156 0.01599 0.01599
BinVal : 18 6 0.9594 0.00735 0.00735
BinVal : 18 7 0.9678 0.004932 0.004932
BinVal : 18 8 0.9895 0.001969 0.001969
BinVal : 18 9 0.9978 0.003125 0.003125
BinVal : 18 10 0.9877 0.01673 0.01673
BinVal : 18 11 1 0.03701 0.03701
BinVal : 18 12 1 0.07122 0.07122
BinVal : 19 0 0 0 0
BinVal : 19 1 0 0 0
BinVal : 19 2 0.25 0.1028 0.1028
BinVal : 19 3 0.3571 0.1174 0.1174
BinVal : 19 4 0.8372 0.05637 0.05637
BinVal : 19 5 0.9301 0.02191 0.02191
BinVal : 19 6 0.9412 0.01296 0.01296
BinVal : 19 7 0.9703 0.007507 0.007507
BinVal : 19 8 0.9918 0.00285 0.00285
BinVal : 19 9 1 0.005405 0.005405
BinVal : 19 10 0.9643 0.0448 0.0448
BinVal : 19 11 1 0.07122 0.07122
BinVal : 19 12 1 0.1237 0.1237
BinVal : 20 0 0 0 0
BinVal : 20 1 0 0 0
BinVal : 20 2 0 0 0
BinVal : 20 3 0 0 0
BinVal : 20 4 0 0 0
BinVal : 20 5 0 0 0
BinVal : 20 6 0 0 0
BinVal : 20 7 0 0 0
BinVal : 20 8 0 0 0
BinVal : 20 9 0 0 0
BinVal : 20 10 0 0 0
BinVal : 20 11 0 0 0
BinVal : 20 12 0 0 0
BinVal : 21 0 0 0 0
BinVal : 21 1 0 0 0
BinVal : 21 2 0 0 0
BinVal : 21 3 0 0 0
BinVal : 21 4 0 0 0
BinVal : 21 5 0 0 0
BinVal : 21 6 0 0 0
BinVal : 21 7 0 0 0
BinVal : 21 8 0 0 0
BinVal : 21 9 0 0 0
BinVal : 21 10 0 0 0
BinVal : 21 11 0 0 0
BinVal : 21 12 0 0 0
BinVal : 22 0 0 0 0
BinVal : 22 1 0 0 0
BinVal : 22 2 0.03922 0.02088 0.02088
BinVal : 22 3 0.2258 0.04305 0.04305
BinVal : 22 4 0.6022 0.0361 0.0361
BinVal : 22 5 0.75 0.0184 0.0184
BinVal : 22 6 0.8319 0.01305 0.01305
BinVal : 22 7 0.882 0.01021 0.01021
BinVal : 22 8 0.9232 0.006539 0.006539
BinVal : 22 9 0.9887 0.009568 0.009568
BinVal : 22 10 0.9268 0.04379 0.04379
BinVal : 22 11 1 0.07122 0.07122
BinVal : 22 12 0.8571 0.1315 0.1315
BinVal : 23 0 0 0 0
BinVal : 23 1 0 0 0
BinVal : 23 2 0.01653 0.01385 0.01385
BinVal : 23 3 0.0989 0.03195 0.03195
BinVal : 23 4 0.5087 0.03768 0.03768
BinVal : 23 5 0.6901 0.02037 0.02037
BinVal : 23 6 0.7885 0.01493 0.01493
BinVal : 23 7 0.837 0.01298 0.01298
BinVal : 23 8 0.8846 0.009088 0.009088
BinVal : 23 9 0.9927 0.01006 0.01006
BinVal : 23 10 0.9286 0.05388 0.05388
BinVal : 23 11 1 0.1237 0.1237
BinVal : 23 12 0.5 0.2236 0.2236
BinVal : 24 0 0 0 0
BinVal : 24 1 0 0 0
BinVal : 24 2 0 0 0
BinVal : 24 3 0.07317 0.02998 0.02998
BinVal : 24 4 0.5241 0.03842 0.03842
BinVal : 24 5 0.7249 0.01997 0.01997
BinVal : 24 6 0.8172 0.01489 0.01489
BinVal : 24 7 0.8459 0.01432 0.01432
BinVal : 24 8 0.8892 0.01092 0.01092
BinVal : 24 9 1 0.009345 0.009345
BinVal : 24 10 1 0.04993 0.04993
BinVal : 24 11 1 0.04993 0.04993
BinVal : 24 12 1 0.04993 0.04993
BinVal : 25 0 0 0 0
BinVal : 25 1 0 0 0
BinVal : 25 2 0.008621 0.01183 0.01183
BinVal : 25 3 0.03509 0.02836 0.02836
BinVal : 25 4 0.4658 0.04087 0.04087
BinVal : 25 5 0.7366 0.02077 0.02077
BinVal : 25 6 0.8234 0.01571 0.01571
BinVal : 25 7 0.8756 0.01603 0.01603
BinVal : 25 8 0.8982 0.01271 0.01271
BinVal : 25 9 1 0.01515 0.01515
BinVal : 25 10 1 0.08299 0.08299
BinVal : 25 11 1 0.1936 0.1936
BinVal : 25 12 1 0.1936 0.1936
BinVal : 26 0 0 0 0
BinVal : 26 1 0 0 0
BinVal : 26 2 0.007812 0.01075 0.01075
BinVal : 26 3 0.03175 0.02583 0.02583
BinVal : 26 4 0.3961 0.03906 0.03906
BinVal : 26 5 0.6847 0.02248 0.02248
BinVal : 26 6 0.8101 0.01762 0.01762
BinVal : 26 7 0.8333 0.02197 0.02197
BinVal : 26 8 0.8549 0.01666 0.01666
BinVal : 26 9 0.9706 0.03766 0.03766
BinVal : 26 10 1 0.1936 0.1936
BinVal : 26 11 1 0.1936 0.1936
BinVal : 26 12 1 0.1936 0.1936
BinVal : 27 0 0 0 0
BinVal : 27 1 0 0 0
BinVal : 27 2 0 0 0
BinVal : 27 3 0.03226 0.02622 0.02622
BinVal : 27 4 0.2819 0.03661 0.03661
BinVal : 27 5 0.5316 0.02664 0.02664
BinVal : 27 6 0.7059 0.02595 0.02595
BinVal : 27 7 0.698 0.03212 0.03212
BinVal : 27 8 0.8029 0.024 0.024
BinVal : 27 9 0.8462 0.1 0.1
BinVal : 27 10 0.8462 0.1 0.1
BinVal : 27 11 0.8462 0.1 0.1
BinVal : 27 12 0.8462 0.1 0.1
BinVal : 28 0 0 0 0
BinVal : 28 1 0 0 0
BinVal : 28 2 0 0 0
BinVal : 28 3 0.03571 0.0448 0.0448
BinVal : 28 4 0.1094 0.03987 0.03987
BinVal : 28 5 0.3223 0.04207 0.04207
BinVal : 28 6 0.4384 0.05694 0.05694
BinVal : 28 7 0.5507 0.05864 0.05864
BinVal : 28 8 0.746 0.0541 0.0541
BinVal : 28 9 0.5 0.2236 0.2236
BinVal : 28 10 0.5 0.2236 0.2236
BinVal : 28 11 0.5 0.2236 0.2236
BinVal : 28 12 0.5 0.2236 0.2236
