D0NoteID : 0
EffName : SINGLEELE_ALL_v14
EffType : Binned
EffVarNames : DetEta pT
EffVersion : 6
ObjQuality : Loose_trk
ObjType : Electron
ObjVersion : 2
BinEdgesX : -3.2 -2.8 -2.5 -2.3 -2.1 -1.9 -1.7 -1.5 -1.3 -1.1 -0.9 -0.7 -0.5 -0.3 -0.1 0.1 0.3 0.5 0.7 0.9 1.1 1.3 1.5 1.7 1.9 2.1 2.3 2.5 2.8 3.2
BinEdgesY : 0 10 15 20 22 25 30 35 40 50 60 70 80 1000
BinVal : 0 0 0 0 0
BinVal : 0 1 0 0 0
BinVal : 0 2 0.18 0.05414 0.05414
BinVal : 0 3 0.4091 0.0986 0.0986
BinVal : 0 4 0.6939 0.06435 0.06435
BinVal : 0 5 0.8018 0.03771 0.03771
BinVal : 0 6 0.9103 0.03333 0.03333
BinVal : 0 7 0.9333 0.04028 0.04028
BinVal : 0 8 0.9057 0.04166 0.04166
BinVal : 0 9 1 0.1633 0.1633
BinVal : 0 10 1 0.1633 0.1633
BinVal : 0 11 1 0.1633 0.1633
BinVal : 0 12 1 0.1633 0.1633
BinVal : 1 0 0 0 0
BinVal : 1 1 0 0 0
BinVal : 1 2 0.2254 0.04913 0.04913
BinVal : 1 3 0.381 0.07259 0.07259
BinVal : 1 4 0.759 0.04651 0.04651
BinVal : 1 5 0.8453 0.02692 0.02692
BinVal : 1 6 0.9545 0.01638 0.01638
BinVal : 1 7 0.9722 0.01777 0.01777
BinVal : 1 8 0.9695 0.01643 0.01643
BinVal : 1 9 1 0.04993 0.04993
BinVal : 1 10 1 0.2357 0.2357
BinVal : 1 11 1 0.2357 0.2357
BinVal : 1 12 1 0.2357 0.2357
BinVal : 2 0 0 0 0
BinVal : 2 1 0 0 0
BinVal : 2 2 0.2817 0.05262 0.05262
BinVal : 2 3 0.4808 0.06737 0.06737
BinVal : 2 4 0.7745 0.04112 0.04112
BinVal : 2 5 0.8505 0.02565 0.02565
BinVal : 2 6 0.983 0.009315 0.009315
BinVal : 2 7 0.9877 0.01043 0.01043
BinVal : 2 8 1 0.004016 0.004016
BinVal : 2 9 1 0.02777 0.02777
BinVal : 2 10 1 0.1409 0.1409
BinVal : 2 11 1 0.1409 0.1409
BinVal : 2 12 1 0.1409 0.1409
BinVal : 3 0 0 0 0
BinVal : 3 1 0 0 0
BinVal : 3 2 0.3288 0.05407 0.05407
BinVal : 3 3 0.58 0.06786 0.06786
BinVal : 3 4 0.7685 0.04032 0.04032
BinVal : 3 5 0.852 0.02382 0.02382
BinVal : 3 6 0.9892 0.007104 0.007104
BinVal : 3 7 0.9789 0.0101 0.0101
BinVal : 3 8 0.9923 0.005095 0.005095
BinVal : 3 9 0.973 0.03488 0.03488
BinVal : 3 10 1 0.1237 0.1237
BinVal : 3 11 1 0.1633 0.1633
BinVal : 3 12 1 0.2357 0.2357
BinVal : 4 0 0 0 0
BinVal : 4 1 0 0 0
BinVal : 4 2 0.3636 0.06334 0.06334
BinVal : 4 3 0.5926 0.06516 0.06516
BinVal : 4 4 0.7965 0.03773 0.03773
BinVal : 4 5 0.9073 0.01859 0.01859
BinVal : 4 6 0.9908 0.006051 0.006051
BinVal : 4 7 0.9743 0.008352 0.008352
BinVal : 4 8 0.9914 0.004191 0.004191
BinVal : 4 9 0.9692 0.02508 0.02508
BinVal : 4 10 1 0.1237 0.1237
BinVal : 4 11 1 0.1102 0.1102
BinVal : 4 12 1 0.2357 0.2357
BinVal : 5 0 0 0 0
BinVal : 5 1 0 0 0
BinVal : 5 2 0.35 0.06028 0.06028
BinVal : 5 3 0.625 0.06317 0.06317
BinVal : 5 4 0.8372 0.03254 0.03254
BinVal : 5 5 0.9429 0.01261 0.01261
BinVal : 5 6 0.993 0.004592 0.004592
BinVal : 5 7 0.9864 0.00505 0.00505
BinVal : 5 8 0.9977 0.001957 0.001957
BinVal : 5 9 0.9919 0.01118 0.01118
BinVal : 5 10 1 0.0665 0.0665
BinVal : 5 11 1 0.1102 0.1102
BinVal : 5 12 1 0.1237 0.1237
BinVal : 6 0 0 0 0
BinVal : 6 1 0 0 0
BinVal : 6 2 0.3529 0.07896 0.07896
BinVal : 6 3 0.6538 0.08898 0.08898
BinVal : 6 4 0.8676 0.04153 0.04153
BinVal : 6 5 0.9633 0.01332 0.01332
BinVal : 6 6 0.9921 0.006739 0.006739
BinVal : 6 7 0.9942 0.004977 0.004977
BinVal : 6 8 1 0.001887 0.001887
BinVal : 6 9 1 0.01266 0.01266
BinVal : 6 10 1 0.08299 0.08299
BinVal : 6 11 1 0.1633 0.1633
BinVal : 6 12 1 0.1237 0.1237
BinVal : 7 0 0 0 0
BinVal : 7 1 0 0 0
BinVal : 7 2 0 0 0
BinVal : 7 3 0 0 0
BinVal : 7 4 0 0 0
BinVal : 7 5 0 0 0
BinVal : 7 6 0 0 0
BinVal : 7 7 0 0 0
BinVal : 7 8 0 0 0
BinVal : 7 9 0 0 0
BinVal : 7 10 0 0 0
BinVal : 7 11 0 0 0
BinVal : 7 12 0 0 0
BinVal : 8 0 0 0 0
BinVal : 8 1 0 0 0
BinVal : 8 2 0 0 0
BinVal : 8 3 0 0 0
BinVal : 8 4 0 0 0
BinVal : 8 5 0 0 0
BinVal : 8 6 0 0 0
BinVal : 8 7 0 0 0
BinVal : 8 8 0 0 0
BinVal : 8 9 0 0 0
BinVal : 8 10 0 0 0
BinVal : 8 11 0 0 0
BinVal : 8 12 0 0 0
BinVal : 9 0 0 0 0
BinVal : 9 1 0 0 0
BinVal : 9 2 0.5918 0.06825 0.06825
BinVal : 9 3 0.8485 0.06281 0.06281
BinVal : 9 4 0.8889 0.03364 0.03364
BinVal : 9 5 0.9769 0.01106 0.01106
BinVal : 9 6 0.9799 0.006566 0.006566
BinVal : 9 7 0.9932 0.002996 0.002996
BinVal : 9 8 0.9772 0.003605 0.003605
BinVal : 9 9 0.9847 0.008405 0.008405
BinVal : 9 10 0.98 0.02642 0.02642
BinVal : 9 11 1 0.0454 0.0454
BinVal : 9 12 1 0.06236 0.06236
BinVal : 10 0 0 0 0
BinVal : 10 1 0 0 0
BinVal : 10 2 0.6182 0.06392 0.06392
BinVal : 10 3 0.8537 0.05566 0.05566
BinVal : 10 4 0.8962 0.0301 0.0301
BinVal : 10 5 0.9839 0.008802 0.008802
BinVal : 10 6 0.9922 0.004333 0.004333
BinVal : 10 7 0.998 0.001758 0.001758
BinVal : 10 8 0.9931 0.001839 0.001839
BinVal : 10 9 0.9942 0.004963 0.004963
BinVal : 10 10 0.9863 0.01848 0.01848
BinVal : 10 11 1 0.03701 0.03701
BinVal : 10 12 1 0.05546 0.05546
BinVal : 11 0 0 0 0
BinVal : 11 1 0 0 0
BinVal : 11 2 0.68 0.06443 0.06443
BinVal : 11 3 0.7632 0.06763 0.06763
BinVal : 11 4 0.9072 0.03013 0.03013
BinVal : 11 5 0.9964 0.005024 0.005024
BinVal : 11 6 0.9981 0.002707 0.002707
BinVal : 11 7 0.9989 0.001497 0.001497
BinVal : 11 8 0.9983 0.0009709 0.0009709
BinVal : 11 9 1 0.002994 0.002994
BinVal : 11 10 1 0.01333 0.01333
BinVal : 11 11 1 0.03997 0.03997
BinVal : 11 12 1 0.0454 0.0454
BinVal : 12 0 0 0 0
BinVal : 12 1 0 0 0
BinVal : 12 2 0.675 0.07189 0.07189
BinVal : 12 3 0.8235 0.06506 0.06506
BinVal : 12 4 0.9333 0.02531 0.02531
BinVal : 12 5 1 0.003077 0.003077
BinVal : 12 6 0.9981 0.002691 0.002691
BinVal : 12 7 0.9965 0.002305 0.002305
BinVal : 12 8 0.9991 0.0007577 0.0007577
BinVal : 12 9 1 0.003086 0.003086
BinVal : 12 10 1 0.01389 0.01389
BinVal : 12 11 1 0.03997 0.03997
BinVal : 12 12 1 0.04343 0.04343
BinVal : 13 0 0 0 0
BinVal : 13 1 0 0 0
BinVal : 13 2 0.6786 0.08467 0.08467
BinVal : 13 3 0.84 0.07341 0.07341
BinVal : 13 4 0.9636 0.01943 0.01943
BinVal : 13 5 0.9945 0.004719 0.004719
BinVal : 13 6 1 0.001916 0.001916
BinVal : 13 7 0.9962 0.002492 0.002492
BinVal : 13 8 0.9996 0.0006193 0.0006193
BinVal : 13 9 1 0.002915 0.002915
BinVal : 13 10 1 0.01333 0.01333
BinVal : 13 11 1 0.03123 0.03123
BinVal : 13 12 1 0.04343 0.04343
BinVal : 14 0 0 0 0
BinVal : 14 1 0 0 0
BinVal : 14 2 0.7917 0.08108 0.08108
BinVal : 14 3 0.7308 0.08389 0.08389
BinVal : 14 4 0.9292 0.02494 0.02494
BinVal : 14 5 0.9772 0.008378 0.008378
BinVal : 14 6 0.9889 0.004837 0.004837
BinVal : 14 7 0.9884 0.004046 0.004046
BinVal : 14 8 0.9902 0.002074 0.002074
BinVal : 14 9 0.9918 0.005369 0.005369
BinVal : 14 10 0.9872 0.01735 0.01735
BinVal : 14 11 1 0.03123 0.03123
BinVal : 14 12 1 0.03446 0.03446
BinVal : 15 0 0 0 0
BinVal : 15 1 0 0 0
BinVal : 15 2 0.7407 0.0816 0.0816
BinVal : 15 3 0.7241 0.08024 0.08024
BinVal : 15 4 0.8919 0.02988 0.02988
BinVal : 15 5 0.9556 0.01191 0.01191
BinVal : 15 6 0.9815 0.006029 0.006029
BinVal : 15 7 0.9781 0.004948 0.004948
BinVal : 15 8 0.9822 0.002749 0.002749
BinVal : 15 9 0.9899 0.005576 0.005576
BinVal : 15 10 0.9861 0.01872 0.01872
BinVal : 15 11 1 0.03843 0.03843
BinVal : 15 12 1 0.02777 0.02777
BinVal : 16 0 0 0 0
BinVal : 16 1 0 0 0
BinVal : 16 2 0.6818 0.06838 0.06838
BinVal : 16 3 0.75 0.06405 0.06405
BinVal : 16 4 0.8716 0.0323 0.0323
BinVal : 16 5 0.9633 0.01122 0.01122
BinVal : 16 6 0.9743 0.006989 0.006989
BinVal : 16 7 0.9825 0.004074 0.004074
BinVal : 16 8 0.9829 0.002776 0.002776
BinVal : 16 9 0.992 0.005298 0.005298
BinVal : 16 10 1 0.01587 0.01587
BinVal : 16 11 1 0.04163 0.04163
BinVal : 16 12 0.9667 0.04214 0.04214
BinVal : 17 0 0 0 0
BinVal : 17 1 0 0 0
BinVal : 17 2 0.6596 0.06732 0.06732
BinVal : 17 3 0.7407 0.05866 0.05866
BinVal : 17 4 0.8689 0.03076 0.03076
BinVal : 17 5 0.9716 0.01038 0.01038
BinVal : 17 6 0.9733 0.006997 0.006997
BinVal : 17 7 0.984 0.003843 0.003843
BinVal : 17 8 0.9822 0.002849 0.002849
BinVal : 17 9 0.98 0.007932 0.007932
BinVal : 17 10 1 0.01613 0.01613
BinVal : 17 11 1 0.03569 0.03569
BinVal : 17 12 0.9 0.07156 0.07156
BinVal : 18 0 0 0 0
BinVal : 18 1 0 0 0
BinVal : 18 2 0.6341 0.07287 0.07287
BinVal : 18 3 0.8056 0.06528 0.06528
BinVal : 18 4 0.8966 0.03329 0.03329
BinVal : 18 5 0.9668 0.01209 0.01209
BinVal : 18 6 0.9845 0.005735 0.005735
BinVal : 18 7 0.9853 0.004017 0.004017
BinVal : 18 8 0.9859 0.002735 0.002735
BinVal : 18 9 0.9808 0.008292 0.008292
BinVal : 18 10 1 0.01886 0.01886
BinVal : 18 11 1 0.03331 0.03331
BinVal : 18 12 0.9231 0.08498 0.08498
BinVal : 19 0 0 0 0
BinVal : 19 1 0 0 0
BinVal : 19 2 0.6087 0.09608 0.09608
BinVal : 19 3 0.9091 0.09643 0.09643
BinVal : 19 4 0.9259 0.0556 0.0556
BinVal : 19 5 0.9727 0.01746 0.01746
BinVal : 19 6 0.9873 0.008315 0.008315
BinVal : 19 7 0.9924 0.005019 0.005019
BinVal : 19 8 0.9922 0.003418 0.003418
BinVal : 19 9 0.9922 0.01075 0.01075
BinVal : 19 10 1 0.0454 0.0454
BinVal : 19 11 1 0.05871 0.05871
BinVal : 19 12 1 0.1237 0.1237
BinVal : 20 0 0 0 0
BinVal : 20 1 0 0 0
BinVal : 20 2 0 0 0
BinVal : 20 3 0 0 0
BinVal : 20 4 0 0 0
BinVal : 20 5 0 0 0
BinVal : 20 6 0 0 0
BinVal : 20 7 0 0 0
BinVal : 20 8 0 0 0
BinVal : 20 9 0 0 0
BinVal : 20 10 0 0 0
BinVal : 20 11 0 0 0
BinVal : 20 12 0 0 0
BinVal : 21 0 0 0 0
BinVal : 21 1 0 0 0
BinVal : 21 2 0 0 0
BinVal : 21 3 0 0 0
BinVal : 21 4 0 0 0
BinVal : 21 5 0 0 0
BinVal : 21 6 0 0 0
BinVal : 21 7 0 0 0
BinVal : 21 8 0 0 0
BinVal : 21 9 0 0 0
BinVal : 21 10 0 0 0
BinVal : 21 11 0 0 0
BinVal : 21 12 0 0 0
BinVal : 22 0 0 0 0
BinVal : 22 1 0 0 0
BinVal : 22 2 0.4179 0.059 0.059
BinVal : 22 3 0.6512 0.07058 0.07058
BinVal : 22 4 0.8722 0.02915 0.02915
BinVal : 22 5 0.9263 0.01435 0.01435
BinVal : 22 6 0.9711 0.00814 0.00814
BinVal : 22 7 0.9929 0.003909 0.003909
BinVal : 22 8 0.9849 0.004129 0.004129
BinVal : 22 9 0.9918 0.01127 0.01127
BinVal : 22 10 1 0.03843 0.03843
BinVal : 22 11 1 0.1409 0.1409
BinVal : 22 12 1 0.1102 0.1102
BinVal : 23 0 0 0 0
BinVal : 23 1 0 0 0
BinVal : 23 2 0.2576 0.05311 0.05311
BinVal : 23 3 0.5556 0.06585 0.06585
BinVal : 23 4 0.7634 0.03693 0.03693
BinVal : 23 5 0.8417 0.0227 0.0227
BinVal : 23 6 0.9603 0.01029 0.01029
BinVal : 23 7 0.9834 0.0066 0.0066
BinVal : 23 8 0.9847 0.005301 0.005301
BinVal : 23 9 0.9885 0.01562 0.01562
BinVal : 23 10 0.9231 0.08498 0.08498
BinVal : 23 11 1 0.2357 0.2357
BinVal : 23 12 1 0.2357 0.2357
BinVal : 24 0 0 0 0
BinVal : 24 1 0 0 0
BinVal : 24 2 0.2297 0.04845 0.04845
BinVal : 24 3 0.4167 0.06217 0.06217
BinVal : 24 4 0.728 0.03949 0.03949
BinVal : 24 5 0.8217 0.02523 0.02523
BinVal : 24 6 0.9481 0.01334 0.01334
BinVal : 24 7 0.9697 0.01038 0.01038
BinVal : 24 8 0.9858 0.006832 0.006832
BinVal : 24 9 1 0.01852 0.01852
BinVal : 24 10 0.8 0.1597 0.1597
BinVal : 24 11 1 0.1936 0.1936
BinVal : 24 12 1 0.1936 0.1936
BinVal : 25 0 0 0 0
BinVal : 25 1 0 0 0
BinVal : 25 2 0.1446 0.03881 0.03881
BinVal : 25 3 0.32 0.06443 0.06443
BinVal : 25 4 0.7212 0.04355 0.04355
BinVal : 25 5 0.8227 0.0268 0.0268
BinVal : 25 6 0.9609 0.0133 0.0133
BinVal : 25 7 0.9718 0.01342 0.01342
BinVal : 25 8 0.9915 0.007216 0.007216
BinVal : 25 9 1 0.04343 0.04343
BinVal : 25 10 1 0.04343 0.04343
BinVal : 25 11 1 0.2357 0.2357
BinVal : 25 12 1 0.2357 0.2357
BinVal : 26 0 0 0 0
BinVal : 26 1 0 0 0
BinVal : 26 2 0.1071 0.03437 0.03437
BinVal : 26 3 0.4255 0.06999 0.06999
BinVal : 26 4 0.703 0.04498 0.04498
BinVal : 26 5 0.7624 0.0315 0.0315
BinVal : 26 6 0.966 0.0133 0.0133
BinVal : 26 7 0.951 0.02275 0.02275
BinVal : 26 8 0.9872 0.01082 0.01082
BinVal : 26 9 1 0.08299 0.08299
BinVal : 26 10 1 0.2357 0.2357
BinVal : 26 11 1 0.2357 0.2357
BinVal : 26 12 1 0.2357 0.2357
BinVal : 27 0 0 0 0
BinVal : 27 1 0 0 0
BinVal : 27 2 0.09259 0.04097 0.04097
BinVal : 27 3 0.4516 0.08539 0.08539
BinVal : 27 4 0.6667 0.05355 0.05355
BinVal : 27 5 0.713 0.04311 0.04311
BinVal : 27 6 0.9619 0.02031 0.02031
BinVal : 27 7 0.8644 0.04504 0.04504
BinVal : 27 8 0.9672 0.02662 0.02662
BinVal : 27 9 1 0.1633 0.1633
BinVal : 27 10 1 0.2357 0.2357
BinVal : 27 11 1 0.2357 0.2357
BinVal : 27 12 1 0.2357 0.2357
BinVal : 28 0 0 0 0
BinVal : 28 1 0 0 0
BinVal : 28 2 0.2 0.09998 0.09998
BinVal : 28 3 0.2857 0.1491 0.1491
BinVal : 28 4 0.6818 0.09428 0.09428
BinVal : 28 5 0.7 0.09712 0.09712
BinVal : 28 6 1 0.1102 0.1102
BinVal : 28 7 0.75 0.1166 0.1166
BinVal : 28 8 1 0.1102 0.1102
BinVal : 28 9 1 0.1102 0.1102
BinVal : 28 10 1 0.1102 0.1102
BinVal : 28 11 1 0.1102 0.1102
BinVal : 28 12 1 0.1102 0.1102
