D0NoteID : 0
EffName : SINGLEELE_ALL_v155
EffType : Binned
EffVarNames : DetEta pT
EffVersion : 6
ObjQuality : VLoose
ObjType : Electron
ObjVersion : 11
BinEdgesX : -3.2 -2.8 -2.5 -2.3 -2.1 -1.9 -1.7 -1.5 -1.3 -1.1 -0.9 -0.7 -0.5 -0.3 -0.1 0.1 0.3 0.5 0.7 0.9 1.1 1.3 1.5 1.7 1.9 2.1 2.3 2.5 2.8 3.2
BinEdgesY : 0 10 15 20 22 25 30 35 40 50 60 70 80 1000
BinVal : 0 0 0 0 0
BinVal : 0 1 0 0 0
BinVal : 0 2 0.002825 0.003956 0.003956
BinVal : 0 3 0.01105 0.009361 0.009361
BinVal : 0 4 0.06667 0.01277 0.01277
BinVal : 0 5 0.465 0.01792 0.01792
BinVal : 0 6 0.6607 0.01904 0.01904
BinVal : 0 7 0.6289 0.02561 0.02561
BinVal : 0 8 0.6728 0.02393 0.02393
BinVal : 0 9 0.7647 0.09846 0.09846
BinVal : 0 10 1 0.1936 0.1936
BinVal : 0 11 1 0.1936 0.1936
BinVal : 0 12 1 0.1936 0.1936
BinVal : 1 0 0 0 0
BinVal : 1 1 0 0 0
BinVal : 1 2 0.00271 0.003796 0.003796
BinVal : 1 3 0.01402 0.009152 0.009152
BinVal : 1 4 0.1575 0.01705 0.01705
BinVal : 1 5 0.6934 0.01497 0.01497
BinVal : 1 6 0.8344 0.01211 0.01211
BinVal : 1 7 0.8436 0.01549 0.01549
BinVal : 1 8 0.8503 0.01335 0.01335
BinVal : 1 9 0.9273 0.03714 0.03714
BinVal : 1 10 1 0.09045 0.09045
BinVal : 1 11 1 0.09045 0.09045
BinVal : 1 12 1 0.2357 0.2357
BinVal : 2 0 0 0 0
BinVal : 2 1 0 0 0
BinVal : 2 2 0 0 0
BinVal : 2 3 0.01047 0.008881 0.008881
BinVal : 2 4 0.2564 0.02094 0.02094
BinVal : 2 5 0.8328 0.01222 0.01222
BinVal : 2 6 0.9167 0.00838 0.00838
BinVal : 2 7 0.9576 0.007192 0.007192
BinVal : 2 8 0.9516 0.006863 0.006863
BinVal : 2 9 0.9759 0.0199 0.0199
BinVal : 2 10 1 0.05255 0.05255
BinVal : 2 11 1 0.1633 0.1633
BinVal : 2 12 1 0.1936 0.1936
BinVal : 3 0 0 0 0
BinVal : 3 1 0 0 0
BinVal : 3 2 0 0 0
BinVal : 3 3 0.02203 0.01053 0.01053
BinVal : 3 4 0.2734 0.01966 0.01966
BinVal : 3 5 0.8543 0.01134 0.01134
BinVal : 3 6 0.9349 0.007069 0.007069
BinVal : 3 7 0.9603 0.005664 0.005664
BinVal : 3 8 0.9602 0.005152 0.005152
BinVal : 3 9 0.9712 0.01552 0.01552
BinVal : 3 10 1 0.03569 0.03569
BinVal : 3 11 1 0.1237 0.1237
BinVal : 3 12 1 0.1409 0.1409
BinVal : 4 0 0 0 0
BinVal : 4 1 0 0 0
BinVal : 4 2 0.003058 0.004279 0.004279
BinVal : 4 3 0.03689 0.01257 0.01257
BinVal : 4 4 0.3477 0.02017 0.02017
BinVal : 4 5 0.8773 0.01001 0.01001
BinVal : 4 6 0.9492 0.005901 0.005901
BinVal : 4 7 0.954 0.005254 0.005254
BinVal : 4 8 0.9608 0.004207 0.004207
BinVal : 4 9 0.9614 0.01241 0.01241
BinVal : 4 10 1 0.02563 0.02563
BinVal : 4 11 1 0.08299 0.08299
BinVal : 4 12 1 0.1237 0.1237
BinVal : 5 0 0 0 0
BinVal : 5 1 0 0 0
BinVal : 5 2 0.06695 0.01646 0.01646
BinVal : 5 3 0.1463 0.02474 0.02474
BinVal : 5 4 0.494 0.02234 0.02234
BinVal : 5 5 0.9173 0.008146 0.008146
BinVal : 5 6 0.9639 0.004723 0.004723
BinVal : 5 7 0.9645 0.004315 0.004315
BinVal : 5 8 0.972 0.003062 0.003062
BinVal : 5 9 0.9699 0.009246 0.009246
BinVal : 5 10 1 0.01785 0.01785
BinVal : 5 11 1 0.05546 0.05546
BinVal : 5 12 1 0.06236 0.06236
BinVal : 6 0 0 0 0
BinVal : 6 1 0 0 0
BinVal : 6 2 0.1579 0.03749 0.03749
BinVal : 6 3 0.266 0.04512 0.04512
BinVal : 6 4 0.5436 0.03189 0.03189
BinVal : 6 5 0.9323 0.01055 0.01055
BinVal : 6 6 0.968 0.006273 0.006273
BinVal : 6 7 0.9712 0.005443 0.005443
BinVal : 6 8 0.9784 0.003603 0.003603
BinVal : 6 9 0.9802 0.0108 0.0108
BinVal : 6 10 1 0.02856 0.02856
BinVal : 6 11 1 0.09045 0.09045
BinVal : 6 12 1 0.07122 0.07122
BinVal : 7 0 0 0 0
BinVal : 7 1 0 0 0
BinVal : 7 2 0 0 0
BinVal : 7 3 0 0 0
BinVal : 7 4 0 0 0
BinVal : 7 5 0 0 0
BinVal : 7 6 0 0 0
BinVal : 7 7 0 0 0
BinVal : 7 8 0 0 0
BinVal : 7 9 0 0 0
BinVal : 7 10 0 0 0
BinVal : 7 11 0 0 0
BinVal : 7 12 0 0 0
BinVal : 8 0 0 0 0
BinVal : 8 1 0 0 0
BinVal : 8 2 0 0 0
BinVal : 8 3 0 0 0
BinVal : 8 4 0 0 0
BinVal : 8 5 0 0 0
BinVal : 8 6 0 0 0
BinVal : 8 7 0 0 0
BinVal : 8 8 0 0 0
BinVal : 8 9 0 0 0
BinVal : 8 10 0 0 0
BinVal : 8 11 0 0 0
BinVal : 8 12 0 0 0
BinVal : 9 0 0 0 0
BinVal : 9 1 0 0 0
BinVal : 9 2 0.3636 0.04326 0.04326
BinVal : 9 3 0.5275 0.0515 0.0515
BinVal : 9 4 0.7101 0.03137 0.03137
BinVal : 9 5 0.94 0.009781 0.009781
BinVal : 9 6 0.9753 0.004243 0.004243
BinVal : 9 7 0.9726 0.003375 0.003375
BinVal : 9 8 0.9883 0.001552 0.001552
BinVal : 9 9 0.9927 0.003211 0.003211
BinVal : 9 10 1 0.007519 0.007519
BinVal : 9 11 1 0.0196 0.0196
BinVal : 9 12 1 0.03331 0.03331
BinVal : 10 0 0 0 0
BinVal : 10 1 0 0 0
BinVal : 10 2 0.374 0.04184 0.04184
BinVal : 10 3 0.5306 0.04966 0.04966
BinVal : 10 4 0.6811 0.02911 0.02911
BinVal : 10 5 0.9237 0.01043 0.01043
BinVal : 10 6 0.9693 0.004596 0.004596
BinVal : 10 7 0.9757 0.00297 0.00297
BinVal : 10 8 0.9881 0.001415 0.001415
BinVal : 10 9 0.9877 0.003675 0.003675
BinVal : 10 10 1 0.005682 0.005682
BinVal : 10 11 1 0.0147 0.0147
BinVal : 10 12 1 0.0204 0.0204
BinVal : 11 0 0 0 0
BinVal : 11 1 0 0 0
BinVal : 11 2 0.3559 0.04359 0.04359
BinVal : 11 3 0.4878 0.05422 0.05422
BinVal : 11 4 0.664 0.02955 0.02955
BinVal : 11 5 0.9387 0.009015 0.009015
BinVal : 11 6 0.9643 0.005103 0.005103
BinVal : 11 7 0.978 0.002802 0.002802
BinVal : 11 8 0.9859 0.001491 0.001491
BinVal : 11 9 0.9888 0.003508 0.003508
BinVal : 11 10 1 0.004854 0.004854
BinVal : 11 11 1 0.01266 0.01266
BinVal : 11 12 1 0.01389 0.01389
BinVal : 12 0 0 0 0
BinVal : 12 1 0 0 0
BinVal : 12 2 0.301 0.04471 0.04471
BinVal : 12 3 0.507 0.05812 0.05812
BinVal : 12 4 0.6535 0.03134 0.03134
BinVal : 12 5 0.9479 0.008086 0.008086
BinVal : 12 6 0.9701 0.004639 0.004639
BinVal : 12 7 0.9764 0.002979 0.002979
BinVal : 12 8 0.9846 0.001508 0.001508
BinVal : 12 9 0.9931 0.002753 0.002753
BinVal : 12 10 1 0.004717 0.004717
BinVal : 12 11 1 0.0119 0.0119
BinVal : 12 12 1 0.01408 0.01408
BinVal : 13 0 0 0 0
BinVal : 13 1 0 0 0
BinVal : 13 2 0.3011 0.047 0.047
BinVal : 13 3 0.4595 0.0568 0.0568
BinVal : 13 4 0.6344 0.03178 0.03178
BinVal : 13 5 0.9554 0.00734 0.00734
BinVal : 13 6 0.9711 0.004435 0.004435
BinVal : 13 7 0.9792 0.002932 0.002932
BinVal : 13 8 0.987 0.001358 0.001358
BinVal : 13 9 0.9916 0.002924 0.002924
BinVal : 13 10 0.995 0.006949 0.006949
BinVal : 13 11 1 0.01124 0.01124
BinVal : 13 12 1 0.01818 0.01818
BinVal : 14 0 0 0 0
BinVal : 14 1 0 0 0
BinVal : 14 2 0.2692 0.04961 0.04961
BinVal : 14 3 0.4318 0.05195 0.05195
BinVal : 14 4 0.6513 0.03072 0.03072
BinVal : 14 5 0.9629 0.006517 0.006517
BinVal : 14 6 0.9689 0.00451 0.00451
BinVal : 14 7 0.9783 0.002967 0.002967
BinVal : 14 8 0.9873 0.001336 0.001336
BinVal : 14 9 0.9852 0.003662 0.003662
BinVal : 14 10 0.9953 0.006593 0.006593
BinVal : 14 11 1 0.01266 0.01266
BinVal : 14 12 1 0.01538 0.01538
BinVal : 15 0 0 0 0
BinVal : 15 1 0 0 0
BinVal : 15 2 0.2941 0.0488 0.0488
BinVal : 15 3 0.4778 0.0518 0.0518
BinVal : 15 4 0.6654 0.02946 0.02946
BinVal : 15 5 0.9513 0.007394 0.007394
BinVal : 15 6 0.9698 0.004471 0.004471
BinVal : 15 7 0.9771 0.002946 0.002946
BinVal : 15 8 0.9845 0.001492 0.001492
BinVal : 15 9 0.984 0.003823 0.003823
BinVal : 15 10 1 0.004975 0.004975
BinVal : 15 11 1 0.01408 0.01408
BinVal : 15 12 1 0.01613 0.01613
BinVal : 16 0 0 0 0
BinVal : 16 1 0 0 0
BinVal : 16 2 0.303 0.04567 0.04567
BinVal : 16 3 0.4405 0.05324 0.05324
BinVal : 16 4 0.6719 0.02921 0.02921
BinVal : 16 5 0.9385 0.00865 0.00865
BinVal : 16 6 0.9786 0.003738 0.003738
BinVal : 16 7 0.9815 0.002588 0.002588
BinVal : 16 8 0.9852 0.001494 0.001494
BinVal : 16 9 0.9879 0.003447 0.003447
BinVal : 16 10 0.9947 0.007346 0.007346
BinVal : 16 11 1 0.01176 0.01176
BinVal : 16 12 1 0.02 0.02
BinVal : 17 0 0 0 0
BinVal : 17 1 0 0 0
BinVal : 17 2 0.3163 0.04642 0.04642
BinVal : 17 3 0.4286 0.05106 0.05106
BinVal : 17 4 0.6731 0.03234 0.03234
BinVal : 17 5 0.9228 0.01043 0.01043
BinVal : 17 6 0.9783 0.00372 0.00372
BinVal : 17 7 0.9815 0.002536 0.002536
BinVal : 17 8 0.9875 0.001429 0.001429
BinVal : 17 9 0.9925 0.002793 0.002793
BinVal : 17 10 0.984 0.01039 0.01039
BinVal : 17 11 1 0.01234 0.01234
BinVal : 17 12 1 0.01852 0.01852
BinVal : 18 0 0 0 0
BinVal : 18 1 0 0 0
BinVal : 18 2 0.3396 0.04546 0.04546
BinVal : 18 3 0.4875 0.05487 0.05487
BinVal : 18 4 0.697 0.03247 0.03247
BinVal : 18 5 0.9298 0.01078 0.01078
BinVal : 18 6 0.9663 0.004819 0.004819
BinVal : 18 7 0.9799 0.002845 0.002845
BinVal : 18 8 0.9885 0.001513 0.001513
BinVal : 18 9 0.9954 0.002555 0.002555
BinVal : 18 10 0.9867 0.01125 0.01125
BinVal : 18 11 1 0.01695 0.01695
BinVal : 18 12 1 0.02173 0.02173
BinVal : 19 0 0 0 0
BinVal : 19 1 0 0 0
BinVal : 19 2 0.3519 0.06347 0.06347
BinVal : 19 3 0.5484 0.08539 0.08539
BinVal : 19 4 0.7524 0.0418 0.0418
BinVal : 19 5 0.9545 0.01319 0.01319
BinVal : 19 6 0.9606 0.007846 0.007846
BinVal : 19 7 0.9805 0.004406 0.004406
BinVal : 19 8 0.989 0.002333 0.002333
BinVal : 19 9 0.9942 0.004949 0.004949
BinVal : 19 10 1 0.01492 0.01492
BinVal : 19 11 1 0.04343 0.04343
BinVal : 19 12 1 0.05255 0.05255
BinVal : 20 0 0 0 0
BinVal : 20 1 0 0 0
BinVal : 20 2 0 0 0
BinVal : 20 3 0 0 0
BinVal : 20 4 0 0 0
BinVal : 20 5 0 0 0
BinVal : 20 6 0 0 0
BinVal : 20 7 0 0 0
BinVal : 20 8 0 0 0
BinVal : 20 9 0 0 0
BinVal : 20 10 0 0 0
BinVal : 20 11 0 0 0
BinVal : 20 12 0 0 0
BinVal : 21 0 0 0 0
BinVal : 21 1 0 0 0
BinVal : 21 2 0 0 0
BinVal : 21 3 0 0 0
BinVal : 21 4 0 0 0
BinVal : 21 5 0 0 0
BinVal : 21 6 0 0 0
BinVal : 21 7 0 0 0
BinVal : 21 8 0 0 0
BinVal : 21 9 0 0 0
BinVal : 21 10 0 0 0
BinVal : 21 11 0 0 0
BinVal : 21 12 0 0 0
BinVal : 22 0 0 0 0
BinVal : 22 1 0 0 0
BinVal : 22 2 0.08907 0.01831 0.01831
BinVal : 22 3 0.1896 0.02695 0.02695
BinVal : 22 4 0.503 0.02218 0.02218
BinVal : 22 5 0.9233 0.007883 0.007883
BinVal : 22 6 0.9529 0.005374 0.005374
BinVal : 22 7 0.9776 0.003494 0.003494
BinVal : 22 8 0.9754 0.002883 0.002883
BinVal : 22 9 0.9726 0.008889 0.008889
BinVal : 22 10 1 0.01389 0.01389
BinVal : 22 11 1 0.0454 0.0454
BinVal : 22 12 1 0.05546 0.05546
BinVal : 23 0 0 0 0
BinVal : 23 1 0 0 0
BinVal : 23 2 0.006711 0.005735 0.005735
BinVal : 23 3 0.04603 0.01398 0.01398
BinVal : 23 4 0.3367 0.02104 0.02104
BinVal : 23 5 0.8879 0.009423 0.009423
BinVal : 23 6 0.9398 0.006276 0.006276
BinVal : 23 7 0.962 0.004927 0.004927
BinVal : 23 8 0.9675 0.00382 0.00382
BinVal : 23 9 0.9664 0.01147 0.01147
BinVal : 23 10 1 0.01886 0.01886
BinVal : 23 11 1 0.08299 0.08299
BinVal : 23 12 1 0.1102 0.1102
BinVal : 24 0 0 0 0
BinVal : 24 1 0 0 0
BinVal : 24 2 0.002577 0.003612 0.003612
BinVal : 24 3 0.01873 0.008987 0.008987
BinVal : 24 4 0.3022 0.02136 0.02136
BinVal : 24 5 0.8717 0.01059 0.01059
BinVal : 24 6 0.9385 0.006775 0.006775
BinVal : 24 7 0.9547 0.006064 0.006064
BinVal : 24 8 0.9644 0.00471 0.00471
BinVal : 24 9 0.9641 0.01528 0.01528
BinVal : 24 10 1 0.03997 0.03997
BinVal : 24 11 1 0.1409 0.1409
BinVal : 24 12 1 0.1633 0.1633
BinVal : 25 0 0 0 0
BinVal : 25 1 0 0 0
BinVal : 25 2 0.002326 0.003262 0.003262
BinVal : 25 3 0.009174 0.007801 0.007801
BinVal : 25 4 0.2163 0.01983 0.01983
BinVal : 25 5 0.853 0.01156 0.01156
BinVal : 25 6 0.933 0.007774 0.007774
BinVal : 25 7 0.9398 0.008302 0.008302
BinVal : 25 8 0.9553 0.006487 0.006487
BinVal : 25 9 0.9621 0.0178 0.0178
BinVal : 25 10 1 0.1237 0.1237
BinVal : 25 11 1 0.1936 0.1936
BinVal : 25 12 1 0.1936 0.1936
BinVal : 26 0 0 0 0
BinVal : 26 1 0 0 0
BinVal : 26 2 0.002299 0.003225 0.003225
BinVal : 26 3 0.009259 0.007872 0.007872
BinVal : 26 4 0.1674 0.0173 0.0173
BinVal : 26 5 0.699 0.01442 0.01442
BinVal : 26 6 0.825 0.01269 0.01269
BinVal : 26 7 0.8356 0.01542 0.01542
BinVal : 26 8 0.8513 0.01333 0.01333
BinVal : 26 9 0.9205 0.02983 0.02983
BinVal : 26 10 1 0.1409 0.1409
BinVal : 26 11 1 0.1409 0.1409
BinVal : 26 12 1 0.1409 0.1409
BinVal : 27 0 0 0 0
BinVal : 27 1 0 0 0
BinVal : 27 2 0 0 0
BinVal : 27 3 0.009174 0.007801 0.007801
BinVal : 27 4 0.1092 0.0156 0.0156
BinVal : 27 5 0.4721 0.01736 0.01736
BinVal : 27 6 0.6365 0.01964 0.01964
BinVal : 27 7 0.5899 0.0252 0.0252
BinVal : 27 8 0.6781 0.02309 0.02309
BinVal : 27 9 0.8 0.07857 0.07857
BinVal : 27 10 1 0.1633 0.1633
BinVal : 27 11 1 0.1633 0.1633
BinVal : 27 12 1 0.1633 0.1633
BinVal : 28 0 0 0 0
BinVal : 28 1 0 0 0
BinVal : 28 2 0 0 0
BinVal : 28 3 0.01149 0.01562 0.01562
BinVal : 28 4 0.01149 0.01562 0.01562
BinVal : 28 5 0.2683 0.02607 0.02607
BinVal : 28 6 0.4157 0.03792 0.03792
BinVal : 28 7 0.3603 0.04077 0.04077
BinVal : 28 8 0.4565 0.05111 0.05111
BinVal : 28 9 1 0.2357 0.2357
BinVal : 28 10 1 0.2357 0.2357
BinVal : 28 11 1 0.2357 0.2357
BinVal : 28 12 1 0.2357 0.2357
