D0NoteID : 0
EffName : SINGLEELE_ALL_v132
EffType : Binned
EffVarNames : DetEta pT
EffVersion : 6
ObjQuality : Point05
ObjType : Electron
ObjVersion : 3
TriggerVersion : v132
BinEdgesX : -3.2 -2.8 -2.5 -2.3 -2.1 -1.9 -1.7 -1.5 -1.3 -1.1 -0.9 -0.7 -0.5 -0.3 -0.1 0.1 0.3 0.5 0.7 0.9 1.1 1.3 1.5 1.7 1.9 2.1 2.3 2.5 2.8 3.2
BinEdgesY : 0 10 15 20 22 25 30 35 40 50 60 70 80 1000
BinVal : 0 0 0 0 0
BinVal : 0 1 0 0 0
BinVal : 0 2 0.02817 0.02308 0.02308
BinVal : 0 3 0.04545 0.03602 0.03602
BinVal : 0 4 0.3881 0.05833 0.05833
BinVal : 0 5 0.6766 0.03594 0.03594
BinVal : 0 6 0.8 0.0364 0.0364
BinVal : 0 7 0.9524 0.02958 0.02958
BinVal : 0 8 0.9186 0.03047 0.03047
BinVal : 0 9 1 0.1409 0.1409
BinVal : 0 10 1 0.2357 0.2357
BinVal : 0 11 1 0.2357 0.2357
BinVal : 0 12 1 0.2357 0.2357
BinVal : 1 0 0 0 0
BinVal : 1 1 0 0 0
BinVal : 1 2 0.0202 0.01681 0.01681
BinVal : 1 3 0.06494 0.02962 0.02962
BinVal : 1 4 0.4 0.04612 0.04612
BinVal : 1 5 0.8309 0.02248 0.02248
BinVal : 1 6 0.9039 0.01966 0.01966
BinVal : 1 7 0.9884 0.00984 0.00984
BinVal : 1 8 0.9865 0.00879 0.00879
BinVal : 1 9 1 0.04343 0.04343
BinVal : 1 10 1 0.2357 0.2357
BinVal : 1 11 1 0.2357 0.2357
BinVal : 1 12 1 0.2357 0.2357
BinVal : 2 0 0 0 0
BinVal : 2 1 0 0 0
BinVal : 2 2 0 0 0
BinVal : 2 3 0.05263 0.02756 0.02756
BinVal : 2 4 0.4167 0.04245 0.04245
BinVal : 2 5 0.8699 0.01975 0.01975
BinVal : 2 6 0.9753 0.009061 0.009061
BinVal : 2 7 0.9965 0.004936 0.004936
BinVal : 2 8 1 0.002439 0.002439
BinVal : 2 9 1 0.02127 0.02127
BinVal : 2 10 1 0.1409 0.1409
BinVal : 2 11 1 0.2357 0.2357
BinVal : 2 12 1 0.2357 0.2357
BinVal : 3 0 0 0 0
BinVal : 3 1 0 0 0
BinVal : 3 2 0 0 0
BinVal : 3 3 0.05063 0.02658 0.02658
BinVal : 3 4 0.5192 0.03962 0.03962
BinVal : 3 5 0.8453 0.01938 0.01938
BinVal : 3 6 0.9752 0.00767 0.00767
BinVal : 3 7 0.9975 0.003437 0.003437
BinVal : 3 8 1 0.001585 0.001585
BinVal : 3 9 1 0.01492 0.01492
BinVal : 3 10 1 0.09938 0.09938
BinVal : 3 11 1 0.1633 0.1633
BinVal : 3 12 1 0.1936 0.1936
BinVal : 4 0 0 0 0
BinVal : 4 1 0 0 0
BinVal : 4 2 0 0 0
BinVal : 4 3 0.05618 0.02587 0.02587
BinVal : 4 4 0.5987 0.03877 0.03877
BinVal : 4 5 0.8254 0.01895 0.01895
BinVal : 4 6 0.9659 0.008307 0.008307
BinVal : 4 7 1 0.001825 0.001825
BinVal : 4 8 0.9988 0.001634 0.001634
BinVal : 4 9 1 0.01031 0.01031
BinVal : 4 10 1 0.04993 0.04993
BinVal : 4 11 1 0.1633 0.1633
BinVal : 4 12 1 0.1633 0.1633
BinVal : 5 0 0 0 0
BinVal : 5 1 0 0 0
BinVal : 5 2 0.1132 0.04454 0.04454
BinVal : 5 3 0.2344 0.05236 0.05236
BinVal : 5 4 0.7197 0.03561 0.03561
BinVal : 5 5 0.8642 0.01754 0.01754
BinVal : 5 6 0.9813 0.006118 0.006118
BinVal : 5 7 0.9985 0.002122 0.002122
BinVal : 5 8 0.9991 0.00128 0.00128
BinVal : 5 9 1 0.007812 0.007812
BinVal : 5 10 1 0.03843 0.03843
BinVal : 5 11 1 0.1102 0.1102
BinVal : 5 12 1 0.1633 0.1633
BinVal : 6 0 0 0 0
BinVal : 6 1 0 0 0
BinVal : 6 2 0.2069 0.07391 0.07391
BinVal : 6 3 0.5652 0.09735 0.09735
BinVal : 6 4 0.7901 0.04497 0.04497
BinVal : 6 5 0.9371 0.01884 0.01884
BinVal : 6 6 0.9965 0.004936 0.004936
BinVal : 6 7 0.9972 0.00388 0.00388
BinVal : 6 8 1 0.001645 0.001645
BinVal : 6 9 1 0.01408 0.01408
BinVal : 6 10 1 0.08299 0.08299
BinVal : 6 11 1 0.1237 0.1237
BinVal : 6 12 1 0.2357 0.2357
BinVal : 7 0 0 0 0
BinVal : 7 1 0 0 0
BinVal : 7 2 0 0 0
BinVal : 7 3 0 0 0
BinVal : 7 4 0 0 0
BinVal : 7 5 0 0 0
BinVal : 7 6 0 0 0
BinVal : 7 7 0 0 0
BinVal : 7 8 0 0 0
BinVal : 7 9 0 0 0
BinVal : 7 10 0 0 0
BinVal : 7 11 0 0 0
BinVal : 7 12 0 0 0
BinVal : 8 0 0 0 0
BinVal : 8 1 0 0 0
BinVal : 8 2 0 0 0
BinVal : 8 3 0 0 0
BinVal : 8 4 0 0 0
BinVal : 8 5 0 0 0
BinVal : 8 6 0 0 0
BinVal : 8 7 0 0 0
BinVal : 8 8 0 0 0
BinVal : 8 9 0 0 0
BinVal : 8 10 0 0 0
BinVal : 8 11 0 0 0
BinVal : 8 12 0 0 0
BinVal : 9 0 0 0 0
BinVal : 9 1 0.09091 0.09643 0.09643
BinVal : 9 2 0.4146 0.07437 0.07437
BinVal : 9 3 0.5556 0.07962 0.07962
BinVal : 9 4 0.7625 0.04714 0.04714
BinVal : 9 5 0.9333 0.01757 0.01757
BinVal : 9 6 0.9774 0.0064 0.0064
BinVal : 9 7 0.9937 0.002756 0.002756
BinVal : 9 8 0.982 0.003152 0.003152
BinVal : 9 9 0.9931 0.005871 0.005871
BinVal : 9 10 0.9831 0.02262 0.02262
BinVal : 9 11 1 0.05546 0.05546
BinVal : 9 12 1 0.0665 0.0665
BinVal : 10 0 0 0 0
BinVal : 10 1 0.1333 0.08985 0.08985
BinVal : 10 2 0.4107 0.06412 0.06412
BinVal : 10 3 0.6842 0.07315 0.07315
BinVal : 10 4 0.84 0.03672 0.03672
BinVal : 10 5 0.948 0.0144 0.0144
BinVal : 10 6 0.9811 0.005875 0.005875
BinVal : 10 7 0.9954 0.002265 0.002265
BinVal : 10 8 0.9926 0.001841 0.001841
BinVal : 10 9 0.9972 0.003989 0.003989
BinVal : 10 10 0.9853 0.01977 0.01977
BinVal : 10 11 1 0.03569 0.03569
BinVal : 10 12 1 0.05546 0.05546
BinVal : 11 0 0 0 0
BinVal : 11 1 0.07143 0.08021 0.08021
BinVal : 11 2 0.4792 0.06996 0.06996
BinVal : 11 3 0.6562 0.08078 0.08078
BinVal : 11 4 0.837 0.03856 0.03856
BinVal : 11 5 0.9638 0.01108 0.01108
BinVal : 11 6 0.9815 0.00604 0.00604
BinVal : 11 7 0.9942 0.002544 0.002544
BinVal : 11 8 0.9979 0.001016 0.001016
BinVal : 11 9 0.9973 0.003807 0.003807
BinVal : 11 10 1 0.0137 0.0137
BinVal : 11 11 1 0.0294 0.0294
BinVal : 11 12 1 0.04343 0.04343
BinVal : 12 0 0 0 0
BinVal : 12 1 0 0 0
BinVal : 12 2 0.5952 0.07329 0.07329
BinVal : 12 3 0.5854 0.07437 0.07437
BinVal : 12 4 0.8191 0.03963 0.03963
BinVal : 12 5 0.9679 0.00985 0.00985
BinVal : 12 6 0.989 0.004801 0.004801
BinVal : 12 7 0.9915 0.003164 0.003164
BinVal : 12 8 0.9979 0.001036 0.001036
BinVal : 12 9 0.9972 0.003945 0.003945
BinVal : 12 10 1 0.01136 0.01136
BinVal : 12 11 1 0.02856 0.02856
BinVal : 12 12 1 0.03331 0.03331
BinVal : 13 0 0 0 0
BinVal : 13 1 0 0 0
BinVal : 13 2 0.5 0.07625 0.07625
BinVal : 13 3 0.6923 0.0718 0.0718
BinVal : 13 4 0.8788 0.03316 0.03316
BinVal : 13 5 0.9688 0.009578 0.009578
BinVal : 13 6 0.9946 0.003543 0.003543
BinVal : 13 7 0.9915 0.003401 0.003401
BinVal : 13 8 0.9979 0.001023 0.001023
BinVal : 13 9 1 0.002584 0.002584
BinVal : 13 10 1 0.01136 0.01136
BinVal : 13 11 1 0.03446 0.03446
BinVal : 13 12 1 0.03446 0.03446
BinVal : 14 0 0 0 0
BinVal : 14 1 0 0 0
BinVal : 14 2 0.4348 0.07087 0.07087
BinVal : 14 3 0.871 0.06149 0.06149
BinVal : 14 4 0.8938 0.0294 0.0294
BinVal : 14 5 0.9744 0.008818 0.008818
BinVal : 14 6 0.9915 0.004134 0.004134
BinVal : 14 7 0.9899 0.003769 0.003769
BinVal : 14 8 0.995 0.001486 0.001486
BinVal : 14 9 1 0.002475 0.002475
BinVal : 14 10 1 0.01408 0.01408
BinVal : 14 11 1 0.03997 0.03997
BinVal : 14 12 1 0.03569 0.03569
BinVal : 15 0 0 0 0
BinVal : 15 1 0 0 0
BinVal : 15 2 0.4091 0.07182 0.07182
BinVal : 15 3 0.7419 0.07638 0.07638
BinVal : 15 4 0.864 0.03083 0.03083
BinVal : 15 5 0.9669 0.009714 0.009714
BinVal : 15 6 0.9876 0.004949 0.004949
BinVal : 15 7 0.9923 0.0031 0.0031
BinVal : 15 8 0.9925 0.001803 0.001803
BinVal : 15 9 0.9925 0.004956 0.004956
BinVal : 15 10 1 0.01316 0.01316
BinVal : 15 11 1 0.03701 0.03701
BinVal : 15 12 1 0.03123 0.03123
BinVal : 16 0 0 0 0
BinVal : 16 1 0 0 0
BinVal : 16 2 0.4468 0.07034 0.07034
BinVal : 16 3 0.6552 0.08458 0.08458
BinVal : 16 4 0.8673 0.03213 0.03213
BinVal : 16 5 0.9536 0.01123 0.01123
BinVal : 16 6 0.9839 0.005581 0.005581
BinVal : 16 7 0.9961 0.002148 0.002148
BinVal : 16 8 0.9944 0.001597 0.001597
BinVal : 16 9 0.9899 0.005548 0.005548
BinVal : 16 10 1 0.01149 0.01149
BinVal : 16 11 1 0.03701 0.03701
BinVal : 16 12 1 0.03224 0.03224
BinVal : 17 0 0 0 0
BinVal : 17 1 0 0 0
BinVal : 17 2 0.4681 0.07058 0.07058
BinVal : 17 3 0.6389 0.07724 0.07724
BinVal : 17 4 0.8713 0.03361 0.03361
BinVal : 17 5 0.9367 0.0139 0.0139
BinVal : 17 6 0.973 0.006824 0.006824
BinVal : 17 7 0.9954 0.002265 0.002265
BinVal : 17 8 0.9956 0.001459 0.001459
BinVal : 17 9 0.9973 0.003726 0.003726
BinVal : 17 10 0.9875 0.01693 0.01693
BinVal : 17 11 1 0.03997 0.03997
BinVal : 17 12 1 0.04343 0.04343
BinVal : 18 0 0 0 0
BinVal : 18 1 0 0 0
BinVal : 18 2 0.3714 0.07867 0.07867
BinVal : 18 3 0.5526 0.0777 0.0777
BinVal : 18 4 0.775 0.04631 0.04631
BinVal : 18 5 0.9167 0.01761 0.01761
BinVal : 18 6 0.9735 0.006948 0.006948
BinVal : 18 7 0.9907 0.003255 0.003255
BinVal : 18 8 0.9922 0.002079 0.002079
BinVal : 18 9 0.9904 0.006279 0.006279
BinVal : 18 10 0.9844 0.02094 0.02094
BinVal : 18 11 0.9444 0.06547 0.06547
BinVal : 18 12 1 0.05255 0.05255
BinVal : 19 0 0 0 0
BinVal : 19 1 0 0 0
BinVal : 19 2 0.2778 0.1 0.1
BinVal : 19 3 0.5 0.1091 0.1091
BinVal : 19 4 0.6552 0.08458 0.08458
BinVal : 19 5 0.9123 0.02709 0.02709
BinVal : 19 6 0.9846 0.008437 0.008437
BinVal : 19 7 0.9883 0.005676 0.005676
BinVal : 19 8 0.9884 0.004046 0.004046
BinVal : 19 9 0.9756 0.01568 0.01568
BinVal : 19 10 1 0.03569 0.03569
BinVal : 19 11 0.8571 0.1315 0.1315
BinVal : 19 12 1 0.09045 0.09045
BinVal : 20 0 0 0 0
BinVal : 20 1 0 0 0
BinVal : 20 2 0 0 0
BinVal : 20 3 0 0 0
BinVal : 20 4 0 0 0
BinVal : 20 5 0 0 0
BinVal : 20 6 0 0 0
BinVal : 20 7 0 0 0
BinVal : 20 8 0 0 0
BinVal : 20 9 0 0 0
BinVal : 20 10 0 0 0
BinVal : 20 11 0 0 0
BinVal : 20 12 0 0 0
BinVal : 21 0 0 0 0
BinVal : 21 1 0 0 0
BinVal : 21 2 0 0 0
BinVal : 21 3 0 0 0
BinVal : 21 4 0 0 0
BinVal : 21 5 0 0 0
BinVal : 21 6 0 0 0
BinVal : 21 7 0 0 0
BinVal : 21 8 0 0 0
BinVal : 21 9 0 0 0
BinVal : 21 10 0 0 0
BinVal : 21 11 0 0 0
BinVal : 21 12 0 0 0
BinVal : 22 0 0 0 0
BinVal : 22 1 0 0 0
BinVal : 22 2 0.1167 0.04224 0.04224
BinVal : 22 3 0.1346 0.0479 0.0479
BinVal : 22 4 0.5846 0.04275 0.04275
BinVal : 22 5 0.8719 0.01769 0.01769
BinVal : 22 6 0.9574 0.00948 0.00948
BinVal : 22 7 0.9923 0.003725 0.003725
BinVal : 22 8 0.9981 0.001602 0.001602
BinVal : 22 9 1 0.006896 0.006896
BinVal : 22 10 1 0.0294 0.0294
BinVal : 22 11 1 0.1409 0.1409
BinVal : 22 12 1 0.1102 0.1102
BinVal : 23 0 0 0 0
BinVal : 23 1 0 0 0
BinVal : 23 2 0.01961 0.01633 0.01633
BinVal : 23 3 0.01389 0.01872 0.01872
BinVal : 23 4 0.5 0.03941 0.03941
BinVal : 23 5 0.7994 0.02141 0.02141
BinVal : 23 6 0.9466 0.01053 0.01053
BinVal : 23 7 0.9878 0.004855 0.004855
BinVal : 23 8 0.9964 0.002388 0.002388
BinVal : 23 9 1 0.01064 0.01064
BinVal : 23 10 0.95 0.05994 0.05994
BinVal : 23 11 1 0.1409 0.1409
BinVal : 23 12 1 0.1237 0.1237
BinVal : 24 0 0 0 0
BinVal : 24 1 0 0 0
BinVal : 24 2 0.008403 0.01154 0.01154
BinVal : 24 3 0.02353 0.01945 0.01945
BinVal : 24 4 0.4277 0.03807 0.03807
BinVal : 24 5 0.8215 0.02221 0.02221
BinVal : 24 6 0.9394 0.01166 0.01166
BinVal : 24 7 0.9863 0.005972 0.005972
BinVal : 24 8 0.9939 0.003409 0.003409
BinVal : 24 9 1 0.01389 0.01389
BinVal : 24 10 0.8571 0.1315 0.1315
BinVal : 24 11 1 0.1633 0.1633
BinVal : 24 12 1 0.2357 0.2357
BinVal : 25 0 0 0 0
BinVal : 25 1 0 0 0
BinVal : 25 2 0.009615 0.01315 0.01315
BinVal : 25 3 0.01282 0.01735 0.01735
BinVal : 25 4 0.3448 0.03913 0.03913
BinVal : 25 5 0.8441 0.02239 0.02239
BinVal : 25 6 0.9326 0.01345 0.01345
BinVal : 25 7 0.9885 0.007532 0.007532
BinVal : 25 8 0.9952 0.004114 0.004114
BinVal : 25 9 1 0.02325 0.02325
BinVal : 25 10 1 0.1633 0.1633
BinVal : 25 11 1 0.1633 0.1633
BinVal : 25 12 1 0.2357 0.2357
BinVal : 26 0 0 0 0
BinVal : 26 1 0 0 0
BinVal : 26 2 0 0 0
BinVal : 26 3 0.01389 0.01872 0.01872
BinVal : 26 4 0.2778 0.03707 0.03707
BinVal : 26 5 0.792 0.02562 0.02562
BinVal : 26 6 0.9234 0.01712 0.01712
BinVal : 26 7 0.9682 0.01506 0.01506
BinVal : 26 8 0.9958 0.005808 0.005808
BinVal : 26 9 1 0.04343 0.04343
BinVal : 26 10 1 0.04343 0.04343
BinVal : 26 11 1 0.04343 0.04343
BinVal : 26 12 1 0.04343 0.04343
BinVal : 27 0 0 0 0
BinVal : 27 1 0 0 0
BinVal : 27 2 0 0 0
BinVal : 27 3 0.02083 0.02744 0.02744
BinVal : 27 4 0.1887 0.03791 0.03791
BinVal : 27 5 0.6728 0.03659 0.03659
BinVal : 27 6 0.8 0.038 0.038
BinVal : 27 7 0.875 0.03741 0.03741
BinVal : 27 8 0.9457 0.02508 0.02508
BinVal : 27 9 1 0.07122 0.07122
BinVal : 27 10 1 0.07122 0.07122
BinVal : 27 11 1 0.07122 0.07122
BinVal : 27 12 1 0.07122 0.07122
BinVal : 28 0 0 0 0
BinVal : 28 1 0 0 0
BinVal : 28 2 0 0 0
BinVal : 28 3 0 0 0
BinVal : 28 4 0 0 0
BinVal : 28 5 0.1852 0.07396 0.07396
BinVal : 28 6 0.4444 0.1086 0.1086
BinVal : 28 7 0.5 0.1387 0.1387
BinVal : 28 8 0.4286 0.1571 0.1571
BinVal : 28 9 0.4286 0.1571 0.1571
BinVal : 28 10 0.4286 0.1571 0.1571
BinVal : 28 11 0.4286 0.1571 0.1571
BinVal : 28 12 0.4286 0.1571 0.1571
