D0NoteID : 0
EffName : SINGLEELE_AND_EJETS_v14
EffType : Binned
EffVarNames : DetEta pT
EffVersion : 6
ObjQuality : MLoose2
ObjType : Electron
ObjVersion : 12
BinEdgesX : -3.2 -2.8 -2.5 -2.3 -2.1 -1.9 -1.7 -1.5 -1.3 -1.1 -0.9 -0.7 -0.5 -0.3 -0.1 0.1 0.3 0.5 0.7 0.9 1.1 1.3 1.5 1.7 1.9 2.1 2.3 2.5 2.8 3.2
BinEdgesY : 0 10 15 20 22 25 30 35 40 50 60 70 80 1000
BinVal : 0 0 0 0 0
BinVal : 0 1 0 0 0
BinVal : 0 2 0.03509 0.01878 0.01878
BinVal : 0 3 0.1013 0.03471 0.03471
BinVal : 0 4 0.2857 0.04105 0.04105
BinVal : 0 5 0.5206 0.0304 0.0304
BinVal : 0 6 0.5803 0.03526 0.03526
BinVal : 0 7 0.5641 0.04528 0.04528
BinVal : 0 8 0.6423 0.04056 0.04056
BinVal : 0 9 0.5 0.1667 0.1667
BinVal : 0 10 0.5 0.1667 0.1667
BinVal : 0 11 0.5 0.1667 0.1667
BinVal : 0 12 0.5 0.1667 0.1667
BinVal : 1 0 0 0 0
BinVal : 1 1 0 0 0
BinVal : 1 2 0.03623 0.01706 0.01706
BinVal : 1 3 0.1477 0.03799 0.03799
BinVal : 1 4 0.3618 0.03864 0.03864
BinVal : 1 5 0.6036 0.02669 0.02669
BinVal : 1 6 0.6087 0.02617 0.02617
BinVal : 1 7 0.6541 0.03473 0.03473
BinVal : 1 8 0.7034 0.02805 0.02805
BinVal : 1 9 0.7692 0.08041 0.08041
BinVal : 1 10 1 0.1936 0.1936
BinVal : 1 11 1 0.1936 0.1936
BinVal : 1 12 1 0.1936 0.1936
BinVal : 2 0 0 0 0
BinVal : 2 1 0 0 0
BinVal : 2 2 0.0155 0.01302 0.01302
BinVal : 2 3 0.1512 0.03877 0.03877
BinVal : 2 4 0.4459 0.0393 0.0393
BinVal : 2 5 0.5751 0.02646 0.02646
BinVal : 2 6 0.6988 0.02273 0.02273
BinVal : 2 7 0.703 0.0279 0.0279
BinVal : 2 8 0.7227 0.02174 0.02174
BinVal : 2 9 0.7778 0.05592 0.05592
BinVal : 2 10 1 0.1237 0.1237
BinVal : 2 11 1 0.1237 0.1237
BinVal : 2 12 1 0.1237 0.1237
BinVal : 3 0 0 0 0
BinVal : 3 1 0 0 0
BinVal : 3 2 0.06723 0.02376 0.02376
BinVal : 3 3 0.2697 0.04654 0.04654
BinVal : 3 4 0.474 0.03764 0.03764
BinVal : 3 5 0.5688 0.02537 0.02537
BinVal : 3 6 0.7388 0.02071 0.02071
BinVal : 3 7 0.7067 0.02226 0.02226
BinVal : 3 8 0.7413 0.01781 0.01781
BinVal : 3 9 0.7077 0.05549 0.05549
BinVal : 3 10 0.8889 0.1113 0.1113
BinVal : 3 11 1 0.1633 0.1633
BinVal : 3 12 1 0.1633 0.1633
BinVal : 4 0 0 0 0
BinVal : 4 1 0 0 0
BinVal : 4 2 0.1087 0.03298 0.03298
BinVal : 4 3 0.3297 0.04862 0.04862
BinVal : 4 4 0.5491 0.03751 0.03751
BinVal : 4 5 0.6421 0.02451 0.02451
BinVal : 4 6 0.7273 0.02044 0.02044
BinVal : 4 7 0.7056 0.01899 0.01899
BinVal : 4 8 0.7088 0.0159 0.0159
BinVal : 4 9 0.7241 0.04737 0.04737
BinVal : 4 10 0.8571 0.09466 0.09466
BinVal : 4 11 0.8333 0.1443 0.1443
BinVal : 4 12 0.8333 0.1443 0.1443
BinVal : 5 0 0 0 0
BinVal : 5 1 0 0 0
BinVal : 5 2 0.05 0.02627 0.02627
BinVal : 5 3 0.3425 0.05459 0.05459
BinVal : 5 4 0.6538 0.03778 0.03778
BinVal : 5 5 0.7718 0.01982 0.01982
BinVal : 5 6 0.814 0.01694 0.01694
BinVal : 5 7 0.7969 0.01515 0.01515
BinVal : 5 8 0.7891 0.01248 0.01248
BinVal : 5 9 0.8462 0.03023 0.03023
BinVal : 5 10 0.9412 0.06862 0.06862
BinVal : 5 11 0.5 0.1667 0.1667
BinVal : 5 12 0.8 0.1597 0.1597
BinVal : 6 0 0 0 0
BinVal : 6 1 0 0 0
BinVal : 6 2 0.05263 0.04113 0.04113
BinVal : 6 3 0.4 0.0855 0.0855
BinVal : 6 4 0.6806 0.05405 0.05405
BinVal : 6 5 0.8577 0.02201 0.02201
BinVal : 6 6 0.8746 0.01962 0.01962
BinVal : 6 7 0.8654 0.01756 0.01756
BinVal : 6 8 0.8832 0.01324 0.01324
BinVal : 6 9 0.908 0.03178 0.03178
BinVal : 6 10 1 0.08299 0.08299
BinVal : 6 11 0.3333 0.2 0.2
BinVal : 6 12 1 0.1409 0.1409
BinVal : 7 0 0 0 0
BinVal : 7 1 0 0 0
BinVal : 7 2 0 0 0
BinVal : 7 3 0 0 0
BinVal : 7 4 0 0 0
BinVal : 7 5 0 0 0
BinVal : 7 6 0 0 0
BinVal : 7 7 0 0 0
BinVal : 7 8 0 0 0
BinVal : 7 9 0 0 0
BinVal : 7 10 0 0 0
BinVal : 7 11 0 0 0
BinVal : 7 12 0 0 0
BinVal : 8 0 0 0 0
BinVal : 8 1 0 0 0
BinVal : 8 2 0 0 0
BinVal : 8 3 0 0 0
BinVal : 8 4 0 0 0
BinVal : 8 5 0 0 0
BinVal : 8 6 0 0 0
BinVal : 8 7 0 0 0
BinVal : 8 8 0 0 0
BinVal : 8 9 0 0 0
BinVal : 8 10 0 0 0
BinVal : 8 11 0 0 0
BinVal : 8 12 0 0 0
BinVal : 9 0 0 0 0
BinVal : 9 1 0 0 0
BinVal : 9 2 0.1163 0.05012 0.05012
BinVal : 9 3 0.4483 0.08797 0.08797
BinVal : 9 4 0.6795 0.05204 0.05204
BinVal : 9 5 0.8846 0.02385 0.02385
BinVal : 9 6 0.9454 0.01123 0.01123
BinVal : 9 7 0.9637 0.007095 0.007095
BinVal : 9 8 0.9552 0.005688 0.005688
BinVal : 9 9 0.9661 0.01445 0.01445
BinVal : 9 10 0.9032 0.05597 0.05597
BinVal : 9 11 1 0.07122 0.07122
BinVal : 9 12 0.875 0.1206 0.1206
BinVal : 10 0 0 0 0
BinVal : 10 1 0 0 0
BinVal : 10 2 0.08163 0.04124 0.04124
BinVal : 10 3 0.4194 0.08476 0.08476
BinVal : 10 4 0.7416 0.04594 0.04594
BinVal : 10 5 0.9234 0.01869 0.01869
BinVal : 10 6 0.9645 0.009243 0.009243
BinVal : 10 7 0.9755 0.005533 0.005533
BinVal : 10 8 0.9697 0.004259 0.004259
BinVal : 10 9 0.9753 0.01062 0.01062
BinVal : 10 10 0.9362 0.03872 0.03872
BinVal : 10 11 1 0.05871 0.05871
BinVal : 10 12 0.8 0.1201 0.1201
BinVal : 11 0 0 0 0
BinVal : 11 1 0 0 0
BinVal : 11 2 0.3111 0.06728 0.06728
BinVal : 11 3 0.4 0.0855 0.0855
BinVal : 11 4 0.6667 0.04901 0.04901
BinVal : 11 5 0.9744 0.01102 0.01102
BinVal : 11 6 0.9675 0.008778 0.008778
BinVal : 11 7 0.9722 0.005963 0.005963
BinVal : 11 8 0.9824 0.003175 0.003175
BinVal : 11 9 0.9735 0.0114 0.0114
BinVal : 11 10 0.9796 0.02692 0.02692
BinVal : 11 11 1 0.05546 0.05546
BinVal : 11 12 0.9375 0.0721 0.0721
BinVal : 12 0 0 0 0
BinVal : 12 1 0 0 0
BinVal : 12 2 0.4857 0.08108 0.08108
BinVal : 12 3 0.5172 0.08834 0.08834
BinVal : 12 4 0.6562 0.04784 0.04784
BinVal : 12 5 0.9813 0.008954 0.008954
BinVal : 12 6 0.9748 0.007791 0.007791
BinVal : 12 7 0.9743 0.005949 0.005949
BinVal : 12 8 0.9892 0.002513 0.002513
BinVal : 12 9 0.9902 0.008287 0.008287
BinVal : 12 10 0.9792 0.02744 0.02744
BinVal : 12 11 1 0.05546 0.05546
BinVal : 12 12 1 0.05546 0.05546
BinVal : 13 0 0 0 0
BinVal : 13 1 0 0 0
BinVal : 13 2 0.375 0.09363 0.09363
BinVal : 13 3 0.5882 0.1104 0.1104
BinVal : 13 4 0.7812 0.04193 0.04193
BinVal : 13 5 0.9738 0.009612 0.009612
BinVal : 13 6 0.9929 0.004678 0.004678
BinVal : 13 7 0.9869 0.004546 0.004546
BinVal : 13 8 0.9905 0.002363 0.002363
BinVal : 13 9 0.9956 0.006135 0.006135
BinVal : 13 10 0.9388 0.03728 0.03728
BinVal : 13 11 1 0.04343 0.04343
BinVal : 13 12 1 0.05871 0.05871
BinVal : 14 0 0 0 0
BinVal : 14 1 0 0 0
BinVal : 14 2 0.2273 0.0866 0.0866
BinVal : 14 3 0.45 0.1038 0.1038
BinVal : 14 4 0.7653 0.0425 0.0425
BinVal : 14 5 0.9443 0.01339 0.01339
BinVal : 14 6 0.9804 0.006777 0.006777
BinVal : 14 7 0.9756 0.006189 0.006189
BinVal : 14 8 0.9806 0.00324 0.00324
BinVal : 14 9 0.9691 0.01127 0.01127
BinVal : 14 10 0.9423 0.03531 0.03531
BinVal : 14 11 1 0.04993 0.04993
BinVal : 14 12 1 0.04993 0.04993
BinVal : 15 0 0 0 0
BinVal : 15 1 0 0 0
BinVal : 15 2 0.2308 0.08041 0.08041
BinVal : 15 3 0.3571 0.08655 0.08655
BinVal : 15 4 0.6939 0.04602 0.04602
BinVal : 15 5 0.9179 0.01659 0.01659
BinVal : 15 6 0.9733 0.00787 0.00787
BinVal : 15 7 0.957 0.007523 0.007523
BinVal : 15 8 0.9662 0.004208 0.004208
BinVal : 15 9 0.9672 0.01123 0.01123
BinVal : 15 10 0.9767 0.03038 0.03038
BinVal : 15 11 1 0.0665 0.0665
BinVal : 15 12 1 0.04343 0.04343
BinVal : 16 0 0 0 0
BinVal : 16 1 0 0 0
BinVal : 16 2 0.2051 0.06387 0.06387
BinVal : 16 3 0.3415 0.07185 0.07185
BinVal : 16 4 0.6979 0.04632 0.04632
BinVal : 16 5 0.9143 0.01809 0.01809
BinVal : 16 6 0.9573 0.009767 0.009767
BinVal : 16 7 0.9535 0.007159 0.007159
BinVal : 16 8 0.9647 0.00443 0.00443
BinVal : 16 9 0.9844 0.008566 0.008566
BinVal : 16 10 0.973 0.03488 0.03488
BinVal : 16 11 0.9286 0.08021 0.08021
BinVal : 16 12 1 0.04343 0.04343
BinVal : 17 0 0 0 0
BinVal : 17 1 0 0 0
BinVal : 17 2 0.122 0.05224 0.05224
BinVal : 17 3 0.3696 0.06916 0.06916
BinVal : 17 4 0.6923 0.04476 0.04476
BinVal : 17 5 0.9124 0.01942 0.01942
BinVal : 17 6 0.9325 0.01163 0.01163
BinVal : 17 7 0.9542 0.006963 0.006963
BinVal : 17 8 0.9666 0.004384 0.004384
BinVal : 17 9 0.9795 0.009815 0.009815
BinVal : 17 10 0.9744 0.03324 0.03324
BinVal : 17 11 0.9412 0.06862 0.06862
BinVal : 17 12 0.9286 0.08021 0.08021
BinVal : 18 0 0 0 0
BinVal : 18 1 0 0 0
BinVal : 18 2 0.07895 0.04685 0.04685
BinVal : 18 3 0.5161 0.08571 0.08571
BinVal : 18 4 0.6901 0.054 0.054
BinVal : 18 5 0.9027 0.02203 0.02203
BinVal : 18 6 0.9371 0.01186 0.01186
BinVal : 18 7 0.9558 0.007492 0.007492
BinVal : 18 8 0.9668 0.004704 0.004704
BinVal : 18 9 0.9714 0.01224 0.01224
BinVal : 18 10 1 0.02856 0.02856
BinVal : 18 11 0.95 0.05994 0.05994
BinVal : 18 12 0.875 0.1206 0.1206
BinVal : 19 0 0 0 0
BinVal : 19 1 0 0 0
BinVal : 19 2 0.04762 0.05752 0.05752
BinVal : 19 3 0.6667 0.1237 0.1237
BinVal : 19 4 0.7 0.09712 0.09712
BinVal : 19 5 0.9024 0.03355 0.03355
BinVal : 19 6 0.9479 0.01656 0.01656
BinVal : 19 7 0.9556 0.01191 0.01191
BinVal : 19 8 0.9695 0.007238 0.007238
BinVal : 19 9 0.9643 0.02258 0.02258
BinVal : 19 10 1 0.06236 0.06236
BinVal : 19 11 0.9167 0.09035 0.09035
BinVal : 19 12 1 0.1936 0.1936
BinVal : 20 0 0 0 0
BinVal : 20 1 0 0 0
BinVal : 20 2 0 0 0
BinVal : 20 3 0 0 0
BinVal : 20 4 0 0 0
BinVal : 20 5 0 0 0
BinVal : 20 6 0 0 0
BinVal : 20 7 0 0 0
BinVal : 20 8 0 0 0
BinVal : 20 9 0 0 0
BinVal : 20 10 0 0 0
BinVal : 20 11 0 0 0
BinVal : 20 12 0 0 0
BinVal : 21 0 0 0 0
BinVal : 21 1 0 0 0
BinVal : 21 2 0 0 0
BinVal : 21 3 0 0 0
BinVal : 21 4 0 0 0
BinVal : 21 5 0 0 0
BinVal : 21 6 0 0 0
BinVal : 21 7 0 0 0
BinVal : 21 8 0 0 0
BinVal : 21 9 0 0 0
BinVal : 21 10 0 0 0
BinVal : 21 11 0 0 0
BinVal : 21 12 0 0 0
BinVal : 22 0 0 0 0
BinVal : 22 1 0 0 0
BinVal : 22 2 0.09524 0.03282 0.03282
BinVal : 22 3 0.4265 0.05873 0.05873
BinVal : 22 4 0.6111 0.03798 0.03798
BinVal : 22 5 0.7519 0.02147 0.02147
BinVal : 22 6 0.7928 0.01766 0.01766
BinVal : 22 7 0.7928 0.01569 0.01569
BinVal : 22 8 0.8155 0.01187 0.01187
BinVal : 22 9 0.8298 0.03165 0.03165
BinVal : 22 10 0.9333 0.05074 0.05074
BinVal : 22 11 1 0.1409 0.1409
BinVal : 22 12 1 0.09938 0.09938
BinVal : 23 0 0 0 0
BinVal : 23 1 0 0 0
BinVal : 23 2 0.03704 0.01977 0.01977
BinVal : 23 3 0.3111 0.04818 0.04818
BinVal : 23 4 0.4467 0.03516 0.03516
BinVal : 23 5 0.6406 0.0244 0.0244
BinVal : 23 6 0.7013 0.01986 0.01986
BinVal : 23 7 0.7013 0.01871 0.01871
BinVal : 23 8 0.7327 0.01566 0.01566
BinVal : 23 9 0.7778 0.03823 0.03823
BinVal : 23 10 0.8636 0.07454 0.07454
BinVal : 23 11 1 0.1936 0.1936
BinVal : 23 12 1 0.1633 0.1633
BinVal : 24 0 0 0 0
BinVal : 24 1 0 0 0
BinVal : 24 2 0.04762 0.02002 0.02002
BinVal : 24 3 0.1579 0.03749 0.03749
BinVal : 24 4 0.3897 0.03468 0.03468
BinVal : 24 5 0.6173 0.02514 0.02514
BinVal : 24 6 0.709 0.0212 0.0212
BinVal : 24 7 0.6915 0.02155 0.02155
BinVal : 24 8 0.7614 0.01783 0.01783
BinVal : 24 9 0.8 0.04753 0.04753
BinVal : 24 10 0.8333 0.1059 0.1059
BinVal : 24 11 0.6667 0.2 0.2
BinVal : 24 12 1 0.1936 0.1936
BinVal : 25 0 0 0 0
BinVal : 25 1 0 0 0
BinVal : 25 2 0.0229 0.01475 0.01475
BinVal : 25 3 0.1034 0.03329 0.03329
BinVal : 25 4 0.4294 0.03843 0.03843
BinVal : 25 5 0.6207 0.02705 0.02705
BinVal : 25 6 0.6982 0.02345 0.02345
BinVal : 25 7 0.6727 0.02817 0.02817
BinVal : 25 8 0.7679 0.02129 0.02129
BinVal : 25 9 0.8519 0.06897 0.06897
BinVal : 25 10 1 0.1409 0.1409
BinVal : 25 11 1 0.1409 0.1409
BinVal : 25 12 1 0.1409 0.1409
BinVal : 26 0 0 0 0
BinVal : 26 1 0 0 0
BinVal : 26 2 0.01307 0.01103 0.01103
BinVal : 26 3 0.1512 0.03877 0.03877
BinVal : 26 4 0.4237 0.03684 0.03684
BinVal : 26 5 0.6019 0.02708 0.02708
BinVal : 26 6 0.6413 0.02634 0.02634
BinVal : 26 7 0.6379 0.03616 0.03616
BinVal : 26 8 0.7451 0.0272 0.0272
BinVal : 26 9 0.8125 0.09538 0.09538
BinVal : 26 10 1 0.1936 0.1936
BinVal : 26 11 1 0.1936 0.1936
BinVal : 26 12 1 0.1936 0.1936
BinVal : 27 0 0 0 0
BinVal : 27 1 0 0 0
BinVal : 27 2 0.007299 0.01006 0.01006
BinVal : 27 3 0.1282 0.03826 0.03826
BinVal : 27 4 0.3125 0.03638 0.03638
BinVal : 27 5 0.5498 0.03122 0.03122
BinVal : 27 6 0.6146 0.03487 0.03487
BinVal : 27 7 0.5772 0.04403 0.04403
BinVal : 27 8 0.6991 0.04272 0.04272
BinVal : 27 9 0.7143 0.1491 0.1491
BinVal : 27 10 1 0.2357 0.2357
BinVal : 27 11 1 0.2357 0.2357
BinVal : 27 12 1 0.2357 0.2357
BinVal : 28 0 0 0 0
BinVal : 28 1 0 0 0
BinVal : 28 2 0 0 0
BinVal : 28 3 0.03125 0.03977 0.03977
BinVal : 28 4 0.1864 0.05049 0.05049
BinVal : 28 5 0.4054 0.05601 0.05601
BinVal : 28 6 0.5714 0.08037 0.08037
BinVal : 28 7 0.4571 0.08084 0.08084
BinVal : 28 8 0.3846 0.1225 0.1225
BinVal : 28 9 0.3846 0.1225 0.1225
BinVal : 28 10 0.3846 0.1225 0.1225
BinVal : 28 11 0.3846 0.1225 0.1225
BinVal : 28 12 0.3846 0.1225 0.1225
