D0NoteID : 0
EffName : SINGLEELE_AND_GROUP1_v15
EffType : Binned
EffVarNames : DetEta pT
EffVersion : 6
ObjQuality : Top_tight
ObjType : Electron
ObjVersion : 4
BinEdgesX : -3.2 -2.8 -2.5 -2.3 -2.1 -1.9 -1.7 -1.5 -1.3 -1.1 -0.9 -0.7 -0.5 -0.3 -0.1 0.1 0.3 0.5 0.7 0.9 1.1 1.3 1.5 1.7 1.9 2.1 2.3 2.5 2.8 3.2
BinEdgesY : 0 10 15 20 22 25 30 35 40 50 60 70 80 1000
BinVal : 0 0 0 0 0
BinVal : 0 1 0 0 0
BinVal : 0 2 0 0 0
BinVal : 0 3 0 0 0
BinVal : 0 4 0 0 0
BinVal : 0 5 0 0 0
BinVal : 0 6 0 0 0
BinVal : 0 7 0 0 0
BinVal : 0 8 0 0 0
BinVal : 0 9 0 0 0
BinVal : 0 10 0 0 0
BinVal : 0 11 0 0 0
BinVal : 0 12 0 0 0
BinVal : 1 0 0 0 0
BinVal : 1 1 0 0 0
BinVal : 1 2 0 0 0
BinVal : 1 3 0 0 0
BinVal : 1 4 0.4118 0.1104 0.1104
BinVal : 1 5 0.7416 0.04594 0.04594
BinVal : 1 6 0.9091 0.02957 0.02957
BinVal : 1 7 0.9815 0.02458 0.02458
BinVal : 1 8 0.9512 0.02566 0.02566
BinVal : 1 9 1 0.09938 0.09938
BinVal : 1 10 1 0.09938 0.09938
BinVal : 1 11 1 0.09938 0.09938
BinVal : 1 12 1 0.09938 0.09938
BinVal : 2 0 0 0 0
BinVal : 2 1 0 0 0
BinVal : 2 2 0 0 0
BinVal : 2 3 0.1364 0.07454 0.07454
BinVal : 2 4 0.4848 0.0833 0.0833
BinVal : 2 5 0.7376 0.03681 0.03681
BinVal : 2 6 0.8415 0.02856 0.02856
BinVal : 2 7 0.8938 0.0294 0.0294
BinVal : 2 8 0.9121 0.02129 0.02129
BinVal : 2 9 1 0.04756 0.04756
BinVal : 2 10 1 0.2357 0.2357
BinVal : 2 11 1 0.2357 0.2357
BinVal : 2 12 1 0.2357 0.2357
BinVal : 3 0 0 0 0
BinVal : 3 1 0 0 0
BinVal : 3 2 0 0 0
BinVal : 3 3 0.2 0.07857 0.07857
BinVal : 3 4 0.5417 0.06979 0.06979
BinVal : 3 5 0.6331 0.03678 0.03678
BinVal : 3 6 0.8052 0.02602 0.02602
BinVal : 3 7 0.8358 0.02614 0.02614
BinVal : 3 8 0.908 0.01613 0.01613
BinVal : 3 9 1 0.02702 0.02702
BinVal : 3 10 1 0.1409 0.1409
BinVal : 3 11 1 0.1409 0.1409
BinVal : 3 12 1 0.2357 0.2357
BinVal : 4 0 0 0 0
BinVal : 4 1 0 0 0
BinVal : 4 2 0 0 0
BinVal : 4 3 0.1538 0.07112 0.07112
BinVal : 4 4 0.6176 0.05777 0.05777
BinVal : 4 5 0.6468 0.0335 0.0335
BinVal : 4 6 0.8298 0.02072 0.02072
BinVal : 4 7 0.8483 0.0182 0.0182
BinVal : 4 8 0.8969 0.01265 0.01265
BinVal : 4 9 0.9848 0.02034 0.02034
BinVal : 4 10 0.8333 0.1443 0.1443
BinVal : 4 11 1 0.1936 0.1936
BinVal : 4 12 1 0.2357 0.2357
BinVal : 5 0 0 0 0
BinVal : 5 1 0 0 0
BinVal : 5 2 0.07407 0.03777 0.03777
BinVal : 5 3 0.2188 0.0717 0.0717
BinVal : 5 4 0.6559 0.0486 0.0486
BinVal : 5 5 0.8235 0.02311 0.02311
BinVal : 5 6 0.8846 0.01524 0.01524
BinVal : 5 7 0.917 0.01166 0.01166
BinVal : 5 8 0.9265 0.008254 0.008254
BinVal : 5 9 0.9829 0.01431 0.01431
BinVal : 5 10 0.8571 0.09466 0.09466
BinVal : 5 11 1 0.09938 0.09938
BinVal : 5 12 1 0.2357 0.2357
BinVal : 6 0 0 0 0
BinVal : 6 1 0 0 0
BinVal : 6 2 0.1538 0.07112 0.07112
BinVal : 6 3 0.3125 0.1081 0.1081
BinVal : 6 4 0.6296 0.06412 0.06412
BinVal : 6 5 0.8957 0.0242 0.0242
BinVal : 6 6 0.9216 0.01705 0.01705
BinVal : 6 7 0.9681 0.01033 0.01033
BinVal : 6 8 0.9513 0.008621 0.008621
BinVal : 6 9 0.9865 0.01824 0.01824
BinVal : 6 10 0.9091 0.09643 0.09643
BinVal : 6 11 1 0.1237 0.1237
BinVal : 6 12 1 0.2357 0.2357
BinVal : 7 0 0 0 0
BinVal : 7 1 0 0 0
BinVal : 7 2 0 0 0
BinVal : 7 3 0 0 0
BinVal : 7 4 0 0 0
BinVal : 7 5 0 0 0
BinVal : 7 6 0 0 0
BinVal : 7 7 0 0 0
BinVal : 7 8 0 0 0
BinVal : 7 9 0 0 0
BinVal : 7 10 0 0 0
BinVal : 7 11 0 0 0
BinVal : 7 12 0 0 0
BinVal : 8 0 0 0 0
BinVal : 8 1 0 0 0
BinVal : 8 2 0 0 0
BinVal : 8 3 0 0 0
BinVal : 8 4 0 0 0
BinVal : 8 5 0 0 0
BinVal : 8 6 0 0 0
BinVal : 8 7 0 0 0
BinVal : 8 8 0 0 0
BinVal : 8 9 0 0 0
BinVal : 8 10 0 0 0
BinVal : 8 11 0 0 0
BinVal : 8 12 0 0 0
BinVal : 9 0 0 0 0
BinVal : 9 1 0 0 0
BinVal : 9 2 0.08 0.05939 0.05939
BinVal : 9 3 0.4839 0.08571 0.08571
BinVal : 9 4 0.766 0.06081 0.06081
BinVal : 9 5 0.9486 0.01731 0.01731
BinVal : 9 6 0.967 0.008054 0.008054
BinVal : 9 7 0.9817 0.00438 0.00438
BinVal : 9 8 0.9947 0.001659 0.001659
BinVal : 9 9 0.9969 0.004318 0.004318
BinVal : 9 10 1 0.01695 0.01695
BinVal : 9 11 1 0.09938 0.09938
BinVal : 9 12 1 0.07122 0.07122
BinVal : 10 0 0 0 0
BinVal : 10 1 0 0 0
BinVal : 10 2 0.06452 0.0493 0.0493
BinVal : 10 3 0.4737 0.07799 0.07799
BinVal : 10 4 0.8077 0.04444 0.04444
BinVal : 10 5 0.9532 0.01421 0.01421
BinVal : 10 6 0.9732 0.007009 0.007009
BinVal : 10 7 0.9839 0.003847 0.003847
BinVal : 10 8 0.9953 0.001412 0.001412
BinVal : 10 9 0.9974 0.003697 0.003697
BinVal : 10 10 1 0.01282 0.01282
BinVal : 10 11 1 0.05871 0.05871
BinVal : 10 12 1 0.05255 0.05255
BinVal : 11 0 0 0 0
BinVal : 11 1 0 0 0
BinVal : 11 2 0.1724 0.06984 0.06984
BinVal : 11 3 0.4688 0.08437 0.08437
BinVal : 11 4 0.8023 0.04276 0.04276
BinVal : 11 5 0.9562 0.0122 0.0122
BinVal : 11 6 0.9745 0.006914 0.006914
BinVal : 11 7 0.9898 0.003182 0.003182
BinVal : 11 8 0.995 0.00144 0.00144
BinVal : 11 9 0.9977 0.003225 0.003225
BinVal : 11 10 1 0.01316 0.01316
BinVal : 11 11 1 0.03446 0.03446
BinVal : 11 12 1 0.04993 0.04993
BinVal : 12 0 0 0 0
BinVal : 12 1 0 0 0
BinVal : 12 2 0.2 0.08738 0.08738
BinVal : 12 3 0.4444 0.0908 0.0908
BinVal : 12 4 0.7882 0.04404 0.04404
BinVal : 12 5 0.9586 0.01156 0.01156
BinVal : 12 6 0.9733 0.00725 0.00725
BinVal : 12 7 0.9931 0.002777 0.002777
BinVal : 12 8 0.9942 0.001496 0.001496
BinVal : 12 9 0.9956 0.003765 0.003765
BinVal : 12 10 1 0.01515 0.01515
BinVal : 12 11 1 0.02499 0.02499
BinVal : 12 12 1 0.04756 0.04756
BinVal : 13 0 0 0 0
BinVal : 13 1 0 0 0
BinVal : 13 2 0.1176 0.08154 0.08154
BinVal : 13 3 0.2727 0.09091 0.09091
BinVal : 13 4 0.8427 0.03868 0.03868
BinVal : 13 5 0.9621 0.01105 0.01105
BinVal : 13 6 0.9806 0.006029 0.006029
BinVal : 13 7 0.9944 0.002744 0.002744
BinVal : 13 8 0.9936 0.001506 0.001506
BinVal : 13 9 0.9977 0.00316 0.00316
BinVal : 13 10 1 0.01299 0.01299
BinVal : 13 11 1 0.0294 0.0294
BinVal : 13 12 1 0.03569 0.03569
BinVal : 14 0 0 0 0
BinVal : 14 1 0 0 0
BinVal : 14 2 0.1818 0.08122 0.08122
BinVal : 14 3 0.3529 0.1079 0.1079
BinVal : 14 4 0.9231 0.0314 0.0314
BinVal : 14 5 0.9631 0.01079 0.01079
BinVal : 14 6 0.9798 0.005968 0.005968
BinVal : 14 7 0.9933 0.002946 0.002946
BinVal : 14 8 0.9915 0.001728 0.001728
BinVal : 14 9 0.9953 0.003991 0.003991
BinVal : 14 10 1 0.01149 0.01149
BinVal : 14 11 1 0.03446 0.03446
BinVal : 14 12 1 0.04343 0.04343
BinVal : 15 0 0 0 0
BinVal : 15 1 0 0 0
BinVal : 15 2 0.2609 0.08806 0.08806
BinVal : 15 3 0.4348 0.09735 0.09735
BinVal : 15 4 0.8767 0.03899 0.03899
BinVal : 15 5 0.9709 0.009987 0.009987
BinVal : 15 6 0.9856 0.005347 0.005347
BinVal : 15 7 0.9894 0.00332 0.00332
BinVal : 15 8 0.9931 0.001619 0.001619
BinVal : 15 9 0.9954 0.003936 0.003936
BinVal : 15 10 1 0.01163 0.01163
BinVal : 15 11 1 0.03331 0.03331
BinVal : 15 12 1 0.07122 0.07122
BinVal : 16 0 0 0 0
BinVal : 16 1 0 0 0
BinVal : 16 2 0.1613 0.06615 0.06615
BinVal : 16 3 0.4615 0.09261 0.09261
BinVal : 16 4 0.8205 0.04337 0.04337
BinVal : 16 5 0.9703 0.01086 0.01086
BinVal : 16 6 0.9891 0.004741 0.004741
BinVal : 16 7 0.9878 0.003333 0.003333
BinVal : 16 8 0.9944 0.001499 0.001499
BinVal : 16 9 1 0.002353 0.002353
BinVal : 16 10 1 0.01205 0.01205
BinVal : 16 11 1 0.0454 0.0454
BinVal : 16 12 1 0.0454 0.0454
BinVal : 17 0 0 0 0
BinVal : 17 1 0 0 0
BinVal : 17 2 0.09091 0.0454 0.0454
BinVal : 17 3 0.3913 0.09608 0.09608
BinVal : 17 4 0.7922 0.04595 0.04595
BinVal : 17 5 0.9693 0.01206 0.01206
BinVal : 17 6 0.9846 0.005346 0.005346
BinVal : 17 7 0.9879 0.00333 0.00333
BinVal : 17 8 0.9947 0.00147 0.00147
BinVal : 17 9 0.9974 0.003631 0.003631
BinVal : 17 10 1 0.01176 0.01176
BinVal : 17 11 1 0.04993 0.04993
BinVal : 17 12 1 0.04993 0.04993
BinVal : 18 0 0 0 0
BinVal : 18 1 0 0 0
BinVal : 18 2 0.129 0.06149 0.06149
BinVal : 18 3 0.375 0.09363 0.09363
BinVal : 18 4 0.8235 0.04615 0.04615
BinVal : 18 5 0.9606 0.01427 0.01427
BinVal : 18 6 0.9757 0.00687 0.00687
BinVal : 18 7 0.9825 0.004309 0.004309
BinVal : 18 8 0.9972 0.001233 0.001233
BinVal : 18 9 0.997 0.004228 0.004228
BinVal : 18 10 1 0.0147 0.0147
BinVal : 18 11 1 0.04163 0.04163
BinVal : 18 12 1 0.09045 0.09045
BinVal : 19 0 0 0 0
BinVal : 19 1 0 0 0
BinVal : 19 2 0.3333 0.1614 0.1614
BinVal : 19 3 0.4545 0.1332 0.1332
BinVal : 19 4 0.9032 0.05597 0.05597
BinVal : 19 5 0.9596 0.02148 0.02148
BinVal : 19 6 0.9662 0.01229 0.01229
BinVal : 19 7 0.9756 0.007932 0.007932
BinVal : 19 8 0.9977 0.002009 0.002009
BinVal : 19 9 1 0.007092 0.007092
BinVal : 19 10 1 0.03997 0.03997
BinVal : 19 11 1 0.07122 0.07122
BinVal : 19 12 1 0.1633 0.1633
BinVal : 20 0 0 0 0
BinVal : 20 1 0 0 0
BinVal : 20 2 0 0 0
BinVal : 20 3 0 0 0
BinVal : 20 4 0 0 0
BinVal : 20 5 0 0 0
BinVal : 20 6 0 0 0
BinVal : 20 7 0 0 0
BinVal : 20 8 0 0 0
BinVal : 20 9 0 0 0
BinVal : 20 10 0 0 0
BinVal : 20 11 0 0 0
BinVal : 20 12 0 0 0
BinVal : 21 0 0 0 0
BinVal : 21 1 0 0 0
BinVal : 21 2 0 0 0
BinVal : 21 3 0 0 0
BinVal : 21 4 0 0 0
BinVal : 21 5 0 0 0
BinVal : 21 6 0 0 0
BinVal : 21 7 0 0 0
BinVal : 21 8 0 0 0
BinVal : 21 9 0 0 0
BinVal : 21 10 0 0 0
BinVal : 21 11 0 0 0
BinVal : 21 12 0 0 0
BinVal : 22 0 0 0 0
BinVal : 22 1 0 0 0
BinVal : 22 2 0.04878 0.03841 0.03841
BinVal : 22 3 0.2391 0.06186 0.06186
BinVal : 22 4 0.6517 0.04978 0.04978
BinVal : 22 5 0.8239 0.02195 0.02195
BinVal : 22 6 0.8513 0.01607 0.01607
BinVal : 22 7 0.8977 0.01225 0.01225
BinVal : 22 8 0.9511 0.006723 0.006723
BinVal : 22 9 0.9916 0.01154 0.01154
BinVal : 22 10 0.9655 0.04343 0.04343
BinVal : 22 11 1 0.08299 0.08299
BinVal : 22 12 1 0.1409 0.1409
BinVal : 23 0 0 0 0
BinVal : 23 1 0 0 0
BinVal : 23 2 0 0 0
BinVal : 23 3 0.1026 0.05049 0.05049
BinVal : 23 4 0.5538 0.0603 0.0603
BinVal : 23 5 0.7103 0.03086 0.03086
BinVal : 23 6 0.8157 0.0213 0.0213
BinVal : 23 7 0.8298 0.01938 0.01938
BinVal : 23 8 0.9167 0.01123 0.01123
BinVal : 23 9 1 0.01515 0.01515
BinVal : 23 10 0.9286 0.08021 0.08021
BinVal : 23 11 1 0.1237 0.1237
BinVal : 23 12 1 0.2357 0.2357
BinVal : 24 0 0 0 0
BinVal : 24 1 0 0 0
BinVal : 24 2 0 0 0
BinVal : 24 3 0.1034 0.05926 0.05926
BinVal : 24 4 0.6444 0.06935 0.06935
BinVal : 24 5 0.6901 0.03513 0.03513
BinVal : 24 6 0.8661 0.0221 0.0221
BinVal : 24 7 0.8458 0.02472 0.02472
BinVal : 24 8 0.8985 0.01685 0.01685
BinVal : 24 9 1 0.02702 0.02702
BinVal : 24 10 1 0.1633 0.1633
BinVal : 24 11 1 0.1633 0.1633
BinVal : 24 12 1 0.1633 0.1633
BinVal : 25 0 0 0 0
BinVal : 25 1 0 0 0
BinVal : 25 2 0 0 0
BinVal : 25 3 0.06667 0.07594 0.07594
BinVal : 25 4 0.6364 0.08053 0.08053
BinVal : 25 5 0.7377 0.03953 0.03953
BinVal : 25 6 0.8367 0.02642 0.02642
BinVal : 25 7 0.879 0.02954 0.02954
BinVal : 25 8 0.9072 0.02108 0.02108
BinVal : 25 9 1 0.04993 0.04993
BinVal : 25 10 1 0.1936 0.1936
BinVal : 25 11 1 0.2357 0.2357
BinVal : 25 12 1 0.2357 0.2357
BinVal : 26 0 0 0 0
BinVal : 26 1 0 0 0
BinVal : 26 2 0 0 0
BinVal : 26 3 0.09091 0.09643 0.09643
BinVal : 26 4 0.5833 0.09508 0.09508
BinVal : 26 5 0.8088 0.04747 0.04747
BinVal : 26 6 0.8036 0.03742 0.03742
BinVal : 26 7 0.8364 0.04994 0.04994
BinVal : 26 8 0.9192 0.02821 0.02821
BinVal : 26 9 1 0.09045 0.09045
BinVal : 26 10 1 0.2357 0.2357
BinVal : 26 11 1 0.2357 0.2357
BinVal : 26 12 1 0.2357 0.2357
BinVal : 27 0 0 0 0
BinVal : 27 1 0 0 0
BinVal : 27 2 0 0 0
BinVal : 27 3 0 0 0
BinVal : 27 4 0.5714 0.1571 0.1571
BinVal : 27 5 0.7857 0.07596 0.07596
BinVal : 27 6 0.7241 0.08024 0.08024
BinVal : 27 7 0.6364 0.13 0.13
BinVal : 27 8 0.85 0.08042 0.08042
BinVal : 27 9 1 0.1936 0.1936
BinVal : 27 10 1 0.1936 0.1936
BinVal : 27 11 1 0.1936 0.1936
BinVal : 27 12 1 0.1936 0.1936
BinVal : 28 0 0 0 0
BinVal : 28 1 0 0 0
BinVal : 28 2 0 0 0
BinVal : 28 3 0 0 0
BinVal : 28 4 0 0 0
BinVal : 28 5 0 0.2357 0.2357
BinVal : 28 6 0 0.2357 0.2357
BinVal : 28 7 0 0.2357 0.2357
BinVal : 28 8 0.5 0.2236 0.2236
BinVal : 28 9 0.5 0.2236 0.2236
BinVal : 28 10 0.5 0.2236 0.2236
BinVal : 28 11 0.5 0.2236 0.2236
BinVal : 28 12 0.5 0.2236 0.2236
