D0NoteID : 0
EffName : SINGLEELE_AND_EJETS_v811
EffType : Binned
EffVarNames : DetEta pT
EffVersion : 6
ObjQuality : Tight_trk
ObjType : Electron
ObjVersion : 2
BinEdgesX : -3.2 -2.8 -2.5 -2.3 -2.1 -1.9 -1.7 -1.5 -1.3 -1.1 -0.9 -0.7 -0.5 -0.3 -0.1 0.1 0.3 0.5 0.7 0.9 1.1 1.3 1.5 1.7 1.9 2.1 2.3 2.5 2.8 3.2
BinEdgesY : 0 10 15 20 22 25 30 35 40 50 60 70 80 1000
BinVal : 0 0 0 0 0
BinVal : 0 1 0 0 0
BinVal : 0 2 0 0 0
BinVal : 0 3 0 0 0
BinVal : 0 4 0 0 0
BinVal : 0 5 0 0 0
BinVal : 0 6 0 0 0
BinVal : 0 7 0 0 0
BinVal : 0 8 0 0 0
BinVal : 0 9 0 0 0
BinVal : 0 10 0 0 0
BinVal : 0 11 0 0 0
BinVal : 0 12 0 0 0
BinVal : 1 0 0 0 0
BinVal : 1 1 0 0 0
BinVal : 1 2 0 0 0
BinVal : 1 3 0 0 0
BinVal : 1 4 0.8333 0.1443 0.1443
BinVal : 1 5 0.6667 0.1041 0.1041
BinVal : 1 6 1 0.07666 0.07666
BinVal : 1 7 0.8182 0.1126 0.1126
BinVal : 1 8 0.9167 0.09035 0.09035
BinVal : 1 9 1 0.1633 0.1633
BinVal : 1 10 1 0.1633 0.1633
BinVal : 1 11 1 0.1633 0.1633
BinVal : 1 12 1 0.1633 0.1633
BinVal : 2 0 0 0 0
BinVal : 2 1 0 0 0
BinVal : 2 2 0 0 0
BinVal : 2 3 0 0 0
BinVal : 2 4 0.5714 0.1203 0.1203
BinVal : 2 5 0.7188 0.07702 0.07702
BinVal : 2 6 0.9259 0.0556 0.0556
BinVal : 2 7 0.931 0.05226 0.05226
BinVal : 2 8 0.9333 0.05074 0.05074
BinVal : 2 9 1 0.1409 0.1409
BinVal : 2 10 1 0.1409 0.1409
BinVal : 2 11 1 0.1409 0.1409
BinVal : 2 12 1 0.1409 0.1409
BinVal : 3 0 0 0 0
BinVal : 3 1 0 0 0
BinVal : 3 2 0 0 0
BinVal : 3 3 0 0 0
BinVal : 3 4 0.7059 0.1039 0.1039
BinVal : 3 5 0.875 0.05986 0.05986
BinVal : 3 6 0.8919 0.05286 0.05286
BinVal : 3 7 0.9545 0.03602 0.03602
BinVal : 3 8 0.913 0.04364 0.04364
BinVal : 3 9 1 0.09938 0.09938
BinVal : 3 10 1 0.09938 0.09938
BinVal : 3 11 1 0.09938 0.09938
BinVal : 3 12 1 0.09938 0.09938
BinVal : 4 0 0 0 0
BinVal : 4 1 0 0 0
BinVal : 4 2 0.25 0.1382 0.1382
BinVal : 4 3 0.3333 0.2 0.2
BinVal : 4 4 0.8889 0.07792 0.07792
BinVal : 4 5 0.9333 0.05074 0.05074
BinVal : 4 6 0.8478 0.05324 0.05324
BinVal : 4 7 0.9318 0.0411 0.0411
BinVal : 4 8 0.939 0.02793 0.02793
BinVal : 4 9 0.9231 0.08498 0.08498
BinVal : 4 10 0.9231 0.08498 0.08498
BinVal : 4 11 0.9231 0.08498 0.08498
BinVal : 4 12 0.9231 0.08498 0.08498
BinVal : 5 0 0 0 0
BinVal : 5 1 0 0 0
BinVal : 5 2 0.4 0.175 0.175
BinVal : 5 3 0.3333 0.1614 0.1614
BinVal : 5 4 0.7647 0.09846 0.09846
BinVal : 5 5 0.95 0.03927 0.03927
BinVal : 5 6 0.9048 0.03816 0.03816
BinVal : 5 7 0.9444 0.02898 0.02898
BinVal : 5 8 0.9434 0.01896 0.01896
BinVal : 5 9 0.9545 0.05528 0.05528
BinVal : 5 10 0.9545 0.05528 0.05528
BinVal : 5 11 1 0.1633 0.1633
BinVal : 5 12 1 0.1633 0.1633
BinVal : 6 0 0 0 0
BinVal : 6 1 0 0 0
BinVal : 6 2 0 0 0
BinVal : 6 3 0.3333 0.2 0.2
BinVal : 6 4 0.7143 0.1491 0.1491
BinVal : 6 5 1 0.03701 0.03701
BinVal : 6 6 0.973 0.03488 0.03488
BinVal : 6 7 0.9412 0.03595 0.03595
BinVal : 6 8 0.932 0.02577 0.02577
BinVal : 6 9 1 0.05871 0.05871
BinVal : 6 10 1 0.05871 0.05871
BinVal : 6 11 1 0.1633 0.1633
BinVal : 6 12 1 0.1633 0.1633
BinVal : 7 0 0 0 0
BinVal : 7 1 0 0 0
BinVal : 7 2 0 0 0
BinVal : 7 3 0 0 0
BinVal : 7 4 0 0 0
BinVal : 7 5 0 0 0
BinVal : 7 6 0 0 0
BinVal : 7 7 0 0 0
BinVal : 7 8 0 0 0
BinVal : 7 9 0 0 0
BinVal : 7 10 0 0 0
BinVal : 7 11 0 0 0
BinVal : 7 12 0 0 0
BinVal : 8 0 0 0 0
BinVal : 8 1 0 0 0
BinVal : 8 2 0 0 0
BinVal : 8 3 0 0 0
BinVal : 8 4 0 0 0
BinVal : 8 5 0 0 0
BinVal : 8 6 0 0 0
BinVal : 8 7 0 0 0
BinVal : 8 8 0 0 0
BinVal : 8 9 0 0 0
BinVal : 8 10 0 0 0
BinVal : 8 11 0 0 0
BinVal : 8 12 0 0 0
BinVal : 9 0 0 0 0
BinVal : 9 1 0 0 0
BinVal : 9 2 0 0 0
BinVal : 9 3 0 0 0
BinVal : 9 4 0.4 0.1367 0.1367
BinVal : 9 5 0.7917 0.08108 0.08108
BinVal : 9 6 0.9213 0.02952 0.02952
BinVal : 9 7 0.9441 0.01997 0.01997
BinVal : 9 8 0.9586 0.01205 0.01205
BinVal : 9 9 0.9118 0.05167 0.05167
BinVal : 9 10 1 0.07122 0.07122
BinVal : 9 11 1 0.1633 0.1633
BinVal : 9 12 1 0.1936 0.1936
BinVal : 10 0 0 0 0
BinVal : 10 1 0 0 0
BinVal : 10 2 0 0 0
BinVal : 10 3 0.1667 0.1443 0.1443
BinVal : 10 4 0.5 0.1291 0.1291
BinVal : 10 5 0.8611 0.05839 0.05839
BinVal : 10 6 0.9143 0.02801 0.02801
BinVal : 10 7 0.9548 0.01629 0.01629
BinVal : 10 8 0.973 0.008771 0.008771
BinVal : 10 9 0.9153 0.03782 0.03782
BinVal : 10 10 1 0.06236 0.06236
BinVal : 10 11 0.75 0.1782 0.1782
BinVal : 10 12 1 0.1936 0.1936
BinVal : 11 0 0 0 0
BinVal : 11 1 0 0 0
BinVal : 11 2 0 0 0
BinVal : 11 3 0.1667 0.1443 0.1443
BinVal : 11 4 0.4286 0.1203 0.1203
BinVal : 11 5 0.9545 0.03602 0.03602
BinVal : 11 6 0.9011 0.03195 0.03195
BinVal : 11 7 0.9484 0.01849 0.01849
BinVal : 11 8 0.9618 0.009907 0.009907
BinVal : 11 9 0.9437 0.02936 0.02936
BinVal : 11 10 1 0.08299 0.08299
BinVal : 11 11 0.8333 0.1443 0.1443
BinVal : 11 12 1 0.2357 0.2357
BinVal : 12 0 0 0 0
BinVal : 12 1 0 0 0
BinVal : 12 2 0 0 0
BinVal : 12 3 0 0 0
BinVal : 12 4 0.5 0.1213 0.1213
BinVal : 12 5 0.9434 0.0347 0.0347
BinVal : 12 6 0.9259 0.03032 0.03032
BinVal : 12 7 0.9618 0.01793 0.01793
BinVal : 12 8 0.9487 0.01136 0.01136
BinVal : 12 9 0.9839 0.02158 0.02158
BinVal : 12 10 0.9091 0.09643 0.09643
BinVal : 12 11 1 0.09938 0.09938
BinVal : 12 12 1 0.1936 0.1936
BinVal : 13 0 0 0 0
BinVal : 13 1 0 0 0
BinVal : 13 2 0 0 0
BinVal : 13 3 0 0 0
BinVal : 13 4 0.9167 0.09035 0.09035
BinVal : 13 5 0.9118 0.0356 0.0356
BinVal : 13 6 0.9423 0.02401 0.02401
BinVal : 13 7 0.937 0.02234 0.02234
BinVal : 13 8 0.9588 0.009987 0.009987
BinVal : 13 9 0.9667 0.02703 0.02703
BinVal : 13 10 0.8889 0.1113 0.1113
BinVal : 13 11 1 0.08299 0.08299
BinVal : 13 12 1 0.1633 0.1633
BinVal : 14 0 0 0 0
BinVal : 14 1 0 0 0
BinVal : 14 2 0 0 0
BinVal : 14 3 0.2 0.1597 0.1597
BinVal : 14 4 0.7333 0.1074 0.1074
BinVal : 14 5 0.9231 0.03463 0.03463
BinVal : 14 6 0.9322 0.02394 0.02394
BinVal : 14 7 0.9318 0.02262 0.02262
BinVal : 14 8 0.9415 0.01175 0.01175
BinVal : 14 9 0.9571 0.02681 0.02681
BinVal : 14 10 0.9091 0.09643 0.09643
BinVal : 14 11 1 0.1102 0.1102
BinVal : 14 12 1 0.1237 0.1237
BinVal : 15 0 0 0 0
BinVal : 15 1 0 0 0
BinVal : 15 2 0 0 0
BinVal : 15 3 0.2 0.1597 0.1597
BinVal : 15 4 0.5294 0.1116 0.1116
BinVal : 15 5 0.9804 0.02593 0.02593
BinVal : 15 6 0.8785 0.0319 0.0319
BinVal : 15 7 0.9795 0.01328 0.01328
BinVal : 15 8 0.9077 0.01475 0.01475
BinVal : 15 9 0.9672 0.02662 0.02662
BinVal : 15 10 0.9167 0.09035 0.09035
BinVal : 15 11 1 0.1633 0.1633
BinVal : 15 12 1 0.1237 0.1237
BinVal : 16 0 0 0 0
BinVal : 16 1 0 0 0
BinVal : 16 2 0 0 0
BinVal : 16 3 0 0 0
BinVal : 16 4 0.3182 0.09428 0.09428
BinVal : 16 5 0.9565 0.03458 0.03458
BinVal : 16 6 0.9057 0.02897 0.02897
BinVal : 16 7 0.9708 0.01387 0.01387
BinVal : 16 8 0.9039 0.01511 0.01511
BinVal : 16 9 0.96 0.03203 0.03203
BinVal : 16 10 1 0.07666 0.07666
BinVal : 16 11 1 0.1237 0.1237
BinVal : 16 12 1 0.1633 0.1633
BinVal : 17 0 0 0 0
BinVal : 17 1 0 0 0
BinVal : 17 2 0 0 0
BinVal : 17 3 0 0 0
BinVal : 17 4 0.2105 0.09081 0.09081
BinVal : 17 5 0.88 0.04688 0.04688
BinVal : 17 6 0.9545 0.02118 0.02118
BinVal : 17 7 0.9217 0.02126 0.02126
BinVal : 17 8 0.91 0.0146 0.0146
BinVal : 17 9 0.9455 0.03354 0.03354
BinVal : 17 10 0.9333 0.07594 0.07594
BinVal : 17 11 1 0.09938 0.09938
BinVal : 17 12 1 0.1633 0.1633
BinVal : 18 0 0 0 0
BinVal : 18 1 0 0 0
BinVal : 18 2 0 0 0
BinVal : 18 3 0 0 0
BinVal : 18 4 0.1875 0.09538 0.09538
BinVal : 18 5 0.881 0.05116 0.05116
BinVal : 18 6 0.9444 0.0256 0.0256
BinVal : 18 7 0.8973 0.02544 0.02544
BinVal : 18 8 0.9195 0.01471 0.01471
BinVal : 18 9 0.9615 0.03089 0.03089
BinVal : 18 10 0.9231 0.08498 0.08498
BinVal : 18 11 1 0.1409 0.1409
BinVal : 18 12 1 0.1936 0.1936
BinVal : 19 0 0 0 0
BinVal : 19 1 0 0 0
BinVal : 19 2 0 0 0
BinVal : 19 3 0 0 0
BinVal : 19 4 0.1 0.1034 0.1034
BinVal : 19 5 0.9412 0.06862 0.06862
BinVal : 19 6 0.9429 0.04428 0.04428
BinVal : 19 7 0.9167 0.03379 0.03379
BinVal : 19 8 0.9306 0.02177 0.02177
BinVal : 19 9 1 0.03569 0.03569
BinVal : 19 10 1 0.1409 0.1409
BinVal : 19 11 1 0.1409 0.1409
BinVal : 19 12 1 0.1409 0.1409
BinVal : 20 0 0 0 0
BinVal : 20 1 0 0 0
BinVal : 20 2 0 0 0
BinVal : 20 3 0 0 0
BinVal : 20 4 0 0 0
BinVal : 20 5 0 0 0
BinVal : 20 6 0 0 0
BinVal : 20 7 0 0 0
BinVal : 20 8 0 0 0
BinVal : 20 9 0 0 0
BinVal : 20 10 0 0 0
BinVal : 20 11 0 0 0
BinVal : 20 12 0 0 0
BinVal : 21 0 0 0 0
BinVal : 21 1 0 0 0
BinVal : 21 2 0 0 0
BinVal : 21 3 0 0 0
BinVal : 21 4 0 0 0
BinVal : 21 5 0 0 0
BinVal : 21 6 0 0 0
BinVal : 21 7 0 0 0
BinVal : 21 8 0 0 0
BinVal : 21 9 0 0 0
BinVal : 21 10 0 0 0
BinVal : 21 11 0 0 0
BinVal : 21 12 0 0 0
BinVal : 22 0 0 0 0
BinVal : 22 1 0 0 0
BinVal : 22 2 0 0 0
BinVal : 22 3 0.25 0.1782 0.1782
BinVal : 22 4 0.35 0.1003 0.1003
BinVal : 22 5 0.8462 0.05025 0.05025
BinVal : 22 6 0.9333 0.03035 0.03035
BinVal : 22 7 0.94 0.02491 0.02491
BinVal : 22 8 0.911 0.02088 0.02088
BinVal : 22 9 0.9048 0.06875 0.06875
BinVal : 22 10 0.9048 0.06875 0.06875
BinVal : 22 11 1 0.1936 0.1936
BinVal : 22 12 1 0.1936 0.1936
BinVal : 23 0 0 0 0
BinVal : 23 1 0 0 0
BinVal : 23 2 0 0 0
BinVal : 23 3 0 0 0
BinVal : 23 4 0.3077 0.1179 0.1179
BinVal : 23 5 0.7895 0.06522 0.06522
BinVal : 23 6 0.9394 0.03142 0.03142
BinVal : 23 7 0.9275 0.03278 0.03278
BinVal : 23 8 0.9262 0.02435 0.02435
BinVal : 23 9 0.9444 0.06547 0.06547
BinVal : 23 10 1 0.2357 0.2357
BinVal : 23 11 1 0.2357 0.2357
BinVal : 23 12 1 0.2357 0.2357
BinVal : 24 0 0 0 0
BinVal : 24 1 0 0 0
BinVal : 24 2 0 0 0
BinVal : 24 3 0.2 0.1597 0.1597
BinVal : 24 4 0.3333 0.1237 0.1237
BinVal : 24 5 0.8182 0.06667 0.06667
BinVal : 24 6 0.9231 0.03908 0.03908
BinVal : 24 7 0.9545 0.03602 0.03602
BinVal : 24 8 0.8947 0.03594 0.03594
BinVal : 24 9 0.8889 0.1113 0.1113
BinVal : 24 10 1 0.1936 0.1936
BinVal : 24 11 1 0.1936 0.1936
BinVal : 24 12 1 0.1936 0.1936
BinVal : 25 0 0 0 0
BinVal : 25 1 0 0 0
BinVal : 25 2 0 0 0
BinVal : 25 3 0.3333 0.2 0.2
BinVal : 25 4 0.5833 0.1278 0.1278
BinVal : 25 5 0.9189 0.04797 0.04797
BinVal : 25 6 0.9375 0.04794 0.04794
BinVal : 25 7 0.9286 0.05388 0.05388
BinVal : 25 8 0.9 0.04939 0.04939
BinVal : 25 9 1 0.1633 0.1633
BinVal : 25 10 1 0.2357 0.2357
BinVal : 25 11 1 0.2357 0.2357
BinVal : 25 12 1 0.2357 0.2357
BinVal : 26 0 0 0 0
BinVal : 26 1 0 0 0
BinVal : 26 2 0 0 0
BinVal : 26 3 0 0 0
BinVal : 26 4 0.75 0.1782 0.1782
BinVal : 26 5 0.84 0.07341 0.07341
BinVal : 26 6 0.9565 0.0532 0.0532
BinVal : 26 7 0.9333 0.07594 0.07594
BinVal : 26 8 0.9048 0.06875 0.06875
BinVal : 26 9 1 0.1633 0.1633
BinVal : 26 10 1 0.1633 0.1633
BinVal : 26 11 1 0.1633 0.1633
BinVal : 26 12 1 0.1633 0.1633
BinVal : 27 0 0 0 0
BinVal : 27 1 0 0 0
BinVal : 27 2 0 0 0
BinVal : 27 3 0 0 0
BinVal : 27 4 0 0 0
BinVal : 27 5 0.3333 0.2 0.2
BinVal : 27 6 0.875 0.1206 0.1206
BinVal : 27 7 1 0.1409 0.1409
BinVal : 27 8 0.7 0.1307 0.1307
BinVal : 27 9 1 0.1936 0.1936
BinVal : 27 10 1 0.1936 0.1936
BinVal : 27 11 1 0.1936 0.1936
BinVal : 27 12 1 0.1936 0.1936
BinVal : 28 0 0 0 0
BinVal : 28 1 0 0 0
BinVal : 28 2 0 0 0
BinVal : 28 3 0 0 0
BinVal : 28 4 0 0 0
BinVal : 28 5 0 0 0
BinVal : 28 6 0 0 0
BinVal : 28 7 0 0 0
BinVal : 28 8 0.5 0.2236 0.2236
BinVal : 28 9 0.5 0.2236 0.2236
BinVal : 28 10 0.5 0.2236 0.2236
BinVal : 28 11 0.5 0.2236 0.2236
BinVal : 28 12 0.5 0.2236 0.2236
