D0NoteID : 0
EffName : SINGLEELE_ALL_v14
EffType : Binned
EffVarNames : DetEta pT
EffVersion : 6
ObjQuality : Point0
ObjType : Electron
ObjVersion : 1
TriggerVersion : v14
BinEdgesX : -3.2 -2.8 -2.5 -2.3 -2.1 -1.9 -1.7 -1.5 -1.3 -1.1 -0.9 -0.7 -0.5 -0.3 -0.1 0.1 0.3 0.5 0.7 0.9 1.1 1.3 1.5 1.7 1.9 2.1 2.3 2.5 2.8 3.2
BinEdgesY : 0 10 15 20 22 25 30 35 40 50 60 70 80 1000
BinVal : 0 0 0 0 0
BinVal : 0 1 0.05172 0.03194 0.03194
BinVal : 0 2 0.21 0.04053 0.04053
BinVal : 0 3 0.4595 0.0568 0.0568
BinVal : 0 4 0.6667 0.04159 0.04159
BinVal : 0 5 0.7633 0.02944 0.02944
BinVal : 0 6 0.9061 0.02195 0.02195
BinVal : 0 7 0.8936 0.03234 0.03234
BinVal : 0 8 0.9256 0.02454 0.02454
BinVal : 0 9 1 0.1102 0.1102
BinVal : 0 10 1 0.1102 0.1102
BinVal : 0 11 1 0.1102 0.1102
BinVal : 0 12 1 0.1102 0.1102
BinVal : 1 0 0 0 0
BinVal : 1 1 0.1071 0.04241 0.04241
BinVal : 1 2 0.2885 0.04398 0.04398
BinVal : 1 3 0.5128 0.05554 0.05554
BinVal : 1 4 0.7143 0.03991 0.03991
BinVal : 1 5 0.8373 0.02326 0.02326
BinVal : 1 6 0.9483 0.01377 0.01377
BinVal : 1 7 0.9718 0.0152 0.0152
BinVal : 1 8 0.9698 0.0129 0.0129
BinVal : 1 9 1 0.04993 0.04993
BinVal : 1 10 1 0.1936 0.1936
BinVal : 1 11 1 0.1936 0.1936
BinVal : 1 12 1 0.1936 0.1936
BinVal : 2 0 0 0 0
BinVal : 2 1 0.1143 0.05546 0.05546
BinVal : 2 2 0.3137 0.04542 0.04542
BinVal : 2 3 0.5 0.05698 0.05698
BinVal : 2 4 0.7521 0.03899 0.03899
BinVal : 2 5 0.8529 0.02151 0.02151
BinVal : 2 6 0.9834 0.007991 0.007991
BinVal : 2 7 0.9903 0.008247 0.008247
BinVal : 2 8 0.9968 0.004412 0.004412
BinVal : 2 9 1 0.0238 0.0238
BinVal : 2 10 1 0.1237 0.1237
BinVal : 2 11 1 0.1237 0.1237
BinVal : 2 12 1 0.1237 0.1237
BinVal : 3 0 0 0 0
BinVal : 3 1 0.09677 0.05597 0.05597
BinVal : 3 2 0.4021 0.04907 0.04907
BinVal : 3 3 0.6438 0.05506 0.05506
BinVal : 3 4 0.75 0.03802 0.03802
BinVal : 3 5 0.8617 0.02061 0.02061
BinVal : 3 6 0.9864 0.006575 0.006575
BinVal : 3 7 0.9776 0.008878 0.008878
BinVal : 3 8 0.9913 0.004829 0.004829
BinVal : 3 9 1 0.01886 0.01886
BinVal : 3 10 1 0.08299 0.08299
BinVal : 3 11 1 0.1936 0.1936
BinVal : 3 12 1 0.2357 0.2357
BinVal : 4 0 0 0 0
BinVal : 4 1 0.1333 0.06321 0.06321
BinVal : 4 2 0.5 0.05852 0.05852
BinVal : 4 3 0.7321 0.05819 0.05819
BinVal : 4 4 0.7868 0.03499 0.03499
BinVal : 4 5 0.9137 0.01701 0.01701
BinVal : 4 6 0.9847 0.006647 0.006647
BinVal : 4 7 0.9814 0.006848 0.006848
BinVal : 4 8 0.99 0.004366 0.004366
BinVal : 4 9 0.9844 0.02094 0.02094
BinVal : 4 10 1 0.0665 0.0665
BinVal : 4 11 1 0.1102 0.1102
BinVal : 4 12 1 0.2357 0.2357
BinVal : 5 0 0 0 0
BinVal : 5 1 0.1852 0.07396 0.07396
BinVal : 5 2 0.4516 0.06174 0.06174
BinVal : 5 3 0.7895 0.06522 0.06522
BinVal : 5 4 0.876 0.02925 0.02925
BinVal : 5 5 0.9509 0.01222 0.01222
BinVal : 5 6 0.9854 0.006344 0.006344
BinVal : 5 7 0.9924 0.004203 0.004203
BinVal : 5 8 0.9962 0.002508 0.002508
BinVal : 5 9 0.9902 0.0134 0.0134
BinVal : 5 10 1 0.07666 0.07666
BinVal : 5 11 1 0.09938 0.09938
BinVal : 5 12 1 0.1409 0.1409
BinVal : 6 0 0 0 0
BinVal : 6 1 0.2727 0.1234 0.1234
BinVal : 6 2 0.4118 0.08105 0.08105
BinVal : 6 3 0.875 0.0855 0.0855
BinVal : 6 4 0.9492 0.03144 0.03144
BinVal : 6 5 0.9775 0.01221 0.01221
BinVal : 6 6 0.9865 0.00879 0.00879
BinVal : 6 7 0.9964 0.005006 0.005006
BinVal : 6 8 1 0.002217 0.002217
BinVal : 6 9 1 0.01538 0.01538
BinVal : 6 10 1 0.1409 0.1409
BinVal : 6 11 1 0.1633 0.1633
BinVal : 6 12 1 0.1409 0.1409
BinVal : 7 0 0 0 0
BinVal : 7 1 0 0 0
BinVal : 7 2 0 0 0
BinVal : 7 3 0 0 0
BinVal : 7 4 0 0 0
BinVal : 7 5 0 0 0
BinVal : 7 6 0 0 0
BinVal : 7 7 0 0 0
BinVal : 7 8 0 0 0
BinVal : 7 9 0 0 0
BinVal : 7 10 0 0 0
BinVal : 7 11 0 0 0
BinVal : 7 12 0 0 0
BinVal : 8 0 0 0 0
BinVal : 8 1 0 0 0
BinVal : 8 2 0 0 0
BinVal : 8 3 0 0 0
BinVal : 8 4 0 0 0
BinVal : 8 5 0 0 0
BinVal : 8 6 0 0 0
BinVal : 8 7 0 0 0
BinVal : 8 8 0 0 0
BinVal : 8 9 0 0 0
BinVal : 8 10 0 0 0
BinVal : 8 11 0 0 0
BinVal : 8 12 0 0 0
BinVal : 9 0 0 0 0
BinVal : 9 1 0 0 0
BinVal : 9 2 0.6364 0.08053 0.08053
BinVal : 9 3 0.7083 0.08882 0.08882
BinVal : 9 4 0.8923 0.03932 0.03932
BinVal : 9 5 0.9549 0.01901 0.01901
BinVal : 9 6 0.9706 0.009527 0.009527
BinVal : 9 7 0.9915 0.004148 0.004148
BinVal : 9 8 0.981 0.003829 0.003829
BinVal : 9 9 0.9809 0.01045 0.01045
BinVal : 9 10 0.9737 0.03404 0.03404
BinVal : 9 11 1 0.05255 0.05255
BinVal : 9 12 1 0.06236 0.06236
BinVal : 10 0 0 0 0
BinVal : 10 1 0.2 0.1597 0.1597
BinVal : 10 2 0.6923 0.0718 0.0718
BinVal : 10 3 0.84 0.07341 0.07341
BinVal : 10 4 0.8974 0.03511 0.03511
BinVal : 10 5 0.9588 0.01601 0.01601
BinVal : 10 6 0.9886 0.006298 0.006298
BinVal : 10 7 0.9972 0.002433 0.002433
BinVal : 10 8 0.9949 0.001887 0.001887
BinVal : 10 9 0.9883 0.007677 0.007677
BinVal : 10 10 0.9818 0.02416 0.02416
BinVal : 10 11 1 0.04163 0.04163
BinVal : 10 12 1 0.05255 0.05255
BinVal : 11 0 0 0 0
BinVal : 11 1 0.2 0.1597 0.1597
BinVal : 11 2 0.7143 0.08231 0.08231
BinVal : 11 3 0.7778 0.07813 0.07813
BinVal : 11 4 0.8955 0.03827 0.03827
BinVal : 11 5 0.984 0.01044 0.01044
BinVal : 11 6 0.9917 0.005442 0.005442
BinVal : 11 7 0.9956 0.002935 0.002935
BinVal : 11 8 0.9994 0.0008584 0.0008584
BinVal : 11 9 0.996 0.005535 0.005535
BinVal : 11 10 0.9828 0.02298 0.02298
BinVal : 11 11 1 0.04993 0.04993
BinVal : 11 12 1 0.04993 0.04993
BinVal : 12 0 0 0 0
BinVal : 12 1 0 0 0
BinVal : 12 2 0.6957 0.09148 0.09148
BinVal : 12 3 0.7826 0.08376 0.08376
BinVal : 12 4 0.9577 0.02646 0.02646
BinVal : 12 5 1 0.004566 0.004566
BinVal : 12 6 0.9922 0.005108 0.005108
BinVal : 12 7 0.9949 0.003387 0.003387
BinVal : 12 8 0.9982 0.001226 0.001226
BinVal : 12 9 1 0.003891 0.003891
BinVal : 12 10 0.9815 0.02458 0.02458
BinVal : 12 11 1 0.07122 0.07122
BinVal : 12 12 1 0.04343 0.04343
BinVal : 13 0 0 0 0
BinVal : 13 1 0 0 0
BinVal : 13 2 0.75 0.08536 0.08536
BinVal : 13 3 0.8333 0.1059 0.1059
BinVal : 13 4 0.9867 0.01801 0.01801
BinVal : 13 5 0.9835 0.009015 0.009015
BinVal : 13 6 0.9949 0.004396 0.004396
BinVal : 13 7 0.9927 0.004029 0.004029
BinVal : 13 8 0.9982 0.001182 0.001182
BinVal : 13 9 1 0.003802 0.003802
BinVal : 13 10 1 0.01724 0.01724
BinVal : 13 11 1 0.0454 0.0454
BinVal : 13 12 1 0.04163 0.04163
BinVal : 14 0 0 0 0
BinVal : 14 1 0 0 0
BinVal : 14 2 0.8261 0.07845 0.07845
BinVal : 14 3 0.8125 0.09538 0.09538
BinVal : 14 4 0.9595 0.02545 0.02545
BinVal : 14 5 0.9593 0.01305 0.01305
BinVal : 14 6 0.9826 0.006906 0.006906
BinVal : 14 7 0.9823 0.005787 0.005787
BinVal : 14 8 0.9883 0.002652 0.002652
BinVal : 14 9 0.9889 0.007285 0.007285
BinVal : 14 10 1 0.01562 0.01562
BinVal : 14 11 1 0.04163 0.04163
BinVal : 14 12 1 0.03701 0.03701
BinVal : 15 0 0 0 0
BinVal : 15 1 0 0 0
BinVal : 15 2 0.7273 0.09091 0.09091
BinVal : 15 3 0.8333 0.07585 0.07585
BinVal : 15 4 0.9265 0.03322 0.03322
BinVal : 15 5 0.9409 0.01566 0.01566
BinVal : 15 6 0.9771 0.007894 0.007894
BinVal : 15 7 0.9752 0.006081 0.006081
BinVal : 15 8 0.9804 0.00342 0.00342
BinVal : 15 9 0.9896 0.006837 0.006837
BinVal : 15 10 1 0.01724 0.01724
BinVal : 15 11 1 0.06236 0.06236
BinVal : 15 12 1 0.03224 0.03224
BinVal : 16 0 0 0 0
BinVal : 16 1 0.3333 0.1614 0.1614
BinVal : 16 2 0.6897 0.08264 0.08264
BinVal : 16 3 0.7742 0.0735 0.0735
BinVal : 16 4 0.9403 0.03099 0.03099
BinVal : 16 5 0.9476 0.01513 0.01513
BinVal : 16 6 0.9748 0.008187 0.008187
BinVal : 16 7 0.975 0.005788 0.005788
BinVal : 16 8 0.9809 0.00345 0.00345
BinVal : 16 9 0.9926 0.006275 0.006275
BinVal : 16 10 1 0.0196 0.0196
BinVal : 16 11 1 0.06236 0.06236
BinVal : 16 12 0.9565 0.0532 0.0532
BinVal : 17 0 0 0 0
BinVal : 17 1 0.3333 0.1614 0.1614
BinVal : 17 2 0.7353 0.07363 0.07363
BinVal : 17 3 0.6571 0.07744 0.07744
BinVal : 17 4 0.9103 0.03333 0.03333
BinVal : 17 5 0.9517 0.01541 0.01541
BinVal : 17 6 0.9711 0.0085 0.0085
BinVal : 17 7 0.9802 0.005197 0.005197
BinVal : 17 8 0.9799 0.003556 0.003556
BinVal : 17 9 0.9805 0.009329 0.009329
BinVal : 17 10 1 0.01923 0.01923
BinVal : 17 11 1 0.04993 0.04993
BinVal : 17 12 0.8889 0.07792 0.07792
BinVal : 18 0 0 0 0
BinVal : 18 1 0.1429 0.1315 0.1315
BinVal : 18 2 0.6774 0.08085 0.08085
BinVal : 18 3 0.619 0.09962 0.09962
BinVal : 18 4 0.8525 0.04568 0.04568
BinVal : 18 5 0.9477 0.01872 0.01872
BinVal : 18 6 0.9761 0.008222 0.008222
BinVal : 18 7 0.9895 0.004193 0.004193
BinVal : 18 8 0.9835 0.003478 0.003478
BinVal : 18 9 0.9874 0.008213 0.008213
BinVal : 18 10 1 0.02438 0.02438
BinVal : 18 11 1 0.04993 0.04993
BinVal : 18 12 0.9091 0.09643 0.09643
BinVal : 19 0 0 0 0
BinVal : 19 1 0.2 0.1597 0.1597
BinVal : 19 2 0.5625 0.114 0.114
BinVal : 19 3 0.75 0.1782 0.1782
BinVal : 19 4 0.8095 0.0842 0.0842
BinVal : 19 5 0.9661 0.02746 0.02746
BinVal : 19 6 0.9767 0.01263 0.01263
BinVal : 19 7 0.9964 0.005096 0.005096
BinVal : 19 8 0.9859 0.005208 0.005208
BinVal : 19 9 1 0.009259 0.009259
BinVal : 19 10 1 0.0665 0.0665
BinVal : 19 11 1 0.09045 0.09045
BinVal : 19 12 1 0.1633 0.1633
BinVal : 20 0 0 0 0
BinVal : 20 1 0 0 0
BinVal : 20 2 0 0 0
BinVal : 20 3 0 0 0
BinVal : 20 4 0 0 0
BinVal : 20 5 0 0 0
BinVal : 20 6 0 0 0
BinVal : 20 7 0 0 0
BinVal : 20 8 0 0 0
BinVal : 20 9 0 0 0
BinVal : 20 10 0 0 0
BinVal : 20 11 0 0 0
BinVal : 20 12 0 0 0
BinVal : 21 0 0 0 0
BinVal : 21 1 0 0 0
BinVal : 21 2 0 0 0
BinVal : 21 3 0 0 0
BinVal : 21 4 0 0 0
BinVal : 21 5 0 0 0
BinVal : 21 6 0 0 0
BinVal : 21 7 0 0 0
BinVal : 21 8 0 0 0
BinVal : 21 9 0 0 0
BinVal : 21 10 0 0 0
BinVal : 21 11 0 0 0
BinVal : 21 12 0 0 0
BinVal : 22 0 0 0 0
BinVal : 22 1 0.07407 0.0556 0.0556
BinVal : 22 2 0.4603 0.06136 0.06136
BinVal : 22 3 0.7391 0.06348 0.06348
BinVal : 22 4 0.8268 0.03357 0.03357
BinVal : 22 5 0.9589 0.01197 0.01197
BinVal : 22 6 0.9897 0.005689 0.005689
BinVal : 22 7 1 0.002012 0.002012
BinVal : 22 8 0.9975 0.002128 0.002128
BinVal : 22 9 1 0.009009 0.009009
BinVal : 22 10 1 0.03843 0.03843
BinVal : 22 11 1 0.2357 0.2357
BinVal : 22 12 1 0.1102 0.1102
BinVal : 23 0 0 0 0
BinVal : 23 1 0.05882 0.06862 0.06862
BinVal : 23 2 0.3026 0.05193 0.05193
BinVal : 23 3 0.623 0.0607 0.0607
BinVal : 23 4 0.7687 0.03461 0.03461
BinVal : 23 5 0.8993 0.01818 0.01818
BinVal : 23 6 0.9755 0.00797 0.00797
BinVal : 23 7 0.9929 0.004678 0.004678
BinVal : 23 8 0.9935 0.003601 0.003601
BinVal : 23 9 1 0.01053 0.01053
BinVal : 23 10 1 0.05255 0.05255
BinVal : 23 11 1 0.05255 0.05255
BinVal : 23 12 1 0.1633 0.1633
BinVal : 24 0 0 0 0
BinVal : 24 1 0.09524 0.06875 0.06875
BinVal : 24 2 0.2621 0.04295 0.04295
BinVal : 24 3 0.4776 0.0597 0.0597
BinVal : 24 4 0.7891 0.03353 0.03353
BinVal : 24 5 0.8754 0.01977 0.01977
BinVal : 24 6 0.9654 0.01012 0.01012
BinVal : 24 7 0.9822 0.007712 0.007712
BinVal : 24 8 0.9883 0.00565 0.00565
BinVal : 24 9 1 0.01666 0.01666
BinVal : 24 10 1 0.1102 0.1102
BinVal : 24 11 1 0.1102 0.1102
BinVal : 24 12 1 0.1936 0.1936
BinVal : 25 0 0 0 0
BinVal : 25 1 0.06061 0.04666 0.04666
BinVal : 25 2 0.19 0.03912 0.03912
BinVal : 25 3 0.4091 0.05925 0.05925
BinVal : 25 4 0.7642 0.03805 0.03805
BinVal : 25 5 0.869 0.02132 0.02132
BinVal : 25 6 0.9721 0.0102 0.0102
BinVal : 25 7 0.9853 0.009591 0.009591
BinVal : 25 8 0.9897 0.006791 0.006791
BinVal : 25 9 1 0.03843 0.03843
BinVal : 25 10 1 0.1936 0.1936
BinVal : 25 11 1 0.1936 0.1936
BinVal : 25 12 1 0.2357 0.2357
BinVal : 26 0 0 0 0
BinVal : 26 1 0.07843 0.03978 0.03978
BinVal : 26 2 0.1524 0.03518 0.03518
BinVal : 26 3 0.4462 0.0603 0.0603
BinVal : 26 4 0.7218 0.03856 0.03856
BinVal : 26 5 0.8202 0.02349 0.02349
BinVal : 26 6 0.9559 0.01282 0.01282
BinVal : 26 7 0.9852 0.01246 0.01246
BinVal : 26 8 0.9948 0.007233 0.007233
BinVal : 26 9 1 0.06236 0.06236
BinVal : 26 10 1 0.2357 0.2357
BinVal : 26 11 1 0.2357 0.2357
BinVal : 26 12 1 0.2357 0.2357
BinVal : 27 0 0 0 0
BinVal : 27 1 0.07143 0.03654 0.03654
BinVal : 27 2 0.1913 0.03658 0.03658
BinVal : 27 3 0.4308 0.06008 0.06008
BinVal : 27 4 0.6963 0.03925 0.03925
BinVal : 27 5 0.7867 0.02725 0.02725
BinVal : 27 6 0.9382 0.01854 0.01854
BinVal : 27 7 0.9286 0.02515 0.02515
BinVal : 27 8 0.9892 0.01465 0.01465
BinVal : 27 9 1 0.1102 0.1102
BinVal : 27 10 1 0.1102 0.1102
BinVal : 27 11 1 0.1102 0.1102
BinVal : 27 12 1 0.1102 0.1102
BinVal : 28 0 0 0 0
BinVal : 28 1 0.04167 0.05128 0.05128
BinVal : 28 2 0.2364 0.05652 0.05652
BinVal : 28 3 0.3548 0.0825 0.0825
BinVal : 28 4 0.6724 0.06036 0.06036
BinVal : 28 5 0.7778 0.04857 0.04857
BinVal : 28 6 0.9556 0.03528 0.03528
BinVal : 28 7 0.8378 0.06068 0.06068
BinVal : 28 8 1 0.05255 0.05255
BinVal : 28 9 1 0.2357 0.2357
BinVal : 28 10 1 0.2357 0.2357
BinVal : 28 11 1 0.2357 0.2357
BinVal : 28 12 1 0.2357 0.2357
