D0NoteID : 0
EffName : SINGLEELE_ALL_v16
EffType : Binned
EffVarNames : DetEta pT
EffVersion : 6
ObjQuality : Tight_trk
ObjType : Electron
ObjVersion : 2
BinEdgesX : -3.2 -2.8 -2.5 -2.3 -2.1 -1.9 -1.7 -1.5 -1.3 -1.1 -0.9 -0.7 -0.5 -0.3 -0.1 0.1 0.3 0.5 0.7 0.9 1.1 1.3 1.5 1.7 1.9 2.1 2.3 2.5 2.8 3.2
BinEdgesY : 0 10 15 20 22 25 30 35 40 50 60 70 80 1000
BinVal : 0 0 0 0 0
BinVal : 0 1 0 0 0
BinVal : 0 2 0 0 0
BinVal : 0 3 0 0 0
BinVal : 0 4 0 0 0
BinVal : 0 5 0.7288 0.05694 0.05694
BinVal : 0 6 0.7451 0.06 0.06
BinVal : 0 7 0.8333 0.08729 0.08729
BinVal : 0 8 0.7105 0.07157 0.07157
BinVal : 0 9 1 0.2357 0.2357
BinVal : 0 10 1 0.2357 0.2357
BinVal : 0 11 1 0.2357 0.2357
BinVal : 0 12 1 0.2357 0.2357
BinVal : 1 0 0 0 0
BinVal : 1 1 0 0 0
BinVal : 1 2 0 0 0
BinVal : 1 3 0.03125 0.03977 0.03977
BinVal : 1 4 0.2419 0.05371 0.05371
BinVal : 1 5 0.8532 0.02402 0.02402
BinVal : 1 6 0.8546 0.02103 0.02103
BinVal : 1 7 0.9111 0.02151 0.02151
BinVal : 1 8 0.8898 0.01977 0.01977
BinVal : 1 9 1 0.03997 0.03997
BinVal : 1 10 1 0.1936 0.1936
BinVal : 1 11 1 0.1936 0.1936
BinVal : 1 12 1 0.1936 0.1936
BinVal : 2 0 0 0 0
BinVal : 2 1 0 0 0
BinVal : 2 2 0 0 0
BinVal : 2 3 0.0339 0.02746 0.02746
BinVal : 2 4 0.3008 0.03943 0.03943
BinVal : 2 5 0.9095 0.01408 0.01408
BinVal : 2 6 0.9208 0.01166 0.01166
BinVal : 2 7 0.9448 0.01087 0.01087
BinVal : 2 8 0.9513 0.009266 0.009266
BinVal : 2 9 0.975 0.03248 0.03248
BinVal : 2 10 1 0.09045 0.09045
BinVal : 2 11 1 0.09045 0.09045
BinVal : 2 12 1 0.09045 0.09045
BinVal : 3 0 0 0 0
BinVal : 3 1 0 0 0
BinVal : 3 2 0.008696 0.01193 0.01193
BinVal : 3 3 0.0137 0.01848 0.01848
BinVal : 3 4 0.3503 0.03377 0.03377
BinVal : 3 5 0.9222 0.0116 0.0116
BinVal : 3 6 0.9481 0.008157 0.008157
BinVal : 3 7 0.9488 0.007752 0.007752
BinVal : 3 8 0.9573 0.006284 0.006284
BinVal : 3 9 0.9429 0.02379 0.02379
BinVal : 3 10 1 0.04993 0.04993
BinVal : 3 11 1 0.1936 0.1936
BinVal : 3 12 1 0.1936 0.1936
BinVal : 4 0 0 0 0
BinVal : 4 1 0 0 0
BinVal : 4 2 0.006135 0.008493 0.008493
BinVal : 4 3 0.01923 0.01603 0.01603
BinVal : 4 4 0.4115 0.03035 0.03035
BinVal : 4 5 0.9052 0.01059 0.01059
BinVal : 4 6 0.9504 0.006508 0.006508
BinVal : 4 7 0.9498 0.005878 0.005878
BinVal : 4 8 0.9553 0.004681 0.004681
BinVal : 4 9 0.9631 0.01338 0.01338
BinVal : 4 10 1 0.03224 0.03224
BinVal : 4 11 1 0.07122 0.07122
BinVal : 4 12 1 0.1409 0.1409
BinVal : 5 0 0 0 0
BinVal : 5 1 0 0 0
BinVal : 5 2 0.1462 0.02709 0.02709
BinVal : 5 3 0.2516 0.03423 0.03423
BinVal : 5 4 0.5896 0.02634 0.02634
BinVal : 5 5 0.926 0.00799 0.00799
BinVal : 5 6 0.9677 0.004527 0.004527
BinVal : 5 7 0.9707 0.003719 0.003719
BinVal : 5 8 0.9684 0.003095 0.003095
BinVal : 5 9 0.9818 0.007242 0.007242
BinVal : 5 10 1 0.01562 0.01562
BinVal : 5 11 1 0.03843 0.03843
BinVal : 5 12 1 0.08299 0.08299
BinVal : 6 0 0 0 0
BinVal : 6 1 0 0 0
BinVal : 6 2 0.3012 0.04969 0.04969
BinVal : 6 3 0.4222 0.05124 0.05124
BinVal : 6 4 0.705 0.03207 0.03207
BinVal : 6 5 0.9495 0.009088 0.009088
BinVal : 6 6 0.9791 0.004992 0.004992
BinVal : 6 7 0.9828 0.003799 0.003799
BinVal : 6 8 0.9752 0.003534 0.003534
BinVal : 6 9 0.9842 0.008666 0.008666
BinVal : 6 10 1 0.02173 0.02173
BinVal : 6 11 1 0.05871 0.05871
BinVal : 6 12 1 0.1237 0.1237
BinVal : 7 0 0 0 0
BinVal : 7 1 0 0 0
BinVal : 7 2 0 0 0
BinVal : 7 3 0 0 0
BinVal : 7 4 0 0 0
BinVal : 7 5 0 0 0
BinVal : 7 6 0 0 0
BinVal : 7 7 0 0 0
BinVal : 7 8 0 0 0
BinVal : 7 9 0 0 0
BinVal : 7 10 0 0 0
BinVal : 7 11 0 0 0
BinVal : 7 12 0 0 0
BinVal : 8 0 0 0 0
BinVal : 8 1 0 0 0
BinVal : 8 2 0 0 0
BinVal : 8 3 0 0 0
BinVal : 8 4 0 0 0
BinVal : 8 5 0 0 0
BinVal : 8 6 0 0 0
BinVal : 8 7 0 0 0
BinVal : 8 8 0 0 0
BinVal : 8 9 0 0 0
BinVal : 8 10 0 0 0
BinVal : 8 11 0 0 0
BinVal : 8 12 0 0 0
BinVal : 9 0 0 0 0
BinVal : 9 1 0 0 0
BinVal : 9 2 0.4765 0.04051 0.04051
BinVal : 9 3 0.6789 0.04423 0.04423
BinVal : 9 4 0.7848 0.02663 0.02663
BinVal : 9 5 0.951 0.008038 0.008038
BinVal : 9 6 0.9773 0.00342 0.00342
BinVal : 9 7 0.9864 0.001987 0.001987
BinVal : 9 8 0.9919 0.00106 0.00106
BinVal : 9 9 0.9932 0.002517 0.002517
BinVal : 9 10 1 0.004386 0.004386
BinVal : 9 11 1 0.01428 0.01428
BinVal : 9 12 1 0.02272 0.02272
BinVal : 10 0 0 0 0
BinVal : 10 1 0 0 0
BinVal : 10 2 0.4913 0.03768 0.03768
BinVal : 10 3 0.6033 0.04396 0.04396
BinVal : 10 4 0.7928 0.02321 0.02321
BinVal : 10 5 0.9503 0.007538 0.007538
BinVal : 10 6 0.9825 0.002851 0.002851
BinVal : 10 7 0.9888 0.001644 0.001644
BinVal : 10 8 0.9937 0.0008402 0.0008402
BinVal : 10 9 0.9939 0.002129 0.002129
BinVal : 10 10 1 0.003521 0.003521
BinVal : 10 11 1 0.01163 0.01163
BinVal : 10 12 1 0.01538 0.01538
BinVal : 11 0 0 0 0
BinVal : 11 1 0 0 0
BinVal : 11 2 0.4476 0.04116 0.04116
BinVal : 11 3 0.5421 0.04751 0.04751
BinVal : 11 4 0.7139 0.02473 0.02473
BinVal : 11 5 0.947 0.007002 0.007002
BinVal : 11 6 0.981 0.002976 0.002976
BinVal : 11 7 0.9896 0.001581 0.001581
BinVal : 11 8 0.9941 0.0008045 0.0008045
BinVal : 11 9 0.994 0.002106 0.002106
BinVal : 11 10 0.9965 0.004936 0.004936
BinVal : 11 11 1 0.01099 0.01099
BinVal : 11 12 1 0.01282 0.01282
BinVal : 12 0 0 0 0
BinVal : 12 1 0 0 0
BinVal : 12 2 0.4435 0.04574 0.04574
BinVal : 12 3 0.4954 0.04724 0.04724
BinVal : 12 4 0.6994 0.02531 0.02531
BinVal : 12 5 0.9529 0.006178 0.006178
BinVal : 12 6 0.9809 0.003028 0.003028
BinVal : 12 7 0.9897 0.00164 0.00164
BinVal : 12 8 0.994 0.0007885 0.0007885
BinVal : 12 9 0.994 0.002109 0.002109
BinVal : 12 10 0.9962 0.005267 0.005267
BinVal : 12 11 1 0.01053 0.01053
BinVal : 12 12 1 0.01408 0.01408
BinVal : 13 0 0 0 0
BinVal : 13 1 0 0 0
BinVal : 13 2 0.4854 0.04854 0.04854
BinVal : 13 3 0.4831 0.04543 0.04543
BinVal : 13 4 0.7336 0.02592 0.02592
BinVal : 13 5 0.9633 0.005421 0.005421
BinVal : 13 6 0.9812 0.002972 0.002972
BinVal : 13 7 0.9906 0.00167 0.00167
BinVal : 13 8 0.9945 0.000741 0.000741
BinVal : 13 9 0.9937 0.002192 0.002192
BinVal : 13 10 0.9961 0.005408 0.005408
BinVal : 13 11 1 0.01031 0.01031
BinVal : 13 12 1 0.01587 0.01587
BinVal : 14 0 0 0 0
BinVal : 14 1 0 0 0
BinVal : 14 2 0.4505 0.04661 0.04661
BinVal : 14 3 0.5179 0.0466 0.0466
BinVal : 14 4 0.7318 0.02541 0.02541
BinVal : 14 5 0.9655 0.005214 0.005214
BinVal : 14 6 0.9796 0.003074 0.003074
BinVal : 14 7 0.988 0.0019 0.0019
BinVal : 14 8 0.9932 0.0008219 0.0008219
BinVal : 14 9 0.9935 0.002277 0.002277
BinVal : 14 10 0.9962 0.005267 0.005267
BinVal : 14 11 1 0.01087 0.01087
BinVal : 14 12 1 0.01408 0.01408
BinVal : 15 0 0 0 0
BinVal : 15 1 0 0 0
BinVal : 15 2 0.4206 0.04348 0.04348
BinVal : 15 3 0.5208 0.05021 0.05021
BinVal : 15 4 0.7329 0.02403 0.02403
BinVal : 15 5 0.9578 0.005662 0.005662
BinVal : 15 6 0.9823 0.002914 0.002914
BinVal : 15 7 0.9861 0.001947 0.001947
BinVal : 15 8 0.9913 0.0009347 0.0009347
BinVal : 15 9 0.9932 0.002247 0.002247
BinVal : 15 10 1 0.003745 0.003745
BinVal : 15 11 1 0.01136 0.01136
BinVal : 15 12 1 0.01333 0.01333
BinVal : 16 0 0 0 0
BinVal : 16 1 0 0 0
BinVal : 16 2 0.4113 0.04102 0.04102
BinVal : 16 3 0.6408 0.04668 0.04668
BinVal : 16 4 0.7172 0.02424 0.02424
BinVal : 16 5 0.9544 0.006104 0.006104
BinVal : 16 6 0.9821 0.002919 0.002919
BinVal : 16 7 0.9881 0.001689 0.001689
BinVal : 16 8 0.9911 0.0009513 0.0009513
BinVal : 16 9 0.9928 0.002253 0.002253
BinVal : 16 10 0.9963 0.005209 0.005209
BinVal : 16 11 1 0.01176 0.01176
BinVal : 16 12 1 0.01639 0.01639
BinVal : 17 0 0 0 0
BinVal : 17 1 0 0 0
BinVal : 17 2 0.4069 0.0404 0.0404
BinVal : 17 3 0.6777 0.04207 0.04207
BinVal : 17 4 0.7175 0.02528 0.02528
BinVal : 17 5 0.9552 0.006739 0.006739
BinVal : 17 6 0.977 0.003212 0.003212
BinVal : 17 7 0.9886 0.001619 0.001619
BinVal : 17 8 0.9931 0.0008643 0.0008643
BinVal : 17 9 0.9954 0.001852 0.001852
BinVal : 17 10 0.9964 0.004988 0.004988
BinVal : 17 11 1 0.01136 0.01136
BinVal : 17 12 1 0.01923 0.01923
BinVal : 18 0 0 0 0
BinVal : 18 1 0 0 0
BinVal : 18 2 0.3897 0.0414 0.0414
BinVal : 18 3 0.5636 0.04667 0.04667
BinVal : 18 4 0.7543 0.02817 0.02817
BinVal : 18 5 0.9463 0.007939 0.007939
BinVal : 18 6 0.9692 0.003812 0.003812
BinVal : 18 7 0.9832 0.002127 0.002127
BinVal : 18 8 0.9884 0.00122 0.00122
BinVal : 18 9 0.9931 0.002409 0.002409
BinVal : 18 10 1 0.004292 0.004292
BinVal : 18 11 1 0.0137 0.0137
BinVal : 18 12 1 0.02 0.02
BinVal : 19 0 0 0 0
BinVal : 19 1 0 0 0
BinVal : 19 2 0.4 0.0618 0.0618
BinVal : 19 3 0.4773 0.07286 0.07286
BinVal : 19 4 0.8313 0.04111 0.04111
BinVal : 19 5 0.9351 0.01271 0.01271
BinVal : 19 6 0.9639 0.006236 0.006236
BinVal : 19 7 0.9771 0.00382 0.00382
BinVal : 19 8 0.9805 0.002452 0.002452
BinVal : 19 9 0.9857 0.005281 0.005281
BinVal : 19 10 1 0.01064 0.01064
BinVal : 19 11 1 0.03446 0.03446
BinVal : 19 12 1 0.04163 0.04163
BinVal : 20 0 0 0 0
BinVal : 20 1 0 0 0
BinVal : 20 2 0 0 0
BinVal : 20 3 0 0 0
BinVal : 20 4 0 0 0
BinVal : 20 5 0 0 0
BinVal : 20 6 0 0 0
BinVal : 20 7 0 0 0
BinVal : 20 8 0 0 0
BinVal : 20 9 0 0 0
BinVal : 20 10 0 0 0
BinVal : 20 11 0 0 0
BinVal : 20 12 0 0 0
BinVal : 21 0 0 0 0
BinVal : 21 1 0 0 0
BinVal : 21 2 0 0 0
BinVal : 21 3 0 0 0
BinVal : 21 4 0 0 0
BinVal : 21 5 0 0 0
BinVal : 21 6 0 0 0
BinVal : 21 7 0 0 0
BinVal : 21 8 0 0 0
BinVal : 21 9 0 0 0
BinVal : 21 10 0 0 0
BinVal : 21 11 0 0 0
BinVal : 21 12 0 0 0
BinVal : 22 0 0 0 0
BinVal : 22 1 0 0 0
BinVal : 22 2 0.1685 0.0276 0.0276
BinVal : 22 3 0.2292 0.03486 0.03486
BinVal : 22 4 0.6212 0.0255 0.0255
BinVal : 22 5 0.9461 0.006918 0.006918
BinVal : 22 6 0.9661 0.004615 0.004615
BinVal : 22 7 0.9744 0.003561 0.003561
BinVal : 22 8 0.9734 0.002688 0.002688
BinVal : 22 9 0.9878 0.005334 0.005334
BinVal : 22 10 1 0.0137 0.0137
BinVal : 22 11 1 0.03569 0.03569
BinVal : 22 12 1 0.1237 0.1237
BinVal : 23 0 0 0 0
BinVal : 23 1 0 0 0
BinVal : 23 2 0.006211 0.008596 0.008596
BinVal : 23 3 0.04 0.01875 0.01875
BinVal : 23 4 0.468 0.02881 0.02881
BinVal : 23 5 0.9361 0.008802 0.008802
BinVal : 23 6 0.947 0.006691 0.006691
BinVal : 23 7 0.9638 0.004963 0.004963
BinVal : 23 8 0.9675 0.003816 0.003816
BinVal : 23 9 0.9862 0.007605 0.007605
BinVal : 23 10 1 0.02083 0.02083
BinVal : 23 11 1 0.1237 0.1237
BinVal : 23 12 1 0.2357 0.2357
BinVal : 24 0 0 0 0
BinVal : 24 1 0 0 0
BinVal : 24 2 0 0 0
BinVal : 24 3 0.01176 0.01598 0.01598
BinVal : 24 4 0.4 0.03358 0.03358
BinVal : 24 5 0.9282 0.01062 0.01062
BinVal : 24 6 0.9427 0.008091 0.008091
BinVal : 24 7 0.9635 0.006218 0.006218
BinVal : 24 8 0.9646 0.005345 0.005345
BinVal : 24 9 0.9923 0.01059 0.01059
BinVal : 24 10 1 0.03701 0.03701
BinVal : 24 11 1 0.1633 0.1633
BinVal : 24 12 1 0.1633 0.1633
BinVal : 25 0 0 0 0
BinVal : 25 1 0 0 0
BinVal : 25 2 0 0 0
BinVal : 25 3 0.01471 0.01977 0.01977
BinVal : 25 4 0.3172 0.03834 0.03834
BinVal : 25 5 0.9043 0.01334 0.01334
BinVal : 25 6 0.929 0.01038 0.01038
BinVal : 25 7 0.9488 0.009377 0.009377
BinVal : 25 8 0.9611 0.007179 0.007179
BinVal : 25 9 0.9873 0.01714 0.01714
BinVal : 25 10 1 0.0665 0.0665
BinVal : 25 11 1 0.1936 0.1936
BinVal : 25 12 1 0.1936 0.1936
BinVal : 26 0 0 0 0
BinVal : 26 1 0 0 0
BinVal : 26 2 0 0 0
BinVal : 26 3 0 0 0
BinVal : 26 4 0.2469 0.04743 0.04743
BinVal : 26 5 0.8442 0.02185 0.02185
BinVal : 26 6 0.8977 0.01624 0.01624
BinVal : 26 7 0.8916 0.01983 0.01983
BinVal : 26 8 0.9209 0.01448 0.01448
BinVal : 26 9 0.973 0.03488 0.03488
BinVal : 26 10 0.75 0.1782 0.1782
BinVal : 26 11 0.75 0.1782 0.1782
BinVal : 26 12 0.75 0.1782 0.1782
BinVal : 27 0 0 0 0
BinVal : 27 1 0 0 0
BinVal : 27 2 0 0 0
BinVal : 27 3 0 0 0
BinVal : 27 4 0.2 0.07857 0.07857
BinVal : 27 5 0.6944 0.05344 0.05344
BinVal : 27 6 0.8667 0.03612 0.03612
BinVal : 27 7 0.7447 0.06244 0.06244
BinVal : 27 8 0.7213 0.05647 0.05647
BinVal : 27 9 1 0.1633 0.1633
BinVal : 27 10 1 0.1633 0.1633
BinVal : 27 11 1 0.1633 0.1633
BinVal : 27 12 1 0.1633 0.1633
BinVal : 28 0 0 0 0
BinVal : 28 1 0 0 0
BinVal : 28 2 0 0 0
BinVal : 28 3 0 0 0
BinVal : 28 4 0.25 0.1782 0.1782
BinVal : 28 5 0.1429 0.1315 0.1315
BinVal : 28 6 0.5 0.189 0.189
BinVal : 28 7 0.5 0.189 0.189
BinVal : 28 8 0.5 0.2236 0.2236
BinVal : 28 9 0.5 0.2236 0.2236
BinVal : 28 10 0.5 0.2236 0.2236
BinVal : 28 11 0.5 0.2236 0.2236
BinVal : 28 12 0.5 0.2236 0.2236
