D0NoteID : 0
EffName : SINGLEELE_AND_GROUP1_v163
EffType : Binned
EffVarNames : DetEta pT
EffVersion : 6
ObjQuality : Point05
ObjType : Electron
ObjVersion : 1
TriggerVersion : v16
TriggerVersionHigh : 16.49
TriggerVersionLow : 16.30
BinEdgesX : -3.2 -2.8 -2.5 -2.3 -2.1 -1.9 -1.7 -1.5 -1.3 -1.1 -0.9 -0.7 -0.5 -0.3 -0.1 0.1 0.3 0.5 0.7 0.9 1.1 1.3 1.5 1.7 1.9 2.1 2.3 2.5 2.8 3.2
BinEdgesY : 0 10 15 20 22 25 30 35 40 50 60 70 80 1000
BinVal : 0 0 0 0 0
BinVal : 0 1 0 0 0
BinVal : 0 2 0 0 0
BinVal : 0 3 0 0 0
BinVal : 0 4 0.02632 0.03404 0.03404
BinVal : 0 5 0.5094 0.04788 0.04788
BinVal : 0 6 0.6951 0.05014 0.05014
BinVal : 0 7 0.537 0.06606 0.06606
BinVal : 0 8 0.6757 0.05354 0.05354
BinVal : 0 9 1 0.2357 0.2357
BinVal : 0 10 1 0.2357 0.2357
BinVal : 0 11 1 0.2357 0.2357
BinVal : 0 12 1 0.2357 0.2357
BinVal : 1 0 0 0 0
BinVal : 1 1 0 0 0
BinVal : 1 2 0 0 0
BinVal : 1 3 0.03226 0.04092 0.04092
BinVal : 1 4 0.1746 0.04776 0.04776
BinVal : 1 5 0.6541 0.03473 0.03473
BinVal : 1 6 0.7962 0.02767 0.02767
BinVal : 1 7 0.697 0.03966 0.03966
BinVal : 1 8 0.7968 0.02936 0.02936
BinVal : 1 9 0.9375 0.0721 0.0721
BinVal : 1 10 0.9375 0.0721 0.0721
BinVal : 1 11 0.9375 0.0721 0.0721
BinVal : 1 12 0.9375 0.0721 0.0721
BinVal : 2 0 0 0 0
BinVal : 2 1 0 0 0
BinVal : 2 2 0 0 0
BinVal : 2 3 0.025 0.03248 0.03248
BinVal : 2 4 0.1875 0.0435 0.0435
BinVal : 2 5 0.6538 0.03278 0.03278
BinVal : 2 6 0.7842 0.02403 0.02403
BinVal : 2 7 0.7602 0.02714 0.02714
BinVal : 2 8 0.8079 0.02019 0.02019
BinVal : 2 9 0.8235 0.05324 0.05324
BinVal : 2 10 0.8235 0.05324 0.05324
BinVal : 2 11 0.8235 0.05324 0.05324
BinVal : 2 12 1 0.2357 0.2357
BinVal : 3 0 0 0 0
BinVal : 3 1 0 0 0
BinVal : 3 2 0 0 0
BinVal : 3 3 0 0.02272 0.02272
BinVal : 3 4 0.2414 0.04547 0.04547
BinVal : 3 5 0.6392 0.02992 0.02992
BinVal : 3 6 0.6983 0.02418 0.02418
BinVal : 3 7 0.7402 0.02166 0.02166
BinVal : 3 8 0.7593 0.01752 0.01752
BinVal : 3 9 0.7922 0.04595 0.04595
BinVal : 3 10 0.6 0.175 0.175
BinVal : 3 11 1 0.1936 0.1936
BinVal : 3 12 1 0.2357 0.2357
BinVal : 4 0 0 0 0
BinVal : 4 1 0 0 0
BinVal : 4 2 0 0 0
BinVal : 4 3 0 0 0
BinVal : 4 4 0.3704 0.04589 0.04589
BinVal : 4 5 0.6585 0.02801 0.02801
BinVal : 4 6 0.7012 0.02215 0.02215
BinVal : 4 7 0.7227 0.01921 0.01921
BinVal : 4 8 0.735 0.015 0.015
BinVal : 4 9 0.8218 0.03803 0.03803
BinVal : 4 10 0.9167 0.09035 0.09035
BinVal : 4 11 1 0.1237 0.1237
BinVal : 4 12 1 0.1409 0.1409
BinVal : 5 0 0 0 0
BinVal : 5 1 0 0 0
BinVal : 5 2 0.02128 0.02798 0.02798
BinVal : 5 3 0.2182 0.05509 0.05509
BinVal : 5 4 0.4821 0.0466 0.0466
BinVal : 5 5 0.7527 0.02557 0.02557
BinVal : 5 6 0.8167 0.01839 0.01839
BinVal : 5 7 0.808 0.01543 0.01543
BinVal : 5 8 0.8218 0.01134 0.01134
BinVal : 5 9 0.8593 0.03006 0.03006
BinVal : 5 10 0.8235 0.09116 0.09116
BinVal : 5 11 1 0.1102 0.1102
BinVal : 5 12 0.7143 0.1491 0.1491
BinVal : 6 0 0 0 0
BinVal : 6 1 0 0 0
BinVal : 6 2 0.04348 0.0532 0.0532
BinVal : 6 3 0.3871 0.0838 0.0838
BinVal : 6 4 0.6 0.0674 0.0674
BinVal : 6 5 0.8451 0.03042 0.03042
BinVal : 6 6 0.8986 0.02067 0.02067
BinVal : 6 7 0.8796 0.01728 0.01728
BinVal : 6 8 0.901 0.01217 0.01217
BinVal : 6 9 0.88 0.03806 0.03806
BinVal : 6 10 0.6667 0.1389 0.1389
BinVal : 6 11 1 0.1633 0.1633
BinVal : 6 12 0.3333 0.2 0.2
BinVal : 7 0 0 0 0
BinVal : 7 1 0 0 0
BinVal : 7 2 0 0 0
BinVal : 7 3 0 0 0
BinVal : 7 4 0 0 0
BinVal : 7 5 0 0 0
BinVal : 7 6 0 0 0
BinVal : 7 7 0 0 0
BinVal : 7 8 0 0 0
BinVal : 7 9 0 0 0
BinVal : 7 10 0 0 0
BinVal : 7 11 0 0 0
BinVal : 7 12 0 0 0
BinVal : 8 0 0 0 0
BinVal : 8 1 0 0 0
BinVal : 8 2 0 0 0
BinVal : 8 3 0 0 0
BinVal : 8 4 0 0 0
BinVal : 8 5 0 0 0
BinVal : 8 6 0 0 0
BinVal : 8 7 0 0 0
BinVal : 8 8 0 0 0
BinVal : 8 9 0 0 0
BinVal : 8 10 0 0 0
BinVal : 8 11 0 0 0
BinVal : 8 12 0 0 0
BinVal : 9 0 0 0 0
BinVal : 9 1 0 0 0
BinVal : 9 2 0.08108 0.04797 0.04797
BinVal : 9 3 0.2 0.07857 0.07857
BinVal : 9 4 0.5172 0.06398 0.06398
BinVal : 9 5 0.8693 0.02553 0.02553
BinVal : 9 6 0.9158 0.0125 0.0125
BinVal : 9 7 0.9345 0.008659 0.008659
BinVal : 9 8 0.9509 0.005064 0.005064
BinVal : 9 9 0.9288 0.01517 0.01517
BinVal : 9 10 1 0.01515 0.01515
BinVal : 9 11 1 0.04993 0.04993
BinVal : 9 12 0.9167 0.09035 0.09035
BinVal : 10 0 0 0 0
BinVal : 10 1 0 0 0
BinVal : 10 2 0.1364 0.05239 0.05239
BinVal : 10 3 0.3333 0.09722 0.09722
BinVal : 10 4 0.5616 0.05694 0.05694
BinVal : 10 5 0.9111 0.01919 0.01919
BinVal : 10 6 0.9273 0.01143 0.01143
BinVal : 10 7 0.9615 0.006264 0.006264
BinVal : 10 8 0.9709 0.003575 0.003575
BinVal : 10 9 0.9616 0.01032 0.01032
BinVal : 10 10 0.9865 0.01824 0.01824
BinVal : 10 11 1 0.03701 0.03701
BinVal : 10 12 1 0.05255 0.05255
BinVal : 11 0 0 0 0
BinVal : 11 1 0 0 0
BinVal : 11 2 0.2105 0.06522 0.06522
BinVal : 11 3 0.3784 0.07692 0.07692
BinVal : 11 4 0.5897 0.0547 0.0547
BinVal : 11 5 0.8897 0.0191 0.0191
BinVal : 11 6 0.96 0.008704 0.008704
BinVal : 11 7 0.9659 0.005908 0.005908
BinVal : 11 8 0.987 0.002359 0.002359
BinVal : 11 9 0.9723 0.008154 0.008154
BinVal : 11 10 0.9747 0.02086 0.02086
BinVal : 11 11 1 0.03029 0.03029
BinVal : 11 12 1 0.04993 0.04993
BinVal : 12 0 0 0 0
BinVal : 12 1 0 0 0
BinVal : 12 2 0.175 0.05988 0.05988
BinVal : 12 3 0.4884 0.0737 0.0737
BinVal : 12 4 0.589 0.05649 0.05649
BinVal : 12 5 0.8947 0.0177 0.0177
BinVal : 12 6 0.9701 0.007535 0.007535
BinVal : 12 7 0.9692 0.005913 0.005913
BinVal : 12 8 0.9865 0.002403 0.002403
BinVal : 12 9 0.9738 0.007718 0.007718
BinVal : 12 10 0.988 0.01635 0.01635
BinVal : 12 11 1 0.03446 0.03446
BinVal : 12 12 1 0.04756 0.04756
BinVal : 13 0 0 0 0
BinVal : 13 1 0 0 0
BinVal : 13 2 0.1935 0.07011 0.07011
BinVal : 13 3 0.4595 0.07882 0.07882
BinVal : 13 4 0.6119 0.05833 0.05833
BinVal : 13 5 0.9456 0.01269 0.01269
BinVal : 13 6 0.9714 0.007481 0.007481
BinVal : 13 7 0.9735 0.005828 0.005828
BinVal : 13 8 0.982 0.002746 0.002746
BinVal : 13 9 0.9814 0.006848 0.006848
BinVal : 13 10 1 0.01053 0.01053
BinVal : 13 11 1 0.03331 0.03331
BinVal : 13 12 1 0.0454 0.0454
BinVal : 14 0 0 0 0
BinVal : 14 1 0 0 0
BinVal : 14 2 0.2 0.07857 0.07857
BinVal : 14 3 0.3824 0.08014 0.08014
BinVal : 14 4 0.5897 0.0547 0.0547
BinVal : 14 5 0.9443 0.01299 0.01299
BinVal : 14 6 0.9642 0.008239 0.008239
BinVal : 14 7 0.9711 0.00605 0.00605
BinVal : 14 8 0.9813 0.00276 0.00276
BinVal : 14 9 0.9817 0.00674 0.00674
BinVal : 14 10 0.95 0.02627 0.02627
BinVal : 14 11 1 0.02563 0.02563
BinVal : 14 12 1 0.04343 0.04343
BinVal : 15 0 0 0 0
BinVal : 15 1 0 0 0
BinVal : 15 2 0.1923 0.0762 0.0762
BinVal : 15 3 0.5152 0.0833 0.0833
BinVal : 15 4 0.5747 0.05214 0.05214
BinVal : 15 5 0.9155 0.01667 0.01667
BinVal : 15 6 0.9312 0.01149 0.01149
BinVal : 15 7 0.9529 0.007239 0.007239
BinVal : 15 8 0.9803 0.002874 0.002874
BinVal : 15 9 0.9773 0.007385 0.007385
BinVal : 15 10 0.9178 0.03337 0.03337
BinVal : 15 11 1 0.02856 0.02856
BinVal : 15 12 0.9474 0.06258 0.06258
BinVal : 16 0 0 0 0
BinVal : 16 1 0 0 0
BinVal : 16 2 0.1613 0.06615 0.06615
BinVal : 16 3 0.4545 0.07266 0.07266
BinVal : 16 4 0.5955 0.05121 0.05121
BinVal : 16 5 0.896 0.01945 0.01945
BinVal : 16 6 0.9287 0.01138 0.01138
BinVal : 16 7 0.9504 0.006886 0.006886
BinVal : 16 8 0.9784 0.002984 0.002984
BinVal : 16 9 0.9796 0.007517 0.007517
BinVal : 16 10 0.9701 0.02437 0.02437
BinVal : 16 11 0.92 0.05939 0.05939
BinVal : 16 12 0.8462 0.1 0.1
BinVal : 17 0 0 0 0
BinVal : 17 1 0 0 0
BinVal : 17 2 0.09302 0.04634 0.04634
BinVal : 17 3 0.4048 0.07329 0.07329
BinVal : 17 4 0.6429 0.05148 0.05148
BinVal : 17 5 0.8659 0.0218 0.0218
BinVal : 17 6 0.943 0.009591 0.009591
BinVal : 17 7 0.9536 0.006521 0.006521
BinVal : 17 8 0.9755 0.003174 0.003174
BinVal : 17 9 0.9831 0.007348 0.007348
BinVal : 17 10 1 0.01587 0.01587
BinVal : 17 11 0.9167 0.06149 0.06149
BinVal : 17 12 0.9091 0.09643 0.09643
BinVal : 18 0 0 0 0
BinVal : 18 1 0 0 0
BinVal : 18 2 0.1316 0.05577 0.05577
BinVal : 18 3 0.4286 0.089 0.089
BinVal : 18 4 0.6901 0.054 0.054
BinVal : 18 5 0.8638 0.02244 0.02244
BinVal : 18 6 0.9326 0.0111 0.0111
BinVal : 18 7 0.9526 0.007033 0.007033
BinVal : 18 8 0.9705 0.003917 0.003917
BinVal : 18 9 0.9876 0.006837 0.006837
BinVal : 18 10 1 0.02173 0.02173
BinVal : 18 11 0.9412 0.06862 0.06862
BinVal : 18 12 1 0.05546 0.05546
BinVal : 19 0 0 0 0
BinVal : 19 1 0 0 0
BinVal : 19 2 0.2308 0.1106 0.1106
BinVal : 19 3 0.3846 0.1225 0.1225
BinVal : 19 4 0.7419 0.07638 0.07638
BinVal : 19 5 0.8857 0.03144 0.03144
BinVal : 19 6 0.9183 0.01927 0.01927
BinVal : 19 7 0.9561 0.01032 0.01032
BinVal : 19 8 0.9675 0.006637 0.006637
BinVal : 19 9 0.9931 0.009522 0.009522
BinVal : 19 10 1 0.07122 0.07122
BinVal : 19 11 0.8571 0.1315 0.1315
BinVal : 19 12 1 0.08299 0.08299
BinVal : 20 0 0 0 0
BinVal : 20 1 0 0 0
BinVal : 20 2 0 0 0
BinVal : 20 3 0 0 0
BinVal : 20 4 0 0 0
BinVal : 20 5 0 0 0
BinVal : 20 6 0 0 0
BinVal : 20 7 0 0 0
BinVal : 20 8 0 0 0
BinVal : 20 9 0 0 0
BinVal : 20 10 0 0 0
BinVal : 20 11 0 0 0
BinVal : 20 12 0 0 0
BinVal : 21 0 0 0 0
BinVal : 21 1 0 0 0
BinVal : 21 2 0 0 0
BinVal : 21 3 0 0 0
BinVal : 21 4 0 0 0
BinVal : 21 5 0 0 0
BinVal : 21 6 0 0 0
BinVal : 21 7 0 0 0
BinVal : 21 8 0 0 0
BinVal : 21 9 0 0 0
BinVal : 21 10 0 0 0
BinVal : 21 11 0 0 0
BinVal : 21 12 0 0 0
BinVal : 22 0 0 0 0
BinVal : 22 1 0 0 0
BinVal : 22 2 0.05882 0.03595 0.03595
BinVal : 22 3 0.2128 0.05901 0.05901
BinVal : 22 4 0.375 0.0452 0.0452
BinVal : 22 5 0.7532 0.02419 0.02419
BinVal : 22 6 0.8254 0.01762 0.01762
BinVal : 22 7 0.8073 0.01541 0.01541
BinVal : 22 8 0.8297 0.01111 0.01111
BinVal : 22 9 0.8117 0.03145 0.03145
BinVal : 22 10 0.8846 0.06498 0.06498
BinVal : 22 11 1 0.09045 0.09045
BinVal : 22 12 0.8 0.1597 0.1597
BinVal : 23 0 0 0 0
BinVal : 23 1 0 0 0
BinVal : 23 2 0 0 0
BinVal : 23 3 0.03774 0.03035 0.03035
BinVal : 23 4 0.25 0.04135 0.04135
BinVal : 23 5 0.653 0.02894 0.02894
BinVal : 23 6 0.7546 0.02066 0.02066
BinVal : 23 7 0.7288 0.01946 0.01946
BinVal : 23 8 0.7571 0.01471 0.01471
BinVal : 23 9 0.7731 0.03818 0.03818
BinVal : 23 10 0.9545 0.05528 0.05528
BinVal : 23 11 1 0.1102 0.1102
BinVal : 23 12 0.5 0.2236 0.2236
BinVal : 24 0 0 0 0
BinVal : 24 1 0 0 0
BinVal : 24 2 0 0 0
BinVal : 24 3 0 0 0
BinVal : 24 4 0.2143 0.04448 0.04448
BinVal : 24 5 0.6844 0.02961 0.02961
BinVal : 24 6 0.7464 0.02316 0.02316
BinVal : 24 7 0.7712 0.02126 0.02126
BinVal : 24 8 0.7723 0.0172 0.0172
BinVal : 24 9 0.8108 0.04536 0.04536
BinVal : 24 10 0.9286 0.08021 0.08021
BinVal : 24 11 1 0.1936 0.1936
BinVal : 24 12 1 0.1936 0.1936
BinVal : 25 0 0 0 0
BinVal : 25 1 0 0 0
BinVal : 25 2 0.02 0.02642 0.02642
BinVal : 25 3 0.02 0.02642 0.02642
BinVal : 25 4 0.1216 0.03852 0.03852
BinVal : 25 5 0.6771 0.03353 0.03353
BinVal : 25 6 0.75 0.02617 0.02617
BinVal : 25 7 0.8049 0.02523 0.02523
BinVal : 25 8 0.7833 0.02102 0.02102
BinVal : 25 9 0.8649 0.05705 0.05705
BinVal : 25 10 0.3333 0.2 0.2
BinVal : 25 11 0.5 0.2236 0.2236
BinVal : 25 12 0.5 0.2236 0.2236
BinVal : 26 0 0 0 0
BinVal : 26 1 0 0 0
BinVal : 26 2 0.02174 0.02855 0.02855
BinVal : 26 3 0.02174 0.02855 0.02855
BinVal : 26 4 0.1127 0.03822 0.03822
BinVal : 26 5 0.5875 0.03857 0.03857
BinVal : 26 6 0.8079 0.02761 0.02761
BinVal : 26 7 0.7868 0.03499 0.03499
BinVal : 26 8 0.7596 0.02952 0.02952
BinVal : 26 9 0.95 0.05994 0.05994
BinVal : 26 10 0.95 0.05994 0.05994
BinVal : 26 11 0.95 0.05994 0.05994
BinVal : 26 12 0.95 0.05994 0.05994
BinVal : 27 0 0 0 0
BinVal : 27 1 0 0 0
BinVal : 27 2 0 0 0
BinVal : 27 3 0 0 0
BinVal : 27 4 0.04878 0.03841 0.03841
BinVal : 27 5 0.4091 0.04628 0.04628
BinVal : 27 6 0.7204 0.04603 0.04603
BinVal : 27 7 0.6939 0.06435 0.06435
BinVal : 27 8 0.64 0.05447 0.05447
BinVal : 27 9 0.8571 0.1315 0.1315
BinVal : 27 10 0.8571 0.1315 0.1315
BinVal : 27 11 0.8571 0.1315 0.1315
BinVal : 27 12 0.8571 0.1315 0.1315
BinVal : 28 0 0 0 0
BinVal : 28 1 0 0 0
BinVal : 28 2 0 0 0
BinVal : 28 3 0 0 0
BinVal : 28 4 0 0 0
BinVal : 28 5 0.07143 0.05388 0.05388
BinVal : 28 6 0.1429 0.09466 0.09466
BinVal : 28 7 0.2857 0.1491 0.1491
BinVal : 28 8 0.125 0.1206 0.1206
BinVal : 28 9 0.125 0.1206 0.1206
BinVal : 28 10 0.125 0.1206 0.1206
BinVal : 28 11 0.125 0.1206 0.1206
BinVal : 28 12 0.125 0.1206 0.1206
 





