D0NoteID : 0
EffName : SINGLEELE_AND_EJETS_v132
EffType : Binned
EffVarNames : DetEta pT
EffVersion : 6
ObjQuality : Loose_trk
ObjType : Electron
ObjVersion : 2
BinEdgesX : -3.2 -2.8 -2.5 -2.3 -2.1 -1.9 -1.7 -1.5 -1.3 -1.1 -0.9 -0.7 -0.5 -0.3 -0.1 0.1 0.3 0.5 0.7 0.9 1.1 1.3 1.5 1.7 1.9 2.1 2.3 2.5 2.8 3.2
BinEdgesY : 0 10 15 20 22 25 30 35 40 50 60 70 80 1000
BinVal : 0 0 0 0 0
BinVal : 0 1 0 0 0
BinVal : 0 2 0 0 0
BinVal : 0 3 0 0 0
BinVal : 0 4 0.1552 0.04772 0.04772
BinVal : 0 5 0.3443 0.04257 0.04257
BinVal : 0 6 0.7753 0.04393 0.04393
BinVal : 0 7 0.8077 0.05431 0.05431
BinVal : 0 8 0.7467 0.04965 0.04965
BinVal : 0 9 1 0.1237 0.1237
BinVal : 0 10 1 0.1936 0.1936
BinVal : 0 11 1 0.1936 0.1936
BinVal : 0 12 1 0.1936 0.1936
BinVal : 1 0 0 0 0
BinVal : 1 1 0 0 0
BinVal : 1 2 0 0 0
BinVal : 1 3 0 0 0
BinVal : 1 4 0.2262 0.04529 0.04529
BinVal : 1 5 0.4356 0.03284 0.03284
BinVal : 1 6 0.8777 0.02404 0.02404
BinVal : 1 7 0.9155 0.0238 0.0238
BinVal : 1 8 0.8942 0.02258 0.02258
BinVal : 1 9 0.9524 0.05752 0.05752
BinVal : 1 10 1 0.1936 0.1936
BinVal : 1 11 1 0.1936 0.1936
BinVal : 1 12 1 0.1936 0.1936
BinVal : 2 0 0 0 0
BinVal : 2 1 0 0 0
BinVal : 2 2 0 0 0
BinVal : 2 3 0.01667 0.02226 0.02226
BinVal : 2 4 0.2353 0.0417 0.0417
BinVal : 2 5 0.4435 0.03194 0.03194
BinVal : 2 6 0.8609 0.02127 0.02127
BinVal : 2 7 0.9107 0.01927 0.01927
BinVal : 2 8 0.9375 0.01374 0.01374
BinVal : 2 9 0.8974 0.05049 0.05049
BinVal : 2 10 1 0.2357 0.2357
BinVal : 2 11 1 0.2357 0.2357
BinVal : 2 12 1 0.2357 0.2357
BinVal : 3 0 0 0 0
BinVal : 3 1 0 0 0
BinVal : 3 2 0 0 0
BinVal : 3 3 0.01887 0.02501 0.02501
BinVal : 3 4 0.2281 0.03907 0.03907
BinVal : 3 5 0.5102 0.03174 0.03174
BinVal : 3 6 0.8254 0.02139 0.02139
BinVal : 3 7 0.8733 0.01927 0.01927
BinVal : 3 8 0.9064 0.0135 0.0135
BinVal : 3 9 0.8636 0.05239 0.05239
BinVal : 3 10 1 0.1409 0.1409
BinVal : 3 11 1 0.1936 0.1936
BinVal : 3 12 1 0.1936 0.1936
BinVal : 4 0 0 0 0
BinVal : 4 1 0 0 0
BinVal : 4 2 0 0 0
BinVal : 4 3 0.01639 0.02192 0.02192
BinVal : 4 4 0.2075 0.03921 0.03921
BinVal : 4 5 0.5233 0.02869 0.02869
BinVal : 4 6 0.8005 0.02087 0.02087
BinVal : 4 7 0.8357 0.01809 0.01809
BinVal : 4 8 0.8706 0.01289 0.01289
BinVal : 4 9 0.9028 0.03586 0.03586
BinVal : 4 10 0.7857 0.105 0.105
BinVal : 4 11 1 0.1633 0.1633
BinVal : 4 12 1 0.1936 0.1936
BinVal : 5 0 0 0 0
BinVal : 5 1 0 0 0
BinVal : 5 2 0.07143 0.03654 0.03654
BinVal : 5 3 0.08475 0.03782 0.03782
BinVal : 5 4 0.3284 0.0402 0.0402
BinVal : 5 5 0.5465 0.02631 0.02631
BinVal : 5 6 0.848 0.01607 0.01607
BinVal : 5 7 0.8733 0.01379 0.01379
BinVal : 5 8 0.9107 0.009005 0.009005
BinVal : 5 9 0.9469 0.0222 0.0222
BinVal : 5 10 0.7 0.09712 0.09712
BinVal : 5 11 1 0.1102 0.1102
BinVal : 5 12 1 0.1936 0.1936
BinVal : 6 0 0 0 0
BinVal : 6 1 0 0 0
BinVal : 6 2 0.1429 0.06693 0.06693
BinVal : 6 3 0.1481 0.06897 0.06897
BinVal : 6 4 0.4167 0.05289 0.05289
BinVal : 6 5 0.6141 0.03562 0.03562
BinVal : 6 6 0.897 0.01763 0.01763
BinVal : 6 7 0.9169 0.01517 0.01517
BinVal : 6 8 0.9468 0.00924 0.00924
BinVal : 6 9 0.9683 0.02583 0.02583
BinVal : 6 10 0.6667 0.1389 0.1389
BinVal : 6 11 1 0.1237 0.1237
BinVal : 6 12 1 0.2357 0.2357
BinVal : 7 0 0 0 0
BinVal : 7 1 0 0 0
BinVal : 7 2 0 0 0
BinVal : 7 3 0 0 0
BinVal : 7 4 0 0 0
BinVal : 7 5 0 0 0
BinVal : 7 6 0 0 0
BinVal : 7 7 0 0 0
BinVal : 7 8 0 0 0
BinVal : 7 9 0 0 0
BinVal : 7 10 0 0 0
BinVal : 7 11 0 0 0
BinVal : 7 12 0 0 0
BinVal : 8 0 0 0 0
BinVal : 8 1 0 0 0
BinVal : 8 2 0 0 0
BinVal : 8 3 0 0 0
BinVal : 8 4 0 0 0
BinVal : 8 5 0 0 0
BinVal : 8 6 0 0 0
BinVal : 8 7 0 0 0
BinVal : 8 8 0 0 0
BinVal : 8 9 0 0 0
BinVal : 8 10 0 0 0
BinVal : 8 11 0 0 0
BinVal : 8 12 0 0 0
BinVal : 9 0 0 0 0
BinVal : 9 1 0 0 0
BinVal : 9 2 0.02273 0.02975 0.02975
BinVal : 9 3 0.1053 0.05165 0.05165
BinVal : 9 4 0.4362 0.05037 0.05037
BinVal : 9 5 0.8009 0.02712 0.02712
BinVal : 9 6 0.9545 0.008829 0.008829
BinVal : 9 7 0.9719 0.005314 0.005314
BinVal : 9 8 0.9677 0.004235 0.004235
BinVal : 9 9 0.9792 0.008967 0.008967
BinVal : 9 10 0.9623 0.03035 0.03035
BinVal : 9 11 1 0.0665 0.0665
BinVal : 9 12 1 0.06236 0.06236
BinVal : 10 0 0 0 0
BinVal : 10 1 0 0 0
BinVal : 10 2 0 0 0
BinVal : 10 3 0.2326 0.06336 0.06336
BinVal : 10 4 0.4615 0.0482 0.0482
BinVal : 10 5 0.7177 0.02846 0.02846
BinVal : 10 6 0.9562 0.008525 0.008525
BinVal : 10 7 0.9753 0.004764 0.004764
BinVal : 10 8 0.9828 0.002763 0.002763
BinVal : 10 9 0.989 0.006092 0.006092
BinVal : 10 10 0.9524 0.02958 0.02958
BinVal : 10 11 1 0.04756 0.04756
BinVal : 10 12 1 0.04756 0.04756
BinVal : 11 0 0 0 0
BinVal : 11 1 0 0 0
BinVal : 11 2 0.06667 0.04028 0.04028
BinVal : 11 3 0.2895 0.07157 0.07157
BinVal : 11 4 0.5412 0.05313 0.05313
BinVal : 11 5 0.6352 0.02688 0.02688
BinVal : 11 6 0.9397 0.01043 0.01043
BinVal : 11 7 0.982 0.004193 0.004193
BinVal : 11 8 0.9874 0.002321 0.002321
BinVal : 11 9 0.987 0.006256 0.006256
BinVal : 11 10 0.9841 0.02126 0.02126
BinVal : 11 11 0.9655 0.04343 0.04343
BinVal : 11 12 1 0.03997 0.03997
BinVal : 12 0 0 0 0
BinVal : 12 1 0 0 0
BinVal : 12 2 0.2093 0.0613 0.0613
BinVal : 12 3 0.2917 0.06417 0.06417
BinVal : 12 4 0.5217 0.05125 0.05125
BinVal : 12 5 0.6215 0.02568 0.02568
BinVal : 12 6 0.9398 0.01026 0.01026
BinVal : 12 7 0.9764 0.00495 0.00495
BinVal : 12 8 0.9875 0.00234 0.00234
BinVal : 12 9 0.988 0.006635 0.006635
BinVal : 12 10 1 0.01266 0.01266
BinVal : 12 11 0.9706 0.03766 0.03766
BinVal : 12 12 1 0.03224 0.03224
BinVal : 13 0 0 0 0
BinVal : 13 1 0 0 0
BinVal : 13 2 0.2093 0.0613 0.0613
BinVal : 13 3 0.42 0.06786 0.06786
BinVal : 13 4 0.6092 0.05149 0.05149
BinVal : 13 5 0.6499 0.02448 0.02448
BinVal : 13 6 0.9501 0.009307 0.009307
BinVal : 13 7 0.9781 0.005078 0.005078
BinVal : 13 8 0.986 0.002448 0.002448
BinVal : 13 9 0.9943 0.004865 0.004865
BinVal : 13 10 1 0.01176 0.01176
BinVal : 13 11 1 0.03701 0.03701
BinVal : 13 12 1 0.03331 0.03331
BinVal : 14 0 0 0 0
BinVal : 14 1 0 0 0
BinVal : 14 2 0.1591 0.05529 0.05529
BinVal : 14 3 0.4286 0.07384 0.07384
BinVal : 14 4 0.4653 0.04892 0.04892
BinVal : 14 5 0.6308 0.02435 0.02435
BinVal : 14 6 0.9478 0.00954 0.00954
BinVal : 14 7 0.9726 0.005861 0.005861
BinVal : 14 8 0.9792 0.002934 0.002934
BinVal : 14 9 0.9923 0.005082 0.005082
BinVal : 14 10 1 0.01299 0.01299
BinVal : 14 11 1 0.0454 0.0454
BinVal : 14 12 1 0.03446 0.03446
BinVal : 15 0 0 0 0
BinVal : 15 1 0 0 0
BinVal : 15 2 0.1429 0.05452 0.05452
BinVal : 15 3 0.2941 0.07573 0.07573
BinVal : 15 4 0.3651 0.04244 0.04244
BinVal : 15 5 0.6166 0.02508 0.02508
BinVal : 15 6 0.946 0.009688 0.009688
BinVal : 15 7 0.9678 0.005967 0.005967
BinVal : 15 8 0.9764 0.003112 0.003112
BinVal : 15 9 0.9873 0.006146 0.006146
BinVal : 15 10 0.9878 0.01654 0.01654
BinVal : 15 11 1 0.03701 0.03701
BinVal : 15 12 1 0.03123 0.03123
BinVal : 16 0 0 0 0
BinVal : 16 1 0 0 0
BinVal : 16 2 0.08889 0.0445 0.0445
BinVal : 16 3 0.2059 0.06835 0.06835
BinVal : 16 4 0.4132 0.04424 0.04424
BinVal : 16 5 0.6396 0.0249 0.0249
BinVal : 16 6 0.9502 0.009127 0.009127
BinVal : 16 7 0.9776 0.004607 0.004607
BinVal : 16 8 0.9771 0.003131 0.003131
BinVal : 16 9 0.9815 0.007336 0.007336
BinVal : 16 10 0.9886 0.01545 0.01545
BinVal : 16 11 0.9615 0.04782 0.04782
BinVal : 16 12 1 0.03224 0.03224
BinVal : 17 0 0 0 0
BinVal : 17 1 0 0 0
BinVal : 17 2 0.1 0.04388 0.04388
BinVal : 17 3 0.2632 0.06973 0.06973
BinVal : 17 4 0.4444 0.04717 0.04717
BinVal : 17 5 0.6518 0.02589 0.02589
BinVal : 17 6 0.9553 0.008521 0.008521
BinVal : 17 7 0.9768 0.004573 0.004573
BinVal : 17 8 0.9773 0.003205 0.003205
BinVal : 17 9 0.983 0.007389 0.007389
BinVal : 17 10 0.987 0.01756 0.01756
BinVal : 17 11 0.96 0.04949 0.04949
BinVal : 17 12 0.9524 0.05752 0.05752
BinVal : 18 0 0 0 0
BinVal : 18 1 0 0 0
BinVal : 18 2 0.1667 0.0575 0.0575
BinVal : 18 3 0.3429 0.07744 0.07744
BinVal : 18 4 0.5065 0.0559 0.0559
BinVal : 18 5 0.7091 0.02728 0.02728
BinVal : 18 6 0.9522 0.009091 0.009091
BinVal : 18 7 0.961 0.00626 0.00626
BinVal : 18 8 0.9737 0.003745 0.003745
BinVal : 18 9 0.9832 0.008096 0.008096
BinVal : 18 10 0.9841 0.02126 0.02126
BinVal : 18 11 0.95 0.05994 0.05994
BinVal : 18 12 0.8571 0.09466 0.09466
BinVal : 19 0 0 0 0
BinVal : 19 1 0 0 0
BinVal : 19 2 0.2 0.08738 0.08738
BinVal : 19 3 0.3333 0.1041 0.1041
BinVal : 19 4 0.5769 0.0919 0.0919
BinVal : 19 5 0.7561 0.03847 0.03847
BinVal : 19 6 0.9502 0.01382 0.01382
BinVal : 19 7 0.9477 0.01101 0.01101
BinVal : 19 8 0.9698 0.006315 0.006315
BinVal : 19 9 0.9825 0.01467 0.01467
BinVal : 19 10 1 0.03446 0.03446
BinVal : 19 11 0.8571 0.1315 0.1315
BinVal : 19 12 0.8333 0.1443 0.1443
BinVal : 20 0 0 0 0
BinVal : 20 1 0 0 0
BinVal : 20 2 0 0 0
BinVal : 20 3 0 0 0
BinVal : 20 4 0 0 0
BinVal : 20 5 0 0 0
BinVal : 20 6 0 0 0
BinVal : 20 7 0 0 0
BinVal : 20 8 0 0 0
BinVal : 20 9 0 0 0
BinVal : 20 10 0 0 0
BinVal : 20 11 0 0 0
BinVal : 20 12 0 0 0
BinVal : 21 0 0 0 0
BinVal : 21 1 0 0 0
BinVal : 21 2 0 0 0
BinVal : 21 3 0 0 0
BinVal : 21 4 0 0 0
BinVal : 21 5 0 0 0
BinVal : 21 6 0 0 0
BinVal : 21 7 0 0 0
BinVal : 21 8 0 0 0
BinVal : 21 9 0 0 0
BinVal : 21 10 0 0 0
BinVal : 21 11 0 0 0
BinVal : 21 12 0 0 0
BinVal : 22 0 0 0 0
BinVal : 22 1 0 0 0
BinVal : 22 2 0.05085 0.03144 0.03144
BinVal : 22 3 0.08065 0.03615 0.03615
BinVal : 22 4 0.2016 0.03521 0.03521
BinVal : 22 5 0.4479 0.0278 0.0278
BinVal : 22 6 0.8789 0.01595 0.01595
BinVal : 22 7 0.8775 0.01337 0.01337
BinVal : 22 8 0.8888 0.009923 0.009923
BinVal : 22 9 0.8583 0.03108 0.03108
BinVal : 22 10 1 0.0294 0.0294
BinVal : 22 11 1 0.1936 0.1936
BinVal : 22 12 0.3333 0.2 0.2
BinVal : 23 0 0 0 0
BinVal : 23 1 0 0 0
BinVal : 23 2 0 0 0
BinVal : 23 3 0 0 0
BinVal : 23 4 0.194 0.03408 0.03408
BinVal : 23 5 0.3946 0.03009 0.03009
BinVal : 23 6 0.815 0.02086 0.02086
BinVal : 23 7 0.8095 0.01915 0.01915
BinVal : 23 8 0.8567 0.01369 0.01369
BinVal : 23 9 0.7536 0.05127 0.05127
BinVal : 23 10 0.9412 0.06862 0.06862
BinVal : 23 11 1 0.1936 0.1936
BinVal : 23 12 1 0.1936 0.1936
BinVal : 24 0 0 0 0
BinVal : 24 1 0 0 0
BinVal : 24 2 0 0 0
BinVal : 24 3 0.02041 0.02692 0.02692
BinVal : 24 4 0.184 0.0346 0.0346
BinVal : 24 5 0.4201 0.03313 0.03313
BinVal : 24 6 0.7993 0.02353 0.02353
BinVal : 24 7 0.8144 0.02277 0.02277
BinVal : 24 8 0.8863 0.01475 0.01475
BinVal : 24 9 0.8136 0.05049 0.05049
BinVal : 24 10 0.75 0.1782 0.1782
BinVal : 24 11 1 0.1936 0.1936
BinVal : 24 12 1 0.1936 0.1936
BinVal : 25 0 0 0 0
BinVal : 25 1 0 0 0
BinVal : 25 2 0 0 0
BinVal : 25 3 0.01695 0.02262 0.02262
BinVal : 25 4 0.1552 0.03369 0.03369
BinVal : 25 5 0.4101 0.03317 0.03317
BinVal : 25 6 0.8115 0.02423 0.02423
BinVal : 25 7 0.8705 0.02428 0.02428
BinVal : 25 8 0.9207 0.01507 0.01507
BinVal : 25 9 0.9 0.04939 0.04939
BinVal : 25 10 1 0.2357 0.2357
BinVal : 25 11 1 0.2357 0.2357
BinVal : 25 12 1 0.2357 0.2357
BinVal : 26 0 0 0 0
BinVal : 26 1 0 0 0
BinVal : 26 2 0 0 0
BinVal : 26 3 0 0 0
BinVal : 26 4 0.09434 0.02897 0.02897
BinVal : 26 5 0.3239 0.03188 0.03188
BinVal : 26 6 0.7437 0.03081 0.03081
BinVal : 26 7 0.875 0.03152 0.03152
BinVal : 26 8 0.9282 0.01818 0.01818
BinVal : 26 9 0.9375 0.0721 0.0721
BinVal : 26 10 0.9375 0.0721 0.0721
BinVal : 26 11 0.9375 0.0721 0.0721
BinVal : 26 12 0.9375 0.0721 0.0721
BinVal : 27 0 0 0 0
BinVal : 27 1 0 0 0
BinVal : 27 2 0 0 0
BinVal : 27 3 0 0 0
BinVal : 27 4 0.05128 0.0269 0.0269
BinVal : 27 5 0.305 0.03846 0.03846
BinVal : 27 6 0.5612 0.04939 0.04939
BinVal : 27 7 0.7679 0.05571 0.05571
BinVal : 27 8 0.8242 0.03986 0.03986
BinVal : 27 9 0.8889 0.1113 0.1113
BinVal : 27 10 0.8889 0.1113 0.1113
BinVal : 27 11 0.8889 0.1113 0.1113
BinVal : 27 12 0.8889 0.1113 0.1113
BinVal : 28 0 0 0 0
BinVal : 28 1 0 0 0
BinVal : 28 2 0 0 0
BinVal : 28 3 0 0 0
BinVal : 28 4 0.05 0.05994 0.05994
BinVal : 28 5 0.3448 0.08458 0.08458
BinVal : 28 6 0.2273 0.0866 0.0866
BinVal : 28 7 0.5455 0.1332 0.1332
BinVal : 28 8 0.2222 0.1286 0.1286
BinVal : 28 9 0.2222 0.1286 0.1286
BinVal : 28 10 0.2222 0.1286 0.1286
BinVal : 28 11 0.2222 0.1286 0.1286
BinVal : 28 12 0.2222 0.1286 0.1286
