D0NoteID : 0
EffName : SINGLEELE_ALL_v155
EffType : Binned
EffVarNames : DetEta pT
EffVersion : 6
ObjQuality : Loose_trk
ObjType : Electron
ObjVersion : 2
BinEdgesX : -3.2 -2.8 -2.5 -2.3 -2.1 -1.9 -1.7 -1.5 -1.3 -1.1 -0.9 -0.7 -0.5 -0.3 -0.1 0.1 0.3 0.5 0.7 0.9 1.1 1.3 1.5 1.7 1.9 2.1 2.3 2.5 2.8 3.2
BinEdgesY : 0 10 15 20 22 25 30 35 40 50 60 70 80 1000
BinVal : 0 0 0 0 0
BinVal : 0 1 0 0 0
BinVal : 0 2 0.01538 0.02064 0.02064
BinVal : 0 3 0.01538 0.02064 0.02064
BinVal : 0 4 0.1047 0.03364 0.03364
BinVal : 0 5 0.619 0.03968 0.03968
BinVal : 0 6 0.75 0.03992 0.03992
BinVal : 0 7 0.7049 0.05737 0.05737
BinVal : 0 8 0.7222 0.05206 0.05206
BinVal : 0 9 0.7222 0.05206 0.05206
BinVal : 0 10 1 0.1936 0.1936
BinVal : 0 11 1 0.1936 0.1936
BinVal : 0 12 1 0.1936 0.1936
BinVal : 1 0 0 0 0
BinVal : 1 1 0 0 0
BinVal : 1 2 0.00885 0.01214 0.01214
BinVal : 1 3 0.01471 0.01977 0.01977
BinVal : 1 4 0.2164 0.03139 0.03139
BinVal : 1 5 0.796 0.02327 0.02327
BinVal : 1 6 0.8804 0.01878 0.01878
BinVal : 1 7 0.8859 0.02362 0.02362
BinVal : 1 8 0.9127 0.01797 0.01797
BinVal : 1 9 0.9545 0.05528 0.05528
BinVal : 1 10 1 0.1633 0.1633
BinVal : 1 11 1 0.1633 0.1633
BinVal : 1 12 1 0.2357 0.2357
BinVal : 2 0 0 0 0
BinVal : 2 1 0 0 0
BinVal : 2 2 0 0 0
BinVal : 2 3 0.02899 0.02371 0.02371
BinVal : 2 4 0.2722 0.033 0.033
BinVal : 2 5 0.8806 0.01778 0.01778
BinVal : 2 6 0.9451 0.01129 0.01129
BinVal : 2 7 0.9589 0.01149 0.01149
BinVal : 2 8 0.9687 0.008471 0.008471
BinVal : 2 9 0.9412 0.04544 0.04544
BinVal : 2 10 1 0.1237 0.1237
BinVal : 2 11 1 0.2357 0.2357
BinVal : 2 12 1 0.2357 0.2357
BinVal : 3 0 0 0 0
BinVal : 3 1 0 0 0
BinVal : 3 2 0 0 0
BinVal : 3 3 0.02564 0.02111 0.02111
BinVal : 3 4 0.3069 0.03227 0.03227
BinVal : 3 5 0.9098 0.01507 0.01507
BinVal : 3 6 0.9432 0.01054 0.01054
BinVal : 3 7 0.965 0.008267 0.008267
BinVal : 3 8 0.9738 0.006412 0.006412
BinVal : 3 9 0.98 0.02642 0.02642
BinVal : 3 10 1 0.07122 0.07122
BinVal : 3 11 1 0.2357 0.2357
BinVal : 3 12 1 0.2357 0.2357
BinVal : 4 0 0 0 0
BinVal : 4 1 0 0 0
BinVal : 4 2 0 0 0
BinVal : 4 3 0.0463 0.02155 0.02155
BinVal : 4 4 0.4082 0.02992 0.02992
BinVal : 4 5 0.9289 0.01168 0.01168
BinVal : 4 6 0.9558 0.007993 0.007993
BinVal : 4 7 0.9545 0.007381 0.007381
BinVal : 4 8 0.9677 0.005278 0.005278
BinVal : 4 9 0.964 0.01694 0.01694
BinVal : 4 10 1 0.0454 0.0454
BinVal : 4 11 1 0.1409 0.1409
BinVal : 4 12 1 0.1936 0.1936
BinVal : 5 0 0 0 0
BinVal : 5 1 0 0 0
BinVal : 5 2 0.08955 0.02512 0.02512
BinVal : 5 3 0.1719 0.03334 0.03334
BinVal : 5 4 0.5502 0.02817 0.02817
BinVal : 5 5 0.9522 0.008075 0.008075
BinVal : 5 6 0.971 0.005381 0.005381
BinVal : 5 7 0.968 0.0051 0.0051
BinVal : 5 8 0.9749 0.003494 0.003494
BinVal : 5 9 0.9767 0.01002 0.01002
BinVal : 5 10 1 0.0238 0.0238
BinVal : 5 11 1 0.08299 0.08299
BinVal : 5 12 1 0.07666 0.07666
BinVal : 6 0 0 0 0
BinVal : 6 1 0 0 0
BinVal : 6 2 0.2105 0.05351 0.05351
BinVal : 6 3 0.2687 0.05339 0.05339
BinVal : 6 4 0.6182 0.03751 0.03751
BinVal : 6 5 0.9674 0.008798 0.008798
BinVal : 6 6 0.9714 0.006993 0.006993
BinVal : 6 7 0.9782 0.005533 0.005533
BinVal : 6 8 0.9805 0.003935 0.003935
BinVal : 6 9 0.9936 0.008811 0.008811
BinVal : 6 10 1 0.03331 0.03331
BinVal : 6 11 1 0.1237 0.1237
BinVal : 6 12 1 0.08299 0.08299
BinVal : 7 0 0 0 0
BinVal : 7 1 0 0 0
BinVal : 7 2 0 0 0
BinVal : 7 3 0 0 0
BinVal : 7 4 0 0 0
BinVal : 7 5 0 0 0
BinVal : 7 6 0 0 0
BinVal : 7 7 0 0 0
BinVal : 7 8 0 0 0
BinVal : 7 9 0 0 0
BinVal : 7 10 0 0 0
BinVal : 7 11 0 0 0
BinVal : 7 12 0 0 0
BinVal : 8 0 0 0 0
BinVal : 8 1 0 0 0
BinVal : 8 2 0 0 0
BinVal : 8 3 0 0 0
BinVal : 8 4 0 0 0
BinVal : 8 5 0 0 0
BinVal : 8 6 0 0 0
BinVal : 8 7 0 0 0
BinVal : 8 8 0 0 0
BinVal : 8 9 0 0 0
BinVal : 8 10 0 0 0
BinVal : 8 11 0 0 0
BinVal : 8 12 0 0 0
BinVal : 9 0 0 0 0
BinVal : 9 1 0 0 0
BinVal : 9 2 0.4327 0.04791 0.04791
BinVal : 9 3 0.5802 0.05388 0.05388
BinVal : 9 4 0.7609 0.03132 0.03132
BinVal : 9 5 0.9448 0.009912 0.009912
BinVal : 9 6 0.9848 0.003548 0.003548
BinVal : 9 7 0.9818 0.002918 0.002918
BinVal : 9 8 0.9922 0.001334 0.001334
BinVal : 9 9 0.9947 0.002969 0.002969
BinVal : 9 10 1 0.007812 0.007812
BinVal : 9 11 1 0.02083 0.02083
BinVal : 9 12 1 0.03446 0.03446
BinVal : 10 0 0 0 0
BinVal : 10 1 0 0 0
BinVal : 10 2 0.4587 0.04709 0.04709
BinVal : 10 3 0.6026 0.05443 0.05443
BinVal : 10 4 0.7297 0.02968 0.02968
BinVal : 10 5 0.9319 0.01034 0.01034
BinVal : 10 6 0.9799 0.00396 0.00396
BinVal : 10 7 0.9833 0.00261 0.00261
BinVal : 10 8 0.9899 0.001367 0.001367
BinVal : 10 9 0.991 0.003367 0.003367
BinVal : 10 10 1 0.006097 0.006097
BinVal : 10 11 1 0.01562 0.01562
BinVal : 10 12 1 0.02083 0.02083
BinVal : 11 0 0 0 0
BinVal : 11 1 0 0 0
BinVal : 11 2 0.4343 0.0491 0.0491
BinVal : 11 3 0.5606 0.05977 0.05977
BinVal : 11 4 0.7098 0.03018 0.03018
BinVal : 11 5 0.9566 0.008128 0.008128
BinVal : 11 6 0.9726 0.004764 0.004764
BinVal : 11 7 0.9848 0.002471 0.002471
BinVal : 11 8 0.9897 0.001347 0.001347
BinVal : 11 9 0.9898 0.003559 0.003559
BinVal : 11 10 1 0.005263 0.005263
BinVal : 11 11 1 0.01408 0.01408
BinVal : 11 12 1 0.01515 0.01515
BinVal : 12 0 0 0 0
BinVal : 12 1 0 0 0
BinVal : 12 2 0.3488 0.05063 0.05063
BinVal : 12 3 0.5806 0.06126 0.06126
BinVal : 12 4 0.6748 0.03245 0.03245
BinVal : 12 5 0.9702 0.006687 0.006687
BinVal : 12 6 0.9698 0.00494 0.00494
BinVal : 12 7 0.9817 0.002786 0.002786
BinVal : 12 8 0.9894 0.001332 0.001332
BinVal : 12 9 0.9923 0.003069 0.003069
BinVal : 12 10 1 0.005181 0.005181
BinVal : 12 11 1 0.0137 0.0137
BinVal : 12 12 0.9841 0.02126 0.02126
BinVal : 13 0 0 0 0
BinVal : 13 1 0 0 0
BinVal : 13 2 0.3553 0.05397 0.05397
BinVal : 13 3 0.5484 0.06174 0.06174
BinVal : 13 4 0.6324 0.03354 0.03354
BinVal : 13 5 0.9669 0.006902 0.006902
BinVal : 13 6 0.9714 0.004692 0.004692
BinVal : 13 7 0.982 0.002893 0.002893
BinVal : 13 8 0.9903 0.001241 0.001241
BinVal : 13 9 0.9906 0.003285 0.003285
BinVal : 13 10 1 0.005587 0.005587
BinVal : 13 11 1 0.01219 0.01219
BinVal : 13 12 0.9792 0.02744 0.02744
BinVal : 14 0 0 0 0
BinVal : 14 1 0 0 0
BinVal : 14 2 0.3333 0.05825 0.05825
BinVal : 14 3 0.5352 0.05799 0.05799
BinVal : 14 4 0.6505 0.03301 0.03301
BinVal : 14 5 0.9659 0.0068 0.0068
BinVal : 14 6 0.9761 0.004235 0.004235
BinVal : 14 7 0.983 0.002801 0.002801
BinVal : 14 8 0.9915 0.001159 0.001159
BinVal : 14 9 0.9882 0.003507 0.003507
BinVal : 14 10 1 0.005376 0.005376
BinVal : 14 11 1 0.01299 0.01299
BinVal : 14 12 1 0.01754 0.01754
BinVal : 15 0 0 0 0
BinVal : 15 1 0 0 0
BinVal : 15 2 0.3611 0.05559 0.05559
BinVal : 15 3 0.5375 0.05474 0.05474
BinVal : 15 4 0.7143 0.03052 0.03052
BinVal : 15 5 0.9619 0.007031 0.007031
BinVal : 15 6 0.9784 0.004022 0.004022
BinVal : 15 7 0.9833 0.002678 0.002678
BinVal : 15 8 0.989 0.00133 0.00133
BinVal : 15 9 0.9902 0.003226 0.003226
BinVal : 15 10 1 0.005525 0.005525
BinVal : 15 11 1 0.01515 0.01515
BinVal : 15 12 1 0.01754 0.01754
BinVal : 16 0 0 0 0
BinVal : 16 1 0 0 0
BinVal : 16 2 0.3718 0.05379 0.05379
BinVal : 16 3 0.5068 0.05735 0.05735
BinVal : 16 4 0.7352 0.02969 0.02969
BinVal : 16 5 0.9555 0.0079 0.0079
BinVal : 16 6 0.9817 0.003615 0.003615
BinVal : 16 7 0.9856 0.002406 0.002406
BinVal : 16 8 0.9894 0.001332 0.001332
BinVal : 16 9 0.9919 0.003021 0.003021
BinVal : 16 10 1 0.00565 0.00565
BinVal : 16 11 1 0.0125 0.0125
BinVal : 16 12 1 0.02272 0.02272
BinVal : 17 0 0 0 0
BinVal : 17 1 0 0 0
BinVal : 17 2 0.4028 0.05669 0.05669
BinVal : 17 3 0.525 0.05482 0.05482
BinVal : 17 4 0.7263 0.03314 0.03314
BinVal : 17 5 0.9399 0.009944 0.009944
BinVal : 17 6 0.9839 0.003398 0.003398
BinVal : 17 7 0.9853 0.00239 0.00239
BinVal : 17 8 0.9908 0.00128 0.00128
BinVal : 17 9 0.9939 0.002689 0.002689
BinVal : 17 10 0.9885 0.009729 0.009729
BinVal : 17 11 1 0.01282 0.01282
BinVal : 17 12 1 0.02127 0.02127
BinVal : 18 0 0 0 0
BinVal : 18 1 0 0 0
BinVal : 18 2 0.3977 0.05136 0.05136
BinVal : 18 3 0.5395 0.05609 0.05609
BinVal : 18 4 0.7654 0.03314 0.03314
BinVal : 18 5 0.9415 0.01047 0.01047
BinVal : 18 6 0.977 0.004283 0.004283
BinVal : 18 7 0.984 0.002684 0.002684
BinVal : 18 8 0.9909 0.001407 0.001407
BinVal : 18 9 0.9963 0.002468 0.002468
BinVal : 18 10 0.9861 0.0117 0.0117
BinVal : 18 11 1 0.01852 0.01852
BinVal : 18 12 1 0.02127 0.02127
BinVal : 19 0 0 0 0
BinVal : 19 1 0 0 0
BinVal : 19 2 0.375 0.06797 0.06797
BinVal : 19 3 0.5517 0.08797 0.08797
BinVal : 19 4 0.8415 0.04042 0.04042
BinVal : 19 5 0.9549 0.01371 0.01371
BinVal : 19 6 0.9734 0.00696 0.00696
BinVal : 19 7 0.9829 0.004344 0.004344
BinVal : 19 8 0.9926 0.002026 0.002026
BinVal : 19 9 0.9969 0.004279 0.004279
BinVal : 19 10 1 0.01538 0.01538
BinVal : 19 11 1 0.04756 0.04756
BinVal : 19 12 1 0.0454 0.0454
BinVal : 20 0 0 0 0
BinVal : 20 1 0 0 0
BinVal : 20 2 0 0 0
BinVal : 20 3 0 0 0
BinVal : 20 4 0 0 0
BinVal : 20 5 0 0 0
BinVal : 20 6 0 0 0
BinVal : 20 7 0 0 0
BinVal : 20 8 0 0 0
BinVal : 20 9 0 0 0
BinVal : 20 10 0 0 0
BinVal : 20 11 0 0 0
BinVal : 20 12 0 0 0
BinVal : 21 0 0 0 0
BinVal : 21 1 0 0 0
BinVal : 21 2 0 0 0
BinVal : 21 3 0 0 0
BinVal : 21 4 0 0 0
BinVal : 21 5 0 0 0
BinVal : 21 6 0 0 0
BinVal : 21 7 0 0 0
BinVal : 21 8 0 0 0
BinVal : 21 9 0 0 0
BinVal : 21 10 0 0 0
BinVal : 21 11 0 0 0
BinVal : 21 12 0 0 0
BinVal : 22 0 0 0 0
BinVal : 22 1 0 0 0
BinVal : 22 2 0.1618 0.03161 0.03161
BinVal : 22 3 0.2458 0.03936 0.03936
BinVal : 22 4 0.5653 0.02721 0.02721
BinVal : 22 5 0.9553 0.007681 0.007681
BinVal : 22 6 0.9681 0.005533 0.005533
BinVal : 22 7 0.9793 0.004084 0.004084
BinVal : 22 8 0.979 0.003165 0.003165
BinVal : 22 9 0.9727 0.01077 0.01077
BinVal : 22 10 1 0.01818 0.01818
BinVal : 22 11 1 0.0665 0.0665
BinVal : 22 12 1 0.07122 0.07122
BinVal : 23 0 0 0 0
BinVal : 23 1 0 0 0
BinVal : 23 2 0 0.007874 0.007874
BinVal : 23 3 0.0404 0.02148 0.02148
BinVal : 23 4 0.3783 0.02953 0.02953
BinVal : 23 5 0.9199 0.01178 0.01178
BinVal : 23 6 0.9597 0.007292 0.007292
BinVal : 23 7 0.9598 0.007035 0.007035
BinVal : 23 8 0.968 0.005159 0.005159
BinVal : 23 9 0.9732 0.01451 0.01451
BinVal : 23 10 1 0.03569 0.03569
BinVal : 23 11 1 0.1237 0.1237
BinVal : 23 12 1 0.1633 0.1633
BinVal : 24 0 0 0 0
BinVal : 24 1 0 0 0
BinVal : 24 2 0 0.006135 0.006135
BinVal : 24 3 0.01905 0.01588 0.01588
BinVal : 24 4 0.349 0.03417 0.03417
BinVal : 24 5 0.8983 0.01494 0.01494
BinVal : 24 6 0.952 0.009138 0.009138
BinVal : 24 7 0.9551 0.0091 0.0091
BinVal : 24 8 0.9612 0.007432 0.007432
BinVal : 24 9 0.9857 0.01923 0.01923
BinVal : 24 10 1 0.09045 0.09045
BinVal : 24 11 1 0.1936 0.1936
BinVal : 24 12 1 0.2357 0.2357
BinVal : 25 0 0 0 0
BinVal : 25 1 0 0 0
BinVal : 25 2 0 0 0
BinVal : 25 3 0.0119 0.01616 0.01616
BinVal : 25 4 0.25 0.03493 0.03493
BinVal : 25 5 0.8786 0.01613 0.01613
BinVal : 25 6 0.9426 0.01086 0.01086
BinVal : 25 7 0.9642 0.01004 0.01004
BinVal : 25 8 0.9632 0.008955 0.008955
BinVal : 25 9 1 0.01724 0.01724
BinVal : 25 10 1 0.1936 0.1936
BinVal : 25 11 1 0.2357 0.2357
BinVal : 25 12 1 0.2357 0.2357
BinVal : 26 0 0 0 0
BinVal : 26 1 0 0 0
BinVal : 26 2 0 0 0
BinVal : 26 3 0.01613 0.02158 0.02158
BinVal : 26 4 0.2207 0.0343 0.0343
BinVal : 26 5 0.7846 0.02079 0.02079
BinVal : 26 6 0.8709 0.01762 0.01762
BinVal : 26 7 0.9065 0.02011 0.02011
BinVal : 26 8 0.8922 0.01783 0.01783
BinVal : 26 9 0.975 0.03248 0.03248
BinVal : 26 10 1 0.1936 0.1936
BinVal : 26 11 1 0.1936 0.1936
BinVal : 26 12 1 0.2357 0.2357
BinVal : 27 0 0 0 0
BinVal : 27 1 0 0 0
BinVal : 27 2 0 0 0
BinVal : 27 3 0 0 0
BinVal : 27 4 0.2073 0.04451 0.04451
BinVal : 27 5 0.6093 0.03306 0.03306
BinVal : 27 6 0.7018 0.03476 0.03476
BinVal : 27 7 0.7941 0.0487 0.0487
BinVal : 27 8 0.7265 0.04087 0.04087
BinVal : 27 9 0.8333 0.1443 0.1443
BinVal : 27 10 1 0.1936 0.1936
BinVal : 27 11 1 0.1936 0.1936
BinVal : 27 12 1 0.1936 0.1936
BinVal : 28 0 0 0 0
BinVal : 28 1 0 0 0
BinVal : 28 2 0 0 0
BinVal : 28 3 0 0 0
BinVal : 28 4 0 0 0
BinVal : 28 5 0.2857 0.06801 0.06801
BinVal : 28 6 0.3571 0.08655 0.08655
BinVal : 28 7 0.8 0.1597 0.1597
BinVal : 28 8 0.4444 0.1437 0.1437
BinVal : 28 9 0.4444 0.1437 0.1437
BinVal : 28 10 0.4444 0.1437 0.1437
BinVal : 28 11 0.4444 0.1437 0.1437
BinVal : 28 12 0.4444 0.1437 0.1437
