D0NoteID : 0
EffName : SINGLEELE_AND_EJETS_v132
EffType : Binned
EffVarNames : DetEta pT
EffVersion : 6
ObjQuality : Point1
ObjType : Electron
ObjVersion : 1
TriggerVersion : v132
BinEdgesX : -3.2 -2.8 -2.5 -2.3 -2.1 -1.9 -1.7 -1.5 -1.3 -1.1 -0.9 -0.7 -0.5 -0.3 -0.1 0.1 0.3 0.5 0.7 0.9 1.1 1.3 1.5 1.7 1.9 2.1 2.3 2.5 2.8 3.2
BinEdgesY : 0 10 15 20 22 25 30 35 40 50 60 70 80 1000
BinVal : 0 0 0 0 0
BinVal : 0 1 0 0 0
BinVal : 0 2 0 0 0
BinVal : 0 3 0 0 0
BinVal : 0 4 0.2462 0.05277 0.05277
BinVal : 0 5 0.6594 0.03997 0.03997
BinVal : 0 6 0.781 0.04014 0.04014
BinVal : 0 7 0.746 0.0541 0.0541
BinVal : 0 8 0.7143 0.04868 0.04868
BinVal : 0 9 1 0.1237 0.1237
BinVal : 0 10 1 0.1936 0.1936
BinVal : 0 11 1 0.1936 0.1936
BinVal : 0 12 1 0.1936 0.1936
BinVal : 1 0 0 0 0
BinVal : 1 1 0 0 0
BinVal : 1 2 0 0 0
BinVal : 1 3 0 0 0
BinVal : 1 4 0.375 0.05082 0.05082
BinVal : 1 5 0.7802 0.02712 0.02712
BinVal : 1 6 0.886 0.02304 0.02304
BinVal : 1 7 0.9 0.0257 0.0257
BinVal : 1 8 0.8969 0.02204 0.02204
BinVal : 1 9 1 0.04343 0.04343
BinVal : 1 10 1 0.1936 0.1936
BinVal : 1 11 1 0.1936 0.1936
BinVal : 1 12 1 0.1936 0.1936
BinVal : 2 0 0 0 0
BinVal : 2 1 0 0 0
BinVal : 2 2 0 0 0
BinVal : 2 3 0.01587 0.02126 0.02126
BinVal : 2 4 0.39 0.04811 0.04811
BinVal : 2 5 0.8298 0.02452 0.02452
BinVal : 2 6 0.9115 0.01779 0.01779
BinVal : 2 7 0.9087 0.01968 0.01968
BinVal : 2 8 0.9451 0.0128 0.0128
BinVal : 2 9 0.9474 0.04113 0.04113
BinVal : 2 10 1 0.2357 0.2357
BinVal : 2 11 1 0.2357 0.2357
BinVal : 2 12 1 0.2357 0.2357
BinVal : 3 0 0 0 0
BinVal : 3 1 0 0 0
BinVal : 3 2 0 0 0
BinVal : 3 3 0.03922 0.03145 0.03145
BinVal : 3 4 0.3853 0.04603 0.04603
BinVal : 3 5 0.8008 0.02569 0.02569
BinVal : 3 6 0.8738 0.01895 0.01895
BinVal : 3 7 0.8826 0.01873 0.01873
BinVal : 3 8 0.9099 0.01318 0.01318
BinVal : 3 9 0.8667 0.05139 0.05139
BinVal : 3 10 1 0.1237 0.1237
BinVal : 3 11 1 0.1936 0.1936
BinVal : 3 12 1 0.1936 0.1936
BinVal : 4 0 0 0 0
BinVal : 4 1 0 0 0
BinVal : 4 2 0 0 0
BinVal : 4 3 0.03509 0.02836 0.02836
BinVal : 4 4 0.4381 0.04776 0.04776
BinVal : 4 5 0.7808 0.02416 0.02416
BinVal : 4 6 0.8217 0.02019 0.02019
BinVal : 4 7 0.8509 0.01763 0.01763
BinVal : 4 8 0.8661 0.01301 0.01301
BinVal : 4 9 0.8904 0.03728 0.03728
BinVal : 4 10 0.8 0.09998 0.09998
BinVal : 4 11 1 0.1633 0.1633
BinVal : 4 12 1 0.1936 0.1936
BinVal : 5 0 0 0 0
BinVal : 5 1 0 0 0
BinVal : 5 2 0.07692 0.03908 0.03908
BinVal : 5 3 0.1607 0.04918 0.04918
BinVal : 5 4 0.5954 0.04242 0.04242
BinVal : 5 5 0.8378 0.02003 0.02003
BinVal : 5 6 0.8732 0.01508 0.01508
BinVal : 5 7 0.8857 0.01318 0.01318
BinVal : 5 8 0.9094 0.009026 0.009026
BinVal : 5 9 0.9469 0.0222 0.0222
BinVal : 5 10 0.7 0.09712 0.09712
BinVal : 5 11 1 0.1102 0.1102
BinVal : 5 12 1 0.1936 0.1936
BinVal : 6 0 0 0 0
BinVal : 6 1 0 0 0
BinVal : 6 2 0.1429 0.06693 0.06693
BinVal : 6 3 0.2963 0.08447 0.08447
BinVal : 6 4 0.675 0.05158 0.05158
BinVal : 6 5 0.9017 0.0229 0.0229
BinVal : 6 6 0.9249 0.01558 0.01558
BinVal : 6 7 0.9249 0.01432 0.01432
BinVal : 6 8 0.9502 0.008957 0.008957
BinVal : 6 9 0.9683 0.02583 0.02583
BinVal : 6 10 0.6667 0.1389 0.1389
BinVal : 6 11 1 0.1237 0.1237
BinVal : 6 12 1 0.2357 0.2357
BinVal : 7 0 0 0 0
BinVal : 7 1 0 0 0
BinVal : 7 2 0 0 0
BinVal : 7 3 0 0 0
BinVal : 7 4 0 0 0
BinVal : 7 5 0 0 0
BinVal : 7 6 0 0 0
BinVal : 7 7 0 0 0
BinVal : 7 8 0 0 0
BinVal : 7 9 0 0 0
BinVal : 7 10 0 0 0
BinVal : 7 11 0 0 0
BinVal : 7 12 0 0 0
BinVal : 8 0 0 0 0
BinVal : 8 1 0 0 0
BinVal : 8 2 0 0 0
BinVal : 8 3 0 0 0
BinVal : 8 4 0 0 0
BinVal : 8 5 0 0 0
BinVal : 8 6 0 0 0
BinVal : 8 7 0 0 0
BinVal : 8 8 0 0 0
BinVal : 8 9 0 0 0
BinVal : 8 10 0 0 0
BinVal : 8 11 0 0 0
BinVal : 8 12 0 0 0
BinVal : 9 0 0 0 0
BinVal : 9 1 0 0 0
BinVal : 9 2 0.08333 0.04914 0.04914
BinVal : 9 3 0.2424 0.07284 0.07284
BinVal : 9 4 0.6429 0.05622 0.05622
BinVal : 9 5 0.8939 0.02207 0.02207
BinVal : 9 6 0.9615 0.008592 0.008592
BinVal : 9 7 0.9796 0.004869 0.004869
BinVal : 9 8 0.9683 0.004278 0.004278
BinVal : 9 9 0.9853 0.008071 0.008071
BinVal : 9 10 0.9643 0.02883 0.02883
BinVal : 9 11 1 0.05871 0.05871
BinVal : 9 12 1 0.07666 0.07666
BinVal : 10 0 0 0 0
BinVal : 10 1 0 0 0
BinVal : 10 2 0.1489 0.05227 0.05227
BinVal : 10 3 0.3714 0.07867 0.07867
BinVal : 10 4 0.6979 0.04632 0.04632
BinVal : 10 5 0.9356 0.0164 0.0164
BinVal : 10 6 0.9686 0.007662 0.007662
BinVal : 10 7 0.9831 0.004165 0.004165
BinVal : 10 8 0.9824 0.00287 0.00287
BinVal : 10 9 0.9939 0.005201 0.005201
BinVal : 10 10 0.9538 0.02873 0.02873
BinVal : 10 11 1 0.03997 0.03997
BinVal : 10 12 1 0.06236 0.06236
BinVal : 11 0 0 0 0
BinVal : 11 1 0 0 0
BinVal : 11 2 0.225 0.06495 0.06495
BinVal : 11 3 0.3667 0.08427 0.08427
BinVal : 11 4 0.7326 0.04721 0.04721
BinVal : 11 5 0.9278 0.01577 0.01577
BinVal : 11 6 0.9742 0.007284 0.007284
BinVal : 11 7 0.9867 0.003804 0.003804
BinVal : 11 8 0.9872 0.002394 0.002394
BinVal : 11 9 0.9886 0.006281 0.006281
BinVal : 11 10 0.9853 0.01977 0.01977
BinVal : 11 11 0.9643 0.0448 0.0448
BinVal : 11 12 1 0.04756 0.04756
BinVal : 12 0 0 0 0
BinVal : 12 1 0 0 0
BinVal : 12 2 0.2895 0.07157 0.07157
BinVal : 12 3 0.3889 0.07827 0.07827
BinVal : 12 4 0.7159 0.04751 0.04751
BinVal : 12 5 0.9228 0.0153 0.0153
BinVal : 12 6 0.9842 0.005836 0.005836
BinVal : 12 7 0.9808 0.004737 0.004737
BinVal : 12 8 0.9883 0.002318 0.002318
BinVal : 12 9 0.9853 0.007109 0.007109
BinVal : 12 10 1 0.01163 0.01163
BinVal : 12 11 0.9667 0.04214 0.04214
BinVal : 12 12 1 0.03446 0.03446
BinVal : 13 0 0 0 0
BinVal : 13 1 0 0 0
BinVal : 13 2 0.3243 0.07454 0.07454
BinVal : 13 3 0.5833 0.07906 0.07906
BinVal : 13 4 0.7826 0.04273 0.04273
BinVal : 13 5 0.9483 0.01245 0.01245
BinVal : 13 6 0.9884 0.005039 0.005039
BinVal : 13 7 0.9806 0.005111 0.005111
BinVal : 13 8 0.988 0.00233 0.00233
BinVal : 13 9 0.9892 0.005978 0.005978
BinVal : 13 10 1 0.01163 0.01163
BinVal : 13 11 1 0.03701 0.03701
BinVal : 13 12 1 0.03446 0.03446
BinVal : 14 0 0 0 0
BinVal : 14 1 0 0 0
BinVal : 14 2 0.2195 0.06369 0.06369
BinVal : 14 3 0.7 0.08069 0.08069
BinVal : 14 4 0.7925 0.03921 0.03921
BinVal : 14 5 0.9362 0.01367 0.01367
BinVal : 14 6 0.9832 0.005807 0.005807
BinVal : 14 7 0.9742 0.005965 0.005965
BinVal : 14 8 0.9816 0.002847 0.002847
BinVal : 14 9 0.9894 0.005838 0.005838
BinVal : 14 10 1 0.01449 0.01449
BinVal : 14 11 1 0.04343 0.04343
BinVal : 14 12 1 0.03843 0.03843
BinVal : 15 0 0 0 0
BinVal : 15 1 0 0 0
BinVal : 15 2 0.1579 0.05934 0.05934
BinVal : 15 3 0.5172 0.08834 0.08834
BinVal : 15 4 0.7583 0.03883 0.03883
BinVal : 15 5 0.8943 0.01699 0.01699
BinVal : 15 6 0.9731 0.007305 0.007305
BinVal : 15 7 0.9728 0.005685 0.005685
BinVal : 15 8 0.977 0.003174 0.003174
BinVal : 15 9 0.9867 0.006403 0.006403
BinVal : 15 10 0.9857 0.01923 0.01923
BinVal : 15 11 1 0.04163 0.04163
BinVal : 15 12 1 0.03446 0.03446
BinVal : 16 0 0 0 0
BinVal : 16 1 0 0 0
BinVal : 16 2 0.122 0.05224 0.05224
BinVal : 16 3 0.4286 0.089 0.089
BinVal : 16 4 0.7757 0.04009 0.04009
BinVal : 16 5 0.8938 0.01682 0.01682
BinVal : 16 6 0.9632 0.008441 0.008441
BinVal : 16 7 0.9782 0.004802 0.004802
BinVal : 16 8 0.9761 0.003299 0.003299
BinVal : 16 9 0.9841 0.006889 0.006889
BinVal : 16 10 0.9873 0.01714 0.01714
BinVal : 16 11 0.9565 0.0532 0.0532
BinVal : 16 12 1 0.03331 0.03331
BinVal : 17 0 0 0 0
BinVal : 17 1 0 0 0
BinVal : 17 2 0.1395 0.05344 0.05344
BinVal : 17 3 0.4706 0.08207 0.08207
BinVal : 17 4 0.7053 0.04625 0.04625
BinVal : 17 5 0.9041 0.01736 0.01736
BinVal : 17 6 0.954 0.009105 0.009105
BinVal : 17 7 0.9791 0.004609 0.004609
BinVal : 17 8 0.9749 0.003435 0.003435
BinVal : 17 9 0.9856 0.006948 0.006948
BinVal : 17 10 0.987 0.01756 0.01756
BinVal : 17 11 0.9565 0.0532 0.0532
BinVal : 17 12 0.95 0.05994 0.05994
BinVal : 18 0 0 0 0
BinVal : 18 1 0 0 0
BinVal : 18 2 0.2258 0.0735 0.0735
BinVal : 18 3 0.4167 0.07906 0.07906
BinVal : 18 4 0.6622 0.05406 0.05406
BinVal : 18 5 0.8904 0.02083 0.02083
BinVal : 18 6 0.9574 0.009042 0.009042
BinVal : 18 7 0.9723 0.005562 0.005562
BinVal : 18 8 0.9742 0.003782 0.003782
BinVal : 18 9 0.9726 0.01003 0.01003
BinVal : 18 10 0.9836 0.02192 0.02192
BinVal : 18 11 1 0.04993 0.04993
BinVal : 18 12 0.8667 0.08985 0.08985
BinVal : 19 0 0 0 0
BinVal : 19 1 0 0 0
BinVal : 19 2 0.2143 0.105 0.105
BinVal : 19 3 0.3529 0.1079 0.1079
BinVal : 19 4 0.6923 0.08672 0.08672
BinVal : 19 5 0.875 0.03273 0.03273
BinVal : 19 6 0.9705 0.01161 0.01161
BinVal : 19 7 0.9619 0.009882 0.009882
BinVal : 19 8 0.9765 0.005783 0.005783
BinVal : 19 9 0.9573 0.01997 0.01997
BinVal : 19 10 1 0.03997 0.03997
BinVal : 19 11 1 0.1102 0.1102
BinVal : 19 12 0.8571 0.1315 0.1315
BinVal : 20 0 0 0 0
BinVal : 20 1 0 0 0
BinVal : 20 2 0 0 0
BinVal : 20 3 0 0 0
BinVal : 20 4 0 0 0
BinVal : 20 5 0 0 0
BinVal : 20 6 0 0 0
BinVal : 20 7 0 0 0
BinVal : 20 8 0 0 0
BinVal : 20 9 0 0 0
BinVal : 20 10 0 0 0
BinVal : 20 11 0 0 0
BinVal : 20 12 0 0 0
BinVal : 21 0 0 0 0
BinVal : 21 1 0 0 0
BinVal : 21 2 0 0 0
BinVal : 21 3 0 0 0
BinVal : 21 4 0 0 0
BinVal : 21 5 0 0 0
BinVal : 21 6 0 0 0
BinVal : 21 7 0 0 0
BinVal : 21 8 0 0 0
BinVal : 21 9 0 0 0
BinVal : 21 10 0 0 0
BinVal : 21 11 0 0 0
BinVal : 21 12 0 0 0
BinVal : 22 0 0 0 0
BinVal : 22 1 0 0 0
BinVal : 22 2 0.06 0.0366 0.0366
BinVal : 22 3 0.1296 0.04635 0.04635
BinVal : 22 4 0.4634 0.04443 0.04443
BinVal : 22 5 0.8067 0.02278 0.02278
BinVal : 22 6 0.9017 0.01465 0.01465
BinVal : 22 7 0.8908 0.01282 0.01282
BinVal : 22 8 0.894 0.009794 0.009794
BinVal : 22 9 0.8516 0.03152 0.03152
BinVal : 22 10 1 0.03029 0.03029
BinVal : 22 11 1 0.1936 0.1936
BinVal : 22 12 0.3333 0.2 0.2
BinVal : 23 0 0 0 0
BinVal : 23 1 0 0 0
BinVal : 23 2 0 0 0
BinVal : 23 3 0.02041 0.02692 0.02692
BinVal : 23 4 0.378 0.04257 0.04257
BinVal : 23 5 0.6964 0.02912 0.02912
BinVal : 23 6 0.8567 0.01898 0.01898
BinVal : 23 7 0.8282 0.01843 0.01843
BinVal : 23 8 0.8591 0.01363 0.01363
BinVal : 23 9 0.75 0.05187 0.05187
BinVal : 23 10 0.9412 0.06862 0.06862
BinVal : 23 11 1 0.1936 0.1936
BinVal : 23 12 1 0.1936 0.1936
BinVal : 24 0 0 0 0
BinVal : 24 1 0 0 0
BinVal : 24 2 0 0 0
BinVal : 24 3 0.04167 0.03325 0.03325
BinVal : 24 4 0.2975 0.04118 0.04118
BinVal : 24 5 0.707 0.03089 0.03089
BinVal : 24 6 0.8517 0.0209 0.0209
BinVal : 24 7 0.8231 0.02225 0.02225
BinVal : 24 8 0.8908 0.01448 0.01448
BinVal : 24 9 0.807 0.05197 0.05197
BinVal : 24 10 0.75 0.1782 0.1782
BinVal : 24 11 1 0.1936 0.1936
BinVal : 24 12 1 0.1936 0.1936
BinVal : 25 0 0 0 0
BinVal : 25 1 0 0 0
BinVal : 25 2 0 0 0
BinVal : 25 3 0.01754 0.02336 0.02336
BinVal : 25 4 0.2479 0.03964 0.03964
BinVal : 25 5 0.7534 0.02902 0.02902
BinVal : 25 6 0.8745 0.0205 0.0205
BinVal : 25 7 0.8872 0.02282 0.02282
BinVal : 25 8 0.9242 0.01472 0.01472
BinVal : 25 9 0.8947 0.05165 0.05165
BinVal : 25 10 1 0.2357 0.2357
BinVal : 25 11 1 0.2357 0.2357
BinVal : 25 12 1 0.2357 0.2357
BinVal : 26 0 0 0 0
BinVal : 26 1 0 0 0
BinVal : 26 2 0 0 0
BinVal : 26 3 0 0 0
BinVal : 26 4 0.1869 0.0376 0.0376
BinVal : 26 5 0.7149 0.03022 0.03022
BinVal : 26 6 0.8492 0.02541 0.02541
BinVal : 26 7 0.8699 0.03054 0.03054
BinVal : 26 8 0.9217 0.01852 0.01852
BinVal : 26 9 0.9333 0.07594 0.07594
BinVal : 26 10 0.9333 0.07594 0.07594
BinVal : 26 11 0.9333 0.07594 0.07594
BinVal : 26 12 0.9333 0.07594 0.07594
BinVal : 27 0 0 0 0
BinVal : 27 1 0 0 0
BinVal : 27 2 0 0 0
BinVal : 27 3 0 0 0
BinVal : 27 4 0.09302 0.03212 0.03212
BinVal : 27 5 0.6242 0.0374 0.0374
BinVal : 27 6 0.6765 0.04578 0.04578
BinVal : 27 7 0.7246 0.05301 0.05301
BinVal : 27 8 0.7822 0.04084 0.04084
BinVal : 27 9 0.875 0.1206 0.1206
BinVal : 27 10 0.875 0.1206 0.1206
BinVal : 27 11 0.875 0.1206 0.1206
BinVal : 27 12 0.875 0.1206 0.1206
BinVal : 28 0 0 0 0
BinVal : 28 1 0 0 0
BinVal : 28 2 0 0 0
BinVal : 28 3 0 0 0
BinVal : 28 4 0.03571 0.0448 0.0448
BinVal : 28 5 0.4667 0.07202 0.07202
BinVal : 28 6 0.3929 0.08799 0.08799
BinVal : 28 7 0.4706 0.1116 0.1116
BinVal : 28 8 0.2 0.09998 0.09998
BinVal : 28 9 0.2 0.09998 0.09998
BinVal : 28 10 0.2 0.09998 0.09998
BinVal : 28 11 0.2 0.09998 0.09998
BinVal : 28 12 0.2 0.09998 0.09998
