D0NoteID : 0
EffName : SINGLEELE_AND_GROUP1_v15
EffType : Binned
EffVarNames : DetEta pT
EffVersion : 6
ObjQuality : Tight_trk
ObjType : Electron
ObjVersion : 2
BinEdgesX : -3.2 -2.8 -2.5 -2.3 -2.1 -1.9 -1.7 -1.5 -1.3 -1.1 -0.9 -0.7 -0.5 -0.3 -0.1 0.1 0.3 0.5 0.7 0.9 1.1 1.3 1.5 1.7 1.9 2.1 2.3 2.5 2.8 3.2
BinEdgesY : 0 10 15 20 22 25 30 35 40 50 60 70 80 1000
BinVal : 0 0 0 0 0
BinVal : 0 1 0 0 0
BinVal : 0 2 0 0 0
BinVal : 0 3 0 0 0
BinVal : 0 4 0 0 0
BinVal : 0 5 0 0 0
BinVal : 0 6 0 0 0
BinVal : 0 7 0 0 0
BinVal : 0 8 0 0 0
BinVal : 0 9 0 0 0
BinVal : 0 10 0 0 0
BinVal : 0 11 0 0 0
BinVal : 0 12 0 0 0
BinVal : 1 0 0 0 0
BinVal : 1 1 0 0 0
BinVal : 1 2 0 0 0
BinVal : 1 3 0 0 0
BinVal : 1 4 0.3889 0.1069 0.1069
BinVal : 1 5 0.734 0.04512 0.04512
BinVal : 1 6 0.9109 0.02903 0.02903
BinVal : 1 7 0.9825 0.02336 0.02336
BinVal : 1 8 0.9518 0.02537 0.02537
BinVal : 1 9 1 0.09938 0.09938
BinVal : 1 10 1 0.09938 0.09938
BinVal : 1 11 1 0.09938 0.09938
BinVal : 1 12 1 0.09938 0.09938
BinVal : 2 0 0 0 0
BinVal : 2 1 0 0 0
BinVal : 2 2 0 0 0
BinVal : 2 3 0.1667 0.07585 0.07585
BinVal : 2 4 0.4848 0.0833 0.0833
BinVal : 2 5 0.7397 0.03609 0.03609
BinVal : 2 6 0.8424 0.0284 0.0284
BinVal : 2 7 0.8908 0.02896 0.02896
BinVal : 2 8 0.9091 0.0213 0.0213
BinVal : 2 9 1 0.04756 0.04756
BinVal : 2 10 1 0.2357 0.2357
BinVal : 2 11 1 0.2357 0.2357
BinVal : 2 12 1 0.2357 0.2357
BinVal : 3 0 0 0 0
BinVal : 3 1 0 0 0
BinVal : 3 2 0 0 0
BinVal : 3 3 0.2143 0.07596 0.07596
BinVal : 3 4 0.54 0.06848 0.06848
BinVal : 3 5 0.6358 0.0363 0.0363
BinVal : 3 6 0.8069 0.02583 0.02583
BinVal : 3 7 0.835 0.02588 0.02588
BinVal : 3 8 0.9061 0.01617 0.01617
BinVal : 3 9 1 0.02702 0.02702
BinVal : 3 10 1 0.1409 0.1409
BinVal : 3 11 1 0.1409 0.1409
BinVal : 3 12 1 0.2357 0.2357
BinVal : 4 0 0 0 0
BinVal : 4 1 0 0 0
BinVal : 4 2 0 0 0
BinVal : 4 3 0.1481 0.06897 0.06897
BinVal : 4 4 0.6197 0.05653 0.05653
BinVal : 4 5 0.6425 0.0331 0.0331
BinVal : 4 6 0.8308 0.02061 0.02061
BinVal : 4 7 0.8491 0.01812 0.01812
BinVal : 4 8 0.8973 0.0126 0.0126
BinVal : 4 9 0.9848 0.02034 0.02034
BinVal : 4 10 0.8333 0.1443 0.1443
BinVal : 4 11 1 0.1936 0.1936
BinVal : 4 12 1 0.2357 0.2357
BinVal : 5 0 0 0 0
BinVal : 5 1 0 0 0
BinVal : 5 2 0.06897 0.03539 0.03539
BinVal : 5 3 0.2188 0.0717 0.0717
BinVal : 5 4 0.6596 0.04822 0.04822
BinVal : 5 5 0.8159 0.02327 0.02327
BinVal : 5 6 0.8851 0.01518 0.01518
BinVal : 5 7 0.917 0.01166 0.01166
BinVal : 5 8 0.9268 0.008222 0.008222
BinVal : 5 9 0.9831 0.01419 0.01419
BinVal : 5 10 0.8571 0.09466 0.09466
BinVal : 5 11 1 0.09938 0.09938
BinVal : 5 12 1 0.2357 0.2357
BinVal : 6 0 0 0 0
BinVal : 6 1 0 0 0
BinVal : 6 2 0.1481 0.06897 0.06897
BinVal : 6 3 0.3125 0.1081 0.1081
BinVal : 6 4 0.6296 0.06412 0.06412
BinVal : 6 5 0.8902 0.02464 0.02464
BinVal : 6 6 0.9222 0.01693 0.01693
BinVal : 6 7 0.9681 0.01033 0.01033
BinVal : 6 8 0.9515 0.008595 0.008595
BinVal : 6 9 0.9867 0.01801 0.01801
BinVal : 6 10 0.9091 0.09643 0.09643
BinVal : 6 11 1 0.1237 0.1237
BinVal : 6 12 1 0.2357 0.2357
BinVal : 7 0 0 0 0
BinVal : 7 1 0 0 0
BinVal : 7 2 0 0 0
BinVal : 7 3 0 0 0
BinVal : 7 4 0 0 0
BinVal : 7 5 0 0 0
BinVal : 7 6 0 0 0
BinVal : 7 7 0 0 0
BinVal : 7 8 0 0 0
BinVal : 7 9 0 0 0
BinVal : 7 10 0 0 0
BinVal : 7 11 0 0 0
BinVal : 7 12 0 0 0
BinVal : 8 0 0 0 0
BinVal : 8 1 0 0 0
BinVal : 8 2 0 0 0
BinVal : 8 3 0 0 0
BinVal : 8 4 0 0 0
BinVal : 8 5 0 0 0
BinVal : 8 6 0 0 0
BinVal : 8 7 0 0 0
BinVal : 8 8 0 0 0
BinVal : 8 9 0 0 0
BinVal : 8 10 0 0 0
BinVal : 8 11 0 0 0
BinVal : 8 12 0 0 0
BinVal : 9 0 0 0 0
BinVal : 9 1 0 0 0
BinVal : 9 2 0.07692 0.05743 0.05743
BinVal : 9 3 0.4688 0.08437 0.08437
BinVal : 9 4 0.7647 0.05855 0.05855
BinVal : 9 5 0.9365 0.01818 0.01818
BinVal : 9 6 0.9693 0.007513 0.007513
BinVal : 9 7 0.98 0.00441 0.00441
BinVal : 9 8 0.9941 0.0017 0.0017
BinVal : 9 9 0.9942 0.004934 0.004934
BinVal : 9 10 1 0.01639 0.01639
BinVal : 9 11 1 0.09045 0.09045
BinVal : 9 12 1 0.07122 0.07122
BinVal : 10 0 0 0 0
BinVal : 10 1 0 0 0
BinVal : 10 2 0.06452 0.0493 0.0493
BinVal : 10 3 0.4615 0.07694 0.07694
BinVal : 10 4 0.7975 0.04497 0.04497
BinVal : 10 5 0.9551 0.01365 0.01365
BinVal : 10 6 0.975 0.00655 0.00655
BinVal : 10 7 0.983 0.003854 0.003854
BinVal : 10 8 0.9948 0.001442 0.001442
BinVal : 10 9 0.9951 0.004184 0.004184
BinVal : 10 10 1 0.0125 0.0125
BinVal : 10 11 1 0.05871 0.05871
BinVal : 10 12 1 0.04993 0.04993
BinVal : 11 0 0 0 0
BinVal : 11 1 0 0 0
BinVal : 11 2 0.1667 0.06794 0.06794
BinVal : 11 3 0.4848 0.0833 0.0833
BinVal : 11 4 0.8068 0.04193 0.04193
BinVal : 11 5 0.9575 0.01185 0.01185
BinVal : 11 6 0.974 0.006795 0.006795
BinVal : 11 7 0.9876 0.0034 0.0034
BinVal : 11 8 0.9952 0.001374 0.001374
BinVal : 11 9 0.9978 0.003058 0.003058
BinVal : 11 10 1 0.01234 0.01234
BinVal : 11 11 1 0.03331 0.03331
BinVal : 11 12 1 0.0454 0.0454
BinVal : 12 0 0 0 0
BinVal : 12 1 0 0 0
BinVal : 12 2 0.1905 0.0842 0.0842
BinVal : 12 3 0.4643 0.0896 0.0896
BinVal : 12 4 0.7931 0.04319 0.04319
BinVal : 12 5 0.9538 0.01191 0.01191
BinVal : 12 6 0.9727 0.007147 0.007147
BinVal : 12 7 0.9915 0.002976 0.002976
BinVal : 12 8 0.9944 0.00143 0.00143
BinVal : 12 9 0.9958 0.003593 0.003593
BinVal : 12 10 1 0.01408 0.01408
BinVal : 12 11 1 0.02325 0.02325
BinVal : 12 12 1 0.04343 0.04343
BinVal : 13 0 0 0 0
BinVal : 13 1 0 0 0
BinVal : 13 2 0.1111 0.07792 0.07792
BinVal : 13 3 0.2609 0.08806 0.08806
BinVal : 13 4 0.8352 0.03893 0.03893
BinVal : 13 5 0.9514 0.01211 0.01211
BinVal : 13 6 0.9814 0.005787 0.005787
BinVal : 13 7 0.9935 0.002833 0.002833
BinVal : 13 8 0.9935 0.00148 0.00148
BinVal : 13 9 0.9979 0.002993 0.002993
BinVal : 13 10 1 0.01266 0.01266
BinVal : 13 11 1 0.02563 0.02563
BinVal : 13 12 1 0.03446 0.03446
BinVal : 14 0 0 0 0
BinVal : 14 1 0 0 0
BinVal : 14 2 0.1667 0.07585 0.07585
BinVal : 14 3 0.3333 0.1041 0.1041
BinVal : 14 4 0.9125 0.03257 0.03257
BinVal : 14 5 0.9588 0.01106 0.01106
BinVal : 14 6 0.9805 0.005777 0.005777
BinVal : 14 7 0.9925 0.003023 0.003023
BinVal : 14 8 0.9915 0.001694 0.001694
BinVal : 14 9 0.9955 0.00384 0.00384
BinVal : 14 10 1 0.01124 0.01124
BinVal : 14 11 1 0.0294 0.0294
BinVal : 14 12 1 0.03843 0.03843
BinVal : 15 0 0 0 0
BinVal : 15 1 0 0 0
BinVal : 15 2 0.24 0.08282 0.08282
BinVal : 15 3 0.4348 0.09735 0.09735
BinVal : 15 4 0.8784 0.03852 0.03852
BinVal : 15 5 0.9719 0.009652 0.009652
BinVal : 15 6 0.986 0.00519 0.00519
BinVal : 15 7 0.9888 0.003338 0.003338
BinVal : 15 8 0.9927 0.00162 0.00162
BinVal : 15 9 0.9956 0.003807 0.003807
BinVal : 15 10 1 0.01087 0.01087
BinVal : 15 11 1 0.03029 0.03029
BinVal : 15 12 1 0.05871 0.05871
BinVal : 16 0 0 0 0
BinVal : 16 1 0 0 0
BinVal : 16 2 0.1515 0.06281 0.06281
BinVal : 16 3 0.4615 0.09261 0.09261
BinVal : 16 4 0.8125 0.0435 0.0435
BinVal : 16 5 0.9713 0.01049 0.01049
BinVal : 16 6 0.9878 0.004864 0.004864
BinVal : 16 7 0.9884 0.003187 0.003187
BinVal : 16 8 0.9936 0.001547 0.001547
BinVal : 16 9 1 0.002268 0.002268
BinVal : 16 10 1 0.01099 0.01099
BinVal : 16 11 1 0.04163 0.04163
BinVal : 16 12 1 0.04343 0.04343
BinVal : 17 0 0 0 0
BinVal : 17 1 0 0 0
BinVal : 17 2 0.08889 0.0445 0.0445
BinVal : 17 3 0.375 0.09363 0.09363
BinVal : 17 4 0.7848 0.04591 0.04591
BinVal : 17 5 0.971 0.01142 0.01142
BinVal : 17 6 0.9839 0.005272 0.005272
BinVal : 17 7 0.9876 0.003277 0.003277
BinVal : 17 8 0.9946 0.001439 0.001439
BinVal : 17 9 0.9975 0.003437 0.003437
BinVal : 17 10 1 0.01075 0.01075
BinVal : 17 11 1 0.0454 0.0454
BinVal : 17 12 1 0.04756 0.04756
BinVal : 18 0 0 0 0
BinVal : 18 1 0 0 0
BinVal : 18 2 0.1562 0.06444 0.06444
BinVal : 18 3 0.36 0.09126 0.09126
BinVal : 18 4 0.8169 0.04577 0.04577
BinVal : 18 5 0.9623 0.01369 0.01369
BinVal : 18 6 0.972 0.007082 0.007082
BinVal : 18 7 0.9804 0.004427 0.004427
BinVal : 18 8 0.9969 0.001242 0.001242
BinVal : 18 9 0.9972 0.003956 0.003956
BinVal : 18 10 1 0.01389 0.01389
BinVal : 18 11 1 0.03997 0.03997
BinVal : 18 12 1 0.07666 0.07666
BinVal : 19 0 0 0 0
BinVal : 19 1 0 0 0
BinVal : 19 2 0.4286 0.1571 0.1571
BinVal : 19 3 0.4545 0.1332 0.1332
BinVal : 19 4 0.8788 0.05832 0.05832
BinVal : 19 5 0.9612 0.02068 0.02068
BinVal : 19 6 0.9565 0.01324 0.01324
BinVal : 19 7 0.9723 0.008154 0.008154
BinVal : 19 8 0.9967 0.00217 0.00217
BinVal : 19 9 1 0.006757 0.006757
BinVal : 19 10 1 0.03997 0.03997
BinVal : 19 11 1 0.07122 0.07122
BinVal : 19 12 1 0.1237 0.1237
BinVal : 20 0 0 0 0
BinVal : 20 1 0 0 0
BinVal : 20 2 0 0 0
BinVal : 20 3 0 0 0
BinVal : 20 4 0 0 0
BinVal : 20 5 0 0 0
BinVal : 20 6 0 0 0
BinVal : 20 7 0 0 0
BinVal : 20 8 0 0 0
BinVal : 20 9 0 0 0
BinVal : 20 10 0 0 0
BinVal : 20 11 0 0 0
BinVal : 20 12 0 0 0
BinVal : 21 0 0 0 0
BinVal : 21 1 0 0 0
BinVal : 21 2 0 0 0
BinVal : 21 3 0 0 0
BinVal : 21 4 0 0 0
BinVal : 21 5 0 0 0
BinVal : 21 6 0 0 0
BinVal : 21 7 0 0 0
BinVal : 21 8 0 0 0
BinVal : 21 9 0 0 0
BinVal : 21 10 0 0 0
BinVal : 21 11 0 0 0
BinVal : 21 12 0 0 0
BinVal : 22 0 0 0 0
BinVal : 22 1 0 0 0
BinVal : 22 2 0.04444 0.03528 0.03528
BinVal : 22 3 0.2708 0.06287 0.06287
BinVal : 22 4 0.6593 0.049 0.049
BinVal : 22 5 0.8224 0.02191 0.02191
BinVal : 22 6 0.8488 0.0161 0.0161
BinVal : 22 7 0.8981 0.01221 0.01221
BinVal : 22 8 0.9513 0.006692 0.006692
BinVal : 22 9 0.9916 0.01154 0.01154
BinVal : 22 10 0.9655 0.04343 0.04343
BinVal : 22 11 1 0.08299 0.08299
BinVal : 22 12 1 0.1409 0.1409
BinVal : 23 0 0 0 0
BinVal : 23 1 0 0 0
BinVal : 23 2 0 0 0
BinVal : 23 3 0.125 0.05336 0.05336
BinVal : 23 4 0.5362 0.05878 0.05878
BinVal : 23 5 0.7032 0.03072 0.03072
BinVal : 23 6 0.8155 0.02115 0.02115
BinVal : 23 7 0.8268 0.01939 0.01939
BinVal : 23 8 0.9169 0.01119 0.01119
BinVal : 23 9 1 0.01492 0.01492
BinVal : 23 10 0.9286 0.08021 0.08021
BinVal : 23 11 1 0.1237 0.1237
BinVal : 23 12 1 0.2357 0.2357
BinVal : 24 0 0 0 0
BinVal : 24 1 0 0 0
BinVal : 24 2 0 0 0
BinVal : 24 3 0.1333 0.06321 0.06321
BinVal : 24 4 0.6 0.0674 0.0674
BinVal : 24 5 0.6839 0.03501 0.03501
BinVal : 24 6 0.8689 0.02169 0.02169
BinVal : 24 7 0.8387 0.02499 0.02499
BinVal : 24 8 0.9003 0.01657 0.01657
BinVal : 24 9 1 0.02631 0.02631
BinVal : 24 10 1 0.1633 0.1633
BinVal : 24 11 1 0.1633 0.1633
BinVal : 24 12 1 0.1633 0.1633
BinVal : 25 0 0 0 0
BinVal : 25 1 0 0 0
BinVal : 25 2 0 0 0
BinVal : 25 3 0.0625 0.0721 0.0721
BinVal : 25 4 0.6176 0.08014 0.08014
BinVal : 25 5 0.7419 0.03901 0.03901
BinVal : 25 6 0.8392 0.02606 0.02606
BinVal : 25 7 0.881 0.02912 0.02912
BinVal : 25 8 0.9045 0.02106 0.02106
BinVal : 25 9 1 0.04993 0.04993
BinVal : 25 10 1 0.1936 0.1936
BinVal : 25 11 1 0.2357 0.2357
BinVal : 25 12 1 0.2357 0.2357
BinVal : 26 0 0 0 0
BinVal : 26 1 0 0 0
BinVal : 26 2 0 0 0
BinVal : 26 3 0.08333 0.09035 0.09035
BinVal : 26 4 0.6 0.09286 0.09286
BinVal : 26 5 0.8116 0.04689 0.04689
BinVal : 26 6 0.8053 0.03714 0.03714
BinVal : 26 7 0.8421 0.04844 0.04844
BinVal : 26 8 0.902 0.03001 0.03001
BinVal : 26 9 1 0.09045 0.09045
BinVal : 26 10 1 0.2357 0.2357
BinVal : 26 11 1 0.2357 0.2357
BinVal : 26 12 1 0.2357 0.2357
BinVal : 27 0 0 0 0
BinVal : 27 1 0 0 0
BinVal : 27 2 0 0 0
BinVal : 27 3 0 0 0
BinVal : 27 4 0.625 0.1477 0.1477
BinVal : 27 5 0.7857 0.07596 0.07596
BinVal : 27 6 0.7241 0.08024 0.08024
BinVal : 27 7 0.6364 0.13 0.13
BinVal : 27 8 0.8182 0.08122 0.08122
BinVal : 27 9 1 0.1936 0.1936
BinVal : 27 10 1 0.1936 0.1936
BinVal : 27 11 1 0.1936 0.1936
BinVal : 27 12 1 0.1936 0.1936
BinVal : 28 0 0 0 0
BinVal : 28 1 0 0 0
BinVal : 28 2 0 0 0
BinVal : 28 3 0 0 0
BinVal : 28 4 0 0 0
BinVal : 28 5 0 0.2357 0.2357
BinVal : 28 6 0 0.2357 0.2357
BinVal : 28 7 0 0.2357 0.2357
BinVal : 28 8 0.5 0.2236 0.2236
BinVal : 28 9 0.5 0.2236 0.2236
BinVal : 28 10 0.5 0.2236 0.2236
BinVal : 28 11 0.5 0.2236 0.2236
BinVal : 28 12 0.5 0.2236 0.2236
