D0NoteID : 0
EffName : SINGLEELE_ALL_v155
EffType : Binned
EffVarNames : DetEta pT
EffVersion : 6
ObjQuality : Point0
ObjType : Electron
ObjVersion : 1
TriggerVersion : v155
BinEdgesX : -3.2 -2.8 -2.5 -2.3 -2.1 -1.9 -1.7 -1.5 -1.3 -1.1 -0.9 -0.7 -0.5 -0.3 -0.1 0.1 0.3 0.5 0.7 0.9 1.1 1.3 1.5 1.7 1.9 2.1 2.3 2.5 2.8 3.2
BinEdgesY : 0 10 15 20 22 25 30 35 40 50 60 70 80 1000
BinVal : 0 0 0 0 0
BinVal : 0 1 0 0 0
BinVal : 0 2 0 0 0
BinVal : 0 3 0.03509 0.02836 0.02836
BinVal : 0 4 0.04839 0.02033 0.02033
BinVal : 0 5 0.4196 0.03073 0.03073
BinVal : 0 6 0.6178 0.03491 0.03491
BinVal : 0 7 0.625 0.04686 0.04686
BinVal : 0 8 0.7248 0.04239 0.04239
BinVal : 0 9 0.6667 0.1614 0.1614
BinVal : 0 10 0.6667 0.1614 0.1614
BinVal : 0 11 0.6667 0.1614 0.1614
BinVal : 0 12 0.6667 0.1614 0.1614
BinVal : 1 0 0 0 0
BinVal : 1 1 0 0 0
BinVal : 1 2 0 0 0
BinVal : 1 3 0.02985 0.02437 0.02437
BinVal : 1 4 0.16 0.02774 0.02774
BinVal : 1 5 0.6796 0.02544 0.02544
BinVal : 1 6 0.8306 0.02163 0.02163
BinVal : 1 7 0.8647 0.02634 0.02634
BinVal : 1 8 0.8908 0.02075 0.02075
BinVal : 1 9 0.8947 0.0746 0.0746
BinVal : 1 10 1 0.1237 0.1237
BinVal : 1 11 1 0.1237 0.1237
BinVal : 1 12 1 0.2357 0.2357
BinVal : 2 0 0 0 0
BinVal : 2 1 0 0 0
BinVal : 2 2 0 0 0
BinVal : 2 3 0.01786 0.02375 0.02375
BinVal : 2 4 0.2611 0.03485 0.03485
BinVal : 2 5 0.8359 0.02062 0.02062
BinVal : 2 6 0.9401 0.01257 0.01257
BinVal : 2 7 0.964 0.01159 0.01159
BinVal : 2 8 0.9544 0.01177 0.01177
BinVal : 2 9 1 0.03123 0.03123
BinVal : 2 10 1 0.07666 0.07666
BinVal : 2 11 1 0.1936 0.1936
BinVal : 2 12 1 0.2357 0.2357
BinVal : 3 0 0 0 0
BinVal : 3 1 0 0 0
BinVal : 3 2 0 0 0
BinVal : 3 3 0.04225 0.02646 0.02646
BinVal : 3 4 0.2994 0.03421 0.03421
BinVal : 3 5 0.8726 0.01887 0.01887
BinVal : 3 6 0.9466 0.01124 0.01124
BinVal : 3 7 0.9667 0.009002 0.009002
BinVal : 3 8 0.9619 0.008982 0.008982
BinVal : 3 9 0.9808 0.02546 0.02546
BinVal : 3 10 1 0.07666 0.07666
BinVal : 3 11 1 0.1633 0.1633
BinVal : 3 12 1 0.2357 0.2357
BinVal : 4 0 0 0 0
BinVal : 4 1 0 0 0
BinVal : 4 2 0 0 0
BinVal : 4 3 0.04444 0.02351 0.02351
BinVal : 4 4 0.3781 0.03397 0.03397
BinVal : 4 5 0.9181 0.0147 0.0147
BinVal : 4 6 0.9574 0.00948 0.00948
BinVal : 4 7 0.9615 0.008193 0.008193
BinVal : 4 8 0.9635 0.007 0.007
BinVal : 4 9 0.977 0.01902 0.01902
BinVal : 4 10 1 0.05546 0.05546
BinVal : 4 11 1 0.1633 0.1633
BinVal : 4 12 1 0.1633 0.1633
BinVal : 5 0 0 0 0
BinVal : 5 1 0 0 0
BinVal : 5 2 0.08333 0.03379 0.03379
BinVal : 5 3 0.1264 0.036 0.036
BinVal : 5 4 0.5244 0.03865 0.03865
BinVal : 5 5 0.9337 0.01247 0.01247
BinVal : 5 6 0.9714 0.007231 0.007231
BinVal : 5 7 0.9701 0.006544 0.006544
BinVal : 5 8 0.9748 0.004962 0.004962
BinVal : 5 9 0.9918 0.01127 0.01127
BinVal : 5 10 1 0.04993 0.04993
BinVal : 5 11 1 0.09045 0.09045
BinVal : 5 12 1 0.09938 0.09938
BinVal : 6 0 0 0 0
BinVal : 6 1 0 0 0
BinVal : 6 2 0.2143 0.07596 0.07596
BinVal : 6 3 0.2368 0.06763 0.06763
BinVal : 6 4 0.6053 0.05506 0.05506
BinVal : 6 5 0.9434 0.01629 0.01629
BinVal : 6 6 0.9728 0.009963 0.009963
BinVal : 6 7 0.9736 0.008567 0.008567
BinVal : 6 8 0.9827 0.005669 0.005669
BinVal : 6 9 1 0.01351 0.01351
BinVal : 6 10 1 0.09938 0.09938
BinVal : 6 11 1 0.1102 0.1102
BinVal : 6 12 1 0.1237 0.1237
BinVal : 7 0 0 0 0
BinVal : 7 1 0 0 0
BinVal : 7 2 0 0 0
BinVal : 7 3 0 0 0
BinVal : 7 4 0 0 0
BinVal : 7 5 0 0 0
BinVal : 7 6 0 0 0
BinVal : 7 7 0 0 0
BinVal : 7 8 0 0 0
BinVal : 7 9 0 0 0
BinVal : 7 10 0 0 0
BinVal : 7 11 0 0 0
BinVal : 7 12 0 0 0
BinVal : 8 0 0 0 0
BinVal : 8 1 0 0 0
BinVal : 8 2 0 0 0
BinVal : 8 3 0 0 0
BinVal : 8 4 0 0 0
BinVal : 8 5 0 0 0
BinVal : 8 6 0 0 0
BinVal : 8 7 0 0 0
BinVal : 8 8 0 0 0
BinVal : 8 9 0 0 0
BinVal : 8 10 0 0 0
BinVal : 8 11 0 0 0
BinVal : 8 12 0 0 0
BinVal : 9 0 0 0 0
BinVal : 9 1 0 0 0
BinVal : 9 2 0.4773 0.07286 0.07286
BinVal : 9 3 0.4839 0.08571 0.08571
BinVal : 9 4 0.7089 0.05043 0.05043
BinVal : 9 5 0.8955 0.02176 0.02176
BinVal : 9 6 0.9588 0.009438 0.009438
BinVal : 9 7 0.9662 0.006616 0.006616
BinVal : 9 8 0.9822 0.003261 0.003261
BinVal : 9 9 0.9832 0.008069 0.008069
BinVal : 9 10 1 0.01754 0.01754
BinVal : 9 11 1 0.0665 0.0665
BinVal : 9 12 1 0.09938 0.09938
BinVal : 10 0 0 0 0
BinVal : 10 1 0 0 0
BinVal : 10 2 0.5 0.06742 0.06742
BinVal : 10 3 0.5185 0.09123 0.09123
BinVal : 10 4 0.6731 0.04546 0.04546
BinVal : 10 5 0.8638 0.02358 0.02358
BinVal : 10 6 0.9765 0.007253 0.007253
BinVal : 10 7 0.9748 0.005281 0.005281
BinVal : 10 8 0.9859 0.002644 0.002644
BinVal : 10 9 0.9849 0.007278 0.007278
BinVal : 10 10 0.9844 0.02094 0.02094
BinVal : 10 11 1 0.0454 0.0454
BinVal : 10 12 1 0.09045 0.09045
BinVal : 11 0 0 0 0
BinVal : 11 1 0 0 0
BinVal : 11 2 0.4048 0.07329 0.07329
BinVal : 11 3 0.48 0.09443 0.09443
BinVal : 11 4 0.6413 0.0493 0.0493
BinVal : 11 5 0.9031 0.01982 0.01982
BinVal : 11 6 0.9648 0.009159 0.009159
BinVal : 11 7 0.9778 0.004898 0.004898
BinVal : 11 8 0.9877 0.002437 0.002437
BinVal : 11 9 0.9887 0.006245 0.006245
BinVal : 11 10 0.9844 0.02094 0.02094
BinVal : 11 11 1 0.03331 0.03331
BinVal : 11 12 1 0.06236 0.06236
BinVal : 12 0 0 0 0
BinVal : 12 1 0 0 0
BinVal : 12 2 0.1724 0.06984 0.06984
BinVal : 12 3 0.5 0.1 0.1
BinVal : 12 4 0.6029 0.05814 0.05814
BinVal : 12 5 0.9342 0.0162 0.0162
BinVal : 12 6 0.9565 0.009941 0.009941
BinVal : 12 7 0.9774 0.005108 0.005108
BinVal : 12 8 0.9833 0.002752 0.002752
BinVal : 12 9 0.9841 0.006889 0.006889
BinVal : 12 10 1 0.01449 0.01449
BinVal : 12 11 1 0.03446 0.03446
BinVal : 12 12 1 0.0454 0.0454
BinVal : 13 0 0 0 0
BinVal : 13 1 0 0 0
BinVal : 13 2 0.3571 0.08655 0.08655
BinVal : 13 3 0.6111 0.1069 0.1069
BinVal : 13 4 0.5694 0.05721 0.05721
BinVal : 13 5 0.9396 0.01491 0.01491
BinVal : 13 6 0.965 0.008523 0.008523
BinVal : 13 7 0.9785 0.005299 0.005299
BinVal : 13 8 0.9858 0.002488 0.002488
BinVal : 13 9 0.9821 0.007096 0.007096
BinVal : 13 10 0.9872 0.01735 0.01735
BinVal : 13 11 1 0.03446 0.03446
BinVal : 13 12 1 0.0454 0.0454
BinVal : 14 0 0 0 0
BinVal : 14 1 0 0 0
BinVal : 14 2 0.5 0.1043 0.1043
BinVal : 14 3 0.56 0.09391 0.09391
BinVal : 14 4 0.6056 0.05688 0.05688
BinVal : 14 5 0.9359 0.01485 0.01485
BinVal : 14 6 0.9754 0.007253 0.007253
BinVal : 14 7 0.9807 0.005066 0.005066
BinVal : 14 8 0.988 0.002294 0.002294
BinVal : 14 9 0.9798 0.007443 0.007443
BinVal : 14 10 0.9873 0.01714 0.01714
BinVal : 14 11 1 0.03224 0.03224
BinVal : 14 12 1 0.03997 0.03997
BinVal : 15 0 0 0 0
BinVal : 15 1 0 0 0
BinVal : 15 2 0.3684 0.1035 0.1035
BinVal : 15 3 0.5667 0.08636 0.08636
BinVal : 15 4 0.6049 0.0534 0.0534
BinVal : 15 5 0.9615 0.01175 0.01175
BinVal : 15 6 0.9675 0.00848 0.00848
BinVal : 15 7 0.9793 0.005083 0.005083
BinVal : 15 8 0.9842 0.002612 0.002612
BinVal : 15 9 0.9851 0.006484 0.006484
BinVal : 15 10 1 0.0147 0.0147
BinVal : 15 11 1 0.03569 0.03569
BinVal : 15 12 1 0.04993 0.04993
BinVal : 16 0 0 0 0
BinVal : 16 1 0 0 0
BinVal : 16 2 0.28 0.08629 0.08629
BinVal : 16 3 0.6333 0.08427 0.08427
BinVal : 16 4 0.6392 0.0481 0.0481
BinVal : 16 5 0.9708 0.01067 0.01067
BinVal : 16 6 0.9646 0.008627 0.008627
BinVal : 16 7 0.9794 0.004919 0.004919
BinVal : 16 8 0.986 0.002496 0.002496
BinVal : 16 9 0.9921 0.005174 0.005174
BinVal : 16 10 1 0.01351 0.01351
BinVal : 16 11 1 0.03224 0.03224
BinVal : 16 12 1 0.04756 0.04756
BinVal : 17 0 0 0 0
BinVal : 17 1 0 0 0
BinVal : 17 2 0.3929 0.08799 0.08799
BinVal : 17 3 0.5278 0.07995 0.07995
BinVal : 17 4 0.7246 0.05301 0.05301
BinVal : 17 5 0.942 0.016 0.016
BinVal : 17 6 0.9727 0.007403 0.007403
BinVal : 17 7 0.9731 0.005295 0.005295
BinVal : 17 8 0.9858 0.00261 0.00261
BinVal : 17 9 0.9881 0.006576 0.006576
BinVal : 17 10 1 0.01299 0.01299
BinVal : 17 11 1 0.03123 0.03123
BinVal : 17 12 1 0.03997 0.03997
BinVal : 18 0 0 0 0
BinVal : 18 1 0 0 0
BinVal : 18 2 0.3947 0.07651 0.07651
BinVal : 18 3 0.5 0.0822 0.0822
BinVal : 18 4 0.7818 0.05509 0.05509
BinVal : 18 5 0.9239 0.01991 0.01991
BinVal : 18 6 0.9627 0.008818 0.008818
BinVal : 18 7 0.9723 0.005667 0.005667
BinVal : 18 8 0.9826 0.003192 0.003192
BinVal : 18 9 0.9886 0.007448 0.007448
BinVal : 18 10 1 0.01754 0.01754
BinVal : 18 11 1 0.03997 0.03997
BinVal : 18 12 1 0.05546 0.05546
BinVal : 19 0 0 0 0
BinVal : 19 1 0 0 0
BinVal : 19 2 0.3333 0.09722 0.09722
BinVal : 19 3 0.6 0.116 0.116
BinVal : 19 4 0.8065 0.07011 0.07011
BinVal : 19 5 0.9205 0.02983 0.02983
BinVal : 19 6 0.9505 0.01501 0.01501
BinVal : 19 7 0.9803 0.007823 0.007823
BinVal : 19 8 0.9803 0.005363 0.005363
BinVal : 19 9 0.9908 0.01257 0.01257
BinVal : 19 10 1 0.03997 0.03997
BinVal : 19 11 1 0.09938 0.09938
BinVal : 19 12 1 0.09938 0.09938
BinVal : 20 0 0 0 0
BinVal : 20 1 0 0 0
BinVal : 20 2 0 0 0
BinVal : 20 3 0 0 0
BinVal : 20 4 0 0 0
BinVal : 20 5 0 0 0
BinVal : 20 6 0 0 0
BinVal : 20 7 0 0 0
BinVal : 20 8 0 0 0
BinVal : 20 9 0 0 0
BinVal : 20 10 0 0 0
BinVal : 20 11 0 0 0
BinVal : 20 12 0 0 0
BinVal : 21 0 0 0 0
BinVal : 21 1 0 0 0
BinVal : 21 2 0 0 0
BinVal : 21 3 0 0 0
BinVal : 21 4 0 0 0
BinVal : 21 5 0 0 0
BinVal : 21 6 0 0 0
BinVal : 21 7 0 0 0
BinVal : 21 8 0 0 0
BinVal : 21 9 0 0 0
BinVal : 21 10 0 0 0
BinVal : 21 11 0 0 0
BinVal : 21 12 0 0 0
BinVal : 22 0 0 0 0
BinVal : 22 1 0 0 0
BinVal : 22 2 0.1316 0.03916 0.03916
BinVal : 22 3 0.1642 0.0453 0.0453
BinVal : 22 4 0.5152 0.03856 0.03856
BinVal : 22 5 0.9421 0.01215 0.01215
BinVal : 22 6 0.9644 0.008179 0.008179
BinVal : 22 7 0.982 0.0056 0.0056
BinVal : 22 8 0.9826 0.004283 0.004283
BinVal : 22 9 0.9704 0.01596 0.01596
BinVal : 22 10 1 0.03569 0.03569
BinVal : 22 11 1 0.1102 0.1102
BinVal : 22 12 1 0.1409 0.1409
BinVal : 23 0 0 0 0
BinVal : 23 1 0 0 0
BinVal : 23 2 0 0 0
BinVal : 23 3 0.02817 0.02308 0.02308
BinVal : 23 4 0.3185 0.0369 0.0369
BinVal : 23 5 0.9122 0.0147 0.0147
BinVal : 23 6 0.9555 0.009433 0.009433
BinVal : 23 7 0.9576 0.008991 0.008991
BinVal : 23 8 0.9712 0.00617 0.00617
BinVal : 23 9 0.957 0.02279 0.02279
BinVal : 23 10 1 0.0454 0.0454
BinVal : 23 11 1 0.2357 0.2357
BinVal : 23 12 1 0.1936 0.1936
BinVal : 24 0 0 0 0
BinVal : 24 1 0 0 0
BinVal : 24 2 0 0 0
BinVal : 24 3 0.01149 0.01562 0.01562
BinVal : 24 4 0.2925 0.03725 0.03725
BinVal : 24 5 0.892 0.01662 0.01662
BinVal : 24 6 0.9324 0.01224 0.01224
BinVal : 24 7 0.9464 0.01103 0.01103
BinVal : 24 8 0.9755 0.006934 0.006934
BinVal : 24 9 0.9688 0.02545 0.02545
BinVal : 24 10 1 0.1102 0.1102
BinVal : 24 11 1 0.1936 0.1936
BinVal : 24 12 1 0.1936 0.1936
BinVal : 25 0 0 0 0
BinVal : 25 1 0 0 0
BinVal : 25 2 0 0 0
BinVal : 25 3 0.01205 0.01635 0.01635
BinVal : 25 4 0.1973 0.03274 0.03274
BinVal : 25 5 0.8532 0.0196 0.0196
BinVal : 25 6 0.9286 0.01364 0.01364
BinVal : 25 7 0.9577 0.0123 0.0123
BinVal : 25 8 0.9788 0.008403 0.008403
BinVal : 25 9 0.9828 0.02298 0.02298
BinVal : 25 10 1 0.1936 0.1936
BinVal : 25 11 1 0.2357 0.2357
BinVal : 25 12 1 0.2357 0.2357
BinVal : 26 0 0 0 0
BinVal : 26 1 0 0 0
BinVal : 26 2 0 0 0
BinVal : 26 3 0.01299 0.01756 0.01756
BinVal : 26 4 0.1288 0.02638 0.02638
BinVal : 26 5 0.713 0.02505 0.02505
BinVal : 26 6 0.861 0.02019 0.02019
BinVal : 26 7 0.8907 0.02326 0.02326
BinVal : 26 8 0.8445 0.02352 0.02352
BinVal : 26 9 0.9302 0.04196 0.04196
BinVal : 26 10 1 0.1633 0.1633
BinVal : 26 11 1 0.1633 0.1633
BinVal : 26 12 1 0.1633 0.1633
BinVal : 27 0 0 0 0
BinVal : 27 1 0 0 0
BinVal : 27 2 0 0 0
BinVal : 27 3 0 0 0
BinVal : 27 4 0.08633 0.02428 0.02428
BinVal : 27 5 0.4683 0.03125 0.03125
BinVal : 27 6 0.7011 0.03448 0.03448
BinVal : 27 7 0.624 0.04286 0.04286
BinVal : 27 8 0.6596 0.03955 0.03955
BinVal : 27 9 0.7273 0.1234 0.1234
BinVal : 27 10 1 0.1936 0.1936
BinVal : 27 11 1 0.1936 0.1936
BinVal : 27 12 1 0.1936 0.1936
BinVal : 28 0 0 0 0
BinVal : 28 1 0 0 0
BinVal : 28 2 0 0 0
BinVal : 28 3 0 0 0
BinVal : 28 4 0 0 0
BinVal : 28 5 0.2159 0.04358 0.04358
BinVal : 28 6 0.5217 0.07137 0.07137
BinVal : 28 7 0.3725 0.06596 0.06596
BinVal : 28 8 0.5312 0.08437 0.08437
BinVal : 28 9 0.5312 0.08437 0.08437
BinVal : 28 10 0.5312 0.08437 0.08437
BinVal : 28 11 0.5312 0.08437 0.08437
BinVal : 28 12 0.5312 0.08437 0.08437
