D0NoteID : 0
EffName : SINGLEELE_AND_EJETS_v14
EffType : Binned
EffVarNames : DetEta pT
EffVersion : 6
ObjQuality : Medium
ObjType : Electron
ObjVersion : 12
BinEdgesX : -3.2 -2.8 -2.5 -2.3 -2.1 -1.9 -1.7 -1.5 -1.3 -1.1 -0.9 -0.7 -0.5 -0.3 -0.1 0.1 0.3 0.5 0.7 0.9 1.1 1.3 1.5 1.7 1.9 2.1 2.3 2.5 2.8 3.2
BinEdgesY : 0 10 15 20 22 25 30 35 40 50 60 70 80 1000
BinVal : 0 0 0 0 0
BinVal : 0 1 0 0 0
BinVal : 0 2 0.03846 0.02422 0.02422
BinVal : 0 3 0.09091 0.0454 0.0454
BinVal : 0 4 0.3158 0.0525 0.0525
BinVal : 0 5 0.5059 0.03801 0.03801
BinVal : 0 6 0.5455 0.04286 0.04286
BinVal : 0 7 0.5921 0.05534 0.05534
BinVal : 0 8 0.6277 0.04916 0.04916
BinVal : 0 9 0.5 0.189 0.189
BinVal : 0 10 0.5 0.189 0.189
BinVal : 0 11 0.5 0.189 0.189
BinVal : 0 12 0.5 0.189 0.189
BinVal : 1 0 0 0 0
BinVal : 1 1 0 0 0
BinVal : 1 2 0.04274 0.01997 0.01997
BinVal : 1 3 0.1176 0.03972 0.03972
BinVal : 1 4 0.381 0.0428 0.0428
BinVal : 1 5 0.5986 0.0292 0.0292
BinVal : 1 6 0.6224 0.02853 0.02853
BinVal : 1 7 0.6776 0.03761 0.03761
BinVal : 1 8 0.713 0.03015 0.03015
BinVal : 1 9 0.7917 0.08108 0.08108
BinVal : 1 10 1 0.1936 0.1936
BinVal : 1 11 1 0.1936 0.1936
BinVal : 1 12 1 0.1936 0.1936
BinVal : 2 0 0 0 0
BinVal : 2 1 0 0 0
BinVal : 2 2 0.01639 0.01374 0.01374
BinVal : 2 3 0.125 0.03948 0.03948
BinVal : 2 4 0.4468 0.04144 0.04144
BinVal : 2 5 0.5669 0.02783 0.02783
BinVal : 2 6 0.7243 0.02317 0.02317
BinVal : 2 7 0.7178 0.02887 0.02887
BinVal : 2 8 0.7282 0.02247 0.02247
BinVal : 2 9 0.7692 0.05765 0.05765
BinVal : 2 10 1 0.1237 0.1237
BinVal : 2 11 1 0.1237 0.1237
BinVal : 2 12 1 0.1237 0.1237
BinVal : 3 0 0 0 0
BinVal : 3 1 0 0 0
BinVal : 3 2 0.0625 0.02382 0.02382
BinVal : 3 3 0.2692 0.04961 0.04961
BinVal : 3 4 0.4812 0.03914 0.03914
BinVal : 3 5 0.5702 0.02639 0.02639
BinVal : 3 6 0.753 0.02108 0.02108
BinVal : 3 7 0.7105 0.0232 0.0232
BinVal : 3 8 0.7361 0.01864 0.01864
BinVal : 3 9 0.6833 0.05889 0.05889
BinVal : 3 10 0.8889 0.1113 0.1113
BinVal : 3 11 1 0.1633 0.1633
BinVal : 3 12 1 0.1633 0.1633
BinVal : 4 0 0 0 0
BinVal : 4 1 0 0 0
BinVal : 4 2 0.09524 0.03282 0.03282
BinVal : 4 3 0.3294 0.05025 0.05025
BinVal : 4 4 0.5375 0.03906 0.03906
BinVal : 4 5 0.6533 0.02538 0.02538
BinVal : 4 6 0.7431 0.02088 0.02088
BinVal : 4 7 0.7094 0.01968 0.01968
BinVal : 4 8 0.7004 0.01669 0.01669
BinVal : 4 9 0.7089 0.05043 0.05043
BinVal : 4 10 0.8571 0.09466 0.09466
BinVal : 4 11 0.8333 0.1443 0.1443
BinVal : 4 12 0.8333 0.1443 0.1443
BinVal : 5 0 0 0 0
BinVal : 5 1 0 0 0
BinVal : 5 2 0.02899 0.02371 0.02371
BinVal : 5 3 0.3231 0.05695 0.05695
BinVal : 5 4 0.6522 0.04017 0.04017
BinVal : 5 5 0.7747 0.02099 0.02099
BinVal : 5 6 0.8326 0.01697 0.01697
BinVal : 5 7 0.8028 0.01573 0.01573
BinVal : 5 8 0.7863 0.0131 0.0131
BinVal : 5 9 0.8496 0.03108 0.03108
BinVal : 5 10 0.9412 0.06862 0.06862
BinVal : 5 11 0.5 0.1667 0.1667
BinVal : 5 12 0.8 0.1597 0.1597
BinVal : 6 0 0 0 0
BinVal : 6 1 0 0 0
BinVal : 6 2 0.03226 0.04092 0.04092
BinVal : 6 3 0.375 0.09363 0.09363
BinVal : 6 4 0.6984 0.05681 0.05681
BinVal : 6 5 0.8584 0.02362 0.02362
BinVal : 6 6 0.8973 0.01885 0.01885
BinVal : 6 7 0.8724 0.01823 0.01823
BinVal : 6 8 0.8858 0.0138 0.0138
BinVal : 6 9 0.9146 0.03184 0.03184
BinVal : 6 10 1 0.08299 0.08299
BinVal : 6 11 0.3333 0.2 0.2
BinVal : 6 12 1 0.1409 0.1409
BinVal : 7 0 0 0 0
BinVal : 7 1 0 0 0
BinVal : 7 2 0 0 0
BinVal : 7 3 0 0 0
BinVal : 7 4 0 0 0
BinVal : 7 5 0 0 0
BinVal : 7 6 0 0 0
BinVal : 7 7 0 0 0
BinVal : 7 8 0 0 0
BinVal : 7 9 0 0 0
BinVal : 7 10 0 0 0
BinVal : 7 11 0 0 0
BinVal : 7 12 0 0 0
BinVal : 8 0 0 0 0
BinVal : 8 1 0 0 0
BinVal : 8 2 0 0 0
BinVal : 8 3 0 0 0
BinVal : 8 4 0 0 0
BinVal : 8 5 0 0 0
BinVal : 8 6 0 0 0
BinVal : 8 7 0 0 0
BinVal : 8 8 0 0 0
BinVal : 8 9 0 0 0
BinVal : 8 10 0 0 0
BinVal : 8 11 0 0 0
BinVal : 8 12 0 0 0
BinVal : 9 0 0 0 0
BinVal : 9 1 0 0 0
BinVal : 9 2 0.1163 0.05012 0.05012
BinVal : 9 3 0.4643 0.0896 0.0896
BinVal : 9 4 0.7027 0.05235 0.05235
BinVal : 9 5 0.892 0.0236 0.0236
BinVal : 9 6 0.949 0.01101 0.01101
BinVal : 9 7 0.9629 0.007243 0.007243
BinVal : 9 8 0.9569 0.005618 0.005618
BinVal : 9 9 0.9661 0.01445 0.01445
BinVal : 9 10 0.9032 0.05597 0.05597
BinVal : 9 11 1 0.07122 0.07122
BinVal : 9 12 0.875 0.1206 0.1206
BinVal : 10 0 0 0 0
BinVal : 10 1 0 0 0
BinVal : 10 2 0.08333 0.04201 0.04201
BinVal : 10 3 0.4194 0.08476 0.08476
BinVal : 10 4 0.7471 0.04614 0.04614
BinVal : 10 5 0.9275 0.01835 0.01835
BinVal : 10 6 0.9637 0.00944 0.00944
BinVal : 10 7 0.975 0.005628 0.005628
BinVal : 10 8 0.9705 0.004231 0.004231
BinVal : 10 9 0.9747 0.01088 0.01088
BinVal : 10 10 0.9362 0.03872 0.03872
BinVal : 10 11 1 0.05871 0.05871
BinVal : 10 12 0.8 0.1201 0.1201
BinVal : 11 0 0 0 0
BinVal : 11 1 0 0 0
BinVal : 11 2 0.3182 0.06838 0.06838
BinVal : 11 3 0.3793 0.08611 0.08611
BinVal : 11 4 0.6629 0.04941 0.04941
BinVal : 11 5 0.974 0.01116 0.01116
BinVal : 11 6 0.9672 0.008858 0.008858
BinVal : 11 7 0.9769 0.005509 0.005509
BinVal : 11 8 0.9828 0.003163 0.003163
BinVal : 11 9 0.9726 0.01175 0.01175
BinVal : 11 10 0.9796 0.02692 0.02692
BinVal : 11 11 1 0.05546 0.05546
BinVal : 11 12 0.9375 0.0721 0.0721
BinVal : 12 0 0 0 0
BinVal : 12 1 0 0 0
BinVal : 12 2 0.4857 0.08108 0.08108
BinVal : 12 3 0.5185 0.09123 0.09123
BinVal : 12 4 0.6526 0.0482 0.0482
BinVal : 12 5 0.9811 0.009054 0.009054
BinVal : 12 6 0.9745 0.007862 0.007862
BinVal : 12 7 0.9807 0.005254 0.005254
BinVal : 12 8 0.9908 0.002349 0.002349
BinVal : 12 9 0.9902 0.008326 0.008326
BinVal : 12 10 0.9792 0.02744 0.02744
BinVal : 12 11 1 0.05546 0.05546
BinVal : 12 12 1 0.05871 0.05871
BinVal : 13 0 0 0 0
BinVal : 13 1 0 0 0
BinVal : 13 2 0.3636 0.09682 0.09682
BinVal : 13 3 0.625 0.1118 0.1118
BinVal : 13 4 0.7895 0.0416 0.0416
BinVal : 13 5 0.9737 0.009643 0.009643
BinVal : 13 6 0.9928 0.004767 0.004767
BinVal : 13 7 0.9881 0.004405 0.004405
BinVal : 13 8 0.9932 0.002046 0.002046
BinVal : 13 9 0.9955 0.006244 0.006244
BinVal : 13 10 0.9583 0.03325 0.03325
BinVal : 13 11 1 0.04343 0.04343
BinVal : 13 12 1 0.06236 0.06236
BinVal : 14 0 0 0 0
BinVal : 14 1 0 0 0
BinVal : 14 2 0.2 0.08738 0.08738
BinVal : 14 3 0.4737 0.1065 0.1065
BinVal : 14 4 0.7812 0.04193 0.04193
BinVal : 14 5 0.9468 0.0132 0.0132
BinVal : 14 6 0.9821 0.006607 0.006607
BinVal : 14 7 0.9752 0.006293 0.006293
BinVal : 14 8 0.983 0.003065 0.003065
BinVal : 14 9 0.9685 0.01149 0.01149
BinVal : 14 10 0.96 0.03203 0.03203
BinVal : 14 11 1 0.04993 0.04993
BinVal : 14 12 1 0.04993 0.04993
BinVal : 15 0 0 0 0
BinVal : 15 1 0 0 0
BinVal : 15 2 0.24 0.08282 0.08282
BinVal : 15 3 0.375 0.09363 0.09363
BinVal : 15 4 0.6979 0.04632 0.04632
BinVal : 15 5 0.92 0.01655 0.01655
BinVal : 15 6 0.9772 0.007435 0.007435
BinVal : 15 7 0.9579 0.007482 0.007482
BinVal : 15 8 0.968 0.004124 0.004124
BinVal : 15 9 0.9703 0.01086 0.01086
BinVal : 15 10 0.9762 0.03105 0.03105
BinVal : 15 11 1 0.0665 0.0665
BinVal : 15 12 1 0.04343 0.04343
BinVal : 16 0 0 0 0
BinVal : 16 1 0 0 0
BinVal : 16 2 0.2105 0.06522 0.06522
BinVal : 16 3 0.3514 0.07585 0.07585
BinVal : 16 4 0.6947 0.04669 0.04669
BinVal : 16 5 0.9136 0.01823 0.01823
BinVal : 16 6 0.961 0.009474 0.009474
BinVal : 16 7 0.9551 0.007096 0.007096
BinVal : 16 8 0.9654 0.004413 0.004413
BinVal : 16 9 0.988 0.007827 0.007827
BinVal : 16 10 0.973 0.03488 0.03488
BinVal : 16 11 0.9286 0.08021 0.08021
BinVal : 16 12 1 0.04343 0.04343
BinVal : 17 0 0 0 0
BinVal : 17 1 0 0 0
BinVal : 17 2 0.122 0.05224 0.05224
BinVal : 17 3 0.3636 0.07041 0.07041
BinVal : 17 4 0.6923 0.04476 0.04476
BinVal : 17 5 0.9112 0.01968 0.01968
BinVal : 17 6 0.9332 0.0117 0.0117
BinVal : 17 7 0.9566 0.006858 0.006858
BinVal : 17 8 0.969 0.004261 0.004261
BinVal : 17 9 0.9794 0.009855 0.009855
BinVal : 17 10 0.9744 0.03324 0.03324
BinVal : 17 11 0.9412 0.06862 0.06862
BinVal : 17 12 0.9286 0.08021 0.08021
BinVal : 18 0 0 0 0
BinVal : 18 1 0 0 0
BinVal : 18 2 0.08108 0.04797 0.04797
BinVal : 18 3 0.4828 0.08834 0.08834
BinVal : 18 4 0.6901 0.054 0.054
BinVal : 18 5 0.9006 0.02249 0.02249
BinVal : 18 6 0.9403 0.01172 0.01172
BinVal : 18 7 0.9602 0.007207 0.007207
BinVal : 18 8 0.9704 0.004482 0.004482
BinVal : 18 9 0.9714 0.01224 0.01224
BinVal : 18 10 1 0.02856 0.02856
BinVal : 18 11 0.95 0.05994 0.05994
BinVal : 18 12 0.875 0.1206 0.1206
BinVal : 19 0 0 0 0
BinVal : 19 1 0 0 0
BinVal : 19 2 0.05 0.05994 0.05994
BinVal : 19 3 0.6364 0.13 0.13
BinVal : 19 4 0.7 0.09712 0.09712
BinVal : 19 5 0.9012 0.03392 0.03392
BinVal : 19 6 0.9572 0.01545 0.01545
BinVal : 19 7 0.9612 0.01133 0.01133
BinVal : 19 8 0.9726 0.006939 0.006939
BinVal : 19 9 0.9643 0.02258 0.02258
BinVal : 19 10 1 0.06236 0.06236
BinVal : 19 11 0.9167 0.09035 0.09035
BinVal : 19 12 1 0.1936 0.1936
BinVal : 20 0 0 0 0
BinVal : 20 1 0 0 0
BinVal : 20 2 0 0 0
BinVal : 20 3 0 0 0
BinVal : 20 4 0 0 0
BinVal : 20 5 0 0 0
BinVal : 20 6 0 0 0
BinVal : 20 7 0 0 0
BinVal : 20 8 0 0 0
BinVal : 20 9 0 0 0
BinVal : 20 10 0 0 0
BinVal : 20 11 0 0 0
BinVal : 20 12 0 0 0
BinVal : 21 0 0 0 0
BinVal : 21 1 0 0 0
BinVal : 21 2 0 0 0
BinVal : 21 3 0 0 0
BinVal : 21 4 0 0 0
BinVal : 21 5 0 0 0
BinVal : 21 6 0 0 0
BinVal : 21 7 0 0 0
BinVal : 21 8 0 0 0
BinVal : 21 9 0 0 0
BinVal : 21 10 0 0 0
BinVal : 21 11 0 0 0
BinVal : 21 12 0 0 0
BinVal : 22 0 0 0 0
BinVal : 22 1 0 0 0
BinVal : 22 2 0.1 0.03431 0.03431
BinVal : 22 3 0.4237 0.06281 0.06281
BinVal : 22 4 0.5986 0.04004 0.04004
BinVal : 22 5 0.7514 0.02242 0.02242
BinVal : 22 6 0.7897 0.01886 0.01886
BinVal : 22 7 0.796 0.01647 0.01647
BinVal : 22 8 0.8211 0.01232 0.01232
BinVal : 22 9 0.8281 0.03334 0.03334
BinVal : 22 10 0.96 0.04949 0.04949
BinVal : 22 11 1 0.1409 0.1409
BinVal : 22 12 1 0.09938 0.09938
BinVal : 23 0 0 0 0
BinVal : 23 1 0 0 0
BinVal : 23 2 0.0404 0.02148 0.02148
BinVal : 23 3 0.3205 0.05204 0.05204
BinVal : 23 4 0.4317 0.03633 0.03633
BinVal : 23 5 0.6394 0.02539 0.02539
BinVal : 23 6 0.7043 0.02063 0.02063
BinVal : 23 7 0.7026 0.01949 0.01949
BinVal : 23 8 0.7354 0.01623 0.01623
BinVal : 23 9 0.7748 0.03942 0.03942
BinVal : 23 10 0.8421 0.08372 0.08372
BinVal : 23 11 1 0.2357 0.2357
BinVal : 23 12 1 0.1633 0.1633
BinVal : 24 0 0 0 0
BinVal : 24 1 0 0 0
BinVal : 24 2 0.05505 0.02297 0.02297
BinVal : 24 3 0.15 0.04009 0.04009
BinVal : 24 4 0.3829 0.03646 0.03646
BinVal : 24 5 0.6192 0.02608 0.02608
BinVal : 24 6 0.7173 0.02171 0.02171
BinVal : 24 7 0.6972 0.0222 0.0222
BinVal : 24 8 0.7579 0.01846 0.01846
BinVal : 24 9 0.7879 0.04992 0.04992
BinVal : 24 10 0.8182 0.1126 0.1126
BinVal : 24 11 0.5 0.2236 0.2236
BinVal : 24 12 1 0.1936 0.1936
BinVal : 25 0 0 0 0
BinVal : 25 1 0 0 0
BinVal : 25 2 0.01818 0.01519 0.01519
BinVal : 25 3 0.1026 0.03511 0.03511
BinVal : 25 4 0.4286 0.0414 0.0414
BinVal : 25 5 0.6237 0.02846 0.02846
BinVal : 25 6 0.7077 0.02427 0.02427
BinVal : 25 7 0.6747 0.02954 0.02954
BinVal : 25 8 0.7736 0.02169 0.02169
BinVal : 25 9 0.8462 0.07112 0.07112
BinVal : 25 10 1 0.1409 0.1409
BinVal : 25 11 1 0.1409 0.1409
BinVal : 25 12 1 0.1409 0.1409
BinVal : 26 0 0 0 0
BinVal : 26 1 0 0 0
BinVal : 26 2 0 0 0
BinVal : 26 3 0.1039 0.03552 0.03552
BinVal : 26 4 0.4043 0.04092 0.04092
BinVal : 26 5 0.5946 0.03034 0.03034
BinVal : 26 6 0.6447 0.02883 0.02883
BinVal : 26 7 0.6269 0.04136 0.04136
BinVal : 26 8 0.7619 0.02929 0.02929
BinVal : 26 9 0.8 0.09998 0.09998
BinVal : 26 10 1 0.1936 0.1936
BinVal : 26 11 1 0.1936 0.1936
BinVal : 26 12 1 0.1936 0.1936
BinVal : 27 0 0 0 0
BinVal : 27 1 0 0 0
BinVal : 27 2 0 0 0
BinVal : 27 3 0.09804 0.04312 0.04312
BinVal : 27 4 0.3265 0.04679 0.04679
BinVal : 27 5 0.5519 0.03969 0.03969
BinVal : 27 6 0.6124 0.04244 0.04244
BinVal : 27 7 0.6 0.0574 0.0574
BinVal : 27 8 0.75 0.05342 0.05342
BinVal : 27 9 0.8 0.1597 0.1597
BinVal : 27 10 1 0.2357 0.2357
BinVal : 27 11 1 0.2357 0.2357
BinVal : 27 12 1 0.2357 0.2357
BinVal : 28 0 0 0 0
BinVal : 28 1 0 0 0
BinVal : 28 2 0 0 0
BinVal : 28 3 0.07692 0.08498 0.08498
BinVal : 28 4 0.1905 0.0842 0.0842
BinVal : 28 5 0.2727 0.09091 0.09091
BinVal : 28 6 0.4286 0.1571 0.1571
BinVal : 28 7 0.4545 0.1332 0.1332
BinVal : 28 8 0.4545 0.1332 0.1332
BinVal : 28 9 0.4545 0.1332 0.1332
BinVal : 28 10 0.4545 0.1332 0.1332
BinVal : 28 11 0.4545 0.1332 0.1332
BinVal : 28 12 0.4545 0.1332 0.1332
