D0NoteID : 0
EffName : SINGLEELE_AND_EJETS_v12
EffType : Binned
EffVarNames : DetEta pT
EffVersion : 6
ObjQuality : Loose
ObjType : Electron
ObjVersion : 12
BinEdgesX : -3.2 -2.8 -2.5 -2.3 -2.1 -1.9 -1.7 -1.5 -1.3 -1.1 -0.9 -0.7 -0.5 -0.3 -0.1 0.1 0.3 0.5 0.7 0.9 1.1 1.3 1.5 1.7 1.9 2.1 2.3 2.5 2.8 3.2
BinEdgesY : 0 10 15 20 22 25 30 35 40 50 60 70 80 1000
BinVal : 0 0 0 0 0
BinVal : 0 1 0 0 0
BinVal : 0 2 0 0 0
BinVal : 0 3 0.1127 0.03822 0.03822
BinVal : 0 4 0.4296 0.04112 0.04112
BinVal : 0 5 0.5625 0.03183 0.03183
BinVal : 0 6 0.6919 0.03497 0.03497
BinVal : 0 7 0.7 0.04532 0.04532
BinVal : 0 8 0.7054 0.04266 0.04266
BinVal : 0 9 1 0.1237 0.1237
BinVal : 0 10 1 0.1237 0.1237
BinVal : 0 11 1 0.1237 0.1237
BinVal : 0 12 1 0.1237 0.1237
BinVal : 1 0 0 0 0
BinVal : 1 1 0 0 0
BinVal : 1 2 0.009709 0.01328 0.01328
BinVal : 1 3 0.1519 0.04054 0.04054
BinVal : 1 4 0.5468 0.04178 0.04178
BinVal : 1 5 0.6737 0.02765 0.02765
BinVal : 1 6 0.7311 0.02863 0.02863
BinVal : 1 7 0.8125 0.03247 0.03247
BinVal : 1 8 0.7789 0.03001 0.03001
BinVal : 1 9 0.8095 0.0842 0.0842
BinVal : 1 10 1 0.2357 0.2357
BinVal : 1 11 1 0.2357 0.2357
BinVal : 1 12 1 0.2357 0.2357
BinVal : 2 0 0 0 0
BinVal : 2 1 0 0 0
BinVal : 2 2 0.02062 0.01714 0.01714
BinVal : 2 3 0.2273 0.04434 0.04434
BinVal : 2 4 0.6071 0.04558 0.04558
BinVal : 2 5 0.7283 0.02723 0.02723
BinVal : 2 6 0.7378 0.02682 0.02682
BinVal : 2 7 0.7854 0.02767 0.02767
BinVal : 2 8 0.7891 0.02545 0.02545
BinVal : 2 9 0.7778 0.06808 0.06808
BinVal : 2 10 1 0.1237 0.1237
BinVal : 2 11 1 0.1237 0.1237
BinVal : 2 12 1 0.2357 0.2357
BinVal : 3 0 0 0 0
BinVal : 3 1 0 0 0
BinVal : 3 2 0.02 0.01665 0.01665
BinVal : 3 3 0.3333 0.04983 0.04983
BinVal : 3 4 0.6512 0.04155 0.04155
BinVal : 3 5 0.7246 0.02679 0.02679
BinVal : 3 6 0.7426 0.02372 0.02372
BinVal : 3 7 0.7866 0.02308 0.02308
BinVal : 3 8 0.7978 0.02112 0.02112
BinVal : 3 9 0.8261 0.05576 0.05576
BinVal : 3 10 0.8571 0.1315 0.1315
BinVal : 3 11 0.8571 0.1315 0.1315
BinVal : 3 12 0.5 0.2236 0.2236
BinVal : 4 0 0 0 0
BinVal : 4 1 0 0 0
BinVal : 4 2 0.025 0.02061 0.02061
BinVal : 4 3 0.3934 0.06115 0.06115
BinVal : 4 4 0.6691 0.03998 0.03998
BinVal : 4 5 0.6996 0.02714 0.02714
BinVal : 4 6 0.752 0.02225 0.02225
BinVal : 4 7 0.7673 0.02133 0.02133
BinVal : 4 8 0.7791 0.0184 0.0184
BinVal : 4 9 0.8525 0.04568 0.04568
BinVal : 4 10 0.75 0.1166 0.1166
BinVal : 4 11 0.75 0.1166 0.1166
BinVal : 4 12 0.75 0.1166 0.1166
BinVal : 5 0 0 0 0
BinVal : 5 1 0 0 0
BinVal : 5 2 0.1618 0.04473 0.04473
BinVal : 5 3 0.4474 0.0777 0.0777
BinVal : 5 4 0.7434 0.04077 0.04077
BinVal : 5 5 0.7713 0.02448 0.02448
BinVal : 5 6 0.8092 0.01981 0.01981
BinVal : 5 7 0.8018 0.0188 0.0188
BinVal : 5 8 0.8428 0.01389 0.01389
BinVal : 5 9 0.8659 0.03795 0.03795
BinVal : 5 10 0.8333 0.07585 0.07585
BinVal : 5 11 1 0.1936 0.1936
BinVal : 5 12 0.3333 0.2 0.2
BinVal : 6 0 0 0 0
BinVal : 6 1 0 0 0
BinVal : 6 2 0.2941 0.07573 0.07573
BinVal : 6 3 0.5714 0.1203 0.1203
BinVal : 6 4 0.8667 0.05139 0.05139
BinVal : 6 5 0.8421 0.02962 0.02962
BinVal : 6 6 0.8431 0.02549 0.02549
BinVal : 6 7 0.8468 0.02353 0.02353
BinVal : 6 8 0.9028 0.01506 0.01506
BinVal : 6 9 0.8723 0.04949 0.04949
BinVal : 6 10 0.8667 0.08985 0.08985
BinVal : 6 11 1 0.1936 0.1936
BinVal : 6 12 0.3333 0.2 0.2
BinVal : 7 0 0 0 0
BinVal : 7 1 0 0 0
BinVal : 7 2 0 0 0
BinVal : 7 3 0 0 0
BinVal : 7 4 0 0 0
BinVal : 7 5 0 0 0
BinVal : 7 6 0 0 0
BinVal : 7 7 0 0 0
BinVal : 7 8 0 0 0
BinVal : 7 9 0 0 0
BinVal : 7 10 0 0 0
BinVal : 7 11 0 0 0
BinVal : 7 12 0 0 0
BinVal : 8 0 0 0 0
BinVal : 8 1 0 0 0
BinVal : 8 2 0 0 0
BinVal : 8 3 0 0 0
BinVal : 8 4 0 0 0
BinVal : 8 5 0 0 0
BinVal : 8 6 0 0 0
BinVal : 8 7 0 0 0
BinVal : 8 8 0 0 0
BinVal : 8 9 0 0 0
BinVal : 8 10 0 0 0
BinVal : 8 11 0 0 0
BinVal : 8 12 0 0 0
BinVal : 9 0 0 0 0
BinVal : 9 1 0 0 0
BinVal : 9 2 0.1163 0.05012 0.05012
BinVal : 9 3 0.6129 0.0838 0.0838
BinVal : 9 4 0.82 0.05414 0.05414
BinVal : 9 5 0.9286 0.02127 0.02127
BinVal : 9 6 0.9414 0.01327 0.01327
BinVal : 9 7 0.972 0.00733 0.00733
BinVal : 9 8 0.9618 0.00622 0.00622
BinVal : 9 9 0.9796 0.0132 0.0132
BinVal : 9 10 1 0.03331 0.03331
BinVal : 9 11 1 0.09938 0.09938
BinVal : 9 12 1 0.08299 0.08299
BinVal : 10 0 0 0 0
BinVal : 10 1 0 0 0
BinVal : 10 2 0.1489 0.05227 0.05227
BinVal : 10 3 0.4848 0.0833 0.0833
BinVal : 10 4 0.8308 0.0465 0.0465
BinVal : 10 5 0.9387 0.01936 0.01936
BinVal : 10 6 0.9459 0.01229 0.01229
BinVal : 10 7 0.97 0.00712 0.00712
BinVal : 10 8 0.97 0.004904 0.004904
BinVal : 10 9 0.9896 0.008836 0.008836
BinVal : 10 10 1 0.0238 0.0238
BinVal : 10 11 1 0.08299 0.08299
BinVal : 10 12 1 0.06236 0.06236
BinVal : 11 0 0 0 0
BinVal : 11 1 0 0 0
BinVal : 11 2 0.1852 0.07396 0.07396
BinVal : 11 3 0.4516 0.08539 0.08539
BinVal : 11 4 0.8125 0.04859 0.04859
BinVal : 11 5 0.9467 0.01789 0.01789
BinVal : 11 6 0.961 0.01092 0.01092
BinVal : 11 7 0.9717 0.006936 0.006936
BinVal : 11 8 0.9792 0.004028 0.004028
BinVal : 11 9 0.9949 0.007124 0.007124
BinVal : 11 10 1 0.02438 0.02438
BinVal : 11 11 1 0.06236 0.06236
BinVal : 11 12 1 0.05546 0.05546
BinVal : 12 0 0 0 0
BinVal : 12 1 0 0 0
BinVal : 12 2 0.1786 0.07184 0.07184
BinVal : 12 3 0.6 0.09286 0.09286
BinVal : 12 4 0.8382 0.04473 0.04473
BinVal : 12 5 0.9444 0.01762 0.01762
BinVal : 12 6 0.9675 0.009992 0.009992
BinVal : 12 7 0.9713 0.007016 0.007016
BinVal : 12 8 0.9757 0.004296 0.004296
BinVal : 12 9 1 0.00565 0.00565
BinVal : 12 10 1 0.03029 0.03029
BinVal : 12 11 1 0.05546 0.05546
BinVal : 12 12 1 0.04756 0.04756
BinVal : 13 0 0 0 0
BinVal : 13 1 0 0 0
BinVal : 13 2 0.1154 0.06498 0.06498
BinVal : 13 3 0.7037 0.08447 0.08447
BinVal : 13 4 0.8732 0.03997 0.03997
BinVal : 13 5 0.9491 0.01541 0.01541
BinVal : 13 6 0.9563 0.01093 0.01093
BinVal : 13 7 0.9474 0.009623 0.009623
BinVal : 13 8 0.9649 0.005023 0.005023
BinVal : 13 9 0.9885 0.009729 0.009729
BinVal : 13 10 0.973 0.03488 0.03488
BinVal : 13 11 1 0.05255 0.05255
BinVal : 13 12 1 0.05546 0.05546
BinVal : 14 0 0 0 0
BinVal : 14 1 0 0 0
BinVal : 14 2 0.1481 0.06897 0.06897
BinVal : 14 3 0.6667 0.09156 0.09156
BinVal : 14 4 0.9275 0.03278 0.03278
BinVal : 14 5 0.9058 0.01976 0.01976
BinVal : 14 6 0.9136 0.01494 0.01494
BinVal : 14 7 0.9361 0.01103 0.01103
BinVal : 14 8 0.9496 0.00586 0.00586
BinVal : 14 9 0.9577 0.01529 0.01529
BinVal : 14 10 0.9512 0.03841 0.03841
BinVal : 14 11 0.8889 0.07792 0.07792
BinVal : 14 12 1 0.08299 0.08299
BinVal : 15 0 0 0 0
BinVal : 15 1 0 0 0
BinVal : 15 2 0.1562 0.06444 0.06444
BinVal : 15 3 0.6667 0.08268 0.08268
BinVal : 15 4 0.9138 0.03841 0.03841
BinVal : 15 5 0.8679 0.02334 0.02334
BinVal : 15 6 0.8802 0.01719 0.01719
BinVal : 15 7 0.9149 0.01234 0.01234
BinVal : 15 8 0.9345 0.006702 0.006702
BinVal : 15 9 0.9286 0.01949 0.01949
BinVal : 15 10 0.9 0.05757 0.05757
BinVal : 15 11 0.8421 0.08372 0.08372
BinVal : 15 12 0.9091 0.09643 0.09643
BinVal : 16 0 0 0 0
BinVal : 16 1 0 0 0
BinVal : 16 2 0.2162 0.06662 0.06662
BinVal : 16 3 0.6098 0.07371 0.07371
BinVal : 16 4 0.7119 0.05792 0.05792
BinVal : 16 5 0.875 0.0235 0.0235
BinVal : 16 6 0.8922 0.01617 0.01617
BinVal : 16 7 0.9043 0.01179 0.01179
BinVal : 16 8 0.9311 0.007027 0.007027
BinVal : 16 9 0.9209 0.02065 0.02065
BinVal : 16 10 0.8929 0.06105 0.06105
BinVal : 16 11 0.9474 0.06258 0.06258
BinVal : 16 12 0.9091 0.09643 0.09643
BinVal : 17 0 0 0 0
BinVal : 17 1 0 0 0
BinVal : 17 2 0.2174 0.06004 0.06004
BinVal : 17 3 0.5 0.08452 0.08452
BinVal : 17 4 0.75 0.05342 0.05342
BinVal : 17 5 0.8686 0.02566 0.02566
BinVal : 17 6 0.9235 0.01355 0.01355
BinVal : 17 7 0.9033 0.01152 0.01152
BinVal : 17 8 0.9226 0.007651 0.007651
BinVal : 17 9 0.92 0.01949 0.01949
BinVal : 17 10 0.9412 0.04544 0.04544
BinVal : 17 11 1 0.05871 0.05871
BinVal : 17 12 1 0.08299 0.08299
BinVal : 18 0 0 0 0
BinVal : 18 1 0 0 0
BinVal : 18 2 0.1389 0.05839 0.05839
BinVal : 18 3 0.5217 0.09798 0.09798
BinVal : 18 4 0.8868 0.04454 0.04454
BinVal : 18 5 0.8447 0.02859 0.02859
BinVal : 18 6 0.9239 0.01421 0.01421
BinVal : 18 7 0.8768 0.01392 0.01392
BinVal : 18 8 0.9031 0.009272 0.009272
BinVal : 18 9 0.9111 0.02151 0.02151
BinVal : 18 10 0.8966 0.05926 0.05926
BinVal : 18 11 1 0.1102 0.1102
BinVal : 18 12 1 0.09045 0.09045
BinVal : 19 0 0 0 0
BinVal : 19 1 0 0 0
BinVal : 19 2 0.1429 0.09466 0.09466
BinVal : 19 3 0.5556 0.1437 0.1437
BinVal : 19 4 0.8696 0.0719 0.0719
BinVal : 19 5 0.8375 0.0413 0.0413
BinVal : 19 6 0.8973 0.02544 0.02544
BinVal : 19 7 0.8653 0.02188 0.02188
BinVal : 19 8 0.8953 0.01482 0.01482
BinVal : 19 9 0.9014 0.03631 0.03631
BinVal : 19 10 0.7778 0.1286 0.1286
BinVal : 19 11 1 0.2357 0.2357
BinVal : 19 12 1 0.1936 0.1936
BinVal : 20 0 0 0 0
BinVal : 20 1 0 0 0
BinVal : 20 2 0 0 0
BinVal : 20 3 0 0 0
BinVal : 20 4 0 0 0
BinVal : 20 5 0 0 0
BinVal : 20 6 0 0 0
BinVal : 20 7 0 0 0
BinVal : 20 8 0 0 0
BinVal : 20 9 0 0 0
BinVal : 20 10 0 0 0
BinVal : 20 11 0 0 0
BinVal : 20 12 0 0 0
BinVal : 21 0 0 0 0
BinVal : 21 1 0 0 0
BinVal : 21 2 0 0 0
BinVal : 21 3 0 0 0
BinVal : 21 4 0 0 0
BinVal : 21 5 0 0 0
BinVal : 21 6 0 0 0
BinVal : 21 7 0 0 0
BinVal : 21 8 0 0 0
BinVal : 21 9 0 0 0
BinVal : 21 10 0 0 0
BinVal : 21 11 0 0 0
BinVal : 21 12 0 0 0
BinVal : 22 0 0 0 0
BinVal : 22 1 0 0 0
BinVal : 22 2 0.02381 0.03105 0.03105
BinVal : 22 3 0.1579 0.05934 0.05934
BinVal : 22 4 0.7266 0.0391 0.0391
BinVal : 22 5 0.8327 0.02227 0.02227
BinVal : 22 6 0.8472 0.01865 0.01865
BinVal : 22 7 0.8618 0.01514 0.01514
BinVal : 22 8 0.8953 0.01097 0.01097
BinVal : 22 9 0.8611 0.03346 0.03346
BinVal : 22 10 0.8235 0.09116 0.09116
BinVal : 22 11 1 0.1102 0.1102
BinVal : 22 12 1 0.1936 0.1936
BinVal : 23 0 0 0 0
BinVal : 23 1 0 0 0
BinVal : 23 2 0 0 0
BinVal : 23 3 0.1613 0.04679 0.04679
BinVal : 23 4 0.6522 0.04017 0.04017
BinVal : 23 5 0.8152 0.02335 0.02335
BinVal : 23 6 0.7898 0.0223 0.0223
BinVal : 23 7 0.8431 0.01761 0.01761
BinVal : 23 8 0.8397 0.01566 0.01566
BinVal : 23 9 0.7805 0.04538 0.04538
BinVal : 23 10 0.7778 0.09449 0.09449
BinVal : 23 11 1 0.1633 0.1633
BinVal : 23 12 1 0.1633 0.1633
BinVal : 24 0 0 0 0
BinVal : 24 1 0 0 0
BinVal : 24 2 0.009524 0.01303 0.01303
BinVal : 24 3 0.1562 0.04553 0.04553
BinVal : 24 4 0.64 0.04248 0.04248
BinVal : 24 5 0.8 0.02326 0.02326
BinVal : 24 6 0.7857 0.02283 0.02283
BinVal : 24 7 0.8589 0.01953 0.01953
BinVal : 24 8 0.8474 0.01744 0.01744
BinVal : 24 9 0.8409 0.05529 0.05529
BinVal : 24 10 0.9 0.1034 0.1034
BinVal : 24 11 0.9 0.1034 0.1034
BinVal : 24 12 0.9 0.1034 0.1034
BinVal : 25 0 0 0 0
BinVal : 25 1 0 0 0
BinVal : 25 2 0.01754 0.01467 0.01467
BinVal : 25 3 0.1081 0.03682 0.03682
BinVal : 25 4 0.6279 0.04212 0.04212
BinVal : 25 5 0.7966 0.0236 0.0236
BinVal : 25 6 0.8311 0.02156 0.02156
BinVal : 25 7 0.8571 0.02506 0.02506
BinVal : 25 8 0.8771 0.01925 0.01925
BinVal : 25 9 0.92 0.05939 0.05939
BinVal : 25 10 0.6667 0.2 0.2
BinVal : 25 11 0.6667 0.2 0.2
BinVal : 25 12 1 0.2357 0.2357
BinVal : 26 0 0 0 0
BinVal : 26 1 0 0 0
BinVal : 26 2 0.007463 0.01028 0.01028
BinVal : 26 3 0.09709 0.02975 0.02975
BinVal : 26 4 0.5912 0.04157 0.04157
BinVal : 26 5 0.7458 0.02528 0.02528
BinVal : 26 6 0.81 0.02636 0.02636
BinVal : 26 7 0.7857 0.0364 0.0364
BinVal : 26 8 0.8393 0.02456 0.02456
BinVal : 26 9 1 0.05871 0.05871
BinVal : 26 10 1 0.05871 0.05871
BinVal : 26 11 1 0.2357 0.2357
BinVal : 26 12 1 0.2357 0.2357
BinVal : 27 0 0 0 0
BinVal : 27 1 0 0 0
BinVal : 27 2 0 0 0
BinVal : 27 3 0.05495 0.02534 0.02534
BinVal : 27 4 0.4646 0.04375 0.04375
BinVal : 27 5 0.6492 0.03015 0.03015
BinVal : 27 6 0.6992 0.03943 0.03943
BinVal : 27 7 0.6538 0.04608 0.04608
BinVal : 27 8 0.7398 0.03927 0.03927
BinVal : 27 9 1 0.1936 0.1936
BinVal : 27 10 1 0.1936 0.1936
BinVal : 27 11 1 0.2357 0.2357
BinVal : 27 12 1 0.2357 0.2357
BinVal : 28 0 0 0 0
BinVal : 28 1 0 0 0
BinVal : 28 2 0 0 0
BinVal : 28 3 0 0 0
BinVal : 28 4 0.3333 0.06271 0.06271
BinVal : 28 5 0.5385 0.05142 0.05142
BinVal : 28 6 0.6 0.07485 0.07485
BinVal : 28 7 0.5238 0.07446 0.07446
BinVal : 28 8 0.5 0.1043 0.1043
BinVal : 28 9 0.5 0.1043 0.1043
BinVal : 28 10 0.5 0.1043 0.1043
BinVal : 28 11 0.5 0.1043 0.1043
BinVal : 28 12 0.5 0.1043 0.1043
