D0NoteID : 0
EffName : SINGLEELE_ALL_v12
EffType : Binned
EffVarNames : DetEta pT
EffVersion : 6
ObjQuality : MLoose1
ObjType : Electron
ObjVersion : 12
BinEdgesX : -3.2 -2.8 -2.5 -2.3 -2.1 -1.9 -1.7 -1.5 -1.3 -1.1 -0.9 -0.7 -0.5 -0.3 -0.1 0.1 0.3 0.5 0.7 0.9 1.1 1.3 1.5 1.7 1.9 2.1 2.3 2.5 2.8 3.2
BinEdgesY : 0 10 15 20 22 25 30 35 40 50 60 70 80 1000
BinVal : 0 0 0 0 0
BinVal : 0 1 0 0 0
BinVal : 0 2 0 0 0
BinVal : 0 3 0.1364 0.04264 0.04264
BinVal : 0 4 0.4574 0.04337 0.04337
BinVal : 0 5 0.614 0.03299 0.03299
BinVal : 0 6 0.7764 0.03271 0.03271
BinVal : 0 7 0.8913 0.03298 0.03298
BinVal : 0 8 0.9245 0.02647 0.02647
BinVal : 0 9 1 0.1237 0.1237
BinVal : 0 10 1 0.1237 0.1237
BinVal : 0 11 1 0.1237 0.1237
BinVal : 0 12 1 0.1237 0.1237
BinVal : 1 0 0 0 0
BinVal : 1 1 0 0 0
BinVal : 1 2 0.01053 0.01435 0.01435
BinVal : 1 3 0.1806 0.04522 0.04522
BinVal : 1 4 0.6077 0.04237 0.04237
BinVal : 1 5 0.7356 0.0272 0.0272
BinVal : 1 6 0.84 0.02446 0.02446
BinVal : 1 7 0.9708 0.01574 0.01574
BinVal : 1 8 0.9722 0.0132 0.0132
BinVal : 1 9 1 0.04163 0.04163
BinVal : 1 10 1 0.2357 0.2357
BinVal : 1 11 1 0.2357 0.2357
BinVal : 1 12 1 0.2357 0.2357
BinVal : 2 0 0 0 0
BinVal : 2 1 0 0 0
BinVal : 2 2 0.02353 0.01945 0.01945
BinVal : 2 3 0.2593 0.04816 0.04816
BinVal : 2 4 0.6887 0.04449 0.04449
BinVal : 2 5 0.7708 0.02636 0.02636
BinVal : 2 6 0.8789 0.02048 0.02048
BinVal : 2 7 0.9667 0.01306 0.01306
BinVal : 2 8 0.9959 0.005714 0.005714
BinVal : 2 9 1 0.02563 0.02563
BinVal : 2 10 1 0.1237 0.1237
BinVal : 2 11 1 0.1237 0.1237
BinVal : 2 12 1 0.2357 0.2357
BinVal : 3 0 0 0 0
BinVal : 3 1 0 0 0
BinVal : 3 2 0.02326 0.01924 0.01924
BinVal : 3 3 0.3659 0.05234 0.05234
BinVal : 3 4 0.7311 0.04032 0.04032
BinVal : 3 5 0.7739 0.02583 0.02583
BinVal : 3 6 0.8879 0.01769 0.01769
BinVal : 3 7 0.9726 0.01003 0.01003
BinVal : 3 8 1 0.00289 0.00289
BinVal : 3 9 1 0.0204 0.0204
BinVal : 3 10 1 0.1102 0.1102
BinVal : 3 11 1 0.1102 0.1102
BinVal : 3 12 1 0.1936 0.1936
BinVal : 4 0 0 0 0
BinVal : 4 1 0 0 0
BinVal : 4 2 0.02817 0.02308 0.02308
BinVal : 4 3 0.4464 0.06475 0.06475
BinVal : 4 4 0.7143 0.03991 0.03991
BinVal : 4 5 0.7638 0.02573 0.02573
BinVal : 4 6 0.9086 0.01527 0.01527
BinVal : 4 7 0.9812 0.007471 0.007471
BinVal : 4 8 0.9918 0.004526 0.004526
BinVal : 4 9 1 0.01562 0.01562
BinVal : 4 10 1 0.07122 0.07122
BinVal : 4 11 1 0.07122 0.07122
BinVal : 4 12 1 0.2357 0.2357
BinVal : 5 0 0 0 0
BinVal : 5 1 0 0 0
BinVal : 5 2 0.1935 0.0499 0.0499
BinVal : 5 3 0.6897 0.08264 0.08264
BinVal : 5 4 0.7714 0.04072 0.04072
BinVal : 5 5 0.8357 0.02192 0.02192
BinVal : 5 6 0.9553 0.01083 0.01083
BinVal : 5 7 0.9839 0.006406 0.006406
BinVal : 5 8 0.991 0.003931 0.003931
BinVal : 5 9 1 0.01205 0.01205
BinVal : 5 10 1 0.03701 0.03701
BinVal : 5 11 1 0.1936 0.1936
BinVal : 5 12 1 0.1633 0.1633
BinVal : 6 0 0 0 0
BinVal : 6 1 0 0 0
BinVal : 6 2 0.3667 0.08427 0.08427
BinVal : 6 3 1 0.07666 0.07666
BinVal : 6 4 0.9048 0.04731 0.04731
BinVal : 6 5 0.906 0.02426 0.02426
BinVal : 6 6 0.9745 0.01215 0.01215
BinVal : 6 7 0.9823 0.009678 0.009678
BinVal : 6 8 0.9947 0.004522 0.004522
BinVal : 6 9 1 0.02083 0.02083
BinVal : 6 10 1 0.05546 0.05546
BinVal : 6 11 1 0.1936 0.1936
BinVal : 6 12 1 0.1633 0.1633
BinVal : 7 0 0 0 0
BinVal : 7 1 0 0 0
BinVal : 7 2 0 0 0
BinVal : 7 3 0 0 0
BinVal : 7 4 0 0 0
BinVal : 7 5 0 0 0
BinVal : 7 6 0 0 0
BinVal : 7 7 0 0 0
BinVal : 7 8 0 0 0
BinVal : 7 9 0 0 0
BinVal : 7 10 0 0 0
BinVal : 7 11 0 0 0
BinVal : 7 12 0 0 0
BinVal : 8 0 0 0 0
BinVal : 8 1 0 0 0
BinVal : 8 2 0 0 0
BinVal : 8 3 0 0 0
BinVal : 8 4 0 0 0
BinVal : 8 5 0 0 0
BinVal : 8 6 0 0 0
BinVal : 8 7 0 0 0
BinVal : 8 8 0 0 0
BinVal : 8 9 0 0 0
BinVal : 8 10 0 0 0
BinVal : 8 11 0 0 0
BinVal : 8 12 0 0 0
BinVal : 9 0 0 0 0
BinVal : 9 1 0 0 0
BinVal : 9 2 0.4615 0.07694 0.07694
BinVal : 9 3 0.75 0.07942 0.07942
BinVal : 9 4 0.8936 0.04636 0.04636
BinVal : 9 5 0.9507 0.01902 0.01902
BinVal : 9 6 0.9902 0.006462 0.006462
BinVal : 9 7 0.998 0.002776 0.002776
BinVal : 9 8 0.9979 0.001843 0.001843
BinVal : 9 9 1 0.006849 0.006849
BinVal : 9 10 1 0.03331 0.03331
BinVal : 9 11 1 0.09938 0.09938
BinVal : 9 12 1 0.08299 0.08299
BinVal : 10 0 0 0 0
BinVal : 10 1 0 0 0
BinVal : 10 2 0.5814 0.07282 0.07282
BinVal : 10 3 0.7692 0.08041 0.08041
BinVal : 10 4 0.9032 0.03871 0.03871
BinVal : 10 5 0.9667 0.01574 0.01574
BinVal : 10 6 0.997 0.00424 0.00424
BinVal : 10 7 0.9948 0.003451 0.003451
BinVal : 10 8 0.9992 0.001181 0.001181
BinVal : 10 9 1 0.005236 0.005236
BinVal : 10 10 1 0.0238 0.0238
BinVal : 10 11 1 0.08299 0.08299
BinVal : 10 12 1 0.06236 0.06236
BinVal : 11 0 0 0 0
BinVal : 11 1 0 0 0
BinVal : 11 2 0.6538 0.08898 0.08898
BinVal : 11 3 0.7407 0.0816 0.0816
BinVal : 11 4 0.9 0.03987 0.03987
BinVal : 11 5 0.9684 0.01497 0.01497
BinVal : 11 6 0.9937 0.005412 0.005412
BinVal : 11 7 0.9913 0.004219 0.004219
BinVal : 11 8 0.9984 0.001371 0.001371
BinVal : 11 9 1 0.005155 0.005155
BinVal : 11 10 1 0.02438 0.02438
BinVal : 11 11 1 0.06236 0.06236
BinVal : 11 12 1 0.05546 0.05546
BinVal : 12 0 0 0 0
BinVal : 12 1 0 0 0
BinVal : 12 2 0.5556 0.0908 0.0908
BinVal : 12 3 0.8333 0.07585 0.07585
BinVal : 12 4 0.9 0.03987 0.03987
BinVal : 12 5 0.9701 0.01419 0.01419
BinVal : 12 6 0.9938 0.005264 0.005264
BinVal : 12 7 0.9965 0.003049 0.003049
BinVal : 12 8 0.9984 0.001344 0.001344
BinVal : 12 9 1 0.005714 0.005714
BinVal : 12 10 1 0.03029 0.03029
BinVal : 12 11 1 0.05546 0.05546
BinVal : 12 12 1 0.04993 0.04993
BinVal : 13 0 0 0 0
BinVal : 13 1 0 0 0
BinVal : 13 2 0.5385 0.09261 0.09261
BinVal : 13 3 0.8846 0.06498 0.06498
BinVal : 13 4 0.9048 0.03816 0.03816
BinVal : 13 5 0.9807 0.01054 0.01054
BinVal : 13 6 0.9942 0.004963 0.004963
BinVal : 13 7 0.9981 0.002676 0.002676
BinVal : 13 8 0.9985 0.001301 0.001301
BinVal : 13 9 1 0.005747 0.005747
BinVal : 13 10 1 0.02499 0.02499
BinVal : 13 11 1 0.05255 0.05255
BinVal : 13 12 1 0.05871 0.05871
BinVal : 14 0 0 0 0
BinVal : 14 1 0 0 0
BinVal : 14 2 0.44 0.09391 0.09391
BinVal : 14 3 0.75 0.08536 0.08536
BinVal : 14 4 0.9683 0.02583 0.02583
BinVal : 14 5 0.9581 0.0142 0.0142
BinVal : 14 6 0.9852 0.007151 0.007151
BinVal : 14 7 0.9979 0.002901 0.002901
BinVal : 14 8 0.9971 0.001626 0.001626
BinVal : 14 9 0.9946 0.007462 0.007462
BinVal : 14 10 1 0.02272 0.02272
BinVal : 14 11 1 0.04756 0.04756
BinVal : 14 12 1 0.08299 0.08299
BinVal : 15 0 0 0 0
BinVal : 15 1 0 0 0
BinVal : 15 2 0.3793 0.08611 0.08611
BinVal : 15 3 0.75 0.07942 0.07942
BinVal : 15 4 1 0.01724 0.01724
BinVal : 15 5 0.9356 0.01766 0.01766
BinVal : 15 6 0.9796 0.008091 0.008091
BinVal : 15 7 0.998 0.00277 0.00277
BinVal : 15 8 0.9963 0.001816 0.001816
BinVal : 15 9 0.9944 0.007749 0.007749
BinVal : 15 10 1 0.03029 0.03029
BinVal : 15 11 1 0.0454 0.0454
BinVal : 15 12 1 0.07122 0.07122
BinVal : 16 0 0 0 0
BinVal : 16 1 0 0 0
BinVal : 16 2 0.5294 0.08207 0.08207
BinVal : 16 3 0.7368 0.06973 0.06973
BinVal : 16 4 0.9123 0.03902 0.03902
BinVal : 16 5 0.9368 0.01808 0.01808
BinVal : 16 6 0.986 0.006738 0.006738
BinVal : 16 7 0.995 0.003276 0.003276
BinVal : 16 8 0.9929 0.002473 0.002473
BinVal : 16 9 1 0.005682 0.005682
BinVal : 16 10 1 0.03224 0.03224
BinVal : 16 11 1 0.04756 0.04756
BinVal : 16 12 1 0.07122 0.07122
BinVal : 17 0 0 0 0
BinVal : 17 1 0 0 0
BinVal : 17 2 0.641 0.07432 0.07432
BinVal : 17 3 0.7 0.08069 0.08069
BinVal : 17 4 0.8833 0.04224 0.04224
BinVal : 17 5 0.9438 0.01885 0.01885
BinVal : 17 6 0.9841 0.006907 0.006907
BinVal : 17 7 0.9921 0.003818 0.003818
BinVal : 17 8 0.9907 0.002898 0.002898
BinVal : 17 9 0.9949 0.007018 0.007018
BinVal : 17 10 1 0.02702 0.02702
BinVal : 17 11 1 0.06236 0.06236
BinVal : 17 12 1 0.08299 0.08299
BinVal : 18 0 0 0 0
BinVal : 18 1 0 0 0
BinVal : 18 2 0.5714 0.089 0.089
BinVal : 18 3 0.7273 0.09091 0.09091
BinVal : 18 4 0.92 0.04049 0.04049
BinVal : 18 5 0.9384 0.02056 0.02056
BinVal : 18 6 0.982 0.007803 0.007803
BinVal : 18 7 0.9812 0.00613 0.00613
BinVal : 18 8 0.9827 0.004261 0.004261
BinVal : 18 9 0.9944 0.007835 0.007835
BinVal : 18 10 1 0.03123 0.03123
BinVal : 18 11 1 0.1102 0.1102
BinVal : 18 12 1 0.09938 0.09938
BinVal : 19 0 0 0 0
BinVal : 19 1 0 0 0
BinVal : 19 2 0.4545 0.1332 0.1332
BinVal : 19 3 0.6667 0.1389 0.1389
BinVal : 19 4 0.9091 0.06614 0.06614
BinVal : 19 5 0.9189 0.03295 0.03295
BinVal : 19 6 0.9926 0.01021 0.01021
BinVal : 19 7 0.9696 0.01195 0.01195
BinVal : 19 8 0.9683 0.008915 0.008915
BinVal : 19 9 1 0.01389 0.01389
BinVal : 19 10 1 0.08299 0.08299
BinVal : 19 11 1 0.2357 0.2357
BinVal : 19 12 1 0.2357 0.2357
BinVal : 20 0 0 0 0
BinVal : 20 1 0 0 0
BinVal : 20 2 0 0 0
BinVal : 20 3 0 0 0
BinVal : 20 4 0 0 0
BinVal : 20 5 0 0 0
BinVal : 20 6 0 0 0
BinVal : 20 7 0 0 0
BinVal : 20 8 0 0 0
BinVal : 20 9 0 0 0
BinVal : 20 10 0 0 0
BinVal : 20 11 0 0 0
BinVal : 20 12 0 0 0
BinVal : 21 0 0 0 0
BinVal : 21 1 0 0 0
BinVal : 21 2 0 0 0
BinVal : 21 3 0 0 0
BinVal : 21 4 0 0 0
BinVal : 21 5 0 0 0
BinVal : 21 6 0 0 0
BinVal : 21 7 0 0 0
BinVal : 21 8 0 0 0
BinVal : 21 9 0 0 0
BinVal : 21 10 0 0 0
BinVal : 21 11 0 0 0
BinVal : 21 12 0 0 0
BinVal : 22 0 0 0 0
BinVal : 22 1 0 0 0
BinVal : 22 2 0.1026 0.05049 0.05049
BinVal : 22 3 0.1622 0.06068 0.06068
BinVal : 22 4 0.7833 0.03743 0.03743
BinVal : 22 5 0.8934 0.01883 0.01883
BinVal : 22 6 0.9586 0.01073 0.01073
BinVal : 22 7 0.9941 0.003902 0.003902
BinVal : 22 8 0.9974 0.002241 0.002241
BinVal : 22 9 0.9907 0.0128 0.0128
BinVal : 22 10 1 0.05255 0.05255
BinVal : 22 11 1 0.1102 0.1102
BinVal : 22 12 1 0.1936 0.1936
BinVal : 23 0 0 0 0
BinVal : 23 1 0 0 0
BinVal : 23 2 0.01493 0.02005 0.02005
BinVal : 23 3 0.1667 0.04813 0.04813
BinVal : 23 4 0.7109 0.03974 0.03974
BinVal : 23 5 0.8654 0.02123 0.02123
BinVal : 23 6 0.904 0.0165 0.0165
BinVal : 23 7 0.9904 0.005324 0.005324
BinVal : 23 8 0.9963 0.003202 0.003202
BinVal : 23 9 1 0.01176 0.01176
BinVal : 23 10 1 0.04756 0.04756
BinVal : 23 11 1 0.1633 0.1633
BinVal : 23 12 1 0.1633 0.1633
BinVal : 24 0 0 0 0
BinVal : 24 1 0 0 0
BinVal : 24 2 0.01099 0.01496 0.01496
BinVal : 24 3 0.2034 0.05201 0.05201
BinVal : 24 4 0.7459 0.03914 0.03914
BinVal : 24 5 0.8587 0.02101 0.02101
BinVal : 24 6 0.885 0.01811 0.01811
BinVal : 24 7 0.9806 0.008397 0.008397
BinVal : 24 8 0.9952 0.004124 0.004124
BinVal : 24 9 1 0.02127 0.02127
BinVal : 24 10 1 0.07666 0.07666
BinVal : 24 11 1 0.07666 0.07666
BinVal : 24 12 1 0.07666 0.07666
BinVal : 25 0 0 0 0
BinVal : 25 1 0 0 0
BinVal : 25 2 0.01852 0.01546 0.01546
BinVal : 25 3 0.1594 0.04417 0.04417
BinVal : 25 4 0.7244 0.03934 0.03934
BinVal : 25 5 0.8525 0.0213 0.0213
BinVal : 25 6 0.9186 0.01608 0.01608
BinVal : 25 7 0.9789 0.01146 0.01146
BinVal : 25 8 0.9859 0.007763 0.007763
BinVal : 25 9 1 0.03569 0.03569
BinVal : 25 10 1 0.1633 0.1633
BinVal : 25 11 1 0.1633 0.1633
BinVal : 25 12 1 0.2357 0.2357
BinVal : 26 0 0 0 0
BinVal : 26 1 0 0 0
BinVal : 26 2 0.00813 0.01118 0.01118
BinVal : 26 3 0.1196 0.03424 0.03424
BinVal : 26 4 0.6538 0.04132 0.04132
BinVal : 26 5 0.7821 0.02462 0.02462
BinVal : 26 6 0.8889 0.022 0.022
BinVal : 26 7 0.9587 0.01934 0.01934
BinVal : 26 8 0.9563 0.0148 0.0148
BinVal : 26 9 1 0.05871 0.05871
BinVal : 26 10 1 0.2357 0.2357
BinVal : 26 11 1 0.2357 0.2357
BinVal : 26 12 1 0.2357 0.2357
BinVal : 27 0 0 0 0
BinVal : 27 1 0 0 0
BinVal : 27 2 0 0 0
BinVal : 27 3 0.06329 0.02892 0.02892
BinVal : 27 4 0.521 0.04523 0.04523
BinVal : 27 5 0.6609 0.03105 0.03105
BinVal : 27 6 0.7917 0.03692 0.03692
BinVal : 27 7 0.8586 0.03521 0.03521
BinVal : 27 8 0.9286 0.02515 0.02515
BinVal : 27 9 1 0.1936 0.1936
BinVal : 27 10 1 0.1936 0.1936
BinVal : 27 11 1 0.2357 0.2357
BinVal : 27 12 1 0.2357 0.2357
BinVal : 28 0 0 0 0
BinVal : 28 1 0 0 0
BinVal : 28 2 0 0 0
BinVal : 28 3 0 0 0
BinVal : 28 4 0.3846 0.06573 0.06573
BinVal : 28 5 0.5349 0.05288 0.05288
BinVal : 28 6 0.6579 0.07449 0.07449
BinVal : 28 7 0.75 0.06705 0.06705
BinVal : 28 8 0.85 0.08042 0.08042
BinVal : 28 9 0.85 0.08042 0.08042
BinVal : 28 10 0.85 0.08042 0.08042
BinVal : 28 11 0.85 0.08042 0.08042
BinVal : 28 12 0.85 0.08042 0.08042
