D0NoteID : 0
EffName : SINGLEELE_AND_EJETS_v811
EffType : Binned
EffVarNames : DetEta pT
EffVersion : 6
ObjQuality : MLoose1
ObjType : Electron
ObjVersion : 12
BinEdgesX : -3.2 -2.8 -2.5 -2.3 -2.1 -1.9 -1.7 -1.5 -1.3 -1.1 -0.9 -0.7 -0.5 -0.3 -0.1 0.1 0.3 0.5 0.7 0.9 1.1 1.3 1.5 1.7 1.9 2.1 2.3 2.5 2.8 3.2
BinEdgesY : 0 10 15 20 22 25 30 35 40 50 60 70 80 1000
BinVal : 0 0 0 0 0
BinVal : 0 1 0 0 0
BinVal : 0 2 0 0 0
BinVal : 0 3 0.4444 0.1437 0.1437
BinVal : 0 4 0.4348 0.09735 0.09735
BinVal : 0 5 0.5778 0.07136 0.07136
BinVal : 0 6 0.5526 0.0777 0.0777
BinVal : 0 7 0.7 0.09712 0.09712
BinVal : 0 8 0.8261 0.07845 0.07845
BinVal : 0 9 0.8261 0.07845 0.07845
BinVal : 0 10 0.8261 0.07845 0.07845
BinVal : 0 11 0.8261 0.07845 0.07845
BinVal : 0 12 0.8261 0.07845 0.07845
BinVal : 1 0 0 0 0
BinVal : 1 1 0 0 0
BinVal : 1 2 0 0 0
BinVal : 1 3 0.4 0.1367 0.1367
BinVal : 1 4 0.5862 0.08723 0.08723
BinVal : 1 5 0.7059 0.06247 0.06247
BinVal : 1 6 0.7451 0.06 0.06
BinVal : 1 7 0.7742 0.0735 0.0735
BinVal : 1 8 0.881 0.05116 0.05116
BinVal : 1 9 1 0.1936 0.1936
BinVal : 1 10 1 0.1936 0.1936
BinVal : 1 11 1 0.1936 0.1936
BinVal : 1 12 1 0.1936 0.1936
BinVal : 2 0 0 0 0
BinVal : 2 1 0 0 0
BinVal : 2 2 0 0 0
BinVal : 2 3 0.2 0.1597 0.1597
BinVal : 2 4 0.45 0.1038 0.1038
BinVal : 2 5 0.75 0.05909 0.05909
BinVal : 2 6 0.8627 0.04872 0.04872
BinVal : 2 7 0.94 0.0366 0.0366
BinVal : 2 8 0.9322 0.03484 0.03484
BinVal : 2 9 1 0.1237 0.1237
BinVal : 2 10 1 0.2357 0.2357
BinVal : 2 11 1 0.2357 0.2357
BinVal : 2 12 1 0.2357 0.2357
BinVal : 3 0 0 0 0
BinVal : 3 1 0 0 0
BinVal : 3 2 0 0 0
BinVal : 3 3 0.1667 0.1443 0.1443
BinVal : 3 4 0.5 0.1043 0.1043
BinVal : 3 5 0.8214 0.05104 0.05104
BinVal : 3 6 0.85 0.04009 0.04009
BinVal : 3 7 0.9429 0.02975 0.02975
BinVal : 3 8 0.9333 0.02749 0.02749
BinVal : 3 9 1 0.0665 0.0665
BinVal : 3 10 1 0.2357 0.2357
BinVal : 3 11 1 0.2357 0.2357
BinVal : 3 12 1 0.2357 0.2357
BinVal : 4 0 0 0 0
BinVal : 4 1 0 0 0
BinVal : 4 2 0.1333 0.08985 0.08985
BinVal : 4 3 0.25 0.1382 0.1382
BinVal : 4 4 0.6667 0.08268 0.08268
BinVal : 4 5 0.902 0.04312 0.04312
BinVal : 4 6 0.8333 0.0393 0.0393
BinVal : 4 7 0.9324 0.03073 0.03073
BinVal : 4 8 0.9338 0.02199 0.02199
BinVal : 4 9 0.9412 0.06862 0.06862
BinVal : 4 10 1 0.2357 0.2357
BinVal : 4 11 1 0.2357 0.2357
BinVal : 4 12 1 0.2357 0.2357
BinVal : 5 0 0 0 0
BinVal : 5 1 0 0 0
BinVal : 5 2 0.2 0.1201 0.1201
BinVal : 5 3 0.3333 0.1614 0.1614
BinVal : 5 4 0.6897 0.08264 0.08264
BinVal : 5 5 0.9423 0.03531 0.03531
BinVal : 5 6 0.875 0.03563 0.03563
BinVal : 5 7 0.9515 0.02255 0.02255
BinVal : 5 8 0.9406 0.01706 0.01706
BinVal : 5 9 0.9583 0.05128 0.05128
BinVal : 5 10 1 0.1633 0.1633
BinVal : 5 11 1 0.1936 0.1936
BinVal : 5 12 1 0.1936 0.1936
BinVal : 6 0 0 0 0
BinVal : 6 1 0 0 0
BinVal : 6 2 0 0 0
BinVal : 6 3 0.3333 0.2 0.2
BinVal : 6 4 0.7273 0.1234 0.1234
BinVal : 6 5 0.963 0.04626 0.04626
BinVal : 6 6 0.9362 0.03872 0.03872
BinVal : 6 7 0.9394 0.03142 0.03142
BinVal : 6 8 0.9417 0.02232 0.02232
BinVal : 6 9 1 0.05255 0.05255
BinVal : 6 10 1 0.1936 0.1936
BinVal : 6 11 1 0.1936 0.1936
BinVal : 6 12 1 0.1936 0.1936
BinVal : 7 0 0 0 0
BinVal : 7 1 0 0 0
BinVal : 7 2 0 0 0
BinVal : 7 3 0 0 0
BinVal : 7 4 0 0 0
BinVal : 7 5 0 0 0
BinVal : 7 6 0 0 0
BinVal : 7 7 0 0 0
BinVal : 7 8 0 0 0
BinVal : 7 9 0 0 0
BinVal : 7 10 0 0 0
BinVal : 7 11 0 0 0
BinVal : 7 12 0 0 0
BinVal : 8 0 0 0 0
BinVal : 8 1 0 0 0
BinVal : 8 2 0 0 0
BinVal : 8 3 0 0 0
BinVal : 8 4 0 0 0
BinVal : 8 5 0 0 0
BinVal : 8 6 0 0 0
BinVal : 8 7 0 0 0
BinVal : 8 8 0 0 0
BinVal : 8 9 0 0 0
BinVal : 8 10 0 0 0
BinVal : 8 11 0 0 0
BinVal : 8 12 0 0 0
BinVal : 9 0 0 0 0
BinVal : 9 1 0 0 0
BinVal : 9 2 0 0 0
BinVal : 9 3 0 0 0
BinVal : 9 4 0.3 0.1307 0.1307
BinVal : 9 5 0.7273 0.09091 0.09091
BinVal : 9 6 0.8977 0.03294 0.03294
BinVal : 9 7 0.9562 0.01848 0.01848
BinVal : 9 8 0.9627 0.01272 0.01272
BinVal : 9 9 0.9231 0.05743 0.05743
BinVal : 9 10 1 0.09938 0.09938
BinVal : 9 11 1 0.1936 0.1936
BinVal : 9 12 1 0.2357 0.2357
BinVal : 10 0 0 0 0
BinVal : 10 1 0 0 0
BinVal : 10 2 0 0 0
BinVal : 10 3 0 0 0
BinVal : 10 4 0.4167 0.1278 0.1278
BinVal : 10 5 0.8611 0.05839 0.05839
BinVal : 10 6 0.902 0.03001 0.03001
BinVal : 10 7 0.9598 0.01566 0.01566
BinVal : 10 8 0.9743 0.009431 0.009431
BinVal : 10 9 0.9375 0.03799 0.03799
BinVal : 10 10 1 0.09045 0.09045
BinVal : 10 11 1 0.1936 0.1936
BinVal : 10 12 1 0.2357 0.2357
BinVal : 11 0 0 0 0
BinVal : 11 1 0 0 0
BinVal : 11 2 0 0 0
BinVal : 11 3 0 0 0
BinVal : 11 4 0.3125 0.1081 0.1081
BinVal : 11 5 0.913 0.04364 0.04364
BinVal : 11 6 0.9101 0.03112 0.03112
BinVal : 11 7 0.9416 0.01955 0.01955
BinVal : 11 8 0.9674 0.01002 0.01002
BinVal : 11 9 0.9661 0.02746 0.02746
BinVal : 11 10 1 0.1102 0.1102
BinVal : 11 11 1 0.1409 0.1409
BinVal : 11 12 1 0.2357 0.2357
BinVal : 12 0 0 0 0
BinVal : 12 1 0 0 0
BinVal : 12 2 0 0 0
BinVal : 12 3 0 0 0
BinVal : 12 4 0.4118 0.1104 0.1104
BinVal : 12 5 0.8929 0.04241 0.04241
BinVal : 12 6 0.9398 0.02762 0.02762
BinVal : 12 7 0.9609 0.01833 0.01833
BinVal : 12 8 0.9598 0.01081 0.01081
BinVal : 12 9 1 0.02083 0.02083
BinVal : 12 10 1 0.09938 0.09938
BinVal : 12 11 1 0.1102 0.1102
BinVal : 12 12 1 0.1633 0.1633
BinVal : 13 0 0 0 0
BinVal : 13 1 0 0 0
BinVal : 13 2 0 0 0
BinVal : 13 3 0 0 0
BinVal : 13 4 0.8571 0.09466 0.09466
BinVal : 13 5 0.9 0.03678 0.03678
BinVal : 13 6 0.957 0.02279 0.02279
BinVal : 13 7 0.9421 0.02215 0.02215
BinVal : 13 8 0.9645 0.009959 0.009959
BinVal : 13 9 0.9556 0.03528 0.03528
BinVal : 13 10 1 0.1102 0.1102
BinVal : 13 11 1 0.1102 0.1102
BinVal : 13 12 1 0.1409 0.1409
BinVal : 14 0 0 0 0
BinVal : 14 1 0 0 0
BinVal : 14 2 0 0 0
BinVal : 14 3 0.25 0.1782 0.1782
BinVal : 14 4 0.7333 0.1074 0.1074
BinVal : 14 5 0.9242 0.03415 0.03415
BinVal : 14 6 0.9406 0.02468 0.02468
BinVal : 14 7 0.9318 0.02262 0.02262
BinVal : 14 8 0.9448 0.0122 0.0122
BinVal : 14 9 0.9434 0.0347 0.0347
BinVal : 14 10 1 0.08299 0.08299
BinVal : 14 11 1 0.1409 0.1409
BinVal : 14 12 1 0.1409 0.1409
BinVal : 15 0 0 0 0
BinVal : 15 1 0 0 0
BinVal : 15 2 0 0 0
BinVal : 15 3 0.2 0.1597 0.1597
BinVal : 15 4 0.4706 0.1116 0.1116
BinVal : 15 5 0.9608 0.03145 0.03145
BinVal : 15 6 0.8942 0.03063 0.03063
BinVal : 15 7 0.9864 0.01147 0.01147
BinVal : 15 8 0.9202 0.01459 0.01459
BinVal : 15 9 0.9524 0.03757 0.03757
BinVal : 15 10 1 0.08299 0.08299
BinVal : 15 11 1 0.1936 0.1936
BinVal : 15 12 1 0.1409 0.1409
BinVal : 16 0 0 0 0
BinVal : 16 1 0 0 0
BinVal : 16 2 0 0 0
BinVal : 16 3 0 0 0
BinVal : 16 4 0.25 0.08536 0.08536
BinVal : 16 5 0.9302 0.04196 0.04196
BinVal : 16 6 0.8962 0.0301 0.0301
BinVal : 16 7 0.9701 0.01419 0.01419
BinVal : 16 8 0.9201 0.01489 0.01489
BinVal : 16 9 0.9268 0.04379 0.04379
BinVal : 16 10 1 0.09938 0.09938
BinVal : 16 11 1 0.1409 0.1409
BinVal : 16 12 1 0.1633 0.1633
BinVal : 17 0 0 0 0
BinVal : 17 1 0 0 0
BinVal : 17 2 0 0 0
BinVal : 17 3 0 0 0
BinVal : 17 4 0.1905 0.0842 0.0842
BinVal : 17 5 0.8667 0.05139 0.05139
BinVal : 17 6 0.934 0.02508 0.02508
BinVal : 17 7 0.9321 0.02027 0.02027
BinVal : 17 8 0.9324 0.01379 0.01379
BinVal : 17 9 0.9286 0.04285 0.04285
BinVal : 17 10 1 0.0665 0.0665
BinVal : 17 11 1 0.09938 0.09938
BinVal : 17 12 1 0.1633 0.1633
BinVal : 18 0 0 0 0
BinVal : 18 1 0 0 0
BinVal : 18 2 0 0 0
BinVal : 18 3 0 0 0
BinVal : 18 4 0.1765 0.09116 0.09116
BinVal : 18 5 0.8293 0.05867 0.05867
BinVal : 18 6 0.9222 0.02922 0.02922
BinVal : 18 7 0.9091 0.02444 0.02444
BinVal : 18 8 0.9365 0.01433 0.01433
BinVal : 18 9 0.973 0.03488 0.03488
BinVal : 18 10 1 0.08299 0.08299
BinVal : 18 11 1 0.1409 0.1409
BinVal : 18 12 1 0.1936 0.1936
BinVal : 19 0 0 0 0
BinVal : 19 1 0 0 0
BinVal : 19 2 0 0 0
BinVal : 19 3 0 0 0
BinVal : 19 4 0.1 0.1034 0.1034
BinVal : 19 5 0.8333 0.08729 0.08729
BinVal : 19 6 0.8919 0.05286 0.05286
BinVal : 19 7 0.9014 0.03631 0.03631
BinVal : 19 8 0.9328 0.02376 0.02376
BinVal : 19 9 1 0.04343 0.04343
BinVal : 19 10 1 0.1936 0.1936
BinVal : 19 11 1 0.1936 0.1936
BinVal : 19 12 1 0.1936 0.1936
BinVal : 20 0 0 0 0
BinVal : 20 1 0 0 0
BinVal : 20 2 0 0 0
BinVal : 20 3 0 0 0
BinVal : 20 4 0 0 0
BinVal : 20 5 0 0 0
BinVal : 20 6 0 0 0
BinVal : 20 7 0 0 0
BinVal : 20 8 0 0 0
BinVal : 20 9 0 0 0
BinVal : 20 10 0 0 0
BinVal : 20 11 0 0 0
BinVal : 20 12 0 0 0
BinVal : 21 0 0 0 0
BinVal : 21 1 0 0 0
BinVal : 21 2 0 0 0
BinVal : 21 3 0 0 0
BinVal : 21 4 0 0 0
BinVal : 21 5 0 0 0
BinVal : 21 6 0 0 0
BinVal : 21 7 0 0 0
BinVal : 21 8 0 0 0
BinVal : 21 9 0 0 0
BinVal : 21 10 0 0 0
BinVal : 21 11 0 0 0
BinVal : 21 12 0 0 0
BinVal : 22 0 0 0 0
BinVal : 22 1 0 0 0
BinVal : 22 2 0 0 0
BinVal : 22 3 0.1 0.1034 0.1034
BinVal : 22 4 0.2727 0.07529 0.07529
BinVal : 22 5 0.7969 0.04994 0.04994
BinVal : 22 6 0.934 0.02508 0.02508
BinVal : 22 7 0.9322 0.02394 0.02394
BinVal : 22 8 0.9038 0.01925 0.01925
BinVal : 22 9 0.88 0.06714 0.06714
BinVal : 22 10 1 0.1633 0.1633
BinVal : 22 11 1 0.1409 0.1409
BinVal : 22 12 1 0.1409 0.1409
BinVal : 23 0 0 0 0
BinVal : 23 1 0 0 0
BinVal : 23 2 0 0 0
BinVal : 23 3 0 0 0
BinVal : 23 4 0.2857 0.09392 0.09392
BinVal : 23 5 0.6719 0.05759 0.05759
BinVal : 23 6 0.9143 0.02801 0.02801
BinVal : 23 7 0.9314 0.026 0.026
BinVal : 23 8 0.9226 0.02102 0.02102
BinVal : 23 9 0.9091 0.06614 0.06614
BinVal : 23 10 1 0.1633 0.1633
BinVal : 23 11 1 0.1936 0.1936
BinVal : 23 12 1 0.1936 0.1936
BinVal : 24 0 0 0 0
BinVal : 24 1 0 0 0
BinVal : 24 2 0 0 0
BinVal : 24 3 0.1538 0.1 0.1
BinVal : 24 4 0.24 0.08282 0.08282
BinVal : 24 5 0.6389 0.05559 0.05559
BinVal : 24 6 0.9362 0.0264 0.0264
BinVal : 24 7 0.9351 0.02962 0.02962
BinVal : 24 8 0.925 0.02473 0.02473
BinVal : 24 9 0.9231 0.08498 0.08498
BinVal : 24 10 1 0.1633 0.1633
BinVal : 24 11 1 0.1633 0.1633
BinVal : 24 12 1 0.1633 0.1633
BinVal : 25 0 0 0 0
BinVal : 25 1 0 0 0
BinVal : 25 2 0 0 0
BinVal : 25 3 0.25 0.1382 0.1382
BinVal : 25 4 0.3462 0.08898 0.08898
BinVal : 25 5 0.7538 0.05277 0.05277
BinVal : 25 6 0.9242 0.03415 0.03415
BinVal : 25 7 0.9348 0.03948 0.03948
BinVal : 25 8 0.9315 0.03112 0.03112
BinVal : 25 9 1 0.1102 0.1102
BinVal : 25 10 1 0.1936 0.1936
BinVal : 25 11 1 0.1936 0.1936
BinVal : 25 12 1 0.1936 0.1936
BinVal : 26 0 0 0 0
BinVal : 26 1 0 0 0
BinVal : 26 2 0 0 0
BinVal : 26 3 0 0 0
BinVal : 26 4 0.3043 0.09148 0.09148
BinVal : 26 5 0.7222 0.05984 0.05984
BinVal : 26 6 0.8036 0.05274 0.05274
BinVal : 26 7 0.8333 0.06207 0.06207
BinVal : 26 8 0.878 0.05224 0.05224
BinVal : 26 9 1 0.1237 0.1237
BinVal : 26 10 1 0.2357 0.2357
BinVal : 26 11 1 0.2357 0.2357
BinVal : 26 12 1 0.2357 0.2357
BinVal : 27 0 0 0 0
BinVal : 27 1 0 0 0
BinVal : 27 2 0 0 0
BinVal : 27 3 0.1 0.1034 0.1034
BinVal : 27 4 0.16 0.07341 0.07341
BinVal : 27 5 0.3846 0.07527 0.07527
BinVal : 27 6 0.6053 0.07651 0.07651
BinVal : 27 7 0.6087 0.09608 0.09608
BinVal : 27 8 0.6429 0.08655 0.08655
BinVal : 27 9 1 0.1936 0.1936
BinVal : 27 10 1 0.1936 0.1936
BinVal : 27 11 1 0.1936 0.1936
BinVal : 27 12 1 0.1936 0.1936
BinVal : 28 0 0 0 0
BinVal : 28 1 0 0 0
BinVal : 28 2 0 0 0
BinVal : 28 3 0.1429 0.1315 0.1315
BinVal : 28 4 0.1429 0.1315 0.1315
BinVal : 28 5 0.1579 0.08372 0.08372
BinVal : 28 6 0.2727 0.1234 0.1234
BinVal : 28 7 0.3333 0.1614 0.1614
BinVal : 28 8 0.4444 0.1437 0.1437
BinVal : 28 9 0.4444 0.1437 0.1437
BinVal : 28 10 0.4444 0.1437 0.1437
BinVal : 28 11 0.4444 0.1437 0.1437
BinVal : 28 12 0.4444 0.1437 0.1437
