D0NoteID : 0
EffName : SINGLEELE_AND_EJETS_v811
EffType : Binned
EffVarNames : DetEta pT
EffVersion : 6
ObjQuality : Point05
ObjType : Electron
ObjVersion : 3
TriggerVersion : v811
BinEdgesX : -3.2 -2.8 -2.5 -2.3 -2.1 -1.9 -1.7 -1.5 -1.3 -1.1 -0.9 -0.7 -0.5 -0.3 -0.1 0.1 0.3 0.5 0.7 0.9 1.1 1.3 1.5 1.7 1.9 2.1 2.3 2.5 2.8 3.2
BinEdgesY : 0 10 15 20 22 25 30 35 40 50 60 70 80 1000
BinVal : 0 0 0 0 0
BinVal : 0 1 0 0 0
BinVal : 0 2 0 0 0
BinVal : 0 3 0.5 0.2236 0.2236
BinVal : 0 4 0.5 0.1213 0.1213
BinVal : 0 5 0.6087 0.09608 0.09608
BinVal : 0 6 0.6087 0.09608 0.09608
BinVal : 0 7 0.75 0.1382 0.1382
BinVal : 0 8 0.9286 0.08021 0.08021
BinVal : 0 9 0.9286 0.08021 0.08021
BinVal : 0 10 0.9286 0.08021 0.08021
BinVal : 0 11 0.9286 0.08021 0.08021
BinVal : 0 12 0.9286 0.08021 0.08021
BinVal : 1 0 0 0 0
BinVal : 1 1 0 0 0
BinVal : 1 2 0 0 0
BinVal : 1 3 0.3333 0.1614 0.1614
BinVal : 1 4 0.5455 0.09965 0.09965
BinVal : 1 5 0.6757 0.07454 0.07454
BinVal : 1 6 0.7632 0.06763 0.06763
BinVal : 1 7 0.8182 0.08122 0.08122
BinVal : 1 8 0.9143 0.05037 0.05037
BinVal : 1 9 1 0.1936 0.1936
BinVal : 1 10 1 0.1936 0.1936
BinVal : 1 11 1 0.1936 0.1936
BinVal : 1 12 1 0.1936 0.1936
BinVal : 2 0 0 0 0
BinVal : 2 1 0 0 0
BinVal : 2 2 0 0 0
BinVal : 2 3 0.25 0.1782 0.1782
BinVal : 2 4 0.4118 0.1104 0.1104
BinVal : 2 5 0.75 0.06405 0.06405
BinVal : 2 6 0.881 0.05116 0.05116
BinVal : 2 7 0.9545 0.03602 0.03602
BinVal : 2 8 0.9434 0.0347 0.0347
BinVal : 2 9 1 0.1237 0.1237
BinVal : 2 10 1 0.2357 0.2357
BinVal : 2 11 1 0.2357 0.2357
BinVal : 2 12 1 0.2357 0.2357
BinVal : 3 0 0 0 0
BinVal : 3 1 0 0 0
BinVal : 3 2 0 0 0
BinVal : 3 3 0 0 0
BinVal : 3 4 0.5 0.1147 0.1147
BinVal : 3 5 0.8125 0.05601 0.05601
BinVal : 3 6 0.8429 0.04362 0.04362
BinVal : 3 7 0.9344 0.03379 0.03379
BinVal : 3 8 0.9398 0.02762 0.02762
BinVal : 3 9 1 0.0665 0.0665
BinVal : 3 10 1 0.2357 0.2357
BinVal : 3 11 1 0.2357 0.2357
BinVal : 3 12 1 0.2357 0.2357
BinVal : 4 0 0 0 0
BinVal : 4 1 0 0 0
BinVal : 4 2 0.1111 0.07792 0.07792
BinVal : 4 3 0.1429 0.1315 0.1315
BinVal : 4 4 0.625 0.09363 0.09363
BinVal : 4 5 0.878 0.05224 0.05224
BinVal : 4 6 0.8125 0.0435 0.0435
BinVal : 4 7 0.9242 0.03415 0.03415
BinVal : 4 8 0.937 0.02234 0.02234
BinVal : 4 9 1 0.05255 0.05255
BinVal : 4 10 1 0.2357 0.2357
BinVal : 4 11 1 0.2357 0.2357
BinVal : 4 12 1 0.2357 0.2357
BinVal : 5 0 0 0 0
BinVal : 5 1 0 0 0
BinVal : 5 2 0.2 0.1201 0.1201
BinVal : 5 3 0.4 0.175 0.175
BinVal : 5 4 0.6957 0.09148 0.09148
BinVal : 5 5 0.9286 0.04285 0.04285
BinVal : 5 6 0.8642 0.03837 0.03837
BinVal : 5 7 0.9773 0.01882 0.01882
BinVal : 5 8 0.9412 0.01769 0.01769
BinVal : 5 9 1 0.03997 0.03997
BinVal : 5 10 1 0.1633 0.1633
BinVal : 5 11 1 0.2357 0.2357
BinVal : 5 12 1 0.2357 0.2357
BinVal : 6 0 0 0 0
BinVal : 6 1 0 0 0
BinVal : 6 2 0 0 0
BinVal : 6 3 0.5 0.2236 0.2236
BinVal : 6 4 0.875 0.1206 0.1206
BinVal : 6 5 0.9545 0.05528 0.05528
BinVal : 6 6 0.9333 0.04028 0.04028
BinVal : 6 7 0.9811 0.02501 0.02501
BinVal : 6 8 0.9375 0.02382 0.02382
BinVal : 6 9 1 0.05546 0.05546
BinVal : 6 10 1 0.1936 0.1936
BinVal : 6 11 1 0.2357 0.2357
BinVal : 6 12 1 0.2357 0.2357
BinVal : 7 0 0 0 0
BinVal : 7 1 0 0 0
BinVal : 7 2 0 0 0
BinVal : 7 3 0 0 0
BinVal : 7 4 0 0 0
BinVal : 7 5 0 0 0
BinVal : 7 6 0 0 0
BinVal : 7 7 0 0 0
BinVal : 7 8 0 0 0
BinVal : 7 9 0 0 0
BinVal : 7 10 0 0 0
BinVal : 7 11 0 0 0
BinVal : 7 12 0 0 0
BinVal : 8 0 0 0 0
BinVal : 8 1 0 0 0
BinVal : 8 2 0 0 0
BinVal : 8 3 0 0 0
BinVal : 8 4 0 0 0
BinVal : 8 5 0 0 0
BinVal : 8 6 0 0 0
BinVal : 8 7 0 0 0
BinVal : 8 8 0 0 0
BinVal : 8 9 0 0 0
BinVal : 8 10 0 0 0
BinVal : 8 11 0 0 0
BinVal : 8 12 0 0 0
BinVal : 9 0 0 0 0
BinVal : 9 1 0 0 0
BinVal : 9 2 0 0 0
BinVal : 9 3 0 0 0
BinVal : 9 4 0.375 0.1477 0.1477
BinVal : 9 5 0.6562 0.08078 0.08078
BinVal : 9 6 0.89 0.03175 0.03175
BinVal : 9 7 0.929 0.02114 0.02114
BinVal : 9 8 0.9477 0.01259 0.01259
BinVal : 9 9 0.9348 0.03948 0.03948
BinVal : 9 10 1 0.08299 0.08299
BinVal : 9 11 1 0.1409 0.1409
BinVal : 9 12 1 0.1936 0.1936
BinVal : 10 0 0 0 0
BinVal : 10 1 0 0 0
BinVal : 10 2 0 0 0
BinVal : 10 3 0 0 0
BinVal : 10 4 0.3846 0.1225 0.1225
BinVal : 10 5 0.8049 0.06133 0.06133
BinVal : 10 6 0.9153 0.02623 0.02623
BinVal : 10 7 0.935 0.01783 0.01783
BinVal : 10 8 0.9658 0.009239 0.009239
BinVal : 10 9 0.9118 0.0356 0.0356
BinVal : 10 10 1 0.07666 0.07666
BinVal : 10 11 0.8 0.1597 0.1597
BinVal : 10 12 1 0.1936 0.1936
BinVal : 11 0 0 0 0
BinVal : 11 1 0 0 0
BinVal : 11 2 0 0 0
BinVal : 11 3 0 0 0
BinVal : 11 4 0.3529 0.1079 0.1079
BinVal : 11 5 0.8511 0.05227 0.05227
BinVal : 11 6 0.9423 0.02401 0.02401
BinVal : 11 7 0.9205 0.02076 0.02076
BinVal : 11 8 0.9543 0.01015 0.01015
BinVal : 11 9 0.9091 0.03373 0.03373
BinVal : 11 10 1 0.08299 0.08299
BinVal : 11 11 0.8571 0.1315 0.1315
BinVal : 11 12 1 0.2357 0.2357
BinVal : 12 0 0 0 0
BinVal : 12 1 0 0 0
BinVal : 12 2 0 0 0
BinVal : 12 3 0 0 0
BinVal : 12 4 0.4118 0.1104 0.1104
BinVal : 12 5 0.8448 0.04772 0.04772
BinVal : 12 6 0.9684 0.02009 0.02009
BinVal : 12 7 0.9306 0.02177 0.02177
BinVal : 12 8 0.9414 0.01128 0.01128
BinVal : 12 9 0.9589 0.02577 0.02577
BinVal : 12 10 1 0.07122 0.07122
BinVal : 12 11 1 0.09045 0.09045
BinVal : 12 12 1 0.1633 0.1633
BinVal : 13 0 0 0 0
BinVal : 13 1 0 0 0
BinVal : 13 2 0 0 0
BinVal : 13 3 0 0 0
BinVal : 13 4 0.6875 0.1081 0.1081
BinVal : 13 5 0.8971 0.03776 0.03776
BinVal : 13 6 0.9496 0.02114 0.02114
BinVal : 13 7 0.9203 0.02358 0.02358
BinVal : 13 8 0.9526 0.01002 0.01002
BinVal : 13 9 0.973 0.02219 0.02219
BinVal : 13 10 1 0.09938 0.09938
BinVal : 13 11 1 0.07666 0.07666
BinVal : 13 12 1 0.1409 0.1409
BinVal : 14 0 0 0 0
BinVal : 14 1 0 0 0
BinVal : 14 2 0 0 0
BinVal : 14 3 0.2 0.1597 0.1597
BinVal : 14 4 0.6471 0.1079 0.1079
BinVal : 14 5 0.9306 0.03152 0.03152
BinVal : 14 6 0.9268 0.02417 0.02417
BinVal : 14 7 0.929 0.02114 0.02114
BinVal : 14 8 0.9426 0.01106 0.01106
BinVal : 14 9 0.9589 0.02577 0.02577
BinVal : 14 10 0.9167 0.09035 0.09035
BinVal : 14 11 1 0.09045 0.09045
BinVal : 14 12 1 0.1102 0.1102
BinVal : 15 0 0 0 0
BinVal : 15 1 0 0 0
BinVal : 15 2 0 0 0
BinVal : 15 3 0.2 0.1597 0.1597
BinVal : 15 4 0.45 0.1038 0.1038
BinVal : 15 5 0.9062 0.03762 0.03762
BinVal : 15 6 0.8898 0.02918 0.02918
BinVal : 15 7 0.9583 0.01619 0.01619
BinVal : 15 8 0.9124 0.01365 0.01365
BinVal : 15 9 0.9831 0.02262 0.02262
BinVal : 15 10 0.9286 0.08021 0.08021
BinVal : 15 11 1 0.1936 0.1936
BinVal : 15 12 1 0.09938 0.09938
BinVal : 16 0 0 0 0
BinVal : 16 1 0 0 0
BinVal : 16 2 0 0 0
BinVal : 16 3 0 0 0
BinVal : 16 4 0.2593 0.0816 0.0816
BinVal : 16 5 0.807 0.05197 0.05197
BinVal : 16 6 0.8917 0.02874 0.02874
BinVal : 16 7 0.949 0.01624 0.01624
BinVal : 16 8 0.9121 0.01389 0.01389
BinVal : 16 9 0.9545 0.02833 0.02833
BinVal : 16 10 1 0.07666 0.07666
BinVal : 16 11 1 0.1237 0.1237
BinVal : 16 12 1 0.1409 0.1409
BinVal : 17 0 0 0 0
BinVal : 17 1 0 0 0
BinVal : 17 2 0 0 0
BinVal : 17 3 0 0 0
BinVal : 17 4 0.1538 0.07112 0.07112
BinVal : 17 5 0.7843 0.05695 0.05695
BinVal : 17 6 0.9174 0.02563 0.02563
BinVal : 17 7 0.9163 0.01972 0.01972
BinVal : 17 8 0.9211 0.01308 0.01308
BinVal : 17 9 0.92 0.03255 0.03255
BinVal : 17 10 0.9286 0.08021 0.08021
BinVal : 17 11 1 0.08299 0.08299
BinVal : 17 12 1 0.1633 0.1633
BinVal : 18 0 0 0 0
BinVal : 18 1 0 0 0
BinVal : 18 2 0 0 0
BinVal : 18 3 0 0 0
BinVal : 18 4 0.1364 0.07454 0.07454
BinVal : 18 5 0.7895 0.06522 0.06522
BinVal : 18 6 0.9038 0.02948 0.02948
BinVal : 18 7 0.8736 0.02533 0.02533
BinVal : 18 8 0.9227 0.01368 0.01368
BinVal : 18 9 0.9508 0.03048 0.03048
BinVal : 18 10 0.9231 0.08498 0.08498
BinVal : 18 11 1 0.1409 0.1409
BinVal : 18 12 1 0.1633 0.1633
BinVal : 19 0 0 0 0
BinVal : 19 1 0 0 0
BinVal : 19 2 0 0 0
BinVal : 19 3 0 0 0
BinVal : 19 4 0.08333 0.09035 0.09035
BinVal : 19 5 0.8 0.09998 0.09998
BinVal : 19 6 0.878 0.05224 0.05224
BinVal : 19 7 0.8675 0.03755 0.03755
BinVal : 19 8 0.9255 0.02115 0.02115
BinVal : 19 9 1 0.03224 0.03224
BinVal : 19 10 1 0.1237 0.1237
BinVal : 19 11 1 0.1237 0.1237
BinVal : 19 12 1 0.2357 0.2357
BinVal : 20 0 0 0 0
BinVal : 20 1 0 0 0
BinVal : 20 2 0 0 0
BinVal : 20 3 0 0 0
BinVal : 20 4 0 0 0
BinVal : 20 5 0 0 0
BinVal : 20 6 0 0 0
BinVal : 20 7 0 0 0
BinVal : 20 8 0 0 0
BinVal : 20 9 0 0 0
BinVal : 20 10 0 0 0
BinVal : 20 11 0 0 0
BinVal : 20 12 0 0 0
BinVal : 21 0 0 0 0
BinVal : 21 1 0 0 0
BinVal : 21 2 0 0 0
BinVal : 21 3 0 0 0
BinVal : 21 4 0 0 0
BinVal : 21 5 0 0 0
BinVal : 21 6 0 0 0
BinVal : 21 7 0 0 0
BinVal : 21 8 0 0 0
BinVal : 21 9 0 0 0
BinVal : 21 10 0 0 0
BinVal : 21 11 0 0 0
BinVal : 21 12 0 0 0
BinVal : 22 0 0 0 0
BinVal : 22 1 0 0 0
BinVal : 22 2 0 0 0
BinVal : 22 3 0 0 0
BinVal : 22 4 0.2963 0.08447 0.08447
BinVal : 22 5 0.7797 0.05341 0.05341
BinVal : 22 6 0.9278 0.02725 0.02725
BinVal : 22 7 0.9273 0.02557 0.02557
BinVal : 22 8 0.9193 0.0185 0.0185
BinVal : 22 9 0.875 0.06944 0.06944
BinVal : 22 10 1 0.1409 0.1409
BinVal : 22 11 1 0.1409 0.1409
BinVal : 22 12 1 0.1409 0.1409
BinVal : 23 0 0 0 0
BinVal : 23 1 0 0 0
BinVal : 23 2 0 0 0
BinVal : 23 3 0 0 0
BinVal : 23 4 0.3333 0.1041 0.1041
BinVal : 23 5 0.6667 0.06111 0.06111
BinVal : 23 6 0.91 0.0293 0.0293
BinVal : 23 7 0.9381 0.02563 0.02563
BinVal : 23 8 0.9379 0.01959 0.01959
BinVal : 23 9 0.95 0.05994 0.05994
BinVal : 23 10 1 0.1409 0.1409
BinVal : 23 11 1 0.1936 0.1936
BinVal : 23 12 1 0.1936 0.1936
BinVal : 24 0 0 0 0
BinVal : 24 1 0 0 0
BinVal : 24 2 0 0 0
BinVal : 24 3 0.07692 0.08498 0.08498
BinVal : 24 4 0.2174 0.08376 0.08376
BinVal : 24 5 0.6167 0.06137 0.06137
BinVal : 24 6 0.9318 0.02808 0.02808
BinVal : 24 7 0.9437 0.02936 0.02936
BinVal : 24 8 0.931 0.02433 0.02433
BinVal : 24 9 1 0.07122 0.07122
BinVal : 24 10 1 0.1633 0.1633
BinVal : 24 11 1 0.1633 0.1633
BinVal : 24 12 1 0.1633 0.1633
BinVal : 25 0 0 0 0
BinVal : 25 1 0 0 0
BinVal : 25 2 0 0 0
BinVal : 25 3 0.1429 0.1315 0.1315
BinVal : 25 4 0.3182 0.09428 0.09428
BinVal : 25 5 0.7292 0.06287 0.06287
BinVal : 25 6 0.9298 0.03595 0.03595
BinVal : 25 7 0.9231 0.04578 0.04578
BinVal : 25 8 0.9403 0.03099 0.03099
BinVal : 25 9 1 0.1237 0.1237
BinVal : 25 10 1 0.1936 0.1936
BinVal : 25 11 1 0.1936 0.1936
BinVal : 25 12 1 0.1936 0.1936
BinVal : 26 0 0 0 0
BinVal : 26 1 0 0 0
BinVal : 26 2 0 0 0
BinVal : 26 3 0.3333 0.2 0.2
BinVal : 26 4 0.3077 0.1179 0.1179
BinVal : 26 5 0.6765 0.0775 0.0775
BinVal : 26 6 0.881 0.05116 0.05116
BinVal : 26 7 0.871 0.06149 0.06149
BinVal : 26 8 0.9259 0.0556 0.0556
BinVal : 26 9 1 0.1633 0.1633
BinVal : 26 10 1 0.2357 0.2357
BinVal : 26 11 1 0.2357 0.2357
BinVal : 26 12 1 0.2357 0.2357
BinVal : 27 0 0 0 0
BinVal : 27 1 0 0 0
BinVal : 27 2 0 0 0
BinVal : 27 3 0.2 0.1597 0.1597
BinVal : 27 4 0.1429 0.09466 0.09466
BinVal : 27 5 0.3571 0.1174 0.1174
BinVal : 27 6 0.8 0.08738 0.08738
BinVal : 27 7 0.8 0.09998 0.09998
BinVal : 27 8 0.7778 0.1286 0.1286
BinVal : 27 9 1 0.2357 0.2357
BinVal : 27 10 1 0.2357 0.2357
BinVal : 27 11 1 0.2357 0.2357
BinVal : 27 12 1 0.2357 0.2357
BinVal : 28 0 0 0 0
BinVal : 28 1 0 0 0
BinVal : 28 2 0 0 0
BinVal : 28 3 0 0 0
BinVal : 28 4 0 0 0
BinVal : 28 5 0 0 0
BinVal : 28 6 0 0 0
BinVal : 28 7 0 0 0
BinVal : 28 8 0 0 0
BinVal : 28 9 0 0 0
BinVal : 28 10 0 0 0
BinVal : 28 11 0 0 0
BinVal : 28 12 0 0 0
