D0NoteID : 0
EffName : SINGLEELE_AND_EJETS_v132
EffType : Binned
EffVarNames : DetEta pT
EffVersion : 6
ObjQuality : MLoose2
ObjType : Electron
ObjVersion : 12
BinEdgesX : -3.2 -2.8 -2.5 -2.3 -2.1 -1.9 -1.7 -1.5 -1.3 -1.1 -0.9 -0.7 -0.5 -0.3 -0.1 0.1 0.3 0.5 0.7 0.9 1.1 1.3 1.5 1.7 1.9 2.1 2.3 2.5 2.8 3.2
BinEdgesY : 0 10 15 20 22 25 30 35 40 50 60 70 80 1000
BinVal : 0 0 0 0 0
BinVal : 0 1 0 0 0
BinVal : 0 2 0 0 0
BinVal : 0 3 0 0 0
BinVal : 0 4 0.09524 0.0266 0.0266
BinVal : 0 5 0.2669 0.02703 0.02703
BinVal : 0 6 0.6701 0.03354 0.03354
BinVal : 0 7 0.7025 0.04118 0.04118
BinVal : 0 8 0.6733 0.03798 0.03798
BinVal : 0 9 0.8571 0.1315 0.1315
BinVal : 0 10 1 0.1936 0.1936
BinVal : 0 11 1 0.1936 0.1936
BinVal : 0 12 1 0.1936 0.1936
BinVal : 1 0 0 0 0
BinVal : 1 1 0 0 0
BinVal : 1 2 0 0 0
BinVal : 1 3 0 0 0
BinVal : 1 4 0.1667 0.03044 0.03044
BinVal : 1 5 0.3874 0.02544 0.02544
BinVal : 1 6 0.8305 0.02185 0.02185
BinVal : 1 7 0.8545 0.02382 0.02382
BinVal : 1 8 0.8662 0.02026 0.02026
BinVal : 1 9 1 0.03997 0.03997
BinVal : 1 10 1 0.1936 0.1936
BinVal : 1 11 1 0.1936 0.1936
BinVal : 1 12 1 0.1936 0.1936
BinVal : 2 0 0 0 0
BinVal : 2 1 0 0 0
BinVal : 2 2 0 0 0
BinVal : 2 3 0.0119 0.01616 0.01616
BinVal : 2 4 0.1867 0.03177 0.03177
BinVal : 2 5 0.4294 0.02673 0.02673
BinVal : 2 6 0.8587 0.01819 0.01819
BinVal : 2 7 0.8706 0.01915 0.01915
BinVal : 2 8 0.9243 0.01258 0.01258
BinVal : 2 9 0.9545 0.03602 0.03602
BinVal : 2 10 1 0.1409 0.1409
BinVal : 2 11 1 0.2357 0.2357
BinVal : 2 12 1 0.2357 0.2357
BinVal : 3 0 0 0 0
BinVal : 3 1 0 0 0
BinVal : 3 2 0 0 0
BinVal : 3 3 0.01163 0.0158 0.0158
BinVal : 3 4 0.2147 0.03077 0.03077
BinVal : 3 5 0.4973 0.02568 0.02568
BinVal : 3 6 0.8274 0.01723 0.01723
BinVal : 3 7 0.8548 0.01693 0.01693
BinVal : 3 8 0.9075 0.01124 0.01124
BinVal : 3 9 0.8485 0.04433 0.04433
BinVal : 3 10 1 0.07666 0.07666
BinVal : 3 11 1 0.1633 0.1633
BinVal : 3 12 1 0.1936 0.1936
BinVal : 4 0 0 0 0
BinVal : 4 1 0 0 0
BinVal : 4 2 0 0 0
BinVal : 4 3 0.02 0.01665 0.01665
BinVal : 4 4 0.2143 0.03033 0.03033
BinVal : 4 5 0.5176 0.0241 0.0241
BinVal : 4 6 0.8078 0.01701 0.01701
BinVal : 4 7 0.8451 0.01502 0.01502
BinVal : 4 8 0.8775 0.01091 0.01091
BinVal : 4 9 0.8763 0.03377 0.03377
BinVal : 4 10 0.8095 0.0842 0.0842
BinVal : 4 11 1 0.1633 0.1633
BinVal : 4 12 1 0.1633 0.1633
BinVal : 5 0 0 0 0
BinVal : 5 1 0 0 0
BinVal : 5 2 0.06667 0.03431 0.03431
BinVal : 5 3 0.07595 0.03103 0.03103
BinVal : 5 4 0.2994 0.03421 0.03421
BinVal : 5 5 0.5318 0.02412 0.02412
BinVal : 5 6 0.8397 0.01524 0.01524
BinVal : 5 7 0.881 0.01221 0.01221
BinVal : 5 8 0.9061 0.008536 0.008536
BinVal : 5 9 0.9535 0.01957 0.01957
BinVal : 5 10 0.76 0.08282 0.08282
BinVal : 5 11 1 0.1102 0.1102
BinVal : 5 12 1 0.1633 0.1633
BinVal : 6 0 0 0 0
BinVal : 6 1 0 0 0
BinVal : 6 2 0.129 0.06149 0.06149
BinVal : 6 3 0.1379 0.06502 0.06502
BinVal : 6 4 0.4086 0.05021 0.05021
BinVal : 6 5 0.6131 0.03429 0.03429
BinVal : 6 6 0.8814 0.01838 0.01838
BinVal : 6 7 0.9215 0.01388 0.01388
BinVal : 6 8 0.9417 0.009253 0.009253
BinVal : 6 9 0.9718 0.02308 0.02308
BinVal : 6 10 0.8 0.1201 0.1201
BinVal : 6 11 1 0.1237 0.1237
BinVal : 6 12 1 0.2357 0.2357
BinVal : 7 0 0 0 0
BinVal : 7 1 0 0 0
BinVal : 7 2 0 0 0
BinVal : 7 3 0 0 0
BinVal : 7 4 0 0 0
BinVal : 7 5 0 0 0
BinVal : 7 6 0 0 0
BinVal : 7 7 0 0 0
BinVal : 7 8 0 0 0
BinVal : 7 9 0 0 0
BinVal : 7 10 0 0 0
BinVal : 7 11 0 0 0
BinVal : 7 12 0 0 0
BinVal : 8 0 0 0 0
BinVal : 8 1 0 0 0
BinVal : 8 2 0 0 0
BinVal : 8 3 0 0 0
BinVal : 8 4 0 0 0
BinVal : 8 5 0 0 0
BinVal : 8 6 0 0 0
BinVal : 8 7 0 0 0
BinVal : 8 8 0 0 0
BinVal : 8 9 0 0 0
BinVal : 8 10 0 0 0
BinVal : 8 11 0 0 0
BinVal : 8 12 0 0 0
BinVal : 9 0 0 0 0
BinVal : 9 1 0 0 0
BinVal : 9 2 0 0 0
BinVal : 9 3 0.09091 0.05303 0.05303
BinVal : 9 4 0.4658 0.05723 0.05723
BinVal : 9 5 0.8156 0.02895 0.02895
BinVal : 9 6 0.9564 0.009458 0.009458
BinVal : 9 7 0.9745 0.005592 0.005592
BinVal : 9 8 0.9672 0.004799 0.004799
BinVal : 9 9 0.9867 0.008676 0.008676
BinVal : 9 10 0.9535 0.03678 0.03678
BinVal : 9 11 1 0.08299 0.08299
BinVal : 9 12 1 0.09045 0.09045
BinVal : 10 0 0 0 0
BinVal : 10 1 0 0 0
BinVal : 10 2 0 0 0
BinVal : 10 3 0.2368 0.06763 0.06763
BinVal : 10 4 0.4945 0.05157 0.05157
BinVal : 10 5 0.7449 0.031 0.031
BinVal : 10 6 0.9645 0.008394 0.008394
BinVal : 10 7 0.9771 0.005034 0.005034
BinVal : 10 8 0.9851 0.00289 0.00289
BinVal : 10 9 0.9895 0.006908 0.006908
BinVal : 10 10 0.9583 0.03325 0.03325
BinVal : 10 11 1 0.05546 0.05546
BinVal : 10 12 1 0.0665 0.0665
BinVal : 11 0 0 0 0
BinVal : 11 1 0 0 0
BinVal : 11 2 0.07143 0.04285 0.04285
BinVal : 11 3 0.2727 0.07529 0.07529
BinVal : 11 4 0.5405 0.0568 0.0568
BinVal : 11 5 0.6504 0.03024 0.03024
BinVal : 11 6 0.9537 0.01002 0.01002
BinVal : 11 7 0.9853 0.004192 0.004192
BinVal : 11 8 0.9895 0.002399 0.002399
BinVal : 11 9 0.9829 0.008205 0.008205
BinVal : 11 10 0.9783 0.02855 0.02855
BinVal : 11 11 1 0.03701 0.03701
BinVal : 11 12 1 0.04756 0.04756
BinVal : 12 0 0 0 0
BinVal : 12 1 0 0 0
BinVal : 12 2 0.2162 0.06662 0.06662
BinVal : 12 3 0.2895 0.07157 0.07157
BinVal : 12 4 0.519 0.05518 0.05518
BinVal : 12 5 0.6458 0.02805 0.02805
BinVal : 12 6 0.9591 0.009379 0.009379
BinVal : 12 7 0.9842 0.004489 0.004489
BinVal : 12 8 0.9897 0.0024 0.0024
BinVal : 12 9 0.9836 0.008979 0.008979
BinVal : 12 10 0.9811 0.02501 0.02501
BinVal : 12 11 1 0.03569 0.03569
BinVal : 12 12 1 0.0454 0.0454
BinVal : 13 0 0 0 0
BinVal : 13 1 0 0 0
BinVal : 13 2 0.1944 0.06528 0.06528
BinVal : 13 3 0.4773 0.07286 0.07286
BinVal : 13 4 0.6026 0.05443 0.05443
BinVal : 13 5 0.6822 0.02589 0.02589
BinVal : 13 6 0.9677 0.008426 0.008426
BinVal : 13 7 0.985 0.004678 0.004678
BinVal : 13 8 0.9883 0.002529 0.002529
BinVal : 13 9 0.9924 0.006487 0.006487
BinVal : 13 10 1 0.01613 0.01613
BinVal : 13 11 1 0.0454 0.0454
BinVal : 13 12 1 0.04993 0.04993
BinVal : 14 0 0 0 0
BinVal : 14 1 0 0 0
BinVal : 14 2 0.1538 0.05806 0.05806
BinVal : 14 3 0.4737 0.07799 0.07799
BinVal : 14 4 0.4615 0.05142 0.05142
BinVal : 14 5 0.6587 0.02585 0.02585
BinVal : 14 6 0.9586 0.009478 0.009478
BinVal : 14 7 0.9781 0.005742 0.005742
BinVal : 14 8 0.9802 0.003217 0.003217
BinVal : 14 9 0.9897 0.006768 0.006768
BinVal : 14 10 1 0.01538 0.01538
BinVal : 14 11 1 0.04993 0.04993
BinVal : 14 12 1 0.0454 0.0454
BinVal : 15 0 0 0 0
BinVal : 15 1 0 0 0
BinVal : 15 2 0.1471 0.06127 0.06127
BinVal : 15 3 0.2857 0.08231 0.08231
BinVal : 15 4 0.3727 0.04554 0.04554
BinVal : 15 5 0.6424 0.02685 0.02685
BinVal : 15 6 0.9511 0.0101 0.0101
BinVal : 15 7 0.9683 0.006466 0.006466
BinVal : 15 8 0.9771 0.003441 0.003441
BinVal : 15 9 0.9896 0.006814 0.006814
BinVal : 15 10 0.9844 0.02094 0.02094
BinVal : 15 11 1 0.04993 0.04993
BinVal : 15 12 1 0.04163 0.04163
BinVal : 16 0 0 0 0
BinVal : 16 1 0 0 0
BinVal : 16 2 0.07895 0.04685 0.04685
BinVal : 16 3 0.1667 0.06794 0.06794
BinVal : 16 4 0.4393 0.04733 0.04733
BinVal : 16 5 0.6611 0.02717 0.02717
BinVal : 16 6 0.956 0.009323 0.009323
BinVal : 16 7 0.9714 0.005724 0.005724
BinVal : 16 8 0.9753 0.003628 0.003628
BinVal : 16 9 0.9854 0.008013 0.008013
BinVal : 16 10 0.9839 0.02158 0.02158
BinVal : 16 11 0.9474 0.06258 0.06258
BinVal : 16 12 1 0.04756 0.04756
BinVal : 17 0 0 0 0
BinVal : 17 1 0 0 0
BinVal : 17 2 0.1111 0.04817 0.04817
BinVal : 17 3 0.2647 0.07363 0.07363
BinVal : 17 4 0.4375 0.04987 0.04987
BinVal : 17 5 0.6741 0.0284 0.0284
BinVal : 17 6 0.9602 0.008656 0.008656
BinVal : 17 7 0.9775 0.00496 0.00496
BinVal : 17 8 0.9735 0.003845 0.003845
BinVal : 17 9 0.981 0.009121 0.009121
BinVal : 17 10 0.9831 0.02262 0.02262
BinVal : 17 11 0.9444 0.06547 0.06547
BinVal : 17 12 1 0.0665 0.0665
BinVal : 18 0 0 0 0
BinVal : 18 1 0 0 0
BinVal : 18 2 0.1714 0.06354 0.06354
BinVal : 18 3 0.3636 0.08053 0.08053
BinVal : 18 4 0.4697 0.06009 0.06009
BinVal : 18 5 0.7477 0.0293 0.0293
BinVal : 18 6 0.9488 0.01012 0.01012
BinVal : 18 7 0.9672 0.006308 0.006308
BinVal : 18 8 0.972 0.004355 0.004355
BinVal : 18 9 0.9765 0.01121 0.01121
BinVal : 18 10 0.9783 0.02855 0.02855
BinVal : 18 11 1 0.05871 0.05871
BinVal : 18 12 0.8889 0.1113 0.1113
BinVal : 19 0 0 0 0
BinVal : 19 1 0 0 0
BinVal : 19 2 0.1875 0.09538 0.09538
BinVal : 19 3 0.3529 0.1079 0.1079
BinVal : 19 4 0.5652 0.09735 0.09735
BinVal : 19 5 0.8105 0.04009 0.04009
BinVal : 19 6 0.942 0.016 0.016
BinVal : 19 7 0.952 0.0116 0.0116
BinVal : 19 8 0.971 0.007086 0.007086
BinVal : 19 9 0.9726 0.02248 0.02248
BinVal : 19 10 1 0.05255 0.05255
BinVal : 19 11 1 0.1102 0.1102
BinVal : 19 12 0.75 0.1782 0.1782
BinVal : 20 0 0 0 0
BinVal : 20 1 0 0 0
BinVal : 20 2 0 0 0
BinVal : 20 3 0 0 0
BinVal : 20 4 0 0 0
BinVal : 20 5 0 0 0
BinVal : 20 6 0 0 0
BinVal : 20 7 0 0 0
BinVal : 20 8 0 0 0
BinVal : 20 9 0 0 0
BinVal : 20 10 0 0 0
BinVal : 20 11 0 0 0
BinVal : 20 12 0 0 0
BinVal : 21 0 0 0 0
BinVal : 21 1 0 0 0
BinVal : 21 2 0 0 0
BinVal : 21 3 0 0 0
BinVal : 21 4 0 0 0
BinVal : 21 5 0 0 0
BinVal : 21 6 0 0 0
BinVal : 21 7 0 0 0
BinVal : 21 8 0 0 0
BinVal : 21 9 0 0 0
BinVal : 21 10 0 0 0
BinVal : 21 11 0 0 0
BinVal : 21 12 0 0 0
BinVal : 22 0 0 0 0
BinVal : 22 1 0 0 0
BinVal : 22 2 0.06154 0.03187 0.03187
BinVal : 22 3 0.08955 0.03609 0.03609
BinVal : 22 4 0.1944 0.03291 0.03291
BinVal : 22 5 0.4505 0.02529 0.02529
BinVal : 22 6 0.8591 0.01552 0.01552
BinVal : 22 7 0.8865 0.01205 0.01205
BinVal : 22 8 0.8864 0.009395 0.009395
BinVal : 22 9 0.8562 0.02914 0.02914
BinVal : 22 10 1 0.0294 0.0294
BinVal : 22 11 1 0.1409 0.1409
BinVal : 22 12 0.6667 0.1614 0.1614
BinVal : 23 0 0 0 0
BinVal : 23 1 0 0 0
BinVal : 23 2 0 0 0
BinVal : 23 3 0 0 0
BinVal : 23 4 0.1696 0.0287 0.0287
BinVal : 23 5 0.4185 0.02562 0.02562
BinVal : 23 6 0.8097 0.01765 0.01765
BinVal : 23 7 0.8441 0.01478 0.01478
BinVal : 23 8 0.8602 0.01165 0.01165
BinVal : 23 9 0.7979 0.04123 0.04123
BinVal : 23 10 0.9524 0.05752 0.05752
BinVal : 23 11 1 0.1409 0.1409
BinVal : 23 12 0.6 0.175 0.175
BinVal : 24 0 0 0 0
BinVal : 24 1 0 0 0
BinVal : 24 2 0 0 0
BinVal : 24 3 0.02198 0.01822 0.01822
BinVal : 24 4 0.1556 0.02706 0.02706
BinVal : 24 5 0.4505 0.02714 0.02714
BinVal : 24 6 0.7758 0.01952 0.01952
BinVal : 24 7 0.8436 0.01671 0.01671
BinVal : 24 8 0.8876 0.01202 0.01202
BinVal : 24 9 0.8378 0.04291 0.04291
BinVal : 24 10 0.8889 0.1113 0.1113
BinVal : 24 11 1 0.1633 0.1633
BinVal : 24 12 1 0.1936 0.1936
BinVal : 25 0 0 0 0
BinVal : 25 1 0 0 0
BinVal : 25 2 0 0 0
BinVal : 25 3 0.02273 0.01882 0.01882
BinVal : 25 4 0.1198 0.0253 0.0253
BinVal : 25 5 0.4196 0.02759 0.02759
BinVal : 25 6 0.7809 0.02073 0.02073
BinVal : 25 7 0.8712 0.01956 0.01956
BinVal : 25 8 0.9106 0.01323 0.01323
BinVal : 25 9 0.9348 0.03948 0.03948
BinVal : 25 10 1 0.1409 0.1409
BinVal : 25 11 1 0.1409 0.1409
BinVal : 25 12 1 0.1936 0.1936
BinVal : 26 0 0 0 0
BinVal : 26 1 0 0 0
BinVal : 26 2 0 0 0
BinVal : 26 3 0 0 0
BinVal : 26 4 0.06077 0.01825 0.01825
BinVal : 26 5 0.3416 0.02632 0.02632
BinVal : 26 6 0.7742 0.0237 0.0237
BinVal : 26 7 0.8351 0.02666 0.02666
BinVal : 26 8 0.9194 0.01562 0.01562
BinVal : 26 9 0.9565 0.0532 0.0532
BinVal : 26 10 1 0.2357 0.2357
BinVal : 26 11 1 0.2357 0.2357
BinVal : 26 12 1 0.2357 0.2357
BinVal : 27 0 0 0 0
BinVal : 27 1 0 0 0
BinVal : 27 2 0 0 0
BinVal : 27 3 0 0 0
BinVal : 27 4 0.04403 0.01707 0.01707
BinVal : 27 5 0.2885 0.02798 0.02798
BinVal : 27 6 0.5978 0.03636 0.03636
BinVal : 27 7 0.6357 0.04029 0.04029
BinVal : 27 8 0.7885 0.03259 0.03259
BinVal : 27 9 0.9286 0.08021 0.08021
BinVal : 27 10 1 0.2357 0.2357
BinVal : 27 11 1 0.2357 0.2357
BinVal : 27 12 1 0.2357 0.2357
BinVal : 28 0 0 0 0
BinVal : 28 1 0 0 0
BinVal : 28 2 0 0 0
BinVal : 28 3 0 0 0
BinVal : 28 4 0.04082 0.03263 0.03263
BinVal : 28 5 0.1728 0.04198 0.04198
BinVal : 28 6 0.26 0.06093 0.06093
BinVal : 28 7 0.413 0.07043 0.07043
BinVal : 28 8 0.3793 0.08611 0.08611
BinVal : 28 9 1 0.1936 0.1936
BinVal : 28 10 1 0.1936 0.1936
BinVal : 28 11 1 0.1936 0.1936
BinVal : 28 12 1 0.1936 0.1936
