D0NoteID : 0
EffName : SINGLEELE_AND_GROUP1_v15
EffType : Binned
EffVarNames : DetEta pT
EffVersion : 6
ObjQuality : Point1
ObjType : Electron
ObjVersion : 1
TriggerVersion : v15
BinEdgesX : -3.2 -2.8 -2.5 -2.3 -2.1 -1.9 -1.7 -1.5 -1.3 -1.1 -0.9 -0.7 -0.5 -0.3 -0.1 0.1 0.3 0.5 0.7 0.9 1.1 1.3 1.5 1.7 1.9 2.1 2.3 2.5 2.8 3.2
BinEdgesY : 0 10 15 20 22 25 30 35 40 50 60 70 80 1000
BinVal : 0 0 0 0 0
BinVal : 0 1 0 0 0
BinVal : 0 2 0.0625 0.0721 0.0721
BinVal : 0 3 0.06667 0.07594 0.07594
BinVal : 0 4 0.5172 0.08834 0.08834
BinVal : 0 5 0.6091 0.04594 0.04594
BinVal : 0 6 0.6618 0.05633 0.05633
BinVal : 0 7 0.6818 0.06838 0.06838
BinVal : 0 8 0.7089 0.05043 0.05043
BinVal : 0 9 1 0.2357 0.2357
BinVal : 0 10 1 0.2357 0.2357
BinVal : 0 11 1 0.2357 0.2357
BinVal : 0 12 1 0.2357 0.2357
BinVal : 1 0 0 0 0
BinVal : 1 1 0 0 0
BinVal : 1 2 0.0303 0.03869 0.03869
BinVal : 1 3 0.04348 0.0532 0.0532
BinVal : 1 4 0.5 0.07143 0.07143
BinVal : 1 5 0.663 0.03461 0.03461
BinVal : 1 6 0.7866 0.03189 0.03189
BinVal : 1 7 0.8304 0.03547 0.03547
BinVal : 1 8 0.7927 0.03156 0.03156
BinVal : 1 9 0.9 0.1034 0.1034
BinVal : 1 10 1 0.2357 0.2357
BinVal : 1 11 1 0.2357 0.2357
BinVal : 1 12 1 0.2357 0.2357
BinVal : 2 0 0 0 0
BinVal : 2 1 0 0 0
BinVal : 2 2 0.02778 0.03576 0.03576
BinVal : 2 3 0.1724 0.06984 0.06984
BinVal : 2 4 0.5306 0.06922 0.06922
BinVal : 2 5 0.6961 0.03202 0.03202
BinVal : 2 6 0.794 0.02644 0.02644
BinVal : 2 7 0.7836 0.03139 0.03139
BinVal : 2 8 0.8008 0.02569 0.02569
BinVal : 2 9 0.8636 0.07454 0.07454
BinVal : 2 10 1 0.2357 0.2357
BinVal : 2 11 1 0.2357 0.2357
BinVal : 2 12 1 0.2357 0.2357
BinVal : 3 0 0 0 0
BinVal : 3 1 0 0 0
BinVal : 3 2 0.0303 0.03869 0.03869
BinVal : 3 3 0.2258 0.0735 0.0735
BinVal : 3 4 0.5938 0.06007 0.06007
BinVal : 3 5 0.6524 0.03266 0.03266
BinVal : 3 6 0.7541 0.02459 0.02459
BinVal : 3 7 0.6854 0.02829 0.02829
BinVal : 3 8 0.7506 0.02135 0.02135
BinVal : 3 9 0.8 0.06257 0.06257
BinVal : 3 10 1 0.1102 0.1102
BinVal : 3 11 1 0.1102 0.1102
BinVal : 3 12 1 0.1102 0.1102
BinVal : 4 0 0 0 0
BinVal : 4 1 0 0 0
BinVal : 4 2 0 0 0
BinVal : 4 3 0.1379 0.06502 0.06502
BinVal : 4 4 0.6279 0.05132 0.05132
BinVal : 4 5 0.642 0.03059 0.03059
BinVal : 4 6 0.7614 0.02143 0.02143
BinVal : 4 7 0.7186 0.02087 0.02087
BinVal : 4 8 0.7507 0.01631 0.01631
BinVal : 4 9 0.7297 0.05096 0.05096
BinVal : 4 10 0.8889 0.1113 0.1113
BinVal : 4 11 0.5 0.2236 0.2236
BinVal : 4 12 0.5 0.2236 0.2236
BinVal : 5 0 0 0 0
BinVal : 5 1 0 0 0
BinVal : 5 2 0.04762 0.02958 0.02958
BinVal : 5 3 0.1944 0.06528 0.06528
BinVal : 5 4 0.6606 0.04484 0.04484
BinVal : 5 5 0.7957 0.02223 0.02223
BinVal : 5 6 0.8538 0.01551 0.01551
BinVal : 5 7 0.8373 0.01426 0.01426
BinVal : 5 8 0.848 0.01035 0.01035
BinVal : 5 9 0.8603 0.02986 0.02986
BinVal : 5 10 0.7647 0.09846 0.09846
BinVal : 5 11 0.75 0.1382 0.1382
BinVal : 5 12 0.5 0.2236 0.2236
BinVal : 6 0 0 0 0
BinVal : 6 1 0 0 0
BinVal : 6 2 0.1111 0.06296 0.06296
BinVal : 6 3 0.2632 0.09631 0.09631
BinVal : 6 4 0.6452 0.05951 0.05951
BinVal : 6 5 0.877 0.02416 0.02416
BinVal : 6 6 0.9082 0.01667 0.01667
BinVal : 6 7 0.9149 0.0145 0.0145
BinVal : 6 8 0.9 0.01091 0.01091
BinVal : 6 9 0.9438 0.02587 0.02587
BinVal : 6 10 0.7692 0.1106 0.1106
BinVal : 6 11 0.8333 0.1443 0.1443
BinVal : 6 12 1 0.2357 0.2357
BinVal : 7 0 0 0 0
BinVal : 7 1 0 0 0
BinVal : 7 2 0 0 0
BinVal : 7 3 0 0 0
BinVal : 7 4 0 0 0
BinVal : 7 5 0 0 0
BinVal : 7 6 0 0 0
BinVal : 7 7 0 0 0
BinVal : 7 8 0 0 0
BinVal : 7 9 0 0 0
BinVal : 7 10 0 0 0
BinVal : 7 11 0 0 0
BinVal : 7 12 0 0 0
BinVal : 8 0 0 0 0
BinVal : 8 1 0 0 0
BinVal : 8 2 0 0 0
BinVal : 8 3 0 0 0
BinVal : 8 4 0 0 0
BinVal : 8 5 0 0 0
BinVal : 8 6 0 0 0
BinVal : 8 7 0 0 0
BinVal : 8 8 0 0 0
BinVal : 8 9 0 0 0
BinVal : 8 10 0 0 0
BinVal : 8 11 0 0 0
BinVal : 8 12 0 0 0
BinVal : 9 0 0 0 0
BinVal : 9 1 0.1429 0.1315 0.1315
BinVal : 9 2 0.07143 0.05388 0.05388
BinVal : 9 3 0.4815 0.09123 0.09123
BinVal : 9 4 0.7347 0.06189 0.06189
BinVal : 9 5 0.9154 0.0199 0.0199
BinVal : 9 6 0.961 0.008099 0.008099
BinVal : 9 7 0.9762 0.004689 0.004689
BinVal : 9 8 0.9835 0.002715 0.002715
BinVal : 9 9 0.9907 0.006125 0.006125
BinVal : 9 10 0.9672 0.02662 0.02662
BinVal : 9 11 0.9091 0.09643 0.09643
BinVal : 9 12 1 0.09938 0.09938
BinVal : 10 0 0 0 0
BinVal : 10 1 0 0 0
BinVal : 10 2 0.09091 0.05303 0.05303
BinVal : 10 3 0.4048 0.07329 0.07329
BinVal : 10 4 0.7568 0.04935 0.04935
BinVal : 10 5 0.9484 0.01429 0.01429
BinVal : 10 6 0.9814 0.005512 0.005512
BinVal : 10 7 0.9757 0.004369 0.004369
BinVal : 10 8 0.9858 0.002288 0.002288
BinVal : 10 9 0.9841 0.006907 0.006907
BinVal : 10 10 0.9867 0.01801 0.01801
BinVal : 10 11 0.9333 0.07594 0.07594
BinVal : 10 12 1 0.05546 0.05546
BinVal : 11 0 0 0 0
BinVal : 11 1 0 0 0
BinVal : 11 2 0.2222 0.07813 0.07813
BinVal : 11 3 0.439 0.07487 0.07487
BinVal : 11 4 0.75 0.04678 0.04678
BinVal : 11 5 0.9656 0.01054 0.01054
BinVal : 11 6 0.978 0.006219 0.006219
BinVal : 11 7 0.9782 0.00421 0.00421
BinVal : 11 8 0.9858 0.002251 0.002251
BinVal : 11 9 0.9822 0.006578 0.006578
BinVal : 11 10 1 0.01351 0.01351
BinVal : 11 11 0.963 0.04626 0.04626
BinVal : 11 12 1 0.04343 0.04343
BinVal : 12 0 0 0 0
BinVal : 12 1 0 0 0
BinVal : 12 2 0.2 0.08738 0.08738
BinVal : 12 3 0.4375 0.08393 0.08393
BinVal : 12 4 0.7558 0.0459 0.0459
BinVal : 12 5 0.9684 0.009712 0.009712
BinVal : 12 6 0.9733 0.006985 0.006985
BinVal : 12 7 0.9846 0.003793 0.003793
BinVal : 12 8 0.9858 0.002175 0.002175
BinVal : 12 9 0.9895 0.005066 0.005066
BinVal : 12 10 1 0.0137 0.0137
BinVal : 12 11 1 0.02272 0.02272
BinVal : 12 12 1 0.04163 0.04163
BinVal : 13 0 0 0 0
BinVal : 13 1 0 0 0
BinVal : 13 2 0.09524 0.06875 0.06875
BinVal : 13 3 0.2609 0.08806 0.08806
BinVal : 13 4 0.8333 0.03806 0.03806
BinVal : 13 5 0.9637 0.01018 0.01018
BinVal : 13 6 0.9778 0.006031 0.006031
BinVal : 13 7 0.9864 0.003871 0.003871
BinVal : 13 8 0.9878 0.001947 0.001947
BinVal : 13 9 0.9913 0.004798 0.004798
BinVal : 13 10 1 0.01163 0.01163
BinVal : 13 11 1 0.0238 0.0238
BinVal : 13 12 1 0.03569 0.03569
BinVal : 14 0 0 0 0
BinVal : 14 1 0 0 0
BinVal : 14 2 0.125 0.06944 0.06944
BinVal : 14 3 0.3333 0.1126 0.1126
BinVal : 14 4 0.8916 0.03474 0.03474
BinVal : 14 5 0.9648 0.00988 0.00988
BinVal : 14 6 0.9774 0.005929 0.005929
BinVal : 14 7 0.9856 0.003952 0.003952
BinVal : 14 8 0.9842 0.002211 0.002211
BinVal : 14 9 0.9868 0.005764 0.005764
BinVal : 14 10 0.9895 0.01435 0.01435
BinVal : 14 11 1 0.02777 0.02777
BinVal : 14 12 1 0.04163 0.04163
BinVal : 15 0 0 0 0
BinVal : 15 1 0 0 0
BinVal : 15 2 0.2143 0.07596 0.07596
BinVal : 15 3 0.2857 0.09392 0.09392
BinVal : 15 4 0.863 0.04058 0.04058
BinVal : 15 5 0.9651 0.01021 0.01021
BinVal : 15 6 0.9808 0.005677 0.005677
BinVal : 15 7 0.9824 0.003988 0.003988
BinVal : 15 8 0.9849 0.002254 0.002254
BinVal : 15 9 0.9799 0.006956 0.006956
BinVal : 15 10 0.97 0.01913 0.01913
BinVal : 15 11 1 0.03331 0.03331
BinVal : 15 12 1 0.05871 0.05871
BinVal : 16 0 0 0 0
BinVal : 16 1 0 0 0
BinVal : 16 2 0.1515 0.06281 0.06281
BinVal : 16 3 0.3793 0.08611 0.08611
BinVal : 16 4 0.8353 0.04027 0.04027
BinVal : 16 5 0.9388 0.01422 0.01422
BinVal : 16 6 0.9764 0.006195 0.006195
BinVal : 16 7 0.9837 0.003612 0.003612
BinVal : 16 8 0.9869 0.002174 0.002174
BinVal : 16 9 0.9794 0.007129 0.007129
BinVal : 16 10 0.9792 0.01731 0.01731
BinVal : 16 11 1 0.04756 0.04756
BinVal : 16 12 0.9375 0.0721 0.0721
BinVal : 17 0 0 0 0
BinVal : 17 1 0 0 0
BinVal : 17 2 0.07692 0.04578 0.04578
BinVal : 17 3 0.4 0.0855 0.0855
BinVal : 17 4 0.8202 0.04064 0.04064
BinVal : 17 5 0.9297 0.01623 0.01623
BinVal : 17 6 0.9704 0.006649 0.006649
BinVal : 17 7 0.9807 0.003812 0.003812
BinVal : 17 8 0.9861 0.002241 0.002241
BinVal : 17 9 0.9754 0.00799 0.00799
BinVal : 17 10 1 0.0125 0.0125
BinVal : 17 11 0.9474 0.06258 0.06258
BinVal : 17 12 0.9375 0.0721 0.0721
BinVal : 18 0 0 0 0
BinVal : 18 1 0 0 0
BinVal : 18 2 0.1143 0.05546 0.05546
BinVal : 18 3 0.3462 0.08898 0.08898
BinVal : 18 4 0.8421 0.04193 0.04193
BinVal : 18 5 0.9407 0.01572 0.01572
BinVal : 18 6 0.9642 0.007447 0.007447
BinVal : 18 7 0.9758 0.004671 0.004671
BinVal : 18 8 0.9875 0.002337 0.002337
BinVal : 18 9 0.9722 0.009536 0.009536
BinVal : 18 10 1 0.01785 0.01785
BinVal : 18 11 0.9524 0.05752 0.05752
BinVal : 18 12 1 0.07666 0.07666
BinVal : 19 0 0 0 0
BinVal : 19 1 0 0 0
BinVal : 19 2 0.1818 0.1126 0.1126
BinVal : 19 3 0.4444 0.1437 0.1437
BinVal : 19 4 0.9091 0.05303 0.05303
BinVal : 19 5 0.9492 0.02131 0.02131
BinVal : 19 6 0.9572 0.01193 0.01193
BinVal : 19 7 0.9745 0.00788 0.00788
BinVal : 19 8 0.9872 0.003811 0.003811
BinVal : 19 9 0.9756 0.01568 0.01568
BinVal : 19 10 1 0.03843 0.03843
BinVal : 19 11 1 0.08299 0.08299
BinVal : 19 12 1 0.1633 0.1633
BinVal : 20 0 0 0 0
BinVal : 20 1 0 0 0
BinVal : 20 2 0 0 0
BinVal : 20 3 0 0 0
BinVal : 20 4 0 0 0
BinVal : 20 5 0 0 0
BinVal : 20 6 0 0 0
BinVal : 20 7 0 0 0
BinVal : 20 8 0 0 0
BinVal : 20 9 0 0 0
BinVal : 20 10 0 0 0
BinVal : 20 11 0 0 0
BinVal : 20 12 0 0 0
BinVal : 21 0 0 0 0
BinVal : 21 1 0 0 0
BinVal : 21 2 0 0 0
BinVal : 21 3 0 0 0
BinVal : 21 4 0 0 0
BinVal : 21 5 0 0 0
BinVal : 21 6 0 0 0
BinVal : 21 7 0 0 0
BinVal : 21 8 0 0 0
BinVal : 21 9 0 0 0
BinVal : 21 10 0 0 0
BinVal : 21 11 0 0 0
BinVal : 21 12 0 0 0
BinVal : 22 0 0 0 0
BinVal : 22 1 0 0 0
BinVal : 22 2 0.04167 0.03325 0.03325
BinVal : 22 3 0.3091 0.06104 0.06104
BinVal : 22 4 0.6321 0.04625 0.04625
BinVal : 22 5 0.7949 0.02137 0.02137
BinVal : 22 6 0.8094 0.01665 0.01665
BinVal : 22 7 0.8567 0.01308 0.01308
BinVal : 22 8 0.8599 0.009827 0.009827
BinVal : 22 9 0.8777 0.028 0.028
BinVal : 22 10 0.8857 0.05546 0.05546
BinVal : 22 11 0.7778 0.1286 0.1286
BinVal : 22 12 0.8 0.1597 0.1597
BinVal : 23 0 0 0 0
BinVal : 23 1 0 0 0
BinVal : 23 2 0.02381 0.03105 0.03105
BinVal : 23 3 0.1628 0.05637 0.05637
BinVal : 23 4 0.52 0.05657 0.05657
BinVal : 23 5 0.6953 0.02864 0.02864
BinVal : 23 6 0.7359 0.02227 0.02227
BinVal : 23 7 0.7597 0.01984 0.01984
BinVal : 23 8 0.7729 0.01548 0.01548
BinVal : 23 9 0.8148 0.04304 0.04304
BinVal : 23 10 0.8235 0.09116 0.09116
BinVal : 23 11 0.6 0.175 0.175
BinVal : 23 12 0.6 0.175 0.175
BinVal : 24 0 0 0 0
BinVal : 24 1 0 0 0
BinVal : 24 2 0 0 0
BinVal : 24 3 0.1471 0.06127 0.06127
BinVal : 24 4 0.6429 0.06257 0.06257
BinVal : 24 5 0.6986 0.03157 0.03157
BinVal : 24 6 0.8065 0.02242 0.02242
BinVal : 24 7 0.7464 0.02611 0.02611
BinVal : 24 8 0.7647 0.02096 0.02096
BinVal : 24 9 0.84 0.05197 0.05197
BinVal : 24 10 1 0.1237 0.1237
BinVal : 24 11 1 0.1237 0.1237
BinVal : 24 12 1 0.1237 0.1237
BinVal : 25 0 0 0 0
BinVal : 25 1 0 0 0
BinVal : 25 2 0 0 0
BinVal : 25 3 0.09524 0.06875 0.06875
BinVal : 25 4 0.566 0.06627 0.06627
BinVal : 25 5 0.76 0.03214 0.03214
BinVal : 25 6 0.7794 0.02509 0.02509
BinVal : 25 7 0.7619 0.03271 0.03271
BinVal : 25 8 0.812 0.02393 0.02393
BinVal : 25 9 0.8889 0.06296 0.06296
BinVal : 25 10 1 0.1633 0.1633
BinVal : 25 11 1 0.2357 0.2357
BinVal : 25 12 1 0.2357 0.2357
BinVal : 26 0 0 0 0
BinVal : 26 1 0 0 0
BinVal : 26 2 0 0 0
BinVal : 26 3 0.04167 0.05128 0.05128
BinVal : 26 4 0.4576 0.06329 0.06329
BinVal : 26 5 0.7134 0.03585 0.03585
BinVal : 26 6 0.7231 0.03188 0.03188
BinVal : 26 7 0.6957 0.04249 0.04249
BinVal : 26 8 0.7889 0.03033 0.03033
BinVal : 26 9 0.9167 0.09035 0.09035
BinVal : 26 10 1 0.2357 0.2357
BinVal : 26 11 1 0.2357 0.2357
BinVal : 26 12 1 0.2357 0.2357
BinVal : 27 0 0 0 0
BinVal : 27 1 0 0 0
BinVal : 27 2 0 0 0
BinVal : 27 3 0 0 0
BinVal : 27 4 0.4359 0.07658 0.07658
BinVal : 27 5 0.6139 0.04779 0.04779
BinVal : 27 6 0.6404 0.05012 0.05012
BinVal : 27 7 0.6212 0.0585 0.0585
BinVal : 27 8 0.6962 0.05101 0.05101
BinVal : 27 9 1 0.1633 0.1633
BinVal : 27 10 1 0.1633 0.1633
BinVal : 27 11 1 0.1633 0.1633
BinVal : 27 12 1 0.1633 0.1633
BinVal : 28 0 0 0 0
BinVal : 28 1 0 0 0
BinVal : 28 2 0 0 0
BinVal : 28 3 0 0 0
BinVal : 28 4 0.375 0.1477 0.1477
BinVal : 28 5 0.4118 0.1104 0.1104
BinVal : 28 6 0.3571 0.1174 0.1174
BinVal : 28 7 0.5714 0.1203 0.1203
BinVal : 28 8 0.5556 0.1437 0.1437
BinVal : 28 9 0.5556 0.1437 0.1437
BinVal : 28 10 0.5556 0.1437 0.1437
BinVal : 28 11 0.5556 0.1437 0.1437
BinVal : 28 12 0.5556 0.1437 0.1437
