D0NoteID : 0
EffName : SINGLEELE_ALL_v14
EffType : Binned
EffVarNames : DetEta pT
EffVersion : 6
ObjQuality : VLoose
ObjType : Electron
ObjVersion : 12
BinEdgesX : -3.2 -2.8 -2.5 -2.3 -2.1 -1.9 -1.7 -1.5 -1.3 -1.1 -0.9 -0.7 -0.5 -0.3 -0.1 0.1 0.3 0.5 0.7 0.9 1.1 1.3 1.5 1.7 1.9 2.1 2.3 2.5 2.8 3.2
BinEdgesY : 0 10 15 20 22 25 30 35 40 50 60 70 80 1000
BinVal : 0 0 0 0 0
BinVal : 0 1 0 0 0
BinVal : 0 2 0.15 0.0283 0.0283
BinVal : 0 3 0.3704 0.04589 0.04589
BinVal : 0 4 0.655 0.03608 0.03608
BinVal : 0 5 0.7345 0.02392 0.02392
BinVal : 0 6 0.8718 0.0203 0.0203
BinVal : 0 7 0.8618 0.02811 0.02811
BinVal : 0 8 0.9266 0.02001 0.02001
BinVal : 0 9 1 0.08299 0.08299
BinVal : 0 10 1 0.08299 0.08299
BinVal : 0 11 1 0.08299 0.08299
BinVal : 0 12 1 0.08299 0.08299
BinVal : 1 0 0 0 0
BinVal : 1 1 0 0 0
BinVal : 1 2 0.1954 0.03 0.03
BinVal : 1 3 0.4018 0.04575 0.04575
BinVal : 1 4 0.7318 0.03294 0.03294
BinVal : 1 5 0.8212 0.0195 0.0195
BinVal : 1 6 0.9381 0.01214 0.01214
BinVal : 1 7 0.9327 0.01773 0.01773
BinVal : 1 8 0.9722 0.01017 0.01017
BinVal : 1 9 1 0.03123 0.03123
BinVal : 1 10 1 0.1936 0.1936
BinVal : 1 11 1 0.1936 0.1936
BinVal : 1 12 1 0.1936 0.1936
BinVal : 2 0 0 0 0
BinVal : 2 1 0 0 0
BinVal : 2 2 0.2194 0.03311 0.03311
BinVal : 2 3 0.3905 0.04699 0.04699
BinVal : 2 4 0.7473 0.03206 0.03206
BinVal : 2 5 0.8177 0.01969 0.01969
BinVal : 2 6 0.9769 0.007536 0.007536
BinVal : 2 7 0.9791 0.009028 0.009028
BinVal : 2 8 0.9978 0.003153 0.003153
BinVal : 2 9 1 0.01666 0.01666
BinVal : 2 10 1 0.1237 0.1237
BinVal : 2 11 1 0.1237 0.1237
BinVal : 2 12 1 0.1237 0.1237
BinVal : 3 0 0 0 0
BinVal : 3 1 0 0 0
BinVal : 3 2 0.2789 0.03674 0.03674
BinVal : 3 3 0.5505 0.04701 0.04701
BinVal : 3 4 0.736 0.03126 0.03126
BinVal : 3 5 0.8224 0.01885 0.01885
BinVal : 3 6 0.9796 0.006645 0.006645
BinVal : 3 7 0.9821 0.006607 0.006607
BinVal : 3 8 0.9892 0.004328 0.004328
BinVal : 3 9 0.9714 0.02339 0.02339
BinVal : 3 10 1 0.08299 0.08299
BinVal : 3 11 1 0.1633 0.1633
BinVal : 3 12 1 0.2357 0.2357
BinVal : 4 0 0 0 0
BinVal : 4 1 0 0 0
BinVal : 4 2 0.3333 0.04367 0.04367
BinVal : 4 3 0.6117 0.04738 0.04738
BinVal : 4 4 0.7602 0.03038 0.03038
BinVal : 4 5 0.8735 0.01644 0.01644
BinVal : 4 6 0.9789 0.006529 0.006529
BinVal : 4 7 0.977 0.006255 0.006255
BinVal : 4 8 0.9884 0.003803 0.003803
BinVal : 4 9 0.9574 0.02256 0.02256
BinVal : 4 10 1 0.05871 0.05871
BinVal : 4 11 1 0.1102 0.1102
BinVal : 4 12 1 0.1936 0.1936
BinVal : 5 0 0 0 0
BinVal : 5 1 0 0 0
BinVal : 5 2 0.3196 0.04677 0.04677
BinVal : 5 3 0.6145 0.05255 0.05255
BinVal : 5 4 0.8251 0.02807 0.02807
BinVal : 5 5 0.9189 0.01253 0.01253
BinVal : 5 6 0.9858 0.005263 0.005263
BinVal : 5 7 0.984 0.004756 0.004756
BinVal : 5 8 0.9947 0.002321 0.002321
BinVal : 5 9 0.9866 0.01132 0.01132
BinVal : 5 10 1 0.0454 0.0454
BinVal : 5 11 1 0.1102 0.1102
BinVal : 5 12 1 0.1237 0.1237
BinVal : 6 0 0 0 0
BinVal : 6 1 0 0 0
BinVal : 6 2 0.3478 0.06832 0.06832
BinVal : 6 3 0.6765 0.0775 0.0775
BinVal : 6 4 0.8636 0.03685 0.03685
BinVal : 6 5 0.9519 0.01337 0.01337
BinVal : 6 6 0.9868 0.007283 0.007283
BinVal : 6 7 0.9901 0.005453 0.005453
BinVal : 6 8 0.9968 0.002719 0.002719
BinVal : 6 9 1 0.01087 0.01087
BinVal : 6 10 1 0.07122 0.07122
BinVal : 6 11 1 0.1633 0.1633
BinVal : 6 12 1 0.1409 0.1409
BinVal : 7 0 0 0 0
BinVal : 7 1 0 0 0
BinVal : 7 2 0 0 0
BinVal : 7 3 0 0 0
BinVal : 7 4 0 0 0
BinVal : 7 5 0 0 0
BinVal : 7 6 0 0 0
BinVal : 7 7 0 0 0
BinVal : 7 8 0 0 0
BinVal : 7 9 0 0 0
BinVal : 7 10 0 0 0
BinVal : 7 11 0 0 0
BinVal : 7 12 0 0 0
BinVal : 8 0 0 0 0
BinVal : 8 1 0 0 0
BinVal : 8 2 0 0 0
BinVal : 8 3 0 0 0
BinVal : 8 4 0 0 0
BinVal : 8 5 0 0 0
BinVal : 8 6 0 0 0
BinVal : 8 7 0 0 0
BinVal : 8 8 0 0 0
BinVal : 8 9 0 0 0
BinVal : 8 10 0 0 0
BinVal : 8 11 0 0 0
BinVal : 8 12 0 0 0
BinVal : 9 0 0 0 0
BinVal : 9 1 0 0 0
BinVal : 9 2 0.549 0.06774 0.06774
BinVal : 9 3 0.6667 0.07317 0.07317
BinVal : 9 4 0.87 0.03391 0.03391
BinVal : 9 5 0.962 0.01292 0.01292
BinVal : 9 6 0.9794 0.006384 0.006384
BinVal : 9 7 0.9914 0.003191 0.003191
BinVal : 9 8 0.9767 0.003544 0.003544
BinVal : 9 9 0.9753 0.009767 0.009767
BinVal : 9 10 0.9811 0.02501 0.02501
BinVal : 9 11 1 0.04163 0.04163
BinVal : 9 12 1 0.05255 0.05255
BinVal : 10 0 0 0 0
BinVal : 10 1 0 0 0
BinVal : 10 2 0.5932 0.06246 0.06246
BinVal : 10 3 0.7609 0.06186 0.06186
BinVal : 10 4 0.8814 0.03007 0.03007
BinVal : 10 5 0.9818 0.008731 0.008731
BinVal : 10 6 0.9874 0.005028 0.005028
BinVal : 10 7 0.9963 0.002084 0.002084
BinVal : 10 8 0.9931 0.001773 0.001773
BinVal : 10 9 0.9893 0.005899 0.005899
BinVal : 10 10 0.9867 0.01801 0.01801
BinVal : 10 11 1 0.03446 0.03446
BinVal : 10 12 1 0.05255 0.05255
BinVal : 11 0 0 0 0
BinVal : 11 1 0 0 0
BinVal : 11 2 0.6724 0.06036 0.06036
BinVal : 11 3 0.7674 0.06336 0.06336
BinVal : 11 4 0.9074 0.02847 0.02847
BinVal : 11 5 1 0.003145 0.003145
BinVal : 11 6 0.9965 0.003017 0.003017
BinVal : 11 7 0.999 0.00134 0.00134
BinVal : 11 8 0.998 0.0009773 0.0009773
BinVal : 11 9 1 0.00277 0.00277
BinVal : 11 10 1 0.0125 0.0125
BinVal : 11 11 1 0.03843 0.03843
BinVal : 11 12 1 0.04343 0.04343
BinVal : 12 0 0 0 0
BinVal : 12 1 0 0 0
BinVal : 12 2 0.7021 0.06518 0.06518
BinVal : 12 3 0.7561 0.06578 0.06578
BinVal : 12 4 0.9333 0.02357 0.02357
BinVal : 12 5 1 0.002725 0.002725
BinVal : 12 6 0.9949 0.003358 0.003358
BinVal : 12 7 0.997 0.002005 0.002005
BinVal : 12 8 0.9972 0.001113 0.001113
BinVal : 12 9 0.9972 0.003989 0.003989
BinVal : 12 10 1 0.01205 0.01205
BinVal : 12 11 1 0.03446 0.03446
BinVal : 12 12 1 0.03843 0.03843
BinVal : 13 0 0 0 0
BinVal : 13 1 0 0 0
BinVal : 13 2 0.7429 0.07204 0.07204
BinVal : 13 3 0.7931 0.07391 0.07391
BinVal : 13 4 0.9609 0.01833 0.01833
BinVal : 13 5 0.9902 0.005414 0.005414
BinVal : 13 6 0.9967 0.002863 0.002863
BinVal : 13 7 0.9967 0.002156 0.002156
BinVal : 13 8 0.9969 0.001149 0.001149
BinVal : 13 9 0.9974 0.003594 0.003594
BinVal : 13 10 1 0.01163 0.01163
BinVal : 13 11 1 0.02777 0.02777
BinVal : 13 12 1 0.03446 0.03446
BinVal : 14 0 0 0 0
BinVal : 14 1 0 0 0
BinVal : 14 2 0.7812 0.0717 0.0717
BinVal : 14 3 0.8077 0.0762 0.0762
BinVal : 14 4 0.9154 0.02493 0.02493
BinVal : 14 5 0.9725 0.008477 0.008477
BinVal : 14 6 0.989 0.004381 0.004381
BinVal : 14 7 0.99 0.003492 0.003492
BinVal : 14 8 0.9885 0.002078 0.002078
BinVal : 14 9 0.9905 0.005273 0.005273
BinVal : 14 10 0.9773 0.01882 0.01882
BinVal : 14 11 1 0.02777 0.02777
BinVal : 14 12 1 0.03029 0.03029
BinVal : 15 0 0 0 0
BinVal : 15 1 0 0 0
BinVal : 15 2 0.7353 0.07363 0.07363
BinVal : 15 3 0.7353 0.07363 0.07363
BinVal : 15 4 0.8702 0.02955 0.02955
BinVal : 15 5 0.9563 0.01093 0.01093
BinVal : 15 6 0.9809 0.005659 0.005659
BinVal : 15 7 0.9778 0.004671 0.004671
BinVal : 15 8 0.982 0.002593 0.002593
BinVal : 15 9 0.9885 0.005548 0.005548
BinVal : 15 10 0.975 0.02061 0.02061
BinVal : 15 11 1 0.03446 0.03446
BinVal : 15 12 1 0.02631 0.02631
BinVal : 16 0 0 0 0
BinVal : 16 1 0 0 0
BinVal : 16 2 0.6471 0.06526 0.06526
BinVal : 16 3 0.7091 0.06007 0.06007
BinVal : 16 4 0.8828 0.0287 0.0287
BinVal : 16 5 0.9644 0.01041 0.01041
BinVal : 16 6 0.9722 0.006813 0.006813
BinVal : 16 7 0.9782 0.004304 0.004304
BinVal : 16 8 0.983 0.002631 0.002631
BinVal : 16 9 0.9926 0.004896 0.004896
BinVal : 16 10 0.9851 0.02005 0.02005
BinVal : 16 11 1 0.03843 0.03843
BinVal : 16 12 0.9667 0.04214 0.04214
BinVal : 17 0 0 0 0
BinVal : 17 1 0 0 0
BinVal : 17 2 0.6182 0.06392 0.06392
BinVal : 17 3 0.7213 0.05647 0.05647
BinVal : 17 4 0.8722 0.02915 0.02915
BinVal : 17 5 0.9614 0.01126 0.01126
BinVal : 17 6 0.9711 0.006862 0.006862
BinVal : 17 7 0.9794 0.00415 0.00415
BinVal : 17 8 0.9818 0.002779 0.002779
BinVal : 17 9 0.9808 0.007612 0.007612
BinVal : 17 10 0.9857 0.01923 0.01923
BinVal : 17 11 1 0.03224 0.03224
BinVal : 17 12 0.9 0.07156 0.07156
BinVal : 18 0 0 0 0
BinVal : 18 1 0 0 0
BinVal : 18 2 0.549 0.06774 0.06774
BinVal : 18 3 0.8205 0.06115 0.06115
BinVal : 18 4 0.8778 0.03492 0.03492
BinVal : 18 5 0.9508 0.01367 0.01367
BinVal : 18 6 0.9806 0.006029 0.006029
BinVal : 18 7 0.9832 0.004157 0.004157
BinVal : 18 8 0.9851 0.002737 0.002737
BinVal : 18 9 0.9815 0.007992 0.007992
BinVal : 18 10 1 0.01695 0.01695
BinVal : 18 11 1 0.0294 0.0294
BinVal : 18 12 0.9286 0.08021 0.08021
BinVal : 19 0 0 0 0
BinVal : 19 1 0 0 0
BinVal : 19 2 0.4643 0.0896 0.0896
BinVal : 19 3 0.9231 0.08498 0.08498
BinVal : 19 4 0.9259 0.0556 0.0556
BinVal : 19 5 0.9646 0.01893 0.01893
BinVal : 19 6 0.9846 0.008437 0.008437
BinVal : 19 7 0.9926 0.00486 0.00486
BinVal : 19 8 0.99 0.003722 0.003722
BinVal : 19 9 0.9926 0.01021 0.01021
BinVal : 19 10 1 0.0454 0.0454
BinVal : 19 11 1 0.04993 0.04993
BinVal : 19 12 1 0.1237 0.1237
BinVal : 20 0 0 0 0
BinVal : 20 1 0 0 0
BinVal : 20 2 0 0 0
BinVal : 20 3 0 0 0
BinVal : 20 4 0 0 0
BinVal : 20 5 0 0 0
BinVal : 20 6 0 0 0
BinVal : 20 7 0 0 0
BinVal : 20 8 0 0 0
BinVal : 20 9 0 0 0
BinVal : 20 10 0 0 0
BinVal : 20 11 0 0 0
BinVal : 20 12 0 0 0
BinVal : 21 0 0 0 0
BinVal : 21 1 0 0 0
BinVal : 21 2 0 0 0
BinVal : 21 3 0 0 0
BinVal : 21 4 0 0 0
BinVal : 21 5 0 0 0
BinVal : 21 6 0 0 0
BinVal : 21 7 0 0 0
BinVal : 21 8 0 0 0
BinVal : 21 9 0 0 0
BinVal : 21 10 0 0 0
BinVal : 21 11 0 0 0
BinVal : 21 12 0 0 0
BinVal : 22 0 0 0 0
BinVal : 22 1 0 0 0
BinVal : 22 2 0.3619 0.04631 0.04631
BinVal : 22 3 0.6712 0.05407 0.05407
BinVal : 22 4 0.8308 0.02686 0.02686
BinVal : 22 5 0.9029 0.01413 0.01413
BinVal : 22 6 0.9671 0.007583 0.007583
BinVal : 22 7 0.9861 0.004549 0.004549
BinVal : 22 8 0.9842 0.003797 0.003797
BinVal : 22 9 0.9868 0.01117 0.01117
BinVal : 22 10 0.9677 0.04092 0.04092
BinVal : 22 11 1 0.1409 0.1409
BinVal : 22 12 1 0.09938 0.09938
BinVal : 23 0 0 0 0
BinVal : 23 1 0 0 0
BinVal : 23 2 0.2308 0.03676 0.03676
BinVal : 23 3 0.54 0.04911 0.04911
BinVal : 23 4 0.7285 0.02978 0.02978
BinVal : 23 5 0.8119 0.01906 0.01906
BinVal : 23 6 0.9537 0.008819 0.008819
BinVal : 23 7 0.9735 0.00649 0.00649
BinVal : 23 8 0.9822 0.004675 0.004675
BinVal : 23 9 0.9919 0.01118 0.01118
BinVal : 23 10 0.875 0.06944 0.06944
BinVal : 23 11 1 0.1936 0.1936
BinVal : 23 12 1 0.1633 0.1633
BinVal : 24 0 0 0 0
BinVal : 24 1 0 0 0
BinVal : 24 2 0.2179 0.03293 0.03293
BinVal : 24 3 0.3738 0.04619 0.04619
BinVal : 24 4 0.7078 0.03058 0.03058
BinVal : 24 5 0.8049 0.01956 0.01956
BinVal : 24 6 0.9442 0.01036 0.01036
BinVal : 24 7 0.9657 0.008372 0.008372
BinVal : 24 8 0.9737 0.006648 0.006648
BinVal : 24 9 1 0.01299 0.01299
BinVal : 24 10 0.8571 0.09466 0.09466
BinVal : 24 11 1 0.1633 0.1633
BinVal : 24 12 1 0.1936 0.1936
BinVal : 25 0 0 0 0
BinVal : 25 1 0 0 0
BinVal : 25 2 0.1429 0.0283 0.0283
BinVal : 25 3 0.3085 0.04706 0.04706
BinVal : 25 4 0.6973 0.03357 0.03357
BinVal : 25 5 0.8278 0.0199 0.0199
BinVal : 25 6 0.9484 0.01114 0.01114
BinVal : 25 7 0.9627 0.01141 0.01141
BinVal : 25 8 0.9737 0.008101 0.008101
BinVal : 25 9 1 0.03123 0.03123
BinVal : 25 10 1 0.1409 0.1409
BinVal : 25 11 1 0.2357 0.2357
BinVal : 25 12 1 0.2357 0.2357
BinVal : 26 0 0 0 0
BinVal : 26 1 0 0 0
BinVal : 26 2 0.1149 0.02437 0.02437
BinVal : 26 3 0.3333 0.0475 0.0475
BinVal : 26 4 0.698 0.03212 0.03212
BinVal : 26 5 0.7744 0.02113 0.02113
BinVal : 26 6 0.9278 0.01352 0.01352
BinVal : 26 7 0.9104 0.02039 0.02039
BinVal : 26 8 0.986 0.00771 0.00771
BinVal : 26 9 0.9412 0.06862 0.06862
BinVal : 26 10 1 0.1936 0.1936
BinVal : 26 11 1 0.1936 0.1936
BinVal : 26 12 1 0.2357 0.2357
BinVal : 27 0 0 0 0
BinVal : 27 1 0 0 0
BinVal : 27 2 0.1348 0.02571 0.02571
BinVal : 27 3 0.3077 0.04476 0.04476
BinVal : 27 4 0.6537 0.03302 0.03302
BinVal : 27 5 0.713 0.02453 0.02453
BinVal : 27 6 0.9023 0.01871 0.01871
BinVal : 27 7 0.8405 0.02871 0.02871
BinVal : 27 8 0.9655 0.01626 0.01626
BinVal : 27 9 0.875 0.1206 0.1206
BinVal : 27 10 1 0.2357 0.2357
BinVal : 27 11 1 0.2357 0.2357
BinVal : 27 12 1 0.2357 0.2357
BinVal : 28 0 0 0 0
BinVal : 28 1 0 0 0
BinVal : 28 2 0.1605 0.04086 0.04086
BinVal : 28 3 0.2653 0.06189 0.06189
BinVal : 28 4 0.593 0.05212 0.05212
BinVal : 28 5 0.6638 0.04339 0.04339
BinVal : 28 6 0.8923 0.03932 0.03932
BinVal : 28 7 0.8 0.05353 0.05353
BinVal : 28 8 0.92 0.05939 0.05939
BinVal : 28 9 1 0.2357 0.2357
BinVal : 28 10 1 0.2357 0.2357
BinVal : 28 11 1 0.2357 0.2357
BinVal : 28 12 1 0.2357 0.2357
