D0NoteID : 0
EffName : SINGLEELE_AND_EJETS_v13
EffType : Binned
EffVarNames : DetEta pT
EffVersion : 6
ObjQuality : Tight
ObjType : Electron
ObjVersion : 12
BinEdgesX : -3.2 -2.8 -2.5 -2.3 -2.1 -1.9 -1.7 -1.5 -1.3 -1.1 -0.9 -0.7 -0.5 -0.3 -0.1 0.1 0.3 0.5 0.7 0.9 1.1 1.3 1.5 1.7 1.9 2.1 2.3 2.5 2.8 3.2
BinEdgesY : 0 10 15 20 22 25 30 35 40 50 60 70 80 1000
BinVal : 0 0 0 0 0
BinVal : 0 1 0 0 0
BinVal : 0 2 0 0 0
BinVal : 0 3 0 0 0
BinVal : 0 4 0 0 0
BinVal : 0 5 0 0 0
BinVal : 0 6 0 0 0
BinVal : 0 7 0 0 0
BinVal : 0 8 0 0 0
BinVal : 0 9 0 0 0
BinVal : 0 10 0 0 0
BinVal : 0 11 0 0 0
BinVal : 0 12 0 0 0
BinVal : 1 0 0 0 0
BinVal : 1 1 0 0 0
BinVal : 1 2 0 0 0
BinVal : 1 3 0.1429 0.1315 0.1315
BinVal : 1 4 0.2 0.1597 0.1597
BinVal : 1 5 0.3636 0.09682 0.09682
BinVal : 1 6 0.55 0.1038 0.1038
BinVal : 1 7 0.6 0.1367 0.1367
BinVal : 1 8 0.85 0.08042 0.08042
BinVal : 1 9 1 0.2357 0.2357
BinVal : 1 10 1 0.2357 0.2357
BinVal : 1 11 1 0.2357 0.2357
BinVal : 1 12 1 0.2357 0.2357
BinVal : 2 0 0 0 0
BinVal : 2 1 0 0 0
BinVal : 2 2 0 0 0
BinVal : 2 3 0 0 0
BinVal : 2 4 0.3333 0.1614 0.1614
BinVal : 2 5 0.5 0.1091 0.1091
BinVal : 2 6 0.5455 0.09965 0.09965
BinVal : 2 7 0.6842 0.1005 0.1005
BinVal : 2 8 0.88 0.06714 0.06714
BinVal : 2 9 0.88 0.06714 0.06714
BinVal : 2 10 0.88 0.06714 0.06714
BinVal : 2 11 0.88 0.06714 0.06714
BinVal : 2 12 1 0.2357 0.2357
BinVal : 3 0 0 0 0
BinVal : 3 1 0 0 0
BinVal : 3 2 0 0 0
BinVal : 3 3 0 0 0
BinVal : 3 4 0.4 0.1367 0.1367
BinVal : 3 5 0.56 0.09391 0.09391
BinVal : 3 6 0.6562 0.08078 0.08078
BinVal : 3 7 0.6364 0.09682 0.09682
BinVal : 3 8 0.8485 0.06281 0.06281
BinVal : 3 9 0.8 0.1597 0.1597
BinVal : 3 10 0.8 0.1597 0.1597
BinVal : 3 11 0.8 0.1597 0.1597
BinVal : 3 12 1 0.2357 0.2357
BinVal : 4 0 0 0 0
BinVal : 4 1 0 0 0
BinVal : 4 2 0 0 0
BinVal : 4 3 0.25 0.1782 0.1782
BinVal : 4 4 0.3333 0.1126 0.1126
BinVal : 4 5 0.6071 0.08799 0.08799
BinVal : 4 6 0.6944 0.07443 0.07443
BinVal : 4 7 0.6604 0.06354 0.06354
BinVal : 4 8 0.8243 0.04418 0.04418
BinVal : 4 9 0.7143 0.1124 0.1124
BinVal : 4 10 0.7143 0.1124 0.1124
BinVal : 4 11 0.7143 0.1124 0.1124
BinVal : 4 12 0.7143 0.1124 0.1124
BinVal : 5 0 0 0 0
BinVal : 5 1 0 0 0
BinVal : 5 2 0 0 0
BinVal : 5 3 0.5 0.1667 0.1667
BinVal : 5 4 0.375 0.1118 0.1118
BinVal : 5 5 0.7241 0.08024 0.08024
BinVal : 5 6 0.7692 0.05765 0.05765
BinVal : 5 7 0.7614 0.04505 0.04505
BinVal : 5 8 0.8605 0.03065 0.03065
BinVal : 5 9 0.6667 0.1126 0.1126
BinVal : 5 10 1 0.1409 0.1409
BinVal : 5 11 1 0.1409 0.1409
BinVal : 5 12 1 0.1409 0.1409
BinVal : 6 0 0 0 0
BinVal : 6 1 0 0 0
BinVal : 6 2 0 0 0
BinVal : 6 3 0.5 0.189 0.189
BinVal : 6 4 0.5 0.1667 0.1667
BinVal : 6 5 0.8 0.09998 0.09998
BinVal : 6 6 0.7941 0.06835 0.06835
BinVal : 6 7 0.8298 0.05476 0.05476
BinVal : 6 8 0.8816 0.03761 0.03761
BinVal : 6 9 0.8 0.1597 0.1597
BinVal : 6 10 1 0.1409 0.1409
BinVal : 6 11 1 0.1409 0.1409
BinVal : 6 12 1 0.1409 0.1409
BinVal : 7 0 0 0 0
BinVal : 7 1 0 0 0
BinVal : 7 2 0 0 0
BinVal : 7 3 0 0 0
BinVal : 7 4 0 0 0
BinVal : 7 5 0 0 0
BinVal : 7 6 0 0 0
BinVal : 7 7 0 0 0
BinVal : 7 8 0 0 0
BinVal : 7 9 0 0 0
BinVal : 7 10 0 0 0
BinVal : 7 11 0 0 0
BinVal : 7 12 0 0 0
BinVal : 8 0 0 0 0
BinVal : 8 1 0 0 0
BinVal : 8 2 0 0 0
BinVal : 8 3 0 0 0
BinVal : 8 4 0 0 0
BinVal : 8 5 0 0 0
BinVal : 8 6 0 0 0
BinVal : 8 7 0 0 0
BinVal : 8 8 0 0 0
BinVal : 8 9 0 0 0
BinVal : 8 10 0 0 0
BinVal : 8 11 0 0 0
BinVal : 8 12 0 0 0
BinVal : 9 0 0 0 0
BinVal : 9 1 0 0 0
BinVal : 9 2 0 0 0
BinVal : 9 3 0 0 0
BinVal : 9 4 1 0.1237 0.1237
BinVal : 9 5 0.9545 0.05528 0.05528
BinVal : 9 6 0.8438 0.06444 0.06444
BinVal : 9 7 0.9674 0.02071 0.02071
BinVal : 9 8 0.9874 0.01062 0.01062
BinVal : 9 9 0.95 0.05994 0.05994
BinVal : 9 10 0.8571 0.1315 0.1315
BinVal : 9 11 1 0.1936 0.1936
BinVal : 9 12 1 0.2357 0.2357
BinVal : 10 0 0 0 0
BinVal : 10 1 0 0 0
BinVal : 10 2 0 0 0
BinVal : 10 3 0.6667 0.2 0.2
BinVal : 10 4 1 0.08299 0.08299
BinVal : 10 5 0.8519 0.06897 0.06897
BinVal : 10 6 0.9211 0.04685 0.04685
BinVal : 10 7 0.9583 0.02211 0.02211
BinVal : 10 8 0.9899 0.008574 0.008574
BinVal : 10 9 0.9688 0.03977 0.03977
BinVal : 10 10 0.8889 0.1113 0.1113
BinVal : 10 11 1 0.1936 0.1936
BinVal : 10 12 1 0.2357 0.2357
BinVal : 11 0 0 0 0
BinVal : 11 1 0 0 0
BinVal : 11 2 0 0 0
BinVal : 11 3 0.5714 0.1571 0.1571
BinVal : 11 4 0.8889 0.1113 0.1113
BinVal : 11 5 0.8462 0.07112 0.07112
BinVal : 11 6 0.973 0.03488 0.03488
BinVal : 11 7 0.9612 0.02068 0.02068
BinVal : 11 8 0.9706 0.01259 0.01259
BinVal : 11 9 1 0.02499 0.02499
BinVal : 11 10 1 0.09938 0.09938
BinVal : 11 11 1 0.2357 0.2357
BinVal : 11 12 1 0.2357 0.2357
BinVal : 12 0 0 0 0
BinVal : 12 1 0 0 0
BinVal : 12 2 0 0 0
BinVal : 12 3 0.5 0.189 0.189
BinVal : 12 4 0.9 0.1034 0.1034
BinVal : 12 5 0.9375 0.04794 0.04794
BinVal : 12 6 0.9512 0.03841 0.03841
BinVal : 12 7 0.9808 0.01603 0.01603
BinVal : 12 8 0.9683 0.01243 0.01243
BinVal : 12 9 1 0.0238 0.0238
BinVal : 12 10 1 0.08299 0.08299
BinVal : 12 11 1 0.2357 0.2357
BinVal : 12 12 1 0.2357 0.2357
BinVal : 13 0 0 0 0
BinVal : 13 1 0 0 0
BinVal : 13 2 0 0 0
BinVal : 13 3 0 0 0
BinVal : 13 4 1 0.0665 0.0665
BinVal : 13 5 0.925 0.04476 0.04476
BinVal : 13 6 0.92 0.04049 0.04049
BinVal : 13 7 0.9651 0.02208 0.02208
BinVal : 13 8 0.9821 0.009762 0.009762
BinVal : 13 9 0.9677 0.04092 0.04092
BinVal : 13 10 1 0.08299 0.08299
BinVal : 13 11 1 0.2357 0.2357
BinVal : 13 12 1 0.2357 0.2357
BinVal : 14 0 0 0 0
BinVal : 14 1 0 0 0
BinVal : 14 2 0 0 0
BinVal : 14 3 0 0 0
BinVal : 14 4 0.7778 0.1286 0.1286
BinVal : 14 5 0.8824 0.05685 0.05685
BinVal : 14 6 0.8929 0.04241 0.04241
BinVal : 14 7 0.9294 0.029 0.029
BinVal : 14 8 0.9765 0.01121 0.01121
BinVal : 14 9 0.9062 0.05446 0.05446
BinVal : 14 10 0.8333 0.1443 0.1443
BinVal : 14 11 1 0.2357 0.2357
BinVal : 14 12 1 0.1633 0.1633
BinVal : 15 0 0 0 0
BinVal : 15 1 0 0 0
BinVal : 15 2 0 0 0
BinVal : 15 3 1 0.2357 0.2357
BinVal : 15 4 0.4286 0.1571 0.1571
BinVal : 15 5 0.8333 0.07585 0.07585
BinVal : 15 6 0.9057 0.04166 0.04166
BinVal : 15 7 0.9556 0.02351 0.02351
BinVal : 15 8 0.9709 0.01247 0.01247
BinVal : 15 9 0.9062 0.05446 0.05446
BinVal : 15 10 0.6667 0.2 0.2
BinVal : 15 11 1 0.1936 0.1936
BinVal : 15 12 1 0.1409 0.1409
BinVal : 16 0 0 0 0
BinVal : 16 1 0 0 0
BinVal : 16 2 0.2 0.1597 0.1597
BinVal : 16 3 1 0.2357 0.2357
BinVal : 16 4 0.5714 0.1571 0.1571
BinVal : 16 5 0.8571 0.06693 0.06693
BinVal : 16 6 0.902 0.04312 0.04312
BinVal : 16 7 0.9149 0.0296 0.0296
BinVal : 16 8 0.9275 0.01903 0.01903
BinVal : 16 9 0.9583 0.05128 0.05128
BinVal : 16 10 1 0.1633 0.1633
BinVal : 16 11 1 0.1936 0.1936
BinVal : 16 12 1 0.1633 0.1633
BinVal : 17 0 0 0 0
BinVal : 17 1 0 0 0
BinVal : 17 2 0.1667 0.1443 0.1443
BinVal : 17 3 0.5 0.2236 0.2236
BinVal : 17 4 0.75 0.1782 0.1782
BinVal : 17 5 0.8077 0.0762 0.0762
BinVal : 17 6 0.8333 0.0538 0.0538
BinVal : 17 7 0.9 0.03056 0.03056
BinVal : 17 8 0.9162 0.02104 0.02104
BinVal : 17 9 1 0.0294 0.0294
BinVal : 17 10 1 0.1237 0.1237
BinVal : 17 11 1 0.2357 0.2357
BinVal : 17 12 1 0.1936 0.1936
BinVal : 18 0 0 0 0
BinVal : 18 1 0 0 0
BinVal : 18 2 0 0 0
BinVal : 18 3 0.5 0.2236 0.2236
BinVal : 18 4 0.6667 0.2 0.2
BinVal : 18 5 0.7857 0.105 0.105
BinVal : 18 6 0.8857 0.05546 0.05546
BinVal : 18 7 0.9655 0.02184 0.02184
BinVal : 18 8 0.9527 0.01829 0.01829
BinVal : 18 9 1 0.03569 0.03569
BinVal : 18 10 1 0.1409 0.1409
BinVal : 18 11 1 0.2357 0.2357
BinVal : 18 12 1 0.2357 0.2357
BinVal : 19 0 0 0 0
BinVal : 19 1 0 0 0
BinVal : 19 2 0 0 0
BinVal : 19 3 0 0 0
BinVal : 19 4 0.5 0.2236 0.2236
BinVal : 19 5 1 0.1409 0.1409
BinVal : 19 6 1 0.06236 0.06236
BinVal : 19 7 0.975 0.03248 0.03248
BinVal : 19 8 0.9429 0.02975 0.02975
BinVal : 19 9 1 0.09938 0.09938
BinVal : 19 10 1 0.2357 0.2357
BinVal : 19 11 1 0.2357 0.2357
BinVal : 19 12 1 0.2357 0.2357
BinVal : 20 0 0 0 0
BinVal : 20 1 0 0 0
BinVal : 20 2 0 0 0
BinVal : 20 3 0 0 0
BinVal : 20 4 0 0 0
BinVal : 20 5 0 0 0
BinVal : 20 6 0 0 0
BinVal : 20 7 0 0 0
BinVal : 20 8 0 0 0
BinVal : 20 9 0 0 0
BinVal : 20 10 0 0 0
BinVal : 20 11 0 0 0
BinVal : 20 12 0 0 0
BinVal : 21 0 0 0 0
BinVal : 21 1 0 0 0
BinVal : 21 2 0 0 0
BinVal : 21 3 0 0 0
BinVal : 21 4 0 0 0
BinVal : 21 5 0 0 0
BinVal : 21 6 0 0 0
BinVal : 21 7 0 0 0
BinVal : 21 8 0 0 0
BinVal : 21 9 0 0 0
BinVal : 21 10 0 0 0
BinVal : 21 11 0 0 0
BinVal : 21 12 0 0 0
BinVal : 22 0 0 0 0
BinVal : 22 1 0 0 0
BinVal : 22 2 0 0 0
BinVal : 22 3 0.2 0.1597 0.1597
BinVal : 22 4 0.5455 0.1332 0.1332
BinVal : 22 5 0.6739 0.06734 0.06734
BinVal : 22 6 0.8387 0.06615 0.06615
BinVal : 22 7 0.8873 0.03822 0.03822
BinVal : 22 8 0.8761 0.03127 0.03127
BinVal : 22 9 1 0.07666 0.07666
BinVal : 22 10 1 0.07666 0.07666
BinVal : 22 11 1 0.07666 0.07666
BinVal : 22 12 1 0.2357 0.2357
BinVal : 23 0 0 0 0
BinVal : 23 1 0 0 0
BinVal : 23 2 0 0 0
BinVal : 23 3 0.1667 0.1443 0.1443
BinVal : 23 4 0.25 0.1166 0.1166
BinVal : 23 5 0.5128 0.07713 0.07713
BinVal : 23 6 0.7353 0.07363 0.07363
BinVal : 23 7 0.9273 0.03714 0.03714
BinVal : 23 8 0.8636 0.04264 0.04264
BinVal : 23 9 0.5 0.189 0.189
BinVal : 23 10 0.5 0.189 0.189
BinVal : 23 11 0.5 0.189 0.189
BinVal : 23 12 1 0.2357 0.2357
BinVal : 24 0 0 0 0
BinVal : 24 1 0 0 0
BinVal : 24 2 0 0 0
BinVal : 24 3 0 0 0
BinVal : 24 4 0.1429 0.1315 0.1315
BinVal : 24 5 0.5294 0.08207 0.08207
BinVal : 24 6 0.7879 0.06999 0.06999
BinVal : 24 7 1 0.02563 0.02563
BinVal : 24 8 0.8958 0.0455 0.0455
BinVal : 24 9 0.6 0.175 0.175
BinVal : 24 10 0.6 0.175 0.175
BinVal : 24 11 0.6 0.175 0.175
BinVal : 24 12 0.6 0.175 0.175
BinVal : 25 0 0 0 0
BinVal : 25 1 0 0 0
BinVal : 25 2 0 0 0
BinVal : 25 3 0 0 0
BinVal : 25 4 0.5 0.1667 0.1667
BinVal : 25 5 0.5455 0.09965 0.09965
BinVal : 25 6 0.6552 0.08458 0.08458
BinVal : 25 7 1 0.04756 0.04756
BinVal : 25 8 0.9375 0.04794 0.04794
BinVal : 25 9 0.75 0.1782 0.1782
BinVal : 25 10 0.75 0.1782 0.1782
BinVal : 25 11 0.75 0.1782 0.1782
BinVal : 25 12 0.75 0.1782 0.1782
BinVal : 26 0 0 0 0
BinVal : 26 1 0 0 0
BinVal : 26 2 0 0 0
BinVal : 26 3 0 0 0
BinVal : 26 4 0.4444 0.1437 0.1437
BinVal : 26 5 0.6 0.116 0.116
BinVal : 26 6 0.5455 0.09965 0.09965
BinVal : 26 7 1 0.09938 0.09938
BinVal : 26 8 0.9412 0.06862 0.06862
BinVal : 26 9 0.6667 0.2 0.2
BinVal : 26 10 0.6667 0.2 0.2
BinVal : 26 11 0.6667 0.2 0.2
BinVal : 26 12 0.6667 0.2 0.2
BinVal : 27 0 0 0 0
BinVal : 27 1 0 0 0
BinVal : 27 2 0 0 0
BinVal : 27 3 0 0 0
BinVal : 27 4 0.1667 0.1443 0.1443
BinVal : 27 5 0.6 0.1367 0.1367
BinVal : 27 6 0.6 0.1367 0.1367
BinVal : 27 7 1 0.1409 0.1409
BinVal : 27 8 0.9167 0.09035 0.09035
BinVal : 27 9 0.9167 0.09035 0.09035
BinVal : 27 10 0.9167 0.09035 0.09035
BinVal : 27 11 0.9167 0.09035 0.09035
BinVal : 27 12 0.9167 0.09035 0.09035
BinVal : 28 0 0 0 0
BinVal : 28 1 0 0 0
BinVal : 28 2 0 0 0
BinVal : 28 3 0 0 0
BinVal : 28 4 0 0 0
BinVal : 28 5 1 0.1936 0.1936
BinVal : 28 6 0.5 0.2236 0.2236
BinVal : 28 7 0.5 0.2236 0.2236
BinVal : 28 8 1 0.2357 0.2357
BinVal : 28 9 1 0.2357 0.2357
BinVal : 28 10 1 0.2357 0.2357
BinVal : 28 11 1 0.2357 0.2357
BinVal : 28 12 1 0.2357 0.2357
