D0NoteID : 0
EffName : SINGLEELE_AND_GROUP1_v155
EffType : Binned
EffVarNames : DetEta pT
EffVersion : 6
ObjQuality : Loose
ObjType : Electron
ObjVersion : 11
BinEdgesX : -3.2 -2.8 -2.5 -2.3 -2.1 -1.9 -1.7 -1.5 -1.3 -1.1 -0.9 -0.7 -0.5 -0.3 -0.1 0.1 0.3 0.5 0.7 0.9 1.1 1.3 1.5 1.7 1.9 2.1 2.3 2.5 2.8 3.2
BinEdgesY : 0 10 15 20 22 25 30 35 40 50 60 70 80 1000
BinVal : 0 0 0 0 0
BinVal : 0 1 0 0 0
BinVal : 0 2 0.003155 0.004412 0.004412
BinVal : 0 3 0.01212 0.01025 0.01025
BinVal : 0 4 0.06425 0.01313 0.01313
BinVal : 0 5 0.461 0.01856 0.01856
BinVal : 0 6 0.654 0.01969 0.01969
BinVal : 0 7 0.6128 0.02678 0.02678
BinVal : 0 8 0.6722 0.02456 0.02456
BinVal : 0 9 0.75 0.1028 0.1028
BinVal : 0 10 1 0.1936 0.1936
BinVal : 0 11 1 0.1936 0.1936
BinVal : 0 12 1 0.1936 0.1936
BinVal : 1 0 0 0 0
BinVal : 1 1 0 0 0
BinVal : 1 2 0.003021 0.004228 0.004228
BinVal : 1 3 0.01485 0.009684 0.009684
BinVal : 1 4 0.1508 0.01725 0.01725
BinVal : 1 5 0.6488 0.01591 0.01591
BinVal : 1 6 0.8071 0.01317 0.01317
BinVal : 1 7 0.8119 0.01711 0.01711
BinVal : 1 8 0.8346 0.01422 0.01422
BinVal : 1 9 0.9245 0.03842 0.03842
BinVal : 1 10 1 0.09045 0.09045
BinVal : 1 11 1 0.09045 0.09045
BinVal : 1 12 1 0.2357 0.2357
BinVal : 2 0 0 0 0
BinVal : 2 1 0 0 0
BinVal : 2 2 0 0 0
BinVal : 2 3 0.01075 0.009115 0.009115
BinVal : 2 4 0.2241 0.02044 0.02044
BinVal : 2 5 0.7057 0.0152 0.0152
BinVal : 2 6 0.8522 0.011 0.011
BinVal : 2 7 0.8794 0.01175 0.01175
BinVal : 2 8 0.8998 0.009722 0.009722
BinVal : 2 9 0.9512 0.02566 0.02566
BinVal : 2 10 1 0.05546 0.05546
BinVal : 2 11 1 0.1633 0.1633
BinVal : 2 12 1 0.1936 0.1936
BinVal : 3 0 0 0 0
BinVal : 3 1 0 0 0
BinVal : 3 2 0 0 0
BinVal : 3 3 0.02252 0.01076 0.01076
BinVal : 3 4 0.2138 0.01848 0.01848
BinVal : 3 5 0.7175 0.01468 0.01468
BinVal : 3 6 0.8096 0.01142 0.01142
BinVal : 3 7 0.857 0.01025 0.01025
BinVal : 3 8 0.8919 0.00824 0.00824
BinVal : 3 9 0.9632 0.0173 0.0173
BinVal : 3 10 1 0.03701 0.03701
BinVal : 3 11 1 0.1237 0.1237
BinVal : 3 12 1 0.1409 0.1409
BinVal : 4 0 0 0 0
BinVal : 4 1 0 0 0
BinVal : 4 2 0.003257 0.004555 0.004555
BinVal : 4 3 0.02564 0.01102 0.01102
BinVal : 4 4 0.2756 0.01925 0.01925
BinVal : 4 5 0.7526 0.01332 0.01332
BinVal : 4 6 0.7944 0.01099 0.01099
BinVal : 4 7 0.8394 0.009305 0.009305
BinVal : 4 8 0.893 0.006763 0.006763
BinVal : 4 9 0.972 0.01102 0.01102
BinVal : 4 10 1 0.02563 0.02563
BinVal : 4 11 1 0.08299 0.08299
BinVal : 4 12 1 0.1409 0.1409
BinVal : 5 0 0 0 0
BinVal : 5 1 0 0 0
BinVal : 5 2 0.02691 0.01155 0.01155
BinVal : 5 3 0.1077 0.02238 0.02238
BinVal : 5 4 0.42 0.02244 0.02244
BinVal : 5 5 0.8074 0.01183 0.01183
BinVal : 5 6 0.8504 0.009118 0.009118
BinVal : 5 7 0.8698 0.007957 0.007957
BinVal : 5 8 0.9233 0.004997 0.004997
BinVal : 5 9 0.9659 0.009982 0.009982
BinVal : 5 10 1 0.01852 0.01852
BinVal : 5 11 1 0.05871 0.05871
BinVal : 5 12 1 0.07122 0.07122
BinVal : 6 0 0 0 0
BinVal : 6 1 0 0 0
BinVal : 6 2 0.05682 0.02615 0.02615
BinVal : 6 3 0.2111 0.04277 0.04277
BinVal : 6 4 0.4784 0.03259 0.03259
BinVal : 6 5 0.852 0.0151 0.0151
BinVal : 6 6 0.8896 0.01119 0.01119
BinVal : 6 7 0.902 0.009775 0.009775
BinVal : 6 8 0.9455 0.005673 0.005673
BinVal : 6 9 0.9639 0.0141 0.0141
BinVal : 6 10 1 0.03029 0.03029
BinVal : 6 11 1 0.09938 0.09938
BinVal : 6 12 1 0.07666 0.07666
BinVal : 7 0 0 0 0
BinVal : 7 1 0 0 0
BinVal : 7 2 0 0 0
BinVal : 7 3 0 0 0
BinVal : 7 4 0 0 0
BinVal : 7 5 0 0 0
BinVal : 7 6 0 0 0
BinVal : 7 7 0 0 0
BinVal : 7 8 0 0 0
BinVal : 7 9 0 0 0
BinVal : 7 10 0 0 0
BinVal : 7 11 0 0 0
BinVal : 7 12 0 0 0
BinVal : 8 0 0 0 0
BinVal : 8 1 0 0 0
BinVal : 8 2 0 0 0
BinVal : 8 3 0 0 0
BinVal : 8 4 0 0 0
BinVal : 8 5 0 0 0
BinVal : 8 6 0 0 0
BinVal : 8 7 0 0 0
BinVal : 8 8 0 0 0
BinVal : 8 9 0 0 0
BinVal : 8 10 0 0 0
BinVal : 8 11 0 0 0
BinVal : 8 12 0 0 0
BinVal : 9 0 0 0 0
BinVal : 9 1 0 0 0
BinVal : 9 2 0.1215 0.0319 0.0319
BinVal : 9 3 0.3494 0.05153 0.05153
BinVal : 9 4 0.6082 0.0348 0.0348
BinVal : 9 5 0.9349 0.01058 0.01058
BinVal : 9 6 0.9643 0.005207 0.005207
BinVal : 9 7 0.9645 0.003964 0.003964
BinVal : 9 8 0.9849 0.001819 0.001819
BinVal : 9 9 0.9909 0.003647 0.003647
BinVal : 9 10 1 0.007874 0.007874
BinVal : 9 11 1 0.0204 0.0204
BinVal : 9 12 1 0.03701 0.03701
BinVal : 10 0 0 0 0
BinVal : 10 1 0 0 0
BinVal : 10 2 0.2035 0.03773 0.03773
BinVal : 10 3 0.4205 0.05178 0.05178
BinVal : 10 4 0.6128 0.03159 0.03159
BinVal : 10 5 0.9251 0.01069 0.01069
BinVal : 10 6 0.9619 0.005278 0.005278
BinVal : 10 7 0.9712 0.003338 0.003338
BinVal : 10 8 0.9842 0.001665 0.001665
BinVal : 10 9 0.987 0.003868 0.003868
BinVal : 10 10 1 0.006024 0.006024
BinVal : 10 11 1 0.01587 0.01587
BinVal : 10 12 1 0.02222 0.02222
BinVal : 11 0 0 0 0
BinVal : 11 1 0 0 0
BinVal : 11 2 0.1682 0.03617 0.03617
BinVal : 11 3 0.4675 0.05579 0.05579
BinVal : 11 4 0.6513 0.03072 0.03072
BinVal : 11 5 0.9421 0.009068 0.009068
BinVal : 11 6 0.9601 0.005571 0.005571
BinVal : 11 7 0.9774 0.002928 0.002928
BinVal : 11 8 0.985 0.001576 0.001576
BinVal : 11 9 0.9892 0.003543 0.003543
BinVal : 11 10 1 0.005155 0.005155
BinVal : 11 11 1 0.0137 0.0137
BinVal : 11 12 1 0.0147 0.0147
BinVal : 12 0 0 0 0
BinVal : 12 1 0 0 0
BinVal : 12 2 0.1042 0.03173 0.03173
BinVal : 12 3 0.4118 0.05846 0.05846
BinVal : 12 4 0.6355 0.0327 0.0327
BinVal : 12 5 0.9552 0.00782 0.00782
BinVal : 12 6 0.9677 0.004954 0.004954
BinVal : 12 7 0.9759 0.003091 0.003091
BinVal : 12 8 0.9852 0.00152 0.00152
BinVal : 12 9 0.9927 0.002914 0.002914
BinVal : 12 10 1 0.004878 0.004878
BinVal : 12 11 1 0.0125 0.0125
BinVal : 12 12 1 0.0147 0.0147
BinVal : 13 0 0 0 0
BinVal : 13 1 0 0 0
BinVal : 13 2 0.1512 0.03877 0.03877
BinVal : 13 3 0.3913 0.0576 0.0576
BinVal : 13 4 0.6037 0.03299 0.03299
BinVal : 13 5 0.9537 0.00772 0.00772
BinVal : 13 6 0.9716 0.004534 0.004534
BinVal : 13 7 0.9799 0.002956 0.002956
BinVal : 13 8 0.987 0.00139 0.00139
BinVal : 13 9 0.9912 0.003072 0.003072
BinVal : 13 10 0.9948 0.007197 0.007197
BinVal : 13 11 1 0.01163 0.01163
BinVal : 13 12 1 0.01923 0.01923
BinVal : 14 0 0 0 0
BinVal : 14 1 0 0 0
BinVal : 14 2 0.1127 0.03822 0.03822
BinVal : 14 3 0.3735 0.05225 0.05225
BinVal : 14 4 0.6195 0.0321 0.0321
BinVal : 14 5 0.9616 0.00684 0.00684
BinVal : 14 6 0.9689 0.00465 0.00465
BinVal : 14 7 0.9788 0.003023 0.003023
BinVal : 14 8 0.9866 0.001407 0.001407
BinVal : 14 9 0.9863 0.003628 0.003628
BinVal : 14 10 0.995 0.006882 0.006882
BinVal : 14 11 1 0.01333 0.01333
BinVal : 14 12 1 0.01639 0.01639
BinVal : 15 0 0 0 0
BinVal : 15 1 0 0 0
BinVal : 15 2 0.12 0.03806 0.03806
BinVal : 15 3 0.4118 0.0525 0.0525
BinVal : 15 4 0.6245 0.03128 0.03128
BinVal : 15 5 0.9567 0.007236 0.007236
BinVal : 15 6 0.9736 0.004338 0.004338
BinVal : 15 7 0.9764 0.00308 0.00308
BinVal : 15 8 0.9832 0.001598 0.001598
BinVal : 15 9 0.9869 0.003589 0.003589
BinVal : 15 10 1 0.005155 0.005155
BinVal : 15 11 1 0.01492 0.01492
BinVal : 15 12 1 0.01754 0.01754
BinVal : 16 0 0 0 0
BinVal : 16 1 0 0 0
BinVal : 16 2 0.1446 0.03881 0.03881
BinVal : 16 3 0.3816 0.05474 0.05474
BinVal : 16 4 0.6154 0.03162 0.03162
BinVal : 16 5 0.9467 0.008373 0.008373
BinVal : 16 6 0.9761 0.004035 0.004035
BinVal : 16 7 0.9805 0.002727 0.002727
BinVal : 16 8 0.9827 0.001658 0.001658
BinVal : 16 9 0.9892 0.003368 0.003368
BinVal : 16 10 1 0.005376 0.005376
BinVal : 16 11 1 0.01205 0.01205
BinVal : 16 12 1 0.02222 0.02222
BinVal : 17 0 0 0 0
BinVal : 17 1 0 0 0
BinVal : 17 2 0.1375 0.0388 0.0388
BinVal : 17 3 0.3452 0.0511 0.0511
BinVal : 17 4 0.6154 0.03579 0.03579
BinVal : 17 5 0.9242 0.01081 0.01081
BinVal : 17 6 0.9672 0.004648 0.004648
BinVal : 17 7 0.982 0.002572 0.002572
BinVal : 17 8 0.9833 0.001683 0.001683
BinVal : 17 9 0.991 0.003126 0.003126
BinVal : 17 10 0.9944 0.007835 0.007835
BinVal : 17 11 1 0.0125 0.0125
BinVal : 17 12 1 0.0196 0.0196
BinVal : 18 0 0 0 0
BinVal : 18 1 0 0 0
BinVal : 18 2 0.1489 0.03687 0.03687
BinVal : 18 3 0.4026 0.05488 0.05488
BinVal : 18 4 0.64 0.03601 0.03601
BinVal : 18 5 0.9192 0.01202 0.01202
BinVal : 18 6 0.9566 0.005611 0.005611
BinVal : 18 7 0.9786 0.003023 0.003023
BinVal : 18 8 0.9828 0.001891 0.001891
BinVal : 18 9 0.9939 0.002967 0.002967
BinVal : 18 10 0.993 0.009719 0.009719
BinVal : 18 11 1 0.01754 0.01754
BinVal : 18 12 1 0.02222 0.02222
BinVal : 19 0 0 0 0
BinVal : 19 1 0 0 0
BinVal : 19 2 0.16 0.05197 0.05197
BinVal : 19 3 0.4194 0.08476 0.08476
BinVal : 19 4 0.6632 0.04786 0.04786
BinVal : 19 5 0.9465 0.0148 0.0148
BinVal : 19 6 0.9529 0.008791 0.008791
BinVal : 19 7 0.9728 0.005344 0.005344
BinVal : 19 8 0.982 0.003046 0.003046
BinVal : 19 9 0.994 0.00517 0.00517
BinVal : 19 10 1 0.01492 0.01492
BinVal : 19 11 1 0.0454 0.0454
BinVal : 19 12 1 0.05255 0.05255
BinVal : 20 0 0 0 0
BinVal : 20 1 0 0 0
BinVal : 20 2 0 0 0
BinVal : 20 3 0 0 0
BinVal : 20 4 0 0 0
BinVal : 20 5 0 0 0
BinVal : 20 6 0 0 0
BinVal : 20 7 0 0 0
BinVal : 20 8 0 0 0
BinVal : 20 9 0 0 0
BinVal : 20 10 0 0 0
BinVal : 20 11 0 0 0
BinVal : 20 12 0 0 0
BinVal : 21 0 0 0 0
BinVal : 21 1 0 0 0
BinVal : 21 2 0 0 0
BinVal : 21 3 0 0 0
BinVal : 21 4 0 0 0
BinVal : 21 5 0 0 0
BinVal : 21 6 0 0 0
BinVal : 21 7 0 0 0
BinVal : 21 8 0 0 0
BinVal : 21 9 0 0 0
BinVal : 21 10 0 0 0
BinVal : 21 11 0 0 0
BinVal : 21 12 0 0 0
BinVal : 22 0 0 0 0
BinVal : 22 1 0 0 0
BinVal : 22 2 0.0431 0.01381 0.01381
BinVal : 22 3 0.1324 0.02382 0.02382
BinVal : 22 4 0.417 0.02239 0.02239
BinVal : 22 5 0.8042 0.01192 0.01192
BinVal : 22 6 0.8604 0.008915 0.008915
BinVal : 22 7 0.8899 0.007464 0.007464
BinVal : 22 8 0.9143 0.005274 0.005274
BinVal : 22 9 0.9688 0.009605 0.009605
BinVal : 22 10 1 0.01389 0.01389
BinVal : 22 11 0.9474 0.06258 0.06258
BinVal : 22 12 1 0.05546 0.05546
BinVal : 23 0 0 0 0
BinVal : 23 1 0 0 0
BinVal : 23 2 0.007092 0.006056 0.006056
BinVal : 23 3 0.0303 0.0119 0.0119
BinVal : 23 4 0.2789 0.02034 0.02034
BinVal : 23 5 0.7354 0.01343 0.01343
BinVal : 23 6 0.8093 0.0105 0.0105
BinVal : 23 7 0.8292 0.00976 0.00976
BinVal : 23 8 0.8823 0.007012 0.007012
BinVal : 23 9 0.9617 0.01232 0.01232
BinVal : 23 10 1 0.01886 0.01886
BinVal : 23 11 1 0.08299 0.08299
BinVal : 23 12 1 0.1102 0.1102
BinVal : 24 0 0 0 0
BinVal : 24 1 0 0 0
BinVal : 24 2 0.002732 0.003827 0.003827
BinVal : 24 3 0.003968 0.005535 0.005535
BinVal : 24 4 0.2528 0.02061 0.02061
BinVal : 24 5 0.733 0.0143 0.0143
BinVal : 24 6 0.817 0.01105 0.01105
BinVal : 24 7 0.8477 0.01054 0.01054
BinVal : 24 8 0.8929 0.007958 0.007958
BinVal : 24 9 0.9568 0.01677 0.01677
BinVal : 24 10 1 0.03997 0.03997
BinVal : 24 11 1 0.1409 0.1409
BinVal : 24 12 1 0.1633 0.1633
BinVal : 25 0 0 0 0
BinVal : 25 1 0 0 0
BinVal : 25 2 0.002525 0.00354 0.00354
BinVal : 25 3 0.004975 0.006915 0.006915
BinVal : 25 4 0.1695 0.01846 0.01846
BinVal : 25 5 0.7525 0.01436 0.01436
BinVal : 25 6 0.8553 0.01116 0.01116
BinVal : 25 7 0.8691 0.01192 0.01192
BinVal : 25 8 0.8919 0.009929 0.009929
BinVal : 25 9 0.9524 0.02002 0.02002
BinVal : 25 10 1 0.1237 0.1237
BinVal : 25 11 1 0.1936 0.1936
BinVal : 25 12 1 0.1936 0.1936
BinVal : 26 0 0 0 0
BinVal : 26 1 0 0 0
BinVal : 26 2 0.002475 0.00347 0.00347
BinVal : 26 3 0.0102 0.008659 0.008659
BinVal : 26 4 0.1474 0.0169 0.0169
BinVal : 26 5 0.6552 0.0153 0.0153
BinVal : 26 6 0.7932 0.01388 0.01388
BinVal : 26 7 0.7899 0.01733 0.01733
BinVal : 26 8 0.8218 0.01468 0.01468
BinVal : 26 9 0.9398 0.02762 0.02762
BinVal : 26 10 1 0.1409 0.1409
BinVal : 26 11 1 0.1409 0.1409
BinVal : 26 12 1 0.1409 0.1409
BinVal : 27 0 0 0 0
BinVal : 27 1 0 0 0
BinVal : 27 2 0 0 0
BinVal : 27 3 0.005348 0.007423 0.007423
BinVal : 27 4 0.1027 0.01586 0.01586
BinVal : 27 5 0.4536 0.01784 0.01784
BinVal : 27 6 0.623 0.02048 0.02048
BinVal : 27 7 0.5847 0.02608 0.02608
BinVal : 27 8 0.6911 0.02357 0.02357
BinVal : 27 9 0.8696 0.0719 0.0719
BinVal : 27 10 1 0.1633 0.1633
BinVal : 27 11 1 0.1633 0.1633
BinVal : 27 12 1 0.1633 0.1633
BinVal : 28 0 0 0 0
BinVal : 28 1 0 0 0
BinVal : 28 2 0 0 0
BinVal : 28 3 0 0 0
BinVal : 28 4 0 0 0
BinVal : 28 5 0.2537 0.0265 0.0265
BinVal : 28 6 0.4067 0.03973 0.03973
BinVal : 28 7 0.371 0.04291 0.04291
BinVal : 28 8 0.4706 0.05321 0.05321
BinVal : 28 9 1 0.2357 0.2357
BinVal : 28 10 1 0.2357 0.2357
BinVal : 28 11 1 0.2357 0.2357
BinVal : 28 12 1 0.2357 0.2357
