D0NoteID : 0
EffName : SINGLEELE_AND_GROUP1_v165
EffType : Binned
EffVarNames : DetEta pT
EffVersion : 6
ObjQuality : Point05
ObjType : Electron
ObjVersion : 1
TriggerVersion : v16
TriggerVersionHigh : 16.99
TriggerVersionLow : 16.50
BinEdgesX : -3.2 -2.8 -2.5 -2.3 -2.1 -1.9 -1.7 -1.5 -1.3 -1.1 -0.9 -0.7 -0.5 -0.3 -0.1 0.1 0.3 0.5 0.7 0.9 1.1 1.3 1.5 1.7 1.9 2.1 2.3 2.5 2.8 3.2
BinEdgesY : 0 10 15 20 22 25 30 35 40 50 60 70 80 1000
BinVal : 0 0 0 0 0
BinVal : 0 1 0 0 0
BinVal : 0 2 0 0 0
BinVal : 0 3 0.02564 0.03324 0.03324
BinVal : 0 4 0.0614 0.02343 0.02343
BinVal : 0 5 0.5152 0.02747 0.02747
BinVal : 0 6 0.6655 0.02787 0.02787
BinVal : 0 7 0.6387 0.03452 0.03452
BinVal : 0 8 0.6214 0.03094 0.03094
BinVal : 0 9 0.4167 0.1278 0.1278
BinVal : 0 10 1 0.2357 0.2357
BinVal : 0 11 1 0.2357 0.2357
BinVal : 0 12 1 0.2357 0.2357
BinVal : 1 0 0 0 0
BinVal : 1 1 0 0 0
BinVal : 1 2 0 0 0
BinVal : 1 3 0.01408 0.01898 0.01898
BinVal : 1 4 0.1832 0.02719 0.02719
BinVal : 1 5 0.6426 0.01959 0.01959
BinVal : 1 6 0.7579 0.01697 0.01697
BinVal : 1 7 0.7439 0.02056 0.02056
BinVal : 1 8 0.7731 0.01566 0.01566
BinVal : 1 9 0.78 0.05787 0.05787
BinVal : 1 10 0.8571 0.1315 0.1315
BinVal : 1 11 0.8571 0.1315 0.1315
BinVal : 1 12 0.8571 0.1315 0.1315
BinVal : 2 0 0 0 0
BinVal : 2 1 0 0 0
BinVal : 2 2 0 0 0
BinVal : 2 3 0 0 0
BinVal : 2 4 0.1992 0.02569 0.02569
BinVal : 2 5 0.6802 0.01744 0.01744
BinVal : 2 6 0.7457 0.01422 0.01422
BinVal : 2 7 0.7524 0.01498 0.01498
BinVal : 2 8 0.8065 0.01126 0.01126
BinVal : 2 9 0.7752 0.03657 0.03657
BinVal : 2 10 0.7778 0.09449 0.09449
BinVal : 2 11 0.8571 0.1315 0.1315
BinVal : 2 12 0.6667 0.2 0.2
BinVal : 3 0 0 0 0
BinVal : 3 1 0 0 0
BinVal : 3 2 0.01744 0.01133 0.01133
BinVal : 3 3 0.02459 0.0158 0.0158
BinVal : 3 4 0.2054 0.02511 0.02511
BinVal : 3 5 0.6508 0.01663 0.01663
BinVal : 3 6 0.7105 0.01307 0.01307
BinVal : 3 7 0.7347 0.01213 0.01213
BinVal : 3 8 0.7318 0.01028 0.01028
BinVal : 3 9 0.743 0.0276 0.0276
BinVal : 3 10 0.7188 0.07702 0.07702
BinVal : 3 11 0.7692 0.1106 0.1106
BinVal : 3 12 0.6667 0.2 0.2
BinVal : 4 0 0 0 0
BinVal : 4 1 0 0 0
BinVal : 4 2 0.01695 0.01102 0.01102
BinVal : 4 3 0.03731 0.01754 0.01754
BinVal : 4 4 0.2981 0.0254 0.0254
BinVal : 4 5 0.6418 0.01622 0.01622
BinVal : 4 6 0.7209 0.01198 0.01198
BinVal : 4 7 0.7231 0.01073 0.01073
BinVal : 4 8 0.7341 0.008378 0.008378
BinVal : 4 9 0.7684 0.02124 0.02124
BinVal : 4 10 0.6964 0.06023 0.06023
BinVal : 4 11 0.6875 0.1081 0.1081
BinVal : 4 12 0.8 0.1597 0.1597
BinVal : 5 0 0 0 0
BinVal : 5 1 0 0 0
BinVal : 5 2 0.07831 0.02126 0.02126
BinVal : 5 3 0.1926 0.03386 0.03386
BinVal : 5 4 0.4745 0.02575 0.02575
BinVal : 5 5 0.7419 0.01391 0.01391
BinVal : 5 6 0.8019 0.01033 0.01033
BinVal : 5 7 0.8076 0.008644 0.008644
BinVal : 5 8 0.8355 0.006025 0.006025
BinVal : 5 9 0.8397 0.01603 0.01603
BinVal : 5 10 0.8118 0.04227 0.04227
BinVal : 5 11 0.8696 0.0719 0.0719
BinVal : 5 12 0.9231 0.08498 0.08498
BinVal : 6 0 0 0 0
BinVal : 6 1 0 0 0
BinVal : 6 2 0.1585 0.04042 0.04042
BinVal : 6 3 0.3429 0.05572 0.05572
BinVal : 6 4 0.6138 0.03516 0.03516
BinVal : 6 5 0.8315 0.0162 0.0162
BinVal : 6 6 0.8755 0.01223 0.01223
BinVal : 6 7 0.8818 0.009637 0.009637
BinVal : 6 8 0.8942 0.006691 0.006691
BinVal : 6 9 0.8862 0.01874 0.01874
BinVal : 6 10 0.898 0.04468 0.04468
BinVal : 6 11 1 0.06236 0.06236
BinVal : 6 12 1 0.09045 0.09045
BinVal : 7 0 0 0 0
BinVal : 7 1 0 0 0
BinVal : 7 2 0 0 0
BinVal : 7 3 0 0 0
BinVal : 7 4 0 0 0
BinVal : 7 5 0 0 0
BinVal : 7 6 0 0 0
BinVal : 7 7 0 0 0
BinVal : 7 8 0 0 0
BinVal : 7 9 0 0 0
BinVal : 7 10 0 0 0
BinVal : 7 11 0 0 0
BinVal : 7 12 0 0 0
BinVal : 8 0 0 0 0
BinVal : 8 1 0 0 0
BinVal : 8 2 0 0 0
BinVal : 8 3 0 0 0
BinVal : 8 4 0 0 0
BinVal : 8 5 0 0 0
BinVal : 8 6 0 0 0
BinVal : 8 7 0 0 0
BinVal : 8 8 0 0 0
BinVal : 8 9 0 0 0
BinVal : 8 10 0 0 0
BinVal : 8 11 0 0 0
BinVal : 8 12 0 0 0
BinVal : 9 0 0 0 0
BinVal : 9 1 0 0 0
BinVal : 9 2 0.1491 0.03347 0.03347
BinVal : 9 3 0.3933 0.05098 0.05098
BinVal : 9 4 0.5573 0.03557 0.03557
BinVal : 9 5 0.8387 0.01509 0.01509
BinVal : 9 6 0.9321 0.006328 0.006328
BinVal : 9 7 0.932 0.004743 0.004743
BinVal : 9 8 0.9516 0.002798 0.002798
BinVal : 9 9 0.9546 0.006736 0.006736
BinVal : 9 10 0.9824 0.01146 0.01146
BinVal : 9 11 1 0.01923 0.01923
BinVal : 9 12 0.9459 0.04213 0.04213
BinVal : 10 0 0 0 0
BinVal : 10 1 0 0 0
BinVal : 10 2 0.1575 0.0302 0.0302
BinVal : 10 3 0.3846 0.04708 0.04708
BinVal : 10 4 0.5824 0.03036 0.03036
BinVal : 10 5 0.8721 0.01227 0.01227
BinVal : 10 6 0.9493 0.005286 0.005286
BinVal : 10 7 0.9533 0.003721 0.003721
BinVal : 10 8 0.9657 0.002167 0.002167
BinVal : 10 9 0.9712 0.00492 0.00492
BinVal : 10 10 0.9807 0.01054 0.01054
BinVal : 10 11 0.9836 0.02192 0.02192
BinVal : 10 12 0.9762 0.03105 0.03105
BinVal : 11 0 0 0 0
BinVal : 11 1 0 0 0
BinVal : 11 2 0.1757 0.03126 0.03126
BinVal : 11 3 0.3929 0.04558 0.04558
BinVal : 11 4 0.6007 0.02922 0.02922
BinVal : 11 5 0.8951 0.01026 0.01026
BinVal : 11 6 0.954 0.005211 0.005211
BinVal : 11 7 0.9682 0.00316 0.00316
BinVal : 11 8 0.976 0.001799 0.001799
BinVal : 11 9 0.9807 0.00406 0.00406
BinVal : 11 10 0.9707 0.01253 0.01253
BinVal : 11 11 0.9459 0.02825 0.02825
BinVal : 11 12 1 0.0204 0.0204
BinVal : 12 0 0 0 0
BinVal : 12 1 0 0 0
BinVal : 12 2 0.2231 0.03766 0.03766
BinVal : 12 3 0.4386 0.04589 0.04589
BinVal : 12 4 0.5821 0.02932 0.02932
BinVal : 12 5 0.9265 0.008145 0.008145
BinVal : 12 6 0.9586 0.004975 0.004975
BinVal : 12 7 0.973 0.00311 0.00311
BinVal : 12 8 0.9808 0.001604 0.001604
BinVal : 12 9 0.9814 0.00392 0.00392
BinVal : 12 10 0.9641 0.01403 0.01403
BinVal : 12 11 0.96 0.02513 0.02513
BinVal : 12 12 1 0.01886 0.01886
BinVal : 13 0 0 0 0
BinVal : 13 1 0 0 0
BinVal : 13 2 0.1667 0.03588 0.03588
BinVal : 13 3 0.3542 0.04816 0.04816
BinVal : 13 4 0.5806 0.02939 0.02939
BinVal : 13 5 0.9313 0.007788 0.007788
BinVal : 13 6 0.9619 0.004696 0.004696
BinVal : 13 7 0.9636 0.003845 0.003845
BinVal : 13 8 0.983 0.001492 0.001492
BinVal : 13 9 0.9873 0.003239 0.003239
BinVal : 13 10 0.9747 0.01203 0.01203
BinVal : 13 11 1 0.01176 0.01176
BinVal : 13 12 1 0.01818 0.01818
BinVal : 14 0 0 0 0
BinVal : 14 1 0 0 0
BinVal : 14 2 0.1481 0.03431 0.03431
BinVal : 14 3 0.2843 0.04421 0.04421
BinVal : 14 4 0.5524 0.02925 0.02925
BinVal : 14 5 0.9183 0.008472 0.008472
BinVal : 14 6 0.9571 0.004936 0.004936
BinVal : 14 7 0.9636 0.003868 0.003868
BinVal : 14 8 0.9805 0.001592 0.001592
BinVal : 14 9 0.9839 0.003654 0.003654
BinVal : 14 10 0.9871 0.008456 0.008456
BinVal : 14 11 0.9737 0.02164 0.02164
BinVal : 14 12 0.9815 0.02458 0.02458
BinVal : 15 0 0 0 0
BinVal : 15 1 0 0 0
BinVal : 15 2 0.1707 0.03393 0.03393
BinVal : 15 3 0.2931 0.04187 0.04187
BinVal : 15 4 0.5723 0.02762 0.02762
BinVal : 15 5 0.9106 0.008965 0.008965
BinVal : 15 6 0.9482 0.005279 0.005279
BinVal : 15 7 0.9711 0.003304 0.003304
BinVal : 15 8 0.9756 0.001798 0.001798
BinVal : 15 9 0.9791 0.00404 0.00404
BinVal : 15 10 0.991 0.007663 0.007663
BinVal : 15 11 0.9722 0.02277 0.02277
BinVal : 15 12 0.9825 0.02336 0.02336
BinVal : 16 0 0 0 0
BinVal : 16 1 0 0 0
BinVal : 16 2 0.18 0.03134 0.03134
BinVal : 16 3 0.3241 0.04454 0.04454
BinVal : 16 4 0.644 0.02712 0.02712
BinVal : 16 5 0.9046 0.009752 0.009752
BinVal : 16 6 0.9516 0.004998 0.004998
BinVal : 16 7 0.9703 0.003095 0.003095
BinVal : 16 8 0.9759 0.001813 0.001813
BinVal : 16 9 0.984 0.003619 0.003619
BinVal : 16 10 1 0.005076 0.005076
BinVal : 16 11 1 0.01176 0.01176
BinVal : 16 12 1 0.01754 0.01754
BinVal : 17 0 0 0 0
BinVal : 17 1 0 0 0
BinVal : 17 2 0.1925 0.03102 0.03102
BinVal : 17 3 0.4327 0.04791 0.04791
BinVal : 17 4 0.6514 0.02815 0.02815
BinVal : 17 5 0.8829 0.01119 0.01119
BinVal : 17 6 0.9503 0.004993 0.004993
BinVal : 17 7 0.9593 0.003393 0.003393
BinVal : 17 8 0.965 0.002175 0.002175
BinVal : 17 9 0.9753 0.004686 0.004686
BinVal : 17 10 0.9749 0.01197 0.01197
BinVal : 17 11 0.9429 0.02975 0.02975
BinVal : 17 12 1 0.02083 0.02083
BinVal : 18 0 0 0 0
BinVal : 18 1 0 0 0
BinVal : 18 2 0.145 0.03088 0.03088
BinVal : 18 3 0.4301 0.05055 0.05055
BinVal : 18 4 0.6435 0.03239 0.03239
BinVal : 18 5 0.8585 0.01299 0.01299
BinVal : 18 6 0.9285 0.006128 0.006128
BinVal : 18 7 0.9461 0.004127 0.004127
BinVal : 18 8 0.9488 0.002838 0.002838
BinVal : 18 9 0.9588 0.006692 0.006692
BinVal : 18 10 0.9515 0.01742 0.01742
BinVal : 18 11 0.9286 0.03654 0.03654
BinVal : 18 12 0.9189 0.04797 0.04797
BinVal : 19 0 0 0 0
BinVal : 19 1 0 0 0
BinVal : 19 2 0.09434 0.04166 0.04166
BinVal : 19 3 0.3421 0.07449 0.07449
BinVal : 19 4 0.7237 0.05063 0.05063
BinVal : 19 5 0.8621 0.01935 0.01935
BinVal : 19 6 0.9095 0.01013 0.01013
BinVal : 19 7 0.9444 0.006437 0.006437
BinVal : 19 8 0.9434 0.004676 0.004676
BinVal : 19 9 0.9584 0.01076 0.01076
BinVal : 19 10 0.9538 0.02873 0.02873
BinVal : 19 11 1 0.03701 0.03701
BinVal : 19 12 0.8125 0.09538 0.09538
BinVal : 20 0 0 0 0
BinVal : 20 1 0 0 0
BinVal : 20 2 0 0 0
BinVal : 20 3 0 0 0
BinVal : 20 4 0 0 0
BinVal : 20 5 0 0 0
BinVal : 20 6 0 0 0
BinVal : 20 7 0 0 0
BinVal : 20 8 0 0 0
BinVal : 20 9 0 0 0
BinVal : 20 10 0 0 0
BinVal : 20 11 0 0 0
BinVal : 20 12 0 0 0
BinVal : 21 0 0 0 0
BinVal : 21 1 0 0 0
BinVal : 21 2 0 0 0
BinVal : 21 3 0 0 0
BinVal : 21 4 0 0 0
BinVal : 21 5 0 0 0
BinVal : 21 6 0 0 0
BinVal : 21 7 0 0 0
BinVal : 21 8 0 0 0
BinVal : 21 9 0 0 0
BinVal : 21 10 0 0 0
BinVal : 21 11 0 0 0
BinVal : 21 12 0 0 0
BinVal : 22 0 0 0 0
BinVal : 22 1 0 0 0
BinVal : 22 2 0.0625 0.0197 0.0197
BinVal : 22 3 0.229 0.03652 0.03652
BinVal : 22 4 0.4671 0.02718 0.02718
BinVal : 22 5 0.7591 0.01401 0.01401
BinVal : 22 6 0.789 0.01049 0.01049
BinVal : 22 7 0.8122 0.008956 0.008956
BinVal : 22 8 0.8195 0.006424 0.006424
BinVal : 22 9 0.8473 0.01693 0.01693
BinVal : 22 10 0.8 0.0445 0.0445
BinVal : 22 11 0.8889 0.1113 0.1113
BinVal : 22 12 0.9 0.1034 0.1034
BinVal : 23 0 0 0 0
BinVal : 23 1 0 0 0
BinVal : 23 2 0 0.006211 0.006211
BinVal : 23 3 0.04425 0.02065 0.02065
BinVal : 23 4 0.2724 0.02606 0.02606
BinVal : 23 5 0.687 0.01616 0.01616
BinVal : 23 6 0.7074 0.01233 0.01233
BinVal : 23 7 0.7287 0.011 0.011
BinVal : 23 8 0.7352 0.008452 0.008452
BinVal : 23 9 0.8104 0.02053 0.02053
BinVal : 23 10 0.7091 0.06007 0.06007
BinVal : 23 11 0.8462 0.1 0.1
BinVal : 23 12 1 0.1237 0.1237
BinVal : 24 0 0 0 0
BinVal : 24 1 0 0 0
BinVal : 24 2 0 0 0
BinVal : 24 3 0.0381 0.02031 0.02031
BinVal : 24 4 0.1803 0.02517 0.02517
BinVal : 24 5 0.6979 0.01703 0.01703
BinVal : 24 6 0.7553 0.01275 0.01275
BinVal : 24 7 0.7384 0.01222 0.01222
BinVal : 24 8 0.7542 0.009894 0.009894
BinVal : 24 9 0.8333 0.02377 0.02377
BinVal : 24 10 0.7407 0.0816 0.0816
BinVal : 24 11 0.9 0.1034 0.1034
BinVal : 24 12 1 0.1633 0.1633
BinVal : 25 0 0 0 0
BinVal : 25 1 0 0 0
BinVal : 25 2 0 0 0
BinVal : 25 3 0.0102 0.01393 0.01393
BinVal : 25 4 0.1832 0.02797 0.02797
BinVal : 25 5 0.6809 0.01784 0.01784
BinVal : 25 6 0.7867 0.01354 0.01354
BinVal : 25 7 0.7643 0.01478 0.01478
BinVal : 25 8 0.8039 0.01128 0.01128
BinVal : 25 9 0.8451 0.03042 0.03042
BinVal : 25 10 0.8571 0.09466 0.09466
BinVal : 25 11 0.6667 0.2 0.2
BinVal : 25 12 0.6667 0.2 0.2
BinVal : 26 0 0 0 0
BinVal : 26 1 0 0 0
BinVal : 26 2 0.009524 0.01303 0.01303
BinVal : 26 3 0.009524 0.01303 0.01303
BinVal : 26 4 0.1098 0.02398 0.02398
BinVal : 26 5 0.6093 0.02019 0.02019
BinVal : 26 6 0.7464 0.01659 0.01659
BinVal : 26 7 0.7231 0.02093 0.02093
BinVal : 26 8 0.8013 0.01456 0.01456
BinVal : 26 9 0.8732 0.03997 0.03997
BinVal : 26 10 1 0.1237 0.1237
BinVal : 26 11 1 0.1237 0.1237
BinVal : 26 12 1 0.1237 0.1237
BinVal : 27 0 0 0 0
BinVal : 27 1 0 0 0
BinVal : 27 2 0.01587 0.02126 0.02126
BinVal : 27 3 0.01587 0.02126 0.02126
BinVal : 27 4 0.01887 0.01574 0.01574
BinVal : 27 5 0.4745 0.02805 0.02805
BinVal : 27 6 0.6387 0.02717 0.02717
BinVal : 27 7 0.5743 0.03454 0.03454
BinVal : 27 8 0.669 0.02752 0.02752
BinVal : 27 9 0.7895 0.09081 0.09081
BinVal : 27 10 0.7895 0.09081 0.09081
BinVal : 27 11 0.7895 0.09081 0.09081
BinVal : 27 12 0.7895 0.09081 0.09081
BinVal : 28 0 0 0 0
BinVal : 28 1 0 0 0
BinVal : 28 2 0 0 0
BinVal : 28 3 0 0 0
BinVal : 28 4 0.05 0.05994 0.05994
BinVal : 28 5 0.2632 0.05739 0.05739
BinVal : 28 6 0.2917 0.08882 0.08882
BinVal : 28 7 0.25 0.07942 0.07942
BinVal : 28 8 0.1304 0.0719 0.0719
BinVal : 28 9 0.1304 0.0719 0.0719
BinVal : 28 10 0.1304 0.0719 0.0719
BinVal : 28 11 0.1304 0.0719 0.0719
BinVal : 28 12 0.1304 0.0719 0.0719
 





