D0NoteID : 0
EffName : SINGLEELE_ALL_v811
EffType : Binned
EffVarNames : DetEta pT
EffVersion : 6
ObjQuality : MLoose1
ObjType : Electron
ObjVersion : 12
BinEdgesX : -3.2 -2.8 -2.5 -2.3 -2.1 -1.9 -1.7 -1.5 -1.3 -1.1 -0.9 -0.7 -0.5 -0.3 -0.1 0.1 0.3 0.5 0.7 0.9 1.1 1.3 1.5 1.7 1.9 2.1 2.3 2.5 2.8 3.2
BinEdgesY : 0 10 15 20 22 25 30 35 40 50 60 70 80 1000
BinVal : 0 0 0 0 0
BinVal : 0 1 0 0 0
BinVal : 0 2 0 0 0
BinVal : 0 3 0.4444 0.1437 0.1437
BinVal : 0 4 0.4783 0.09798 0.09798
BinVal : 0 5 0.5778 0.07136 0.07136
BinVal : 0 6 0.6842 0.07315 0.07315
BinVal : 0 7 0.85 0.08042 0.08042
BinVal : 0 8 0.913 0.06373 0.06373
BinVal : 0 9 1 0.2357 0.2357
BinVal : 0 10 1 0.2357 0.2357
BinVal : 0 11 1 0.2357 0.2357
BinVal : 0 12 1 0.2357 0.2357
BinVal : 1 0 0 0 0
BinVal : 1 1 0 0 0
BinVal : 1 2 0 0 0
BinVal : 1 3 0.5 0.1387 0.1387
BinVal : 1 4 0.6207 0.08611 0.08611
BinVal : 1 5 0.7059 0.06247 0.06247
BinVal : 1 6 0.8431 0.05109 0.05109
BinVal : 1 7 0.871 0.06149 0.06149
BinVal : 1 8 0.9524 0.03757 0.03757
BinVal : 1 9 1 0.1936 0.1936
BinVal : 1 10 1 0.1936 0.1936
BinVal : 1 11 1 0.1936 0.1936
BinVal : 1 12 1 0.1936 0.1936
BinVal : 2 0 0 0 0
BinVal : 2 1 0 0 0
BinVal : 2 2 0 0 0
BinVal : 2 3 0.4 0.175 0.175
BinVal : 2 4 0.5 0.1043 0.1043
BinVal : 2 5 0.8077 0.05431 0.05431
BinVal : 2 6 0.902 0.04312 0.04312
BinVal : 2 7 0.94 0.0366 0.0366
BinVal : 2 8 0.9492 0.03144 0.03144
BinVal : 2 9 1 0.1237 0.1237
BinVal : 2 10 1 0.2357 0.2357
BinVal : 2 11 1 0.2357 0.2357
BinVal : 2 12 1 0.2357 0.2357
BinVal : 3 0 0 0 0
BinVal : 3 1 0 0 0
BinVal : 3 2 0 0 0
BinVal : 3 3 0.1667 0.1443 0.1443
BinVal : 3 4 0.55 0.1038 0.1038
BinVal : 3 5 0.875 0.04489 0.04489
BinVal : 3 6 0.925 0.03067 0.03067
BinVal : 3 7 0.9857 0.01923 0.01923
BinVal : 3 8 0.9667 0.02115 0.02115
BinVal : 3 9 1 0.0665 0.0665
BinVal : 3 10 1 0.2357 0.2357
BinVal : 3 11 1 0.2357 0.2357
BinVal : 3 12 1 0.2357 0.2357
BinVal : 4 0 0 0 0
BinVal : 4 1 0 0 0
BinVal : 4 2 0.1333 0.08985 0.08985
BinVal : 4 3 0.25 0.1382 0.1382
BinVal : 4 4 0.6667 0.08268 0.08268
BinVal : 4 5 0.902 0.04312 0.04312
BinVal : 4 6 0.9111 0.03081 0.03081
BinVal : 4 7 0.973 0.02219 0.02219
BinVal : 4 8 0.9853 0.01237 0.01237
BinVal : 4 9 1 0.04993 0.04993
BinVal : 4 10 1 0.2357 0.2357
BinVal : 4 11 1 0.2357 0.2357
BinVal : 4 12 1 0.2357 0.2357
BinVal : 5 0 0 0 0
BinVal : 5 1 0 0 0
BinVal : 5 2 0.2 0.1201 0.1201
BinVal : 5 3 0.3333 0.1614 0.1614
BinVal : 5 4 0.6897 0.08264 0.08264
BinVal : 5 5 0.9423 0.03531 0.03531
BinVal : 5 6 0.9432 0.02615 0.02615
BinVal : 5 7 0.9806 0.01618 0.01618
BinVal : 5 8 0.9851 0.009684 0.009684
BinVal : 5 9 1 0.03701 0.03701
BinVal : 5 10 1 0.1633 0.1633
BinVal : 5 11 1 0.1936 0.1936
BinVal : 5 12 1 0.1936 0.1936
BinVal : 6 0 0 0 0
BinVal : 6 1 0 0 0
BinVal : 6 2 0 0 0
BinVal : 6 3 0.3333 0.2 0.2
BinVal : 6 4 0.7273 0.1234 0.1234
BinVal : 6 5 0.963 0.04626 0.04626
BinVal : 6 6 1 0.02 0.02
BinVal : 6 7 0.9848 0.02034 0.02034
BinVal : 6 8 0.9833 0.01396 0.01396
BinVal : 6 9 1 0.05255 0.05255
BinVal : 6 10 1 0.1936 0.1936
BinVal : 6 11 1 0.1936 0.1936
BinVal : 6 12 1 0.1936 0.1936
BinVal : 7 0 0 0 0
BinVal : 7 1 0 0 0
BinVal : 7 2 0 0 0
BinVal : 7 3 0 0 0
BinVal : 7 4 0 0 0
BinVal : 7 5 0 0 0
BinVal : 7 6 0 0 0
BinVal : 7 7 0 0 0
BinVal : 7 8 0 0 0
BinVal : 7 9 0 0 0
BinVal : 7 10 0 0 0
BinVal : 7 11 0 0 0
BinVal : 7 12 0 0 0
BinVal : 8 0 0 0 0
BinVal : 8 1 0 0 0
BinVal : 8 2 0 0 0
BinVal : 8 3 0 0 0
BinVal : 8 4 0 0 0
BinVal : 8 5 0 0 0
BinVal : 8 6 0 0 0
BinVal : 8 7 0 0 0
BinVal : 8 8 0 0 0
BinVal : 8 9 0 0 0
BinVal : 8 10 0 0 0
BinVal : 8 11 0 0 0
BinVal : 8 12 0 0 0
BinVal : 9 0 0 0 0
BinVal : 9 1 0 0 0
BinVal : 9 2 0 0 0
BinVal : 9 3 0 0 0
BinVal : 9 4 0.3 0.1307 0.1307
BinVal : 9 5 0.7273 0.09091 0.09091
BinVal : 9 6 0.9545 0.02401 0.02401
BinVal : 9 7 0.9708 0.01574 0.01574
BinVal : 9 8 0.9876 0.008146 0.008146
BinVal : 9 9 0.9615 0.04782 0.04782
BinVal : 9 10 1 0.09938 0.09938
BinVal : 9 11 1 0.1936 0.1936
BinVal : 9 12 1 0.2357 0.2357
BinVal : 10 0 0 0 0
BinVal : 10 1 0 0 0
BinVal : 10 2 0.1429 0.1315 0.1315
BinVal : 10 3 0.1429 0.1315 0.1315
BinVal : 10 4 0.4167 0.1278 0.1278
BinVal : 10 5 0.8611 0.05839 0.05839
BinVal : 10 6 0.9608 0.02088 0.02088
BinVal : 10 7 0.9885 0.009729 0.009729
BinVal : 10 8 0.9871 0.007075 0.007075
BinVal : 10 9 0.9792 0.02744 0.02744
BinVal : 10 10 1 0.09045 0.09045
BinVal : 10 11 1 0.1936 0.1936
BinVal : 10 12 1 0.2357 0.2357
BinVal : 11 0 0 0 0
BinVal : 11 1 0 0 0
BinVal : 11 2 0.1667 0.1443 0.1443
BinVal : 11 3 0.1667 0.1443 0.1443
BinVal : 11 4 0.3125 0.1081 0.1081
BinVal : 11 5 0.9348 0.03948 0.03948
BinVal : 11 6 0.9663 0.02137 0.02137
BinVal : 11 7 0.987 0.01096 0.01096
BinVal : 11 8 0.9881 0.006538 0.006538
BinVal : 11 9 1 0.01613 0.01613
BinVal : 11 10 1 0.1102 0.1102
BinVal : 11 11 1 0.1409 0.1409
BinVal : 11 12 1 0.2357 0.2357
BinVal : 12 0 0 0 0
BinVal : 12 1 0 0 0
BinVal : 12 2 0 0 0
BinVal : 12 3 0 0 0
BinVal : 12 4 0.4118 0.1104 0.1104
BinVal : 12 5 0.9464 0.03299 0.03299
BinVal : 12 6 1 0.01163 0.01163
BinVal : 12 7 0.9922 0.01075 0.01075
BinVal : 12 8 0.9943 0.00492 0.00492
BinVal : 12 9 1 0.02083 0.02083
BinVal : 12 10 1 0.09938 0.09938
BinVal : 12 11 1 0.1102 0.1102
BinVal : 12 12 1 0.1633 0.1633
BinVal : 13 0 0 0 0
BinVal : 13 1 0 0 0
BinVal : 13 2 0 0 0
BinVal : 13 3 0 0 0
BinVal : 13 4 0.8571 0.09466 0.09466
BinVal : 13 5 0.9571 0.02681 0.02681
BinVal : 13 6 1 0.01042 0.01042
BinVal : 13 7 1 0.008064 0.008064
BinVal : 13 8 0.9973 0.003827 0.003827
BinVal : 13 9 0.9556 0.03528 0.03528
BinVal : 13 10 1 0.1102 0.1102
BinVal : 13 11 1 0.1102 0.1102
BinVal : 13 12 1 0.1409 0.1409
BinVal : 14 0 0 0 0
BinVal : 14 1 0 0 0
BinVal : 14 2 0 0 0
BinVal : 14 3 0.25 0.1782 0.1782
BinVal : 14 4 0.7333 0.1074 0.1074
BinVal : 14 5 0.9697 0.02472 0.02472
BinVal : 14 6 1 0.009615 0.009615
BinVal : 14 7 0.9924 0.01044 0.01044
BinVal : 14 8 0.9779 0.008128 0.008128
BinVal : 14 9 0.9434 0.0347 0.0347
BinVal : 14 10 1 0.08299 0.08299
BinVal : 14 11 1 0.1409 0.1409
BinVal : 14 12 1 0.1409 0.1409
BinVal : 15 0 0 0 0
BinVal : 15 1 0 0 0
BinVal : 15 2 0 0 0
BinVal : 15 3 0.2 0.1597 0.1597
BinVal : 15 4 0.4706 0.1116 0.1116
BinVal : 15 5 0.9804 0.02593 0.02593
BinVal : 15 6 0.9712 0.01842 0.01842
BinVal : 15 7 0.9932 0.009396 0.009396
BinVal : 15 8 0.9687 0.009631 0.009631
BinVal : 15 9 0.9524 0.03757 0.03757
BinVal : 15 10 1 0.08299 0.08299
BinVal : 15 11 1 0.1936 0.1936
BinVal : 15 12 1 0.1409 0.1409
BinVal : 16 0 0 0 0
BinVal : 16 1 0 0 0
BinVal : 16 2 0 0 0
BinVal : 16 3 0 0 0
BinVal : 16 4 0.25 0.08536 0.08536
BinVal : 16 5 0.9302 0.04196 0.04196
BinVal : 16 6 0.9434 0.02358 0.02358
BinVal : 16 7 0.994 0.008294 0.008294
BinVal : 16 8 0.9734 0.00915 0.00915
BinVal : 16 9 0.9512 0.03841 0.03841
BinVal : 16 10 1 0.09938 0.09938
BinVal : 16 11 1 0.1409 0.1409
BinVal : 16 12 1 0.1633 0.1633
BinVal : 17 0 0 0 0
BinVal : 17 1 0 0 0
BinVal : 17 2 0 0 0
BinVal : 17 3 0 0 0
BinVal : 17 4 0.1905 0.0842 0.0842
BinVal : 17 5 0.8889 0.04817 0.04817
BinVal : 17 6 0.9623 0.02013 0.02013
BinVal : 17 7 0.9691 0.01462 0.01462
BinVal : 17 8 0.9735 0.009097 0.009097
BinVal : 17 9 0.9524 0.03757 0.03757
BinVal : 17 10 1 0.0665 0.0665
BinVal : 17 11 1 0.09938 0.09938
BinVal : 17 12 1 0.1633 0.1633
BinVal : 18 0 0 0 0
BinVal : 18 1 0 0 0
BinVal : 18 2 0 0 0
BinVal : 18 3 0 0 0
BinVal : 18 4 0.1765 0.09116 0.09116
BinVal : 18 5 0.878 0.05224 0.05224
BinVal : 18 6 0.9444 0.0256 0.0256
BinVal : 18 7 0.9301 0.02191 0.02191
BinVal : 18 8 0.9666 0.0108 0.0108
BinVal : 18 9 0.973 0.03488 0.03488
BinVal : 18 10 1 0.08299 0.08299
BinVal : 18 11 1 0.1409 0.1409
BinVal : 18 12 1 0.1936 0.1936
BinVal : 19 0 0 0 0
BinVal : 19 1 0 0 0
BinVal : 19 2 0 0 0
BinVal : 19 3 0 0 0
BinVal : 19 4 0.1 0.1034 0.1034
BinVal : 19 5 0.8889 0.07792 0.07792
BinVal : 19 6 0.8919 0.05286 0.05286
BinVal : 19 7 0.9155 0.03423 0.03423
BinVal : 19 8 0.9496 0.02114 0.02114
BinVal : 19 9 1 0.04343 0.04343
BinVal : 19 10 1 0.1936 0.1936
BinVal : 19 11 1 0.1936 0.1936
BinVal : 19 12 1 0.1936 0.1936
BinVal : 20 0 0 0 0
BinVal : 20 1 0 0 0
BinVal : 20 2 0 0 0
BinVal : 20 3 0 0 0
BinVal : 20 4 0 0 0
BinVal : 20 5 0 0 0
BinVal : 20 6 0 0 0
BinVal : 20 7 0 0 0
BinVal : 20 8 0 0 0
BinVal : 20 9 0 0 0
BinVal : 20 10 0 0 0
BinVal : 20 11 0 0 0
BinVal : 20 12 0 0 0
BinVal : 21 0 0 0 0
BinVal : 21 1 0 0 0
BinVal : 21 2 0 0 0
BinVal : 21 3 0 0 0
BinVal : 21 4 0 0 0
BinVal : 21 5 0 0 0
BinVal : 21 6 0 0 0
BinVal : 21 7 0 0 0
BinVal : 21 8 0 0 0
BinVal : 21 9 0 0 0
BinVal : 21 10 0 0 0
BinVal : 21 11 0 0 0
BinVal : 21 12 0 0 0
BinVal : 22 0 0 0 0
BinVal : 22 1 0 0 0
BinVal : 22 2 0 0 0
BinVal : 22 3 0.1 0.1034 0.1034
BinVal : 22 4 0.2727 0.07529 0.07529
BinVal : 22 5 0.7969 0.04994 0.04994
BinVal : 22 6 0.9528 0.02194 0.02194
BinVal : 22 7 0.9915 0.01164 0.01164
BinVal : 22 8 0.9707 0.01152 0.01152
BinVal : 22 9 0.96 0.04949 0.04949
BinVal : 22 10 1 0.1633 0.1633
BinVal : 22 11 1 0.1409 0.1409
BinVal : 22 12 1 0.1409 0.1409
BinVal : 23 0 0 0 0
BinVal : 23 1 0 0 0
BinVal : 23 2 0 0 0
BinVal : 23 3 0 0 0
BinVal : 23 4 0.3333 0.09722 0.09722
BinVal : 23 5 0.6719 0.05759 0.05759
BinVal : 23 6 0.9524 0.02214 0.02214
BinVal : 23 7 1 0.009523 0.009523
BinVal : 23 8 0.9881 0.01007 0.01007
BinVal : 23 9 1 0.03997 0.03997
BinVal : 23 10 1 0.1633 0.1633
BinVal : 23 11 1 0.1936 0.1936
BinVal : 23 12 1 0.1936 0.1936
BinVal : 24 0 0 0 0
BinVal : 24 1 0 0 0
BinVal : 24 2 0 0 0
BinVal : 24 3 0.2308 0.1106 0.1106
BinVal : 24 4 0.28 0.08629 0.08629
BinVal : 24 5 0.6528 0.05512 0.05512
BinVal : 24 6 0.9681 0.02029 0.02029
BinVal : 24 7 1 0.0125 0.0125
BinVal : 24 8 0.9917 0.01145 0.01145
BinVal : 24 9 1 0.06236 0.06236
BinVal : 24 10 1 0.1633 0.1633
BinVal : 24 11 1 0.1633 0.1633
BinVal : 24 12 1 0.1633 0.1633
BinVal : 25 0 0 0 0
BinVal : 25 1 0 0 0
BinVal : 25 2 0 0 0
BinVal : 25 3 0.375 0.1477 0.1477
BinVal : 25 4 0.3462 0.08898 0.08898
BinVal : 25 5 0.7846 0.05055 0.05055
BinVal : 25 6 0.9394 0.03142 0.03142
BinVal : 25 7 0.9783 0.02855 0.02855
BinVal : 25 8 0.9863 0.01848 0.01848
BinVal : 25 9 1 0.1102 0.1102
BinVal : 25 10 1 0.1936 0.1936
BinVal : 25 11 1 0.1936 0.1936
BinVal : 25 12 1 0.1936 0.1936
BinVal : 26 0 0 0 0
BinVal : 26 1 0 0 0
BinVal : 26 2 0 0 0
BinVal : 26 3 0 0 0
BinVal : 26 4 0.3043 0.09148 0.09148
BinVal : 26 5 0.7407 0.05866 0.05866
BinVal : 26 6 0.8393 0.04918 0.04918
BinVal : 26 7 0.9167 0.04914 0.04914
BinVal : 26 8 0.9512 0.03841 0.03841
BinVal : 26 9 1 0.1237 0.1237
BinVal : 26 10 1 0.2357 0.2357
BinVal : 26 11 1 0.2357 0.2357
BinVal : 26 12 1 0.2357 0.2357
BinVal : 27 0 0 0 0
BinVal : 27 1 0 0 0
BinVal : 27 2 0 0 0
BinVal : 27 3 0.1 0.1034 0.1034
BinVal : 27 4 0.16 0.07341 0.07341
BinVal : 27 5 0.3846 0.07527 0.07527
BinVal : 27 6 0.6579 0.07449 0.07449
BinVal : 27 7 0.8261 0.07845 0.07845
BinVal : 27 8 0.8214 0.07184 0.07184
BinVal : 27 9 1 0.1936 0.1936
BinVal : 27 10 1 0.1936 0.1936
BinVal : 27 11 1 0.1936 0.1936
BinVal : 27 12 1 0.1936 0.1936
BinVal : 28 0 0 0 0
BinVal : 28 1 0 0 0
BinVal : 28 2 0 0 0
BinVal : 28 3 0.1429 0.1315 0.1315
BinVal : 28 4 0.1429 0.1315 0.1315
BinVal : 28 5 0.1579 0.08372 0.08372
BinVal : 28 6 0.3636 0.13 0.13
BinVal : 28 7 0.6667 0.1614 0.1614
BinVal : 28 8 0.6667 0.1389 0.1389
BinVal : 28 9 0.6667 0.1389 0.1389
BinVal : 28 10 0.6667 0.1389 0.1389
BinVal : 28 11 0.6667 0.1389 0.1389
BinVal : 28 12 0.6667 0.1389 0.1389
