D0NoteID : 0
EffName : SINGLEELE_ALL_v811
EffType : Binned
EffVarNames : DetEta pT
EffVersion : 6
ObjQuality : Loose_trk
ObjType : Electron
ObjVersion : 2
BinEdgesX : -3.2 -2.8 -2.5 -2.3 -2.1 -1.9 -1.7 -1.5 -1.3 -1.1 -0.9 -0.7 -0.5 -0.3 -0.1 0.1 0.3 0.5 0.7 0.9 1.1 1.3 1.5 1.7 1.9 2.1 2.3 2.5 2.8 3.2
BinEdgesY : 0 10 15 20 22 25 30 35 40 50 60 70 80 1000
BinVal : 0 0 0 0 0
BinVal : 0 1 0 0 0
BinVal : 0 2 0 0 0
BinVal : 0 3 0 0.2357 0.2357
BinVal : 0 4 0.8571 0.1315 0.1315
BinVal : 0 5 0.7333 0.1074 0.1074
BinVal : 0 6 0.7143 0.1491 0.1491
BinVal : 0 7 1 0.07122 0.07122
BinVal : 0 8 1 0.0665 0.0665
BinVal : 0 9 1 0.2357 0.2357
BinVal : 0 10 1 0.2357 0.2357
BinVal : 0 11 1 0.2357 0.2357
BinVal : 0 12 1 0.2357 0.2357
BinVal : 1 0 0 0 0
BinVal : 1 1 0 0 0
BinVal : 1 2 0 0 0
BinVal : 1 3 0.5 0.2236 0.2236
BinVal : 1 4 0.9231 0.08498 0.08498
BinVal : 1 5 0.697 0.07737 0.07737
BinVal : 1 6 0.8261 0.07845 0.07845
BinVal : 1 7 0.8667 0.08985 0.08985
BinVal : 1 8 0.9615 0.04782 0.04782
BinVal : 1 9 1 0.1633 0.1633
BinVal : 1 10 1 0.1633 0.1633
BinVal : 1 11 1 0.1633 0.1633
BinVal : 1 12 1 0.1633 0.1633
BinVal : 2 0 0 0 0
BinVal : 2 1 0 0 0
BinVal : 2 2 0 0 0
BinVal : 2 3 0.2 0.1597 0.1597
BinVal : 2 4 0.7059 0.1039 0.1039
BinVal : 2 5 0.75 0.06405 0.06405
BinVal : 2 6 0.8947 0.05165 0.05165
BinVal : 2 7 0.9333 0.05074 0.05074
BinVal : 2 8 0.9024 0.04833 0.04833
BinVal : 2 9 1 0.1409 0.1409
BinVal : 2 10 1 0.1409 0.1409
BinVal : 2 11 1 0.1409 0.1409
BinVal : 2 12 1 0.1409 0.1409
BinVal : 3 0 0 0 0
BinVal : 3 1 0 0 0
BinVal : 3 2 0 0 0
BinVal : 3 3 0 0.1237 0.1237
BinVal : 3 4 0.7778 0.09449 0.09449
BinVal : 3 5 0.8974 0.05049 0.05049
BinVal : 3 6 0.9333 0.04028 0.04028
BinVal : 3 7 0.9796 0.02692 0.02692
BinVal : 3 8 0.9298 0.03595 0.03595
BinVal : 3 9 1 0.09938 0.09938
BinVal : 3 10 1 0.09938 0.09938
BinVal : 3 11 1 0.09938 0.09938
BinVal : 3 12 1 0.09938 0.09938
BinVal : 4 0 0 0 0
BinVal : 4 1 0 0 0
BinVal : 4 2 0.2222 0.1286 0.1286
BinVal : 4 3 0.25 0.1782 0.1782
BinVal : 4 4 0.85 0.08042 0.08042
BinVal : 4 5 0.9189 0.04797 0.04797
BinVal : 4 6 0.9259 0.03777 0.03777
BinVal : 4 7 0.9623 0.03035 0.03035
BinVal : 4 8 0.9697 0.01931 0.01931
BinVal : 4 9 1 0.06236 0.06236
BinVal : 4 10 1 0.2357 0.2357
BinVal : 4 11 1 0.2357 0.2357
BinVal : 4 12 1 0.2357 0.2357
BinVal : 5 0 0 0 0
BinVal : 5 1 0 0 0
BinVal : 5 2 0.4 0.175 0.175
BinVal : 5 3 0.3333 0.1614 0.1614
BinVal : 5 4 0.7143 0.09392 0.09392
BinVal : 5 5 0.9388 0.03728 0.03728
BinVal : 5 6 0.961 0.02451 0.02451
BinVal : 5 7 0.967 0.02093 0.02093
BinVal : 5 8 0.9677 0.01377 0.01377
BinVal : 5 9 1 0.03701 0.03701
BinVal : 5 10 1 0.1633 0.1633
BinVal : 5 11 1 0.1633 0.1633
BinVal : 5 12 1 0.1633 0.1633
BinVal : 6 0 0 0 0
BinVal : 6 1 0 0 0
BinVal : 6 2 0 0 0
BinVal : 6 3 0.3333 0.2 0.2
BinVal : 6 4 0.6667 0.1389 0.1389
BinVal : 6 5 1 0.03224 0.03224
BinVal : 6 6 1 0.0204 0.0204
BinVal : 6 7 0.9692 0.02508 0.02508
BinVal : 6 8 0.9661 0.01817 0.01817
BinVal : 6 9 1 0.05255 0.05255
BinVal : 6 10 1 0.1936 0.1936
BinVal : 6 11 1 0.1633 0.1633
BinVal : 6 12 1 0.1633 0.1633
BinVal : 7 0 0 0 0
BinVal : 7 1 0 0 0
BinVal : 7 2 0 0 0
BinVal : 7 3 0 0 0
BinVal : 7 4 0 0 0
BinVal : 7 5 0 0 0
BinVal : 7 6 0 0 0
BinVal : 7 7 0 0 0
BinVal : 7 8 0 0 0
BinVal : 7 9 0 0 0
BinVal : 7 10 0 0 0
BinVal : 7 11 0 0 0
BinVal : 7 12 0 0 0
BinVal : 8 0 0 0 0
BinVal : 8 1 0 0 0
BinVal : 8 2 0 0 0
BinVal : 8 3 0 0 0
BinVal : 8 4 0 0 0
BinVal : 8 5 0 0 0
BinVal : 8 6 0 0 0
BinVal : 8 7 0 0 0
BinVal : 8 8 0 0 0
BinVal : 8 9 0 0 0
BinVal : 8 10 0 0 0
BinVal : 8 11 0 0 0
BinVal : 8 12 0 0 0
BinVal : 9 0 0 0 0
BinVal : 9 1 0 0 0
BinVal : 9 2 0 0 0
BinVal : 9 3 0 0 0
BinVal : 9 4 0.3077 0.1179 0.1179
BinVal : 9 5 0.7778 0.07813 0.07813
BinVal : 9 6 0.9615 0.0205 0.0205
BinVal : 9 7 0.962 0.01612 0.01612
BinVal : 9 8 0.9872 0.007053 0.007053
BinVal : 9 9 0.9722 0.03576 0.03576
BinVal : 9 10 1 0.07122 0.07122
BinVal : 9 11 1 0.1633 0.1633
BinVal : 9 12 1 0.1936 0.1936
BinVal : 10 0 0 0 0
BinVal : 10 1 0 0 0
BinVal : 10 2 0.1429 0.1315 0.1315
BinVal : 10 3 0.125 0.1206 0.1206
BinVal : 10 4 0.4667 0.1176 0.1176
BinVal : 10 5 0.878 0.05224 0.05224
BinVal : 10 6 0.9683 0.01706 0.01706
BinVal : 10 7 0.9694 0.01309 0.01309
BinVal : 10 8 0.985 0.0065 0.0065
BinVal : 10 9 0.9672 0.02662 0.02662
BinVal : 10 10 1 0.06236 0.06236
BinVal : 10 11 1 0.1409 0.1409
BinVal : 10 12 1 0.1936 0.1936
BinVal : 11 0 0 0 0
BinVal : 11 1 0 0 0
BinVal : 11 2 0.1667 0.1443 0.1443
BinVal : 11 3 0.2222 0.1286 0.1286
BinVal : 11 4 0.3889 0.1069 0.1069
BinVal : 11 5 0.9412 0.03595 0.03595
BinVal : 11 6 0.9712 0.01842 0.01842
BinVal : 11 7 0.9885 0.009729 0.009729
BinVal : 11 8 0.986 0.006082 0.006082
BinVal : 11 9 0.987 0.01756 0.01756
BinVal : 11 10 1 0.08299 0.08299
BinVal : 11 11 1 0.09938 0.09938
BinVal : 11 12 1 0.2357 0.2357
BinVal : 12 0 0 0 0
BinVal : 12 1 0 0 0
BinVal : 12 2 0 0 0
BinVal : 12 3 0.125 0.1206 0.1206
BinVal : 12 4 0.4211 0.1055 0.1055
BinVal : 12 5 0.95 0.03095 0.03095
BinVal : 12 6 0.9888 0.01529 0.01529
BinVal : 12 7 1 0.006711 0.006711
BinVal : 12 8 0.9953 0.004037 0.004037
BinVal : 12 9 1 0.01408 0.01408
BinVal : 12 10 0.9167 0.09035 0.09035
BinVal : 12 11 1 0.09045 0.09045
BinVal : 12 12 1 0.1633 0.1633
BinVal : 13 0 0 0 0
BinVal : 13 1 0 0 0
BinVal : 13 2 0 0 0
BinVal : 13 3 0 0 0
BinVal : 13 4 0.75 0.1028 0.1028
BinVal : 13 5 0.9605 0.02482 0.02482
BinVal : 13 6 0.991 0.01235 0.01235
BinVal : 13 7 1 0.006993 0.006993
BinVal : 13 8 0.9978 0.003105 0.003105
BinVal : 13 9 0.9692 0.02508 0.02508
BinVal : 13 10 0.9 0.1034 0.1034
BinVal : 13 11 1 0.08299 0.08299
BinVal : 13 12 1 0.1409 0.1409
BinVal : 14 0 0 0 0
BinVal : 14 1 0 0 0
BinVal : 14 2 0 0 0
BinVal : 14 3 0.2 0.1597 0.1597
BinVal : 14 4 0.6667 0.1041 0.1041
BinVal : 14 5 0.973 0.02219 0.02219
BinVal : 14 6 1 0.007752 0.007752
BinVal : 14 7 0.9932 0.009334 0.009334
BinVal : 14 8 0.9753 0.007636 0.007636
BinVal : 14 9 0.9615 0.02422 0.02422
BinVal : 14 10 1 0.07122 0.07122
BinVal : 14 11 1 0.09938 0.09938
BinVal : 14 12 1 0.1102 0.1102
BinVal : 15 0 0 0 0
BinVal : 15 1 0 0 0
BinVal : 15 2 0 0 0
BinVal : 15 3 0.2 0.1597 0.1597
BinVal : 15 4 0.5 0.1 0.1
BinVal : 15 5 0.9821 0.02375 0.02375
BinVal : 15 6 0.9587 0.01934 0.01934
BinVal : 15 7 0.9938 0.008545 0.008545
BinVal : 15 8 0.9668 0.008961 0.008961
BinVal : 15 9 0.9706 0.02404 0.02404
BinVal : 15 10 1 0.0665 0.0665
BinVal : 15 11 1 0.1409 0.1409
BinVal : 15 12 1 0.1102 0.1102
BinVal : 16 0 0 0 0
BinVal : 16 1 0 0 0
BinVal : 16 2 0 0 0
BinVal : 16 3 0 0 0
BinVal : 16 4 0.2857 0.08231 0.08231
BinVal : 16 5 0.92 0.04049 0.04049
BinVal : 16 6 0.9268 0.02417 0.02417
BinVal : 16 7 0.9948 0.007271 0.007271
BinVal : 16 8 0.9788 0.007327 0.007327
BinVal : 16 9 0.9649 0.02836 0.02836
BinVal : 16 10 1 0.07666 0.07666
BinVal : 16 11 1 0.1237 0.1237
BinVal : 16 12 1 0.1633 0.1633
BinVal : 17 0 0 0 0
BinVal : 17 1 0 0 0
BinVal : 17 2 0 0 0
BinVal : 17 3 0 0 0
BinVal : 17 4 0.1818 0.08122 0.08122
BinVal : 17 5 0.8772 0.0442 0.0442
BinVal : 17 6 0.9528 0.01987 0.01987
BinVal : 17 7 0.963 0.01446 0.01446
BinVal : 17 8 0.9769 0.007536 0.007536
BinVal : 17 9 0.9667 0.02703 0.02703
BinVal : 17 10 0.9375 0.0721 0.0721
BinVal : 17 11 1 0.09938 0.09938
BinVal : 17 12 1 0.1633 0.1633
BinVal : 18 0 0 0 0
BinVal : 18 1 0 0 0
BinVal : 18 2 0 0 0
BinVal : 18 3 0 0 0
BinVal : 18 4 0.1667 0.08729 0.08729
BinVal : 18 5 0.8776 0.04772 0.04772
BinVal : 18 6 0.9434 0.02358 0.02358
BinVal : 18 7 0.9207 0.0215 0.0215
BinVal : 18 8 0.9662 0.00948 0.00948
BinVal : 18 9 0.9818 0.02416 0.02416
BinVal : 18 10 0.9286 0.08021 0.08021
BinVal : 18 11 1 0.1237 0.1237
BinVal : 18 12 1 0.1936 0.1936
BinVal : 19 0 0 0 0
BinVal : 19 1 0 0 0
BinVal : 19 2 0 0 0
BinVal : 19 3 0 0 0
BinVal : 19 4 0.09091 0.09643 0.09643
BinVal : 19 5 0.9 0.07156 0.07156
BinVal : 19 6 0.9024 0.04833 0.04833
BinVal : 19 7 0.9136 0.0322 0.0322
BinVal : 19 8 0.95 0.01794 0.01794
BinVal : 19 9 1 0.03331 0.03331
BinVal : 19 10 1 0.1409 0.1409
BinVal : 19 11 1 0.2357 0.2357
BinVal : 19 12 1 0.2357 0.2357
BinVal : 20 0 0 0 0
BinVal : 20 1 0 0 0
BinVal : 20 2 0 0 0
BinVal : 20 3 0 0 0
BinVal : 20 4 0 0 0
BinVal : 20 5 0 0 0
BinVal : 20 6 0 0 0
BinVal : 20 7 0 0 0
BinVal : 20 8 0 0 0
BinVal : 20 9 0 0 0
BinVal : 20 10 0 0 0
BinVal : 20 11 0 0 0
BinVal : 20 12 0 0 0
BinVal : 21 0 0 0 0
BinVal : 21 1 0 0 0
BinVal : 21 2 0 0 0
BinVal : 21 3 0 0 0
BinVal : 21 4 0 0 0
BinVal : 21 5 0 0 0
BinVal : 21 6 0 0 0
BinVal : 21 7 0 0 0
BinVal : 21 8 0 0 0
BinVal : 21 9 0 0 0
BinVal : 21 10 0 0 0
BinVal : 21 11 0 0 0
BinVal : 21 12 0 0 0
BinVal : 22 0 0 0 0
BinVal : 22 1 0 0 0
BinVal : 22 2 0 0 0
BinVal : 22 3 0.2 0.1597 0.1597
BinVal : 22 4 0.3043 0.09148 0.09148
BinVal : 22 5 0.8545 0.04788 0.04788
BinVal : 22 6 0.9767 0.01924 0.01924
BinVal : 22 7 0.9911 0.01224 0.01224
BinVal : 22 8 0.9665 0.01312 0.01312
BinVal : 22 9 0.9565 0.0532 0.0532
BinVal : 22 10 0.9565 0.0532 0.0532
BinVal : 22 11 1 0.1936 0.1936
BinVal : 22 12 1 0.1936 0.1936
BinVal : 23 0 0 0 0
BinVal : 23 1 0 0 0
BinVal : 23 2 0 0 0
BinVal : 23 3 0 0 0
BinVal : 23 4 0.3846 0.1225 0.1225
BinVal : 23 5 0.8 0.06257 0.06257
BinVal : 23 6 0.9722 0.02277 0.02277
BinVal : 23 7 1 0.01282 0.01282
BinVal : 23 8 0.9852 0.01246 0.01246
BinVal : 23 9 1 0.04756 0.04756
BinVal : 23 10 1 0.2357 0.2357
BinVal : 23 11 1 0.2357 0.2357
BinVal : 23 12 1 0.2357 0.2357
BinVal : 24 0 0 0 0
BinVal : 24 1 0 0 0
BinVal : 24 2 0 0 0
BinVal : 24 3 0.3333 0.1614 0.1614
BinVal : 24 4 0.3846 0.1225 0.1225
BinVal : 24 5 0.8333 0.06207 0.06207
BinVal : 24 6 0.9649 0.02836 0.02836
BinVal : 24 7 1 0.0196 0.0196
BinVal : 24 8 0.9886 0.01545 0.01545
BinVal : 24 9 1 0.08299 0.08299
BinVal : 24 10 1 0.1936 0.1936
BinVal : 24 11 1 0.1936 0.1936
BinVal : 24 12 1 0.1936 0.1936
BinVal : 25 0 0 0 0
BinVal : 25 1 0 0 0
BinVal : 25 2 0 0 0
BinVal : 25 3 0.6667 0.2 0.2
BinVal : 25 4 0.5385 0.1247 0.1247
BinVal : 25 5 0.9111 0.0445 0.0445
BinVal : 25 6 0.973 0.03488 0.03488
BinVal : 25 7 0.9667 0.04214 0.04214
BinVal : 25 8 0.98 0.02642 0.02642
BinVal : 25 9 1 0.1633 0.1633
BinVal : 25 10 1 0.1936 0.1936
BinVal : 25 11 1 0.1936 0.1936
BinVal : 25 12 1 0.1936 0.1936
BinVal : 26 0 0 0 0
BinVal : 26 1 0 0 0
BinVal : 26 2 0 0 0
BinVal : 26 3 0.5 0.2236 0.2236
BinVal : 26 4 0.5 0.1291 0.1291
BinVal : 26 5 0.8485 0.06281 0.06281
BinVal : 26 6 0.9429 0.04428 0.04428
BinVal : 26 7 0.85 0.08042 0.08042
BinVal : 26 8 0.931 0.05226 0.05226
BinVal : 26 9 1 0.1633 0.1633
BinVal : 26 10 1 0.2357 0.2357
BinVal : 26 11 1 0.2357 0.2357
BinVal : 26 12 1 0.2357 0.2357
BinVal : 27 0 0 0 0
BinVal : 27 1 0 0 0
BinVal : 27 2 0 0 0
BinVal : 27 3 0.5 0.2236 0.2236
BinVal : 27 4 0.3 0.1307 0.1307
BinVal : 27 5 0.4545 0.1332 0.1332
BinVal : 27 6 0.8 0.08738 0.08738
BinVal : 27 7 0.8 0.1201 0.1201
BinVal : 27 8 0.8667 0.08985 0.08985
BinVal : 27 9 1 0.1936 0.1936
BinVal : 27 10 1 0.1936 0.1936
BinVal : 27 11 1 0.1936 0.1936
BinVal : 27 12 1 0.1936 0.1936
BinVal : 28 0 0 0 0
BinVal : 28 1 0 0 0
BinVal : 28 2 0 0 0
BinVal : 28 3 0 0 0
BinVal : 28 4 0 0 0
BinVal : 28 5 0.2 0.1597 0.1597
BinVal : 28 6 0.3333 0.2 0.2
BinVal : 28 7 1 0.1936 0.1936
BinVal : 28 8 1 0.1633 0.1633
BinVal : 28 9 1 0.1633 0.1633
BinVal : 28 10 1 0.1633 0.1633
BinVal : 28 11 1 0.1633 0.1633
BinVal : 28 12 1 0.1633 0.1633
