D0NoteID : 0
EffName : SINGLEELE_AND_GROUP1_v16
EffType : Binned
EffVarNames : DetEta pT
EffVersion : 6
ObjQuality : Tight
ObjType : Electron
ObjVersion : 11
BinEdgesX : -3.2 -2.8 -2.5 -2.3 -2.1 -1.9 -1.7 -1.5 -1.3 -1.1 -0.9 -0.7 -0.5 -0.3 -0.1 0.1 0.3 0.5 0.7 0.9 1.1 1.3 1.5 1.7 1.9 2.1 2.3 2.5 2.8 3.2
BinEdgesY : 0 10 15 20 22 25 30 35 40 50 60 70 80 1000
BinVal : 0 0 0 0 0
BinVal : 0 1 0 0 0
BinVal : 0 2 0 0 0
BinVal : 0 3 0 0 0
BinVal : 0 4 0.1358 0.03837 0.03837
BinVal : 0 5 0.5953 0.03045 0.03045
BinVal : 0 6 0.7123 0.03044 0.03044
BinVal : 0 7 0.7317 0.03964 0.03964
BinVal : 0 8 0.6946 0.0354 0.0354
BinVal : 0 9 0.9 0.1034 0.1034
BinVal : 0 10 1 0.2357 0.2357
BinVal : 0 11 1 0.2357 0.2357
BinVal : 0 12 1 0.2357 0.2357
BinVal : 1 0 0 0 0
BinVal : 1 1 0 0 0
BinVal : 1 2 0 0 0
BinVal : 1 3 0 0 0
BinVal : 1 4 0.1929 0.03327 0.03327
BinVal : 1 5 0.6911 0.02172 0.02172
BinVal : 1 6 0.7763 0.01805 0.01805
BinVal : 1 7 0.8228 0.02148 0.02148
BinVal : 1 8 0.8291 0.01729 0.01729
BinVal : 1 9 0.9429 0.04428 0.04428
BinVal : 1 10 1 0.1936 0.1936
BinVal : 1 11 1 0.1936 0.1936
BinVal : 1 12 1 0.1936 0.1936
BinVal : 2 0 0 0 0
BinVal : 2 1 0 0 0
BinVal : 2 2 0 0 0
BinVal : 2 3 0.01389 0.01872 0.01872
BinVal : 2 4 0.233 0.03174 0.03174
BinVal : 2 5 0.7115 0.01996 0.01996
BinVal : 2 6 0.7965 0.01534 0.01534
BinVal : 2 7 0.8388 0.01524 0.01524
BinVal : 2 8 0.8858 0.01168 0.01168
BinVal : 2 9 0.9608 0.03145 0.03145
BinVal : 2 10 1 0.07122 0.07122
BinVal : 2 11 1 0.07122 0.07122
BinVal : 2 12 1 0.07122 0.07122
BinVal : 3 0 0 0 0
BinVal : 3 1 0 0 0
BinVal : 3 2 0.008403 0.01154 0.01154
BinVal : 3 3 0.01176 0.01598 0.01598
BinVal : 3 4 0.2586 0.02864 0.02864
BinVal : 3 5 0.6957 0.01843 0.01843
BinVal : 3 6 0.802 0.0134 0.0134
BinVal : 3 7 0.8256 0.01205 0.01205
BinVal : 3 8 0.8785 0.009126 0.009126
BinVal : 3 9 0.9275 0.02266 0.02266
BinVal : 3 10 1 0.03997 0.03997
BinVal : 3 11 1 0.1633 0.1633
BinVal : 3 12 1 0.1633 0.1633
BinVal : 4 0 0 0 0
BinVal : 4 1 0 0 0
BinVal : 4 2 0.005435 0.007542 0.007542
BinVal : 4 3 0.007937 0.01092 0.01092
BinVal : 4 4 0.3131 0.02612 0.02612
BinVal : 4 5 0.7111 0.01515 0.01515
BinVal : 4 6 0.7937 0.01104 0.01104
BinVal : 4 7 0.8193 0.009444 0.009444
BinVal : 4 8 0.8686 0.006959 0.006959
BinVal : 4 9 0.9313 0.01588 0.01588
BinVal : 4 10 0.9444 0.04318 0.04318
BinVal : 4 11 1 0.06236 0.06236
BinVal : 4 12 1 0.1237 0.1237
BinVal : 5 0 0 0 0
BinVal : 5 1 0 0 0
BinVal : 5 2 0.07216 0.01894 0.01894
BinVal : 5 3 0.1895 0.02839 0.02839
BinVal : 5 4 0.4584 0.0242 0.0242
BinVal : 5 5 0.8 0.01124 0.01124
BinVal : 5 6 0.8494 0.008314 0.008314
BinVal : 5 7 0.8799 0.006453 0.006453
BinVal : 5 8 0.9138 0.004506 0.004506
BinVal : 5 9 0.9568 0.00962 0.00962
BinVal : 5 10 0.9718 0.02308 0.02308
BinVal : 5 11 1 0.03446 0.03446
BinVal : 5 12 1 0.05871 0.05871
BinVal : 6 0 0 0 0
BinVal : 6 1 0 0 0
BinVal : 6 2 0.1609 0.03946 0.03946
BinVal : 6 3 0.3241 0.04454 0.04454
BinVal : 6 4 0.5612 0.03204 0.03204
BinVal : 6 5 0.8669 0.0128 0.0128
BinVal : 6 6 0.9015 0.009275 0.009275
BinVal : 6 7 0.9216 0.006945 0.006945
BinVal : 6 8 0.9422 0.004784 0.004784
BinVal : 6 9 0.965 0.01074 0.01074
BinVal : 6 10 1 0.02 0.02
BinVal : 6 11 1 0.05255 0.05255
BinVal : 6 12 1 0.08299 0.08299
BinVal : 7 0 0 0 0
BinVal : 7 1 0 0 0
BinVal : 7 2 0 0 0
BinVal : 7 3 0 0 0
BinVal : 7 4 0 0 0
BinVal : 7 5 0 0 0
BinVal : 7 6 0 0 0
BinVal : 7 7 0 0 0
BinVal : 7 8 0 0 0
BinVal : 7 9 0 0 0
BinVal : 7 10 0 0 0
BinVal : 7 11 0 0 0
BinVal : 7 12 0 0 0
BinVal : 8 0 0 0 0
BinVal : 8 1 0 0 0
BinVal : 8 2 0 0 0
BinVal : 8 3 0 0 0
BinVal : 8 4 0 0 0
BinVal : 8 5 0 0 0
BinVal : 8 6 0 0 0
BinVal : 8 7 0 0 0
BinVal : 8 8 0 0 0
BinVal : 8 9 0 0 0
BinVal : 8 10 0 0 0
BinVal : 8 11 0 0 0
BinVal : 8 12 0 0 0
BinVal : 9 0 0 0 0
BinVal : 9 1 0 0 0
BinVal : 9 2 0.1838 0.03317 0.03317
BinVal : 9 3 0.5376 0.05089 0.05089
BinVal : 9 4 0.7346 0.03026 0.03026
BinVal : 9 5 0.9482 0.008729 0.008729
BinVal : 9 6 0.971 0.004079 0.004079
BinVal : 9 7 0.9808 0.002478 0.002478
BinVal : 9 8 0.9886 0.001305 0.001305
BinVal : 9 9 0.9947 0.002345 0.002345
BinVal : 9 10 1 0.004484 0.004484
BinVal : 9 11 1 0.01449 0.01449
BinVal : 9 12 1 0.02325 0.02325
BinVal : 10 0 0 0 0
BinVal : 10 1 0 0 0
BinVal : 10 2 0.2229 0.03309 0.03309
BinVal : 10 3 0.4854 0.04854 0.04854
BinVal : 10 4 0.7581 0.02566 0.02566
BinVal : 10 5 0.9457 0.008218 0.008218
BinVal : 10 6 0.9763 0.003452 0.003452
BinVal : 10 7 0.9837 0.002067 0.002067
BinVal : 10 8 0.9907 0.001056 0.001056
BinVal : 10 9 0.995 0.00203 0.00203
BinVal : 10 10 1 0.003597 0.003597
BinVal : 10 11 1 0.0119 0.0119
BinVal : 10 12 1 0.01538 0.01538
BinVal : 11 0 0 0 0
BinVal : 11 1 0 0 0
BinVal : 11 2 0.2519 0.03768 0.03768
BinVal : 11 3 0.4674 0.05119 0.05119
BinVal : 11 4 0.6879 0.02605 0.02605
BinVal : 11 5 0.9405 0.007686 0.007686
BinVal : 11 6 0.9723 0.003706 0.003706
BinVal : 11 7 0.9847 0.001992 0.001992
BinVal : 11 8 0.9924 0.0009428 0.0009428
BinVal : 11 9 0.9943 0.002111 0.002111
BinVal : 11 10 1 0.003584 0.003584
BinVal : 11 11 1 0.01136 0.01136
BinVal : 11 12 1 0.01282 0.01282
BinVal : 12 0 0 0 0
BinVal : 12 1 0 0 0
BinVal : 12 2 0.243 0.04116 0.04116
BinVal : 12 3 0.4433 0.04969 0.04969
BinVal : 12 4 0.6891 0.02611 0.02611
BinVal : 12 5 0.9509 0.006562 0.006562
BinVal : 12 6 0.9758 0.003519 0.003519
BinVal : 12 7 0.9882 0.001828 0.001828
BinVal : 12 8 0.9928 0.0008989 0.0008989
BinVal : 12 9 0.9957 0.001878 0.001878
BinVal : 12 10 1 0.003953 0.003953
BinVal : 12 11 1 0.01124 0.01124
BinVal : 12 12 1 0.01428 0.01428
BinVal : 13 0 0 0 0
BinVal : 13 1 0 0 0
BinVal : 13 2 0.2447 0.04397 0.04397
BinVal : 13 3 0.4434 0.04759 0.04759
BinVal : 13 4 0.7269 0.02697 0.02697
BinVal : 13 5 0.9672 0.005356 0.005356
BinVal : 13 6 0.9844 0.002813 0.002813
BinVal : 13 7 0.9934 0.001465 0.001465
BinVal : 13 8 0.993 0.0008673 0.0008673
BinVal : 13 9 0.9948 0.002071 0.002071
BinVal : 13 10 1 0.003968 0.003968
BinVal : 13 11 1 0.01053 0.01053
BinVal : 13 12 1 0.01562 0.01562
BinVal : 14 0 0 0 0
BinVal : 14 1 0 0 0
BinVal : 14 2 0.2475 0.0426 0.0426
BinVal : 14 3 0.4554 0.04884 0.04884
BinVal : 14 4 0.7246 0.02679 0.02679
BinVal : 14 5 0.9694 0.005159 0.005159
BinVal : 14 6 0.98 0.003165 0.003165
BinVal : 14 7 0.9887 0.001917 0.001917
BinVal : 14 8 0.9916 0.0009502 0.0009502
BinVal : 14 9 0.9924 0.002499 0.002499
BinVal : 14 10 1 0.00369 0.00369
BinVal : 14 11 1 0.01053 0.01053
BinVal : 14 12 1 0.01408 0.01408
BinVal : 15 0 0 0 0
BinVal : 15 1 0 0 0
BinVal : 15 2 0.2308 0.03872 0.03872
BinVal : 15 3 0.4318 0.05195 0.05195
BinVal : 15 4 0.7129 0.02561 0.02561
BinVal : 15 5 0.9561 0.006047 0.006047
BinVal : 15 6 0.9813 0.003124 0.003124
BinVal : 15 7 0.9836 0.002214 0.002214
BinVal : 15 8 0.9897 0.001059 0.001059
BinVal : 15 9 0.9928 0.002366 0.002366
BinVal : 15 10 1 0.003817 0.003817
BinVal : 15 11 1 0.01124 0.01124
BinVal : 15 12 1 0.01333 0.01333
BinVal : 16 0 0 0 0
BinVal : 16 1 0 0 0
BinVal : 16 2 0.1953 0.03495 0.03495
BinVal : 16 3 0.5484 0.0508 0.0508
BinVal : 16 4 0.6849 0.02624 0.02624
BinVal : 16 5 0.9508 0.006703 0.006703
BinVal : 16 6 0.9819 0.003062 0.003062
BinVal : 16 7 0.9848 0.001999 0.001999
BinVal : 16 8 0.9889 0.001106 0.001106
BinVal : 16 9 0.9918 0.002449 0.002449
BinVal : 16 10 0.9961 0.005408 0.005408
BinVal : 16 11 1 0.01176 0.01176
BinVal : 16 12 1 0.01639 0.01639
BinVal : 17 0 0 0 0
BinVal : 17 1 0 0 0
BinVal : 17 2 0.1463 0.03198 0.03198
BinVal : 17 3 0.5185 0.04743 0.04743
BinVal : 17 4 0.6868 0.02837 0.02837
BinVal : 17 5 0.951 0.007524 0.007524
BinVal : 17 6 0.9759 0.003471 0.003471
BinVal : 17 7 0.9859 0.001885 0.001885
BinVal : 17 8 0.9897 0.001091 0.001091
BinVal : 17 9 0.9931 0.002281 0.002281
BinVal : 17 10 0.9963 0.005171 0.005171
BinVal : 17 11 1 0.01124 0.01124
BinVal : 17 12 1 0.0204 0.0204
BinVal : 18 0 0 0 0
BinVal : 18 1 0 0 0
BinVal : 18 2 0.1304 0.03163 0.03163
BinVal : 18 3 0.3723 0.04916 0.04916
BinVal : 18 4 0.7312 0.03234 0.03234
BinVal : 18 5 0.9346 0.009277 0.009277
BinVal : 18 6 0.966 0.004277 0.004277
BinVal : 18 7 0.9778 0.002567 0.002567
BinVal : 18 8 0.9851 0.00144 0.00144
BinVal : 18 9 0.9935 0.002433 0.002433
BinVal : 18 10 0.9954 0.006356 0.006356
BinVal : 18 11 1 0.01333 0.01333
BinVal : 18 12 1 0.02127 0.02127
BinVal : 19 0 0 0 0
BinVal : 19 1 0 0 0
BinVal : 19 2 0.1481 0.04865 0.04865
BinVal : 19 3 0.3143 0.07594 0.07594
BinVal : 19 4 0.8182 0.04734 0.04734
BinVal : 19 5 0.9204 0.01485 0.01485
BinVal : 19 6 0.9582 0.007198 0.007198
BinVal : 19 7 0.968 0.004729 0.004729
BinVal : 19 8 0.9782 0.002715 0.002715
BinVal : 19 9 0.9886 0.004954 0.004954
BinVal : 19 10 0.9886 0.01545 0.01545
BinVal : 19 11 1 0.03331 0.03331
BinVal : 19 12 1 0.04343 0.04343
BinVal : 20 0 0 0 0
BinVal : 20 1 0 0 0
BinVal : 20 2 0 0 0
BinVal : 20 3 0 0 0
BinVal : 20 4 0 0 0
BinVal : 20 5 0 0 0
BinVal : 20 6 0 0 0
BinVal : 20 7 0 0 0
BinVal : 20 8 0 0 0
BinVal : 20 9 0 0 0
BinVal : 20 10 0 0 0
BinVal : 20 11 0 0 0
BinVal : 20 12 0 0 0
BinVal : 21 0 0 0 0
BinVal : 21 1 0 0 0
BinVal : 21 2 0 0 0
BinVal : 21 3 0 0 0
BinVal : 21 4 0 0 0
BinVal : 21 5 0 0 0
BinVal : 21 6 0 0 0
BinVal : 21 7 0 0 0
BinVal : 21 8 0 0 0
BinVal : 21 9 0 0 0
BinVal : 21 10 0 0 0
BinVal : 21 11 0 0 0
BinVal : 21 12 0 0 0
BinVal : 22 0 0 0 0
BinVal : 22 1 0 0 0
BinVal : 22 2 0.03947 0.01342 0.01342
BinVal : 22 3 0.1455 0.02753 0.02753
BinVal : 22 4 0.5157 0.02444 0.02444
BinVal : 22 5 0.8162 0.01081 0.01081
BinVal : 22 6 0.8698 0.007747 0.007747
BinVal : 22 7 0.8754 0.00668 0.00668
BinVal : 22 8 0.9221 0.00406 0.00406
BinVal : 22 9 0.9622 0.008042 0.008042
BinVal : 22 10 0.9873 0.01714 0.01714
BinVal : 22 11 1 0.03446 0.03446
BinVal : 22 12 1 0.09045 0.09045
BinVal : 23 0 0 0 0
BinVal : 23 1 0 0 0
BinVal : 23 2 0 0 0
BinVal : 23 3 0.02222 0.01433 0.01433
BinVal : 23 4 0.348 0.02566 0.02566
BinVal : 23 5 0.747 0.01444 0.01444
BinVal : 23 6 0.803 0.0109 0.0109
BinVal : 23 7 0.8137 0.009435 0.009435
BinVal : 23 8 0.8866 0.006219 0.006219
BinVal : 23 9 0.9452 0.01242 0.01242
BinVal : 23 10 0.9796 0.02692 0.02692
BinVal : 23 11 1 0.1409 0.1409
BinVal : 23 12 1 0.2357 0.2357
BinVal : 24 0 0 0 0
BinVal : 24 1 0 0 0
BinVal : 24 2 0 0 0
BinVal : 24 3 0.01087 0.01481 0.01481
BinVal : 24 4 0.2656 0.02834 0.02834
BinVal : 24 5 0.7227 0.01694 0.01694
BinVal : 24 6 0.8045 0.01262 0.01262
BinVal : 24 7 0.8415 0.01112 0.01112
BinVal : 24 8 0.8764 0.008633 0.008633
BinVal : 24 9 0.9551 0.01739 0.01739
BinVal : 24 10 1 0.03569 0.03569
BinVal : 24 11 1 0.1936 0.1936
BinVal : 24 12 1 0.1936 0.1936
BinVal : 25 0 0 0 0
BinVal : 25 1 0 0 0
BinVal : 25 2 0 0 0
BinVal : 25 3 0.0122 0.01654 0.01654
BinVal : 25 4 0.2473 0.03184 0.03184
BinVal : 25 5 0.7228 0.01815 0.01815
BinVal : 25 6 0.8179 0.01381 0.01381
BinVal : 25 7 0.8565 0.01336 0.01336
BinVal : 25 8 0.8737 0.01079 0.01079
BinVal : 25 9 0.9785 0.01785 0.01785
BinVal : 25 10 1 0.06236 0.06236
BinVal : 25 11 1 0.2357 0.2357
BinVal : 25 12 1 0.2357 0.2357
BinVal : 26 0 0 0 0
BinVal : 26 1 0 0 0
BinVal : 26 2 0 0 0
BinVal : 26 3 0 0.01163 0.01163
BinVal : 26 4 0.2189 0.0317 0.0317
BinVal : 26 5 0.6869 0.02016 0.02016
BinVal : 26 6 0.774 0.01685 0.01685
BinVal : 26 7 0.7859 0.01987 0.01987
BinVal : 26 8 0.8405 0.01486 0.01486
BinVal : 26 9 0.9615 0.03089 0.03089
BinVal : 26 10 0.8 0.1597 0.1597
BinVal : 26 11 0.8 0.1597 0.1597
BinVal : 26 12 0.8 0.1597 0.1597
BinVal : 27 0 0 0 0
BinVal : 27 1 0 0 0
BinVal : 27 2 0 0 0
BinVal : 27 3 0 0.01852 0.01852
BinVal : 27 4 0.1441 0.03348 0.03348
BinVal : 27 5 0.5783 0.02778 0.02778
BinVal : 27 6 0.6752 0.02645 0.02645
BinVal : 27 7 0.6373 0.03344 0.03344
BinVal : 27 8 0.6992 0.02911 0.02911
BinVal : 27 9 0.9231 0.08498 0.08498
BinVal : 27 10 0.5 0.2236 0.2236
BinVal : 27 11 0.5 0.2236 0.2236
BinVal : 27 12 0.5 0.2236 0.2236
BinVal : 28 0 0 0 0
BinVal : 28 1 0 0 0
BinVal : 28 2 0 0 0
BinVal : 28 3 0 0 0
BinVal : 28 4 0 0.04163 0.04163
BinVal : 28 5 0.3385 0.05758 0.05758
BinVal : 28 6 0.3659 0.07287 0.07287
BinVal : 28 7 0.3243 0.07454 0.07454
BinVal : 28 8 0.3889 0.07827 0.07827
BinVal : 28 9 0.3889 0.07827 0.07827
BinVal : 28 10 0.3889 0.07827 0.07827
BinVal : 28 11 0.3889 0.07827 0.07827
BinVal : 28 12 0.3889 0.07827 0.07827
