D0NoteID : 0
EffName : SINGLEELE_AND_GROUP1_v16
EffType : Binned
EffVarNames : DetEta pT
EffVersion : 6
ObjQuality : Point2
ObjType : Electron
ObjVersion : 1
TriggerVersion : v16
TriggerVersionHigh : 16.29
TriggerVersionLow : 16.00
BinEdgesX : -3.2 -2.8 -2.5 -2.3 -2.1 -1.9 -1.7 -1.5 -1.3 -1.1 -0.9 -0.7 -0.5 -0.3 -0.1 0.1 0.3 0.5 0.7 0.9 1.1 1.3 1.5 1.7 1.9 2.1 2.3 2.5 2.8 3.2
BinEdgesY : 0 10 15 20 22 25 30 35 40 50 60 70 80 1000
BinVal : 0 0 0 0 0
BinVal : 0 1 0 0 0
BinVal : 0 2 0 0 0
BinVal : 0 3 0 0 0
BinVal : 0 4 0 0 0
BinVal : 0 5 0.5727 0.04655 0.04655
BinVal : 0 6 0.7403 0.04939 0.04939
BinVal : 0 7 0.7895 0.06522 0.06522
BinVal : 0 8 0.7213 0.05647 0.05647
BinVal : 0 9 1 0.1633 0.1633
BinVal : 0 10 1 0.1633 0.1633
BinVal : 0 11 1 0.1633 0.1633
BinVal : 0 12 1 0.1633 0.1633
BinVal : 1 0 0 0 0
BinVal : 1 1 0 0 0
BinVal : 1 2 0 0 0
BinVal : 1 3 0 0 0
BinVal : 1 4 0.2174 0.04273 0.04273
BinVal : 1 5 0.6945 0.02602 0.02602
BinVal : 1 6 0.743 0.02304 0.02304
BinVal : 1 7 0.7965 0.02673 0.02673
BinVal : 1 8 0.7994 0.02222 0.02222
BinVal : 1 9 0.9259 0.0556 0.0556
BinVal : 1 10 0.5 0.2236 0.2236
BinVal : 1 11 0.5 0.2236 0.2236
BinVal : 1 12 0.5 0.2236 0.2236
BinVal : 2 0 0 0 0
BinVal : 2 1 0 0 0
BinVal : 2 2 0 0 0
BinVal : 2 3 0.01429 0.01923 0.01923
BinVal : 2 4 0.2454 0.03354 0.03354
BinVal : 2 5 0.6948 0.02059 0.02059
BinVal : 2 6 0.7344 0.01718 0.01718
BinVal : 2 7 0.7412 0.01887 0.01887
BinVal : 2 8 0.7663 0.01626 0.01626
BinVal : 2 9 0.88 0.04688 0.04688
BinVal : 2 10 0.7778 0.1286 0.1286
BinVal : 2 11 0.7778 0.1286 0.1286
BinVal : 2 12 0.7778 0.1286 0.1286
BinVal : 3 0 0 0 0
BinVal : 3 1 0 0 0
BinVal : 3 2 0.008197 0.01127 0.01127
BinVal : 3 3 0.01176 0.01598 0.01598
BinVal : 3 4 0.2535 0.02941 0.02941
BinVal : 3 5 0.6683 0.0189 0.0189
BinVal : 3 6 0.7271 0.01462 0.01462
BinVal : 3 7 0.7209 0.01433 0.01433
BinVal : 3 8 0.7449 0.01217 0.01217
BinVal : 3 9 0.7109 0.03974 0.03974
BinVal : 3 10 0.6957 0.09148 0.09148
BinVal : 3 11 1 0.1936 0.1936
BinVal : 3 12 1 0.1936 0.1936
BinVal : 4 0 0 0 0
BinVal : 4 1 0 0 0
BinVal : 4 2 0.005618 0.007791 0.007791
BinVal : 4 3 0.005618 0.007791 0.007791
BinVal : 4 4 0.3043 0.02651 0.02651
BinVal : 4 5 0.68 0.01555 0.01555
BinVal : 4 6 0.7465 0.01182 0.01182
BinVal : 4 7 0.7433 0.01077 0.01077
BinVal : 4 8 0.7588 0.008706 0.008706
BinVal : 4 9 0.7566 0.02619 0.02619
BinVal : 4 10 0.8158 0.06247 0.06247
BinVal : 4 11 0.8333 0.1059 0.1059
BinVal : 4 12 0.8 0.1597 0.1597
BinVal : 5 0 0 0 0
BinVal : 5 1 0 0 0
BinVal : 5 2 0.07853 0.0198 0.0198
BinVal : 5 3 0.221 0.03074 0.03074
BinVal : 5 4 0.4857 0.0243 0.0243
BinVal : 5 5 0.7902 0.01132 0.01132
BinVal : 5 6 0.8243 0.008903 0.008903
BinVal : 5 7 0.8419 0.007292 0.007292
BinVal : 5 8 0.8505 0.005659 0.005659
BinVal : 5 9 0.8753 0.01523 0.01523
BinVal : 5 10 0.9296 0.03193 0.03193
BinVal : 5 11 0.88 0.06714 0.06714
BinVal : 5 12 0.8 0.1201 0.1201
BinVal : 6 0 0 0 0
BinVal : 6 1 0 0 0
BinVal : 6 2 0.163 0.03856 0.03856
BinVal : 6 3 0.3883 0.04738 0.04738
BinVal : 6 4 0.6066 0.0311 0.0311
BinVal : 6 5 0.874 0.01237 0.01237
BinVal : 6 6 0.875 0.01035 0.01035
BinVal : 6 7 0.9008 0.00775 0.00775
BinVal : 6 8 0.9053 0.005944 0.005944
BinVal : 6 9 0.9123 0.01625 0.01625
BinVal : 6 10 0.9375 0.03799 0.03799
BinVal : 6 11 0.9333 0.07594 0.07594
BinVal : 6 12 0.8 0.1597 0.1597
BinVal : 7 0 0 0 0
BinVal : 7 1 0 0 0
BinVal : 7 2 0 0 0
BinVal : 7 3 0 0 0
BinVal : 7 4 0 0 0
BinVal : 7 5 0 0 0
BinVal : 7 6 0 0 0
BinVal : 7 7 0 0 0
BinVal : 7 8 0 0 0
BinVal : 7 9 0 0 0
BinVal : 7 10 0 0 0
BinVal : 7 11 0 0 0
BinVal : 7 12 0 0 0
BinVal : 8 0 0 0 0
BinVal : 8 1 0 0 0
BinVal : 8 2 0 0 0
BinVal : 8 3 0 0 0
BinVal : 8 4 0 0 0
BinVal : 8 5 0 0 0
BinVal : 8 6 0 0 0
BinVal : 8 7 0 0 0
BinVal : 8 8 0 0 0
BinVal : 8 9 0 0 0
BinVal : 8 10 0 0 0
BinVal : 8 11 0 0 0
BinVal : 8 12 0 0 0
BinVal : 9 0 0 0 0
BinVal : 9 1 0 0 0
BinVal : 9 2 0.1509 0.02845 0.02845
BinVal : 9 3 0.5273 0.04697 0.04697
BinVal : 9 4 0.6731 0.02896 0.02896
BinVal : 9 5 0.918 0.0101 0.0101
BinVal : 9 6 0.9604 0.004335 0.004335
BinVal : 9 7 0.969 0.002821 0.002821
BinVal : 9 8 0.9775 0.001664 0.001664
BinVal : 9 9 0.9863 0.003285 0.003285
BinVal : 9 10 0.9798 0.00966 0.00966
BinVal : 9 11 1 0.01282 0.01282
BinVal : 9 12 1 0.0238 0.0238
BinVal : 10 0 0 0 0
BinVal : 10 1 0 0 0
BinVal : 10 2 0.1967 0.02933 0.02933
BinVal : 10 3 0.4962 0.04319 0.04319
BinVal : 10 4 0.6979 0.02478 0.02478
BinVal : 10 5 0.9302 0.008592 0.008592
BinVal : 10 6 0.9666 0.003762 0.003762
BinVal : 10 7 0.9795 0.00213 0.00213
BinVal : 10 8 0.984 0.001266 0.001266
BinVal : 10 9 0.992 0.002299 0.002299
BinVal : 10 10 0.9874 0.006922 0.006922
BinVal : 10 11 1 0.01053 0.01053
BinVal : 10 12 1 0.01492 0.01492
BinVal : 11 0 0 0 0
BinVal : 11 1 0 0 0
BinVal : 11 2 0.2102 0.03241 0.03241
BinVal : 11 3 0.475 0.04503 0.04503
BinVal : 11 4 0.6391 0.02511 0.02511
BinVal : 11 5 0.9268 0.007906 0.007906
BinVal : 11 6 0.964 0.003943 0.003943
BinVal : 11 7 0.9815 0.002032 0.002032
BinVal : 11 8 0.9878 0.00109 0.00109
BinVal : 11 9 0.9923 0.002198 0.002198
BinVal : 11 10 0.9969 0.004399 0.004399
BinVal : 11 11 0.9894 0.0145 0.0145
BinVal : 11 12 1 0.01163 0.01163
BinVal : 12 0 0 0 0
BinVal : 12 1 0 0 0
BinVal : 12 2 0.216 0.03664 0.03664
BinVal : 12 3 0.4324 0.04641 0.04641
BinVal : 12 4 0.6741 0.02465 0.02465
BinVal : 12 5 0.9347 0.007002 0.007002
BinVal : 12 6 0.971 0.0036 0.0036
BinVal : 12 7 0.9818 0.002106 0.002106
BinVal : 12 8 0.9886 0.001032 0.001032
BinVal : 12 9 0.9908 0.002345 0.002345
BinVal : 12 10 1 0.003344 0.003344
BinVal : 12 11 0.9891 0.01481 0.01481
BinVal : 12 12 1 0.01266 0.01266
BinVal : 13 0 0 0 0
BinVal : 13 1 0 0 0
BinVal : 13 2 0.2162 0.03888 0.03888
BinVal : 13 3 0.4483 0.0456 0.0456
BinVal : 13 4 0.7139 0.02473 0.02473
BinVal : 13 5 0.9529 0.005922 0.005922
BinVal : 13 6 0.9811 0.002844 0.002844
BinVal : 13 7 0.9872 0.001872 0.001872
BinVal : 13 8 0.9904 0.0009245 0.0009245
BinVal : 13 9 0.9917 0.002289 0.002289
BinVal : 13 10 0.9932 0.005851 0.005851
BinVal : 13 11 1 0.008849 0.008849
BinVal : 13 12 0.9853 0.01977 0.01977
BinVal : 14 0 0 0 0
BinVal : 14 1 0 0 0
BinVal : 14 2 0.2632 0.04091 0.04091
BinVal : 14 3 0.4455 0.04677 0.04677
BinVal : 14 4 0.6826 0.02538 0.02538
BinVal : 14 5 0.9581 0.005523 0.005523
BinVal : 14 6 0.9772 0.003091 0.003091
BinVal : 14 7 0.9844 0.002079 0.002079
BinVal : 14 8 0.9888 0.0009985 0.0009985
BinVal : 14 9 0.9932 0.002136 0.002136
BinVal : 14 10 0.9936 0.005464 0.005464
BinVal : 14 11 1 0.008547 0.008547
BinVal : 14 12 0.9625 0.02364 0.02364
BinVal : 15 0 0 0 0
BinVal : 15 1 0 0 0
BinVal : 15 2 0.248 0.03837 0.03837
BinVal : 15 3 0.4019 0.04678 0.04678
BinVal : 15 4 0.6742 0.02486 0.02486
BinVal : 15 5 0.9454 0.006242 0.006242
BinVal : 15 6 0.976 0.003252 0.003252
BinVal : 15 7 0.9801 0.002274 0.002274
BinVal : 15 8 0.9858 0.001133 0.001133
BinVal : 15 9 0.9917 0.002294 0.002294
BinVal : 15 10 0.9934 0.005605 0.005605
BinVal : 15 11 1 0.009091 0.009091
BinVal : 15 12 0.9753 0.02037 0.02037
BinVal : 16 0 0 0 0
BinVal : 16 1 0 0 0
BinVal : 16 2 0.1745 0.03108 0.03108
BinVal : 16 3 0.5088 0.04622 0.04622
BinVal : 16 4 0.6686 0.02518 0.02518
BinVal : 16 5 0.9352 0.007122 0.007122
BinVal : 16 6 0.9772 0.003152 0.003152
BinVal : 16 7 0.9818 0.002026 0.002026
BinVal : 16 8 0.9837 0.001227 0.001227
BinVal : 16 9 0.9846 0.002993 0.002993
BinVal : 16 10 0.9866 0.007379 0.007379
BinVal : 16 11 1 0.009434 0.009434
BinVal : 16 12 1 0.01613 0.01613
BinVal : 17 0 0 0 0
BinVal : 17 1 0.02222 0.02913 0.02913
BinVal : 17 2 0.1358 0.02703 0.02703
BinVal : 17 3 0.5691 0.04413 0.04413
BinVal : 17 4 0.6645 0.02671 0.02671
BinVal : 17 5 0.9339 0.007955 0.007955
BinVal : 17 6 0.9688 0.003569 0.003569
BinVal : 17 7 0.9793 0.002079 0.002079
BinVal : 17 8 0.9829 0.001283 0.001283
BinVal : 17 9 0.9841 0.003086 0.003086
BinVal : 17 10 0.9871 0.007098 0.007098
BinVal : 17 11 1 0.009999 0.009999
BinVal : 17 12 1 0.02 0.02
BinVal : 18 0 0 0 0
BinVal : 18 1 0.02941 0.03766 0.03766
BinVal : 18 2 0.12 0.02674 0.02674
BinVal : 18 3 0.4505 0.04661 0.04661
BinVal : 18 4 0.6612 0.03027 0.03027
BinVal : 18 5 0.9137 0.009686 0.009686
BinVal : 18 6 0.9584 0.004215 0.004215
BinVal : 18 7 0.9697 0.002715 0.002715
BinVal : 18 8 0.9778 0.001608 0.001608
BinVal : 18 9 0.9805 0.003778 0.003778
BinVal : 18 10 0.987 0.008528 0.008528
BinVal : 18 11 1 0.01299 0.01299
BinVal : 18 12 1 0.01886 0.01886
BinVal : 19 0 0 0 0
BinVal : 19 1 0 0 0
BinVal : 19 2 0.1343 0.04208 0.04208
BinVal : 19 3 0.3617 0.06818 0.06818
BinVal : 19 4 0.6907 0.04638 0.04638
BinVal : 19 5 0.898 0.01517 0.01517
BinVal : 19 6 0.9524 0.006751 0.006751
BinVal : 19 7 0.9633 0.004565 0.004565
BinVal : 19 8 0.9706 0.00291 0.00291
BinVal : 19 9 0.9672 0.007544 0.007544
BinVal : 19 10 0.9877 0.01673 0.01673
BinVal : 19 11 1 0.03331 0.03331
BinVal : 19 12 1 0.03701 0.03701
BinVal : 20 0 0 0 0
BinVal : 20 1 0 0 0
BinVal : 20 2 0 0 0
BinVal : 20 3 0 0 0
BinVal : 20 4 0 0 0
BinVal : 20 5 0 0 0
BinVal : 20 6 0 0 0
BinVal : 20 7 0 0 0
BinVal : 20 8 0 0 0
BinVal : 20 9 0 0 0
BinVal : 20 10 0 0 0
BinVal : 20 11 0 0 0
BinVal : 20 12 0 0 0
BinVal : 21 0 0 0 0
BinVal : 21 1 0 0 0
BinVal : 21 2 0 0 0
BinVal : 21 3 0 0 0
BinVal : 21 4 0 0 0
BinVal : 21 5 0 0 0
BinVal : 21 6 0 0 0
BinVal : 21 7 0 0 0
BinVal : 21 8 0 0 0
BinVal : 21 9 0 0 0
BinVal : 21 10 0 0 0
BinVal : 21 11 0 0 0
BinVal : 21 12 0 0 0
BinVal : 22 0 0 0 0
BinVal : 22 1 0 0 0
BinVal : 22 2 0.03646 0.01424 0.01424
BinVal : 22 3 0.1503 0.02896 0.02896
BinVal : 22 4 0.5087 0.02481 0.02481
BinVal : 22 5 0.7972 0.01129 0.01129
BinVal : 22 6 0.8256 0.008788 0.008788
BinVal : 22 7 0.8502 0.007343 0.007343
BinVal : 22 8 0.847 0.005447 0.005447
BinVal : 22 9 0.8678 0.01414 0.01414
BinVal : 22 10 0.8205 0.04337 0.04337
BinVal : 22 11 0.8929 0.06105 0.06105
BinVal : 22 12 0.7778 0.1286 0.1286
BinVal : 23 0 0 0 0
BinVal : 23 1 0 0 0
BinVal : 23 2 0 0 0
BinVal : 23 3 0.01504 0.01264 0.01264
BinVal : 23 4 0.3313 0.02574 0.02574
BinVal : 23 5 0.6928 0.01532 0.01532
BinVal : 23 6 0.7393 0.01203 0.01203
BinVal : 23 7 0.7452 0.01064 0.01064
BinVal : 23 8 0.7665 0.008288 0.008288
BinVal : 23 9 0.7853 0.02223 0.02223
BinVal : 23 10 0.6923 0.06263 0.06263
BinVal : 23 11 0.6667 0.1389 0.1389
BinVal : 23 12 0.5 0.2236 0.2236
BinVal : 24 0 0 0 0
BinVal : 24 1 0 0 0
BinVal : 24 2 0 0 0
BinVal : 24 3 0.009901 0.01353 0.01353
BinVal : 24 4 0.2661 0.02883 0.02883
BinVal : 24 5 0.6837 0.01748 0.01748
BinVal : 24 6 0.7285 0.01406 0.01406
BinVal : 24 7 0.7481 0.01322 0.01322
BinVal : 24 8 0.7727 0.01108 0.01108
BinVal : 24 9 0.7823 0.0339 0.0339
BinVal : 24 10 0.6786 0.08467 0.08467
BinVal : 24 11 0.8 0.1597 0.1597
BinVal : 24 12 0.8 0.1597 0.1597
BinVal : 25 0 0 0 0
BinVal : 25 1 0 0 0
BinVal : 25 2 0 0 0
BinVal : 25 3 0.01299 0.01756 0.01756
BinVal : 25 4 0.2386 0.03199 0.03199
BinVal : 25 5 0.7138 0.01862 0.01862
BinVal : 25 6 0.7628 0.01542 0.01542
BinVal : 25 7 0.7824 0.01619 0.01619
BinVal : 25 8 0.8152 0.01315 0.01315
BinVal : 25 9 0.8488 0.03877 0.03877
BinVal : 25 10 0.8462 0.1 0.1
BinVal : 25 11 1 0.1936 0.1936
BinVal : 25 12 1 0.1936 0.1936
BinVal : 26 0 0 0 0
BinVal : 26 1 0 0 0
BinVal : 26 2 0 0 0
BinVal : 26 3 0 0.02 0.02
BinVal : 26 4 0.2051 0.03719 0.03719
BinVal : 26 5 0.7006 0.02427 0.02427
BinVal : 26 6 0.7836 0.01963 0.01963
BinVal : 26 7 0.7383 0.02539 0.02539
BinVal : 26 8 0.8205 0.01852 0.01852
BinVal : 26 9 0.907 0.04634 0.04634
BinVal : 26 10 0.75 0.1782 0.1782
BinVal : 26 11 0.75 0.1782 0.1782
BinVal : 26 12 0.75 0.1782 0.1782
BinVal : 27 0 0 0 0
BinVal : 27 1 0 0 0
BinVal : 27 2 0 0 0
BinVal : 27 3 0 0.05255 0.05255
BinVal : 27 4 0.122 0.05224 0.05224
BinVal : 27 5 0.5714 0.04482 0.04482
BinVal : 27 6 0.7377 0.03953 0.03953
BinVal : 27 7 0.6087 0.0576 0.0576
BinVal : 27 8 0.6374 0.04967 0.04967
BinVal : 27 9 1 0.1409 0.1409
BinVal : 27 10 1 0.1409 0.1409
BinVal : 27 11 1 0.1409 0.1409
BinVal : 27 12 1 0.1409 0.1409
BinVal : 28 0 0 0 0
BinVal : 28 1 0 0 0
BinVal : 28 2 0 0 0
BinVal : 28 3 0 0 0
BinVal : 28 4 0 0 0
BinVal : 28 5 0.05882 0.06862 0.06862
BinVal : 28 6 0.375 0.1477 0.1477
BinVal : 28 7 0.2857 0.1491 0.1491
BinVal : 28 8 0.2857 0.1491 0.1491
BinVal : 28 9 0.2857 0.1491 0.1491
BinVal : 28 10 0.2857 0.1491 0.1491
BinVal : 28 11 0.2857 0.1491 0.1491
BinVal : 28 12 0.2857 0.1491 0.1491
 





