D0NoteID : 0
EffName : SINGLEELE_ALL_v14
EffType : Binned
EffVarNames : DetEta pT
EffVersion : 6
ObjQuality : Top_loose
ObjType : Electron
ObjVersion : 4
BinEdgesX : -3.2 -2.8 -2.5 -2.3 -2.1 -1.9 -1.7 -1.5 -1.3 -1.1 -0.9 -0.7 -0.5 -0.3 -0.1 0.1 0.3 0.5 0.7 0.9 1.1 1.3 1.5 1.7 1.9 2.1 2.3 2.5 2.8 3.2
BinEdgesY : 0 10 15 20 22 25 30 35 40 50 60 70 80 1000
BinVal : 0 0 0 0 0
BinVal : 0 1 0 0 0
BinVal : 0 2 0.1692 0.0465 0.0465
BinVal : 0 3 0.4118 0.08105 0.08105
BinVal : 0 4 0.7193 0.05847 0.05847
BinVal : 0 5 0.8015 0.03475 0.03475
BinVal : 0 6 0.9115 0.02731 0.02731
BinVal : 0 7 0.918 0.03669 0.03669
BinVal : 0 8 0.9143 0.03467 0.03467
BinVal : 0 9 1 0.1102 0.1102
BinVal : 0 10 1 0.1102 0.1102
BinVal : 0 11 1 0.1102 0.1102
BinVal : 0 12 1 0.1102 0.1102
BinVal : 1 0 0 0 0
BinVal : 1 1 0 0 0
BinVal : 1 2 0.2051 0.04545 0.04545
BinVal : 1 3 0.3696 0.06916 0.06916
BinVal : 1 4 0.7901 0.04497 0.04497
BinVal : 1 5 0.8413 0.02661 0.02661
BinVal : 1 6 0.9433 0.01708 0.01708
BinVal : 1 7 0.9569 0.02014 0.02014
BinVal : 1 8 0.9718 0.0152 0.0152
BinVal : 1 9 1 0.04343 0.04343
BinVal : 1 10 1 0.2357 0.2357
BinVal : 1 11 1 0.2357 0.2357
BinVal : 1 12 1 0.2357 0.2357
BinVal : 2 0 0 0 0
BinVal : 2 1 0 0 0
BinVal : 2 2 0.2836 0.05423 0.05423
BinVal : 2 3 0.48 0.06863 0.06863
BinVal : 2 4 0.7822 0.04084 0.04084
BinVal : 2 5 0.8603 0.026 0.026
BinVal : 2 6 0.9783 0.0104 0.0104
BinVal : 2 7 0.987 0.01096 0.01096
BinVal : 2 8 1 0.003984 0.003984
BinVal : 2 9 1 0.02702 0.02702
BinVal : 2 10 1 0.1409 0.1409
BinVal : 2 11 1 0.1409 0.1409
BinVal : 2 12 1 0.1409 0.1409
BinVal : 3 0 0 0 0
BinVal : 3 1 0 0 0
BinVal : 3 2 0.3284 0.05634 0.05634
BinVal : 3 3 0.6042 0.0686 0.0686
BinVal : 3 4 0.7619 0.04127 0.04127
BinVal : 3 5 0.8654 0.02375 0.02375
BinVal : 3 6 0.9889 0.007285 0.007285
BinVal : 3 7 0.9746 0.01093 0.01093
BinVal : 3 8 0.9922 0.005121 0.005121
BinVal : 3 9 0.973 0.03488 0.03488
BinVal : 3 10 1 0.1237 0.1237
BinVal : 3 11 1 0.1633 0.1633
BinVal : 3 12 1 0.2357 0.2357
BinVal : 4 0 0 0 0
BinVal : 4 1 0 0 0
BinVal : 4 2 0.3333 0.06445 0.06445
BinVal : 4 3 0.6078 0.06656 0.06656
BinVal : 4 4 0.7876 0.0383 0.0383
BinVal : 4 5 0.9069 0.01866 0.01866
BinVal : 4 6 0.9905 0.006259 0.006259
BinVal : 4 7 0.9741 0.008415 0.008415
BinVal : 4 8 0.9931 0.003835 0.003835
BinVal : 4 9 0.9692 0.02508 0.02508
BinVal : 4 10 1 0.1237 0.1237
BinVal : 4 11 1 0.1102 0.1102
BinVal : 4 12 1 0.2357 0.2357
BinVal : 5 0 0 0 0
BinVal : 5 1 0 0 0
BinVal : 5 2 0.3333 0.05963 0.05963
BinVal : 5 3 0.6316 0.06243 0.06243
BinVal : 5 4 0.8359 0.03276 0.03276
BinVal : 5 5 0.9443 0.0123 0.0123
BinVal : 5 6 0.9886 0.00551 0.00551
BinVal : 5 7 0.9882 0.004726 0.004726
BinVal : 5 8 0.9989 0.00155 0.00155
BinVal : 5 9 0.9922 0.01075 0.01075
BinVal : 5 10 1 0.06236 0.06236
BinVal : 5 11 1 0.1102 0.1102
BinVal : 5 12 1 0.1237 0.1237
BinVal : 6 0 0 0 0
BinVal : 6 1 0 0 0
BinVal : 6 2 0.3429 0.07744 0.07744
BinVal : 6 3 0.6552 0.08458 0.08458
BinVal : 6 4 0.8769 0.04135 0.04135
BinVal : 6 5 0.9688 0.01226 0.01226
BinVal : 6 6 0.9848 0.008311 0.008311
BinVal : 6 7 0.9944 0.004838 0.004838
BinVal : 6 8 1 0.001802 0.001802
BinVal : 6 9 1 0.0119 0.0119
BinVal : 6 10 1 0.07666 0.07666
BinVal : 6 11 1 0.1633 0.1633
BinVal : 6 12 1 0.1237 0.1237
BinVal : 7 0 0 0 0
BinVal : 7 1 0 0 0
BinVal : 7 2 0 0 0
BinVal : 7 3 0 0 0
BinVal : 7 4 0 0 0
BinVal : 7 5 0 0 0
BinVal : 7 6 0 0 0
BinVal : 7 7 0 0 0
BinVal : 7 8 0 0 0
BinVal : 7 9 0 0 0
BinVal : 7 10 0 0 0
BinVal : 7 11 0 0 0
BinVal : 7 12 0 0 0
BinVal : 8 0 0 0 0
BinVal : 8 1 0 0 0
BinVal : 8 2 0 0 0
BinVal : 8 3 0 0 0
BinVal : 8 4 0 0 0
BinVal : 8 5 0 0 0
BinVal : 8 6 0 0 0
BinVal : 8 7 0 0 0
BinVal : 8 8 0 0 0
BinVal : 8 9 0 0 0
BinVal : 8 10 0 0 0
BinVal : 8 11 0 0 0
BinVal : 8 12 0 0 0
BinVal : 9 0 0 0 0
BinVal : 9 1 0 0 0
BinVal : 9 2 0.5957 0.06951 0.06951
BinVal : 9 3 0.8485 0.06281 0.06281
BinVal : 9 4 0.8864 0.03434 0.03434
BinVal : 9 5 0.9668 0.013 0.013
BinVal : 9 6 0.9834 0.006134 0.006134
BinVal : 9 7 0.9917 0.003333 0.003333
BinVal : 9 8 0.9785 0.00359 0.00359
BinVal : 9 9 0.9835 0.009051 0.009051
BinVal : 9 10 0.9773 0.02975 0.02975
BinVal : 9 11 1 0.04756 0.04756
BinVal : 9 12 1 0.07122 0.07122
BinVal : 10 0 0 0 0
BinVal : 10 1 0 0 0
BinVal : 10 2 0.6154 0.06573 0.06573
BinVal : 10 3 0.8684 0.05577 0.05577
BinVal : 10 4 0.91 0.0293 0.0293
BinVal : 10 5 0.9835 0.009051 0.009051
BinVal : 10 6 0.9919 0.004481 0.004481
BinVal : 10 7 0.9968 0.002102 0.002102
BinVal : 10 8 0.9943 0.001715 0.001715
BinVal : 10 9 0.9938 0.00528 0.00528
BinVal : 10 10 0.9851 0.02005 0.02005
BinVal : 10 11 1 0.03701 0.03701
BinVal : 10 12 1 0.05871 0.05871
BinVal : 11 0 0 0 0
BinVal : 11 1 0 0 0
BinVal : 11 2 0.6667 0.06633 0.06633
BinVal : 11 3 0.7778 0.06808 0.06808
BinVal : 11 4 0.9167 0.02903 0.02903
BinVal : 11 5 1 0.003636 0.003636
BinVal : 11 6 0.998 0.002781 0.002781
BinVal : 11 7 0.9989 0.001543 0.001543
BinVal : 11 8 0.9977 0.001102 0.001102
BinVal : 11 9 1 0.003155 0.003155
BinVal : 11 10 1 0.01408 0.01408
BinVal : 11 11 1 0.04343 0.04343
BinVal : 11 12 1 0.0454 0.0454
BinVal : 12 0 0 0 0
BinVal : 12 1 0 0 0
BinVal : 12 2 0.6579 0.07449 0.07449
BinVal : 12 3 0.8333 0.06207 0.06207
BinVal : 12 4 0.9238 0.02671 0.02671
BinVal : 12 5 1 0.003195 0.003195
BinVal : 12 6 0.9981 0.002733 0.002733
BinVal : 12 7 0.9976 0.00206 0.00206
BinVal : 12 8 0.9982 0.00102 0.00102
BinVal : 12 9 1 0.003268 0.003268
BinVal : 12 10 1 0.01449 0.01449
BinVal : 12 11 1 0.05255 0.05255
BinVal : 12 12 1 0.04163 0.04163
BinVal : 13 0 0 0 0
BinVal : 13 1 0 0 0
BinVal : 13 2 0.6897 0.08264 0.08264
BinVal : 13 3 0.84 0.07341 0.07341
BinVal : 13 4 0.9537 0.02155 0.02155
BinVal : 13 5 0.9886 0.006298 0.006298
BinVal : 13 6 1 0.001957 0.001957
BinVal : 13 7 0.9974 0.002201 0.002201
BinVal : 13 8 0.9991 0.0007823 0.0007823
BinVal : 13 9 1 0.002967 0.002967
BinVal : 13 10 1 0.01389 0.01389
BinVal : 13 11 1 0.03843 0.03843
BinVal : 13 12 1 0.03997 0.03997
BinVal : 14 0 0 0 0
BinVal : 14 1 0 0 0
BinVal : 14 2 0.7778 0.07813 0.07813
BinVal : 14 3 0.6923 0.08672 0.08672
BinVal : 14 4 0.9123 0.02709 0.02709
BinVal : 14 5 0.9708 0.009472 0.009472
BinVal : 14 6 0.9888 0.004863 0.004863
BinVal : 14 7 0.9869 0.004301 0.004301
BinVal : 14 8 0.9895 0.002167 0.002167
BinVal : 14 9 0.9888 0.006176 0.006176
BinVal : 14 10 0.9863 0.01848 0.01848
BinVal : 14 11 1 0.03569 0.03569
BinVal : 14 12 1 0.03331 0.03331
BinVal : 15 0 0 0 0
BinVal : 15 1 0 0 0
BinVal : 15 2 0.6774 0.08085 0.08085
BinVal : 15 3 0.6667 0.07911 0.07911
BinVal : 15 4 0.8739 0.03178 0.03178
BinVal : 15 5 0.9581 0.0117 0.0117
BinVal : 15 6 0.9796 0.006326 0.006326
BinVal : 15 7 0.9761 0.00526 0.00526
BinVal : 15 8 0.9813 0.002859 0.002859
BinVal : 15 9 0.9865 0.006523 0.006523
BinVal : 15 10 0.9846 0.02064 0.02064
BinVal : 15 11 1 0.04343 0.04343
BinVal : 15 12 1 0.02856 0.02856
BinVal : 16 0 0 0 0
BinVal : 16 1 0 0 0
BinVal : 16 2 0.6596 0.06732 0.06732
BinVal : 16 3 0.766 0.06081 0.06081
BinVal : 16 4 0.8704 0.03257 0.03257
BinVal : 16 5 0.9633 0.01122 0.01122
BinVal : 16 6 0.97 0.007576 0.007576
BinVal : 16 7 0.9827 0.004143 0.004143
BinVal : 16 8 0.9817 0.002934 0.002934
BinVal : 16 9 0.9943 0.004893 0.004893
BinVal : 16 10 1 0.01785 0.01785
BinVal : 16 11 1 0.0454 0.0454
BinVal : 16 12 0.9643 0.0448 0.0448
BinVal : 17 0 0 0 0
BinVal : 17 1 0 0 0
BinVal : 17 2 0.6596 0.06732 0.06732
BinVal : 17 3 0.7818 0.05509 0.05509
BinVal : 17 4 0.8618 0.03128 0.03128
BinVal : 17 5 0.9715 0.01041 0.01041
BinVal : 17 6 0.9704 0.00748 0.00748
BinVal : 17 7 0.9861 0.003661 0.003661
BinVal : 17 8 0.9833 0.002832 0.002832
BinVal : 17 9 0.9876 0.006837 0.006837
BinVal : 17 10 1 0.01852 0.01852
BinVal : 17 11 1 0.03997 0.03997
BinVal : 17 12 0.8889 0.07792 0.07792
BinVal : 18 0 0 0 0
BinVal : 18 1 0 0 0
BinVal : 18 2 0.6 0.07485 0.07485
BinVal : 18 3 0.8 0.06257 0.06257
BinVal : 18 4 0.8851 0.03469 0.03469
BinVal : 18 5 0.97 0.0118 0.0118
BinVal : 18 6 0.9838 0.005987 0.005987
BinVal : 18 7 0.9859 0.004029 0.004029
BinVal : 18 8 0.9881 0.002566 0.002566
BinVal : 18 9 0.9861 0.007657 0.007657
BinVal : 18 10 1 0.02173 0.02173
BinVal : 18 11 1 0.03446 0.03446
BinVal : 18 12 0.9167 0.09035 0.09035
BinVal : 19 0 0 0 0
BinVal : 19 1 0 0 0
BinVal : 19 2 0.5455 0.09965 0.09965
BinVal : 19 3 0.8571 0.09466 0.09466
BinVal : 19 4 0.9231 0.05743 0.05743
BinVal : 19 5 0.9709 0.01859 0.01859
BinVal : 19 6 0.987 0.008528 0.008528
BinVal : 19 7 0.9895 0.005793 0.005793
BinVal : 19 8 0.992 0.0035 0.0035
BinVal : 19 9 0.9917 0.01145 0.01145
BinVal : 19 10 1 0.04993 0.04993
BinVal : 19 11 1 0.05871 0.05871
BinVal : 19 12 1 0.1237 0.1237
BinVal : 20 0 0 0 0
BinVal : 20 1 0 0 0
BinVal : 20 2 0 0 0
BinVal : 20 3 0 0 0
BinVal : 20 4 0 0 0
BinVal : 20 5 0 0 0
BinVal : 20 6 0 0 0
BinVal : 20 7 0 0 0
BinVal : 20 8 0 0 0
BinVal : 20 9 0 0 0
BinVal : 20 10 0 0 0
BinVal : 20 11 0 0 0
BinVal : 20 12 0 0 0
BinVal : 21 0 0 0 0
BinVal : 21 1 0 0 0
BinVal : 21 2 0 0 0
BinVal : 21 3 0 0 0
BinVal : 21 4 0 0 0
BinVal : 21 5 0 0 0
BinVal : 21 6 0 0 0
BinVal : 21 7 0 0 0
BinVal : 21 8 0 0 0
BinVal : 21 9 0 0 0
BinVal : 21 10 0 0 0
BinVal : 21 11 0 0 0
BinVal : 21 12 0 0 0
BinVal : 22 0 0 0 0
BinVal : 22 1 0 0 0
BinVal : 22 2 0.4462 0.0603 0.0603
BinVal : 22 3 0.6585 0.07185 0.07185
BinVal : 22 4 0.8615 0.03044 0.03044
BinVal : 22 5 0.9201 0.01489 0.01489
BinVal : 22 6 0.9709 0.008193 0.008193
BinVal : 22 7 0.9932 0.00379 0.00379
BinVal : 22 8 0.9821 0.004421 0.004421
BinVal : 22 9 0.9843 0.01322 0.01322
BinVal : 22 10 1 0.03569 0.03569
BinVal : 22 11 1 0.1409 0.1409
BinVal : 22 12 1 0.1102 0.1102
BinVal : 23 0 0 0 0
BinVal : 23 1 0 0 0
BinVal : 23 2 0.2759 0.0577 0.0577
BinVal : 23 3 0.5319 0.07058 0.07058
BinVal : 23 4 0.7656 0.03723 0.03723
BinVal : 23 5 0.8385 0.02284 0.02284
BinVal : 23 6 0.9543 0.01105 0.01105
BinVal : 23 7 0.9856 0.006254 0.006254
BinVal : 23 8 0.9815 0.005758 0.005758
BinVal : 23 9 0.9891 0.01481 0.01481
BinVal : 23 10 0.9286 0.08021 0.08021
BinVal : 23 11 1 0.2357 0.2357
BinVal : 23 12 1 0.2357 0.2357
BinVal : 24 0 0 0 0
BinVal : 24 1 0 0 0
BinVal : 24 2 0.25 0.05513 0.05513
BinVal : 24 3 0.4038 0.06625 0.06625
BinVal : 24 4 0.7167 0.04078 0.04078
BinVal : 24 5 0.8222 0.02548 0.02548
BinVal : 24 6 0.9422 0.0143 0.0143
BinVal : 24 7 0.9716 0.01038 0.01038
BinVal : 24 8 0.983 0.007369 0.007369
BinVal : 24 9 1 0.01785 0.01785
BinVal : 24 10 0.8 0.1597 0.1597
BinVal : 24 11 1 0.1936 0.1936
BinVal : 24 12 1 0.1936 0.1936
BinVal : 25 0 0 0 0
BinVal : 25 1 0 0 0
BinVal : 25 2 0.1618 0.04473 0.04473
BinVal : 25 3 0.3864 0.07119 0.07119
BinVal : 25 4 0.7113 0.04551 0.04551
BinVal : 25 5 0.825 0.02686 0.02686
BinVal : 25 6 0.9624 0.01363 0.01363
BinVal : 25 7 0.9699 0.01428 0.01428
BinVal : 25 8 0.9823 0.009678 0.009678
BinVal : 25 9 1 0.04343 0.04343
BinVal : 25 10 1 0.04343 0.04343
BinVal : 25 11 1 0.2357 0.2357
BinVal : 25 12 1 0.2357 0.2357
BinVal : 26 0 0 0 0
BinVal : 26 1 0 0 0
BinVal : 26 2 0.1463 0.03923 0.03923
BinVal : 26 3 0.44 0.06822 0.06822
BinVal : 26 4 0.7196 0.04301 0.04301
BinVal : 26 5 0.7621 0.02956 0.02956
BinVal : 26 6 0.9662 0.01324 0.01324
BinVal : 26 7 0.9286 0.02515 0.02515
BinVal : 26 8 0.9817 0.01187 0.01187
BinVal : 26 9 1 0.08299 0.08299
BinVal : 26 10 1 0.2357 0.2357
BinVal : 26 11 1 0.2357 0.2357
BinVal : 26 12 1 0.2357 0.2357
BinVal : 27 0 0 0 0
BinVal : 27 1 0 0 0
BinVal : 27 2 0.1385 0.04321 0.04321
BinVal : 27 3 0.375 0.07406 0.07406
BinVal : 27 4 0.6813 0.04822 0.04822
BinVal : 27 5 0.7185 0.03841 0.03841
BinVal : 27 6 0.947 0.02039 0.02039
BinVal : 27 7 0.8553 0.04059 0.04059
BinVal : 27 8 0.9634 0.0231 0.0231
BinVal : 27 9 1 0.1409 0.1409
BinVal : 27 10 1 0.2357 0.2357
BinVal : 27 11 1 0.2357 0.2357
BinVal : 27 12 1 0.2357 0.2357
BinVal : 28 0 0 0 0
BinVal : 28 1 0 0 0
BinVal : 28 2 0.1905 0.0842 0.0842
BinVal : 28 3 0.1 0.1034 0.1034
BinVal : 28 4 0.6786 0.08467 0.08467
BinVal : 28 5 0.6923 0.08672 0.08672
BinVal : 28 6 0.9091 0.06614 0.06614
BinVal : 28 7 0.8421 0.08372 0.08372
BinVal : 28 8 0.9091 0.09643 0.09643
BinVal : 28 9 1 0.2357 0.2357
BinVal : 28 10 1 0.2357 0.2357
BinVal : 28 11 1 0.2357 0.2357
BinVal : 28 12 1 0.2357 0.2357
