D0NoteID : 0
EffName : SINGLEELE_AND_GROUP1_v155
EffType : Binned
EffVarNames : DetEta pT
EffVersion : 6
ObjQuality : Point1
ObjType : Electron
ObjVersion : 1
TriggerVersion : v155
BinEdgesX : -3.2 -2.8 -2.5 -2.3 -2.1 -1.9 -1.7 -1.5 -1.3 -1.1 -0.9 -0.7 -0.5 -0.3 -0.1 0.1 0.3 0.5 0.7 0.9 1.1 1.3 1.5 1.7 1.9 2.1 2.3 2.5 2.8 3.2
BinEdgesY : 0 10 15 20 22 25 30 35 40 50 60 70 80 1000
BinVal : 0 0 0 0 0
BinVal : 0 1 0 0 0
BinVal : 0 2 0 0 0
BinVal : 0 3 0 0 0
BinVal : 0 4 0 0 0
BinVal : 0 5 0.3929 0.06369 0.06369
BinVal : 0 6 0.6383 0.06818 0.06818
BinVal : 0 7 0.6842 0.1005 0.1005
BinVal : 0 8 0.6923 0.08672 0.08672
BinVal : 0 9 1 0.2357 0.2357
BinVal : 0 10 1 0.2357 0.2357
BinVal : 0 11 1 0.2357 0.2357
BinVal : 0 12 1 0.2357 0.2357
BinVal : 1 0 0 0 0
BinVal : 1 1 0 0 0
BinVal : 1 2 0 0 0
BinVal : 1 3 0 0 0
BinVal : 1 4 0.08955 0.03609 0.03609
BinVal : 1 5 0.6481 0.04541 0.04541
BinVal : 1 6 0.7767 0.04079 0.04079
BinVal : 1 7 0.7818 0.05509 0.05509
BinVal : 1 8 0.8353 0.04027 0.04027
BinVal : 1 9 1 0.09938 0.09938
BinVal : 1 10 1 0.2357 0.2357
BinVal : 1 11 1 0.2357 0.2357
BinVal : 1 12 1 0.2357 0.2357
BinVal : 2 0 0 0 0
BinVal : 2 1 0 0 0
BinVal : 2 2 0 0 0
BinVal : 2 3 0 0 0
BinVal : 2 4 0.1404 0.04642 0.04642
BinVal : 2 5 0.6944 0.04386 0.04386
BinVal : 2 6 0.7984 0.03521 0.03521
BinVal : 2 7 0.757 0.04116 0.04116
BinVal : 2 8 0.8106 0.03404 0.03404
BinVal : 2 9 1 0.0665 0.0665
BinVal : 2 10 0.6667 0.2 0.2
BinVal : 2 11 1 0.2357 0.2357
BinVal : 2 12 1 0.2357 0.2357
BinVal : 3 0 0 0 0
BinVal : 3 1 0 0 0
BinVal : 3 2 0 0 0
BinVal : 3 3 0 0 0
BinVal : 3 4 0.2029 0.04811 0.04811
BinVal : 3 5 0.5738 0.04425 0.04425
BinVal : 3 6 0.75 0.03539 0.03539
BinVal : 3 7 0.7029 0.03433 0.03433
BinVal : 3 8 0.75 0.03144 0.03144
BinVal : 3 9 0.8571 0.07737 0.07737
BinVal : 3 10 0.6667 0.2 0.2
BinVal : 3 11 1 0.2357 0.2357
BinVal : 3 12 1 0.2357 0.2357
BinVal : 4 0 0 0 0
BinVal : 4 1 0 0 0
BinVal : 4 2 0 0 0
BinVal : 4 3 0.05405 0.04213 0.04213
BinVal : 4 4 0.2626 0.04382 0.04382
BinVal : 4 5 0.6425 0.03556 0.03556
BinVal : 4 6 0.713 0.03015 0.03015
BinVal : 4 7 0.7331 0.0263 0.0263
BinVal : 4 8 0.7525 0.02164 0.02164
BinVal : 4 9 0.8542 0.05134 0.05134
BinVal : 4 10 0.8889 0.1113 0.1113
BinVal : 4 11 0.8889 0.1113 0.1113
BinVal : 4 12 1 0.2357 0.2357
BinVal : 5 0 0 0 0
BinVal : 5 1 0 0 0
BinVal : 5 2 0.07895 0.04685 0.04685
BinVal : 5 3 0.1296 0.04635 0.04635
BinVal : 5 4 0.3918 0.04886 0.04886
BinVal : 5 5 0.7765 0.02558 0.02558
BinVal : 5 6 0.7929 0.02113 0.02113
BinVal : 5 7 0.8413 0.01705 0.01705
BinVal : 5 8 0.8506 0.01309 0.01309
BinVal : 5 9 0.9121 0.03049 0.03049
BinVal : 5 10 0.9333 0.07594 0.07594
BinVal : 5 11 0.75 0.1782 0.1782
BinVal : 5 12 1 0.1237 0.1237
BinVal : 6 0 0 0 0
BinVal : 6 1 0 0 0
BinVal : 6 2 0.1765 0.09116 0.09116
BinVal : 6 3 0.1786 0.07184 0.07184
BinVal : 6 4 0.48 0.06863 0.06863
BinVal : 6 5 0.8344 0.02913 0.02913
BinVal : 6 6 0.8533 0.02363 0.02363
BinVal : 6 7 0.8877 0.0188 0.0188
BinVal : 6 8 0.9073 0.01353 0.01353
BinVal : 6 9 0.931 0.03539 0.03539
BinVal : 6 10 1 0.09938 0.09938
BinVal : 6 11 1 0.1633 0.1633
BinVal : 6 12 1 0.1409 0.1409
BinVal : 7 0 0 0 0
BinVal : 7 1 0 0 0
BinVal : 7 2 0 0 0
BinVal : 7 3 0 0 0
BinVal : 7 4 0 0 0
BinVal : 7 5 0 0 0
BinVal : 7 6 0 0 0
BinVal : 7 7 0 0 0
BinVal : 7 8 0 0 0
BinVal : 7 9 0 0 0
BinVal : 7 10 0 0 0
BinVal : 7 11 0 0 0
BinVal : 7 12 0 0 0
BinVal : 8 0 0 0 0
BinVal : 8 1 0 0 0
BinVal : 8 2 0 0 0
BinVal : 8 3 0 0 0
BinVal : 8 4 0 0 0
BinVal : 8 5 0 0 0
BinVal : 8 6 0 0 0
BinVal : 8 7 0 0 0
BinVal : 8 8 0 0 0
BinVal : 8 9 0 0 0
BinVal : 8 10 0 0 0
BinVal : 8 11 0 0 0
BinVal : 8 12 0 0 0
BinVal : 9 0 0 0 0
BinVal : 9 1 0 0 0
BinVal : 9 2 0.1429 0.05979 0.05979
BinVal : 9 3 0.3462 0.08898 0.08898
BinVal : 9 4 0.5942 0.05793 0.05793
BinVal : 9 5 0.903 0.02333 0.02333
BinVal : 9 6 0.9482 0.01147 0.01147
BinVal : 9 7 0.9705 0.006629 0.006629
BinVal : 9 8 0.9787 0.003846 0.003846
BinVal : 9 9 0.984 0.008767 0.008767
BinVal : 9 10 0.9792 0.02744 0.02744
BinVal : 9 11 1 0.08299 0.08299
BinVal : 9 12 1 0.1102 0.1102
BinVal : 10 0 0 0 0
BinVal : 10 1 0 0 0
BinVal : 10 2 0.25 0.06405 0.06405
BinVal : 10 3 0.4545 0.09965 0.09965
BinVal : 10 4 0.6053 0.05506 0.05506
BinVal : 10 5 0.8629 0.0261 0.0261
BinVal : 10 6 0.9658 0.009601 0.009601
BinVal : 10 7 0.9723 0.005926 0.005926
BinVal : 10 8 0.9848 0.002944 0.002944
BinVal : 10 9 0.9758 0.009569 0.009569
BinVal : 10 10 0.9825 0.02336 0.02336
BinVal : 10 11 1 0.06236 0.06236
BinVal : 10 12 1 0.09045 0.09045
BinVal : 11 0 0 0 0
BinVal : 11 1 0 0 0
BinVal : 11 2 0.1842 0.06247 0.06247
BinVal : 11 3 0.5238 0.102 0.102
BinVal : 11 4 0.6667 0.05825 0.05825
BinVal : 11 5 0.9149 0.02065 0.02065
BinVal : 11 6 0.9728 0.009339 0.009339
BinVal : 11 7 0.9766 0.005423 0.005423
BinVal : 11 8 0.9908 0.002279 0.002279
BinVal : 11 9 0.984 0.00769 0.00769
BinVal : 11 10 0.9821 0.02375 0.02375
BinVal : 11 11 1 0.04343 0.04343
BinVal : 11 12 1 0.07122 0.07122
BinVal : 12 0 0 0 0
BinVal : 12 1 0 0 0
BinVal : 12 2 0.08333 0.06149 0.06149
BinVal : 12 3 0.4706 0.1116 0.1116
BinVal : 12 4 0.614 0.06296 0.06296
BinVal : 12 5 0.9552 0.01515 0.01515
BinVal : 12 6 0.9799 0.007955 0.007955
BinVal : 12 7 0.9851 0.004628 0.004628
BinVal : 12 8 0.9897 0.002344 0.002344
BinVal : 12 9 0.9848 0.0073 0.0073
BinVal : 12 10 0.9828 0.02298 0.02298
BinVal : 12 11 1 0.03843 0.03843
BinVal : 12 12 1 0.05255 0.05255
BinVal : 13 0 0 0 0
BinVal : 13 1 0 0 0
BinVal : 13 2 0.2083 0.08108 0.08108
BinVal : 13 3 0.5 0.1213 0.1213
BinVal : 13 4 0.5469 0.06083 0.06083
BinVal : 13 5 0.9577 0.01433 0.01433
BinVal : 13 6 0.9801 0.007316 0.007316
BinVal : 13 7 0.988 0.004471 0.004471
BinVal : 13 8 0.9902 0.002224 0.002224
BinVal : 13 9 0.9877 0.006755 0.006755
BinVal : 13 10 0.9855 0.0195 0.0195
BinVal : 13 11 1 0.03701 0.03701
BinVal : 13 12 1 0.04993 0.04993
BinVal : 14 0 0 0 0
BinVal : 14 1 0 0 0
BinVal : 14 2 0.15 0.08042 0.08042
BinVal : 14 3 0.5 0.1 0.1
BinVal : 14 4 0.5873 0.06066 0.06066
BinVal : 14 5 0.9693 0.01206 0.01206
BinVal : 14 6 0.9849 0.006564 0.006564
BinVal : 14 7 0.9853 0.00482 0.00482
BinVal : 14 8 0.9937 0.001808 0.001808
BinVal : 14 9 0.9881 0.006557 0.006557
BinVal : 14 10 0.9848 0.02034 0.02034
BinVal : 14 11 1 0.03446 0.03446
BinVal : 14 12 1 0.0454 0.0454
BinVal : 15 0 0 0 0
BinVal : 15 1 0 0 0
BinVal : 15 2 0.1579 0.08372 0.08372
BinVal : 15 3 0.4615 0.09261 0.09261
BinVal : 15 4 0.5676 0.05648 0.05648
BinVal : 15 5 0.9753 0.01062 0.01062
BinVal : 15 6 0.9814 0.007374 0.007374
BinVal : 15 7 0.9817 0.005192 0.005192
BinVal : 15 8 0.987 0.002532 0.002532
BinVal : 15 9 0.9887 0.006245 0.006245
BinVal : 15 10 0.9643 0.02883 0.02883
BinVal : 15 11 0.9545 0.05528 0.05528
BinVal : 15 12 1 0.05546 0.05546
BinVal : 16 0 0 0 0
BinVal : 16 1 0 0 0
BinVal : 16 2 0.1667 0.07585 0.07585
BinVal : 16 3 0.4444 0.0908 0.0908
BinVal : 16 4 0.5581 0.05266 0.05266
BinVal : 16 5 0.9554 0.01428 0.01428
BinVal : 16 6 0.9758 0.007876 0.007876
BinVal : 16 7 0.9812 0.005122 0.005122
BinVal : 16 8 0.9841 0.00282 0.00282
BinVal : 16 9 0.9941 0.005035 0.005035
BinVal : 16 10 0.9839 0.02158 0.02158
BinVal : 16 11 0.96 0.04949 0.04949
BinVal : 16 12 1 0.05546 0.05546
BinVal : 17 0 0 0 0
BinVal : 17 1 0 0 0
BinVal : 17 2 0.1667 0.07585 0.07585
BinVal : 17 3 0.4242 0.08248 0.08248
BinVal : 17 4 0.6316 0.06243 0.06243
BinVal : 17 5 0.9086 0.02209 0.02209
BinVal : 17 6 0.9866 0.005827 0.005827
BinVal : 17 7 0.9803 0.005009 0.005009
BinVal : 17 8 0.9815 0.003179 0.003179
BinVal : 17 9 0.9932 0.005812 0.005812
BinVal : 17 10 1 0.01515 0.01515
BinVal : 17 11 1 0.03331 0.03331
BinVal : 17 12 1 0.04756 0.04756
BinVal : 18 0 0 0 0
BinVal : 18 1 0 0 0
BinVal : 18 2 0.1562 0.06444 0.06444
BinVal : 18 3 0.3667 0.08427 0.08427
BinVal : 18 4 0.6744 0.0695 0.0695
BinVal : 18 5 0.9067 0.02411 0.02411
BinVal : 18 6 0.9739 0.008063 0.008063
BinVal : 18 7 0.9783 0.005518 0.005518
BinVal : 18 8 0.9765 0.003971 0.003971
BinVal : 18 9 0.9911 0.007563 0.007563
BinVal : 18 10 1 0.02 0.02
BinVal : 18 11 1 0.0454 0.0454
BinVal : 18 12 1 0.05871 0.05871
BinVal : 19 0 0 0 0
BinVal : 19 1 0 0 0
BinVal : 19 2 0.1111 0.07792 0.07792
BinVal : 19 3 0.3077 0.1179 0.1179
BinVal : 19 4 0.6667 0.09156 0.09156
BinVal : 19 5 0.9452 0.02861 0.02861
BinVal : 19 6 0.9543 0.01545 0.01545
BinVal : 19 7 0.9744 0.009372 0.009372
BinVal : 19 8 0.9806 0.005749 0.005749
BinVal : 19 9 0.9895 0.01435 0.01435
BinVal : 19 10 1 0.0454 0.0454
BinVal : 19 11 1 0.1102 0.1102
BinVal : 19 12 1 0.09938 0.09938
BinVal : 20 0 0 0 0
BinVal : 20 1 0 0 0
BinVal : 20 2 0 0 0
BinVal : 20 3 0 0 0
BinVal : 20 4 0 0 0
BinVal : 20 5 0 0 0
BinVal : 20 6 0 0 0
BinVal : 20 7 0 0 0
BinVal : 20 8 0 0 0
BinVal : 20 9 0 0 0
BinVal : 20 10 0 0 0
BinVal : 20 11 0 0 0
BinVal : 20 12 0 0 0
BinVal : 21 0 0 0 0
BinVal : 21 1 0 0 0
BinVal : 21 2 0 0 0
BinVal : 21 3 0 0 0
BinVal : 21 4 0 0 0
BinVal : 21 5 0 0 0
BinVal : 21 6 0 0 0
BinVal : 21 7 0 0 0
BinVal : 21 8 0 0 0
BinVal : 21 9 0 0 0
BinVal : 21 10 0 0 0
BinVal : 21 11 0 0 0
BinVal : 21 12 0 0 0
BinVal : 22 0 0 0 0
BinVal : 22 1 0 0 0
BinVal : 22 2 0.0625 0.03799 0.03799
BinVal : 22 3 0.1667 0.0575 0.0575
BinVal : 22 4 0.4474 0.04598 0.04598
BinVal : 22 5 0.7561 0.02729 0.02729
BinVal : 22 6 0.7995 0.02096 0.02096
BinVal : 22 7 0.8744 0.01602 0.01602
BinVal : 22 8 0.8559 0.01321 0.01321
BinVal : 22 9 0.8687 0.03421 0.03421
BinVal : 22 10 0.8571 0.07737 0.07737
BinVal : 22 11 0.8 0.1597 0.1597
BinVal : 22 12 1 0.1633 0.1633
BinVal : 23 0 0 0 0
BinVal : 23 1 0 0 0
BinVal : 23 2 0 0 0
BinVal : 23 3 0 0 0
BinVal : 23 4 0.191 0.04153 0.04153
BinVal : 23 5 0.6384 0.03584 0.03584
BinVal : 23 6 0.6759 0.02928 0.02928
BinVal : 23 7 0.6966 0.02689 0.02689
BinVal : 23 8 0.7757 0.02013 0.02013
BinVal : 23 9 0.7818 0.05509 0.05509
BinVal : 23 10 0.8333 0.1059 0.1059
BinVal : 23 11 0.8333 0.1059 0.1059
BinVal : 23 12 1 0.2357 0.2357
BinVal : 24 0 0 0 0
BinVal : 24 1 0 0 0
BinVal : 24 2 0 0 0
BinVal : 24 3 0 0 0
BinVal : 24 4 0.2615 0.05375 0.05375
BinVal : 24 5 0.6594 0.03997 0.03997
BinVal : 24 6 0.7135 0.03245 0.03245
BinVal : 24 7 0.6569 0.03303 0.03303
BinVal : 24 8 0.7814 0.02624 0.02624
BinVal : 24 9 0.8148 0.07396 0.07396
BinVal : 24 10 1 0.1936 0.1936
BinVal : 24 11 1 0.1936 0.1936
BinVal : 24 12 1 0.2357 0.2357
BinVal : 25 0 0 0 0
BinVal : 25 1 0 0 0
BinVal : 25 2 0 0 0
BinVal : 25 3 0 0 0
BinVal : 25 4 0.2069 0.05275 0.05275
BinVal : 25 5 0.6475 0.04015 0.04015
BinVal : 25 6 0.8176 0.02959 0.02959
BinVal : 25 7 0.8065 0.03539 0.03539
BinVal : 25 8 0.805 0.03135 0.03135
BinVal : 25 9 0.8462 0.07112 0.07112
BinVal : 25 10 0.8462 0.07112 0.07112
BinVal : 25 11 0.8462 0.07112 0.07112
BinVal : 25 12 0.8462 0.07112 0.07112
BinVal : 26 0 0 0 0
BinVal : 26 1 0 0 0
BinVal : 26 2 0 0 0
BinVal : 26 3 0 0 0
BinVal : 26 4 0.1333 0.04438 0.04438
BinVal : 26 5 0.6207 0.03992 0.03992
BinVal : 26 6 0.8188 0.03275 0.03275
BinVal : 26 7 0.8171 0.04259 0.04259
BinVal : 26 8 0.7734 0.03681 0.03681
BinVal : 26 9 0.9 0.07156 0.07156
BinVal : 26 10 1 0.2357 0.2357
BinVal : 26 11 1 0.2357 0.2357
BinVal : 26 12 1 0.2357 0.2357
BinVal : 27 0 0 0 0
BinVal : 27 1 0 0 0
BinVal : 27 2 0 0 0
BinVal : 27 3 0 0 0
BinVal : 27 4 0.1316 0.05577 0.05577
BinVal : 27 5 0.4762 0.04806 0.04806
BinVal : 27 6 0.7286 0.05242 0.05242
BinVal : 27 7 0.6923 0.0718 0.0718
BinVal : 27 8 0.7241 0.0577 0.0577
BinVal : 27 9 1 0.1936 0.1936
BinVal : 27 10 1 0.2357 0.2357
BinVal : 27 11 1 0.2357 0.2357
BinVal : 27 12 1 0.2357 0.2357
BinVal : 28 0 0 0 0
BinVal : 28 1 0 0 0
BinVal : 28 2 0 0 0
BinVal : 28 3 0 0 0
BinVal : 28 4 0 0 0
BinVal : 28 5 0.1875 0.06835 0.06835
BinVal : 28 6 0.6667 0.1126 0.1126
BinVal : 28 7 0.5 0.1508 0.1508
BinVal : 28 8 1 0.1409 0.1409
BinVal : 28 9 1 0.1409 0.1409
BinVal : 28 10 1 0.1409 0.1409
BinVal : 28 11 1 0.1409 0.1409
BinVal : 28 12 1 0.1409 0.1409
