D0NoteID : 0
EffName : SINGLEELE_ALL_v132
EffType : Binned
EffVarNames : DetEta pT
EffVersion : 6
ObjQuality : Loose
ObjType : Electron
ObjVersion : 12
BinEdgesX : -3.2 -2.8 -2.5 -2.3 -2.1 -1.9 -1.7 -1.5 -1.3 -1.1 -0.9 -0.7 -0.5 -0.3 -0.1 0.1 0.3 0.5 0.7 0.9 1.1 1.3 1.5 1.7 1.9 2.1 2.3 2.5 2.8 3.2
BinEdgesY : 0 10 15 20 22 25 30 35 40 50 60 70 80 1000
BinVal : 0 0 0 0 0
BinVal : 0 1 0 0 0
BinVal : 0 2 0.01351 0.01139 0.01139
BinVal : 0 3 0.02198 0.01822 0.01822
BinVal : 0 4 0.2883 0.03525 0.03525
BinVal : 0 5 0.6534 0.02625 0.02625
BinVal : 0 6 0.8017 0.02586 0.02586
BinVal : 0 7 0.8981 0.02443 0.02443
BinVal : 0 8 0.8956 0.02288 0.02288
BinVal : 0 9 1 0.07666 0.07666
BinVal : 0 10 1 0.1936 0.1936
BinVal : 0 11 1 0.1936 0.1936
BinVal : 0 12 1 0.1936 0.1936
BinVal : 1 0 0 0 0
BinVal : 1 1 0 0 0
BinVal : 1 2 0.01316 0.0111 0.0111
BinVal : 1 3 0.04673 0.02175 0.02175
BinVal : 1 4 0.4024 0.03797 0.03797
BinVal : 1 5 0.82 0.0192 0.0192
BinVal : 1 6 0.9058 0.01622 0.01622
BinVal : 1 7 0.9789 0.0101 0.0101
BinVal : 1 8 0.9769 0.009136 0.009136
BinVal : 1 9 1 0.03569 0.03569
BinVal : 1 10 1 0.1936 0.1936
BinVal : 1 11 1 0.1936 0.1936
BinVal : 1 12 1 0.1936 0.1936
BinVal : 2 0 0 0 0
BinVal : 2 1 0 0 0
BinVal : 2 2 0.006757 0.009334 0.009334
BinVal : 2 3 0.05208 0.02409 0.02409
BinVal : 2 4 0.425 0.03873 0.03873
BinVal : 2 5 0.8736 0.01766 0.01766
BinVal : 2 6 0.97 0.008812 0.008812
BinVal : 2 7 0.9969 0.004279 0.004279
BinVal : 2 8 1 0.002141 0.002141
BinVal : 2 9 1 0.02083 0.02083
BinVal : 2 10 1 0.1409 0.1409
BinVal : 2 11 1 0.2357 0.2357
BinVal : 2 12 1 0.2357 0.2357
BinVal : 3 0 0 0 0
BinVal : 3 1 0 0 0
BinVal : 3 2 0.006757 0.009334 0.009334
BinVal : 3 3 0.05155 0.02386 0.02386
BinVal : 3 4 0.5213 0.03615 0.03615
BinVal : 3 5 0.8317 0.01862 0.01862
BinVal : 3 6 0.9724 0.007489 0.007489
BinVal : 3 7 0.9956 0.003741 0.003741
BinVal : 3 8 1 0.001449 0.001449
BinVal : 3 9 1 0.01428 0.01428
BinVal : 3 10 1 0.07666 0.07666
BinVal : 3 11 1 0.1633 0.1633
BinVal : 3 12 1 0.1936 0.1936
BinVal : 4 0 0 0 0
BinVal : 4 1 0 0 0
BinVal : 4 2 0 0 0
BinVal : 4 3 0.06731 0.02554 0.02554
BinVal : 4 4 0.6031 0.03487 0.03487
BinVal : 4 5 0.814 0.01819 0.01819
BinVal : 4 6 0.962 0.008275 0.008275
BinVal : 4 7 0.9967 0.002868 0.002868
BinVal : 4 8 0.9979 0.001848 0.001848
BinVal : 4 9 1 0.0099 0.0099
BinVal : 4 10 1 0.04163 0.04163
BinVal : 4 11 1 0.1633 0.1633
BinVal : 4 12 1 0.1633 0.1633
BinVal : 5 0 0 0 0
BinVal : 5 1 0 0 0
BinVal : 5 2 0.09091 0.03373 0.03373
BinVal : 5 3 0.25 0.04678 0.04678
BinVal : 5 4 0.7158 0.03254 0.03254
BinVal : 5 5 0.8613 0.01637 0.01637
BinVal : 5 6 0.9766 0.006368 0.006368
BinVal : 5 7 0.9972 0.002396 0.002396
BinVal : 5 8 0.9983 0.001433 0.001433
BinVal : 5 9 1 0.007353 0.007353
BinVal : 5 10 1 0.03446 0.03446
BinVal : 5 11 1 0.1102 0.1102
BinVal : 5 12 1 0.1633 0.1633
BinVal : 6 0 0 0 0
BinVal : 6 1 0 0 0
BinVal : 6 2 0.1707 0.05867 0.05867
BinVal : 6 3 0.5152 0.0833 0.0833
BinVal : 6 4 0.7857 0.04122 0.04122
BinVal : 6 5 0.9231 0.01878 0.01878
BinVal : 6 6 0.9907 0.006125 0.006125
BinVal : 6 7 0.9974 0.003612 0.003612
BinVal : 6 8 1 0.00149 0.00149
BinVal : 6 9 1 0.01299 0.01299
BinVal : 6 10 1 0.07122 0.07122
BinVal : 6 11 1 0.1237 0.1237
BinVal : 6 12 1 0.2357 0.2357
BinVal : 7 0 0 0 0
BinVal : 7 1 0 0 0
BinVal : 7 2 0 0 0
BinVal : 7 3 0 0 0
BinVal : 7 4 0 0 0
BinVal : 7 5 0 0 0
BinVal : 7 6 0 0 0
BinVal : 7 7 0 0 0
BinVal : 7 8 0 0 0
BinVal : 7 9 0 0 0
BinVal : 7 10 0 0 0
BinVal : 7 11 0 0 0
BinVal : 7 12 0 0 0
BinVal : 8 0 0 0 0
BinVal : 8 1 0 0 0
BinVal : 8 2 0 0 0
BinVal : 8 3 0 0 0
BinVal : 8 4 0 0 0
BinVal : 8 5 0 0 0
BinVal : 8 6 0 0 0
BinVal : 8 7 0 0 0
BinVal : 8 8 0 0 0
BinVal : 8 9 0 0 0
BinVal : 8 10 0 0 0
BinVal : 8 11 0 0 0
BinVal : 8 12 0 0 0
BinVal : 9 0 0 0 0
BinVal : 9 1 0 0 0
BinVal : 9 2 0.4474 0.0777 0.0777
BinVal : 9 3 0.5946 0.07777 0.07777
BinVal : 9 4 0.8025 0.04403 0.04403
BinVal : 9 5 0.949 0.01624 0.01624
BinVal : 9 6 0.9883 0.005097 0.005097
BinVal : 9 7 0.9931 0.003027 0.003027
BinVal : 9 8 0.9834 0.003415 0.003415
BinVal : 9 9 0.9957 0.00598 0.00598
BinVal : 9 10 0.9773 0.02975 0.02975
BinVal : 9 11 1 0.07666 0.07666
BinVal : 9 12 1 0.08299 0.08299
BinVal : 10 0 0 0 0
BinVal : 10 1 0 0 0
BinVal : 10 2 0.4 0.06442 0.06442
BinVal : 10 3 0.7805 0.06369 0.06369
BinVal : 10 4 0.8737 0.03441 0.03441
BinVal : 10 5 0.9528 0.01506 0.01506
BinVal : 10 6 0.9944 0.0037 0.0037
BinVal : 10 7 0.9948 0.002534 0.002534
BinVal : 10 8 0.9936 0.001907 0.001907
BinVal : 10 9 0.9966 0.004786 0.004786
BinVal : 10 10 0.98 0.02642 0.02642
BinVal : 10 11 1 0.05255 0.05255
BinVal : 10 12 1 0.06236 0.06236
BinVal : 11 0 0 0 0
BinVal : 11 1 0 0 0
BinVal : 11 2 0.4565 0.07118 0.07118
BinVal : 11 3 0.6857 0.07594 0.07594
BinVal : 11 4 0.8642 0.03837 0.03837
BinVal : 11 5 0.9623 0.01214 0.01214
BinVal : 11 6 0.9917 0.004591 0.004591
BinVal : 11 7 0.9978 0.001866 0.001866
BinVal : 11 8 0.9985 0.0009992 0.0009992
BinVal : 11 9 0.9967 0.004675 0.004675
BinVal : 11 10 1 0.0196 0.0196
BinVal : 11 11 1 0.03701 0.03701
BinVal : 11 12 1 0.04756 0.04756
BinVal : 12 0 0 0 0
BinVal : 12 1 0 0 0
BinVal : 12 2 0.625 0.07406 0.07406
BinVal : 12 3 0.5122 0.07536 0.07536
BinVal : 12 4 0.8764 0.03528 0.03528
BinVal : 12 5 0.9776 0.008878 0.008878
BinVal : 12 6 0.9898 0.004943 0.004943
BinVal : 12 7 0.9965 0.00229 0.00229
BinVal : 12 8 0.9995 0.0007239 0.0007239
BinVal : 12 9 0.996 0.005557 0.005557
BinVal : 12 10 1 0.01695 0.01695
BinVal : 12 11 1 0.03569 0.03569
BinVal : 12 12 1 0.0454 0.0454
BinVal : 13 0 0 0 0
BinVal : 13 1 0 0 0
BinVal : 13 2 0.5263 0.07799 0.07799
BinVal : 13 3 0.6957 0.06622 0.06622
BinVal : 13 4 0.9518 0.02537 0.02537
BinVal : 13 5 0.9738 0.009019 0.009019
BinVal : 13 6 0.9919 0.004472 0.004472
BinVal : 13 7 0.9949 0.002845 0.002845
BinVal : 13 8 0.9985 0.001004 0.001004
BinVal : 13 9 1 0.003676 0.003676
BinVal : 13 10 1 0.01562 0.01562
BinVal : 13 11 1 0.0454 0.0454
BinVal : 13 12 1 0.04993 0.04993
BinVal : 14 0 0 0 0
BinVal : 14 1 0 0 0
BinVal : 14 2 0.4524 0.07423 0.07423
BinVal : 14 3 0.8095 0.06013 0.06013
BinVal : 14 4 0.9175 0.02875 0.02875
BinVal : 14 5 0.9718 0.009133 0.009133
BinVal : 14 6 0.9899 0.004913 0.004913
BinVal : 14 7 0.9932 0.003326 0.003326
BinVal : 14 8 0.9946 0.001696 0.001696
BinVal : 14 9 1 0.003257 0.003257
BinVal : 14 10 1 0.01538 0.01538
BinVal : 14 11 1 0.04993 0.04993
BinVal : 14 12 1 0.04343 0.04343
BinVal : 15 0 0 0 0
BinVal : 15 1 0 0 0
BinVal : 15 2 0.4474 0.0777 0.0777
BinVal : 15 3 0.6875 0.07908 0.07908
BinVal : 15 4 0.8487 0.03294 0.03294
BinVal : 15 5 0.9761 0.008769 0.008769
BinVal : 15 6 0.9841 0.005882 0.005882
BinVal : 15 7 0.9925 0.003274 0.003274
BinVal : 15 8 0.9926 0.001961 0.001961
BinVal : 15 9 0.9967 0.004569 0.004569
BinVal : 15 10 1 0.01449 0.01449
BinVal : 15 11 1 0.04993 0.04993
BinVal : 15 12 1 0.03997 0.03997
BinVal : 16 0 0 0 0
BinVal : 16 1 0 0 0
BinVal : 16 2 0.5385 0.07694 0.07694
BinVal : 16 3 0.625 0.08214 0.08214
BinVal : 16 4 0.8448 0.03369 0.03369
BinVal : 16 5 0.9594 0.01135 0.01135
BinVal : 16 6 0.985 0.005565 0.005565
BinVal : 16 7 0.9957 0.002391 0.002391
BinVal : 16 8 0.9949 0.001692 0.001692
BinVal : 16 9 0.9965 0.004902 0.004902
BinVal : 16 10 1 0.0147 0.0147
BinVal : 16 11 1 0.0454 0.0454
BinVal : 16 12 1 0.04756 0.04756
BinVal : 17 0 0 0 0
BinVal : 17 1 0 0 0
BinVal : 17 2 0.5435 0.07118 0.07118
BinVal : 17 3 0.6667 0.07597 0.07597
BinVal : 17 4 0.8785 0.0319 0.0319
BinVal : 17 5 0.9446 0.01373 0.01373
BinVal : 17 6 0.9839 0.005572 0.005572
BinVal : 17 7 0.997 0.002013 0.002013
BinVal : 17 8 0.9957 0.001618 0.001618
BinVal : 17 9 0.9963 0.005115 0.005115
BinVal : 17 10 0.9833 0.02226 0.02226
BinVal : 17 11 1 0.04756 0.04756
BinVal : 17 12 1 0.0665 0.0665
BinVal : 18 0 0 0 0
BinVal : 18 1 0 0 0
BinVal : 18 2 0.3846 0.07527 0.07527
BinVal : 18 3 0.5882 0.08105 0.08105
BinVal : 18 4 0.8026 0.04543 0.04543
BinVal : 18 5 0.9583 0.01336 0.01336
BinVal : 18 6 0.9825 0.006051 0.006051
BinVal : 18 7 0.9919 0.003245 0.003245
BinVal : 18 8 0.9921 0.002355 0.002355
BinVal : 18 9 0.9867 0.008676 0.008676
BinVal : 18 10 0.9787 0.02798 0.02798
BinVal : 18 11 1 0.05871 0.05871
BinVal : 18 12 1 0.08299 0.08299
BinVal : 19 0 0 0 0
BinVal : 19 1 0 0 0
BinVal : 19 2 0.2632 0.09631 0.09631
BinVal : 19 3 0.5556 0.1086 0.1086
BinVal : 19 4 0.6667 0.08678 0.08678
BinVal : 19 5 0.9722 0.01777 0.01777
BinVal : 19 6 0.9871 0.00842 0.00842
BinVal : 19 7 0.9865 0.006523 0.006523
BinVal : 19 8 0.9885 0.004595 0.004595
BinVal : 19 9 0.975 0.02061 0.02061
BinVal : 19 10 1 0.04993 0.04993
BinVal : 19 11 1 0.1102 0.1102
BinVal : 19 12 1 0.1409 0.1409
BinVal : 20 0 0 0 0
BinVal : 20 1 0 0 0
BinVal : 20 2 0 0 0
BinVal : 20 3 0 0 0
BinVal : 20 4 0 0 0
BinVal : 20 5 0 0 0
BinVal : 20 6 0 0 0
BinVal : 20 7 0 0 0
BinVal : 20 8 0 0 0
BinVal : 20 9 0 0 0
BinVal : 20 10 0 0 0
BinVal : 20 11 0 0 0
BinVal : 20 12 0 0 0
BinVal : 21 0 0 0 0
BinVal : 21 1 0 0 0
BinVal : 21 2 0 0 0
BinVal : 21 3 0 0 0
BinVal : 21 4 0 0 0
BinVal : 21 5 0 0 0
BinVal : 21 6 0 0 0
BinVal : 21 7 0 0 0
BinVal : 21 8 0 0 0
BinVal : 21 9 0 0 0
BinVal : 21 10 0 0 0
BinVal : 21 11 0 0 0
BinVal : 21 12 0 0 0
BinVal : 22 0 0 0 0
BinVal : 22 1 0 0 0
BinVal : 22 2 0.1235 0.037 0.037
BinVal : 22 3 0.1096 0.03728 0.03728
BinVal : 22 4 0.5844 0.03935 0.03935
BinVal : 22 5 0.8621 0.01714 0.01714
BinVal : 22 6 0.9582 0.008875 0.008875
BinVal : 22 7 0.993 0.00339 0.00339
BinVal : 22 8 0.9974 0.001697 0.001697
BinVal : 22 9 1 0.006622 0.006622
BinVal : 22 10 1 0.02856 0.02856
BinVal : 22 11 1 0.1409 0.1409
BinVal : 22 12 1 0.1102 0.1102
BinVal : 23 0 0 0 0
BinVal : 23 1 0 0 0
BinVal : 23 2 0.0155 0.01302 0.01302
BinVal : 23 3 0.01064 0.0145 0.0145
BinVal : 23 4 0.4709 0.03602 0.03602
BinVal : 23 5 0.7883 0.02061 0.02061
BinVal : 23 6 0.9464 0.009979 0.009979
BinVal : 23 7 0.9855 0.005039 0.005039
BinVal : 23 8 0.9967 0.002192 0.002192
BinVal : 23 9 1 0.0102 0.0102
BinVal : 23 10 0.9524 0.05752 0.05752
BinVal : 23 11 1 0.1409 0.1409
BinVal : 23 12 1 0.1237 0.1237
BinVal : 24 0 0 0 0
BinVal : 24 1 0 0 0
BinVal : 24 2 0.006579 0.009094 0.009094
BinVal : 24 3 0.04 0.02127 0.02127
BinVal : 24 4 0.407 0.03458 0.03458
BinVal : 24 5 0.831 0.01973 0.01973
BinVal : 24 6 0.9417 0.01082 0.01082
BinVal : 24 7 0.9817 0.006343 0.006343
BinVal : 24 8 0.9943 0.00314 0.00314
BinVal : 24 9 1 0.0125 0.0125
BinVal : 24 10 0.8889 0.1113 0.1113
BinVal : 24 11 1 0.1633 0.1633
BinVal : 24 12 1 0.1936 0.1936
BinVal : 25 0 0 0 0
BinVal : 25 1 0 0 0
BinVal : 25 2 0.007143 0.009854 0.009854
BinVal : 25 3 0.03261 0.02071 0.02071
BinVal : 25 4 0.3559 0.03572 0.03572
BinVal : 25 5 0.858 0.01902 0.01902
BinVal : 25 6 0.9369 0.01212 0.01212
BinVal : 25 7 0.9869 0.007189 0.007189
BinVal : 25 8 0.9917 0.004591 0.004591
BinVal : 25 9 1 0.01923 0.01923
BinVal : 25 10 1 0.1409 0.1409
BinVal : 25 11 1 0.1409 0.1409
BinVal : 25 12 1 0.1936 0.1936
BinVal : 26 0 0 0 0
BinVal : 26 1 0 0 0
BinVal : 26 2 0 0 0
BinVal : 26 3 0.009259 0.01268 0.01268
BinVal : 26 4 0.2843 0.03197 0.03197
BinVal : 26 5 0.7869 0.02179 0.02179
BinVal : 26 6 0.9275 0.01442 0.01442
BinVal : 26 7 0.9674 0.01276 0.01276
BinVal : 26 8 0.9849 0.007257 0.007257
BinVal : 26 9 1 0.03331 0.03331
BinVal : 26 10 1 0.2357 0.2357
BinVal : 26 11 1 0.2357 0.2357
BinVal : 26 12 1 0.2357 0.2357
BinVal : 27 0 0 0 0
BinVal : 27 1 0 0 0
BinVal : 27 2 0 0 0
BinVal : 27 3 0.009709 0.01328 0.01328
BinVal : 27 4 0.1929 0.02807 0.02807
BinVal : 27 5 0.6183 0.02717 0.02717
BinVal : 27 6 0.7907 0.02768 0.02768
BinVal : 27 7 0.8786 0.02499 0.02499
BinVal : 27 8 0.9293 0.01929 0.01929
BinVal : 27 9 1 0.04756 0.04756
BinVal : 27 10 1 0.2357 0.2357
BinVal : 27 11 1 0.2357 0.2357
BinVal : 27 12 1 0.2357 0.2357
BinVal : 28 0 0 0 0
BinVal : 28 1 0 0 0
BinVal : 28 2 0 0 0
BinVal : 28 3 0 0 0
BinVal : 28 4 0.1216 0.03852 0.03852
BinVal : 28 5 0.3684 0.04465 0.04465
BinVal : 28 6 0.5915 0.05719 0.05719
BinVal : 28 7 0.7705 0.05324 0.05324
BinVal : 28 8 0.7561 0.06578 0.06578
BinVal : 28 9 1 0.1633 0.1633
BinVal : 28 10 1 0.1633 0.1633
BinVal : 28 11 1 0.1633 0.1633
BinVal : 28 12 1 0.1633 0.1633
