D0NoteID : 0
EffName : SINGLEELE_AND_EJETS_v12
EffType : Binned
EffVarNames : DetEta pT
EffVersion : 6
ObjQuality : Medium
ObjType : Electron
ObjVersion : 12
BinEdgesX : -3.2 -2.8 -2.5 -2.3 -2.1 -1.9 -1.7 -1.5 -1.3 -1.1 -0.9 -0.7 -0.5 -0.3 -0.1 0.1 0.3 0.5 0.7 0.9 1.1 1.3 1.5 1.7 1.9 2.1 2.3 2.5 2.8 3.2
BinEdgesY : 0 10 15 20 22 25 30 35 40 50 60 70 80 1000
BinVal : 0 0 0 0 0
BinVal : 0 1 0 0 0
BinVal : 0 2 0 0 0
BinVal : 0 3 0.15 0.05683 0.05683
BinVal : 0 4 0.4533 0.05638 0.05638
BinVal : 0 5 0.5678 0.04505 0.04505
BinVal : 0 6 0.7216 0.04504 0.04504
BinVal : 0 7 0.7857 0.06247 0.06247
BinVal : 0 8 0.7321 0.05819 0.05819
BinVal : 0 9 1 0.1409 0.1409
BinVal : 0 10 1 0.1409 0.1409
BinVal : 0 11 1 0.1409 0.1409
BinVal : 0 12 1 0.1409 0.1409
BinVal : 1 0 0 0 0
BinVal : 1 1 0 0 0
BinVal : 1 2 0.0137 0.01848 0.01848
BinVal : 1 3 0.1864 0.05049 0.05049
BinVal : 1 4 0.5484 0.0508 0.0508
BinVal : 1 5 0.6927 0.03204 0.03204
BinVal : 1 6 0.75 0.03178 0.03178
BinVal : 1 7 0.8241 0.03661 0.03661
BinVal : 1 8 0.7785 0.03388 0.03388
BinVal : 1 9 0.8333 0.08729 0.08729
BinVal : 1 10 1 0.2357 0.2357
BinVal : 1 11 1 0.2357 0.2357
BinVal : 1 12 1 0.2357 0.2357
BinVal : 2 0 0 0 0
BinVal : 2 1 0 0 0
BinVal : 2 2 0.02817 0.02308 0.02308
BinVal : 2 3 0.25 0.05044 0.05044
BinVal : 2 4 0.5843 0.05142 0.05142
BinVal : 2 5 0.7432 0.0292 0.0292
BinVal : 2 6 0.7621 0.02817 0.02817
BinVal : 2 7 0.7887 0.02923 0.02923
BinVal : 2 8 0.7913 0.02674 0.02674
BinVal : 2 9 0.7879 0.06999 0.06999
BinVal : 2 10 1 0.1237 0.1237
BinVal : 2 11 1 0.1237 0.1237
BinVal : 2 12 1 0.2357 0.2357
BinVal : 3 0 0 0 0
BinVal : 3 1 0 0 0
BinVal : 3 2 0.02632 0.02164 0.02164
BinVal : 3 3 0.3562 0.05506 0.05506
BinVal : 3 4 0.6449 0.0457 0.0457
BinVal : 3 5 0.7277 0.02892 0.02892
BinVal : 3 6 0.77 0.02424 0.02424
BinVal : 3 7 0.7844 0.02502 0.02502
BinVal : 3 8 0.807 0.02218 0.02218
BinVal : 3 9 0.814 0.05898 0.05898
BinVal : 3 10 0.8333 0.1443 0.1443
BinVal : 3 11 0.8333 0.1443 0.1443
BinVal : 3 12 0.5 0.2236 0.2236
BinVal : 4 0 0 0 0
BinVal : 4 1 0 0 0
BinVal : 4 2 0.03125 0.02545 0.02545
BinVal : 4 3 0.4151 0.06591 0.06591
BinVal : 4 4 0.6667 0.04425 0.04425
BinVal : 4 5 0.702 0.02909 0.02909
BinVal : 4 6 0.7692 0.02287 0.02287
BinVal : 4 7 0.7726 0.02259 0.02259
BinVal : 4 8 0.7888 0.01933 0.01933
BinVal : 4 9 0.8596 0.04642 0.04642
BinVal : 4 10 0.7273 0.1234 0.1234
BinVal : 4 11 0.7273 0.1234 0.1234
BinVal : 4 12 0.7273 0.1234 0.1234
BinVal : 5 0 0 0 0
BinVal : 5 1 0 0 0
BinVal : 5 2 0.1923 0.05431 0.05431
BinVal : 5 3 0.48 0.09443 0.09443
BinVal : 5 4 0.7386 0.04636 0.04636
BinVal : 5 5 0.7683 0.02615 0.02615
BinVal : 5 6 0.8235 0.02067 0.02067
BinVal : 5 7 0.8138 0.01965 0.01965
BinVal : 5 8 0.855 0.01447 0.01447
BinVal : 5 9 0.8889 0.03774 0.03774
BinVal : 5 10 0.8333 0.07585 0.07585
BinVal : 5 11 1 0.1936 0.1936
BinVal : 5 12 0.3333 0.2 0.2
BinVal : 6 0 0 0 0
BinVal : 6 1 0 0 0
BinVal : 6 2 0.375 0.09363 0.09363
BinVal : 6 3 0.6667 0.1614 0.1614
BinVal : 6 4 0.8788 0.05832 0.05832
BinVal : 6 5 0.8284 0.03257 0.03257
BinVal : 6 6 0.8713 0.02574 0.02574
BinVal : 6 7 0.8673 0.02433 0.02433
BinVal : 6 8 0.9242 0.01472 0.01472
BinVal : 6 9 0.8974 0.05049 0.05049
BinVal : 6 10 0.8667 0.08985 0.08985
BinVal : 6 11 1 0.1936 0.1936
BinVal : 6 12 0.3333 0.2 0.2
BinVal : 7 0 0 0 0
BinVal : 7 1 0 0 0
BinVal : 7 2 0 0 0
BinVal : 7 3 0 0 0
BinVal : 7 4 0 0 0
BinVal : 7 5 0 0 0
BinVal : 7 6 0 0 0
BinVal : 7 7 0 0 0
BinVal : 7 8 0 0 0
BinVal : 7 9 0 0 0
BinVal : 7 10 0 0 0
BinVal : 7 11 0 0 0
BinVal : 7 12 0 0 0
BinVal : 8 0 0 0 0
BinVal : 8 1 0 0 0
BinVal : 8 2 0 0 0
BinVal : 8 3 0 0 0
BinVal : 8 4 0 0 0
BinVal : 8 5 0 0 0
BinVal : 8 6 0 0 0
BinVal : 8 7 0 0 0
BinVal : 8 8 0 0 0
BinVal : 8 9 0 0 0
BinVal : 8 10 0 0 0
BinVal : 8 11 0 0 0
BinVal : 8 12 0 0 0
BinVal : 9 0 0 0 0
BinVal : 9 1 0 0 0
BinVal : 9 2 0.1026 0.05049 0.05049
BinVal : 9 3 0.6538 0.08898 0.08898
BinVal : 9 4 0.8372 0.05637 0.05637
BinVal : 9 5 0.947 0.02039 0.02039
BinVal : 9 6 0.9561 0.01224 0.01224
BinVal : 9 7 0.9817 0.006343 0.006343
BinVal : 9 8 0.9689 0.00587 0.00587
BinVal : 9 9 0.9857 0.01203 0.01203
BinVal : 9 10 1 0.03331 0.03331
BinVal : 9 11 1 0.09938 0.09938
BinVal : 9 12 1 0.08299 0.08299
BinVal : 10 0 0 0 0
BinVal : 10 1 0 0 0
BinVal : 10 2 0.1395 0.05344 0.05344
BinVal : 10 3 0.56 0.09391 0.09391
BinVal : 10 4 0.8475 0.04702 0.04702
BinVal : 10 5 0.9565 0.01835 0.01835
BinVal : 10 6 0.9623 0.01102 0.01102
BinVal : 10 7 0.9749 0.006817 0.006817
BinVal : 10 8 0.9748 0.004686 0.004686
BinVal : 10 9 0.9892 0.009115 0.009115
BinVal : 10 10 1 0.02438 0.02438
BinVal : 10 11 1 0.08299 0.08299
BinVal : 10 12 1 0.06236 0.06236
BinVal : 11 0 0 0 0
BinVal : 11 1 0 0 0
BinVal : 11 2 0.1923 0.0762 0.0762
BinVal : 11 3 0.5 0.09285 0.09285
BinVal : 11 4 0.8276 0.04954 0.04954
BinVal : 11 5 0.9533 0.01805 0.01805
BinVal : 11 6 0.9671 0.01062 0.01062
BinVal : 11 7 0.9729 0.007096 0.007096
BinVal : 11 8 0.9836 0.003725 0.003725
BinVal : 11 9 0.9947 0.007423 0.007423
BinVal : 11 10 1 0.02499 0.02499
BinVal : 11 11 1 0.06236 0.06236
BinVal : 11 12 1 0.05546 0.05546
BinVal : 12 0 0 0 0
BinVal : 12 1 0 0 0
BinVal : 12 2 0.1852 0.07396 0.07396
BinVal : 12 3 0.6522 0.09414 0.09414
BinVal : 12 4 0.8276 0.04954 0.04954
BinVal : 12 5 0.9503 0.01783 0.01783
BinVal : 12 6 0.9684 0.01023 0.01023
BinVal : 12 7 0.9744 0.006964 0.006964
BinVal : 12 8 0.9789 0.004156 0.004156
BinVal : 12 9 1 0.005814 0.005814
BinVal : 12 10 1 0.03029 0.03029
BinVal : 12 11 1 0.05546 0.05546
BinVal : 12 12 1 0.04993 0.04993
BinVal : 13 0 0 0 0
BinVal : 13 1 0 0 0
BinVal : 13 2 0.1154 0.06498 0.06498
BinVal : 13 3 0.72 0.08629 0.08629
BinVal : 13 4 0.85 0.04634 0.04634
BinVal : 13 5 0.9507 0.0157 0.0157
BinVal : 13 6 0.9555 0.0115 0.0115
BinVal : 13 7 0.9549 0.009332 0.009332
BinVal : 13 8 0.9663 0.005098 0.005098
BinVal : 13 9 0.988 0.01013 0.01013
BinVal : 13 10 0.973 0.03488 0.03488
BinVal : 13 11 1 0.05546 0.05546
BinVal : 13 12 1 0.05871 0.05871
BinVal : 14 0 0 0 0
BinVal : 14 1 0 0 0
BinVal : 14 2 0.12 0.06714 0.06714
BinVal : 14 3 0.6522 0.09414 0.09414
BinVal : 14 4 0.9344 0.03379 0.03379
BinVal : 14 5 0.9289 0.01802 0.01802
BinVal : 14 6 0.9119 0.01576 0.01576
BinVal : 14 7 0.9446 0.0107 0.0107
BinVal : 14 8 0.95 0.006035 0.006035
BinVal : 14 9 0.9556 0.01603 0.01603
BinVal : 14 10 0.95 0.03927 0.03927
BinVal : 14 11 0.8824 0.08154 0.08154
BinVal : 14 12 1 0.08299 0.08299
BinVal : 15 0 0 0 0
BinVal : 15 1 0 0 0
BinVal : 15 2 0.1429 0.06693 0.06693
BinVal : 15 3 0.6957 0.09148 0.09148
BinVal : 15 4 0.9434 0.0347 0.0347
BinVal : 15 5 0.8969 0.02204 0.02204
BinVal : 15 6 0.8879 0.01745 0.01745
BinVal : 15 7 0.9207 0.01226 0.01226
BinVal : 15 8 0.9346 0.006881 0.006881
BinVal : 15 9 0.9261 0.02012 0.02012
BinVal : 15 10 0.8966 0.05926 0.05926
BinVal : 15 11 0.8421 0.08372 0.08372
BinVal : 15 12 0.9 0.1034 0.1034
BinVal : 16 0 0 0 0
BinVal : 16 1 0 0 0
BinVal : 16 2 0.25 0.07457 0.07457
BinVal : 16 3 0.6333 0.08427 0.08427
BinVal : 16 4 0.7593 0.05735 0.05735
BinVal : 16 5 0.884 0.02398 0.02398
BinVal : 16 6 0.9003 0.01632 0.01632
BinVal : 16 7 0.9096 0.0119 0.0119
BinVal : 16 8 0.9353 0.00702 0.00702
BinVal : 16 9 0.9231 0.02091 0.02091
BinVal : 16 10 0.8929 0.06105 0.06105
BinVal : 16 11 0.9444 0.06547 0.06547
BinVal : 16 12 0.9 0.1034 0.1034
BinVal : 17 0 0 0 0
BinVal : 17 1 0 0 0
BinVal : 17 2 0.2632 0.06973 0.06973
BinVal : 17 3 0.5185 0.09123 0.09123
BinVal : 17 4 0.7818 0.05509 0.05509
BinVal : 17 5 0.8831 0.0261 0.0261
BinVal : 17 6 0.9254 0.01395 0.01395
BinVal : 17 7 0.9082 0.01163 0.01163
BinVal : 17 8 0.9275 0.007648 0.007648
BinVal : 17 9 0.9219 0.0197 0.0197
BinVal : 17 10 0.9412 0.04544 0.04544
BinVal : 17 11 1 0.06236 0.06236
BinVal : 17 12 1 0.08299 0.08299
BinVal : 18 0 0 0 0
BinVal : 18 1 0 0 0
BinVal : 18 2 0.1429 0.06693 0.06693
BinVal : 18 3 0.5455 0.09965 0.09965
BinVal : 18 4 0.9348 0.03948 0.03948
BinVal : 18 5 0.8786 0.02782 0.02782
BinVal : 18 6 0.9379 0.01366 0.01366
BinVal : 18 7 0.8827 0.01415 0.01415
BinVal : 18 8 0.9098 0.009253 0.009253
BinVal : 18 9 0.9075 0.02232 0.02232
BinVal : 18 10 0.8966 0.05926 0.05926
BinVal : 18 11 1 0.1102 0.1102
BinVal : 18 12 1 0.09938 0.09938
BinVal : 19 0 0 0 0
BinVal : 19 1 0 0 0
BinVal : 19 2 0.09091 0.09643 0.09643
BinVal : 19 3 0.5556 0.1437 0.1437
BinVal : 19 4 0.9524 0.05752 0.05752
BinVal : 19 5 0.8732 0.03997 0.03997
BinVal : 19 6 0.9237 0.02379 0.02379
BinVal : 19 7 0.8694 0.02271 0.02271
BinVal : 19 8 0.908 0.01451 0.01451
BinVal : 19 9 0.8955 0.03827 0.03827
BinVal : 19 10 0.7778 0.1286 0.1286
BinVal : 19 11 1 0.2357 0.2357
BinVal : 19 12 1 0.2357 0.2357
BinVal : 20 0 0 0 0
BinVal : 20 1 0 0 0
BinVal : 20 2 0 0 0
BinVal : 20 3 0 0 0
BinVal : 20 4 0 0 0
BinVal : 20 5 0 0 0
BinVal : 20 6 0 0 0
BinVal : 20 7 0 0 0
BinVal : 20 8 0 0 0
BinVal : 20 9 0 0 0
BinVal : 20 10 0 0 0
BinVal : 20 11 0 0 0
BinVal : 20 12 0 0 0
BinVal : 21 0 0 0 0
BinVal : 21 1 0 0 0
BinVal : 21 2 0 0 0
BinVal : 21 3 0 0 0
BinVal : 21 4 0 0 0
BinVal : 21 5 0 0 0
BinVal : 21 6 0 0 0
BinVal : 21 7 0 0 0
BinVal : 21 8 0 0 0
BinVal : 21 9 0 0 0
BinVal : 21 10 0 0 0
BinVal : 21 11 0 0 0
BinVal : 21 12 0 0 0
BinVal : 22 0 0 0 0
BinVal : 22 1 0 0 0
BinVal : 22 2 0.02941 0.03766 0.03766
BinVal : 22 3 0.1212 0.05832 0.05832
BinVal : 22 4 0.7615 0.04054 0.04054
BinVal : 22 5 0.865 0.02227 0.02227
BinVal : 22 6 0.8511 0.01965 0.01965
BinVal : 22 7 0.8593 0.0162 0.0162
BinVal : 22 8 0.8984 0.01138 0.01138
BinVal : 22 9 0.8614 0.03459 0.03459
BinVal : 22 10 0.8 0.09998 0.09998
BinVal : 22 11 1 0.1237 0.1237
BinVal : 22 12 1 0.2357 0.2357
BinVal : 23 0 0 0 0
BinVal : 23 1 0 0 0
BinVal : 23 2 0 0 0
BinVal : 23 3 0.1569 0.05109 0.05109
BinVal : 23 4 0.6639 0.04233 0.04233
BinVal : 23 5 0.8462 0.02362 0.02362
BinVal : 23 6 0.8007 0.02319 0.02319
BinVal : 23 7 0.85 0.01834 0.01834
BinVal : 23 8 0.8501 0.01587 0.01587
BinVal : 23 9 0.7975 0.04497 0.04497
BinVal : 23 10 0.7647 0.09846 0.09846
BinVal : 23 11 1 0.1936 0.1936
BinVal : 23 12 1 0.1936 0.1936
BinVal : 24 0 0 0 0
BinVal : 24 1 0 0 0
BinVal : 24 2 0.0122 0.01654 0.01654
BinVal : 24 3 0.18 0.05414 0.05414
BinVal : 24 4 0.6126 0.04567 0.04567
BinVal : 24 5 0.8346 0.02332 0.02332
BinVal : 24 6 0.8055 0.0231 0.0231
BinVal : 24 7 0.8768 0.01958 0.01958
BinVal : 24 8 0.8601 0.01768 0.01768
BinVal : 24 9 0.8718 0.05454 0.05454
BinVal : 24 10 0.9 0.1034 0.1034
BinVal : 24 11 0.9 0.1034 0.1034
BinVal : 24 12 0.9 0.1034 0.1034
BinVal : 25 0 0 0 0
BinVal : 25 1 0 0 0
BinVal : 25 2 0.02128 0.01767 0.01767
BinVal : 25 3 0.1455 0.04788 0.04788
BinVal : 25 4 0.6195 0.04513 0.04513
BinVal : 25 5 0.8238 0.02438 0.02438
BinVal : 25 6 0.8419 0.02214 0.02214
BinVal : 25 7 0.8908 0.02385 0.02385
BinVal : 25 8 0.8821 0.01998 0.01998
BinVal : 25 9 0.9524 0.05752 0.05752
BinVal : 25 10 0.6667 0.2 0.2
BinVal : 25 11 0.6667 0.2 0.2
BinVal : 25 12 1 0.2357 0.2357
BinVal : 26 0 0 0 0
BinVal : 26 1 0 0 0
BinVal : 26 2 0.009709 0.01328 0.01328
BinVal : 26 3 0.1194 0.04025 0.04025
BinVal : 26 4 0.6154 0.04708 0.04708
BinVal : 26 5 0.7594 0.02925 0.02925
BinVal : 26 6 0.8304 0.0287 0.0287
BinVal : 26 7 0.8222 0.04025 0.04025
BinVal : 26 8 0.84 0.02774 0.02774
BinVal : 26 9 1 0.06236 0.06236
BinVal : 26 10 1 0.06236 0.06236
BinVal : 26 11 1 0.2357 0.2357
BinVal : 26 12 1 0.2357 0.2357
BinVal : 27 0 0 0 0
BinVal : 27 1 0 0 0
BinVal : 27 2 0 0 0
BinVal : 27 3 0.07317 0.04379 0.04379
BinVal : 27 4 0.5167 0.06296 0.06296
BinVal : 27 5 0.6639 0.04233 0.04233
BinVal : 27 6 0.7143 0.0532 0.0532
BinVal : 27 7 0.6087 0.06986 0.06986
BinVal : 27 8 0.7432 0.05018 0.05018
BinVal : 27 9 1 0.2357 0.2357
BinVal : 27 10 1 0.2357 0.2357
BinVal : 27 11 1 0.2357 0.2357
BinVal : 27 12 1 0.2357 0.2357
BinVal : 28 0 0 0 0
BinVal : 28 1 0 0 0
BinVal : 28 2 0 0 0
BinVal : 28 3 0 0 0
BinVal : 28 4 0.2308 0.1106 0.1106
BinVal : 28 5 0.4286 0.1012 0.1012
BinVal : 28 6 0.4444 0.1437 0.1437
BinVal : 28 7 0.1 0.1034 0.1034
BinVal : 28 8 0.4 0.175 0.175
BinVal : 28 9 0.4 0.175 0.175
BinVal : 28 10 0.4 0.175 0.175
BinVal : 28 11 0.4 0.175 0.175
BinVal : 28 12 0.4 0.175 0.175
