D0NoteID : 0
EffName : SINGLEELE_AND_EJETS_v12
EffType : Binned
EffVarNames : DetEta pT
EffVersion : 6
ObjQuality : Top_tight
ObjType : Electron
ObjVersion : 4
BinEdgesX : -3.2 -2.8 -2.5 -2.3 -2.1 -1.9 -1.7 -1.5 -1.3 -1.1 -0.9 -0.7 -0.5 -0.3 -0.1 0.1 0.3 0.5 0.7 0.9 1.1 1.3 1.5 1.7 1.9 2.1 2.3 2.5 2.8 3.2
BinEdgesY : 0 10 15 20 22 25 30 35 40 50 60 70 80 1000
BinVal : 0 0 0 0 0
BinVal : 0 1 0 0 0
BinVal : 0 2 0 0 0
BinVal : 0 3 0.3333 0.1389 0.1389
BinVal : 0 4 0.6111 0.1069 0.1069
BinVal : 0 5 0.6364 0.09682 0.09682
BinVal : 0 6 0.625 0.1118 0.1118
BinVal : 0 7 0.6 0.1367 0.1367
BinVal : 0 8 0.5385 0.1247 0.1247
BinVal : 0 9 1 0.2357 0.2357
BinVal : 0 10 1 0.2357 0.2357
BinVal : 0 11 1 0.2357 0.2357
BinVal : 0 12 1 0.2357 0.2357
BinVal : 1 0 0 0 0
BinVal : 1 1 0 0 0
BinVal : 1 2 0 0 0
BinVal : 1 3 0.1852 0.07396 0.07396
BinVal : 1 4 0.641 0.07432 0.07432
BinVal : 1 5 0.7308 0.04961 0.04961
BinVal : 1 6 0.7123 0.05223 0.05223
BinVal : 1 7 0.72 0.06223 0.06223
BinVal : 1 8 0.8033 0.05059 0.05059
BinVal : 1 9 0.8333 0.1443 0.1443
BinVal : 1 10 0.8333 0.1443 0.1443
BinVal : 1 11 0.8333 0.1443 0.1443
BinVal : 1 12 0.8333 0.1443 0.1443
BinVal : 2 0 0 0 0
BinVal : 2 1 0 0 0
BinVal : 2 2 0 0 0
BinVal : 2 3 0.275 0.06889 0.06889
BinVal : 2 4 0.6383 0.06818 0.06818
BinVal : 2 5 0.735 0.04048 0.04048
BinVal : 2 6 0.7317 0.03964 0.03964
BinVal : 2 7 0.7701 0.04476 0.04476
BinVal : 2 8 0.822 0.03518 0.03518
BinVal : 2 9 0.8462 0.1 0.1
BinVal : 2 10 1 0.1633 0.1633
BinVal : 2 11 1 0.1633 0.1633
BinVal : 2 12 1 0.1633 0.1633
BinVal : 3 0 0 0 0
BinVal : 3 1 0 0 0
BinVal : 3 2 0 0 0
BinVal : 3 3 0.4103 0.07602 0.07602
BinVal : 3 4 0.6129 0.06052 0.06052
BinVal : 3 5 0.6875 0.0406 0.0406
BinVal : 3 6 0.7215 0.03543 0.03543
BinVal : 3 7 0.814 0.0342 0.0342
BinVal : 3 8 0.7946 0.02963 0.02963
BinVal : 3 9 0.7826 0.08376 0.08376
BinVal : 3 10 0.8 0.1597 0.1597
BinVal : 3 11 0.8 0.1597 0.1597
BinVal : 3 12 0.8 0.1597 0.1597
BinVal : 4 0 0 0 0
BinVal : 4 1 0 0 0
BinVal : 4 2 0.025 0.03248 0.03248
BinVal : 4 3 0.3448 0.08458 0.08458
BinVal : 4 4 0.5972 0.05669 0.05669
BinVal : 4 5 0.6826 0.03576 0.03576
BinVal : 4 6 0.7385 0.02964 0.02964
BinVal : 4 7 0.7948 0.02664 0.02664
BinVal : 4 8 0.7788 0.02312 0.02312
BinVal : 4 9 0.7838 0.06662 0.06662
BinVal : 4 10 0.5714 0.1571 0.1571
BinVal : 4 11 0.5714 0.1571 0.1571
BinVal : 4 12 0.5714 0.1571 0.1571
BinVal : 5 0 0 0 0
BinVal : 5 1 0 0 0
BinVal : 5 2 0.2195 0.06369 0.06369
BinVal : 5 3 0.4286 0.1012 0.1012
BinVal : 5 4 0.7391 0.05217 0.05217
BinVal : 5 5 0.7571 0.02948 0.02948
BinVal : 5 6 0.8136 0.0233 0.0233
BinVal : 5 7 0.8154 0.02151 0.02151
BinVal : 5 8 0.8558 0.01553 0.01553
BinVal : 5 9 0.8519 0.04865 0.04865
BinVal : 5 10 0.8125 0.09538 0.09538
BinVal : 5 11 1 0.1936 0.1936
BinVal : 5 12 0.3333 0.2 0.2
BinVal : 6 0 0 0 0
BinVal : 6 1 0 0 0
BinVal : 6 2 0.4211 0.1055 0.1055
BinVal : 6 3 0.6 0.1367 0.1367
BinVal : 6 4 0.8857 0.05546 0.05546
BinVal : 6 5 0.8053 0.03714 0.03714
BinVal : 6 6 0.8636 0.02778 0.02778
BinVal : 6 7 0.8483 0.02694 0.02694
BinVal : 6 8 0.9153 0.01604 0.01604
BinVal : 6 9 0.875 0.05986 0.05986
BinVal : 6 10 0.9091 0.09643 0.09643
BinVal : 6 11 1 0.1936 0.1936
BinVal : 6 12 0.3333 0.2 0.2
BinVal : 7 0 0 0 0
BinVal : 7 1 0 0 0
BinVal : 7 2 0 0 0
BinVal : 7 3 0 0 0
BinVal : 7 4 0 0 0
BinVal : 7 5 0 0 0
BinVal : 7 6 0 0 0
BinVal : 7 7 0 0 0
BinVal : 7 8 0 0 0
BinVal : 7 9 0 0 0
BinVal : 7 10 0 0 0
BinVal : 7 11 0 0 0
BinVal : 7 12 0 0 0
BinVal : 8 0 0 0 0
BinVal : 8 1 0 0 0
BinVal : 8 2 0 0 0
BinVal : 8 3 0 0 0
BinVal : 8 4 0 0 0
BinVal : 8 5 0 0 0
BinVal : 8 6 0 0 0
BinVal : 8 7 0 0 0
BinVal : 8 8 0 0 0
BinVal : 8 9 0 0 0
BinVal : 8 10 0 0 0
BinVal : 8 11 0 0 0
BinVal : 8 12 0 0 0
BinVal : 9 0 0 0 0
BinVal : 9 1 0 0 0
BinVal : 9 2 0.1081 0.05286 0.05286
BinVal : 9 3 0.6429 0.08655 0.08655
BinVal : 9 4 0.8333 0.0575 0.0575
BinVal : 9 5 0.9318 0.02262 0.02262
BinVal : 9 6 0.9497 0.01252 0.01252
BinVal : 9 7 0.9766 0.006905 0.006905
BinVal : 9 8 0.9672 0.0056 0.0056
BinVal : 9 9 0.9943 0.007967 0.007967
BinVal : 9 10 1 0.02856 0.02856
BinVal : 9 11 0.9091 0.09643 0.09643
BinVal : 9 12 1 0.05255 0.05255
BinVal : 10 0 0 0 0
BinVal : 10 1 0 0 0
BinVal : 10 2 0.1591 0.05529 0.05529
BinVal : 10 3 0.5185 0.09123 0.09123
BinVal : 10 4 0.8246 0.05028 0.05028
BinVal : 10 5 0.9539 0.01783 0.01783
BinVal : 10 6 0.9494 0.0122 0.0122
BinVal : 10 7 0.9776 0.006335 0.006335
BinVal : 10 8 0.975 0.004355 0.004355
BinVal : 10 9 0.9958 0.005905 0.005905
BinVal : 10 10 1 0.02083 0.02083
BinVal : 10 11 0.9167 0.09035 0.09035
BinVal : 10 12 1 0.05255 0.05255
BinVal : 11 0 0 0 0
BinVal : 11 1 0 0 0
BinVal : 11 2 0.1724 0.06984 0.06984
BinVal : 11 3 0.4815 0.09123 0.09123
BinVal : 11 4 0.8 0.05129 0.05129
BinVal : 11 5 0.9529 0.01693 0.01693
BinVal : 11 6 0.9659 0.01044 0.01044
BinVal : 11 7 0.9809 0.005915 0.005915
BinVal : 11 8 0.984 0.003442 0.003442
BinVal : 11 9 0.9958 0.005832 0.005832
BinVal : 11 10 1 0.02222 0.02222
BinVal : 11 11 1 0.06236 0.06236
BinVal : 11 12 1 0.06236 0.06236
BinVal : 12 0 0 0 0
BinVal : 12 1 0 0 0
BinVal : 12 2 0.1852 0.07396 0.07396
BinVal : 12 3 0.6364 0.09682 0.09682
BinVal : 12 4 0.8413 0.04615 0.04615
BinVal : 12 5 0.9396 0.01815 0.01815
BinVal : 12 6 0.9699 0.009751 0.009751
BinVal : 12 7 0.9802 0.006135 0.006135
BinVal : 12 8 0.9781 0.004005 0.004005
BinVal : 12 9 1 0.004831 0.004831
BinVal : 12 10 0.9744 0.03324 0.03324
BinVal : 12 11 1 0.04756 0.04756
BinVal : 12 12 1 0.04993 0.04993
BinVal : 13 0 0 0 0
BinVal : 13 1 0 0 0
BinVal : 13 2 0.12 0.06714 0.06714
BinVal : 13 3 0.7391 0.08806 0.08806
BinVal : 13 4 0.8696 0.041 0.041
BinVal : 13 5 0.9481 0.01569 0.01569
BinVal : 13 6 0.959 0.01062 0.01062
BinVal : 13 7 0.9512 0.009657 0.009657
BinVal : 13 8 0.969 0.004704 0.004704
BinVal : 13 9 0.9897 0.008747 0.008747
BinVal : 13 10 0.9434 0.0347 0.0347
BinVal : 13 11 1 0.04163 0.04163
BinVal : 13 12 1 0.05255 0.05255
BinVal : 14 0 0 0 0
BinVal : 14 1 0 0 0
BinVal : 14 2 0.1538 0.07112 0.07112
BinVal : 14 3 0.7143 0.09392 0.09392
BinVal : 14 4 0.9091 0.03658 0.03658
BinVal : 14 5 0.9299 0.01778 0.01778
BinVal : 14 6 0.9164 0.01448 0.01448
BinVal : 14 7 0.9412 0.01091 0.01091
BinVal : 14 8 0.9544 0.005469 0.005469
BinVal : 14 9 0.964 0.01309 0.01309
BinVal : 14 10 0.9434 0.0347 0.0347
BinVal : 14 11 0.9048 0.06875 0.06875
BinVal : 14 12 1 0.07666 0.07666
BinVal : 15 0 0 0 0
BinVal : 15 1 0 0 0
BinVal : 15 2 0.1852 0.07396 0.07396
BinVal : 15 3 0.6957 0.09148 0.09148
BinVal : 15 4 0.9273 0.03714 0.03714
BinVal : 15 5 0.8932 0.02169 0.02169
BinVal : 15 6 0.8832 0.01721 0.01721
BinVal : 15 7 0.9225 0.01185 0.01185
BinVal : 15 8 0.9327 0.006548 0.006548
BinVal : 15 9 0.9328 0.01653 0.01653
BinVal : 15 10 0.8864 0.04912 0.04912
BinVal : 15 11 0.8636 0.07454 0.07454
BinVal : 15 12 0.9091 0.09643 0.09643
BinVal : 16 0 0 0 0
BinVal : 16 1 0 0 0
BinVal : 16 2 0.2667 0.07827 0.07827
BinVal : 16 3 0.6667 0.08268 0.08268
BinVal : 16 4 0.7455 0.05782 0.05782
BinVal : 16 5 0.8872 0.02282 0.02282
BinVal : 16 6 0.8924 0.01679 0.01679
BinVal : 16 7 0.9123 0.01144 0.01144
BinVal : 16 8 0.93 0.006913 0.006913
BinVal : 16 9 0.9327 0.0171 0.0171
BinVal : 16 10 0.8667 0.05139 0.05139
BinVal : 16 11 0.9474 0.06258 0.06258
BinVal : 16 12 0.9375 0.0721 0.0721
BinVal : 17 0 0 0 0
BinVal : 17 1 0 0 0
BinVal : 17 2 0.25 0.06705 0.06705
BinVal : 17 3 0.5769 0.0919 0.0919
BinVal : 17 4 0.7679 0.05571 0.05571
BinVal : 17 5 0.8938 0.02462 0.02462
BinVal : 17 6 0.9243 0.01388 0.01388
BinVal : 17 7 0.9202 0.01078 0.01078
BinVal : 17 8 0.935 0.006884 0.006884
BinVal : 17 9 0.9397 0.01598 0.01598
BinVal : 17 10 0.9348 0.03948 0.03948
BinVal : 17 11 0.9375 0.0721 0.0721
BinVal : 17 12 1 0.05546 0.05546
BinVal : 18 0 0 0 0
BinVal : 18 1 0 0 0
BinVal : 18 2 0.1379 0.06502 0.06502
BinVal : 18 3 0.5238 0.102 0.102
BinVal : 18 4 0.9184 0.04124 0.04124
BinVal : 18 5 0.8553 0.02863 0.02863
BinVal : 18 6 0.9405 0.01311 0.01311
BinVal : 18 7 0.8974 0.01315 0.01315
BinVal : 18 8 0.9215 0.008148 0.008148
BinVal : 18 9 0.9116 0.01959 0.01959
BinVal : 18 10 0.9189 0.04797 0.04797
BinVal : 18 11 0.9091 0.09643 0.09643
BinVal : 18 12 1 0.09045 0.09045
BinVal : 19 0 0 0 0
BinVal : 19 1 0 0 0
BinVal : 19 2 0.1 0.1034 0.1034
BinVal : 19 3 0.5 0.1508 0.1508
BinVal : 19 4 0.913 0.06373 0.06373
BinVal : 19 5 0.8293 0.04154 0.04154
BinVal : 19 6 0.9275 0.02266 0.02266
BinVal : 19 7 0.8783 0.02167 0.02167
BinVal : 19 8 0.9109 0.01336 0.01336
BinVal : 19 9 0.8851 0.03469 0.03469
BinVal : 19 10 0.8462 0.1 0.1
BinVal : 19 11 1 0.1936 0.1936
BinVal : 19 12 1 0.2357 0.2357
BinVal : 20 0 0 0 0
BinVal : 20 1 0 0 0
BinVal : 20 2 0 0 0
BinVal : 20 3 0 0 0
BinVal : 20 4 0 0 0
BinVal : 20 5 0 0 0
BinVal : 20 6 0 0 0
BinVal : 20 7 0 0 0
BinVal : 20 8 0 0 0
BinVal : 20 9 0 0 0
BinVal : 20 10 0 0 0
BinVal : 20 11 0 0 0
BinVal : 20 12 0 0 0
BinVal : 21 0 0 0 0
BinVal : 21 1 0 0 0
BinVal : 21 2 0 0 0
BinVal : 21 3 0 0 0
BinVal : 21 4 0 0 0
BinVal : 21 5 0 0 0
BinVal : 21 6 0 0 0
BinVal : 21 7 0 0 0
BinVal : 21 8 0 0 0
BinVal : 21 9 0 0 0
BinVal : 21 10 0 0 0
BinVal : 21 11 0 0 0
BinVal : 21 12 0 0 0
BinVal : 22 0 0 0 0
BinVal : 22 1 0 0 0
BinVal : 22 2 0.04167 0.05128 0.05128
BinVal : 22 3 0.2083 0.08108 0.08108
BinVal : 22 4 0.7826 0.04924 0.04924
BinVal : 22 5 0.8429 0.02636 0.02636
BinVal : 22 6 0.8357 0.02215 0.02215
BinVal : 22 7 0.8603 0.01818 0.01818
BinVal : 22 8 0.9072 0.01219 0.01219
BinVal : 22 9 0.8608 0.03923 0.03923
BinVal : 22 10 0.7857 0.105 0.105
BinVal : 22 11 1 0.1237 0.1237
BinVal : 22 12 1 0.2357 0.2357
BinVal : 23 0 0 0 0
BinVal : 23 1 0 0 0
BinVal : 23 2 0 0 0
BinVal : 23 3 0.1818 0.06667 0.06667
BinVal : 23 4 0.7183 0.05262 0.05262
BinVal : 23 5 0.8153 0.03093 0.03093
BinVal : 23 6 0.7773 0.02856 0.02856
BinVal : 23 7 0.845 0.02256 0.02256
BinVal : 23 8 0.8636 0.01893 0.01893
BinVal : 23 9 0.8 0.05129 0.05129
BinVal : 23 10 0.7273 0.1234 0.1234
BinVal : 23 11 1 0.1633 0.1633
BinVal : 23 12 1 0.1633 0.1633
BinVal : 24 0 0 0 0
BinVal : 24 1 0 0 0
BinVal : 24 2 0 0 0
BinVal : 24 3 0.1562 0.06444 0.06444
BinVal : 24 4 0.7121 0.05485 0.05485
BinVal : 24 5 0.8444 0.03125 0.03125
BinVal : 24 6 0.7644 0.03204 0.03204
BinVal : 24 7 0.8771 0.02469 0.02469
BinVal : 24 8 0.8651 0.02338 0.02338
BinVal : 24 9 0.8276 0.06984 0.06984
BinVal : 24 10 1 0.1409 0.1409
BinVal : 24 11 1 0.1409 0.1409
BinVal : 24 12 1 0.1409 0.1409
BinVal : 25 0 0 0 0
BinVal : 25 1 0 0 0
BinVal : 25 2 0.01786 0.02375 0.02375
BinVal : 25 3 0.1111 0.05413 0.05413
BinVal : 25 4 0.6615 0.05758 0.05758
BinVal : 25 5 0.848 0.0322 0.0322
BinVal : 25 6 0.7987 0.03172 0.03172
BinVal : 25 7 0.8952 0.03036 0.03036
BinVal : 25 8 0.8776 0.02723 0.02723
BinVal : 25 9 0.8571 0.09466 0.09466
BinVal : 25 10 0.5 0.2236 0.2236
BinVal : 25 11 0.5 0.2236 0.2236
BinVal : 25 12 1 0.2357 0.2357
BinVal : 26 0 0 0 0
BinVal : 26 1 0 0 0
BinVal : 26 2 0.02222 0.02913 0.02913
BinVal : 26 3 0.1875 0.06835 0.06835
BinVal : 26 4 0.5957 0.06951 0.06951
BinVal : 26 5 0.8191 0.03963 0.03963
BinVal : 26 6 0.8415 0.04042 0.04042
BinVal : 26 7 0.8837 0.05012 0.05012
BinVal : 26 8 0.8621 0.03723 0.03723
BinVal : 26 9 1 0.09045 0.09045
BinVal : 26 10 1 0.09045 0.09045
BinVal : 26 11 1 0.09045 0.09045
BinVal : 26 12 1 0.2357 0.2357
BinVal : 27 0 0 0 0
BinVal : 27 1 0 0 0
BinVal : 27 2 0 0 0
BinVal : 27 3 0.2 0.1201 0.1201
BinVal : 27 4 0.5 0.1091 0.1091
BinVal : 27 5 0.7941 0.06835 0.06835
BinVal : 27 6 0.7143 0.1124 0.1124
BinVal : 27 7 1 0.07666 0.07666
BinVal : 27 8 0.8462 0.07112 0.07112
BinVal : 27 9 0.8462 0.07112 0.07112
BinVal : 27 10 0.8462 0.07112 0.07112
BinVal : 27 11 0.8462 0.07112 0.07112
BinVal : 27 12 0.8462 0.07112 0.07112
BinVal : 28 0 0 0 0
BinVal : 28 1 0 0 0
BinVal : 28 2 0 0 0
BinVal : 28 3 0 0 0
BinVal : 28 4 0.6 0.175 0.175
BinVal : 28 5 0.75 0.1782 0.1782
BinVal : 28 6 0.75 0.1782 0.1782
BinVal : 28 7 0.75 0.1782 0.1782
BinVal : 28 8 0.75 0.1782 0.1782
BinVal : 28 9 0.75 0.1782 0.1782
BinVal : 28 10 0.75 0.1782 0.1782
BinVal : 28 11 0.75 0.1782 0.1782
BinVal : 28 12 0.75 0.1782 0.1782
