D0NoteID : 0
EffName : SINGLEELE_ALL_v16
EffType : Binned
EffVarNames : DetEta pT
EffVersion : 6
ObjQuality : Point1
ObjType : Electron
ObjVersion : 1
TriggerVersion : v16
TriggerVersionHigh : 16.29
TriggerVersionLow : 16.00
BinEdgesX : -3.2 -2.8 -2.5 -2.3 -2.1 -1.9 -1.7 -1.5 -1.3 -1.1 -0.9 -0.7 -0.5 -0.3 -0.1 0.1 0.3 0.5 0.7 0.9 1.1 1.3 1.5 1.7 1.9 2.1 2.3 2.5 2.8 3.2
BinEdgesY : 0 10 15 20 22 25 30 35 40 50 60 70 80 1000
BinVal : 0 0 0 0 0
BinVal : 0 1 0 0 0
BinVal : 0 2 0 0 0
BinVal : 0 3 0.02326 0.03038 0.03038
BinVal : 0 4 0.1146 0.03295 0.03295
BinVal : 0 5 0.6328 0.02748 0.02748
BinVal : 0 6 0.688 0.02917 0.02917
BinVal : 0 7 0.7244 0.03555 0.03555
BinVal : 0 8 0.7222 0.03167 0.03167
BinVal : 0 9 0.9 0.1034 0.1034
BinVal : 0 10 1 0.2357 0.2357
BinVal : 0 11 1 0.2357 0.2357
BinVal : 0 12 1 0.2357 0.2357
BinVal : 1 0 0 0 0
BinVal : 1 1 0 0 0
BinVal : 1 2 0 0 0
BinVal : 1 3 0.02632 0.02164 0.02164
BinVal : 1 4 0.2159 0.03092 0.03092
BinVal : 1 5 0.7726 0.01815 0.01815
BinVal : 1 6 0.8267 0.01509 0.01509
BinVal : 1 7 0.8622 0.01744 0.01744
BinVal : 1 8 0.8649 0.01453 0.01453
BinVal : 1 9 0.9211 0.04685 0.04685
BinVal : 1 10 1 0.1936 0.1936
BinVal : 1 11 1 0.2357 0.2357
BinVal : 1 12 1 0.2357 0.2357
BinVal : 2 0 0 0 0
BinVal : 2 1 0 0 0
BinVal : 2 2 0 0 0
BinVal : 2 3 0.02222 0.01842 0.01842
BinVal : 2 4 0.3273 0.03146 0.03146
BinVal : 2 5 0.8828 0.01291 0.01291
BinVal : 2 6 0.9206 0.009206 0.009206
BinVal : 2 7 0.9423 0.008931 0.008931
BinVal : 2 8 0.9483 0.007398 0.007398
BinVal : 2 9 0.9516 0.03002 0.03002
BinVal : 2 10 1 0.07122 0.07122
BinVal : 2 11 1 0.1936 0.1936
BinVal : 2 12 1 0.1936 0.1936
BinVal : 3 0 0 0 0
BinVal : 3 1 0 0 0
BinVal : 3 2 0.00625 0.008649 0.008649
BinVal : 3 3 0.01 0.01366 0.01366
BinVal : 3 4 0.381 0.02924 0.02924
BinVal : 3 5 0.9078 0.01062 0.01062
BinVal : 3 6 0.946 0.006813 0.006813
BinVal : 3 7 0.9501 0.006421 0.006421
BinVal : 3 8 0.9568 0.005187 0.005187
BinVal : 3 9 0.9423 0.01931 0.01931
BinVal : 3 10 1 0.03446 0.03446
BinVal : 3 11 1 0.1409 0.1409
BinVal : 3 12 1 0.2357 0.2357
BinVal : 4 0 0 0 0
BinVal : 4 1 0 0 0
BinVal : 4 2 0.009009 0.007663 0.007663
BinVal : 4 3 0.02174 0.01403 0.01403
BinVal : 4 4 0.4349 0.02599 0.02599
BinVal : 4 5 0.9092 0.008814 0.008814
BinVal : 4 6 0.942 0.005922 0.005922
BinVal : 4 7 0.9513 0.004916 0.004916
BinVal : 4 8 0.9526 0.004025 0.004025
BinVal : 4 9 0.9567 0.01208 0.01208
BinVal : 4 10 1 0.02127 0.02127
BinVal : 4 11 1 0.05871 0.05871
BinVal : 4 12 1 0.09045 0.09045
BinVal : 5 0 0 0 0
BinVal : 5 1 0 0 0
BinVal : 5 2 0.1228 0.02184 0.02184
BinVal : 5 3 0.2476 0.02967 0.02967
BinVal : 5 4 0.5956 0.02195 0.02195
BinVal : 5 5 0.93 0.006606 0.006606
BinVal : 5 6 0.9608 0.004238 0.004238
BinVal : 5 7 0.9655 0.003388 0.003388
BinVal : 5 8 0.9663 0.002657 0.002657
BinVal : 5 9 0.9777 0.00659 0.00659
BinVal : 5 10 1 0.01099 0.01099
BinVal : 5 11 1 0.03123 0.03123
BinVal : 5 12 1 0.05255 0.05255
BinVal : 6 0 0 0 0
BinVal : 6 1 0 0 0
BinVal : 6 2 0.2547 0.04197 0.04197
BinVal : 6 3 0.3984 0.04364 0.04364
BinVal : 6 4 0.7092 0.02694 0.02694
BinVal : 6 5 0.9483 0.007745 0.007745
BinVal : 6 6 0.9766 0.004442 0.004442
BinVal : 6 7 0.9722 0.003985 0.003985
BinVal : 6 8 0.9744 0.002977 0.002977
BinVal : 6 9 0.9806 0.007695 0.007695
BinVal : 6 10 1 0.01587 0.01587
BinVal : 6 11 1 0.04756 0.04756
BinVal : 6 12 1 0.08299 0.08299
BinVal : 7 0 0 0 0
BinVal : 7 1 0 0 0
BinVal : 7 2 0 0 0
BinVal : 7 3 0 0 0
BinVal : 7 4 0 0 0
BinVal : 7 5 0 0 0
BinVal : 7 6 0 0 0
BinVal : 7 7 0 0 0
BinVal : 7 8 0 0 0
BinVal : 7 9 0 0 0
BinVal : 7 10 0 0 0
BinVal : 7 11 0 0 0
BinVal : 7 12 0 0 0
BinVal : 8 0 0 0 0
BinVal : 8 1 0 0 0
BinVal : 8 2 0 0 0
BinVal : 8 3 0 0 0
BinVal : 8 4 0 0 0
BinVal : 8 5 0 0 0
BinVal : 8 6 0 0 0
BinVal : 8 7 0 0 0
BinVal : 8 8 0 0 0
BinVal : 8 9 0 0 0
BinVal : 8 10 0 0 0
BinVal : 8 11 0 0 0
BinVal : 8 12 0 0 0
BinVal : 9 0 0 0 0
BinVal : 9 1 0 0 0
BinVal : 9 2 0.3611 0.03554 0.03554
BinVal : 9 3 0.621 0.04309 0.04309
BinVal : 9 4 0.7273 0.02624 0.02624
BinVal : 9 5 0.929 0.009108 0.009108
BinVal : 9 6 0.9586 0.004195 0.004195
BinVal : 9 7 0.9815 0.002098 0.002098
BinVal : 9 8 0.9857 0.001272 0.001272
BinVal : 9 9 0.9916 0.002497 0.002497
BinVal : 9 10 0.9963 0.005115 0.005115
BinVal : 9 11 1 0.01163 0.01163
BinVal : 9 12 1 0.0204 0.0204
BinVal : 10 0 0 0 0
BinVal : 10 1 0 0 0
BinVal : 10 2 0.399 0.03373 0.03373
BinVal : 10 3 0.5782 0.04034 0.04034
BinVal : 10 4 0.735 0.02301 0.02301
BinVal : 10 5 0.9429 0.007589 0.007589
BinVal : 10 6 0.9711 0.003372 0.003372
BinVal : 10 7 0.9875 0.001599 0.001599
BinVal : 10 8 0.9884 0.001037 0.001037
BinVal : 10 9 0.9902 0.002418 0.002418
BinVal : 10 10 0.9971 0.004035 0.004035
BinVal : 10 11 1 0.0099 0.0099
BinVal : 10 12 1 0.01282 0.01282
BinVal : 11 0 0 0 0
BinVal : 11 1 0 0 0
BinVal : 11 2 0.3943 0.03665 0.03665
BinVal : 11 3 0.5188 0.04285 0.04285
BinVal : 11 4 0.6589 0.02411 0.02411
BinVal : 11 5 0.9425 0.006849 0.006849
BinVal : 11 6 0.9712 0.003416 0.003416
BinVal : 11 7 0.9838 0.001833 0.001833
BinVal : 11 8 0.9905 0.0009313 0.0009313
BinVal : 11 9 0.9907 0.002309 0.002309
BinVal : 11 10 1 0.002907 0.002907
BinVal : 11 11 1 0.009434 0.009434
BinVal : 11 12 1 0.01053 0.01053
BinVal : 12 0 0 0 0
BinVal : 12 1 0 0 0
BinVal : 12 2 0.3824 0.04125 0.04125
BinVal : 12 3 0.4628 0.04478 0.04478
BinVal : 12 4 0.6825 0.02387 0.02387
BinVal : 12 5 0.9394 0.006512 0.006512
BinVal : 12 6 0.9749 0.003228 0.003228
BinVal : 12 7 0.9825 0.001993 0.001993
BinVal : 12 8 0.9915 0.0008605 0.0008605
BinVal : 12 9 0.9931 0.001985 0.001985
BinVal : 12 10 1 0.003067 0.003067
BinVal : 12 11 1 0.009615 0.009615
BinVal : 12 12 1 0.0119 0.0119
BinVal : 13 0 0 0 0
BinVal : 13 1 0 0 0
BinVal : 13 2 0.4454 0.04501 0.04501
BinVal : 13 3 0.4921 0.04402 0.04402
BinVal : 13 4 0.7167 0.02368 0.02368
BinVal : 13 5 0.9472 0.005999 0.005999
BinVal : 13 6 0.9798 0.002817 0.002817
BinVal : 13 7 0.9879 0.001746 0.001746
BinVal : 13 8 0.9927 0.0007824 0.0007824
BinVal : 13 9 0.9911 0.00227 0.00227
BinVal : 13 10 1 0.003096 0.003096
BinVal : 13 11 1 0.008403 0.008403
BinVal : 13 12 1 0.01333 0.01333
BinVal : 14 0 0 0 0
BinVal : 14 1 0 0 0
BinVal : 14 2 0.456 0.04403 0.04403
BinVal : 14 3 0.5 0.04545 0.04545
BinVal : 14 4 0.6831 0.02424 0.02424
BinVal : 14 5 0.955 0.005483 0.005483
BinVal : 14 6 0.9768 0.002985 0.002985
BinVal : 14 7 0.9865 0.001858 0.001858
BinVal : 14 8 0.9918 0.0008249 0.0008249
BinVal : 14 9 0.9914 0.002273 0.002273
BinVal : 14 10 1 0.002933 0.002933
BinVal : 14 11 1 0.007874 0.007874
BinVal : 14 12 1 0.01111 0.01111
BinVal : 15 0 0 0 0
BinVal : 15 1 0 0 0
BinVal : 15 2 0.4044 0.04165 0.04165
BinVal : 15 3 0.4561 0.04605 0.04605
BinVal : 15 4 0.6761 0.02365 0.02365
BinVal : 15 5 0.9434 0.00609 0.00609
BinVal : 15 6 0.9752 0.003158 0.003158
BinVal : 15 7 0.9839 0.001961 0.001961
BinVal : 15 8 0.9889 0.0009704 0.0009704
BinVal : 15 9 0.9917 0.002188 0.002188
BinVal : 15 10 0.997 0.00424 0.00424
BinVal : 15 11 1 0.008196 0.008196
BinVal : 15 12 1 0.01042 0.01042
BinVal : 16 0 0 0 0
BinVal : 16 1 0 0 0
BinVal : 16 2 0.3526 0.03793 0.03793
BinVal : 16 3 0.5702 0.04447 0.04447
BinVal : 16 4 0.6701 0.02389 0.02389
BinVal : 16 5 0.9354 0.006838 0.006838
BinVal : 16 6 0.9763 0.003066 0.003066
BinVal : 16 7 0.986 0.001716 0.001716
BinVal : 16 8 0.9868 0.001066 0.001066
BinVal : 16 9 0.9884 0.002515 0.002515
BinVal : 16 10 0.9968 0.004412 0.004412
BinVal : 16 11 1 0.008928 0.008928
BinVal : 16 12 1 0.01389 0.01389
BinVal : 17 0 0 0 0
BinVal : 17 1 0.02083 0.02744 0.02744
BinVal : 17 2 0.3466 0.03561 0.03561
BinVal : 17 3 0.7015 0.03921 0.03921
BinVal : 17 4 0.6814 0.02522 0.02522
BinVal : 17 5 0.9406 0.007234 0.007234
BinVal : 17 6 0.9731 0.003192 0.003192
BinVal : 17 7 0.9847 0.00172 0.00172
BinVal : 17 8 0.9882 0.001029 0.001029
BinVal : 17 9 0.9892 0.002465 0.002465
BinVal : 17 10 0.9969 0.004292 0.004292
BinVal : 17 11 1 0.009615 0.009615
BinVal : 17 12 1 0.01818 0.01818
BinVal : 18 0 0 0 0
BinVal : 18 1 0.02564 0.03324 0.03324
BinVal : 18 2 0.3432 0.03625 0.03625
BinVal : 18 3 0.6016 0.04364 0.04364
BinVal : 18 4 0.7208 0.02745 0.02745
BinVal : 18 5 0.9317 0.008279 0.008279
BinVal : 18 6 0.9653 0.003691 0.003691
BinVal : 18 7 0.9768 0.002273 0.002273
BinVal : 18 8 0.9842 0.001302 0.001302
BinVal : 18 9 0.9907 0.002555 0.002555
BinVal : 18 10 0.9959 0.005714 0.005714
BinVal : 18 11 1 0.01205 0.01205
BinVal : 18 12 1 0.01724 0.01724
BinVal : 19 0 0 0 0
BinVal : 19 1 0 0 0
BinVal : 19 2 0.3733 0.05486 0.05486
BinVal : 19 3 0.4615 0.06723 0.06723
BinVal : 19 4 0.7925 0.03921 0.03921
BinVal : 19 5 0.9253 0.01261 0.01261
BinVal : 19 6 0.9593 0.005921 0.005921
BinVal : 19 7 0.9705 0.003906 0.003906
BinVal : 19 8 0.9768 0.00247 0.00247
BinVal : 19 9 0.9888 0.004472 0.004472
BinVal : 19 10 1 0.01087 0.01087
BinVal : 19 11 1 0.03029 0.03029
BinVal : 19 12 1 0.03331 0.03331
BinVal : 20 0 0 0 0
BinVal : 20 1 0 0 0
BinVal : 20 2 0 0 0
BinVal : 20 3 0 0 0
BinVal : 20 4 0 0 0
BinVal : 20 5 0 0 0
BinVal : 20 6 0 0 0
BinVal : 20 7 0 0 0
BinVal : 20 8 0 0 0
BinVal : 20 9 0 0 0
BinVal : 20 10 0 0 0
BinVal : 20 11 0 0 0
BinVal : 20 12 0 0 0
BinVal : 21 0 0 0 0
BinVal : 21 1 0 0 0
BinVal : 21 2 0 0 0
BinVal : 21 3 0 0 0
BinVal : 21 4 0 0 0
BinVal : 21 5 0 0 0
BinVal : 21 6 0 0 0
BinVal : 21 7 0 0 0
BinVal : 21 8 0 0 0
BinVal : 21 9 0 0 0
BinVal : 21 10 0 0 0
BinVal : 21 11 0 0 0
BinVal : 21 12 0 0 0
BinVal : 22 0 0 0 0
BinVal : 22 1 0 0 0
BinVal : 22 2 0.1345 0.02218 0.02218
BinVal : 22 3 0.2186 0.03045 0.03045
BinVal : 22 4 0.6195 0.02207 0.02207
BinVal : 22 5 0.9422 0.006042 0.006042
BinVal : 22 6 0.9645 0.003999 0.003999
BinVal : 22 7 0.9717 0.003153 0.003153
BinVal : 22 8 0.9729 0.002286 0.002286
BinVal : 22 9 0.9803 0.005596 0.005596
BinVal : 22 10 1 0.0101 0.0101
BinVal : 22 11 1 0.02777 0.02777
BinVal : 22 12 1 0.07122 0.07122
BinVal : 23 0 0 0 0
BinVal : 23 1 0 0 0
BinVal : 23 2 0.004902 0.006815 0.006815
BinVal : 23 3 0.03311 0.01564 0.01564
BinVal : 23 4 0.4633 0.025 0.025
BinVal : 23 5 0.9226 0.008182 0.008182
BinVal : 23 6 0.9455 0.005733 0.005733
BinVal : 23 7 0.9586 0.004496 0.004496
BinVal : 23 8 0.9609 0.003524 0.003524
BinVal : 23 9 0.9794 0.007574 0.007574
BinVal : 23 10 1 0.01538 0.01538
BinVal : 23 11 1 0.07666 0.07666
BinVal : 23 12 1 0.1936 0.1936
BinVal : 24 0 0 0 0
BinVal : 24 1 0 0 0
BinVal : 24 2 0 0 0
BinVal : 24 3 0.008696 0.01193 0.01193
BinVal : 24 4 0.3655 0.02815 0.02815
BinVal : 24 5 0.9143 0.009621 0.009621
BinVal : 24 6 0.9377 0.006994 0.006994
BinVal : 24 7 0.9549 0.005819 0.005819
BinVal : 24 8 0.9582 0.00488 0.00488
BinVal : 24 9 0.983 0.01108 0.01108
BinVal : 24 10 1 0.0294 0.0294
BinVal : 24 11 1 0.1102 0.1102
BinVal : 24 12 1 0.1102 0.1102
BinVal : 25 0 0 0 0
BinVal : 25 1 0 0 0
BinVal : 25 2 0 0 0
BinVal : 25 3 0.01053 0.01435 0.01435
BinVal : 25 4 0.307 0.03039 0.03039
BinVal : 25 5 0.8901 0.01148 0.01148
BinVal : 25 6 0.9222 0.008718 0.008718
BinVal : 25 7 0.936 0.008556 0.008556
BinVal : 25 8 0.959 0.005973 0.005973
BinVal : 25 9 0.9725 0.01761 0.01761
BinVal : 25 10 1 0.05871 0.05871
BinVal : 25 11 1 0.1633 0.1633
BinVal : 25 12 1 0.1633 0.1633
BinVal : 26 0 0 0 0
BinVal : 26 1 0 0 0
BinVal : 26 2 0 0 0
BinVal : 26 3 0.01124 0.01529 0.01529
BinVal : 26 4 0.2095 0.02802 0.02802
BinVal : 26 5 0.7629 0.01678 0.01678
BinVal : 26 6 0.851 0.01323 0.01323
BinVal : 26 7 0.8419 0.01654 0.01654
BinVal : 26 8 0.8802 0.01214 0.01214
BinVal : 26 9 0.9855 0.0195 0.0195
BinVal : 26 10 0.6667 0.1614 0.1614
BinVal : 26 11 0.6667 0.1614 0.1614
BinVal : 26 12 0.6667 0.1614 0.1614
BinVal : 27 0 0 0 0
BinVal : 27 1 0 0 0
BinVal : 27 2 0 0 0
BinVal : 27 3 0.01695 0.02262 0.02262
BinVal : 27 4 0.1387 0.02966 0.02966
BinVal : 27 5 0.5947 0.02526 0.02526
BinVal : 27 6 0.736 0.02271 0.02271
BinVal : 27 7 0.6786 0.03104 0.03104
BinVal : 27 8 0.701 0.02673 0.02673
BinVal : 27 9 1 0.04343 0.04343
BinVal : 27 10 0.3333 0.2 0.2
BinVal : 27 11 0.3333 0.2 0.2
BinVal : 27 12 0.3333 0.2 0.2
BinVal : 28 0 0 0 0
BinVal : 28 1 0 0 0
BinVal : 28 2 0 0 0
BinVal : 28 3 0 0 0
BinVal : 28 4 0.1034 0.05926 0.05926
BinVal : 28 5 0.3784 0.05536 0.05536
BinVal : 28 6 0.4697 0.06009 0.06009
BinVal : 28 7 0.5192 0.06737 0.06737
BinVal : 28 8 0.4565 0.07118 0.07118
BinVal : 28 9 1 0.2357 0.2357
BinVal : 28 10 1 0.2357 0.2357
BinVal : 28 11 1 0.2357 0.2357
BinVal : 28 12 1 0.2357 0.2357
 





