D0NoteID : 0
EffName : SINGLEELE_AND_EJETS_v811
EffType : Binned
EffVarNames : DetEta pT
EffVersion : 6
ObjQuality : Medium
ObjType : Electron
ObjVersion : 12
BinEdgesX : -3.2 -2.8 -2.5 -2.3 -2.1 -1.9 -1.7 -1.5 -1.3 -1.1 -0.9 -0.7 -0.5 -0.3 -0.1 0.1 0.3 0.5 0.7 0.9 1.1 1.3 1.5 1.7 1.9 2.1 2.3 2.5 2.8 3.2
BinEdgesY : 0 10 15 20 22 25 30 35 40 50 60 70 80 1000
BinVal : 0 0 0 0 0
BinVal : 0 1 0 0 0
BinVal : 0 2 0 0 0
BinVal : 0 3 0.6667 0.2 0.2
BinVal : 0 4 0.5 0.1213 0.1213
BinVal : 0 5 0.6087 0.09608 0.09608
BinVal : 0 6 0.6 0.09286 0.09286
BinVal : 0 7 0.6667 0.1389 0.1389
BinVal : 0 8 0.9286 0.08021 0.08021
BinVal : 0 9 0.9286 0.08021 0.08021
BinVal : 0 10 0.9286 0.08021 0.08021
BinVal : 0 11 0.9286 0.08021 0.08021
BinVal : 0 12 0.9286 0.08021 0.08021
BinVal : 1 0 0 0 0
BinVal : 1 1 0 0 0
BinVal : 1 2 0 0 0
BinVal : 1 3 0.4286 0.1571 0.1571
BinVal : 1 4 0.5652 0.09735 0.09735
BinVal : 1 5 0.6923 0.0718 0.0718
BinVal : 1 6 0.7561 0.06578 0.06578
BinVal : 1 7 0.7826 0.08376 0.08376
BinVal : 1 8 0.9143 0.05037 0.05037
BinVal : 1 9 1 0.1936 0.1936
BinVal : 1 10 1 0.1936 0.1936
BinVal : 1 11 1 0.1936 0.1936
BinVal : 1 12 1 0.1936 0.1936
BinVal : 2 0 0 0 0
BinVal : 2 1 0 0 0
BinVal : 2 2 0 0 0
BinVal : 2 3 0.2 0.1597 0.1597
BinVal : 2 4 0.3889 0.1069 0.1069
BinVal : 2 5 0.7447 0.06244 0.06244
BinVal : 2 6 0.8864 0.04912 0.04912
BinVal : 2 7 0.9556 0.03528 0.03528
BinVal : 2 8 0.9286 0.03654 0.03654
BinVal : 2 9 1 0.1237 0.1237
BinVal : 2 10 1 0.2357 0.2357
BinVal : 2 11 1 0.2357 0.2357
BinVal : 2 12 1 0.2357 0.2357
BinVal : 3 0 0 0 0
BinVal : 3 1 0 0 0
BinVal : 3 2 0 0 0
BinVal : 3 3 0 0 0
BinVal : 3 4 0.4375 0.114 0.114
BinVal : 3 5 0.8 0.0561 0.0561
BinVal : 3 6 0.8451 0.04308 0.04308
BinVal : 3 7 0.9375 0.03233 0.03233
BinVal : 3 8 0.931 0.02838 0.02838
BinVal : 3 9 1 0.0665 0.0665
BinVal : 3 10 1 0.2357 0.2357
BinVal : 3 11 1 0.2357 0.2357
BinVal : 3 12 1 0.2357 0.2357
BinVal : 4 0 0 0 0
BinVal : 4 1 0 0 0
BinVal : 4 2 0.1333 0.08985 0.08985
BinVal : 4 3 0.1429 0.1315 0.1315
BinVal : 4 4 0.64 0.09126 0.09126
BinVal : 4 5 0.881 0.05116 0.05116
BinVal : 4 6 0.8148 0.04304 0.04304
BinVal : 4 7 0.9242 0.03415 0.03415
BinVal : 4 8 0.9313 0.02278 0.02278
BinVal : 4 9 1 0.05546 0.05546
BinVal : 4 10 1 0.2357 0.2357
BinVal : 4 11 1 0.2357 0.2357
BinVal : 4 12 1 0.2357 0.2357
BinVal : 5 0 0 0 0
BinVal : 5 1 0 0 0
BinVal : 5 2 0.2 0.1201 0.1201
BinVal : 5 3 0.3333 0.1614 0.1614
BinVal : 5 4 0.6667 0.09156 0.09156
BinVal : 5 5 0.9286 0.04285 0.04285
BinVal : 5 6 0.875 0.03741 0.03741
BinVal : 5 7 0.9667 0.02115 0.02115
BinVal : 5 8 0.9402 0.01797 0.01797
BinVal : 5 9 1 0.04343 0.04343
BinVal : 5 10 1 0.1633 0.1633
BinVal : 5 11 1 0.1936 0.1936
BinVal : 5 12 1 0.1936 0.1936
BinVal : 6 0 0 0 0
BinVal : 6 1 0 0 0
BinVal : 6 2 0 0 0
BinVal : 6 3 0.3333 0.2 0.2
BinVal : 6 4 0.75 0.1382 0.1382
BinVal : 6 5 0.9545 0.05528 0.05528
BinVal : 6 6 0.9535 0.03678 0.03678
BinVal : 6 7 0.9649 0.02836 0.02836
BinVal : 6 8 0.9434 0.02358 0.02358
BinVal : 6 9 1 0.05871 0.05871
BinVal : 6 10 1 0.1936 0.1936
BinVal : 6 11 1 0.1936 0.1936
BinVal : 6 12 1 0.1936 0.1936
BinVal : 7 0 0 0 0
BinVal : 7 1 0 0 0
BinVal : 7 2 0 0 0
BinVal : 7 3 0 0 0
BinVal : 7 4 0 0 0
BinVal : 7 5 0 0 0
BinVal : 7 6 0 0 0
BinVal : 7 7 0 0 0
BinVal : 7 8 0 0 0
BinVal : 7 9 0 0 0
BinVal : 7 10 0 0 0
BinVal : 7 11 0 0 0
BinVal : 7 12 0 0 0
BinVal : 8 0 0 0 0
BinVal : 8 1 0 0 0
BinVal : 8 2 0 0 0
BinVal : 8 3 0 0 0
BinVal : 8 4 0 0 0
BinVal : 8 5 0 0 0
BinVal : 8 6 0 0 0
BinVal : 8 7 0 0 0
BinVal : 8 8 0 0 0
BinVal : 8 9 0 0 0
BinVal : 8 10 0 0 0
BinVal : 8 11 0 0 0
BinVal : 8 12 0 0 0
BinVal : 9 0 0 0 0
BinVal : 9 1 0 0 0
BinVal : 9 2 0 0 0
BinVal : 9 3 0 0 0
BinVal : 9 4 0.2222 0.1286 0.1286
BinVal : 9 5 0.7 0.09712 0.09712
BinVal : 9 6 0.908 0.03178 0.03178
BinVal : 9 7 0.9615 0.01806 0.01806
BinVal : 9 8 0.9612 0.01319 0.01319
BinVal : 9 9 0.9231 0.05743 0.05743
BinVal : 9 10 1 0.09938 0.09938
BinVal : 9 11 1 0.1936 0.1936
BinVal : 9 12 1 0.2357 0.2357
BinVal : 10 0 0 0 0
BinVal : 10 1 0 0 0
BinVal : 10 2 0 0 0
BinVal : 10 3 0 0 0
BinVal : 10 4 0.3636 0.13 0.13
BinVal : 10 5 0.8529 0.06127 0.06127
BinVal : 10 6 0.9091 0.02957 0.02957
BinVal : 10 7 0.9581 0.01629 0.01629
BinVal : 10 8 0.9734 0.009737 0.009737
BinVal : 10 9 0.9362 0.03872 0.03872
BinVal : 10 10 1 0.09045 0.09045
BinVal : 10 11 1 0.1936 0.1936
BinVal : 10 12 1 0.2357 0.2357
BinVal : 11 0 0 0 0
BinVal : 11 1 0 0 0
BinVal : 11 2 0 0 0
BinVal : 11 3 0 0 0
BinVal : 11 4 0.3125 0.1081 0.1081
BinVal : 11 5 0.9318 0.0411 0.0411
BinVal : 11 6 0.9059 0.03246 0.03246
BinVal : 11 7 0.9467 0.01908 0.01908
BinVal : 11 8 0.9666 0.01026 0.01026
BinVal : 11 9 0.9649 0.02836 0.02836
BinVal : 11 10 1 0.1102 0.1102
BinVal : 11 11 1 0.1409 0.1409
BinVal : 11 12 1 0.2357 0.2357
BinVal : 12 0 0 0 0
BinVal : 12 1 0 0 0
BinVal : 12 2 0 0 0
BinVal : 12 3 0 0 0
BinVal : 12 4 0.4118 0.1104 0.1104
BinVal : 12 5 0.9074 0.04097 0.04097
BinVal : 12 6 0.9367 0.02892 0.02892
BinVal : 12 7 0.9675 0.01746 0.01746
BinVal : 12 8 0.9587 0.01109 0.01109
BinVal : 12 9 1 0.02127 0.02127
BinVal : 12 10 1 0.09938 0.09938
BinVal : 12 11 1 0.1237 0.1237
BinVal : 12 12 1 0.1633 0.1633
BinVal : 13 0 0 0 0
BinVal : 13 1 0 0 0
BinVal : 13 2 0 0 0
BinVal : 13 3 0 0 0
BinVal : 13 4 0.8571 0.09466 0.09466
BinVal : 13 5 0.8955 0.03827 0.03827
BinVal : 13 6 0.9551 0.02376 0.02376
BinVal : 13 7 0.9397 0.02305 0.02305
BinVal : 13 8 0.9662 0.0099 0.0099
BinVal : 13 9 0.9545 0.03602 0.03602
BinVal : 13 10 1 0.1102 0.1102
BinVal : 13 11 1 0.1409 0.1409
BinVal : 13 12 1 0.1409 0.1409
BinVal : 14 0 0 0 0
BinVal : 14 1 0 0 0
BinVal : 14 2 0 0 0
BinVal : 14 3 0.25 0.1782 0.1782
BinVal : 14 4 0.7333 0.1074 0.1074
BinVal : 14 5 0.9167 0.03725 0.03725
BinVal : 14 6 0.9394 0.02515 0.02515
BinVal : 14 7 0.9297 0.02328 0.02328
BinVal : 14 8 0.9456 0.01236 0.01236
BinVal : 14 9 0.9412 0.03595 0.03595
BinVal : 14 10 1 0.08299 0.08299
BinVal : 14 11 1 0.1633 0.1633
BinVal : 14 12 1 0.1409 0.1409
BinVal : 15 0 0 0 0
BinVal : 15 1 0 0 0
BinVal : 15 2 0 0 0
BinVal : 15 3 0.25 0.1782 0.1782
BinVal : 15 4 0.4706 0.1116 0.1116
BinVal : 15 5 0.9583 0.03325 0.03325
BinVal : 15 6 0.8878 0.03233 0.03233
BinVal : 15 7 0.9861 0.0117 0.0117
BinVal : 15 8 0.9176 0.01504 0.01504
BinVal : 15 9 0.9512 0.03841 0.03841
BinVal : 15 10 1 0.08299 0.08299
BinVal : 15 11 1 0.1936 0.1936
BinVal : 15 12 1 0.1409 0.1409
BinVal : 16 0 0 0 0
BinVal : 16 1 0 0 0
BinVal : 16 2 0 0 0
BinVal : 16 3 0 0 0
BinVal : 16 4 0.25 0.08536 0.08536
BinVal : 16 5 0.925 0.04476 0.04476
BinVal : 16 6 0.8889 0.03204 0.03204
BinVal : 16 7 0.9688 0.01479 0.01479
BinVal : 16 8 0.921 0.01502 0.01502
BinVal : 16 9 0.95 0.03927 0.03927
BinVal : 16 10 1 0.09938 0.09938
BinVal : 16 11 1 0.1409 0.1409
BinVal : 16 12 1 0.1633 0.1633
BinVal : 17 0 0 0 0
BinVal : 17 1 0 0 0
BinVal : 17 2 0 0 0
BinVal : 17 3 0 0 0
BinVal : 17 4 0.1905 0.0842 0.0842
BinVal : 17 5 0.878 0.05224 0.05224
BinVal : 17 6 0.9327 0.02554 0.02554
BinVal : 17 7 0.9281 0.0214 0.0214
BinVal : 17 8 0.9398 0.01326 0.01326
BinVal : 17 9 0.9512 0.03841 0.03841
BinVal : 17 10 1 0.0665 0.0665
BinVal : 17 11 1 0.09938 0.09938
BinVal : 17 12 1 0.1633 0.1633
BinVal : 18 0 0 0 0
BinVal : 18 1 0 0 0
BinVal : 18 2 0 0 0
BinVal : 18 3 0 0 0
BinVal : 18 4 0.1765 0.09116 0.09116
BinVal : 18 5 0.8718 0.05454 0.05454
BinVal : 18 6 0.9205 0.02983 0.02983
BinVal : 18 7 0.9058 0.02526 0.02526
BinVal : 18 8 0.9456 0.0135 0.0135
BinVal : 18 9 0.973 0.03488 0.03488
BinVal : 18 10 1 0.08299 0.08299
BinVal : 18 11 1 0.1409 0.1409
BinVal : 18 12 1 0.1936 0.1936
BinVal : 19 0 0 0 0
BinVal : 19 1 0 0 0
BinVal : 19 2 0 0 0
BinVal : 19 3 0 0 0
BinVal : 19 4 0.1 0.1034 0.1034
BinVal : 19 5 0.8824 0.08154 0.08154
BinVal : 19 6 0.8889 0.05413 0.05413
BinVal : 19 7 0.8986 0.03726 0.03726
BinVal : 19 8 0.9402 0.02286 0.02286
BinVal : 19 9 1 0.04343 0.04343
BinVal : 19 10 1 0.1936 0.1936
BinVal : 19 11 1 0.1936 0.1936
BinVal : 19 12 1 0.1936 0.1936
BinVal : 20 0 0 0 0
BinVal : 20 1 0 0 0
BinVal : 20 2 0 0 0
BinVal : 20 3 0 0 0
BinVal : 20 4 0 0 0
BinVal : 20 5 0 0 0
BinVal : 20 6 0 0 0
BinVal : 20 7 0 0 0
BinVal : 20 8 0 0 0
BinVal : 20 9 0 0 0
BinVal : 20 10 0 0 0
BinVal : 20 11 0 0 0
BinVal : 20 12 0 0 0
BinVal : 21 0 0 0 0
BinVal : 21 1 0 0 0
BinVal : 21 2 0 0 0
BinVal : 21 3 0 0 0
BinVal : 21 4 0 0 0
BinVal : 21 5 0 0 0
BinVal : 21 6 0 0 0
BinVal : 21 7 0 0 0
BinVal : 21 8 0 0 0
BinVal : 21 9 0 0 0
BinVal : 21 10 0 0 0
BinVal : 21 11 0 0 0
BinVal : 21 12 0 0 0
BinVal : 22 0 0 0 0
BinVal : 22 1 0 0 0
BinVal : 22 2 0 0 0
BinVal : 22 3 0 0 0
BinVal : 22 4 0.2759 0.08024 0.08024
BinVal : 22 5 0.7931 0.05275 0.05275
BinVal : 22 6 0.9255 0.02806 0.02806
BinVal : 22 7 0.9286 0.02515 0.02515
BinVal : 22 8 0.912 0.01951 0.01951
BinVal : 22 9 0.8696 0.0719 0.0719
BinVal : 22 10 1 0.1633 0.1633
BinVal : 22 11 1 0.1409 0.1409
BinVal : 22 12 1 0.1409 0.1409
BinVal : 23 0 0 0 0
BinVal : 23 1 0 0 0
BinVal : 23 2 0 0 0
BinVal : 23 3 0 0 0
BinVal : 23 4 0.3333 0.1041 0.1041
BinVal : 23 5 0.6724 0.06036 0.06036
BinVal : 23 6 0.9091 0.02957 0.02957
BinVal : 23 7 0.9271 0.02752 0.02752
BinVal : 23 8 0.9304 0.02076 0.02076
BinVal : 23 9 0.9474 0.06258 0.06258
BinVal : 23 10 1 0.1633 0.1633
BinVal : 23 11 1 0.1936 0.1936
BinVal : 23 12 1 0.1936 0.1936
BinVal : 24 0 0 0 0
BinVal : 24 1 0 0 0
BinVal : 24 2 0 0 0
BinVal : 24 3 0.1538 0.1 0.1
BinVal : 24 4 0.2381 0.08963 0.08963
BinVal : 24 5 0.629 0.06005 0.06005
BinVal : 24 6 0.9326 0.02778 0.02778
BinVal : 24 7 0.9286 0.03235 0.03235
BinVal : 24 8 0.9292 0.02494 0.02494
BinVal : 24 9 1 0.07122 0.07122
BinVal : 24 10 1 0.1633 0.1633
BinVal : 24 11 1 0.1633 0.1633
BinVal : 24 12 1 0.1633 0.1633
BinVal : 25 0 0 0 0
BinVal : 25 1 0 0 0
BinVal : 25 2 0 0 0
BinVal : 25 3 0.25 0.1382 0.1382
BinVal : 25 4 0.3333 0.09722 0.09722
BinVal : 25 5 0.7451 0.06 0.06
BinVal : 25 6 0.9322 0.03484 0.03484
BinVal : 25 7 0.925 0.04476 0.04476
BinVal : 25 8 0.9403 0.03099 0.03099
BinVal : 25 9 1 0.1102 0.1102
BinVal : 25 10 1 0.1936 0.1936
BinVal : 25 11 1 0.1936 0.1936
BinVal : 25 12 1 0.1936 0.1936
BinVal : 26 0 0 0 0
BinVal : 26 1 0 0 0
BinVal : 26 2 0 0 0
BinVal : 26 3 0 0 0
BinVal : 26 4 0.25 0.1028 0.1028
BinVal : 26 5 0.7179 0.07021 0.07021
BinVal : 26 6 0.8511 0.05227 0.05227
BinVal : 26 7 0.8667 0.06321 0.06321
BinVal : 26 8 0.9 0.05757 0.05757
BinVal : 26 9 1 0.1409 0.1409
BinVal : 26 10 1 0.2357 0.2357
BinVal : 26 11 1 0.2357 0.2357
BinVal : 26 12 1 0.2357 0.2357
BinVal : 27 0 0 0 0
BinVal : 27 1 0 0 0
BinVal : 27 2 0 0 0
BinVal : 27 3 0.2 0.1597 0.1597
BinVal : 27 4 0.1176 0.08154 0.08154
BinVal : 27 5 0.4375 0.114 0.114
BinVal : 27 6 0.75 0.08536 0.08536
BinVal : 27 7 0.7143 0.1124 0.1124
BinVal : 27 8 0.7273 0.1234 0.1234
BinVal : 27 9 1 0.2357 0.2357
BinVal : 27 10 1 0.2357 0.2357
BinVal : 27 11 1 0.2357 0.2357
BinVal : 27 12 1 0.2357 0.2357
BinVal : 28 0 0 0 0
BinVal : 28 1 0 0 0
BinVal : 28 2 0 0 0
BinVal : 28 3 0.25 0.1782 0.1782
BinVal : 28 4 0.25 0.1782 0.1782
BinVal : 28 5 0.25 0.1782 0.1782
BinVal : 28 6 0.25 0.1782 0.1782
BinVal : 28 7 0.25 0.1782 0.1782
BinVal : 28 8 0.25 0.1782 0.1782
BinVal : 28 9 0.25 0.1782 0.1782
BinVal : 28 10 0.25 0.1782 0.1782
BinVal : 28 11 0.25 0.1782 0.1782
BinVal : 28 12 0.25 0.1782 0.1782
