D0NoteID : 0
EffName : SINGLEELE_ALL_v13
EffType : Binned
EffVarNames : DetEta pT
EffVersion : 6
ObjQuality : Point05
ObjType : Electron
ObjVersion : 3
TriggerVersion : v13
BinEdgesX : -3.2 -2.8 -2.5 -2.3 -2.1 -1.9 -1.7 -1.5 -1.3 -1.1 -0.9 -0.7 -0.5 -0.3 -0.1 0.1 0.3 0.5 0.7 0.9 1.1 1.3 1.5 1.7 1.9 2.1 2.3 2.5 2.8 3.2
BinEdgesY : 0 10 15 20 22 25 30 35 40 50 60 70 80 1000
BinVal : 0 0 0 0 0
BinVal : 0 1 0 0 0
BinVal : 0 2 0 0 0
BinVal : 0 3 0 0 0
BinVal : 0 4 0.2857 0.1491 0.1491
BinVal : 0 5 0.5263 0.1065 0.1065
BinVal : 0 6 0.6429 0.1174 0.1174
BinVal : 0 7 0.875 0.1206 0.1206
BinVal : 0 8 1 0.05546 0.05546
BinVal : 0 9 1 0.05546 0.05546
BinVal : 0 10 1 0.05546 0.05546
BinVal : 0 11 1 0.05546 0.05546
BinVal : 0 12 1 0.05546 0.05546
BinVal : 1 0 0 0 0
BinVal : 1 1 0 0 0
BinVal : 1 2 0 0 0
BinVal : 1 3 0 0 0
BinVal : 1 4 0.3333 0.1614 0.1614
BinVal : 1 5 0.4688 0.08437 0.08437
BinVal : 1 6 0.5667 0.08636 0.08636
BinVal : 1 7 1 0.03843 0.03843
BinVal : 1 8 1 0.02631 0.02631
BinVal : 1 9 1 0.02631 0.02631
BinVal : 1 10 1 0.02631 0.02631
BinVal : 1 11 1 0.02631 0.02631
BinVal : 1 12 1 0.02631 0.02631
BinVal : 2 0 0 0 0
BinVal : 2 1 0 0 0
BinVal : 2 2 0.09091 0.09643 0.09643
BinVal : 2 3 0.125 0.1206 0.1206
BinVal : 2 4 0.5714 0.1571 0.1571
BinVal : 2 5 0.5263 0.07799 0.07799
BinVal : 2 6 0.6757 0.07454 0.07454
BinVal : 2 7 1 0.03224 0.03224
BinVal : 2 8 1 0.02438 0.02438
BinVal : 2 9 1 0.1936 0.1936
BinVal : 2 10 1 0.1936 0.1936
BinVal : 2 11 1 0.1936 0.1936
BinVal : 2 12 1 0.2357 0.2357
BinVal : 3 0 0 0 0
BinVal : 3 1 0 0 0
BinVal : 3 2 0.08333 0.09035 0.09035
BinVal : 3 3 0.2727 0.1234 0.1234
BinVal : 3 4 0.6429 0.1174 0.1174
BinVal : 3 5 0.5349 0.07356 0.07356
BinVal : 3 6 0.8696 0.05042 0.05042
BinVal : 3 7 0.9474 0.04113 0.04113
BinVal : 3 8 1 0.0204 0.0204
BinVal : 3 9 1 0.08299 0.08299
BinVal : 3 10 1 0.2357 0.2357
BinVal : 3 11 1 0.2357 0.2357
BinVal : 3 12 1 0.2357 0.2357
BinVal : 4 0 0 0 0
BinVal : 4 1 0 0 0
BinVal : 4 2 0 0 0
BinVal : 4 3 0.25 0.1166 0.1166
BinVal : 4 4 0.45 0.1038 0.1038
BinVal : 4 5 0.4706 0.08207 0.08207
BinVal : 4 6 0.88 0.04688 0.04688
BinVal : 4 7 0.9718 0.02308 0.02308
BinVal : 4 8 1 0.01087 0.01087
BinVal : 4 9 1 0.04756 0.04756
BinVal : 4 10 1 0.2357 0.2357
BinVal : 4 11 1 0.2357 0.2357
BinVal : 4 12 1 0.2357 0.2357
BinVal : 5 0 0 0 0
BinVal : 5 1 0 0 0
BinVal : 5 2 0.1667 0.1443 0.1443
BinVal : 5 3 0.3333 0.1389 0.1389
BinVal : 5 4 0.4737 0.1065 0.1065
BinVal : 5 5 0.625 0.08214 0.08214
BinVal : 5 6 0.8983 0.04048 0.04048
BinVal : 5 7 1 0.01042 0.01042
BinVal : 5 8 1 0.006757 0.006757
BinVal : 5 9 1 0.04993 0.04993
BinVal : 5 10 1 0.1633 0.1633
BinVal : 5 11 1 0.1633 0.1633
BinVal : 5 12 1 0.1633 0.1633
BinVal : 6 0 0 0 0
BinVal : 6 1 0 0 0
BinVal : 6 2 0.3333 0.2 0.2
BinVal : 6 3 0.5 0.189 0.189
BinVal : 6 4 0.8333 0.1443 0.1443
BinVal : 6 5 0.7222 0.1 0.1
BinVal : 6 6 0.9412 0.04544 0.04544
BinVal : 6 7 1 0.01923 0.01923
BinVal : 6 8 1 0.01149 0.01149
BinVal : 6 9 1 0.1102 0.1102
BinVal : 6 10 1 0.1633 0.1633
BinVal : 6 11 1 0.1633 0.1633
BinVal : 6 12 1 0.1633 0.1633
BinVal : 7 0 0 0 0
BinVal : 7 1 0 0 0
BinVal : 7 2 0 0 0
BinVal : 7 3 0 0 0
BinVal : 7 4 0 0 0
BinVal : 7 5 0 0 0
BinVal : 7 6 0 0 0
BinVal : 7 7 0 0 0
BinVal : 7 8 0 0 0
BinVal : 7 9 0 0 0
BinVal : 7 10 0 0 0
BinVal : 7 11 0 0 0
BinVal : 7 12 0 0 0
BinVal : 8 0 0 0 0
BinVal : 8 1 0 0 0
BinVal : 8 2 0 0 0
BinVal : 8 3 0 0 0
BinVal : 8 4 0 0 0
BinVal : 8 5 0 0 0
BinVal : 8 6 0 0 0
BinVal : 8 7 0 0 0
BinVal : 8 8 0 0 0
BinVal : 8 9 0 0 0
BinVal : 8 10 0 0 0
BinVal : 8 11 0 0 0
BinVal : 8 12 0 0 0
BinVal : 9 0 0 0 0
BinVal : 9 1 0 0 0
BinVal : 9 2 0.4 0.175 0.175
BinVal : 9 3 1 0.1936 0.1936
BinVal : 9 4 1 0.1237 0.1237
BinVal : 9 5 0.931 0.05226 0.05226
BinVal : 9 6 0.878 0.05224 0.05224
BinVal : 9 7 0.9904 0.01315 0.01315
BinVal : 9 8 0.9953 0.006593 0.006593
BinVal : 9 9 1 0.0294 0.0294
BinVal : 9 10 1 0.09045 0.09045
BinVal : 9 11 1 0.1936 0.1936
BinVal : 9 12 1 0.2357 0.2357
BinVal : 10 0 0 0 0
BinVal : 10 1 0 0 0
BinVal : 10 2 0.1667 0.1443 0.1443
BinVal : 10 3 0.6 0.175 0.175
BinVal : 10 4 1 0.07666 0.07666
BinVal : 10 5 0.875 0.05986 0.05986
BinVal : 10 6 0.9608 0.03145 0.03145
BinVal : 10 7 1 0.008928 0.008928
BinVal : 10 8 0.9962 0.005367 0.005367
BinVal : 10 9 1 0.0204 0.0204
BinVal : 10 10 1 0.08299 0.08299
BinVal : 10 11 1 0.1633 0.1633
BinVal : 10 12 1 0.2357 0.2357
BinVal : 11 0 0 0 0
BinVal : 11 1 0 0 0
BinVal : 11 2 0.3333 0.2 0.2
BinVal : 11 3 0.4286 0.1571 0.1571
BinVal : 11 4 0.9231 0.08498 0.08498
BinVal : 11 5 0.8929 0.06105 0.06105
BinVal : 11 6 0.9796 0.02692 0.02692
BinVal : 11 7 1 0.008849 0.008849
BinVal : 11 8 0.9963 0.00519 0.00519
BinVal : 11 9 1 0.01818 0.01818
BinVal : 11 10 1 0.08299 0.08299
BinVal : 11 11 1 0.1633 0.1633
BinVal : 11 12 1 0.1633 0.1633
BinVal : 12 0 0 0 0
BinVal : 12 1 0 0 0
BinVal : 12 2 0 0 0
BinVal : 12 3 0.3333 0.2 0.2
BinVal : 12 4 0.9231 0.08498 0.08498
BinVal : 12 5 0.9444 0.04318 0.04318
BinVal : 12 6 0.9362 0.03872 0.03872
BinVal : 12 7 0.9906 0.01291 0.01291
BinVal : 12 8 1 0.003425 0.003425
BinVal : 12 9 1 0.01587 0.01587
BinVal : 12 10 1 0.06236 0.06236
BinVal : 12 11 1 0.1936 0.1936
BinVal : 12 12 1 0.2357 0.2357
BinVal : 13 0 0 0 0
BinVal : 13 1 0 0 0
BinVal : 13 2 0 0 0
BinVal : 13 3 0 0 0
BinVal : 13 4 1 0.08299 0.08299
BinVal : 13 5 0.9375 0.03799 0.03799
BinVal : 13 6 0.9444 0.03411 0.03411
BinVal : 13 7 0.9894 0.0145 0.0145
BinVal : 13 8 1 0.003367 0.003367
BinVal : 13 9 1 0.01818 0.01818
BinVal : 13 10 1 0.06236 0.06236
BinVal : 13 11 1 0.2357 0.2357
BinVal : 13 12 1 0.1633 0.1633
BinVal : 14 0 0 0 0
BinVal : 14 1 0 0 0
BinVal : 14 2 0 0 0
BinVal : 14 3 1 0.2357 0.2357
BinVal : 14 4 1 0.09045 0.09045
BinVal : 14 5 0.95 0.03927 0.03927
BinVal : 14 6 0.9167 0.03725 0.03725
BinVal : 14 7 1 0.009345 0.009345
BinVal : 14 8 1 0.003484 0.003484
BinVal : 14 9 1 0.02173 0.02173
BinVal : 14 10 1 0.08299 0.08299
BinVal : 14 11 1 0.2357 0.2357
BinVal : 14 12 1 0.1237 0.1237
BinVal : 15 0 0 0 0
BinVal : 15 1 0 0 0
BinVal : 15 2 0 0 0
BinVal : 15 3 0.6667 0.2 0.2
BinVal : 15 4 0.8889 0.1113 0.1113
BinVal : 15 5 0.9615 0.04782 0.04782
BinVal : 15 6 0.9242 0.03415 0.03415
BinVal : 15 7 1 0.009434 0.009434
BinVal : 15 8 1 0.003521 0.003521
BinVal : 15 9 1 0.02222 0.02222
BinVal : 15 10 1 0.1409 0.1409
BinVal : 15 11 1 0.1936 0.1936
BinVal : 15 12 1 0.1102 0.1102
BinVal : 16 0 0 0 0
BinVal : 16 1 0 0 0
BinVal : 16 2 0.8 0.1597 0.1597
BinVal : 16 3 0.5 0.2236 0.2236
BinVal : 16 4 0.875 0.1206 0.1206
BinVal : 16 5 0.9259 0.0556 0.0556
BinVal : 16 6 0.9722 0.02277 0.02277
BinVal : 16 7 0.9789 0.01749 0.01749
BinVal : 16 8 1 0.003831 0.003831
BinVal : 16 9 1 0.02222 0.02222
BinVal : 16 10 1 0.1633 0.1633
BinVal : 16 11 1 0.1633 0.1633
BinVal : 16 12 1 0.1409 0.1409
BinVal : 17 0 0 0 0
BinVal : 17 1 0 0 0
BinVal : 17 2 0.8571 0.1315 0.1315
BinVal : 17 3 1 0.2357 0.2357
BinVal : 17 4 0.8333 0.1443 0.1443
BinVal : 17 5 0.8214 0.07184 0.07184
BinVal : 17 6 0.9836 0.02192 0.02192
BinVal : 17 7 0.9626 0.01995 0.01995
BinVal : 17 8 1 0.004082 0.004082
BinVal : 17 9 1 0.02 0.02
BinVal : 17 10 1 0.1237 0.1237
BinVal : 17 11 1 0.1633 0.1633
BinVal : 17 12 1 0.1633 0.1633
BinVal : 18 0 0 0 0
BinVal : 18 1 0.3333 0.2 0.2
BinVal : 18 2 0.375 0.1477 0.1477
BinVal : 18 3 0.5 0.2236 0.2236
BinVal : 18 4 0.75 0.1382 0.1382
BinVal : 18 5 0.7778 0.09449 0.09449
BinVal : 18 6 0.9783 0.02855 0.02855
BinVal : 18 7 0.9808 0.01603 0.01603
BinVal : 18 8 0.9951 0.006815 0.006815
BinVal : 18 9 1 0.02856 0.02856
BinVal : 18 10 1 0.1409 0.1409
BinVal : 18 11 1 0.1936 0.1936
BinVal : 18 12 1 0.1633 0.1633
BinVal : 19 0 0 0 0
BinVal : 19 1 0.3333 0.2 0.2
BinVal : 19 2 0.2 0.1597 0.1597
BinVal : 19 3 0.2 0.1597 0.1597
BinVal : 19 4 0.8 0.1597 0.1597
BinVal : 19 5 1 0.1633 0.1633
BinVal : 19 6 0.9524 0.05752 0.05752
BinVal : 19 7 1 0.01923 0.01923
BinVal : 19 8 0.9891 0.01481 0.01481
BinVal : 19 9 1 0.07666 0.07666
BinVal : 19 10 1 0.2357 0.2357
BinVal : 19 11 1 0.2357 0.2357
BinVal : 19 12 1 0.2357 0.2357
BinVal : 20 0 0 0 0
BinVal : 20 1 0 0 0
BinVal : 20 2 0 0 0
BinVal : 20 3 0 0 0
BinVal : 20 4 0 0 0
BinVal : 20 5 0 0 0
BinVal : 20 6 0 0 0
BinVal : 20 7 0 0 0
BinVal : 20 8 0 0 0
BinVal : 20 9 0 0 0
BinVal : 20 10 0 0 0
BinVal : 20 11 0 0 0
BinVal : 20 12 0 0 0
BinVal : 21 0 0 0 0
BinVal : 21 1 0 0 0
BinVal : 21 2 0 0 0
BinVal : 21 3 0 0 0
BinVal : 21 4 0 0 0
BinVal : 21 5 0 0 0
BinVal : 21 6 0 0 0
BinVal : 21 7 0 0 0
BinVal : 21 8 0 0 0
BinVal : 21 9 0 0 0
BinVal : 21 10 0 0 0
BinVal : 21 11 0 0 0
BinVal : 21 12 0 0 0
BinVal : 22 0 0 0 0
BinVal : 22 1 0 0 0
BinVal : 22 2 0 0 0
BinVal : 22 3 0.4286 0.1571 0.1571
BinVal : 22 4 0.4667 0.1176 0.1176
BinVal : 22 5 0.6939 0.06435 0.06435
BinVal : 22 6 0.8049 0.06133 0.06133
BinVal : 22 7 0.9877 0.01673 0.01673
BinVal : 22 8 1 0.008064 0.008064
BinVal : 22 9 1 0.07666 0.07666
BinVal : 22 10 1 0.07666 0.07666
BinVal : 22 11 1 0.07666 0.07666
BinVal : 22 12 1 0.2357 0.2357
BinVal : 23 0 0 0 0
BinVal : 23 1 0 0 0
BinVal : 23 2 0 0 0
BinVal : 23 3 0.4286 0.1571 0.1571
BinVal : 23 4 0.3529 0.1079 0.1079
BinVal : 23 5 0.5577 0.067 0.067
BinVal : 23 6 0.8409 0.05529 0.05529
BinVal : 23 7 0.987 0.01756 0.01756
BinVal : 23 8 1 0.01176 0.01176
BinVal : 23 9 1 0.09938 0.09938
BinVal : 23 10 1 0.2357 0.2357
BinVal : 23 11 1 0.2357 0.2357
BinVal : 23 12 1 0.2357 0.2357
BinVal : 24 0 0 0 0
BinVal : 24 1 0 0 0
BinVal : 24 2 0 0 0
BinVal : 24 3 0.25 0.1782 0.1782
BinVal : 24 4 0.4545 0.1332 0.1332
BinVal : 24 5 0.5957 0.06951 0.06951
BinVal : 24 6 0.8293 0.05867 0.05867
BinVal : 24 7 0.9825 0.02336 0.02336
BinVal : 24 8 1 0.0147 0.0147
BinVal : 24 9 1 0.09045 0.09045
BinVal : 24 10 1 0.2357 0.2357
BinVal : 24 11 1 0.2357 0.2357
BinVal : 24 12 1 0.2357 0.2357
BinVal : 25 0 0 0 0
BinVal : 25 1 0 0 0
BinVal : 25 2 0 0 0
BinVal : 25 3 0 0 0
BinVal : 25 4 0.5455 0.1332 0.1332
BinVal : 25 5 0.6667 0.08268 0.08268
BinVal : 25 6 0.6923 0.0718 0.0718
BinVal : 25 7 0.9655 0.04343 0.04343
BinVal : 25 8 1 0.02272 0.02272
BinVal : 25 9 1 0.1237 0.1237
BinVal : 25 10 1 0.1237 0.1237
BinVal : 25 11 1 0.1237 0.1237
BinVal : 25 12 1 0.1237 0.1237
BinVal : 26 0 0 0 0
BinVal : 26 1 0 0 0
BinVal : 26 2 0 0 0
BinVal : 26 3 0 0 0
BinVal : 26 4 0.3529 0.1079 0.1079
BinVal : 26 5 0.6207 0.08611 0.08611
BinVal : 26 6 0.7143 0.08231 0.08231
BinVal : 26 7 0.9231 0.08498 0.08498
BinVal : 26 8 1 0.04343 0.04343
BinVal : 26 9 1 0.1633 0.1633
BinVal : 26 10 1 0.1633 0.1633
BinVal : 26 11 1 0.1633 0.1633
BinVal : 26 12 1 0.1633 0.1633
BinVal : 27 0 0 0 0
BinVal : 27 1 0 0 0
BinVal : 27 2 0 0 0
BinVal : 27 3 0 0 0
BinVal : 27 4 0.1 0.1034 0.1034
BinVal : 27 5 0.56 0.09391 0.09391
BinVal : 27 6 0.5556 0.1437 0.1437
BinVal : 27 7 1 0.1102 0.1102
BinVal : 27 8 1 0.08299 0.08299
BinVal : 27 9 1 0.08299 0.08299
BinVal : 27 10 1 0.08299 0.08299
BinVal : 27 11 1 0.08299 0.08299
BinVal : 27 12 1 0.08299 0.08299
BinVal : 28 0 0 0 0
BinVal : 28 1 0 0 0
BinVal : 28 2 0 0 0
BinVal : 28 3 0 0 0
BinVal : 28 4 0 0 0
BinVal : 28 5 0.5 0.189 0.189
BinVal : 28 6 0.5 0.189 0.189
BinVal : 28 7 0.5 0.189 0.189
BinVal : 28 8 0.5 0.189 0.189
BinVal : 28 9 0.5 0.189 0.189
BinVal : 28 10 0.5 0.189 0.189
BinVal : 28 11 0.5 0.189 0.189
BinVal : 28 12 0.5 0.189 0.189
