D0NoteID : 0
EffName : SINGLEELE_ALL_v16
EffType : Binned
EffVarNames : DetEta pT
EffVersion : 6
ObjQuality : VLoose
ObjType : Electron
ObjVersion : 11
BinEdgesX : -3.2 -2.8 -2.5 -2.3 -2.1 -1.9 -1.7 -1.5 -1.3 -1.1 -0.9 -0.7 -0.5 -0.3 -0.1 0.1 0.3 0.5 0.7 0.9 1.1 1.3 1.5 1.7 1.9 2.1 2.3 2.5 2.8 3.2
BinEdgesY : 0 10 15 20 22 25 30 35 40 50 60 70 80 1000
BinVal : 0 0 0 0 0
BinVal : 0 1 0 0 0
BinVal : 0 2 0 0 0
BinVal : 0 3 0.01657 0.01078 0.01078
BinVal : 0 4 0.05921 0.01118 0.01118
BinVal : 0 5 0.5317 0.01468 0.01468
BinVal : 0 6 0.6148 0.01516 0.01516
BinVal : 0 7 0.6327 0.01775 0.01775
BinVal : 0 8 0.6576 0.01742 0.01742
BinVal : 0 9 0.7674 0.06336 0.06336
BinVal : 0 10 1 0.1409 0.1409
BinVal : 0 11 1 0.1409 0.1409
BinVal : 0 12 1 0.2357 0.2357
BinVal : 1 0 0 0 0
BinVal : 1 1 0 0 0
BinVal : 1 2 0.005666 0.004852 0.004852
BinVal : 1 3 0.02715 0.01165 0.01165
BinVal : 1 4 0.1504 0.01581 0.01581
BinVal : 1 5 0.7093 0.01192 0.01192
BinVal : 1 6 0.7827 0.0101 0.0101
BinVal : 1 7 0.8421 0.01118 0.01118
BinVal : 1 8 0.837 0.01003 0.01003
BinVal : 1 9 0.8302 0.03647 0.03647
BinVal : 1 10 1 0.07122 0.07122
BinVal : 1 11 1 0.2357 0.2357
BinVal : 1 12 1 0.2357 0.2357
BinVal : 2 0 0 0 0
BinVal : 2 1 0 0 0
BinVal : 2 2 0.009036 0.005943 0.005943
BinVal : 2 3 0.01732 0.009473 0.009473
BinVal : 2 4 0.263 0.01925 0.01925
BinVal : 2 5 0.8277 0.009857 0.009857
BinVal : 2 6 0.9001 0.006777 0.006777
BinVal : 2 7 0.9327 0.006393 0.006393
BinVal : 2 8 0.9304 0.005901 0.005901
BinVal : 2 9 0.9212 0.02138 0.02138
BinVal : 2 10 1 0.03569 0.03569
BinVal : 2 11 1 0.1237 0.1237
BinVal : 2 12 1 0.1237 0.1237
BinVal : 3 0 0 0 0
BinVal : 3 1 0 0 0
BinVal : 3 2 0.004808 0.004124 0.004124
BinVal : 3 3 0.02198 0.00948 0.00948
BinVal : 3 4 0.3098 0.01869 0.01869
BinVal : 3 5 0.8507 0.008819 0.008819
BinVal : 3 6 0.9307 0.005313 0.005313
BinVal : 3 7 0.9481 0.004665 0.004665
BinVal : 3 8 0.9436 0.004393 0.004393
BinVal : 3 9 0.9286 0.01522 0.01522
BinVal : 3 10 1 0.01852 0.01852
BinVal : 3 11 1 0.07666 0.07666
BinVal : 3 12 1 0.2357 0.2357
BinVal : 4 0 0 0 0
BinVal : 4 1 0 0 0
BinVal : 4 2 0.008386 0.004639 0.004639
BinVal : 4 3 0.03729 0.01141 0.01141
BinVal : 4 4 0.4012 0.01899 0.01899
BinVal : 4 5 0.8609 0.008132 0.008132
BinVal : 4 6 0.937 0.004803 0.004803
BinVal : 4 7 0.9431 0.004223 0.004223
BinVal : 4 8 0.9479 0.00352 0.00352
BinVal : 4 9 0.9404 0.01148 0.01148
BinVal : 4 10 0.9859 0.01898 0.01898
BinVal : 4 11 1 0.0454 0.0454
BinVal : 4 12 1 0.09045 0.09045
BinVal : 5 0 0 0 0
BinVal : 5 1 0 0 0
BinVal : 5 2 0.0878 0.01407 0.01407
BinVal : 5 3 0.1835 0.02176 0.02176
BinVal : 5 4 0.5409 0.01884 0.01884
BinVal : 5 5 0.8965 0.006832 0.006832
BinVal : 5 6 0.9541 0.004004 0.004004
BinVal : 5 7 0.959 0.003286 0.003286
BinVal : 5 8 0.961 0.002641 0.002641
BinVal : 5 9 0.9688 0.007015 0.007015
BinVal : 5 10 0.99 0.01366 0.01366
BinVal : 5 11 1 0.02856 0.02856
BinVal : 5 12 1 0.04993 0.04993
BinVal : 6 0 0 0 0
BinVal : 6 1 0 0 0
BinVal : 6 2 0.1988 0.03091 0.03091
BinVal : 6 3 0.3171 0.03608 0.03608
BinVal : 6 4 0.6358 0.02577 0.02577
BinVal : 6 5 0.9261 0.008293 0.008293
BinVal : 6 6 0.9658 0.004886 0.004886
BinVal : 6 7 0.9717 0.003759 0.003759
BinVal : 6 8 0.97 0.00309 0.00309
BinVal : 6 9 0.9727 0.008415 0.008415
BinVal : 6 10 1 0.01538 0.01538
BinVal : 6 11 1 0.0454 0.0454
BinVal : 6 12 1 0.07666 0.07666
BinVal : 7 0 0 0 0
BinVal : 7 1 0 0 0
BinVal : 7 2 0 0 0
BinVal : 7 3 0 0 0
BinVal : 7 4 0 0 0
BinVal : 7 5 0 0 0
BinVal : 7 6 0 0 0
BinVal : 7 7 0 0 0
BinVal : 7 8 0 0 0
BinVal : 7 9 0 0 0
BinVal : 7 10 0 0 0
BinVal : 7 11 0 0 0
BinVal : 7 12 0 0 0
BinVal : 8 0 0 0 0
BinVal : 8 1 0 0 0
BinVal : 8 2 0 0 0
BinVal : 8 3 0 0 0
BinVal : 8 4 0 0 0
BinVal : 8 5 0 0 0
BinVal : 8 6 0 0 0
BinVal : 8 7 0 0 0
BinVal : 8 8 0 0 0
BinVal : 8 9 0 0 0
BinVal : 8 10 0 0 0
BinVal : 8 11 0 0 0
BinVal : 8 12 0 0 0
BinVal : 9 0 0 0 0
BinVal : 9 1 0 0 0
BinVal : 9 2 0.3125 0.02884 0.02884
BinVal : 9 3 0.5212 0.03854 0.03854
BinVal : 9 4 0.6934 0.02416 0.02416
BinVal : 9 5 0.9139 0.008375 0.008375
BinVal : 9 6 0.9506 0.004144 0.004144
BinVal : 9 7 0.9781 0.002151 0.002151
BinVal : 9 8 0.9832 0.001331 0.001331
BinVal : 9 9 0.9879 0.002917 0.002917
BinVal : 9 10 0.9897 0.006745 0.006745
BinVal : 9 11 1 0.0119 0.0119
BinVal : 9 12 1 0.0196 0.0196
BinVal : 10 0 0 0 0
BinVal : 10 1 0 0 0
BinVal : 10 2 0.3451 0.02808 0.02808
BinVal : 10 3 0.4503 0.03572 0.03572
BinVal : 10 4 0.6889 0.02177 0.02177
BinVal : 10 5 0.9185 0.007831 0.007831
BinVal : 10 6 0.9632 0.003439 0.003439
BinVal : 10 7 0.9788 0.001926 0.001926
BinVal : 10 8 0.9855 0.001117 0.001117
BinVal : 10 9 0.9878 0.002574 0.002574
BinVal : 10 10 0.9945 0.004745 0.004745
BinVal : 10 11 1 0.01053 0.01053
BinVal : 10 12 1 0.01234 0.01234
BinVal : 11 0 0 0 0
BinVal : 11 1 0 0 0
BinVal : 11 2 0.3133 0.03023 0.03023
BinVal : 11 3 0.3801 0.03683 0.03683
BinVal : 11 4 0.5959 0.02222 0.02222
BinVal : 11 5 0.9097 0.007571 0.007571
BinVal : 11 6 0.9578 0.003706 0.003706
BinVal : 11 7 0.9747 0.002103 0.002103
BinVal : 11 8 0.9853 0.0011 0.0011
BinVal : 11 9 0.9862 0.002684 0.002684
BinVal : 11 10 1 0.00274 0.00274
BinVal : 11 11 1 0.009174 0.009174
BinVal : 11 12 1 0.01053 0.01053
BinVal : 12 0 0 0 0
BinVal : 12 1 0 0 0
BinVal : 12 2 0.3077 0.034 0.034
BinVal : 12 3 0.3659 0.03731 0.03731
BinVal : 12 4 0.6074 0.02268 0.02268
BinVal : 12 5 0.9124 0.006961 0.006961
BinVal : 12 6 0.9586 0.003697 0.003697
BinVal : 12 7 0.9758 0.002137 0.002137
BinVal : 12 8 0.9843 0.001096 0.001096
BinVal : 12 9 0.9858 0.002703 0.002703
BinVal : 12 10 0.9943 0.00492 0.00492
BinVal : 12 11 1 0.008064 0.008064
BinVal : 12 12 1 0.01136 0.01136
BinVal : 13 0 0 0 0
BinVal : 13 1 0 0 0
BinVal : 13 2 0.3462 0.03778 0.03778
BinVal : 13 3 0.4 0.03674 0.03674
BinVal : 13 4 0.6531 0.02321 0.02321
BinVal : 13 5 0.9167 0.006592 0.006592
BinVal : 13 6 0.967 0.003277 0.003277
BinVal : 13 7 0.9804 0.002016 0.002016
BinVal : 13 8 0.985 0.001035 0.001035
BinVal : 13 9 0.9849 0.002778 0.002778
BinVal : 13 10 0.9861 0.006701 0.006701
BinVal : 13 11 1 0.007633 0.007633
BinVal : 13 12 1 0.01087 0.01087
BinVal : 14 0 0 0 0
BinVal : 14 1 0 0 0
BinVal : 14 2 0.3158 0.0353 0.0353
BinVal : 14 3 0.4395 0.03925 0.03925
BinVal : 14 4 0.6421 0.02226 0.02226
BinVal : 14 5 0.9222 0.006325 0.006325
BinVal : 14 6 0.962 0.003499 0.003499
BinVal : 14 7 0.9738 0.002312 0.002312
BinVal : 14 8 0.9845 0.001048 0.001048
BinVal : 14 9 0.9835 0.00294 0.00294
BinVal : 14 10 0.9894 0.005823 0.005823
BinVal : 14 11 1 0.007576 0.007576
BinVal : 14 12 1 0.009803 0.009803
BinVal : 15 0 0 0 0
BinVal : 15 1 0 0 0
BinVal : 15 2 0.3094 0.03414 0.03414
BinVal : 15 3 0.4067 0.03973 0.03973
BinVal : 15 4 0.6334 0.02169 0.02169
BinVal : 15 5 0.9216 0.006399 0.006399
BinVal : 15 6 0.958 0.003733 0.003733
BinVal : 15 7 0.9668 0.0025 0.0025
BinVal : 15 8 0.981 0.001178 0.001178
BinVal : 15 9 0.9838 0.002882 0.002882
BinVal : 15 10 0.9973 0.003776 0.003776
BinVal : 15 11 1 0.007874 0.007874
BinVal : 15 12 1 0.009615 0.009615
BinVal : 16 0 0 0 0
BinVal : 16 1 0 0 0
BinVal : 16 2 0.3024 0.0319 0.0319
BinVal : 16 3 0.4647 0.03792 0.03792
BinVal : 16 4 0.6234 0.02228 0.02228
BinVal : 16 5 0.9139 0.007045 0.007045
BinVal : 16 6 0.9572 0.003756 0.003756
BinVal : 16 7 0.9729 0.002155 0.002155
BinVal : 16 8 0.9806 0.001223 0.001223
BinVal : 16 9 0.9845 0.002804 0.002804
BinVal : 16 10 0.9942 0.004934 0.004934
BinVal : 16 11 1 0.008928 0.008928
BinVal : 16 12 1 0.01111 0.01111
BinVal : 17 0 0 0 0
BinVal : 17 1 0 0 0
BinVal : 17 2 0.3174 0.03053 0.03053
BinVal : 17 3 0.5316 0.03592 0.03592
BinVal : 17 4 0.6323 0.02276 0.02276
BinVal : 17 5 0.9051 0.007898 0.007898
BinVal : 17 6 0.9554 0.003777 0.003777
BinVal : 17 7 0.9781 0.001913 0.001913
BinVal : 17 8 0.9841 0.001143 0.001143
BinVal : 17 9 0.9866 0.002658 0.002658
BinVal : 17 10 0.9913 0.005706 0.005706
BinVal : 17 11 1 0.008928 0.008928
BinVal : 17 12 1 0.01428 0.01428
BinVal : 18 0 0 0 0
BinVal : 18 1 0 0 0
BinVal : 18 2 0.3125 0.03081 0.03081
BinVal : 18 3 0.4762 0.03819 0.03819
BinVal : 18 4 0.6535 0.02516 0.02516
BinVal : 18 5 0.8965 0.008673 0.008673
BinVal : 18 6 0.9495 0.00411 0.00411
BinVal : 18 7 0.9725 0.002341 0.002341
BinVal : 18 8 0.981 0.00137 0.00137
BinVal : 18 9 0.9859 0.00297 0.00297
BinVal : 18 10 0.993 0.005993 0.005993
BinVal : 18 11 1 0.01031 0.01031
BinVal : 18 12 1 0.01639 0.01639
BinVal : 19 0 0 0 0
BinVal : 19 1 0 0 0
BinVal : 19 2 0.301 0.04471 0.04471
BinVal : 19 3 0.3968 0.0603 0.0603
BinVal : 19 4 0.7068 0.03916 0.03916
BinVal : 19 5 0.8963 0.01282 0.01282
BinVal : 19 6 0.9417 0.006563 0.006563
BinVal : 19 7 0.9645 0.004099 0.004099
BinVal : 19 8 0.9735 0.002501 0.002501
BinVal : 19 9 0.983 0.005056 0.005056
BinVal : 19 10 0.9913 0.01193 0.01193
BinVal : 19 11 1 0.02499 0.02499
BinVal : 19 12 1 0.03446 0.03446
BinVal : 20 0 0 0 0
BinVal : 20 1 0 0 0
BinVal : 20 2 0 0 0
BinVal : 20 3 0 0 0
BinVal : 20 4 0 0 0
BinVal : 20 5 0 0 0
BinVal : 20 6 0 0 0
BinVal : 20 7 0 0 0
BinVal : 20 8 0 0 0
BinVal : 20 9 0 0 0
BinVal : 20 10 0 0 0
BinVal : 20 11 0 0 0
BinVal : 20 12 0 0 0
BinVal : 21 0 0 0 0
BinVal : 21 1 0 0 0
BinVal : 21 2 0 0 0
BinVal : 21 3 0 0 0
BinVal : 21 4 0 0 0
BinVal : 21 5 0 0 0
BinVal : 21 6 0 0 0
BinVal : 21 7 0 0 0
BinVal : 21 8 0 0 0
BinVal : 21 9 0 0 0
BinVal : 21 10 0 0 0
BinVal : 21 11 0 0 0
BinVal : 21 12 0 0 0
BinVal : 22 0 0 0 0
BinVal : 22 1 0 0 0
BinVal : 22 2 0.08373 0.01364 0.01364
BinVal : 22 3 0.1644 0.0217 0.0217
BinVal : 22 4 0.5704 0.01882 0.01882
BinVal : 22 5 0.9093 0.006471 0.006471
BinVal : 22 6 0.9549 0.004001 0.004001
BinVal : 22 7 0.9638 0.003175 0.003175
BinVal : 22 8 0.9671 0.002315 0.002315
BinVal : 22 9 0.977 0.005475 0.005475
BinVal : 22 10 1 0.008547 0.008547
BinVal : 22 11 1 0.02702 0.02702
BinVal : 22 12 1 0.0665 0.0665
BinVal : 23 0 0 0 0
BinVal : 23 1 0 0 0
BinVal : 23 2 0.002299 0.003225 0.003225
BinVal : 23 3 0.05782 0.01387 0.01387
BinVal : 23 4 0.426 0.01918 0.01918
BinVal : 23 5 0.8849 0.007549 0.007549
BinVal : 23 6 0.9366 0.00492 0.00492
BinVal : 23 7 0.9494 0.004018 0.004018
BinVal : 23 8 0.9571 0.003046 0.003046
BinVal : 23 9 0.974 0.006818 0.006818
BinVal : 23 10 1 0.01176 0.01176
BinVal : 23 11 1 0.0665 0.0665
BinVal : 23 12 1 0.1409 0.1409
BinVal : 24 0 0 0 0
BinVal : 24 1 0 0 0
BinVal : 24 2 0 0 0
BinVal : 24 3 0.05109 0.01362 0.01362
BinVal : 24 4 0.3495 0.02014 0.02014
BinVal : 24 5 0.8501 0.00869 0.00869
BinVal : 24 6 0.9304 0.005353 0.005353
BinVal : 24 7 0.9424 0.004841 0.004841
BinVal : 24 8 0.9535 0.003803 0.003803
BinVal : 24 9 0.9771 0.008401 0.008401
BinVal : 24 10 1 0.0196 0.0196
BinVal : 24 11 1 0.09045 0.09045
BinVal : 24 12 1 0.1633 0.1633
BinVal : 25 0 0 0 0
BinVal : 25 1 0 0 0
BinVal : 25 2 0.002841 0.003978 0.003978
BinVal : 25 3 0.03493 0.0127 0.0127
BinVal : 25 4 0.2769 0.02093 0.02093
BinVal : 25 5 0.8229 0.00985 0.00985
BinVal : 25 6 0.9094 0.006538 0.006538
BinVal : 25 7 0.9308 0.006327 0.006327
BinVal : 25 8 0.9374 0.005285 0.005285
BinVal : 25 9 0.9812 0.01025 0.01025
BinVal : 25 10 1 0.03331 0.03331
BinVal : 25 11 1 0.1237 0.1237
BinVal : 25 12 1 0.1633 0.1633
BinVal : 26 0 0 0 0
BinVal : 26 1 0 0 0
BinVal : 26 2 0.002778 0.00389 0.00389
BinVal : 26 3 0.004386 0.006109 0.006109
BinVal : 26 4 0.1767 0.01709 0.01709
BinVal : 26 5 0.6925 0.01213 0.01213
BinVal : 26 6 0.8238 0.009507 0.009507
BinVal : 26 7 0.8243 0.01145 0.01145
BinVal : 26 8 0.8398 0.009418 0.009418
BinVal : 26 9 0.9174 0.02563 0.02563
BinVal : 26 10 0.8 0.1201 0.1201
BinVal : 26 11 1 0.2357 0.2357
BinVal : 26 12 1 0.1936 0.1936
BinVal : 27 0 0 0 0
BinVal : 27 1 0 0 0
BinVal : 27 2 0 0 0
BinVal : 27 3 0 0.004902 0.004902
BinVal : 27 4 0.1011 0.01404 0.01404
BinVal : 27 5 0.5009 0.01462 0.01462
BinVal : 27 6 0.6676 0.01456 0.01456
BinVal : 27 7 0.6076 0.0176 0.0176
BinVal : 27 8 0.6527 0.01602 0.01602
BinVal : 27 9 0.7255 0.0613 0.0613
BinVal : 27 10 0.5 0.189 0.189
BinVal : 27 11 0.5 0.189 0.189
BinVal : 27 12 0.5 0.189 0.189
BinVal : 28 0 0 0 0
BinVal : 28 1 0 0 0
BinVal : 28 2 0 0 0
BinVal : 28 3 0 0 0
BinVal : 28 4 0.03509 0.01494 0.01494
BinVal : 28 5 0.3333 0.02398 0.02398
BinVal : 28 6 0.441 0.02911 0.02911
BinVal : 28 7 0.422 0.02926 0.02926
BinVal : 28 8 0.4192 0.0324 0.0324
BinVal : 28 9 0.3333 0.1389 0.1389
BinVal : 28 10 0.3333 0.1389 0.1389
BinVal : 28 11 0.3333 0.1389 0.1389
BinVal : 28 12 0.3333 0.1389 0.1389
