D0NoteID : 0
EffName : SINGLEELE_AND_EJETS_v14
EffType : Binned
EffVarNames : DetEta pT
EffVersion : 6
ObjQuality : Tight
ObjType : Electron
ObjVersion : 12
BinEdgesX : -3.2 -2.8 -2.5 -2.3 -2.1 -1.9 -1.7 -1.5 -1.3 -1.1 -0.9 -0.7 -0.5 -0.3 -0.1 0.1 0.3 0.5 0.7 0.9 1.1 1.3 1.5 1.7 1.9 2.1 2.3 2.5 2.8 3.2
BinEdgesY : 0 10 15 20 22 25 30 35 40 50 60 70 80 1000
BinVal : 0 0 0 0 0
BinVal : 0 1 0 0 0
BinVal : 0 2 0.05263 0.03246 0.03246
BinVal : 0 3 0.1 0.05757 0.05757
BinVal : 0 4 0.283 0.06069 0.06069
BinVal : 0 5 0.5859 0.04306 0.04306
BinVal : 0 6 0.5684 0.05005 0.05005
BinVal : 0 7 0.6727 0.0619 0.0619
BinVal : 0 8 0.6984 0.05681 0.05681
BinVal : 0 9 0.6667 0.2 0.2
BinVal : 0 10 0.6667 0.2 0.2
BinVal : 0 11 0.6667 0.2 0.2
BinVal : 0 12 0.6667 0.2 0.2
BinVal : 1 0 0 0 0
BinVal : 1 1 0 0 0
BinVal : 1 2 0.05405 0.02825 0.02825
BinVal : 1 3 0.1277 0.04949 0.04949
BinVal : 1 4 0.3614 0.05191 0.05191
BinVal : 1 5 0.6452 0.03484 0.03484
BinVal : 1 6 0.5692 0.0352 0.0352
BinVal : 1 7 0.6814 0.04337 0.04337
BinVal : 1 8 0.7163 0.03769 0.03769
BinVal : 1 9 0.8824 0.08154 0.08154
BinVal : 1 10 1 0.2357 0.2357
BinVal : 1 11 1 0.2357 0.2357
BinVal : 1 12 1 0.2357 0.2357
BinVal : 2 0 0 0 0
BinVal : 2 1 0 0 0
BinVal : 2 2 0.01449 0.0195 0.0195
BinVal : 2 3 0.16 0.05197 0.05197
BinVal : 2 4 0.4778 0.0518 0.0518
BinVal : 2 5 0.633 0.0349 0.0349
BinVal : 2 6 0.6708 0.03018 0.03018
BinVal : 2 7 0.6943 0.0365 0.0365
BinVal : 2 8 0.7056 0.02881 0.02881
BinVal : 2 9 0.9091 0.05303 0.05303
BinVal : 2 10 1 0.1409 0.1409
BinVal : 2 11 1 0.1409 0.1409
BinVal : 2 12 1 0.1409 0.1409
BinVal : 3 0 0 0 0
BinVal : 3 1 0 0 0
BinVal : 3 2 0.07353 0.03322 0.03322
BinVal : 3 3 0.2391 0.06186 0.06186
BinVal : 3 4 0.5258 0.04994 0.04994
BinVal : 3 5 0.6296 0.03265 0.03265
BinVal : 3 6 0.7452 0.02678 0.02678
BinVal : 3 7 0.7056 0.02985 0.02985
BinVal : 3 8 0.7474 0.02212 0.02212
BinVal : 3 9 0.7297 0.07115 0.07115
BinVal : 3 10 0.8 0.1597 0.1597
BinVal : 3 11 1 0.1633 0.1633
BinVal : 3 12 1 0.1633 0.1633
BinVal : 4 0 0 0 0
BinVal : 4 1 0 0 0
BinVal : 4 2 0.1458 0.05134 0.05134
BinVal : 4 3 0.3077 0.06263 0.06263
BinVal : 4 4 0.5909 0.04628 0.04628
BinVal : 4 5 0.6529 0.03044 0.03044
BinVal : 4 6 0.7157 0.026 0.026
BinVal : 4 7 0.7063 0.02336 0.02336
BinVal : 4 8 0.7091 0.01881 0.01881
BinVal : 4 9 0.6984 0.05681 0.05681
BinVal : 4 10 0.8 0.1597 0.1597
BinVal : 4 11 0.8333 0.1443 0.1443
BinVal : 4 12 0.8333 0.1443 0.1443
BinVal : 5 0 0 0 0
BinVal : 5 1 0 0 0
BinVal : 5 2 0.08 0.04049 0.04049
BinVal : 5 3 0.3636 0.06334 0.06334
BinVal : 5 4 0.6695 0.04285 0.04285
BinVal : 5 5 0.7723 0.02247 0.02247
BinVal : 5 6 0.8106 0.01918 0.01918
BinVal : 5 7 0.7997 0.01662 0.01662
BinVal : 5 8 0.7962 0.01347 0.01347
BinVal : 5 9 0.8455 0.03266 0.03266
BinVal : 5 10 1 0.07122 0.07122
BinVal : 5 11 0.5 0.1667 0.1667
BinVal : 5 12 1 0.1409 0.1409
BinVal : 6 0 0 0 0
BinVal : 6 1 0 0 0
BinVal : 6 2 0.07143 0.05388 0.05388
BinVal : 6 3 0.4231 0.0919 0.0919
BinVal : 6 4 0.7069 0.05867 0.05867
BinVal : 6 5 0.8571 0.02381 0.02381
BinVal : 6 6 0.8854 0.02014 0.02014
BinVal : 6 7 0.8605 0.01872 0.01872
BinVal : 6 8 0.8858 0.0138 0.0138
BinVal : 6 9 0.8974 0.03511 0.03511
BinVal : 6 10 1 0.09045 0.09045
BinVal : 6 11 0.3333 0.2 0.2
BinVal : 6 12 1 0.1409 0.1409
BinVal : 7 0 0 0 0
BinVal : 7 1 0 0 0
BinVal : 7 2 0 0 0
BinVal : 7 3 0 0 0
BinVal : 7 4 0 0 0
BinVal : 7 5 0 0 0
BinVal : 7 6 0 0 0
BinVal : 7 7 0 0 0
BinVal : 7 8 0 0 0
BinVal : 7 9 0 0 0
BinVal : 7 10 0 0 0
BinVal : 7 11 0 0 0
BinVal : 7 12 0 0 0
BinVal : 8 0 0 0 0
BinVal : 8 1 0 0 0
BinVal : 8 2 0 0 0
BinVal : 8 3 0 0 0
BinVal : 8 4 0 0 0
BinVal : 8 5 0 0 0
BinVal : 8 6 0 0 0
BinVal : 8 7 0 0 0
BinVal : 8 8 0 0 0
BinVal : 8 9 0 0 0
BinVal : 8 10 0 0 0
BinVal : 8 11 0 0 0
BinVal : 8 12 0 0 0
BinVal : 9 0 0 0 0
BinVal : 9 1 0 0 0
BinVal : 9 2 0.119 0.05116 0.05116
BinVal : 9 3 0.44 0.09391 0.09391
BinVal : 9 4 0.7143 0.0532 0.0532
BinVal : 9 5 0.8976 0.02379 0.02379
BinVal : 9 6 0.9564 0.01056 0.01056
BinVal : 9 7 0.9696 0.006837 0.006837
BinVal : 9 8 0.9605 0.005515 0.005515
BinVal : 9 9 0.9706 0.01395 0.01395
BinVal : 9 10 0.931 0.05226 0.05226
BinVal : 9 11 1 0.07666 0.07666
BinVal : 9 12 0.875 0.1206 0.1206
BinVal : 10 0 0 0 0
BinVal : 10 1 0 0 0
BinVal : 10 2 0.08511 0.04281 0.04281
BinVal : 10 3 0.4231 0.0919 0.0919
BinVal : 10 4 0.7442 0.04657 0.04657
BinVal : 10 5 0.9267 0.01922 0.01922
BinVal : 10 6 0.9692 0.009033 0.009033
BinVal : 10 7 0.9828 0.0049 0.0049
BinVal : 10 8 0.9762 0.003909 0.003909
BinVal : 10 9 0.9822 0.00972 0.00972
BinVal : 10 10 0.9333 0.04028 0.04028
BinVal : 10 11 1 0.06236 0.06236
BinVal : 10 12 0.8 0.1201 0.1201
BinVal : 11 0 0 0 0
BinVal : 11 1 0 0 0
BinVal : 11 2 0.3023 0.06826 0.06826
BinVal : 11 3 0.4231 0.0919 0.0919
BinVal : 11 4 0.6588 0.05067 0.05067
BinVal : 11 5 0.9725 0.01181 0.01181
BinVal : 11 6 0.9681 0.008958 0.008958
BinVal : 11 7 0.981 0.005198 0.005198
BinVal : 11 8 0.9874 0.002801 0.002801
BinVal : 11 9 0.9807 0.01054 0.01054
BinVal : 11 10 0.9787 0.02798 0.02798
BinVal : 11 11 1 0.05871 0.05871
BinVal : 11 12 0.9375 0.0721 0.0721
BinVal : 12 0 0 0 0
BinVal : 12 1 0 0 0
BinVal : 12 2 0.4839 0.08571 0.08571
BinVal : 12 3 0.56 0.09391 0.09391
BinVal : 12 4 0.6404 0.05012 0.05012
BinVal : 12 5 0.9841 0.008733 0.008733
BinVal : 12 6 0.9756 0.007951 0.007951
BinVal : 12 7 0.9853 0.004813 0.004813
BinVal : 12 8 0.9927 0.002167 0.002167
BinVal : 12 9 0.9948 0.007271 0.007271
BinVal : 12 10 0.9783 0.02855 0.02855
BinVal : 12 11 1 0.05871 0.05871
BinVal : 12 12 1 0.05871 0.05871
BinVal : 13 0 0 0 0
BinVal : 13 1 0 0 0
BinVal : 13 2 0.3684 0.1035 0.1035
BinVal : 13 3 0.6667 0.1126 0.1126
BinVal : 13 4 0.7802 0.04312 0.04312
BinVal : 13 5 0.9786 0.009249 0.009249
BinVal : 13 6 0.9948 0.004475 0.004475
BinVal : 13 7 0.9937 0.00351 0.00351
BinVal : 13 8 0.9945 0.001914 0.001914
BinVal : 13 9 0.9952 0.006655 0.006655
BinVal : 13 10 0.9767 0.03038 0.03038
BinVal : 13 11 1 0.04993 0.04993
BinVal : 13 12 1 0.06236 0.06236
BinVal : 14 0 0 0 0
BinVal : 14 1 0 0 0
BinVal : 14 2 0.2105 0.09081 0.09081
BinVal : 14 3 0.4737 0.1065 0.1065
BinVal : 14 4 0.7778 0.04352 0.04352
BinVal : 14 5 0.9537 0.01287 0.01287
BinVal : 14 6 0.9879 0.005839 0.005839
BinVal : 14 7 0.9783 0.006138 0.006138
BinVal : 14 8 0.9843 0.00305 0.00305
BinVal : 14 9 0.9831 0.009238 0.009238
BinVal : 14 10 0.9783 0.02855 0.02855
BinVal : 14 11 1 0.05546 0.05546
BinVal : 14 12 1 0.04993 0.04993
BinVal : 15 0 0 0 0
BinVal : 15 1 0 0 0
BinVal : 15 2 0.2609 0.08806 0.08806
BinVal : 15 3 0.3913 0.09608 0.09608
BinVal : 15 4 0.7111 0.04722 0.04722
BinVal : 15 5 0.9269 0.01637 0.01637
BinVal : 15 6 0.9829 0.006806 0.006806
BinVal : 15 7 0.9639 0.007193 0.007193
BinVal : 15 8 0.969 0.004181 0.004181
BinVal : 15 9 0.9879 0.00792 0.00792
BinVal : 15 10 0.9756 0.03175 0.03175
BinVal : 15 11 1 0.07122 0.07122
BinVal : 15 12 1 0.04343 0.04343
BinVal : 16 0 0 0 0
BinVal : 16 1 0 0 0
BinVal : 16 2 0.2222 0.06808 0.06808
BinVal : 16 3 0.3714 0.07867 0.07867
BinVal : 16 4 0.7303 0.04654 0.04654
BinVal : 16 5 0.9159 0.01869 0.01869
BinVal : 16 6 0.961 0.009787 0.009787
BinVal : 16 7 0.9601 0.006884 0.006884
BinVal : 16 8 0.9661 0.004479 0.004479
BinVal : 16 9 0.9915 0.007216 0.007216
BinVal : 16 10 0.9714 0.03668 0.03668
BinVal : 16 11 0.9167 0.09035 0.09035
BinVal : 16 12 1 0.0454 0.0454
BinVal : 17 0 0 0 0
BinVal : 17 1 0 0 0
BinVal : 17 2 0.1316 0.05577 0.05577
BinVal : 17 3 0.3902 0.07371 0.07371
BinVal : 17 4 0.7113 0.04551 0.04551
BinVal : 17 5 0.9286 0.01876 0.01876
BinVal : 17 6 0.9405 0.01145 0.01145
BinVal : 17 7 0.9588 0.006888 0.006888
BinVal : 17 8 0.97 0.004301 0.004301
BinVal : 17 9 0.9827 0.009473 0.009473
BinVal : 17 10 0.9722 0.03576 0.03576
BinVal : 17 11 0.9375 0.0721 0.0721
BinVal : 17 12 0.9231 0.08498 0.08498
BinVal : 18 0 0 0 0
BinVal : 18 1 0 0 0
BinVal : 18 2 0.08824 0.05167 0.05167
BinVal : 18 3 0.52 0.09443 0.09443
BinVal : 18 4 0.697 0.05562 0.05562
BinVal : 18 5 0.9273 0.02067 0.02067
BinVal : 18 6 0.9492 0.01125 0.01125
BinVal : 18 7 0.9635 0.007134 0.007134
BinVal : 18 8 0.9738 0.004356 0.004356
BinVal : 18 9 0.9751 0.01186 0.01186
BinVal : 18 10 1 0.03123 0.03123
BinVal : 18 11 0.95 0.05994 0.05994
BinVal : 18 12 0.875 0.1206 0.1206
BinVal : 19 0 0 0 0
BinVal : 19 1 0 0 0
BinVal : 19 2 0.05263 0.06258 0.06258
BinVal : 19 3 0.6667 0.1389 0.1389
BinVal : 19 4 0.7222 0.1 0.1
BinVal : 19 5 0.9189 0.03295 0.03295
BinVal : 19 6 0.9553 0.01611 0.01611
BinVal : 19 7 0.9659 0.01101 0.01101
BinVal : 19 8 0.9783 0.006426 0.006426
BinVal : 19 9 0.9634 0.0231 0.0231
BinVal : 19 10 1 0.0665 0.0665
BinVal : 19 11 0.9167 0.09035 0.09035
BinVal : 19 12 1 0.1936 0.1936
BinVal : 20 0 0 0 0
BinVal : 20 1 0 0 0
BinVal : 20 2 0 0 0
BinVal : 20 3 0 0 0
BinVal : 20 4 0 0 0
BinVal : 20 5 0 0 0
BinVal : 20 6 0 0 0
BinVal : 20 7 0 0 0
BinVal : 20 8 0 0 0
BinVal : 20 9 0 0 0
BinVal : 20 10 0 0 0
BinVal : 20 11 0 0 0
BinVal : 20 12 0 0 0
BinVal : 21 0 0 0 0
BinVal : 21 1 0 0 0
BinVal : 21 2 0 0 0
BinVal : 21 3 0 0 0
BinVal : 21 4 0 0 0
BinVal : 21 5 0 0 0
BinVal : 21 6 0 0 0
BinVal : 21 7 0 0 0
BinVal : 21 8 0 0 0
BinVal : 21 9 0 0 0
BinVal : 21 10 0 0 0
BinVal : 21 11 0 0 0
BinVal : 21 12 0 0 0
BinVal : 22 0 0 0 0
BinVal : 22 1 0 0 0
BinVal : 22 2 0.1186 0.04287 0.04287
BinVal : 22 3 0.4091 0.07182 0.07182
BinVal : 22 4 0.6583 0.04284 0.04284
BinVal : 22 5 0.7615 0.02351 0.02351
BinVal : 22 6 0.8024 0.01941 0.01941
BinVal : 22 7 0.7989 0.01697 0.01697
BinVal : 22 8 0.8173 0.01278 0.01278
BinVal : 22 9 0.8417 0.03338 0.03338
BinVal : 22 10 0.963 0.04626 0.04626
BinVal : 22 11 1 0.1409 0.1409
BinVal : 22 12 1 0.1102 0.1102
BinVal : 23 0 0 0 0
BinVal : 23 1 0 0 0
BinVal : 23 2 0.03333 0.02703 0.02703
BinVal : 23 3 0.2885 0.06157 0.06157
BinVal : 23 4 0.4917 0.04508 0.04508
BinVal : 23 5 0.6612 0.03008 0.03008
BinVal : 23 6 0.7003 0.02417 0.02417
BinVal : 23 7 0.6816 0.02317 0.02317
BinVal : 23 8 0.7093 0.01885 0.01885
BinVal : 23 9 0.7753 0.04393 0.04393
BinVal : 23 10 0.9286 0.08021 0.08021
BinVal : 23 11 1 0.2357 0.2357
BinVal : 23 12 1 0.2357 0.2357
BinVal : 24 0 0 0 0
BinVal : 24 1 0 0 0
BinVal : 24 2 0.04762 0.02958 0.02958
BinVal : 24 3 0.1176 0.04607 0.04607
BinVal : 24 4 0.4364 0.04667 0.04667
BinVal : 24 5 0.6351 0.03293 0.03293
BinVal : 24 6 0.7014 0.02734 0.02734
BinVal : 24 7 0.6583 0.02832 0.02832
BinVal : 24 8 0.7601 0.02291 0.02291
BinVal : 24 9 0.8039 0.05519 0.05519
BinVal : 24 10 0.75 0.1782 0.1782
BinVal : 24 11 0.5 0.2236 0.2236
BinVal : 24 12 0.5 0.2236 0.2236
BinVal : 25 0 0 0 0
BinVal : 25 1 0 0 0
BinVal : 25 2 0.02817 0.02308 0.02308
BinVal : 25 3 0.06818 0.0411 0.0411
BinVal : 25 4 0.4468 0.05049 0.05049
BinVal : 25 5 0.633 0.0349 0.0349
BinVal : 25 6 0.6623 0.03095 0.03095
BinVal : 25 7 0.6286 0.03625 0.03625
BinVal : 25 8 0.7863 0.02674 0.02674
BinVal : 25 9 0.7895 0.09081 0.09081
BinVal : 25 10 0.7895 0.09081 0.09081
BinVal : 25 11 0.7895 0.09081 0.09081
BinVal : 25 12 0.7895 0.09081 0.09081
BinVal : 26 0 0 0 0
BinVal : 26 1 0 0 0
BinVal : 26 2 0.02299 0.01902 0.01902
BinVal : 26 3 0.1961 0.05519 0.05519
BinVal : 26 4 0.4158 0.04836 0.04836
BinVal : 26 5 0.6141 0.03562 0.03562
BinVal : 26 6 0.615 0.03313 0.03313
BinVal : 26 7 0.6106 0.04531 0.04531
BinVal : 26 8 0.7219 0.03426 0.03426
BinVal : 26 9 0.6667 0.1389 0.1389
BinVal : 26 10 1 0.2357 0.2357
BinVal : 26 11 1 0.2357 0.2357
BinVal : 26 12 1 0.2357 0.2357
BinVal : 27 0 0 0 0
BinVal : 27 1 0 0 0
BinVal : 27 2 0.01613 0.02158 0.02158
BinVal : 27 3 0.175 0.05988 0.05988
BinVal : 27 4 0.2963 0.05006 0.05006
BinVal : 27 5 0.563 0.04492 0.04492
BinVal : 27 6 0.625 0.0437 0.0437
BinVal : 27 7 0.5946 0.05601 0.05601
BinVal : 27 8 0.6974 0.05193 0.05193
BinVal : 27 9 0.5 0.189 0.189
BinVal : 27 10 1 0.2357 0.2357
BinVal : 27 11 1 0.2357 0.2357
BinVal : 27 12 1 0.2357 0.2357
BinVal : 28 0 0 0 0
BinVal : 28 1 0 0 0
BinVal : 28 2 0 0 0
BinVal : 28 3 0 0 0
BinVal : 28 4 0.1786 0.07184 0.07184
BinVal : 28 5 0.2917 0.08882 0.08882
BinVal : 28 6 0.625 0.1118 0.1118
BinVal : 28 7 0.4444 0.1086 0.1086
BinVal : 28 8 0.4286 0.1571 0.1571
BinVal : 28 9 0.4286 0.1571 0.1571
BinVal : 28 10 0.4286 0.1571 0.1571
BinVal : 28 11 0.4286 0.1571 0.1571
BinVal : 28 12 0.4286 0.1571 0.1571
