D0NoteID : 0
EffName : SINGLEELE_AND_GROUP1_v155
EffType : Binned
EffVarNames : DetEta pT
EffVersion : 6
ObjQuality : MLoose2
ObjType : Electron
ObjVersion : 11
BinEdgesX : -3.2 -2.8 -2.5 -2.3 -2.1 -1.9 -1.7 -1.5 -1.3 -1.1 -0.9 -0.7 -0.5 -0.3 -0.1 0.1 0.3 0.5 0.7 0.9 1.1 1.3 1.5 1.7 1.9 2.1 2.3 2.5 2.8 3.2
BinEdgesY : 0 10 15 20 22 25 30 35 40 50 60 70 80 1000
BinVal : 0 0 0 0 0
BinVal : 0 1 0 0 0
BinVal : 0 2 0.004219 0.00588 0.00588
BinVal : 0 3 0.008065 0.01109 0.01109
BinVal : 0 4 0.07985 0.01692 0.01692
BinVal : 0 5 0.4873 0.022 0.022
BinVal : 0 6 0.6674 0.02235 0.02235
BinVal : 0 7 0.6185 0.03061 0.03061
BinVal : 0 8 0.6768 0.02871 0.02871
BinVal : 0 9 0.8182 0.1126 0.1126
BinVal : 0 10 1 0.1936 0.1936
BinVal : 0 11 1 0.1936 0.1936
BinVal : 0 12 1 0.1936 0.1936
BinVal : 1 0 0 0 0
BinVal : 1 1 0 0 0
BinVal : 1 2 0.00365 0.005096 0.005096
BinVal : 1 3 0.01176 0.009953 0.009953
BinVal : 1 4 0.1671 0.01953 0.01953
BinVal : 1 5 0.6702 0.01698 0.01698
BinVal : 1 6 0.8208 0.01367 0.01367
BinVal : 1 7 0.8211 0.01779 0.01779
BinVal : 1 8 0.8372 0.01505 0.01505
BinVal : 1 9 0.9778 0.02913 0.02913
BinVal : 1 10 1 0.09938 0.09938
BinVal : 1 11 1 0.09938 0.09938
BinVal : 1 12 1 0.2357 0.2357
BinVal : 2 0 0 0 0
BinVal : 2 1 0 0 0
BinVal : 2 2 0 0 0
BinVal : 2 3 0.01212 0.01025 0.01025
BinVal : 2 4 0.2287 0.02162 0.02162
BinVal : 2 5 0.7244 0.01576 0.01576
BinVal : 2 6 0.8537 0.01127 0.01127
BinVal : 2 7 0.8838 0.01194 0.01194
BinVal : 2 8 0.9013 0.009845 0.009845
BinVal : 2 9 0.9615 0.02422 0.02422
BinVal : 2 10 1 0.05871 0.05871
BinVal : 2 11 1 0.1633 0.1633
BinVal : 2 12 1 0.1936 0.1936
BinVal : 3 0 0 0 0
BinVal : 3 1 0 0 0
BinVal : 3 2 0 0 0
BinVal : 3 3 0.02762 0.01313 0.01313
BinVal : 3 4 0.2153 0.01975 0.01975
BinVal : 3 5 0.7298 0.01541 0.01541
BinVal : 3 6 0.81 0.01171 0.01171
BinVal : 3 7 0.8624 0.01037 0.01037
BinVal : 3 8 0.8959 0.008249 0.008249
BinVal : 3 9 0.9621 0.0178 0.0178
BinVal : 3 10 1 0.03701 0.03701
BinVal : 3 11 1 0.1237 0.1237
BinVal : 3 12 1 0.1409 0.1409
BinVal : 4 0 0 0 0
BinVal : 4 1 0 0 0
BinVal : 4 2 0.003846 0.005367 0.005367
BinVal : 4 3 0.03093 0.01322 0.01322
BinVal : 4 4 0.2795 0.02038 0.02038
BinVal : 4 5 0.7634 0.01362 0.01362
BinVal : 4 6 0.8031 0.01107 0.01107
BinVal : 4 7 0.8431 0.009398 0.009398
BinVal : 4 8 0.8962 0.00677 0.00677
BinVal : 4 9 0.9752 0.01066 0.01066
BinVal : 4 10 1 0.02563 0.02563
BinVal : 4 11 1 0.08299 0.08299
BinVal : 4 12 1 0.1409 0.1409
BinVal : 5 0 0 0 0
BinVal : 5 1 0 0 0
BinVal : 5 2 0.02604 0.0124 0.0124
BinVal : 5 3 0.1 0.02327 0.02327
BinVal : 5 4 0.4251 0.02331 0.02331
BinVal : 5 5 0.8216 0.01179 0.01179
BinVal : 5 6 0.8632 0.008992 0.008992
BinVal : 5 7 0.8733 0.007985 0.007985
BinVal : 5 8 0.9259 0.004988 0.004988
BinVal : 5 9 0.9735 0.009123 0.009123
BinVal : 5 10 1 0.01886 0.01886
BinVal : 5 11 1 0.05871 0.05871
BinVal : 5 12 1 0.07122 0.07122
BinVal : 6 0 0 0 0
BinVal : 6 1 0 0 0
BinVal : 6 2 0.05128 0.0269 0.0269
BinVal : 6 3 0.1923 0.04444 0.04444
BinVal : 6 4 0.486 0.03393 0.03393
BinVal : 6 5 0.8653 0.01489 0.01489
BinVal : 6 6 0.9001 0.01097 0.01097
BinVal : 6 7 0.9079 0.009661 0.009661
BinVal : 6 8 0.9482 0.005624 0.005624
BinVal : 6 9 0.9731 0.01279 0.01279
BinVal : 6 10 1 0.03123 0.03123
BinVal : 6 11 1 0.09938 0.09938
BinVal : 6 12 1 0.07666 0.07666
BinVal : 7 0 0 0 0
BinVal : 7 1 0 0 0
BinVal : 7 2 0 0 0
BinVal : 7 3 0 0 0
BinVal : 7 4 0 0 0
BinVal : 7 5 0 0 0
BinVal : 7 6 0 0 0
BinVal : 7 7 0 0 0
BinVal : 7 8 0 0 0
BinVal : 7 9 0 0 0
BinVal : 7 10 0 0 0
BinVal : 7 11 0 0 0
BinVal : 7 12 0 0 0
BinVal : 8 0 0 0 0
BinVal : 8 1 0 0 0
BinVal : 8 2 0 0 0
BinVal : 8 3 0 0 0
BinVal : 8 4 0 0 0
BinVal : 8 5 0 0 0
BinVal : 8 6 0 0 0
BinVal : 8 7 0 0 0
BinVal : 8 8 0 0 0
BinVal : 8 9 0 0 0
BinVal : 8 10 0 0 0
BinVal : 8 11 0 0 0
BinVal : 8 12 0 0 0
BinVal : 9 0 0 0 0
BinVal : 9 1 0 0 0
BinVal : 9 2 0.119 0.03581 0.03581
BinVal : 9 3 0.3286 0.05517 0.05517
BinVal : 9 4 0.6071 0.03737 0.03737
BinVal : 9 5 0.9349 0.01142 0.01142
BinVal : 9 6 0.9768 0.004573 0.004573
BinVal : 9 7 0.9714 0.003791 0.003791
BinVal : 9 8 0.9861 0.001822 0.001822
BinVal : 9 9 0.9943 0.003154 0.003154
BinVal : 9 10 1 0.00862 0.00862
BinVal : 9 11 1 0.02173 0.02173
BinVal : 9 12 1 0.04163 0.04163
BinVal : 10 0 0 0 0
BinVal : 10 1 0 0 0
BinVal : 10 2 0.2292 0.04259 0.04259
BinVal : 10 3 0.4286 0.05795 0.05795
BinVal : 10 4 0.6169 0.03406 0.03406
BinVal : 10 5 0.931 0.01104 0.01104
BinVal : 10 6 0.9683 0.005185 0.005185
BinVal : 10 7 0.9778 0.003127 0.003127
BinVal : 10 8 0.9871 0.001583 0.001583
BinVal : 10 9 0.9905 0.003533 0.003533
BinVal : 10 10 1 0.006451 0.006451
BinVal : 10 11 1 0.01666 0.01666
BinVal : 10 12 1 0.0238 0.0238
BinVal : 11 0 0 0 0
BinVal : 11 1 0 0 0
BinVal : 11 2 0.191 0.04153 0.04153
BinVal : 11 3 0.5079 0.06154 0.06154
BinVal : 11 4 0.6635 0.03257 0.03257
BinVal : 11 5 0.9571 0.008513 0.008513
BinVal : 11 6 0.9685 0.005376 0.005376
BinVal : 11 7 0.9814 0.002835 0.002835
BinVal : 11 8 0.9883 0.001471 0.001471
BinVal : 11 9 0.9916 0.003365 0.003365
BinVal : 11 10 1 0.005555 0.005555
BinVal : 11 11 1 0.01538 0.01538
BinVal : 11 12 1 0.01613 0.01613
BinVal : 12 0 0 0 0
BinVal : 12 1 0 0 0
BinVal : 12 2 0.1235 0.037 0.037
BinVal : 12 3 0.4821 0.06506 0.06506
BinVal : 12 4 0.6368 0.03465 0.03465
BinVal : 12 5 0.9721 0.006824 0.006824
BinVal : 12 6 0.9726 0.004915 0.004915
BinVal : 12 7 0.9796 0.003067 0.003067
BinVal : 12 8 0.9864 0.00155 0.00155
BinVal : 12 9 0.9931 0.003031 0.003031
BinVal : 12 10 1 0.005618 0.005618
BinVal : 12 11 1 0.01428 0.01428
BinVal : 12 12 1 0.01639 0.01639
BinVal : 13 0 0 0 0
BinVal : 13 1 0 0 0
BinVal : 13 2 0.1579 0.04193 0.04193
BinVal : 13 3 0.4483 0.0637 0.0637
BinVal : 13 4 0.6032 0.03532 0.03532
BinVal : 13 5 0.9642 0.007458 0.007458
BinVal : 13 6 0.9733 0.004719 0.004719
BinVal : 13 7 0.9852 0.002763 0.002763
BinVal : 13 8 0.9884 0.001403 0.001403
BinVal : 13 9 0.99 0.003477 0.003477
BinVal : 13 10 1 0.005917 0.005917
BinVal : 13 11 1 0.01316 0.01316
BinVal : 13 12 1 0.0204 0.0204
BinVal : 14 0 0 0 0
BinVal : 14 1 0 0 0
BinVal : 14 2 0.1148 0.04162 0.04162
BinVal : 14 3 0.3944 0.05688 0.05688
BinVal : 14 4 0.6173 0.03447 0.03447
BinVal : 14 5 0.9665 0.00698 0.00698
BinVal : 14 6 0.9754 0.0045 0.0045
BinVal : 14 7 0.9842 0.002816 0.002816
BinVal : 14 8 0.9888 0.001376 0.001376
BinVal : 14 9 0.9864 0.003887 0.003887
BinVal : 14 10 1 0.005376 0.005376
BinVal : 14 11 1 0.0147 0.0147
BinVal : 14 12 1 0.01785 0.01785
BinVal : 15 0 0 0 0
BinVal : 15 1 0 0 0
BinVal : 15 2 0.1231 0.04135 0.04135
BinVal : 15 3 0.4189 0.05627 0.05627
BinVal : 15 4 0.6355 0.03356 0.03356
BinVal : 15 5 0.9655 0.007029 0.007029
BinVal : 15 6 0.9796 0.004103 0.004103
BinVal : 15 7 0.9803 0.003 0.003
BinVal : 15 8 0.9854 0.001583 0.001583
BinVal : 15 9 0.9875 0.003713 0.003713
BinVal : 15 10 1 0.00565 0.00565
BinVal : 15 11 1 0.01639 0.01639
BinVal : 15 12 1 0.01923 0.01923
BinVal : 16 0 0 0 0
BinVal : 16 1 0 0 0
BinVal : 16 2 0.1449 0.04264 0.04264
BinVal : 16 3 0.403 0.05869 0.05869
BinVal : 16 4 0.6327 0.0342 0.0342
BinVal : 16 5 0.9586 0.008063 0.008063
BinVal : 16 6 0.9792 0.004031 0.004031
BinVal : 16 7 0.9823 0.002764 0.002764
BinVal : 16 8 0.9851 0.001627 0.001627
BinVal : 16 9 0.9892 0.003551 0.003551
BinVal : 16 10 1 0.006024 0.006024
BinVal : 16 11 1 0.01316 0.01316
BinVal : 16 12 1 0.02499 0.02499
BinVal : 17 0 0 0 0
BinVal : 17 1 0 0 0
BinVal : 17 2 0.1538 0.04492 0.04492
BinVal : 17 3 0.3333 0.05575 0.05575
BinVal : 17 4 0.6289 0.03799 0.03799
BinVal : 17 5 0.9454 0.01015 0.01015
BinVal : 17 6 0.9708 0.004722 0.004722
BinVal : 17 7 0.9856 0.002454 0.002454
BinVal : 17 8 0.9859 0.001628 0.001628
BinVal : 17 9 0.9934 0.002907 0.002907
BinVal : 17 10 0.9937 0.008649 0.008649
BinVal : 17 11 1 0.01316 0.01316
BinVal : 17 12 1 0.02173 0.02173
BinVal : 18 0 0 0 0
BinVal : 18 1 0 0 0
BinVal : 18 2 0.1688 0.04269 0.04269
BinVal : 18 3 0.3906 0.05969 0.05969
BinVal : 18 4 0.6712 0.03855 0.03855
BinVal : 18 5 0.9452 0.01102 0.01102
BinVal : 18 6 0.9617 0.005711 0.005711
BinVal : 18 7 0.9826 0.002906 0.002906
BinVal : 18 8 0.9864 0.001774 0.001774
BinVal : 18 9 0.996 0.002651 0.002651
BinVal : 18 10 0.9925 0.01028 0.01028
BinVal : 18 11 1 0.01852 0.01852
BinVal : 18 12 1 0.02272 0.02272
BinVal : 19 0 0 0 0
BinVal : 19 1 0 0 0
BinVal : 19 2 0.175 0.05988 0.05988
BinVal : 19 3 0.4643 0.0896 0.0896
BinVal : 19 4 0.7123 0.05223 0.05223
BinVal : 19 5 0.9612 0.01407 0.01407
BinVal : 19 6 0.9609 0.008723 0.008723
BinVal : 19 7 0.9749 0.005526 0.005526
BinVal : 19 8 0.987 0.002745 0.002745
BinVal : 19 9 0.9935 0.005533 0.005533
BinVal : 19 10 1 0.01613 0.01613
BinVal : 19 11 1 0.04756 0.04756
BinVal : 19 12 1 0.05255 0.05255
BinVal : 20 0 0 0 0
BinVal : 20 1 0 0 0
BinVal : 20 2 0 0 0
BinVal : 20 3 0 0 0
BinVal : 20 4 0 0 0
BinVal : 20 5 0 0 0
BinVal : 20 6 0 0 0
BinVal : 20 7 0 0 0
BinVal : 20 8 0 0 0
BinVal : 20 9 0 0 0
BinVal : 20 10 0 0 0
BinVal : 20 11 0 0 0
BinVal : 20 12 0 0 0
BinVal : 21 0 0 0 0
BinVal : 21 1 0 0 0
BinVal : 21 2 0 0 0
BinVal : 21 3 0 0 0
BinVal : 21 4 0 0 0
BinVal : 21 5 0 0 0
BinVal : 21 6 0 0 0
BinVal : 21 7 0 0 0
BinVal : 21 8 0 0 0
BinVal : 21 9 0 0 0
BinVal : 21 10 0 0 0
BinVal : 21 11 0 0 0
BinVal : 21 12 0 0 0
BinVal : 22 0 0 0 0
BinVal : 22 1 0 0 0
BinVal : 22 2 0.04902 0.01563 0.01563
BinVal : 22 3 0.1299 0.0254 0.0254
BinVal : 22 4 0.4178 0.02318 0.02318
BinVal : 22 5 0.8127 0.01221 0.01221
BinVal : 22 6 0.8676 0.008979 0.008979
BinVal : 22 7 0.8929 0.007507 0.007507
BinVal : 22 8 0.9188 0.005204 0.005204
BinVal : 22 9 0.9711 0.009365 0.009365
BinVal : 22 10 1 0.01428 0.01428
BinVal : 22 11 0.9474 0.06258 0.06258
BinVal : 22 12 1 0.06236 0.06236
BinVal : 23 0 0 0 0
BinVal : 23 1 0 0 0
BinVal : 23 2 0.008368 0.007127 0.007127
BinVal : 23 3 0.03333 0.01306 0.01306
BinVal : 23 4 0.2754 0.02118 0.02118
BinVal : 23 5 0.7404 0.01389 0.01389
BinVal : 23 6 0.8173 0.01059 0.01059
BinVal : 23 7 0.8329 0.009909 0.009909
BinVal : 23 8 0.8868 0.006986 0.006986
BinVal : 23 9 0.9612 0.01246 0.01246
BinVal : 23 10 1 0.01923 0.01923
BinVal : 23 11 1 0.08299 0.08299
BinVal : 23 12 1 0.1102 0.1102
BinVal : 24 0 0 0 0
BinVal : 24 1 0 0 0
BinVal : 24 2 0.003333 0.00466 0.00466
BinVal : 24 3 0.004673 0.006502 0.006502
BinVal : 24 4 0.2455 0.02183 0.02183
BinVal : 24 5 0.7403 0.01482 0.01482
BinVal : 24 6 0.8243 0.01125 0.01125
BinVal : 24 7 0.8517 0.01082 0.01082
BinVal : 24 8 0.8964 0.007995 0.007995
BinVal : 24 9 0.9684 0.01497 0.01497
BinVal : 24 10 1 0.03997 0.03997
BinVal : 24 11 1 0.1409 0.1409
BinVal : 24 12 1 0.1633 0.1633
BinVal : 25 0 0 0 0
BinVal : 25 1 0 0 0
BinVal : 25 2 0.002967 0.004153 0.004153
BinVal : 25 3 0.005988 0.008294 0.008294
BinVal : 25 4 0.1658 0.01923 0.01923
BinVal : 25 5 0.7625 0.01465 0.01465
BinVal : 25 6 0.8643 0.0112 0.0112
BinVal : 25 7 0.8779 0.01202 0.01202
BinVal : 25 8 0.8947 0.01003 0.01003
BinVal : 25 9 0.9675 0.01746 0.01746
BinVal : 25 10 1 0.1237 0.1237
BinVal : 25 11 1 0.1936 0.1936
BinVal : 25 12 1 0.1936 0.1936
BinVal : 26 0 0 0 0
BinVal : 26 1 0 0 0
BinVal : 26 2 0.002899 0.004058 0.004058
BinVal : 26 3 0.01183 0.01001 0.01001
BinVal : 26 4 0.1489 0.01775 0.01775
BinVal : 26 5 0.6836 0.01599 0.01599
BinVal : 26 6 0.8109 0.01428 0.01428
BinVal : 26 7 0.8219 0.0174 0.0174
BinVal : 26 8 0.822 0.01538 0.01538
BinVal : 26 9 0.9487 0.0269 0.0269
BinVal : 26 10 1 0.1409 0.1409
BinVal : 26 11 1 0.1409 0.1409
BinVal : 26 12 1 0.1409 0.1409
BinVal : 27 0 0 0 0
BinVal : 27 1 0 0 0
BinVal : 27 2 0 0 0
BinVal : 27 3 0.006803 0.009396 0.009396
BinVal : 27 4 0.1149 0.01862 0.01862
BinVal : 27 5 0.488 0.02063 0.02063
BinVal : 27 6 0.641 0.02347 0.02347
BinVal : 27 7 0.6265 0.03049 0.03049
BinVal : 27 8 0.6865 0.02655 0.02655
BinVal : 27 9 0.8824 0.08154 0.08154
BinVal : 27 10 1 0.1633 0.1633
BinVal : 27 11 1 0.1633 0.1633
BinVal : 27 12 1 0.1633 0.1633
BinVal : 28 0 0 0 0
BinVal : 28 1 0 0 0
BinVal : 28 2 0 0 0
BinVal : 28 3 0 0 0
BinVal : 28 4 0 0 0
BinVal : 28 5 0.2442 0.03261 0.03261
BinVal : 28 6 0.3488 0.05063 0.05063
BinVal : 28 7 0.3143 0.05457 0.05457
BinVal : 28 8 0.3962 0.06547 0.06547
BinVal : 28 9 0.3962 0.06547 0.06547
BinVal : 28 10 0.3962 0.06547 0.06547
BinVal : 28 11 0.3962 0.06547 0.06547
BinVal : 28 12 0.3962 0.06547 0.06547
