D0NoteID : 0
EffName : SINGLEELE_AND_EJETS_v13
EffType : Binned
EffVarNames : DetEta pT
EffVersion : 6
ObjQuality : Loose
ObjType : Electron
ObjVersion : 12
BinEdgesX : -3.2 -2.8 -2.5 -2.3 -2.1 -1.9 -1.7 -1.5 -1.3 -1.1 -0.9 -0.7 -0.5 -0.3 -0.1 0.1 0.3 0.5 0.7 0.9 1.1 1.3 1.5 1.7 1.9 2.1 2.3 2.5 2.8 3.2
BinEdgesY : 0 10 15 20 22 25 30 35 40 50 60 70 80 1000
BinVal : 0 0 0 0 0
BinVal : 0 1 0 0 0
BinVal : 0 2 0 0 0
BinVal : 0 3 0.09091 0.09643 0.09643
BinVal : 0 4 0.1333 0.08985 0.08985
BinVal : 0 5 0.4737 0.07799 0.07799
BinVal : 0 6 0.6 0.09286 0.09286
BinVal : 0 7 0.4737 0.1065 0.1065
BinVal : 0 8 0.7037 0.08447 0.08447
BinVal : 0 9 1 0.2357 0.2357
BinVal : 0 10 1 0.2357 0.2357
BinVal : 0 11 1 0.2357 0.2357
BinVal : 0 12 1 0.2357 0.2357
BinVal : 1 0 0 0 0
BinVal : 1 1 0 0 0
BinVal : 1 2 0 0 0
BinVal : 1 3 0.09091 0.09643 0.09643
BinVal : 1 4 0.1818 0.1126 0.1126
BinVal : 1 5 0.4651 0.07356 0.07356
BinVal : 1 6 0.5 0.0822 0.0822
BinVal : 1 7 0.6296 0.08859 0.08859
BinVal : 1 8 0.7609 0.06186 0.06186
BinVal : 1 9 1 0.2357 0.2357
BinVal : 1 10 1 0.2357 0.2357
BinVal : 1 11 1 0.2357 0.2357
BinVal : 1 12 1 0.2357 0.2357
BinVal : 2 0 0 0 0
BinVal : 2 1 0 0 0
BinVal : 2 2 0.08333 0.09035 0.09035
BinVal : 2 3 0.08333 0.09035 0.09035
BinVal : 2 4 0.5 0.1213 0.1213
BinVal : 2 5 0.5 0.07625 0.07625
BinVal : 2 6 0.5263 0.07799 0.07799
BinVal : 2 7 0.7097 0.07882 0.07882
BinVal : 2 8 0.8182 0.05786 0.05786
BinVal : 2 9 0.5 0.2236 0.2236
BinVal : 2 10 0.5 0.2236 0.2236
BinVal : 2 11 0.5 0.2236 0.2236
BinVal : 2 12 1 0.2357 0.2357
BinVal : 3 0 0 0 0
BinVal : 3 1 0 0 0
BinVal : 3 2 0.07143 0.08021 0.08021
BinVal : 3 3 0.08333 0.09035 0.09035
BinVal : 3 4 0.4737 0.1065 0.1065
BinVal : 3 5 0.5 0.07001 0.07001
BinVal : 3 6 0.6429 0.06257 0.06257
BinVal : 3 7 0.7045 0.06712 0.06712
BinVal : 3 8 0.7736 0.05677 0.05677
BinVal : 3 9 0.8889 0.1113 0.1113
BinVal : 3 10 0.8889 0.1113 0.1113
BinVal : 3 11 0.8889 0.1113 0.1113
BinVal : 3 12 1 0.2357 0.2357
BinVal : 4 0 0 0 0
BinVal : 4 1 0 0 0
BinVal : 4 2 0 0 0
BinVal : 4 3 0.1538 0.1 0.1
BinVal : 4 4 0.2857 0.09392 0.09392
BinVal : 4 5 0.5122 0.07536 0.07536
BinVal : 4 6 0.629 0.06005 0.06005
BinVal : 4 7 0.6753 0.05254 0.05254
BinVal : 4 8 0.7959 0.04053 0.04053
BinVal : 4 9 0.8 0.08738 0.08738
BinVal : 4 10 0.8 0.08738 0.08738
BinVal : 4 11 0.8 0.08738 0.08738
BinVal : 4 12 0.8 0.08738 0.08738
BinVal : 5 0 0 0 0
BinVal : 5 1 0 0 0
BinVal : 5 2 0 0 0
BinVal : 5 3 0.3 0.1307 0.1307
BinVal : 5 4 0.3158 0.1005 0.1005
BinVal : 5 5 0.6 0.07485 0.07485
BinVal : 5 6 0.7206 0.05361 0.05361
BinVal : 5 7 0.7647 0.0417 0.0417
BinVal : 5 8 0.8571 0.0283 0.0283
BinVal : 5 9 0.7143 0.09392 0.09392
BinVal : 5 10 1 0.1237 0.1237
BinVal : 5 11 1 0.1237 0.1237
BinVal : 5 12 1 0.1237 0.1237
BinVal : 6 0 0 0 0
BinVal : 6 1 0 0 0
BinVal : 6 2 0 0 0
BinVal : 6 3 0.4 0.175 0.175
BinVal : 6 4 0.5 0.1667 0.1667
BinVal : 6 5 0.6087 0.09608 0.09608
BinVal : 6 6 0.8158 0.06247 0.06247
BinVal : 6 7 0.8364 0.04994 0.04994
BinVal : 6 8 0.875 0.03563 0.03563
BinVal : 6 9 0.75 0.1382 0.1382
BinVal : 6 10 1 0.1237 0.1237
BinVal : 6 11 1 0.1237 0.1237
BinVal : 6 12 1 0.1237 0.1237
BinVal : 7 0 0 0 0
BinVal : 7 1 0 0 0
BinVal : 7 2 0 0 0
BinVal : 7 3 0 0 0
BinVal : 7 4 0 0 0
BinVal : 7 5 0 0 0
BinVal : 7 6 0 0 0
BinVal : 7 7 0 0 0
BinVal : 7 8 0 0 0
BinVal : 7 9 0 0 0
BinVal : 7 10 0 0 0
BinVal : 7 11 0 0 0
BinVal : 7 12 0 0 0
BinVal : 8 0 0 0 0
BinVal : 8 1 0 0 0
BinVal : 8 2 0 0 0
BinVal : 8 3 0 0 0
BinVal : 8 4 0 0 0
BinVal : 8 5 0 0 0
BinVal : 8 6 0 0 0
BinVal : 8 7 0 0 0
BinVal : 8 8 0 0 0
BinVal : 8 9 0 0 0
BinVal : 8 10 0 0 0
BinVal : 8 11 0 0 0
BinVal : 8 12 0 0 0
BinVal : 9 0 0 0 0
BinVal : 9 1 0 0 0
BinVal : 9 2 0 0 0
BinVal : 9 3 0.5 0.2236 0.2236
BinVal : 9 4 1 0.1237 0.1237
BinVal : 9 5 0.9286 0.05388 0.05388
BinVal : 9 6 0.8205 0.06115 0.06115
BinVal : 9 7 0.9706 0.01877 0.01877
BinVal : 9 8 0.9825 0.01139 0.01139
BinVal : 9 9 0.9524 0.05752 0.05752
BinVal : 9 10 0.8571 0.1315 0.1315
BinVal : 9 11 1 0.1936 0.1936
BinVal : 9 12 1 0.2357 0.2357
BinVal : 10 0 0 0 0
BinVal : 10 1 0 0 0
BinVal : 10 2 0 0 0
BinVal : 10 3 0.75 0.1782 0.1782
BinVal : 10 4 1 0.08299 0.08299
BinVal : 10 5 0.8438 0.06444 0.06444
BinVal : 10 6 0.9111 0.0445 0.0445
BinVal : 10 7 0.9623 0.02013 0.02013
BinVal : 10 8 0.9861 0.009069 0.009069
BinVal : 10 9 0.9722 0.03576 0.03576
BinVal : 10 10 0.8889 0.1113 0.1113
BinVal : 10 11 1 0.1936 0.1936
BinVal : 10 12 1 0.2357 0.2357
BinVal : 11 0 0 0 0
BinVal : 11 1 0 0 0
BinVal : 11 2 0 0 0
BinVal : 11 3 0.5714 0.1571 0.1571
BinVal : 11 4 0.8182 0.1126 0.1126
BinVal : 11 5 0.8519 0.06897 0.06897
BinVal : 11 6 0.9778 0.02913 0.02913
BinVal : 11 7 0.9554 0.02082 0.02082
BinVal : 11 8 0.9651 0.0127 0.0127
BinVal : 11 9 1 0.02272 0.02272
BinVal : 11 10 1 0.09045 0.09045
BinVal : 11 11 1 0.1936 0.1936
BinVal : 11 12 1 0.1936 0.1936
BinVal : 12 0 0 0 0
BinVal : 12 1 0 0 0
BinVal : 12 2 0 0 0
BinVal : 12 3 0.5 0.189 0.189
BinVal : 12 4 0.8333 0.1059 0.1059
BinVal : 12 5 0.9412 0.04544 0.04544
BinVal : 12 6 0.9574 0.0339 0.0339
BinVal : 12 7 0.9737 0.01687 0.01687
BinVal : 12 8 0.964 0.01227 0.01227
BinVal : 12 9 1 0.02222 0.02222
BinVal : 12 10 1 0.07666 0.07666
BinVal : 12 11 1 0.1936 0.1936
BinVal : 12 12 1 0.2357 0.2357
BinVal : 13 0 0 0 0
BinVal : 13 1 0 0 0
BinVal : 13 2 0 0 0
BinVal : 13 3 0 0 0
BinVal : 13 4 1 0.0665 0.0665
BinVal : 13 5 0.9111 0.0445 0.0445
BinVal : 13 6 0.9057 0.04166 0.04166
BinVal : 13 7 0.9592 0.02169 0.02169
BinVal : 13 8 0.9764 0.01017 0.01017
BinVal : 13 9 0.9722 0.03576 0.03576
BinVal : 13 10 1 0.08299 0.08299
BinVal : 13 11 1 0.2357 0.2357
BinVal : 13 12 0.6667 0.2 0.2
BinVal : 14 0 0 0 0
BinVal : 14 1 0 0 0
BinVal : 14 2 0 0 0
BinVal : 14 3 0 0 0
BinVal : 14 4 0.7 0.1307 0.1307
BinVal : 14 5 0.8684 0.05577 0.05577
BinVal : 14 6 0.8644 0.04504 0.04504
BinVal : 14 7 0.9208 0.02769 0.02769
BinVal : 14 8 0.9636 0.01242 0.01242
BinVal : 14 9 0.9167 0.04914 0.04914
BinVal : 14 10 0.8333 0.1443 0.1443
BinVal : 14 11 1 0.2357 0.2357
BinVal : 14 12 0.75 0.1782 0.1782
BinVal : 15 0 0 0 0
BinVal : 15 1 0 0 0
BinVal : 15 2 0 0 0
BinVal : 15 3 1 0.2357 0.2357
BinVal : 15 4 0.3333 0.1389 0.1389
BinVal : 15 5 0.8519 0.06897 0.06897
BinVal : 15 6 0.8814 0.04287 0.04287
BinVal : 15 7 0.9519 0.02234 0.02234
BinVal : 15 8 0.9494 0.01464 0.01464
BinVal : 15 9 0.8889 0.05413 0.05413
BinVal : 15 10 0.6667 0.2 0.2
BinVal : 15 11 1 0.1936 0.1936
BinVal : 15 12 1 0.1409 0.1409
BinVal : 16 0 0 0 0
BinVal : 16 1 0 0 0
BinVal : 16 2 0.2 0.1597 0.1597
BinVal : 16 3 1 0.2357 0.2357
BinVal : 16 4 0.5 0.1508 0.1508
BinVal : 16 5 0.8667 0.06321 0.06321
BinVal : 16 6 0.8983 0.04048 0.04048
BinVal : 16 7 0.8952 0.03036 0.03036
BinVal : 16 8 0.9213 0.0186 0.0186
BinVal : 16 9 0.931 0.05226 0.05226
BinVal : 16 10 1 0.1633 0.1633
BinVal : 16 11 1 0.1936 0.1936
BinVal : 16 12 1 0.1633 0.1633
BinVal : 17 0 0 0 0
BinVal : 17 1 0 0 0
BinVal : 17 2 0.1429 0.1315 0.1315
BinVal : 17 3 0.5 0.2236 0.2236
BinVal : 17 4 0.75 0.1782 0.1782
BinVal : 17 5 0.7778 0.07813 0.07813
BinVal : 17 6 0.8393 0.04918 0.04918
BinVal : 17 7 0.8793 0.03054 0.03054
BinVal : 17 8 0.9104 0.02039 0.02039
BinVal : 17 9 1 0.02777 0.02777
BinVal : 17 10 1 0.1102 0.1102
BinVal : 17 11 1 0.2357 0.2357
BinVal : 17 12 1 0.1936 0.1936
BinVal : 18 0 0 0 0
BinVal : 18 1 0 0 0
BinVal : 18 2 0 0 0
BinVal : 18 3 0.5 0.2236 0.2236
BinVal : 18 4 0.5 0.1667 0.1667
BinVal : 18 5 0.7647 0.09846 0.09846
BinVal : 18 6 0.875 0.05336 0.05336
BinVal : 18 7 0.9314 0.026 0.026
BinVal : 18 8 0.9273 0.02067 0.02067
BinVal : 18 9 1 0.03446 0.03446
BinVal : 18 10 1 0.1237 0.1237
BinVal : 18 11 1 0.2357 0.2357
BinVal : 18 12 1 0.2357 0.2357
BinVal : 19 0 0 0 0
BinVal : 19 1 0 0 0
BinVal : 19 2 0 0 0
BinVal : 19 3 0 0 0
BinVal : 19 4 0.4 0.175 0.175
BinVal : 19 5 1 0.1102 0.1102
BinVal : 19 6 1 0.05871 0.05871
BinVal : 19 7 0.913 0.04364 0.04364
BinVal : 19 8 0.9189 0.03295 0.03295
BinVal : 19 9 1 0.09045 0.09045
BinVal : 19 10 1 0.2357 0.2357
BinVal : 19 11 1 0.2357 0.2357
BinVal : 19 12 1 0.2357 0.2357
BinVal : 20 0 0 0 0
BinVal : 20 1 0 0 0
BinVal : 20 2 0 0 0
BinVal : 20 3 0 0 0
BinVal : 20 4 0 0 0
BinVal : 20 5 0 0 0
BinVal : 20 6 0 0 0
BinVal : 20 7 0 0 0
BinVal : 20 8 0 0 0
BinVal : 20 9 0 0 0
BinVal : 20 10 0 0 0
BinVal : 20 11 0 0 0
BinVal : 20 12 0 0 0
BinVal : 21 0 0 0 0
BinVal : 21 1 0 0 0
BinVal : 21 2 0 0 0
BinVal : 21 3 0 0 0
BinVal : 21 4 0 0 0
BinVal : 21 5 0 0 0
BinVal : 21 6 0 0 0
BinVal : 21 7 0 0 0
BinVal : 21 8 0 0 0
BinVal : 21 9 0 0 0
BinVal : 21 10 0 0 0
BinVal : 21 11 0 0 0
BinVal : 21 12 0 0 0
BinVal : 22 0 0 0 0
BinVal : 22 1 0 0 0
BinVal : 22 2 0 0 0
BinVal : 22 3 0.2857 0.1491 0.1491
BinVal : 22 4 0.4444 0.1086 0.1086
BinVal : 22 5 0.6552 0.06107 0.06107
BinVal : 22 6 0.7347 0.06189 0.06189
BinVal : 22 7 0.8764 0.03528 0.03528
BinVal : 22 8 0.8931 0.02733 0.02733
BinVal : 22 9 1 0.07122 0.07122
BinVal : 22 10 1 0.07122 0.07122
BinVal : 22 11 1 0.07122 0.07122
BinVal : 22 12 1 0.2357 0.2357
BinVal : 23 0 0 0 0
BinVal : 23 1 0 0 0
BinVal : 23 2 0 0 0
BinVal : 23 3 0.25 0.1382 0.1382
BinVal : 23 4 0.2727 0.09091 0.09091
BinVal : 23 5 0.5 0.06299 0.06299
BinVal : 23 6 0.6909 0.06104 0.06104
BinVal : 23 7 0.8608 0.03923 0.03923
BinVal : 23 8 0.8889 0.03364 0.03364
BinVal : 23 9 0.7143 0.1491 0.1491
BinVal : 23 10 1 0.2357 0.2357
BinVal : 23 11 1 0.2357 0.2357
BinVal : 23 12 1 0.2357 0.2357
BinVal : 24 0 0 0 0
BinVal : 24 1 0 0 0
BinVal : 24 2 0 0 0
BinVal : 24 3 0 0 0
BinVal : 24 4 0.3125 0.1081 0.1081
BinVal : 24 5 0.5 0.06509 0.06509
BinVal : 24 6 0.7115 0.06157 0.06157
BinVal : 24 7 0.8966 0.0411 0.0411
BinVal : 24 8 0.9041 0.03541 0.03541
BinVal : 24 9 0.75 0.1382 0.1382
BinVal : 24 10 1 0.2357 0.2357
BinVal : 24 11 1 0.2357 0.2357
BinVal : 24 12 1 0.2357 0.2357
BinVal : 25 0 0 0 0
BinVal : 25 1 0 0 0
BinVal : 25 2 0 0 0
BinVal : 25 3 0 0 0
BinVal : 25 4 0.3846 0.1225 0.1225
BinVal : 25 5 0.5789 0.0772 0.0772
BinVal : 25 6 0.6275 0.06596 0.06596
BinVal : 25 7 0.9118 0.05167 0.05167
BinVal : 25 8 0.9184 0.04124 0.04124
BinVal : 25 9 0.8333 0.1443 0.1443
BinVal : 25 10 0.8333 0.1443 0.1443
BinVal : 25 11 0.8333 0.1443 0.1443
BinVal : 25 12 0.8333 0.1443 0.1443
BinVal : 26 0 0 0 0
BinVal : 26 1 0 0 0
BinVal : 26 2 0 0 0
BinVal : 26 3 0 0 0
BinVal : 26 4 0.35 0.1003 0.1003
BinVal : 26 5 0.5526 0.0777 0.0777
BinVal : 26 6 0.6136 0.07119 0.07119
BinVal : 26 7 0.84 0.07341 0.07341
BinVal : 26 8 0.8519 0.06897 0.06897
BinVal : 26 9 0.75 0.1782 0.1782
BinVal : 26 10 0.75 0.1782 0.1782
BinVal : 26 11 0.75 0.1782 0.1782
BinVal : 26 12 0.75 0.1782 0.1782
BinVal : 27 0 0 0 0
BinVal : 27 1 0 0 0
BinVal : 27 2 0 0 0
BinVal : 27 3 0 0 0
BinVal : 27 4 0.2 0.08738 0.08738
BinVal : 27 5 0.3947 0.07651 0.07651
BinVal : 27 6 0.6316 0.1035 0.1035
BinVal : 27 7 0.8571 0.09466 0.09466
BinVal : 27 8 0.8235 0.09116 0.09116
BinVal : 27 9 0.8235 0.09116 0.09116
BinVal : 27 10 0.8235 0.09116 0.09116
BinVal : 27 11 0.8235 0.09116 0.09116
BinVal : 27 12 0.8235 0.09116 0.09116
BinVal : 28 0 0 0 0
BinVal : 28 1 0 0 0
BinVal : 28 2 0 0 0
BinVal : 28 3 0 0 0
BinVal : 28 4 0.1111 0.1113 0.1113
BinVal : 28 5 0.1818 0.1126 0.1126
BinVal : 28 6 0.3333 0.2 0.2
BinVal : 28 7 1 0.2357 0.2357
BinVal : 28 8 1 0.1633 0.1633
BinVal : 28 9 1 0.1633 0.1633
BinVal : 28 10 1 0.1633 0.1633
BinVal : 28 11 1 0.1633 0.1633
BinVal : 28 12 1 0.1633 0.1633
