D0NoteID : 0
EffName : SINGLEELE_ALL_v15
EffType : Binned
EffVarNames : DetEta pT
EffVersion : 6
ObjQuality : Point05
ObjType : Electron
ObjVersion : 3
TriggerVersion : v15
BinEdgesX : -3.2 -2.8 -2.5 -2.3 -2.1 -1.9 -1.7 -1.5 -1.3 -1.1 -0.9 -0.7 -0.5 -0.3 -0.1 0.1 0.3 0.5 0.7 0.9 1.1 1.3 1.5 1.7 1.9 2.1 2.3 2.5 2.8 3.2
BinEdgesY : 0 10 15 20 22 25 30 35 40 50 60 70 80 1000
BinVal : 0 0 0 0 0
BinVal : 0 1 0 0 0
BinVal : 0 2 0 0 0
BinVal : 0 3 0.1379 0.06502 0.06502
BinVal : 0 4 0.3542 0.06721 0.06721
BinVal : 0 5 0.6792 0.03674 0.03674
BinVal : 0 6 0.8534 0.03296 0.03296
BinVal : 0 7 0.8657 0.04208 0.04208
BinVal : 0 8 0.93 0.02649 0.02649
BinVal : 0 9 1 0.1633 0.1633
BinVal : 0 10 1 0.1633 0.1633
BinVal : 0 11 1 0.1633 0.1633
BinVal : 0 12 1 0.1633 0.1633
BinVal : 1 0 0 0 0
BinVal : 1 1 0 0 0
BinVal : 1 2 0.01923 0.02546 0.02546
BinVal : 1 3 0.1395 0.05344 0.05344
BinVal : 1 4 0.4265 0.05873 0.05873
BinVal : 1 5 0.755 0.02468 0.02468
BinVal : 1 6 0.9362 0.0148 0.0148
BinVal : 1 7 0.965 0.01369 0.01369
BinVal : 1 8 0.9835 0.009015 0.009015
BinVal : 1 9 1 0.04343 0.04343
BinVal : 1 10 1 0.2357 0.2357
BinVal : 1 11 1 0.2357 0.2357
BinVal : 1 12 1 0.2357 0.2357
BinVal : 2 0 0 0 0
BinVal : 2 1 0 0 0
BinVal : 2 2 0.03279 0.02662 0.02662
BinVal : 2 3 0.1961 0.05519 0.05519
BinVal : 2 4 0.5 0.05185 0.05185
BinVal : 2 5 0.7678 0.02203 0.02203
BinVal : 2 6 0.9524 0.01007 0.01007
BinVal : 2 7 0.9913 0.005722 0.005722
BinVal : 2 8 0.9977 0.00327 0.00327
BinVal : 2 9 1 0.02127 0.02127
BinVal : 2 10 1 0.2357 0.2357
BinVal : 2 11 1 0.2357 0.2357
BinVal : 2 12 1 0.2357 0.2357
BinVal : 3 0 0 0 0
BinVal : 3 1 0 0 0
BinVal : 3 2 0.01667 0.02226 0.02226
BinVal : 3 3 0.1897 0.05121 0.05121
BinVal : 3 4 0.4718 0.04146 0.04146
BinVal : 3 5 0.763 0.02109 0.02109
BinVal : 3 6 0.9378 0.00985 0.00985
BinVal : 3 7 0.9925 0.004148 0.004148
BinVal : 3 8 0.9986 0.001941 0.001941
BinVal : 3 9 1 0.01282 0.01282
BinVal : 3 10 1 0.1237 0.1237
BinVal : 3 11 1 0.1936 0.1936
BinVal : 3 12 1 0.2357 0.2357
BinVal : 4 0 0 0 0
BinVal : 4 1 0 0 0
BinVal : 4 2 0.01235 0.01673 0.01673
BinVal : 4 3 0.1042 0.0455 0.0455
BinVal : 4 4 0.4875 0.03915 0.03915
BinVal : 4 5 0.7568 0.02123 0.02123
BinVal : 4 6 0.9451 0.008974 0.008974
BinVal : 4 7 0.9867 0.004358 0.004358
BinVal : 4 8 0.9981 0.001619 0.001619
BinVal : 4 9 1 0.008403 0.008403
BinVal : 4 10 1 0.0665 0.0665
BinVal : 4 11 1 0.1409 0.1409
BinVal : 4 12 1 0.2357 0.2357
BinVal : 5 0 0 0 0
BinVal : 5 1 0 0 0
BinVal : 5 2 0.03704 0.02337 0.02337
BinVal : 5 3 0.1923 0.05431 0.05431
BinVal : 5 4 0.6242 0.03932 0.03932
BinVal : 5 5 0.8061 0.0191 0.0191
BinVal : 5 6 0.97 0.006746 0.006746
BinVal : 5 7 0.9882 0.003874 0.003874
BinVal : 5 8 0.9959 0.001797 0.001797
BinVal : 5 9 0.9824 0.01146 0.01146
BinVal : 5 10 1 0.0454 0.0454
BinVal : 5 11 0.9 0.1034 0.1034
BinVal : 5 12 1 0.2357 0.2357
BinVal : 6 0 0 0 0
BinVal : 6 1 0 0 0
BinVal : 6 2 0.06061 0.04666 0.04666
BinVal : 6 3 0.2759 0.08024 0.08024
BinVal : 6 4 0.7067 0.05182 0.05182
BinVal : 6 5 0.8721 0.02266 0.02266
BinVal : 6 6 0.9792 0.008256 0.008256
BinVal : 6 7 0.9906 0.0052 0.0052
BinVal : 6 8 0.9953 0.002624 0.002624
BinVal : 6 9 0.9706 0.01877 0.01877
BinVal : 6 10 1 0.0665 0.0665
BinVal : 6 11 0.875 0.1206 0.1206
BinVal : 6 12 1 0.2357 0.2357
BinVal : 7 0 0 0 0
BinVal : 7 1 0 0 0
BinVal : 7 2 0 0 0
BinVal : 7 3 0 0 0
BinVal : 7 4 0 0 0
BinVal : 7 5 0 0 0
BinVal : 7 6 0 0 0
BinVal : 7 7 0 0 0
BinVal : 7 8 0 0 0
BinVal : 7 9 0 0 0
BinVal : 7 10 0 0 0
BinVal : 7 11 0 0 0
BinVal : 7 12 0 0 0
BinVal : 8 0 0 0 0
BinVal : 8 1 0 0 0
BinVal : 8 2 0 0 0
BinVal : 8 3 0 0 0
BinVal : 8 4 0 0 0
BinVal : 8 5 0 0 0
BinVal : 8 6 0 0 0
BinVal : 8 7 0 0 0
BinVal : 8 8 0 0 0
BinVal : 8 9 0 0 0
BinVal : 8 10 0 0 0
BinVal : 8 11 0 0 0
BinVal : 8 12 0 0 0
BinVal : 9 0 0 0 0
BinVal : 9 1 0.125 0.1206 0.1206
BinVal : 9 2 0.2778 0.07262 0.07262
BinVal : 9 3 0.5294 0.08207 0.08207
BinVal : 9 4 0.7049 0.05737 0.05737
BinVal : 9 5 0.916 0.0182 0.0182
BinVal : 9 6 0.9772 0.005991 0.005991
BinVal : 9 7 0.9918 0.002703 0.002703
BinVal : 9 8 0.9972 0.001143 0.001143
BinVal : 9 9 1 0.002809 0.002809
BinVal : 9 10 1 0.01428 0.01428
BinVal : 9 11 1 0.05871 0.05871
BinVal : 9 12 1 0.09045 0.09045
BinVal : 10 0 0 0 0
BinVal : 10 1 0 0 0
BinVal : 10 2 0.3846 0.07527 0.07527
BinVal : 10 3 0.4694 0.06922 0.06922
BinVal : 10 4 0.8172 0.04 0.04
BinVal : 10 5 0.945 0.01363 0.01363
BinVal : 10 6 0.9845 0.004821 0.004821
BinVal : 10 7 0.9914 0.002564 0.002564
BinVal : 10 8 0.9983 0.0008218 0.0008218
BinVal : 10 9 1 0.002415 0.002415
BinVal : 10 10 1 0.01163 0.01163
BinVal : 10 11 1 0.05255 0.05255
BinVal : 10 12 1 0.04993 0.04993
BinVal : 11 0 0 0 0
BinVal : 11 1 0 0 0
BinVal : 11 2 0.5 0.08452 0.08452
BinVal : 11 3 0.4545 0.07266 0.07266
BinVal : 11 4 0.85 0.03583 0.03583
BinVal : 11 5 0.9643 0.01001 0.01001
BinVal : 11 6 0.9832 0.005236 0.005236
BinVal : 11 7 0.9926 0.002448 0.002448
BinVal : 11 8 0.9987 0.0007382 0.0007382
BinVal : 11 9 0.9979 0.002919 0.002919
BinVal : 11 10 1 0.01205 0.01205
BinVal : 11 11 1 0.03123 0.03123
BinVal : 11 12 1 0.04163 0.04163
BinVal : 12 0 0 0 0
BinVal : 12 1 0 0 0
BinVal : 12 2 0.3043 0.09148 0.09148
BinVal : 12 3 0.4286 0.08037 0.08037
BinVal : 12 4 0.8404 0.03784 0.03784
BinVal : 12 5 0.974 0.008437 0.008437
BinVal : 12 6 0.9856 0.004983 0.004983
BinVal : 12 7 0.9942 0.002338 0.002338
BinVal : 12 8 0.9984 0.0007592 0.0007592
BinVal : 12 9 0.9961 0.003376 0.003376
BinVal : 12 10 0.9877 0.01673 0.01673
BinVal : 12 11 1 0.02127 0.02127
BinVal : 12 12 1 0.03997 0.03997
BinVal : 13 0 0 0 0
BinVal : 13 1 0 0 0
BinVal : 13 2 0.2083 0.08108 0.08108
BinVal : 13 3 0.2963 0.08447 0.08447
BinVal : 13 4 0.8716 0.0323 0.0323
BinVal : 13 5 0.9666 0.009385 0.009385
BinVal : 13 6 0.9899 0.004061 0.004061
BinVal : 13 7 0.9934 0.00267 0.00267
BinVal : 13 8 0.9986 0.0007046 0.0007046
BinVal : 13 9 0.998 0.002809 0.002809
BinVal : 13 10 0.9891 0.01481 0.01481
BinVal : 13 11 1 0.02272 0.02272
BinVal : 13 12 1 0.03224 0.03224
BinVal : 14 0 0 0 0
BinVal : 14 1 0 0 0
BinVal : 14 2 0.25 0.07942 0.07942
BinVal : 14 3 0.3333 0.09722 0.09722
BinVal : 14 4 0.87 0.03391 0.03391
BinVal : 14 5 0.9576 0.01028 0.01028
BinVal : 14 6 0.9889 0.004115 0.004115
BinVal : 14 7 0.9906 0.003108 0.003108
BinVal : 14 8 0.9977 0.0008658 0.0008658
BinVal : 14 9 0.9959 0.003492 0.003492
BinVal : 14 10 1 0.009523 0.009523
BinVal : 14 11 1 0.02777 0.02777
BinVal : 14 12 1 0.03843 0.03843
BinVal : 15 0 0 0 0
BinVal : 15 1 0.5 0.2236 0.2236
BinVal : 15 2 0.2581 0.07638 0.07638
BinVal : 15 3 0.3214 0.08467 0.08467
BinVal : 15 4 0.8621 0.03723 0.03723
BinVal : 15 5 0.9624 0.01013 0.01013
BinVal : 15 6 0.9898 0.004102 0.004102
BinVal : 15 7 0.9927 0.002562 0.002562
BinVal : 15 8 0.9972 0.0009792 0.0009792
BinVal : 15 9 0.9917 0.004591 0.004591
BinVal : 15 10 1 0.009259 0.009259
BinVal : 15 11 1 0.03331 0.03331
BinVal : 15 12 1 0.05871 0.05871
BinVal : 16 0 0 0 0
BinVal : 16 1 0.3333 0.1614 0.1614
BinVal : 16 2 0.3333 0.07317 0.07317
BinVal : 16 3 0.4242 0.08248 0.08248
BinVal : 16 4 0.8542 0.03619 0.03619
BinVal : 16 5 0.9502 0.01241 0.01241
BinVal : 16 6 0.9871 0.004469 0.004469
BinVal : 16 7 0.995 0.002011 0.002011
BinVal : 16 8 0.9974 0.0009804 0.0009804
BinVal : 16 9 0.9936 0.004206 0.004206
BinVal : 16 10 1 0.009434 0.009434
BinVal : 16 11 1 0.04756 0.04756
BinVal : 16 12 1 0.04163 0.04163
BinVal : 17 0 0 0 0
BinVal : 17 1 0.07692 0.08498 0.08498
BinVal : 17 2 0.3409 0.06947 0.06947
BinVal : 17 3 0.5 0.08452 0.08452
BinVal : 17 4 0.8317 0.03724 0.03724
BinVal : 17 5 0.9439 0.01391 0.01391
BinVal : 17 6 0.9828 0.004894 0.004894
BinVal : 17 7 0.9939 0.002127 0.002127
BinVal : 17 8 0.9974 0.0009807 0.0009807
BinVal : 17 9 0.9978 0.003146 0.003146
BinVal : 17 10 1 0.01136 0.01136
BinVal : 17 11 1 0.0454 0.0454
BinVal : 17 12 1 0.04163 0.04163
BinVal : 18 0 0 0 0
BinVal : 18 1 0 0 0
BinVal : 18 2 0.3077 0.0718 0.0718
BinVal : 18 3 0.4828 0.08834 0.08834
BinVal : 18 4 0.8864 0.03434 0.03434
BinVal : 18 5 0.9515 0.01347 0.01347
BinVal : 18 6 0.9791 0.005482 0.005482
BinVal : 18 7 0.992 0.002651 0.002651
BinVal : 18 8 0.9969 0.001172 0.001172
BinVal : 18 9 1 0.00271 0.00271
BinVal : 18 10 1 0.01515 0.01515
BinVal : 18 11 1 0.03997 0.03997
BinVal : 18 12 1 0.0665 0.0665
BinVal : 19 0 0 0 0
BinVal : 19 1 0 0 0
BinVal : 19 2 0.3571 0.1174 0.1174
BinVal : 19 3 0.6 0.1367 0.1367
BinVal : 19 4 0.9744 0.03324 0.03324
BinVal : 19 5 0.9559 0.01861 0.01861
BinVal : 19 6 0.9765 0.008643 0.008643
BinVal : 19 7 0.9898 0.004953 0.004953
BinVal : 19 8 0.9952 0.002347 0.002347
BinVal : 19 9 1 0.006993 0.006993
BinVal : 19 10 1 0.03029 0.03029
BinVal : 19 11 1 0.07666 0.07666
BinVal : 19 12 1 0.1237 0.1237
BinVal : 20 0 0 0 0
BinVal : 20 1 0 0 0
BinVal : 20 2 0 0 0
BinVal : 20 3 0 0 0
BinVal : 20 4 0 0 0
BinVal : 20 5 0 0 0
BinVal : 20 6 0 0 0
BinVal : 20 7 0 0 0
BinVal : 20 8 0 0 0
BinVal : 20 9 0 0 0
BinVal : 20 10 0 0 0
BinVal : 20 11 0 0 0
BinVal : 20 12 0 0 0
BinVal : 21 0 0 0 0
BinVal : 21 1 0 0 0
BinVal : 21 2 0 0 0
BinVal : 21 3 0 0 0
BinVal : 21 4 0 0 0
BinVal : 21 5 0 0 0
BinVal : 21 6 0 0 0
BinVal : 21 7 0 0 0
BinVal : 21 8 0 0 0
BinVal : 21 9 0 0 0
BinVal : 21 10 0 0 0
BinVal : 21 11 0 0 0
BinVal : 21 12 0 0 0
BinVal : 22 0 0 0 0
BinVal : 22 1 0 0 0
BinVal : 22 2 0.1746 0.04776 0.04776
BinVal : 22 3 0.2615 0.05375 0.05375
BinVal : 22 4 0.7045 0.03938 0.03938
BinVal : 22 5 0.8223 0.01824 0.01824
BinVal : 22 6 0.9535 0.00839 0.00839
BinVal : 22 7 0.9928 0.003142 0.003142
BinVal : 22 8 0.9966 0.001661 0.001661
BinVal : 22 9 1 0.006579 0.006579
BinVal : 22 10 1 0.0238 0.0238
BinVal : 22 11 1 0.07122 0.07122
BinVal : 22 12 1 0.1102 0.1102
BinVal : 23 0 0 0 0
BinVal : 23 1 0 0 0
BinVal : 23 2 0.02597 0.02137 0.02137
BinVal : 23 3 0.1143 0.03871 0.03871
BinVal : 23 4 0.5573 0.04292 0.04292
BinVal : 23 5 0.7572 0.02098 0.02098
BinVal : 23 6 0.942 0.009462 0.009462
BinVal : 23 7 0.99 0.004015 0.004015
BinVal : 23 8 0.9982 0.00159 0.00159
BinVal : 23 9 1 0.008403 0.008403
BinVal : 23 10 1 0.03446 0.03446
BinVal : 23 11 1 0.1237 0.1237
BinVal : 23 12 1 0.1936 0.1936
BinVal : 24 0 0 0 0
BinVal : 24 1 0 0 0
BinVal : 24 2 0 0 0
BinVal : 24 3 0.08197 0.03669 0.03669
BinVal : 24 4 0.5847 0.04482 0.04482
BinVal : 24 5 0.7741 0.02103 0.02103
BinVal : 24 6 0.9522 0.00927 0.00927
BinVal : 24 7 0.9925 0.004148 0.004148
BinVal : 24 8 0.9986 0.00199 0.00199
BinVal : 24 9 1 0.01124 0.01124
BinVal : 24 10 1 0.05255 0.05255
BinVal : 24 11 1 0.05255 0.05255
BinVal : 24 12 1 0.05255 0.05255
BinVal : 25 0 0 0 0
BinVal : 25 1 0 0 0
BinVal : 25 2 0.01299 0.01756 0.01756
BinVal : 25 3 0.02564 0.03324 0.03324
BinVal : 25 4 0.5208 0.05021 0.05021
BinVal : 25 5 0.7795 0.02306 0.02306
BinVal : 25 6 0.9433 0.01115 0.01115
BinVal : 25 7 0.997 0.004228 0.004228
BinVal : 25 8 0.9957 0.003685 0.003685
BinVal : 25 9 1 0.02083 0.02083
BinVal : 25 10 1 0.08299 0.08299
BinVal : 25 11 1 0.1936 0.1936
BinVal : 25 12 1 0.1936 0.1936
BinVal : 26 0 0 0 0
BinVal : 26 1 0 0 0
BinVal : 26 2 0.0125 0.01693 0.01693
BinVal : 26 3 0.05405 0.04213 0.04213
BinVal : 26 4 0.4375 0.04987 0.04987
BinVal : 26 5 0.7354 0.02742 0.02742
BinVal : 26 6 0.9058 0.01676 0.01676
BinVal : 26 7 0.9731 0.01279 0.01279
BinVal : 26 8 0.9758 0.009569 0.009569
BinVal : 26 9 1 0.03997 0.03997
BinVal : 26 10 1 0.1936 0.1936
BinVal : 26 11 1 0.1936 0.1936
BinVal : 26 12 1 0.1936 0.1936
BinVal : 27 0 0 0 0
BinVal : 27 1 0 0 0
BinVal : 27 2 0 0 0
BinVal : 27 3 0.05 0.05994 0.05994
BinVal : 27 4 0.4068 0.06246 0.06246
BinVal : 27 5 0.6118 0.03917 0.03917
BinVal : 27 6 0.7939 0.03522 0.03522
BinVal : 27 7 0.8861 0.03633 0.03633
BinVal : 27 8 0.9223 0.02719 0.02719
BinVal : 27 9 0.875 0.1206 0.1206
BinVal : 27 10 0.875 0.1206 0.1206
BinVal : 27 11 0.875 0.1206 0.1206
BinVal : 27 12 0.875 0.1206 0.1206
BinVal : 28 0 0 0 0
BinVal : 28 1 0 0 0
BinVal : 28 2 0 0 0
BinVal : 28 3 0 0 0
BinVal : 28 4 0 0 0
BinVal : 28 5 0.2222 0.07813 0.07813
BinVal : 28 6 0.2222 0.07813 0.07813
BinVal : 28 7 0.5556 0.1437 0.1437
BinVal : 28 8 0.5 0.189 0.189
BinVal : 28 9 0.5 0.189 0.189
BinVal : 28 10 0.5 0.189 0.189
BinVal : 28 11 0.5 0.189 0.189
BinVal : 28 12 0.5 0.189 0.189
