D0NoteID : 0
EffName : SINGLEELE_AND_GROUP1_v155
EffType : Binned
EffVarNames : DetEta pT
EffVersion : 6
ObjQuality : Top_tight
ObjType : Electron
ObjVersion : 4
BinEdgesX : -3.2 -2.8 -2.5 -2.3 -2.1 -1.9 -1.7 -1.5 -1.3 -1.1 -0.9 -0.7 -0.5 -0.3 -0.1 0.1 0.3 0.5 0.7 0.9 1.1 1.3 1.5 1.7 1.9 2.1 2.3 2.5 2.8 3.2
BinEdgesY : 0 10 15 20 22 25 30 35 40 50 60 70 80 1000
BinVal : 0 0 0 0 0
BinVal : 0 1 0 0 0
BinVal : 0 2 0.04545 0.05528 0.05528
BinVal : 0 3 0.04545 0.05528 0.05528
BinVal : 0 4 0.1304 0.0719 0.0719
BinVal : 0 5 0.5128 0.07713 0.07713
BinVal : 0 6 0.8214 0.07184 0.07184
BinVal : 0 7 0.619 0.09962 0.09962
BinVal : 0 8 0.6667 0.1041 0.1041
BinVal : 0 9 0.6667 0.1041 0.1041
BinVal : 0 10 0.6667 0.1041 0.1041
BinVal : 0 11 0.6667 0.1041 0.1041
BinVal : 0 12 0.6667 0.1041 0.1041
BinVal : 1 0 0 0 0
BinVal : 1 1 0 0 0
BinVal : 1 2 0.01818 0.02416 0.02416
BinVal : 1 3 0.02941 0.03766 0.03766
BinVal : 1 4 0.2889 0.04722 0.04722
BinVal : 1 5 0.7658 0.03354 0.03354
BinVal : 1 6 0.896 0.02345 0.02345
BinVal : 1 7 0.8273 0.03603 0.03603
BinVal : 1 8 0.9041 0.02472 0.02472
BinVal : 1 9 1 0.05546 0.05546
BinVal : 1 10 1 0.2357 0.2357
BinVal : 1 11 1 0.2357 0.2357
BinVal : 1 12 1 0.2357 0.2357
BinVal : 2 0 0 0 0
BinVal : 2 1 0 0 0
BinVal : 2 2 0 0 0
BinVal : 2 3 0.02222 0.02913 0.02913
BinVal : 2 4 0.2756 0.03934 0.03934
BinVal : 2 5 0.7806 0.02682 0.02682
BinVal : 2 6 0.8803 0.01854 0.01854
BinVal : 2 7 0.8547 0.02309 0.02309
BinVal : 2 8 0.9177 0.01532 0.01532
BinVal : 2 9 0.963 0.04626 0.04626
BinVal : 2 10 1 0.1409 0.1409
BinVal : 2 11 1 0.2357 0.2357
BinVal : 2 12 1 0.2357 0.2357
BinVal : 3 0 0 0 0
BinVal : 3 1 0 0 0
BinVal : 3 2 0 0 0
BinVal : 3 3 0.01818 0.02416 0.02416
BinVal : 3 4 0.2038 0.03206 0.03206
BinVal : 3 5 0.7674 0.02484 0.02484
BinVal : 3 6 0.8351 0.01914 0.01914
BinVal : 3 7 0.8382 0.01811 0.01811
BinVal : 3 8 0.8992 0.01317 0.01317
BinVal : 3 9 0.9778 0.02913 0.02913
BinVal : 3 10 1 0.07666 0.07666
BinVal : 3 11 1 0.2357 0.2357
BinVal : 3 12 1 0.2357 0.2357
BinVal : 4 0 0 0 0
BinVal : 4 1 0 0 0
BinVal : 4 2 0 0 0
BinVal : 4 3 0.03659 0.0231 0.0231
BinVal : 4 4 0.3184 0.03103 0.03103
BinVal : 4 5 0.8005 0.01981 0.01981
BinVal : 4 6 0.8239 0.01632 0.01632
BinVal : 4 7 0.8137 0.01503 0.01503
BinVal : 4 8 0.8942 0.009925 0.009925
BinVal : 4 9 0.9667 0.01788 0.01788
BinVal : 4 10 1 0.04756 0.04756
BinVal : 4 11 1 0.1633 0.1633
BinVal : 4 12 1 0.1936 0.1936
BinVal : 5 0 0 0 0
BinVal : 5 1 0 0 0
BinVal : 5 2 0.02913 0.01859 0.01859
BinVal : 5 3 0.1429 0.03553 0.03553
BinVal : 5 4 0.4882 0.03118 0.03118
BinVal : 5 5 0.8594 0.0145 0.0145
BinVal : 5 6 0.88 0.01121 0.01121
BinVal : 5 7 0.8754 0.01048 0.01048
BinVal : 5 8 0.936 0.005951 0.005951
BinVal : 5 9 0.9726 0.01175 0.01175
BinVal : 5 10 1 0.02856 0.02856
BinVal : 5 11 1 0.1102 0.1102
BinVal : 5 12 1 0.07666 0.07666
BinVal : 6 0 0 0 0
BinVal : 6 1 0 0 0
BinVal : 6 2 0.06522 0.03948 0.03948
BinVal : 6 3 0.24 0.05948 0.05948
BinVal : 6 4 0.5659 0.04315 0.04315
BinVal : 6 5 0.8953 0.01659 0.01659
BinVal : 6 6 0.9137 0.0125 0.0125
BinVal : 6 7 0.9244 0.01091 0.01091
BinVal : 6 8 0.9597 0.006079 0.006079
BinVal : 6 9 0.9848 0.01273 0.01273
BinVal : 6 10 1 0.04163 0.04163
BinVal : 6 11 1 0.1633 0.1633
BinVal : 6 12 1 0.08299 0.08299
BinVal : 7 0 0 0 0
BinVal : 7 1 0 0 0
BinVal : 7 2 0 0 0
BinVal : 7 3 0 0 0
BinVal : 7 4 0 0 0
BinVal : 7 5 0 0 0
BinVal : 7 6 0 0 0
BinVal : 7 7 0 0 0
BinVal : 7 8 0 0 0
BinVal : 7 9 0 0 0
BinVal : 7 10 0 0 0
BinVal : 7 11 0 0 0
BinVal : 7 12 0 0 0
BinVal : 8 0 0 0 0
BinVal : 8 1 0 0 0
BinVal : 8 2 0 0 0
BinVal : 8 3 0 0 0
BinVal : 8 4 0 0 0
BinVal : 8 5 0 0 0
BinVal : 8 6 0 0 0
BinVal : 8 7 0 0 0
BinVal : 8 8 0 0 0
BinVal : 8 9 0 0 0
BinVal : 8 10 0 0 0
BinVal : 8 11 0 0 0
BinVal : 8 12 0 0 0
BinVal : 9 0 0 0 0
BinVal : 9 1 0 0 0
BinVal : 9 2 0.1481 0.03966 0.03966
BinVal : 9 3 0.4444 0.06119 0.06119
BinVal : 9 4 0.6972 0.03825 0.03825
BinVal : 9 5 0.9557 0.01012 0.01012
BinVal : 9 6 0.9808 0.004456 0.004456
BinVal : 9 7 0.9813 0.003267 0.003267
BinVal : 9 8 0.9899 0.001667 0.001667
BinVal : 9 9 0.9968 0.002785 0.002785
BinVal : 9 10 1 0.009434 0.009434
BinVal : 9 11 1 0.0238 0.0238
BinVal : 9 12 1 0.04993 0.04993
BinVal : 10 0 0 0 0
BinVal : 10 1 0 0 0
BinVal : 10 2 0.2418 0.0445 0.0445
BinVal : 10 3 0.5075 0.05976 0.05976
BinVal : 10 4 0.6821 0.03516 0.03516
BinVal : 10 5 0.9388 0.01094 0.01094
BinVal : 10 6 0.9789 0.004528 0.004528
BinVal : 10 7 0.9862 0.002636 0.002636
BinVal : 10 8 0.9908 0.001434 0.001434
BinVal : 10 9 0.9946 0.002977 0.002977
BinVal : 10 10 1 0.007633 0.007633
BinVal : 10 11 1 0.01886 0.01886
BinVal : 10 12 1 0.02631 0.02631
BinVal : 11 0 0 0 0
BinVal : 11 1 0 0 0
BinVal : 11 2 0.2118 0.04404 0.04404
BinVal : 11 3 0.5574 0.06211 0.06211
BinVal : 11 4 0.7174 0.03301 0.03301
BinVal : 11 5 0.9587 0.008761 0.008761
BinVal : 11 6 0.9744 0.005131 0.005131
BinVal : 11 7 0.9913 0.002091 0.002091
BinVal : 11 8 0.9922 0.001278 0.001278
BinVal : 11 9 0.9933 0.003268 0.003268
BinVal : 11 10 1 0.006711 0.006711
BinVal : 11 11 1 0.01695 0.01695
BinVal : 11 12 1 0.01886 0.01886
BinVal : 12 0 0 0 0
BinVal : 12 1 0 0 0
BinVal : 12 2 0.1429 0.04211 0.04211
BinVal : 12 3 0.4808 0.06737 0.06737
BinVal : 12 4 0.678 0.03488 0.03488
BinVal : 12 5 0.9744 0.006951 0.006951
BinVal : 12 6 0.9776 0.004712 0.004712
BinVal : 12 7 0.9893 0.002384 0.002384
BinVal : 12 8 0.9908 0.001346 0.001346
BinVal : 12 9 0.9961 0.002582 0.002582
BinVal : 12 10 1 0.006329 0.006329
BinVal : 12 11 1 0.01515 0.01515
BinVal : 12 12 1 0.01818 0.01818
BinVal : 13 0 0 0 0
BinVal : 13 1 0 0 0
BinVal : 13 2 0.2 0.05129 0.05129
BinVal : 13 3 0.449 0.069 0.069
BinVal : 13 4 0.6322 0.03628 0.03628
BinVal : 13 5 0.9679 0.007604 0.007604
BinVal : 13 6 0.9815 0.004184 0.004184
BinVal : 13 7 0.9899 0.002426 0.002426
BinVal : 13 8 0.991 0.001313 0.001313
BinVal : 13 9 0.995 0.002764 0.002764
BinVal : 13 10 1 0.00641 0.00641
BinVal : 13 11 1 0.01428 0.01428
BinVal : 13 12 1 0.02173 0.02173
BinVal : 14 0 0 0 0
BinVal : 14 1 0 0 0
BinVal : 14 2 0.1321 0.04711 0.04711
BinVal : 14 3 0.4561 0.06432 0.06432
BinVal : 14 4 0.6199 0.03683 0.03683
BinVal : 14 5 0.9696 0.007214 0.007214
BinVal : 14 6 0.9856 0.003674 0.003674
BinVal : 14 7 0.9901 0.002387 0.002387
BinVal : 14 8 0.9924 0.001203 0.001203
BinVal : 14 9 0.9919 0.003264 0.003264
BinVal : 14 10 1 0.006211 0.006211
BinVal : 14 11 1 0.01613 0.01613
BinVal : 14 12 1 0.01852 0.01852
BinVal : 15 0 0 0 0
BinVal : 15 1 0 0 0
BinVal : 15 2 0.1343 0.04208 0.04208
BinVal : 15 3 0.4844 0.06106 0.06106
BinVal : 15 4 0.6467 0.03499 0.03499
BinVal : 15 5 0.9724 0.006759 0.006759
BinVal : 15 6 0.9856 0.003671 0.003671
BinVal : 15 7 0.9893 0.002374 0.002374
BinVal : 15 8 0.9908 0.001328 0.001328
BinVal : 15 9 0.993 0.003062 0.003062
BinVal : 15 10 1 0.006451 0.006451
BinVal : 15 11 1 0.01754 0.01754
BinVal : 15 12 1 0.0204 0.0204
BinVal : 16 0 0 0 0
BinVal : 16 1 0 0 0
BinVal : 16 2 0.1364 0.04264 0.04264
BinVal : 16 3 0.45 0.0627 0.0627
BinVal : 16 4 0.6878 0.0335 0.0335
BinVal : 16 5 0.9667 0.007674 0.007674
BinVal : 16 6 0.9837 0.003785 0.003785
BinVal : 16 7 0.9881 0.002418 0.002418
BinVal : 16 8 0.9902 0.0014 0.0014
BinVal : 16 9 0.9952 0.002688 0.002688
BinVal : 16 10 1 0.006536 0.006536
BinVal : 16 11 1 0.0147 0.0147
BinVal : 16 12 1 0.02856 0.02856
BinVal : 17 0 0 0 0
BinVal : 17 1 0 0 0
BinVal : 17 2 0.1569 0.05109 0.05109
BinVal : 17 3 0.4127 0.06066 0.06066
BinVal : 17 4 0.6853 0.03852 0.03852
BinVal : 17 5 0.9588 0.009438 0.009438
BinVal : 17 6 0.9845 0.003716 0.003716
BinVal : 17 7 0.988 0.00239 0.00239
BinVal : 17 8 0.9903 0.001443 0.001443
BinVal : 17 9 0.9963 0.002426 0.002426
BinVal : 17 10 0.9868 0.01117 0.01117
BinVal : 17 11 1 0.01587 0.01587
BinVal : 17 12 1 0.02499 0.02499
BinVal : 18 0 0 0 0
BinVal : 18 1 0 0 0
BinVal : 18 2 0.197 0.04868 0.04868
BinVal : 18 3 0.4828 0.06398 0.06398
BinVal : 18 4 0.7333 0.04005 0.04005
BinVal : 18 5 0.9607 0.01018 0.01018
BinVal : 18 6 0.9806 0.004397 0.004397
BinVal : 18 7 0.9891 0.002481 0.002481
BinVal : 18 8 0.9908 0.001561 0.001561
BinVal : 18 9 0.997 0.002566 0.002566
BinVal : 18 10 0.9821 0.01493 0.01493
BinVal : 18 11 1 0.0238 0.0238
BinVal : 18 12 1 0.02499 0.02499
BinVal : 19 0 0 0 0
BinVal : 19 1 0 0 0
BinVal : 19 2 0.1842 0.06247 0.06247
BinVal : 19 3 0.5217 0.09798 0.09798
BinVal : 19 4 0.7903 0.05128 0.05128
BinVal : 19 5 0.9605 0.0154 0.0154
BinVal : 19 6 0.9764 0.007299 0.007299
BinVal : 19 7 0.9879 0.004213 0.004213
BinVal : 19 8 0.9922 0.002328 0.002328
BinVal : 19 9 0.9963 0.005115 0.005115
BinVal : 19 10 1 0.02272 0.02272
BinVal : 19 11 1 0.05871 0.05871
BinVal : 19 12 1 0.05255 0.05255
BinVal : 20 0 0 0 0
BinVal : 20 1 0 0 0
BinVal : 20 2 0 0 0
BinVal : 20 3 0 0 0
BinVal : 20 4 0 0 0
BinVal : 20 5 0 0 0
BinVal : 20 6 0 0 0
BinVal : 20 7 0 0 0
BinVal : 20 8 0 0 0
BinVal : 20 9 0 0 0
BinVal : 20 10 0 0 0
BinVal : 20 11 0 0 0
BinVal : 20 12 0 0 0
BinVal : 21 0 0 0 0
BinVal : 21 1 0 0 0
BinVal : 21 2 0 0 0
BinVal : 21 3 0 0 0
BinVal : 21 4 0 0 0
BinVal : 21 5 0 0 0
BinVal : 21 6 0 0 0
BinVal : 21 7 0 0 0
BinVal : 21 8 0 0 0
BinVal : 21 9 0 0 0
BinVal : 21 10 0 0 0
BinVal : 21 11 0 0 0
BinVal : 21 12 0 0 0
BinVal : 22 0 0 0 0
BinVal : 22 1 0 0 0
BinVal : 22 2 0.08411 0.02752 0.02752
BinVal : 22 3 0.2121 0.04087 0.04087
BinVal : 22 4 0.498 0.03113 0.03113
BinVal : 22 5 0.8452 0.01454 0.01454
BinVal : 22 6 0.886 0.01091 0.01091
BinVal : 22 7 0.8939 0.009669 0.009669
BinVal : 22 8 0.9263 0.006257 0.006257
BinVal : 22 9 0.9716 0.01219 0.01219
BinVal : 22 10 1 0.02127 0.02127
BinVal : 22 11 1 0.09045 0.09045
BinVal : 22 12 1 0.09045 0.09045
BinVal : 23 0 0 0 0
BinVal : 23 1 0 0 0
BinVal : 23 2 0 0.0102 0.0102
BinVal : 23 3 0.03797 0.02393 0.02393
BinVal : 23 4 0.322 0.03244 0.03244
BinVal : 23 5 0.7618 0.02016 0.02016
BinVal : 23 6 0.8122 0.01564 0.01564
BinVal : 23 7 0.8109 0.01523 0.01523
BinVal : 23 8 0.8808 0.01027 0.01027
BinVal : 23 9 0.9672 0.01759 0.01759
BinVal : 23 10 1 0.04163 0.04163
BinVal : 23 11 1 0.1633 0.1633
BinVal : 23 12 1 0.1633 0.1633
BinVal : 24 0 0 0 0
BinVal : 24 1 0 0 0
BinVal : 24 2 0 0.008064 0.008064
BinVal : 24 3 0.01235 0.01673 0.01673
BinVal : 24 4 0.2848 0.03647 0.03647
BinVal : 24 5 0.7806 0.02313 0.02313
BinVal : 24 6 0.8262 0.018 0.018
BinVal : 24 7 0.8371 0.01757 0.01757
BinVal : 24 8 0.8944 0.01294 0.01294
BinVal : 24 9 1 0.01695 0.01695
BinVal : 24 10 1 0.1102 0.1102
BinVal : 24 11 1 0.2357 0.2357
BinVal : 24 12 1 0.2357 0.2357
BinVal : 25 0 0 0 0
BinVal : 25 1 0 0 0
BinVal : 25 2 0 0 0
BinVal : 25 3 0 0 0
BinVal : 25 4 0.2 0.03889 0.03889
BinVal : 25 5 0.8102 0.02281 0.02281
BinVal : 25 6 0.8649 0.01878 0.01878
BinVal : 25 7 0.8979 0.01809 0.01809
BinVal : 25 8 0.9114 0.0153 0.0153
BinVal : 25 9 1 0.02127 0.02127
BinVal : 25 10 1 0.2357 0.2357
BinVal : 25 11 1 0.2357 0.2357
BinVal : 25 12 1 0.2357 0.2357
BinVal : 26 0 0 0 0
BinVal : 26 1 0 0 0
BinVal : 26 2 0 0 0
BinVal : 26 3 0 0 0
BinVal : 26 4 0.1974 0.04543 0.04543
BinVal : 26 5 0.7952 0.02779 0.02779
BinVal : 26 6 0.8718 0.02405 0.02405
BinVal : 26 7 0.8731 0.02895 0.02895
BinVal : 26 8 0.8895 0.02411 0.02411
BinVal : 26 9 1 0.03029 0.03029
BinVal : 26 10 1 0.2357 0.2357
BinVal : 26 11 1 0.2357 0.2357
BinVal : 26 12 1 0.2357 0.2357
BinVal : 27 0 0 0 0
BinVal : 27 1 0 0 0
BinVal : 27 2 0 0 0
BinVal : 27 3 0 0 0
BinVal : 27 4 0.2143 0.07596 0.07596
BinVal : 27 5 0.629 0.06005 0.06005
BinVal : 27 6 0.8 0.05907 0.05907
BinVal : 27 7 0.7619 0.08963 0.08963
BinVal : 27 8 0.7333 0.07827 0.07827
BinVal : 27 9 1 0.1409 0.1409
BinVal : 27 10 1 0.2357 0.2357
BinVal : 27 11 1 0.2357 0.2357
BinVal : 27 12 1 0.2357 0.2357
BinVal : 28 0 0 0 0
BinVal : 28 1 0 0 0
BinVal : 28 2 0 0 0
BinVal : 28 3 0 0 0
BinVal : 28 4 0 0 0
BinVal : 28 5 0.1429 0.1315 0.1315
BinVal : 28 6 0.5 0.2236 0.2236
BinVal : 28 7 0.5 0.2236 0.2236
BinVal : 28 8 0.5 0.2236 0.2236
BinVal : 28 9 0.5 0.2236 0.2236
BinVal : 28 10 0.5 0.2236 0.2236
BinVal : 28 11 0.5 0.2236 0.2236
BinVal : 28 12 0.5 0.2236 0.2236
