D0NoteID : 0
EffName : SINGLEELE_ALL_v811
EffType : Binned
EffVarNames : DetEta pT
EffVersion : 6
ObjQuality : Point0
ObjType : Electron
ObjVersion : 1
TriggerVersion : v811
BinEdgesX : -3.2 -2.8 -2.5 -2.3 -2.1 -1.9 -1.7 -1.5 -1.3 -1.1 -0.9 -0.7 -0.5 -0.3 -0.1 0.1 0.3 0.5 0.7 0.9 1.1 1.3 1.5 1.7 1.9 2.1 2.3 2.5 2.8 3.2
BinEdgesY : 0 10 15 20 22 25 30 35 40 50 60 70 80 1000
BinVal : 0 0 0 0 0
BinVal : 0 1 0 0 0
BinVal : 0 2 0.05 0.05994 0.05994
BinVal : 0 3 0.3 0.1307 0.1307
BinVal : 0 4 0.4737 0.1065 0.1065
BinVal : 0 5 0.5897 0.07602 0.07602
BinVal : 0 6 0.7143 0.07415 0.07415
BinVal : 0 7 0.8462 0.07112 0.07112
BinVal : 0 8 0.9231 0.05743 0.05743
BinVal : 0 9 1 0.1633 0.1633
BinVal : 0 10 1 0.1633 0.1633
BinVal : 0 11 1 0.1633 0.1633
BinVal : 0 12 1 0.1633 0.1633
BinVal : 1 0 0 0 0
BinVal : 1 1 0 0 0
BinVal : 1 2 0 0 0
BinVal : 1 3 0.3636 0.13 0.13
BinVal : 1 4 0.6154 0.09069 0.09069
BinVal : 1 5 0.6415 0.06428 0.06428
BinVal : 1 6 0.8367 0.05287 0.05287
BinVal : 1 7 0.8611 0.05839 0.05839
BinVal : 1 8 0.9556 0.03528 0.03528
BinVal : 1 9 1 0.1409 0.1409
BinVal : 1 10 1 0.1409 0.1409
BinVal : 1 11 1 0.1409 0.1409
BinVal : 1 12 1 0.1409 0.1409
BinVal : 2 0 0 0 0
BinVal : 2 1 0 0 0
BinVal : 2 2 0 0 0
BinVal : 2 3 0.3333 0.1614 0.1614
BinVal : 2 4 0.52 0.09443 0.09443
BinVal : 2 5 0.7368 0.05739 0.05739
BinVal : 2 6 0.9107 0.03965 0.03965
BinVal : 2 7 0.9434 0.0347 0.0347
BinVal : 2 8 0.9375 0.03233 0.03233
BinVal : 2 9 1 0.1237 0.1237
BinVal : 2 10 1 0.2357 0.2357
BinVal : 2 11 1 0.2357 0.2357
BinVal : 2 12 1 0.2357 0.2357
BinVal : 3 0 0 0 0
BinVal : 3 1 0 0 0
BinVal : 3 2 0 0 0
BinVal : 3 3 0.1429 0.1315 0.1315
BinVal : 3 4 0.5769 0.0919 0.0919
BinVal : 3 5 0.8421 0.04844 0.04844
BinVal : 3 6 0.9213 0.02952 0.02952
BinVal : 3 7 0.9867 0.01801 0.01801
BinVal : 3 8 0.9588 0.0219 0.0219
BinVal : 3 9 1 0.05871 0.05871
BinVal : 3 10 1 0.2357 0.2357
BinVal : 3 11 1 0.2357 0.2357
BinVal : 3 12 1 0.2357 0.2357
BinVal : 4 0 0 0 0
BinVal : 4 1 0 0 0
BinVal : 4 2 0.1053 0.0746 0.0746
BinVal : 4 3 0.25 0.1382 0.1382
BinVal : 4 4 0.6562 0.08078 0.08078
BinVal : 4 5 0.8727 0.04561 0.04561
BinVal : 4 6 0.9062 0.03042 0.03042
BinVal : 4 7 0.9753 0.02037 0.02037
BinVal : 4 8 0.9926 0.01014 0.01014
BinVal : 4 9 1 0.0454 0.0454
BinVal : 4 10 1 0.2357 0.2357
BinVal : 4 11 1 0.2357 0.2357
BinVal : 4 12 1 0.2357 0.2357
BinVal : 5 0 0 0 0
BinVal : 5 1 0 0 0
BinVal : 5 2 0.2 0.1201 0.1201
BinVal : 5 3 0.4 0.175 0.175
BinVal : 5 4 0.6897 0.08264 0.08264
BinVal : 5 5 0.9138 0.03841 0.03841
BinVal : 5 6 0.9381 0.02563 0.02563
BinVal : 5 7 0.9722 0.01777 0.01777
BinVal : 5 8 0.9855 0.009455 0.009455
BinVal : 5 9 1 0.03446 0.03446
BinVal : 5 10 1 0.1633 0.1633
BinVal : 5 11 1 0.1936 0.1936
BinVal : 5 12 1 0.1936 0.1936
BinVal : 6 0 0 0 0
BinVal : 6 1 0 0 0
BinVal : 6 2 0 0 0
BinVal : 6 3 0.5 0.2236 0.2236
BinVal : 6 4 0.8 0.1201 0.1201
BinVal : 6 5 0.9655 0.04343 0.04343
BinVal : 6 6 0.9811 0.02501 0.02501
BinVal : 6 7 0.9697 0.02472 0.02472
BinVal : 6 8 0.9764 0.0152 0.0152
BinVal : 6 9 1 0.04756 0.04756
BinVal : 6 10 1 0.1936 0.1936
BinVal : 6 11 1 0.1936 0.1936
BinVal : 6 12 1 0.1936 0.1936
BinVal : 7 0 0 0 0
BinVal : 7 1 0 0 0
BinVal : 7 2 0 0 0
BinVal : 7 3 0 0 0
BinVal : 7 4 0 0 0
BinVal : 7 5 0 0 0
BinVal : 7 6 0 0 0
BinVal : 7 7 0 0 0
BinVal : 7 8 0 0 0
BinVal : 7 9 0 0 0
BinVal : 7 10 0 0 0
BinVal : 7 11 0 0 0
BinVal : 7 12 0 0 0
BinVal : 8 0 0 0 0
BinVal : 8 1 0 0 0
BinVal : 8 2 0 0 0
BinVal : 8 3 0 0 0
BinVal : 8 4 0 0 0
BinVal : 8 5 0 0 0
BinVal : 8 6 0 0 0
BinVal : 8 7 0 0 0
BinVal : 8 8 0 0 0
BinVal : 8 9 0 0 0
BinVal : 8 10 0 0 0
BinVal : 8 11 0 0 0
BinVal : 8 12 0 0 0
BinVal : 9 0 0 0 0
BinVal : 9 1 0 0 0
BinVal : 9 2 0 0 0
BinVal : 9 3 0 0 0
BinVal : 9 4 0.375 0.1477 0.1477
BinVal : 9 5 0.6571 0.07744 0.07744
BinVal : 9 6 0.9423 0.02401 0.02401
BinVal : 9 7 0.9565 0.01687 0.01687
BinVal : 9 8 0.9675 0.009992 0.009992
BinVal : 9 9 0.9792 0.02744 0.02744
BinVal : 9 10 1 0.08299 0.08299
BinVal : 9 11 1 0.1409 0.1409
BinVal : 9 12 1 0.1633 0.1633
BinVal : 10 0 0 0 0
BinVal : 10 1 0 0 0
BinVal : 10 2 0 0.09938 0.09938
BinVal : 10 3 0.2 0.1597 0.1597
BinVal : 10 4 0.3333 0.1126 0.1126
BinVal : 10 5 0.7556 0.06294 0.06294
BinVal : 10 6 0.9669 0.01773 0.01773
BinVal : 10 7 0.961 0.01414 0.01414
BinVal : 10 8 0.9812 0.006943 0.006943
BinVal : 10 9 0.9589 0.02577 0.02577
BinVal : 10 10 1 0.0665 0.0665
BinVal : 10 11 1 0.1237 0.1237
BinVal : 10 12 1 0.1633 0.1633
BinVal : 11 0 0 0 0
BinVal : 11 1 0 0 0
BinVal : 11 2 0 0.1237 0.1237
BinVal : 11 3 0.1667 0.1443 0.1443
BinVal : 11 4 0.3158 0.1005 0.1005
BinVal : 11 5 0.8077 0.05431 0.05431
BinVal : 11 6 0.9712 0.01842 0.01842
BinVal : 11 7 0.9721 0.01327 0.01327
BinVal : 11 8 0.9802 0.006851 0.006851
BinVal : 11 9 0.975 0.02061 0.02061
BinVal : 11 10 1 0.07122 0.07122
BinVal : 11 11 1 0.09938 0.09938
BinVal : 11 12 1 0.2357 0.2357
BinVal : 12 0 0 0 0
BinVal : 12 1 0 0 0
BinVal : 12 2 0 0 0
BinVal : 12 3 0 0 0
BinVal : 12 4 0.4375 0.114 0.114
BinVal : 12 5 0.871 0.04312 0.04312
BinVal : 12 6 0.9897 0.01407 0.01407
BinVal : 12 7 0.9931 0.009522 0.009522
BinVal : 12 8 0.9911 0.004903 0.004903
BinVal : 12 9 1 0.01316 0.01316
BinVal : 12 10 0.9167 0.09035 0.09035
BinVal : 12 11 1 0.09045 0.09045
BinVal : 12 12 1 0.1633 0.1633
BinVal : 13 0 0 0 0
BinVal : 13 1 0 0 0
BinVal : 13 2 0 0 0
BinVal : 13 3 0 0 0
BinVal : 13 4 0.7333 0.1074 0.1074
BinVal : 13 5 0.9571 0.02681 0.02681
BinVal : 13 6 0.9915 0.01164 0.01164
BinVal : 13 7 1 0.006993 0.006993
BinVal : 13 8 0.9958 0.003623 0.003623
BinVal : 13 9 0.973 0.02219 0.02219
BinVal : 13 10 0.8889 0.1113 0.1113
BinVal : 13 11 1 0.07666 0.07666
BinVal : 13 12 1 0.1409 0.1409
BinVal : 14 0 0 0 0
BinVal : 14 1 0 0 0
BinVal : 14 2 0 0 0
BinVal : 14 3 0.1667 0.1443 0.1443
BinVal : 14 4 0.6471 0.1079 0.1079
BinVal : 14 5 0.973 0.02219 0.02219
BinVal : 14 6 1 0.00813 0.00813
BinVal : 14 7 0.9938 0.008596 0.008596
BinVal : 14 8 0.9723 0.007817 0.007817
BinVal : 14 9 0.9595 0.02545 0.02545
BinVal : 14 10 1 0.06236 0.06236
BinVal : 14 11 1 0.09045 0.09045
BinVal : 14 12 1 0.1102 0.1102
BinVal : 15 0 0 0 0
BinVal : 15 1 0 0 0
BinVal : 15 2 0 0 0
BinVal : 15 3 0.2 0.1597 0.1597
BinVal : 15 4 0.45 0.1038 0.1038
BinVal : 15 5 0.9231 0.03463 0.03463
BinVal : 15 6 0.9661 0.01817 0.01817
BinVal : 15 7 0.9943 0.007922 0.007922
BinVal : 15 8 0.9643 0.008978 0.008978
BinVal : 15 9 0.9836 0.02192 0.02192
BinVal : 15 10 1 0.05871 0.05871
BinVal : 15 11 1 0.1936 0.1936
BinVal : 15 12 1 0.09938 0.09938
BinVal : 16 0 0 0 0
BinVal : 16 1 0 0 0
BinVal : 16 2 0 0 0
BinVal : 16 3 0 0 0
BinVal : 16 4 0.2593 0.0816 0.0816
BinVal : 16 5 0.7833 0.05268 0.05268
BinVal : 16 6 0.9426 0.02197 0.02197
BinVal : 16 7 0.9899 0.008531 0.008531
BinVal : 16 8 0.9795 0.007065 0.007065
BinVal : 16 9 1 0.01389 0.01389
BinVal : 16 10 1 0.07666 0.07666
BinVal : 16 11 1 0.1237 0.1237
BinVal : 16 12 1 0.1409 0.1409
BinVal : 17 0 0 0 0
BinVal : 17 1 0 0 0
BinVal : 17 2 0 0 0
BinVal : 17 3 0 0 0
BinVal : 17 4 0.1538 0.07112 0.07112
BinVal : 17 5 0.7818 0.05509 0.05509
BinVal : 17 6 0.944 0.02147 0.02147
BinVal : 17 7 0.9561 0.01487 0.01487
BinVal : 17 8 0.98 0.006911 0.006911
BinVal : 17 9 0.9873 0.01714 0.01714
BinVal : 17 10 0.9286 0.08021 0.08021
BinVal : 17 11 1 0.07666 0.07666
BinVal : 17 12 1 0.1633 0.1633
BinVal : 18 0 0 0 0
BinVal : 18 1 0 0 0
BinVal : 18 2 0 0 0
BinVal : 18 3 0 0 0
BinVal : 18 4 0.1364 0.07454 0.07454
BinVal : 18 5 0.825 0.05988 0.05988
BinVal : 18 6 0.9074 0.02847 0.02847
BinVal : 18 7 0.9045 0.0223 0.0223
BinVal : 18 8 0.9728 0.008395 0.008395
BinVal : 18 9 0.9844 0.02094 0.02094
BinVal : 18 10 0.9231 0.08498 0.08498
BinVal : 18 11 1 0.1237 0.1237
BinVal : 18 12 1 0.1409 0.1409
BinVal : 19 0 0 0 0
BinVal : 19 1 0 0 0
BinVal : 19 2 0 0 0
BinVal : 19 3 0 0 0
BinVal : 19 4 0.08333 0.09035 0.09035
BinVal : 19 5 0.8125 0.09538 0.09538
BinVal : 19 6 0.8605 0.05344 0.05344
BinVal : 19 7 0.8824 0.03543 0.03543
BinVal : 19 8 0.9641 0.01528 0.01528
BinVal : 19 9 1 0.03123 0.03123
BinVal : 19 10 1 0.1237 0.1237
BinVal : 19 11 1 0.1237 0.1237
BinVal : 19 12 1 0.1936 0.1936
BinVal : 20 0 0 0 0
BinVal : 20 1 0 0 0
BinVal : 20 2 0 0 0
BinVal : 20 3 0 0 0
BinVal : 20 4 0 0 0
BinVal : 20 5 0 0 0
BinVal : 20 6 0 0 0
BinVal : 20 7 0 0 0
BinVal : 20 8 0 0 0
BinVal : 20 9 0 0 0
BinVal : 20 10 0 0 0
BinVal : 20 11 0 0 0
BinVal : 20 12 0 0 0
BinVal : 21 0 0 0 0
BinVal : 21 1 0 0 0
BinVal : 21 2 0 0 0
BinVal : 21 3 0 0 0
BinVal : 21 4 0 0 0
BinVal : 21 5 0 0 0
BinVal : 21 6 0 0 0
BinVal : 21 7 0 0 0
BinVal : 21 8 0 0 0
BinVal : 21 9 0 0 0
BinVal : 21 10 0 0 0
BinVal : 21 11 0 0 0
BinVal : 21 12 0 0 0
BinVal : 22 0 0 0 0
BinVal : 22 1 0 0 0
BinVal : 22 2 0 0 0
BinVal : 22 3 0.08333 0.09035 0.09035
BinVal : 22 4 0.2903 0.07882 0.07882
BinVal : 22 5 0.7846 0.05055 0.05055
BinVal : 22 6 0.9528 0.02194 0.02194
BinVal : 22 7 0.9833 0.01396 0.01396
BinVal : 22 8 0.9711 0.01138 0.01138
BinVal : 22 9 0.96 0.04949 0.04949
BinVal : 22 10 1 0.1409 0.1409
BinVal : 22 11 1 0.1409 0.1409
BinVal : 22 12 1 0.1409 0.1409
BinVal : 23 0 0 0 0
BinVal : 23 1 0 0 0
BinVal : 23 2 0 0 0
BinVal : 23 3 0 0 0
BinVal : 23 4 0.3 0.09712 0.09712
BinVal : 23 5 0.6719 0.05759 0.05759
BinVal : 23 6 0.9528 0.02194 0.02194
BinVal : 23 7 0.9907 0.01268 0.01268
BinVal : 23 8 0.9884 0.00984 0.00984
BinVal : 23 9 1 0.03997 0.03997
BinVal : 23 10 1 0.1409 0.1409
BinVal : 23 11 1 0.1936 0.1936
BinVal : 23 12 1 0.1936 0.1936
BinVal : 24 0 0 0 0
BinVal : 24 1 0 0 0
BinVal : 24 2 0 0 0
BinVal : 24 3 0.2143 0.105 0.105
BinVal : 24 4 0.2143 0.07596 0.07596
BinVal : 24 5 0.6622 0.05406 0.05406
BinVal : 24 6 0.9688 0.01989 0.01989
BinVal : 24 7 1 0.01176 0.01176
BinVal : 24 8 0.9919 0.01109 0.01109
BinVal : 24 9 1 0.06236 0.06236
BinVal : 24 10 1 0.1633 0.1633
BinVal : 24 11 1 0.1633 0.1633
BinVal : 24 12 1 0.1633 0.1633
BinVal : 25 0 0 0 0
BinVal : 25 1 0 0 0
BinVal : 25 2 0 0 0
BinVal : 25 3 0.375 0.1477 0.1477
BinVal : 25 4 0.3448 0.08458 0.08458
BinVal : 25 5 0.7647 0.05089 0.05089
BinVal : 25 6 0.9412 0.03056 0.03056
BinVal : 25 7 0.9787 0.02798 0.02798
BinVal : 25 8 0.9863 0.01848 0.01848
BinVal : 25 9 1 0.1102 0.1102
BinVal : 25 10 1 0.1936 0.1936
BinVal : 25 11 1 0.1936 0.1936
BinVal : 25 12 1 0.1936 0.1936
BinVal : 26 0 0 0 0
BinVal : 26 1 0 0 0
BinVal : 26 2 0 0 0
BinVal : 26 3 0.2 0.1597 0.1597
BinVal : 26 4 0.3636 0.09682 0.09682
BinVal : 26 5 0.6538 0.06439 0.06439
BinVal : 26 6 0.8824 0.04607 0.04607
BinVal : 26 7 0.9211 0.04685 0.04685
BinVal : 26 8 0.9756 0.03175 0.03175
BinVal : 26 9 1 0.1237 0.1237
BinVal : 26 10 1 0.2357 0.2357
BinVal : 26 11 1 0.2357 0.2357
BinVal : 26 12 1 0.2357 0.2357
BinVal : 27 0 0 0 0
BinVal : 27 1 0 0 0
BinVal : 27 2 0 0 0
BinVal : 27 3 0.08333 0.09035 0.09035
BinVal : 27 4 0.1739 0.07845 0.07845
BinVal : 27 5 0.3143 0.07594 0.07594
BinVal : 27 6 0.7188 0.07702 0.07702
BinVal : 27 7 0.9091 0.06614 0.06614
BinVal : 27 8 0.9231 0.05743 0.05743
BinVal : 27 9 1 0.1936 0.1936
BinVal : 27 10 1 0.1936 0.1936
BinVal : 27 11 1 0.1936 0.1936
BinVal : 27 12 1 0.1936 0.1936
BinVal : 28 0 0 0 0
BinVal : 28 1 0 0 0
BinVal : 28 2 0 0 0
BinVal : 28 3 0 0 0
BinVal : 28 4 0 0 0
BinVal : 28 5 0.1765 0.09116 0.09116
BinVal : 28 6 0.4 0.1367 0.1367
BinVal : 28 7 1 0.1633 0.1633
BinVal : 28 8 0.8333 0.1443 0.1443
BinVal : 28 9 0.8333 0.1443 0.1443
BinVal : 28 10 0.8333 0.1443 0.1443
BinVal : 28 11 0.8333 0.1443 0.1443
BinVal : 28 12 0.8333 0.1443 0.1443
