D0NoteID : 0
EffName : SINGLEELE_ALL_v12
EffType : Binned
EffVarNames : DetEta pT
EffVersion : 6
ObjQuality : Point0
ObjType : Electron
ObjVersion : 1
TriggerVersion : v12
BinEdgesX : -3.2 -2.8 -2.5 -2.3 -2.1 -1.9 -1.7 -1.5 -1.3 -1.1 -0.9 -0.7 -0.5 -0.3 -0.1 0.1 0.3 0.5 0.7 0.9 1.1 1.3 1.5 1.7 1.9 2.1 2.3 2.5 2.8 3.2
BinEdgesY : 0 10 15 20 22 25 30 35 40 50 60 70 80 1000
BinVal : 0 0 0 0 0
BinVal : 0 1 0 0 0
BinVal : 0 2 0 0 0
BinVal : 0 3 0.127 0.04251 0.04251
BinVal : 0 4 0.4692 0.04328 0.04328
BinVal : 0 5 0.5973 0.03278 0.03278
BinVal : 0 6 0.7662 0.03395 0.03395
BinVal : 0 7 0.8791 0.03458 0.03458
BinVal : 0 8 0.9259 0.02602 0.02602
BinVal : 0 9 1 0.1237 0.1237
BinVal : 0 10 1 0.1237 0.1237
BinVal : 0 11 1 0.1237 0.1237
BinVal : 0 12 1 0.1237 0.1237
BinVal : 1 0 0 0 0
BinVal : 1 1 0 0 0
BinVal : 1 2 0.01064 0.0145 0.0145
BinVal : 1 3 0.1667 0.04222 0.04222
BinVal : 1 4 0.5954 0.04242 0.04242
BinVal : 1 5 0.703 0.0279 0.0279
BinVal : 1 6 0.8312 0.02465 0.02465
BinVal : 1 7 0.9643 0.01682 0.01682
BinVal : 1 8 0.9731 0.01279 0.01279
BinVal : 1 9 1 0.04163 0.04163
BinVal : 1 10 1 0.2357 0.2357
BinVal : 1 11 1 0.2357 0.2357
BinVal : 1 12 1 0.2357 0.2357
BinVal : 2 0 0 0 0
BinVal : 2 1 0 0 0
BinVal : 2 2 0.02222 0.01842 0.01842
BinVal : 2 3 0.2418 0.0445 0.0445
BinVal : 2 4 0.6818 0.04393 0.04393
BinVal : 2 5 0.7462 0.0269 0.0269
BinVal : 2 6 0.8764 0.01993 0.01993
BinVal : 2 7 0.9596 0.01371 0.01371
BinVal : 2 8 0.9921 0.006739 0.006739
BinVal : 2 9 1 0.02499 0.02499
BinVal : 2 10 1 0.1102 0.1102
BinVal : 2 11 1 0.1102 0.1102
BinVal : 2 12 1 0.2357 0.2357
BinVal : 3 0 0 0 0
BinVal : 3 1 0 0 0
BinVal : 3 2 0.02128 0.01767 0.01767
BinVal : 3 3 0.3444 0.04939 0.04939
BinVal : 3 4 0.7266 0.0391 0.0391
BinVal : 3 5 0.7612 0.02597 0.02597
BinVal : 3 6 0.8713 0.01815 0.01815
BinVal : 3 7 0.9688 0.01011 0.01011
BinVal : 3 8 0.9862 0.006646 0.006646
BinVal : 3 9 1 0.02 0.02
BinVal : 3 10 1 0.09045 0.09045
BinVal : 3 11 1 0.09045 0.09045
BinVal : 3 12 1 0.1936 0.1936
BinVal : 4 0 0 0 0
BinVal : 4 1 0 0 0
BinVal : 4 2 0.02778 0.02277 0.02277
BinVal : 4 3 0.4355 0.06153 0.06153
BinVal : 4 4 0.7121 0.0391 0.0391
BinVal : 4 5 0.7317 0.02607 0.02607
BinVal : 4 6 0.8953 0.01574 0.01574
BinVal : 4 7 0.9724 0.008498 0.008498
BinVal : 4 8 0.9829 0.005938 0.005938
BinVal : 4 9 1 0.01562 0.01562
BinVal : 4 10 1 0.0665 0.0665
BinVal : 4 11 1 0.0665 0.0665
BinVal : 4 12 1 0.2357 0.2357
BinVal : 5 0 0 0 0
BinVal : 5 1 0.04348 0.0532 0.0532
BinVal : 5 2 0.2 0.05129 0.05129
BinVal : 5 3 0.6061 0.08165 0.08165
BinVal : 5 4 0.7589 0.04014 0.04014
BinVal : 5 5 0.802 0.02306 0.02306
BinVal : 5 6 0.9496 0.01116 0.01116
BinVal : 5 7 0.9741 0.007637 0.007637
BinVal : 5 8 0.99 0.003992 0.003992
BinVal : 5 9 0.9882 0.01598 0.01598
BinVal : 5 10 1 0.03701 0.03701
BinVal : 5 11 1 0.1936 0.1936
BinVal : 5 12 1 0.1409 0.1409
BinVal : 6 0 0 0 0
BinVal : 6 1 0.07692 0.08498 0.08498
BinVal : 6 2 0.3548 0.0825 0.0825
BinVal : 6 3 0.9 0.1034 0.1034
BinVal : 6 4 0.8889 0.04817 0.04817
BinVal : 6 5 0.8859 0.02628 0.02628
BinVal : 6 6 0.9653 0.01356 0.01356
BinVal : 6 7 0.9795 0.009815 0.009815
BinVal : 6 8 0.9949 0.004374 0.004374
BinVal : 6 9 0.98 0.02642 0.02642
BinVal : 6 10 1 0.05546 0.05546
BinVal : 6 11 1 0.1936 0.1936
BinVal : 6 12 1 0.1409 0.1409
BinVal : 7 0 0 0 0
BinVal : 7 1 0 0 0
BinVal : 7 2 0 0 0
BinVal : 7 3 0 0 0
BinVal : 7 4 0 0 0
BinVal : 7 5 0 0 0
BinVal : 7 6 0 0 0
BinVal : 7 7 0 0 0
BinVal : 7 8 0 0 0
BinVal : 7 9 0 0 0
BinVal : 7 10 0 0 0
BinVal : 7 11 0 0 0
BinVal : 7 12 0 0 0
BinVal : 8 0 0 0 0
BinVal : 8 1 0 0 0
BinVal : 8 2 0 0 0
BinVal : 8 3 0 0 0
BinVal : 8 4 0 0 0
BinVal : 8 5 0 0 0
BinVal : 8 6 0 0 0
BinVal : 8 7 0 0 0
BinVal : 8 8 0 0 0
BinVal : 8 9 0 0 0
BinVal : 8 10 0 0 0
BinVal : 8 11 0 0 0
BinVal : 8 12 0 0 0
BinVal : 9 0 0 0 0
BinVal : 9 1 0 0 0
BinVal : 9 2 0.4091 0.07182 0.07182
BinVal : 9 3 0.7667 0.07538 0.07538
BinVal : 9 4 0.8723 0.04949 0.04949
BinVal : 9 5 0.9481 0.01861 0.01861
BinVal : 9 6 0.9861 0.006719 0.006719
BinVal : 9 7 0.9886 0.004565 0.004565
BinVal : 9 8 0.9931 0.002402 0.002402
BinVal : 9 9 1 0.004717 0.004717
BinVal : 9 10 1 0.01923 0.01923
BinVal : 9 11 1 0.05871 0.05871
BinVal : 9 12 1 0.05546 0.05546
BinVal : 10 0 0 0 0
BinVal : 10 1 0 0 0
BinVal : 10 2 0.5116 0.0737 0.0737
BinVal : 10 3 0.7419 0.07638 0.07638
BinVal : 10 4 0.8857 0.03871 0.03871
BinVal : 10 5 0.9429 0.0181 0.0181
BinVal : 10 6 0.9821 0.007132 0.007132
BinVal : 10 7 0.9883 0.004354 0.004354
BinVal : 10 8 0.995 0.001881 0.001881
BinVal : 10 9 1 0.003546 0.003546
BinVal : 10 10 1 0.01666 0.01666
BinVal : 10 11 1 0.06236 0.06236
BinVal : 10 12 1 0.04756 0.04756
BinVal : 11 0 0 0 0
BinVal : 11 1 0 0 0
BinVal : 11 2 0.56 0.09391 0.09391
BinVal : 11 3 0.75 0.07942 0.07942
BinVal : 11 4 0.8861 0.03633 0.03633
BinVal : 11 5 0.9323 0.01853 0.01853
BinVal : 11 6 0.9742 0.008394 0.008394
BinVal : 11 7 0.987 0.004527 0.004527
BinVal : 11 8 0.9951 0.00182 0.00182
BinVal : 11 9 1 0.003704 0.003704
BinVal : 11 10 1 0.01923 0.01923
BinVal : 11 11 1 0.05871 0.05871
BinVal : 11 12 1 0.04343 0.04343
BinVal : 12 0 0 0 0
BinVal : 12 1 0 0 0
BinVal : 12 2 0.5 0.0898 0.0898
BinVal : 12 3 0.8636 0.07454 0.07454
BinVal : 12 4 0.8701 0.03871 0.03871
BinVal : 12 5 0.9381 0.01702 0.01702
BinVal : 12 6 0.9867 0.006403 0.006403
BinVal : 12 7 0.9926 0.00361 0.00361
BinVal : 12 8 0.9952 0.001783 0.001783
BinVal : 12 9 1 0.004115 0.004115
BinVal : 12 10 1 0.0204 0.0204
BinVal : 12 11 1 0.04343 0.04343
BinVal : 12 12 1 0.03997 0.03997
BinVal : 13 0 0 0 0
BinVal : 13 1 0 0 0
BinVal : 13 2 0.5 0.09285 0.09285
BinVal : 13 3 0.88 0.06714 0.06714
BinVal : 13 4 0.8933 0.03638 0.03638
BinVal : 13 5 0.9555 0.01355 0.01355
BinVal : 13 6 0.9881 0.005743 0.005743
BinVal : 13 7 0.9951 0.00326 0.00326
BinVal : 13 8 0.9942 0.001901 0.001901
BinVal : 13 9 1 0.003922 0.003922
BinVal : 13 10 1 0.0147 0.0147
BinVal : 13 11 1 0.03569 0.03569
BinVal : 13 12 1 0.04993 0.04993
BinVal : 14 0 0 0 0
BinVal : 14 1 0 0 0
BinVal : 14 2 0.4444 0.0908 0.0908
BinVal : 14 3 0.72 0.08629 0.08629
BinVal : 14 4 0.9315 0.03112 0.03112
BinVal : 14 5 0.9387 0.01513 0.01513
BinVal : 14 6 0.9748 0.007773 0.007773
BinVal : 14 7 0.993 0.003855 0.003855
BinVal : 14 8 0.9921 0.002176 0.002176
BinVal : 14 9 0.9926 0.006321 0.006321
BinVal : 14 10 1 0.01351 0.01351
BinVal : 14 11 1 0.03843 0.03843
BinVal : 14 12 1 0.0665 0.0665
BinVal : 15 0 0 0 0
BinVal : 15 1 0 0 0
BinVal : 15 2 0.3226 0.08085 0.08085
BinVal : 15 3 0.6667 0.08268 0.08268
BinVal : 15 4 0.9412 0.03056 0.03056
BinVal : 15 5 0.9212 0.01759 0.01759
BinVal : 15 6 0.9606 0.009881 0.009881
BinVal : 15 7 0.9918 0.00396 0.00396
BinVal : 15 8 0.9924 0.002176 0.002176
BinVal : 15 9 0.9925 0.006438 0.006438
BinVal : 15 10 1 0.01613 0.01613
BinVal : 15 11 1 0.03569 0.03569
BinVal : 15 12 1 0.05871 0.05871
BinVal : 16 0 0 0 0
BinVal : 16 1 0 0 0
BinVal : 16 2 0.5 0.0822 0.0822
BinVal : 16 3 0.7073 0.06924 0.06924
BinVal : 16 4 0.8286 0.04502 0.04502
BinVal : 16 5 0.9204 0.01826 0.01826
BinVal : 16 6 0.9591 0.01025 0.01025
BinVal : 16 7 0.9872 0.004463 0.004463
BinVal : 16 8 0.9866 0.002891 0.002891
BinVal : 16 9 1 0.003636 0.003636
BinVal : 16 10 1 0.01785 0.01785
BinVal : 16 11 1 0.03446 0.03446
BinVal : 16 12 1 0.04756 0.04756
BinVal : 17 0 0 0 0
BinVal : 17 1 0 0 0
BinVal : 17 2 0.6279 0.07148 0.07148
BinVal : 17 3 0.697 0.07737 0.07737
BinVal : 17 4 0.8 0.04594 0.04594
BinVal : 17 5 0.9167 0.01963 0.01963
BinVal : 17 6 0.969 0.008728 0.008728
BinVal : 17 7 0.9824 0.004998 0.004998
BinVal : 17 8 0.9847 0.00316 0.00316
BinVal : 17 9 0.9965 0.004902 0.004902
BinVal : 17 10 1 0.01886 0.01886
BinVal : 17 11 1 0.04163 0.04163
BinVal : 17 12 1 0.05546 0.05546
BinVal : 18 0 0 0 0
BinVal : 18 1 0 0 0
BinVal : 18 2 0.5 0.08006 0.08006
BinVal : 18 3 0.625 0.09363 0.09363
BinVal : 18 4 0.8281 0.04712 0.04712
BinVal : 18 5 0.9176 0.02072 0.02072
BinVal : 18 6 0.9646 0.009558 0.009558
BinVal : 18 7 0.9735 0.0065 0.0065
BinVal : 18 8 0.9815 0.003731 0.003731
BinVal : 18 9 0.9957 0.005929 0.005929
BinVal : 18 10 1 0.02127 0.02127
BinVal : 18 11 1 0.0665 0.0665
BinVal : 18 12 1 0.09045 0.09045
BinVal : 19 0 0 0 0
BinVal : 19 1 0 0 0
BinVal : 19 2 0.4 0.116 0.116
BinVal : 19 3 0.5455 0.1332 0.1332
BinVal : 19 4 0.7692 0.08041 0.08041
BinVal : 19 5 0.913 0.03019 0.03019
BinVal : 19 6 0.9583 0.01619 0.01619
BinVal : 19 7 0.9634 0.0118 0.0118
BinVal : 19 8 0.9712 0.007039 0.007039
BinVal : 19 9 1 0.01042 0.01042
BinVal : 19 10 1 0.0454 0.0454
BinVal : 19 11 1 0.1936 0.1936
BinVal : 19 12 1 0.1936 0.1936
BinVal : 20 0 0 0 0
BinVal : 20 1 0 0 0
BinVal : 20 2 0 0 0
BinVal : 20 3 0 0 0
BinVal : 20 4 0 0 0
BinVal : 20 5 0 0 0
BinVal : 20 6 0 0 0
BinVal : 20 7 0 0 0
BinVal : 20 8 0 0 0
BinVal : 20 9 0 0 0
BinVal : 20 10 0 0 0
BinVal : 20 11 0 0 0
BinVal : 20 12 0 0 0
BinVal : 21 0 0 0 0
BinVal : 21 1 0 0 0
BinVal : 21 2 0 0 0
BinVal : 21 3 0 0 0
BinVal : 21 4 0 0 0
BinVal : 21 5 0 0 0
BinVal : 21 6 0 0 0
BinVal : 21 7 0 0 0
BinVal : 21 8 0 0 0
BinVal : 21 9 0 0 0
BinVal : 21 10 0 0 0
BinVal : 21 11 0 0 0
BinVal : 21 12 0 0 0
BinVal : 22 0 0 0 0
BinVal : 22 1 0 0 0
BinVal : 22 2 0.09524 0.04731 0.04731
BinVal : 22 3 0.1538 0.05806 0.05806
BinVal : 22 4 0.7724 0.0376 0.0376
BinVal : 22 5 0.8932 0.01853 0.01853
BinVal : 22 6 0.959 0.01062 0.01062
BinVal : 22 7 0.9903 0.004724 0.004724
BinVal : 22 8 0.9987 0.001791 0.001791
BinVal : 22 9 0.9906 0.01291 0.01291
BinVal : 22 10 1 0.0454 0.0454
BinVal : 22 11 1 0.09938 0.09938
BinVal : 22 12 1 0.2357 0.2357
BinVal : 23 0 0 0 0
BinVal : 23 1 0 0 0
BinVal : 23 2 0.01408 0.01898 0.01898
BinVal : 23 3 0.15 0.04634 0.04634
BinVal : 23 4 0.7045 0.03938 0.03938
BinVal : 23 5 0.8582 0.02108 0.02108
BinVal : 23 6 0.9039 0.01626 0.01626
BinVal : 23 7 0.9882 0.005716 0.005716
BinVal : 23 8 0.9964 0.003126 0.003126
BinVal : 23 9 1 0.01205 0.01205
BinVal : 23 10 1 0.04756 0.04756
BinVal : 23 11 1 0.1633 0.1633
BinVal : 23 12 1 0.1633 0.1633
BinVal : 24 0 0 0 0
BinVal : 24 1 0 0 0
BinVal : 24 2 0.009804 0.0134 0.0134
BinVal : 24 3 0.194 0.04807 0.04807
BinVal : 24 4 0.728 0.03949 0.03949
BinVal : 24 5 0.8581 0.02057 0.02057
BinVal : 24 6 0.8816 0.0181 0.0181
BinVal : 24 7 0.9811 0.008164 0.008164
BinVal : 24 8 0.9953 0.004019 0.004019
BinVal : 24 9 1 0.02083 0.02083
BinVal : 24 10 1 0.07666 0.07666
BinVal : 24 11 1 0.07666 0.07666
BinVal : 24 12 1 0.07666 0.07666
BinVal : 25 0 0 0 0
BinVal : 25 1 0 0 0
BinVal : 25 2 0.01754 0.01467 0.01467
BinVal : 25 3 0.1667 0.04222 0.04222
BinVal : 25 4 0.7132 0.0395 0.0395
BinVal : 25 5 0.8683 0.02023 0.02023
BinVal : 25 6 0.9164 0.01617 0.01617
BinVal : 25 7 0.9646 0.01382 0.01382
BinVal : 25 8 0.9865 0.007428 0.007428
BinVal : 25 9 1 0.03331 0.03331
BinVal : 25 10 1 0.1633 0.1633
BinVal : 25 11 1 0.1633 0.1633
BinVal : 25 12 1 0.2357 0.2357
BinVal : 26 0 0 0 0
BinVal : 26 1 0 0 0
BinVal : 26 2 0.007463 0.01028 0.01028
BinVal : 26 3 0.1275 0.03331 0.03331
BinVal : 26 4 0.6343 0.04119 0.04119
BinVal : 26 5 0.7872 0.02433 0.02433
BinVal : 26 6 0.8904 0.02126 0.02126
BinVal : 26 7 0.935 0.02303 0.02303
BinVal : 26 8 0.9591 0.01389 0.01389
BinVal : 26 9 1 0.05546 0.05546
BinVal : 26 10 1 0.2357 0.2357
BinVal : 26 11 1 0.2357 0.2357
BinVal : 26 12 1 0.2357 0.2357
BinVal : 27 0 0 0 0
BinVal : 27 1 0 0 0
BinVal : 27 2 0 0 0
BinVal : 27 3 0.06667 0.02749 0.02749
BinVal : 27 4 0.4874 0.04525 0.04525
BinVal : 27 5 0.6581 0.03084 0.03084
BinVal : 27 6 0.8015 0.03475 0.03475
BinVal : 27 7 0.86 0.0349 0.0349
BinVal : 27 8 0.9304 0.02453 0.02453
BinVal : 27 9 1 0.1936 0.1936
BinVal : 27 10 1 0.1936 0.1936
BinVal : 27 11 1 0.2357 0.2357
BinVal : 27 12 1 0.2357 0.2357
BinVal : 28 0 0 0 0
BinVal : 28 1 0 0 0
BinVal : 28 2 0 0 0
BinVal : 28 3 0 0 0
BinVal : 28 4 0.34 0.06535 0.06535
BinVal : 28 5 0.5349 0.05288 0.05288
BinVal : 28 6 0.6579 0.07449 0.07449
BinVal : 28 7 0.7619 0.06455 0.06455
BinVal : 28 8 0.8421 0.08372 0.08372
BinVal : 28 9 0.8421 0.08372 0.08372
BinVal : 28 10 0.8421 0.08372 0.08372
BinVal : 28 11 0.8421 0.08372 0.08372
BinVal : 28 12 0.8421 0.08372 0.08372
