D0NoteID : 0
EffName : SINGLEELE_AND_EJETS_v12
EffType : Binned
EffVarNames : DetEta pT
EffVersion : 6
ObjQuality : Point05
ObjType : Electron
ObjVersion : 3
TriggerVersion : v12
BinEdgesX : -3.2 -2.8 -2.5 -2.3 -2.1 -1.9 -1.7 -1.5 -1.3 -1.1 -0.9 -0.7 -0.5 -0.3 -0.1 0.1 0.3 0.5 0.7 0.9 1.1 1.3 1.5 1.7 1.9 2.1 2.3 2.5 2.8 3.2
BinEdgesY : 0 10 15 20 22 25 30 35 40 50 60 70 80 1000
BinVal : 0 0 0 0 0
BinVal : 0 1 0 0 0
BinVal : 0 2 0 0 0
BinVal : 0 3 0.125 0.05336 0.05336
BinVal : 0 4 0.4658 0.05723 0.05723
BinVal : 0 5 0.5688 0.04681 0.04681
BinVal : 0 6 0.6957 0.04739 0.04739
BinVal : 0 7 0.7436 0.06837 0.06837
BinVal : 0 8 0.7222 0.05984 0.05984
BinVal : 0 9 1 0.1409 0.1409
BinVal : 0 10 1 0.1409 0.1409
BinVal : 0 11 1 0.1409 0.1409
BinVal : 0 12 1 0.1409 0.1409
BinVal : 1 0 0 0 0
BinVal : 1 1 0 0 0
BinVal : 1 2 0.01429 0.01923 0.01923
BinVal : 1 3 0.1724 0.04954 0.04954
BinVal : 1 4 0.5435 0.05111 0.05111
BinVal : 1 5 0.6898 0.03362 0.03362
BinVal : 1 6 0.736 0.03287 0.03287
BinVal : 1 7 0.8081 0.03946 0.03946
BinVal : 1 8 0.7817 0.03453 0.03453
BinVal : 1 9 0.8235 0.09116 0.09116
BinVal : 1 10 1 0.2357 0.2357
BinVal : 1 11 1 0.2357 0.2357
BinVal : 1 12 1 0.2357 0.2357
BinVal : 2 0 0 0 0
BinVal : 2 1 0 0 0
BinVal : 2 2 0.02778 0.02277 0.02277
BinVal : 2 3 0.2535 0.05101 0.05101
BinVal : 2 4 0.5795 0.05178 0.05178
BinVal : 2 5 0.7321 0.0305 0.0305
BinVal : 2 6 0.76 0.02838 0.02838
BinVal : 2 7 0.7957 0.02949 0.02949
BinVal : 2 8 0.7955 0.02714 0.02714
BinVal : 2 9 0.7812 0.0717 0.0717
BinVal : 2 10 1 0.1237 0.1237
BinVal : 2 11 1 0.1237 0.1237
BinVal : 2 12 1 0.2357 0.2357
BinVal : 3 0 0 0 0
BinVal : 3 1 0 0 0
BinVal : 3 2 0.02532 0.02086 0.02086
BinVal : 3 3 0.3562 0.05506 0.05506
BinVal : 3 4 0.6635 0.04578 0.04578
BinVal : 3 5 0.7193 0.02963 0.02963
BinVal : 3 6 0.7715 0.02411 0.02411
BinVal : 3 7 0.7942 0.02425 0.02425
BinVal : 3 8 0.8051 0.02237 0.02237
BinVal : 3 9 0.814 0.05898 0.05898
BinVal : 3 10 0.8333 0.1443 0.1443
BinVal : 3 11 0.8333 0.1443 0.1443
BinVal : 3 12 0.5 0.2236 0.2236
BinVal : 4 0 0 0 0
BinVal : 4 1 0 0 0
BinVal : 4 2 0.03226 0.02622 0.02622
BinVal : 4 3 0.4182 0.06483 0.06483
BinVal : 4 4 0.6757 0.04395 0.04395
BinVal : 4 5 0.6895 0.02924 0.02924
BinVal : 4 6 0.7733 0.02253 0.02253
BinVal : 4 7 0.7825 0.02189 0.02189
BinVal : 4 8 0.7868 0.01918 0.01918
BinVal : 4 9 0.8305 0.04883 0.04883
BinVal : 4 10 0.7273 0.1234 0.1234
BinVal : 4 11 0.7273 0.1234 0.1234
BinVal : 4 12 0.7273 0.1234 0.1234
BinVal : 5 0 0 0 0
BinVal : 5 1 0 0 0
BinVal : 5 2 0.22 0.05787 0.05787
BinVal : 5 3 0.4815 0.09123 0.09123
BinVal : 5 4 0.7263 0.04527 0.04527
BinVal : 5 5 0.764 0.02591 0.02591
BinVal : 5 6 0.8314 0.02001 0.02001
BinVal : 5 7 0.8221 0.01914 0.01914
BinVal : 5 8 0.8528 0.01427 0.01427
BinVal : 5 9 0.88 0.03806 0.03806
BinVal : 5 10 0.8333 0.07585 0.07585
BinVal : 5 11 1 0.1936 0.1936
BinVal : 5 12 0.3333 0.2 0.2
BinVal : 6 0 0 0 0
BinVal : 6 1 0 0 0
BinVal : 6 2 0.4 0.09286 0.09286
BinVal : 6 3 0.6667 0.1614 0.1614
BinVal : 6 4 0.8649 0.05705 0.05705
BinVal : 6 5 0.8382 0.03161 0.03161
BinVal : 6 6 0.8814 0.02447 0.02447
BinVal : 6 7 0.8713 0.02367 0.02367
BinVal : 6 8 0.9191 0.01479 0.01479
BinVal : 6 9 0.925 0.04476 0.04476
BinVal : 6 10 0.8667 0.08985 0.08985
BinVal : 6 11 1 0.1936 0.1936
BinVal : 6 12 0.3333 0.2 0.2
BinVal : 7 0 0 0 0
BinVal : 7 1 0 0 0
BinVal : 7 2 0 0 0
BinVal : 7 3 0 0 0
BinVal : 7 4 0 0 0
BinVal : 7 5 0 0 0
BinVal : 7 6 0 0 0
BinVal : 7 7 0 0 0
BinVal : 7 8 0 0 0
BinVal : 7 9 0 0 0
BinVal : 7 10 0 0 0
BinVal : 7 11 0 0 0
BinVal : 7 12 0 0 0
BinVal : 8 0 0 0 0
BinVal : 8 1 0 0 0
BinVal : 8 2 0 0 0
BinVal : 8 3 0 0 0
BinVal : 8 4 0 0 0
BinVal : 8 5 0 0 0
BinVal : 8 6 0 0 0
BinVal : 8 7 0 0 0
BinVal : 8 8 0 0 0
BinVal : 8 9 0 0 0
BinVal : 8 10 0 0 0
BinVal : 8 11 0 0 0
BinVal : 8 12 0 0 0
BinVal : 9 0 0 0 0
BinVal : 9 1 0 0 0
BinVal : 9 2 0.1163 0.05012 0.05012
BinVal : 9 3 0.5357 0.0896 0.0896
BinVal : 9 4 0.8776 0.04772 0.04772
BinVal : 9 5 0.9 0.02481 0.02481
BinVal : 9 6 0.9402 0.01285 0.01285
BinVal : 9 7 0.9653 0.007567 0.007567
BinVal : 9 8 0.9636 0.005308 0.005308
BinVal : 9 9 0.9749 0.01197 0.01197
BinVal : 9 10 1 0.0204 0.0204
BinVal : 9 11 0.9286 0.08021 0.08021
BinVal : 9 12 1 0.05546 0.05546
BinVal : 10 0 0 0 0
BinVal : 10 1 0 0 0
BinVal : 10 2 0.1591 0.05529 0.05529
BinVal : 10 3 0.4412 0.08169 0.08169
BinVal : 10 4 0.8116 0.04689 0.04689
BinVal : 10 5 0.8994 0.0234 0.0234
BinVal : 10 6 0.9545 0.011 0.011
BinVal : 10 7 0.97 0.006736 0.006736
BinVal : 10 8 0.9681 0.004515 0.004515
BinVal : 10 9 0.9888 0.007312 0.007312
BinVal : 10 10 1 0.01695 0.01695
BinVal : 10 11 0.9231 0.08498 0.08498
BinVal : 10 12 1 0.04756 0.04756
BinVal : 11 0 0 0 0
BinVal : 11 1 0 0 0
BinVal : 11 2 0.1481 0.06897 0.06897
BinVal : 11 3 0.5161 0.08571 0.08571
BinVal : 11 4 0.7432 0.05018 0.05018
BinVal : 11 5 0.8877 0.02327 0.02327
BinVal : 11 6 0.9702 0.009173 0.009173
BinVal : 11 7 0.9682 0.006951 0.006951
BinVal : 11 8 0.9787 0.003663 0.003663
BinVal : 11 9 0.9922 0.006661 0.006661
BinVal : 11 10 1 0.01923 0.01923
BinVal : 11 11 1 0.05871 0.05871
BinVal : 11 12 1 0.0454 0.0454
BinVal : 12 0 0 0 0
BinVal : 12 1 0 0 0
BinVal : 12 2 0.1429 0.06693 0.06693
BinVal : 12 3 0.6818 0.09428 0.09428
BinVal : 12 4 0.7714 0.04971 0.04971
BinVal : 12 5 0.9126 0.01993 0.01993
BinVal : 12 6 0.9701 0.009197 0.009197
BinVal : 12 7 0.9676 0.007087 0.007087
BinVal : 12 8 0.9755 0.003863 0.003863
BinVal : 12 9 1 0.004329 0.004329
BinVal : 12 10 0.9783 0.02855 0.02855
BinVal : 12 11 1 0.04343 0.04343
BinVal : 12 12 1 0.04163 0.04163
BinVal : 13 0 0 0 0
BinVal : 13 1 0 0 0
BinVal : 13 2 0.125 0.06944 0.06944
BinVal : 13 3 0.75 0.08536 0.08536
BinVal : 13 4 0.7945 0.04699 0.04699
BinVal : 13 5 0.9385 0.01569 0.01569
BinVal : 13 6 0.951 0.01087 0.01087
BinVal : 13 7 0.9542 0.008731 0.008731
BinVal : 13 8 0.9662 0.004437 0.004437
BinVal : 13 9 0.9669 0.01204 0.01204
BinVal : 13 10 0.9524 0.02958 0.02958
BinVal : 13 11 1 0.03701 0.03701
BinVal : 13 12 1 0.04993 0.04993
BinVal : 14 0 0 0 0
BinVal : 14 1 0 0 0
BinVal : 14 2 0.1852 0.07396 0.07396
BinVal : 14 3 0.6667 0.09156 0.09156
BinVal : 14 4 0.8514 0.04155 0.04155
BinVal : 14 5 0.9116 0.01817 0.01817
BinVal : 14 6 0.9119 0.01392 0.01392
BinVal : 14 7 0.942 0.01005 0.01005
BinVal : 14 8 0.9492 0.005326 0.005326
BinVal : 14 9 0.9385 0.01519 0.01519
BinVal : 14 10 0.9559 0.02755 0.02755
BinVal : 14 11 0.9048 0.06875 0.06875
BinVal : 14 12 1 0.0665 0.0665
BinVal : 15 0 0 0 0
BinVal : 15 1 0 0 0
BinVal : 15 2 0.1818 0.06667 0.06667
BinVal : 15 3 0.5806 0.08476 0.08476
BinVal : 15 4 0.8551 0.04264 0.04264
BinVal : 15 5 0.8798 0.02141 0.02141
BinVal : 15 6 0.8737 0.01673 0.01673
BinVal : 15 7 0.9209 0.01114 0.01114
BinVal : 15 8 0.9272 0.006388 0.006388
BinVal : 15 9 0.9246 0.01687 0.01687
BinVal : 15 10 0.931 0.03539 0.03539
BinVal : 15 11 0.8333 0.07585 0.07585
BinVal : 15 12 0.9333 0.07594 0.07594
BinVal : 16 0 0 0 0
BinVal : 16 1 0 0 0
BinVal : 16 2 0.2059 0.06835 0.06835
BinVal : 16 3 0.6 0.07485 0.07485
BinVal : 16 4 0.6667 0.05575 0.05575
BinVal : 16 5 0.8533 0.02363 0.02363
BinVal : 16 6 0.8731 0.01699 0.01699
BinVal : 16 7 0.9071 0.01119 0.01119
BinVal : 16 8 0.922 0.006684 0.006684
BinVal : 16 9 0.9186 0.01723 0.01723
BinVal : 16 10 0.9057 0.04166 0.04166
BinVal : 16 11 0.92 0.05939 0.05939
BinVal : 16 12 0.9474 0.06258 0.06258
BinVal : 17 0 0 0 0
BinVal : 17 1 0 0 0
BinVal : 17 2 0.1905 0.06013 0.06013
BinVal : 17 3 0.5455 0.08303 0.08303
BinVal : 17 4 0.6761 0.05461 0.05461
BinVal : 17 5 0.8283 0.0268 0.0268
BinVal : 17 6 0.9102 0.01417 0.01417
BinVal : 17 7 0.9034 0.01109 0.01109
BinVal : 17 8 0.9227 0.006853 0.006853
BinVal : 17 9 0.9194 0.01666 0.01666
BinVal : 17 10 0.9184 0.04124 0.04124
BinVal : 17 11 0.95 0.05994 0.05994
BinVal : 17 12 1 0.05546 0.05546
BinVal : 18 0 0 0 0
BinVal : 18 1 0 0 0
BinVal : 18 2 0.1111 0.05413 0.05413
BinVal : 18 3 0.56 0.09391 0.09391
BinVal : 18 4 0.8 0.05129 0.05129
BinVal : 18 5 0.8156 0.02895 0.02895
BinVal : 18 6 0.9141 0.01441 0.01441
BinVal : 18 7 0.881 0.01301 0.01301
BinVal : 18 8 0.9062 0.008103 0.008103
BinVal : 18 9 0.8961 0.02023 0.02023
BinVal : 18 10 0.9048 0.04731 0.04731
BinVal : 18 11 0.9091 0.09643 0.09643
BinVal : 18 12 1 0.09045 0.09045
BinVal : 19 0 0 0 0
BinVal : 19 1 0 0 0
BinVal : 19 2 0.1333 0.08985 0.08985
BinVal : 19 3 0.6 0.1367 0.1367
BinVal : 19 4 0.7917 0.08108 0.08108
BinVal : 19 5 0.828 0.03912 0.03912
BinVal : 19 6 0.8773 0.02587 0.02587
BinVal : 19 7 0.8679 0.02086 0.02086
BinVal : 19 8 0.8918 0.01301 0.01301
BinVal : 19 9 0.8723 0.03474 0.03474
BinVal : 19 10 0.8889 0.07792 0.07792
BinVal : 19 11 1 0.2357 0.2357
BinVal : 19 12 1 0.1936 0.1936
BinVal : 20 0 0 0 0
BinVal : 20 1 0 0 0
BinVal : 20 2 0 0 0
BinVal : 20 3 0 0 0
BinVal : 20 4 0 0 0
BinVal : 20 5 0 0 0
BinVal : 20 6 0 0 0
BinVal : 20 7 0 0 0
BinVal : 20 8 0 0 0
BinVal : 20 9 0 0 0
BinVal : 20 10 0 0 0
BinVal : 20 11 0 0 0
BinVal : 20 12 0 0 0
BinVal : 21 0 0 0 0
BinVal : 21 1 0 0 0
BinVal : 21 2 0 0 0
BinVal : 21 3 0 0 0
BinVal : 21 4 0 0 0
BinVal : 21 5 0 0 0
BinVal : 21 6 0 0 0
BinVal : 21 7 0 0 0
BinVal : 21 8 0 0 0
BinVal : 21 9 0 0 0
BinVal : 21 10 0 0 0
BinVal : 21 11 0 0 0
BinVal : 21 12 0 0 0
BinVal : 22 0 0 0 0
BinVal : 22 1 0 0 0
BinVal : 22 2 0.02857 0.03668 0.03668
BinVal : 22 3 0.09677 0.05597 0.05597
BinVal : 22 4 0.7455 0.04121 0.04121
BinVal : 22 5 0.8455 0.02307 0.02307
BinVal : 22 6 0.8545 0.01944 0.01944
BinVal : 22 7 0.8696 0.01573 0.01573
BinVal : 22 8 0.8974 0.01125 0.01125
BinVal : 22 9 0.8515 0.03552 0.03552
BinVal : 22 10 0.8125 0.09538 0.09538
BinVal : 22 11 1 0.1102 0.1102
BinVal : 22 12 1 0.1102 0.1102
BinVal : 23 0 0 0 0
BinVal : 23 1 0 0 0
BinVal : 23 2 0 0 0
BinVal : 23 3 0.1522 0.05324 0.05324
BinVal : 23 4 0.648 0.04228 0.04228
BinVal : 23 5 0.8397 0.02385 0.02385
BinVal : 23 6 0.8073 0.02271 0.02271
BinVal : 23 7 0.8522 0.01825 0.01825
BinVal : 23 8 0.8515 0.01584 0.01584
BinVal : 23 9 0.7821 0.0464 0.0464
BinVal : 23 10 0.7647 0.09846 0.09846
BinVal : 23 11 1 0.1633 0.1633
BinVal : 23 12 1 0.1633 0.1633
BinVal : 24 0 0 0 0
BinVal : 24 1 0 0 0
BinVal : 24 2 0.01124 0.01529 0.01529
BinVal : 24 3 0.1731 0.05238 0.05238
BinVal : 24 4 0.6018 0.04549 0.04549
BinVal : 24 5 0.8327 0.02357 0.02357
BinVal : 24 6 0.8084 0.02321 0.02321
BinVal : 24 7 0.8723 0.01994 0.01994
BinVal : 24 8 0.8549 0.01812 0.01812
BinVal : 24 9 0.8718 0.05454 0.05454
BinVal : 24 10 0.9 0.1034 0.1034
BinVal : 24 11 0.9 0.1034 0.1034
BinVal : 24 12 0.9 0.1034 0.1034
BinVal : 25 0 0 0 0
BinVal : 25 1 0 0 0
BinVal : 25 2 0.02151 0.01785 0.01785
BinVal : 25 3 0.1053 0.04175 0.04175
BinVal : 25 4 0.6111 0.04631 0.04631
BinVal : 25 5 0.8319 0.02424 0.02424
BinVal : 25 6 0.8417 0.0227 0.0227
BinVal : 25 7 0.8935 0.02396 0.02396
BinVal : 25 8 0.874 0.0209 0.0209
BinVal : 25 9 0.9474 0.06258 0.06258
BinVal : 25 10 0.6667 0.2 0.2
BinVal : 25 11 0.6667 0.2 0.2
BinVal : 25 12 1 0.2357 0.2357
BinVal : 26 0 0 0 0
BinVal : 26 1 0 0 0
BinVal : 26 2 0.009804 0.0134 0.0134
BinVal : 26 3 0.08451 0.03423 0.03423
BinVal : 26 4 0.6082 0.04886 0.04886
BinVal : 26 5 0.7681 0.02923 0.02923
BinVal : 26 6 0.8246 0.02907 0.02907
BinVal : 26 7 0.8315 0.03969 0.03969
BinVal : 26 8 0.8393 0.02836 0.02836
BinVal : 26 9 1 0.07122 0.07122
BinVal : 26 10 1 0.07122 0.07122
BinVal : 26 11 1 0.2357 0.2357
BinVal : 26 12 1 0.2357 0.2357
BinVal : 27 0 0 0 0
BinVal : 27 1 0 0 0
BinVal : 27 2 0 0 0
BinVal : 27 3 0.06667 0.04028 0.04028
BinVal : 27 4 0.5088 0.06454 0.06454
BinVal : 27 5 0.6612 0.04258 0.04258
BinVal : 27 6 0.7067 0.05182 0.05182
BinVal : 27 7 0.6042 0.0686 0.0686
BinVal : 27 8 0.7361 0.05128 0.05128
BinVal : 27 9 1 0.2357 0.2357
BinVal : 27 10 1 0.2357 0.2357
BinVal : 27 11 1 0.2357 0.2357
BinVal : 27 12 1 0.2357 0.2357
BinVal : 28 0 0 0 0
BinVal : 28 1 0 0 0
BinVal : 28 2 0 0 0
BinVal : 28 3 0 0 0
BinVal : 28 4 0.2308 0.1106 0.1106
BinVal : 28 5 0.4545 0.09965 0.09965
BinVal : 28 6 0.4444 0.1437 0.1437
BinVal : 28 7 0.1 0.1034 0.1034
BinVal : 28 8 0.4 0.175 0.175
BinVal : 28 9 0.4 0.175 0.175
BinVal : 28 10 0.4 0.175 0.175
BinVal : 28 11 0.4 0.175 0.175
BinVal : 28 12 0.4 0.175 0.175
