D0NoteID : 0
EffName : SINGLEELE_ALL_v811
EffType : Binned
EffVarNames : DetEta pT
EffVersion : 6
ObjQuality : Medium
ObjType : Electron
ObjVersion : 12
BinEdgesX : -3.2 -2.8 -2.5 -2.3 -2.1 -1.9 -1.7 -1.5 -1.3 -1.1 -0.9 -0.7 -0.5 -0.3 -0.1 0.1 0.3 0.5 0.7 0.9 1.1 1.3 1.5 1.7 1.9 2.1 2.3 2.5 2.8 3.2
BinEdgesY : 0 10 15 20 22 25 30 35 40 50 60 70 80 1000
BinVal : 0 0 0 0 0
BinVal : 0 1 0 0 0
BinVal : 0 2 0 0 0
BinVal : 0 3 0.6667 0.2 0.2
BinVal : 0 4 0.5 0.1213 0.1213
BinVal : 0 5 0.6087 0.09608 0.09608
BinVal : 0 6 0.72 0.08629 0.08629
BinVal : 0 7 1 0.08299 0.08299
BinVal : 0 8 1 0.05871 0.05871
BinVal : 0 9 1 0.05871 0.05871
BinVal : 0 10 1 0.05871 0.05871
BinVal : 0 11 1 0.05871 0.05871
BinVal : 0 12 1 0.05871 0.05871
BinVal : 1 0 0 0 0
BinVal : 1 1 0 0 0
BinVal : 1 2 0 0 0
BinVal : 1 3 0.5714 0.1571 0.1571
BinVal : 1 4 0.5652 0.09735 0.09735
BinVal : 1 5 0.6923 0.0718 0.0718
BinVal : 1 6 0.8293 0.05867 0.05867
BinVal : 1 7 0.913 0.06373 0.06373
BinVal : 1 8 0.9714 0.03668 0.03668
BinVal : 1 9 1 0.1936 0.1936
BinVal : 1 10 1 0.1936 0.1936
BinVal : 1 11 1 0.1936 0.1936
BinVal : 1 12 1 0.1936 0.1936
BinVal : 2 0 0 0 0
BinVal : 2 1 0 0 0
BinVal : 2 2 0 0 0
BinVal : 2 3 0.4 0.175 0.175
BinVal : 2 4 0.4444 0.1086 0.1086
BinVal : 2 5 0.8085 0.057 0.057
BinVal : 2 6 0.9318 0.0411 0.0411
BinVal : 2 7 0.9556 0.03528 0.03528
BinVal : 2 8 0.9464 0.03299 0.03299
BinVal : 2 9 1 0.1237 0.1237
BinVal : 2 10 1 0.2357 0.2357
BinVal : 2 11 1 0.2357 0.2357
BinVal : 2 12 1 0.2357 0.2357
BinVal : 3 0 0 0 0
BinVal : 3 1 0 0 0
BinVal : 3 2 0 0 0
BinVal : 3 3 0 0 0
BinVal : 3 4 0.5 0.1147 0.1147
BinVal : 3 5 0.86 0.04956 0.04956
BinVal : 3 6 0.9296 0.03193 0.03193
BinVal : 3 7 0.9844 0.02094 0.02094
BinVal : 3 8 0.9655 0.02184 0.02184
BinVal : 3 9 1 0.0665 0.0665
BinVal : 3 10 1 0.2357 0.2357
BinVal : 3 11 1 0.2357 0.2357
BinVal : 3 12 1 0.2357 0.2357
BinVal : 4 0 0 0 0
BinVal : 4 1 0 0 0
BinVal : 4 2 0.1333 0.08985 0.08985
BinVal : 4 3 0.1429 0.1315 0.1315
BinVal : 4 4 0.64 0.09126 0.09126
BinVal : 4 5 0.881 0.05116 0.05116
BinVal : 4 6 0.9012 0.03392 0.03392
BinVal : 4 7 0.9697 0.02472 0.02472
BinVal : 4 8 0.9847 0.01283 0.01283
BinVal : 4 9 1 0.05546 0.05546
BinVal : 4 10 1 0.2357 0.2357
BinVal : 4 11 1 0.2357 0.2357
BinVal : 4 12 1 0.2357 0.2357
BinVal : 5 0 0 0 0
BinVal : 5 1 0 0 0
BinVal : 5 2 0.2 0.1201 0.1201
BinVal : 5 3 0.3333 0.1614 0.1614
BinVal : 5 4 0.6667 0.09156 0.09156
BinVal : 5 5 0.9286 0.04285 0.04285
BinVal : 5 6 0.9375 0.02858 0.02858
BinVal : 5 7 0.9889 0.01512 0.01512
BinVal : 5 8 0.9837 0.01061 0.01061
BinVal : 5 9 1 0.04343 0.04343
BinVal : 5 10 1 0.1633 0.1633
BinVal : 5 11 1 0.1936 0.1936
BinVal : 5 12 1 0.1936 0.1936
BinVal : 6 0 0 0 0
BinVal : 6 1 0 0 0
BinVal : 6 2 0 0 0
BinVal : 6 3 0.3333 0.2 0.2
BinVal : 6 4 0.75 0.1382 0.1382
BinVal : 6 5 0.9545 0.05528 0.05528
BinVal : 6 6 1 0.02173 0.02173
BinVal : 6 7 1 0.01666 0.01666
BinVal : 6 8 0.9811 0.01574 0.01574
BinVal : 6 9 1 0.05871 0.05871
BinVal : 6 10 1 0.1936 0.1936
BinVal : 6 11 1 0.1936 0.1936
BinVal : 6 12 1 0.1936 0.1936
BinVal : 7 0 0 0 0
BinVal : 7 1 0 0 0
BinVal : 7 2 0 0 0
BinVal : 7 3 0 0 0
BinVal : 7 4 0 0 0
BinVal : 7 5 0 0 0
BinVal : 7 6 0 0 0
BinVal : 7 7 0 0 0
BinVal : 7 8 0 0 0
BinVal : 7 9 0 0 0
BinVal : 7 10 0 0 0
BinVal : 7 11 0 0 0
BinVal : 7 12 0 0 0
BinVal : 8 0 0 0 0
BinVal : 8 1 0 0 0
BinVal : 8 2 0 0 0
BinVal : 8 3 0 0 0
BinVal : 8 4 0 0 0
BinVal : 8 5 0 0 0
BinVal : 8 6 0 0 0
BinVal : 8 7 0 0 0
BinVal : 8 8 0 0 0
BinVal : 8 9 0 0 0
BinVal : 8 10 0 0 0
BinVal : 8 11 0 0 0
BinVal : 8 12 0 0 0
BinVal : 9 0 0 0 0
BinVal : 9 1 0 0 0
BinVal : 9 2 0 0 0
BinVal : 9 3 0 0 0
BinVal : 9 4 0.2222 0.1286 0.1286
BinVal : 9 5 0.7 0.09712 0.09712
BinVal : 9 6 0.954 0.02427 0.02427
BinVal : 9 7 0.9769 0.01486 0.01486
BinVal : 9 8 0.9871 0.008456 0.008456
BinVal : 9 9 0.9615 0.04782 0.04782
BinVal : 9 10 1 0.09938 0.09938
BinVal : 9 11 1 0.1936 0.1936
BinVal : 9 12 1 0.2357 0.2357
BinVal : 10 0 0 0 0
BinVal : 10 1 0 0 0
BinVal : 10 2 0.1429 0.1315 0.1315
BinVal : 10 3 0.1429 0.1315 0.1315
BinVal : 10 4 0.3636 0.13 0.13
BinVal : 10 5 0.8529 0.06127 0.06127
BinVal : 10 6 0.9596 0.02148 0.02148
BinVal : 10 7 0.988 0.01013 0.01013
BinVal : 10 8 0.9867 0.007307 0.007307
BinVal : 10 9 0.9787 0.02798 0.02798
BinVal : 10 10 1 0.09045 0.09045
BinVal : 10 11 1 0.1936 0.1936
BinVal : 10 12 1 0.2357 0.2357
BinVal : 11 0 0 0 0
BinVal : 11 1 0 0 0
BinVal : 11 2 0.1667 0.1443 0.1443
BinVal : 11 3 0.1667 0.1443 0.1443
BinVal : 11 4 0.3125 0.1081 0.1081
BinVal : 11 5 0.9545 0.03602 0.03602
BinVal : 11 6 0.9647 0.02233 0.02233
BinVal : 11 7 0.9933 0.009212 0.009212
BinVal : 11 8 0.9878 0.006694 0.006694
BinVal : 11 9 1 0.01666 0.01666
BinVal : 11 10 1 0.1102 0.1102
BinVal : 11 11 1 0.1409 0.1409
BinVal : 11 12 1 0.2357 0.2357
BinVal : 12 0 0 0 0
BinVal : 12 1 0 0 0
BinVal : 12 2 0 0 0
BinVal : 12 3 0 0 0
BinVal : 12 4 0.4118 0.1104 0.1104
BinVal : 12 5 0.963 0.02982 0.02982
BinVal : 12 6 1 0.01219 0.01219
BinVal : 12 7 1 0.007936 0.007936
BinVal : 12 8 0.9941 0.00505 0.00505
BinVal : 12 9 1 0.02127 0.02127
BinVal : 12 10 1 0.09938 0.09938
BinVal : 12 11 1 0.1237 0.1237
BinVal : 12 12 1 0.1633 0.1633
BinVal : 13 0 0 0 0
BinVal : 13 1 0 0 0
BinVal : 13 2 0 0 0
BinVal : 13 3 0 0 0
BinVal : 13 4 0.8571 0.09466 0.09466
BinVal : 13 5 0.9552 0.02793 0.02793
BinVal : 13 6 1 0.01087 0.01087
BinVal : 13 7 1 0.008403 0.008403
BinVal : 13 8 0.9972 0.003945 0.003945
BinVal : 13 9 0.9545 0.03602 0.03602
BinVal : 13 10 1 0.1102 0.1102
BinVal : 13 11 1 0.1409 0.1409
BinVal : 13 12 1 0.1409 0.1409
BinVal : 14 0 0 0 0
BinVal : 14 1 0 0 0
BinVal : 14 2 0 0 0
BinVal : 14 3 0.25 0.1782 0.1782
BinVal : 14 4 0.7333 0.1074 0.1074
BinVal : 14 5 0.9667 0.02703 0.02703
BinVal : 14 6 1 0.009803 0.009803
BinVal : 14 7 0.9922 0.01075 0.01075
BinVal : 14 8 0.9771 0.008425 0.008425
BinVal : 14 9 0.9412 0.03595 0.03595
BinVal : 14 10 1 0.08299 0.08299
BinVal : 14 11 1 0.1633 0.1633
BinVal : 14 12 1 0.1409 0.1409
BinVal : 15 0 0 0 0
BinVal : 15 1 0 0 0
BinVal : 15 2 0 0 0
BinVal : 15 3 0.25 0.1782 0.1782
BinVal : 15 4 0.4706 0.1116 0.1116
BinVal : 15 5 0.9792 0.02744 0.02744
BinVal : 15 6 0.9694 0.0195 0.0195
BinVal : 15 7 0.9931 0.009587 0.009587
BinVal : 15 8 0.9676 0.009935 0.009935
BinVal : 15 9 0.9512 0.03841 0.03841
BinVal : 15 10 1 0.08299 0.08299
BinVal : 15 11 1 0.1936 0.1936
BinVal : 15 12 1 0.1409 0.1409
BinVal : 16 0 0 0 0
BinVal : 16 1 0 0 0
BinVal : 16 2 0 0 0
BinVal : 16 3 0 0 0
BinVal : 16 4 0.25 0.08536 0.08536
BinVal : 16 5 0.925 0.04476 0.04476
BinVal : 16 6 0.9394 0.02515 0.02515
BinVal : 16 7 0.9937 0.008649 0.008649
BinVal : 16 8 0.9726 0.009394 0.009394
BinVal : 16 9 0.975 0.03248 0.03248
BinVal : 16 10 1 0.09938 0.09938
BinVal : 16 11 1 0.1409 0.1409
BinVal : 16 12 1 0.1633 0.1633
BinVal : 17 0 0 0 0
BinVal : 17 1 0 0 0
BinVal : 17 2 0 0 0
BinVal : 17 3 0 0 0
BinVal : 17 4 0.1905 0.0842 0.0842
BinVal : 17 5 0.878 0.05224 0.05224
BinVal : 17 6 0.9615 0.0205 0.0205
BinVal : 17 7 0.9673 0.01544 0.01544
BinVal : 17 8 0.9729 0.009311 0.009311
BinVal : 17 9 0.9756 0.03175 0.03175
BinVal : 17 10 1 0.0665 0.0665
BinVal : 17 11 1 0.09938 0.09938
BinVal : 17 12 1 0.1633 0.1633
BinVal : 18 0 0 0 0
BinVal : 18 1 0 0 0
BinVal : 18 2 0 0 0
BinVal : 18 3 0 0 0
BinVal : 18 4 0.1765 0.09116 0.09116
BinVal : 18 5 0.8718 0.05454 0.05454
BinVal : 18 6 0.9432 0.02615 0.02615
BinVal : 18 7 0.9275 0.02266 0.02266
BinVal : 18 8 0.9694 0.01048 0.01048
BinVal : 18 9 0.973 0.03488 0.03488
BinVal : 18 10 1 0.08299 0.08299
BinVal : 18 11 1 0.1409 0.1409
BinVal : 18 12 1 0.1936 0.1936
BinVal : 19 0 0 0 0
BinVal : 19 1 0 0 0
BinVal : 19 2 0 0 0
BinVal : 19 3 0 0 0
BinVal : 19 4 0.1 0.1034 0.1034
BinVal : 19 5 0.8824 0.08154 0.08154
BinVal : 19 6 0.8889 0.05413 0.05413
BinVal : 19 7 0.913 0.03513 0.03513
BinVal : 19 8 0.9573 0.01997 0.01997
BinVal : 19 9 1 0.04343 0.04343
BinVal : 19 10 1 0.1936 0.1936
BinVal : 19 11 1 0.1936 0.1936
BinVal : 19 12 1 0.1936 0.1936
BinVal : 20 0 0 0 0
BinVal : 20 1 0 0 0
BinVal : 20 2 0 0 0
BinVal : 20 3 0 0 0
BinVal : 20 4 0 0 0
BinVal : 20 5 0 0 0
BinVal : 20 6 0 0 0
BinVal : 20 7 0 0 0
BinVal : 20 8 0 0 0
BinVal : 20 9 0 0 0
BinVal : 20 10 0 0 0
BinVal : 20 11 0 0 0
BinVal : 20 12 0 0 0
BinVal : 21 0 0 0 0
BinVal : 21 1 0 0 0
BinVal : 21 2 0 0 0
BinVal : 21 3 0 0 0
BinVal : 21 4 0 0 0
BinVal : 21 5 0 0 0
BinVal : 21 6 0 0 0
BinVal : 21 7 0 0 0
BinVal : 21 8 0 0 0
BinVal : 21 9 0 0 0
BinVal : 21 10 0 0 0
BinVal : 21 11 0 0 0
BinVal : 21 12 0 0 0
BinVal : 22 0 0 0 0
BinVal : 22 1 0 0 0
BinVal : 22 2 0 0 0
BinVal : 22 3 0 0 0
BinVal : 22 4 0.2759 0.08024 0.08024
BinVal : 22 5 0.7931 0.05275 0.05275
BinVal : 22 6 0.9468 0.02458 0.02458
BinVal : 22 7 0.9911 0.01224 0.01224
BinVal : 22 8 0.9722 0.01191 0.01191
BinVal : 22 9 0.9565 0.0532 0.0532
BinVal : 22 10 1 0.1633 0.1633
BinVal : 22 11 1 0.1409 0.1409
BinVal : 22 12 1 0.1409 0.1409
BinVal : 23 0 0 0 0
BinVal : 23 1 0 0 0
BinVal : 23 2 0 0 0
BinVal : 23 3 0 0 0
BinVal : 23 4 0.3333 0.1041 0.1041
BinVal : 23 5 0.6724 0.06036 0.06036
BinVal : 23 6 0.9495 0.02341 0.02341
BinVal : 23 7 1 0.0101 0.0101
BinVal : 23 8 0.9937 0.008756 0.008756
BinVal : 23 9 1 0.0454 0.0454
BinVal : 23 10 1 0.1633 0.1633
BinVal : 23 11 1 0.1936 0.1936
BinVal : 23 12 1 0.1936 0.1936
BinVal : 24 0 0 0 0
BinVal : 24 1 0 0 0
BinVal : 24 2 0 0 0
BinVal : 24 3 0.2308 0.1106 0.1106
BinVal : 24 4 0.2381 0.08963 0.08963
BinVal : 24 5 0.6452 0.05951 0.05951
BinVal : 24 6 0.9663 0.02137 0.02137
BinVal : 24 7 1 0.0137 0.0137
BinVal : 24 8 0.9912 0.01214 0.01214
BinVal : 24 9 1 0.07122 0.07122
BinVal : 24 10 1 0.1633 0.1633
BinVal : 24 11 1 0.1633 0.1633
BinVal : 24 12 1 0.1633 0.1633
BinVal : 25 0 0 0 0
BinVal : 25 1 0 0 0
BinVal : 25 2 0 0 0
BinVal : 25 3 0.375 0.1477 0.1477
BinVal : 25 4 0.3333 0.09722 0.09722
BinVal : 25 5 0.7647 0.05855 0.05855
BinVal : 25 6 0.9492 0.03144 0.03144
BinVal : 25 7 0.975 0.03248 0.03248
BinVal : 25 8 0.9851 0.02005 0.02005
BinVal : 25 9 1 0.1102 0.1102
BinVal : 25 10 1 0.1936 0.1936
BinVal : 25 11 1 0.1936 0.1936
BinVal : 25 12 1 0.1936 0.1936
BinVal : 26 0 0 0 0
BinVal : 26 1 0 0 0
BinVal : 26 2 0 0 0
BinVal : 26 3 0 0 0
BinVal : 26 4 0.25 0.1028 0.1028
BinVal : 26 5 0.7179 0.07021 0.07021
BinVal : 26 6 0.8936 0.04636 0.04636
BinVal : 26 7 0.9333 0.05074 0.05074
BinVal : 26 8 0.9333 0.05074 0.05074
BinVal : 26 9 1 0.1409 0.1409
BinVal : 26 10 1 0.2357 0.2357
BinVal : 26 11 1 0.2357 0.2357
BinVal : 26 12 1 0.2357 0.2357
BinVal : 27 0 0 0 0
BinVal : 27 1 0 0 0
BinVal : 27 2 0 0 0
BinVal : 27 3 0.2 0.1597 0.1597
BinVal : 27 4 0.1176 0.08154 0.08154
BinVal : 27 5 0.4375 0.114 0.114
BinVal : 27 6 0.7917 0.08108 0.08108
BinVal : 27 7 0.9286 0.08021 0.08021
BinVal : 27 8 0.8182 0.1126 0.1126
BinVal : 27 9 1 0.2357 0.2357
BinVal : 27 10 1 0.2357 0.2357
BinVal : 27 11 1 0.2357 0.2357
BinVal : 27 12 1 0.2357 0.2357
BinVal : 28 0 0 0 0
BinVal : 28 1 0 0 0
BinVal : 28 2 0 0 0
BinVal : 28 3 0.25 0.1782 0.1782
BinVal : 28 4 0.25 0.1782 0.1782
BinVal : 28 5 0.25 0.1782 0.1782
BinVal : 28 6 0.25 0.1782 0.1782
BinVal : 28 7 1 0.2357 0.2357
BinVal : 28 8 1 0.2357 0.2357
BinVal : 28 9 1 0.2357 0.2357
BinVal : 28 10 1 0.2357 0.2357
BinVal : 28 11 1 0.2357 0.2357
BinVal : 28 12 1 0.2357 0.2357
