D0NoteID : 0
EffName : SINGLEELE_ALL_v15
EffType : Binned
EffVarNames : DetEta pT
EffVersion : 6
ObjQuality : Loose_trk
ObjType : Electron
ObjVersion : 2
BinEdgesX : -3.2 -2.8 -2.5 -2.3 -2.1 -1.9 -1.7 -1.5 -1.3 -1.1 -0.9 -0.7 -0.5 -0.3 -0.1 0.1 0.3 0.5 0.7 0.9 1.1 1.3 1.5 1.7 1.9 2.1 2.3 2.5 2.8 3.2
BinEdgesY : 0 10 15 20 22 25 30 35 40 50 60 70 80 1000
BinVal : 0 0 0 0 0
BinVal : 0 1 0 0 0
BinVal : 0 2 0 0 0
BinVal : 0 3 0.07143 0.08021 0.08021
BinVal : 0 4 0.5769 0.0919 0.0919
BinVal : 0 5 0.6957 0.04739 0.04739
BinVal : 0 6 0.9206 0.03563 0.03563
BinVal : 0 7 0.9143 0.05037 0.05037
BinVal : 0 8 0.9649 0.02836 0.02836
BinVal : 0 9 1 0.2357 0.2357
BinVal : 0 10 1 0.2357 0.2357
BinVal : 0 11 1 0.2357 0.2357
BinVal : 0 12 1 0.2357 0.2357
BinVal : 1 0 0 0 0
BinVal : 1 1 0 0 0
BinVal : 1 2 0 0 0
BinVal : 1 3 0.04545 0.05528 0.05528
BinVal : 1 4 0.587 0.07043 0.07043
BinVal : 1 5 0.7429 0.03287 0.03287
BinVal : 1 6 0.956 0.01707 0.01707
BinVal : 1 7 0.9703 0.01894 0.01894
BinVal : 1 8 0.9862 0.01162 0.01162
BinVal : 1 9 1 0.07122 0.07122
BinVal : 1 10 1 0.2357 0.2357
BinVal : 1 11 1 0.2357 0.2357
BinVal : 1 12 1 0.2357 0.2357
BinVal : 2 0 0 0 0
BinVal : 2 1 0 0 0
BinVal : 2 2 0.02632 0.03404 0.03404
BinVal : 2 3 0.1562 0.06444 0.06444
BinVal : 2 4 0.566 0.06627 0.06627
BinVal : 2 5 0.7647 0.02959 0.02959
BinVal : 2 6 0.9513 0.01476 0.01476
BinVal : 2 7 1 0.005848 0.005848
BinVal : 2 8 1 0.004082 0.004082
BinVal : 2 9 1 0.03843 0.03843
BinVal : 2 10 1 0.2357 0.2357
BinVal : 2 11 1 0.2357 0.2357
BinVal : 2 12 1 0.2357 0.2357
BinVal : 3 0 0 0 0
BinVal : 3 1 0 0 0
BinVal : 3 2 0.02632 0.03404 0.03404
BinVal : 3 3 0.1944 0.06528 0.06528
BinVal : 3 4 0.5286 0.05843 0.05843
BinVal : 3 5 0.7014 0.03134 0.03134
BinVal : 3 6 0.9572 0.01193 0.01193
BinVal : 3 7 0.9925 0.006415 0.006415
BinVal : 3 8 1 0.002457 0.002457
BinVal : 3 9 1 0.02438 0.02438
BinVal : 3 10 1 0.1102 0.1102
BinVal : 3 11 1 0.1102 0.1102
BinVal : 3 12 1 0.2357 0.2357
BinVal : 4 0 0 0 0
BinVal : 4 1 0 0 0
BinVal : 4 2 0.01695 0.02262 0.02262
BinVal : 4 3 0.1667 0.06794 0.06794
BinVal : 4 4 0.5889 0.05106 0.05106
BinVal : 4 5 0.6838 0.0291 0.0291
BinVal : 4 6 0.9751 0.008087 0.008087
BinVal : 4 7 0.9934 0.004371 0.004371
BinVal : 4 8 1 0.001414 0.001414
BinVal : 4 9 1 0.01299 0.01299
BinVal : 4 10 1 0.08299 0.08299
BinVal : 4 11 1 0.1936 0.1936
BinVal : 4 12 1 0.1936 0.1936
BinVal : 5 0 0 0 0
BinVal : 5 1 0 0 0
BinVal : 5 2 0.09722 0.03586 0.03586
BinVal : 5 3 0.2778 0.07262 0.07262
BinVal : 5 4 0.7043 0.04215 0.04215
BinVal : 5 5 0.8358 0.02007 0.02007
BinVal : 5 6 0.9812 0.006141 0.006141
BinVal : 5 7 0.9939 0.003362 0.003362
BinVal : 5 8 0.995 0.002183 0.002183
BinVal : 5 9 0.9928 0.009923 0.009923
BinVal : 5 10 1 0.04993 0.04993
BinVal : 5 11 1 0.09045 0.09045
BinVal : 5 12 1 0.1936 0.1936
BinVal : 6 0 0 0 0
BinVal : 6 1 0 0 0
BinVal : 6 2 0.2 0.07196 0.07196
BinVal : 6 3 0.35 0.1003 0.1003
BinVal : 6 4 0.7273 0.05402 0.05402
BinVal : 6 5 0.9175 0.02005 0.02005
BinVal : 6 6 0.984 0.007714 0.007714
BinVal : 6 7 0.992 0.005298 0.005298
BinVal : 6 8 0.992 0.003481 0.003481
BinVal : 6 9 0.9889 0.01512 0.01512
BinVal : 6 10 1 0.06236 0.06236
BinVal : 6 11 1 0.1102 0.1102
BinVal : 6 12 1 0.2357 0.2357
BinVal : 7 0 0 0 0
BinVal : 7 1 0 0 0
BinVal : 7 2 0 0 0
BinVal : 7 3 0 0 0
BinVal : 7 4 0 0 0
BinVal : 7 5 0 0 0
BinVal : 7 6 0 0 0
BinVal : 7 7 0 0 0
BinVal : 7 8 0 0 0
BinVal : 7 9 0 0 0
BinVal : 7 10 0 0 0
BinVal : 7 11 0 0 0
BinVal : 7 12 0 0 0
BinVal : 8 0 0 0 0
BinVal : 8 1 0 0 0
BinVal : 8 2 0 0 0
BinVal : 8 3 0 0 0
BinVal : 8 4 0 0 0
BinVal : 8 5 0 0 0
BinVal : 8 6 0 0 0
BinVal : 8 7 0 0 0
BinVal : 8 8 0 0 0
BinVal : 8 9 0 0 0
BinVal : 8 10 0 0 0
BinVal : 8 11 0 0 0
BinVal : 8 12 0 0 0
BinVal : 9 0 0 0 0
BinVal : 9 1 0 0 0
BinVal : 9 2 0.2439 0.06578 0.06578
BinVal : 9 3 0.5263 0.07799 0.07799
BinVal : 9 4 0.7143 0.0532 0.0532
BinVal : 9 5 0.9301 0.01714 0.01714
BinVal : 9 6 0.9817 0.005429 0.005429
BinVal : 9 7 0.9925 0.002606 0.002606
BinVal : 9 8 0.998 0.0009875 0.0009875
BinVal : 9 9 0.9974 0.00364 0.00364
BinVal : 9 10 1 0.01449 0.01449
BinVal : 9 11 1 0.0665 0.0665
BinVal : 9 12 1 0.0665 0.0665
BinVal : 10 0 0 0 0
BinVal : 10 1 0 0 0
BinVal : 10 2 0.3333 0.07066 0.07066
BinVal : 10 3 0.4783 0.07137 0.07137
BinVal : 10 4 0.8 0.03984 0.03984
BinVal : 10 5 0.9485 0.01325 0.01325
BinVal : 10 6 0.9844 0.004841 0.004841
BinVal : 10 7 0.9918 0.002576 0.002576
BinVal : 10 8 0.9983 0.0008155 0.0008155
BinVal : 10 9 0.9978 0.003105 0.003105
BinVal : 10 10 1 0.01163 0.01163
BinVal : 10 11 1 0.05255 0.05255
BinVal : 10 12 1 0.04163 0.04163
BinVal : 11 0 0 0 0
BinVal : 11 1 0 0 0
BinVal : 11 2 0.4571 0.08084 0.08084
BinVal : 11 3 0.4737 0.07799 0.07799
BinVal : 11 4 0.8491 0.03488 0.03488
BinVal : 11 5 0.9662 0.0099 0.0099
BinVal : 11 6 0.9848 0.004972 0.004972
BinVal : 11 7 0.993 0.002447 0.002447
BinVal : 11 8 0.9984 0.0007996 0.0007996
BinVal : 11 9 0.998 0.002792 0.002792
BinVal : 11 10 1 0.01163 0.01163
BinVal : 11 11 1 0.03029 0.03029
BinVal : 11 12 1 0.03701 0.03701
BinVal : 12 0 0 0 0
BinVal : 12 1 0 0 0
BinVal : 12 2 0.3478 0.09414 0.09414
BinVal : 12 3 0.4688 0.08437 0.08437
BinVal : 12 4 0.85 0.03583 0.03583
BinVal : 12 5 0.963 0.009976 0.009976
BinVal : 12 6 0.989 0.004409 0.004409
BinVal : 12 7 0.995 0.002183 0.002183
BinVal : 12 8 0.9975 0.0009194 0.0009194
BinVal : 12 9 0.9943 0.003784 0.003784
BinVal : 12 10 1 0.01266 0.01266
BinVal : 12 11 1 0.02127 0.02127
BinVal : 12 12 1 0.03701 0.03701
BinVal : 13 0 0 0 0
BinVal : 13 1 0 0 0
BinVal : 13 2 0.25 0.09286 0.09286
BinVal : 13 3 0.25 0.07942 0.07942
BinVal : 13 4 0.8738 0.03302 0.03302
BinVal : 13 5 0.9483 0.01144 0.01144
BinVal : 13 6 0.9927 0.003527 0.003527
BinVal : 13 7 0.9935 0.002594 0.002594
BinVal : 13 8 0.9977 0.0008508 0.0008508
BinVal : 13 9 0.9962 0.003256 0.003256
BinVal : 13 10 1 0.01099 0.01099
BinVal : 13 11 1 0.0238 0.0238
BinVal : 13 12 1 0.03029 0.03029
BinVal : 14 0 0 0 0
BinVal : 14 1 0 0 0
BinVal : 14 2 0.3077 0.08672 0.08672
BinVal : 14 3 0.28 0.08629 0.08629
BinVal : 14 4 0.9022 0.03163 0.03163
BinVal : 14 5 0.9561 0.01064 0.01064
BinVal : 14 6 0.9902 0.003931 0.003931
BinVal : 14 7 0.9918 0.002868 0.002868
BinVal : 14 8 0.9969 0.0009885 0.0009885
BinVal : 14 9 0.996 0.003423 0.003423
BinVal : 14 10 1 0.009615 0.009615
BinVal : 14 11 1 0.02631 0.02631
BinVal : 14 12 1 0.03331 0.03331
BinVal : 15 0 0 0 0
BinVal : 15 1 0 0 0
BinVal : 15 2 0.2857 0.08231 0.08231
BinVal : 15 3 0.4062 0.08319 0.08319
BinVal : 15 4 0.8824 0.03543 0.03543
BinVal : 15 5 0.9669 0.009714 0.009714
BinVal : 15 6 0.9939 0.003388 0.003388
BinVal : 15 7 0.9951 0.002144 0.002144
BinVal : 15 8 0.9972 0.0009711 0.0009711
BinVal : 15 9 0.9921 0.004393 0.004393
BinVal : 15 10 1 0.009345 0.009345
BinVal : 15 11 1 0.02702 0.02702
BinVal : 15 12 1 0.05255 0.05255
BinVal : 16 0 0 0 0
BinVal : 16 1 0 0 0
BinVal : 16 2 0.3158 0.07315 0.07315
BinVal : 16 3 0.4706 0.08207 0.08207
BinVal : 16 4 0.8367 0.03738 0.03738
BinVal : 16 5 0.9455 0.01273 0.01273
BinVal : 16 6 0.994 0.003337 0.003337
BinVal : 16 7 0.9964 0.001778 0.001778
BinVal : 16 8 0.9987 0.0007185 0.0007185
BinVal : 16 9 0.9921 0.004393 0.004393
BinVal : 16 10 1 0.009999 0.009999
BinVal : 16 11 1 0.03569 0.03569
BinVal : 16 12 1 0.04163 0.04163
BinVal : 17 0 0 0 0
BinVal : 17 1 0 0 0
BinVal : 17 2 0.3333 0.06445 0.06445
BinVal : 17 3 0.5172 0.08834 0.08834
BinVal : 17 4 0.8137 0.03846 0.03846
BinVal : 17 5 0.9375 0.01411 0.01411
BinVal : 17 6 0.9931 0.003353 0.003353
BinVal : 17 7 0.9943 0.002111 0.002111
BinVal : 17 8 0.9977 0.0009087 0.0009087
BinVal : 17 9 0.9937 0.004171 0.004171
BinVal : 17 10 1 0.009999 0.009999
BinVal : 17 11 1 0.03843 0.03843
BinVal : 17 12 1 0.04343 0.04343
BinVal : 18 0 0 0 0
BinVal : 18 1 0 0 0
BinVal : 18 2 0.35 0.07307 0.07307
BinVal : 18 3 0.5357 0.0896 0.0896
BinVal : 18 4 0.8462 0.03794 0.03794
BinVal : 18 5 0.952 0.01333 0.01333
BinVal : 18 6 0.9897 0.00412 0.00412
BinVal : 18 7 0.9925 0.002627 0.002627
BinVal : 18 8 0.9969 0.001161 0.001161
BinVal : 18 9 0.9976 0.003387 0.003387
BinVal : 18 10 1 0.0125 0.0125
BinVal : 18 11 1 0.03701 0.03701
BinVal : 18 12 1 0.07122 0.07122
BinVal : 19 0 0 0 0
BinVal : 19 1 0 0 0
BinVal : 19 2 0.4545 0.1332 0.1332
BinVal : 19 3 0.5833 0.1278 0.1278
BinVal : 19 4 0.9024 0.04833 0.04833
BinVal : 19 5 0.9615 0.01806 0.01806
BinVal : 19 6 0.9838 0.007812 0.007812
BinVal : 19 7 0.992 0.004428 0.004428
BinVal : 19 8 0.9962 0.002142 0.002142
BinVal : 19 9 1 0.00578 0.00578
BinVal : 19 10 1 0.03446 0.03446
BinVal : 19 11 1 0.0665 0.0665
BinVal : 19 12 1 0.1237 0.1237
BinVal : 20 0 0 0 0
BinVal : 20 1 0 0 0
BinVal : 20 2 0 0 0
BinVal : 20 3 0 0 0
BinVal : 20 4 0 0 0
BinVal : 20 5 0 0 0
BinVal : 20 6 0 0 0
BinVal : 20 7 0 0 0
BinVal : 20 8 0 0 0
BinVal : 20 9 0 0 0
BinVal : 20 10 0 0 0
BinVal : 20 11 0 0 0
BinVal : 20 12 0 0 0
BinVal : 21 0 0 0 0
BinVal : 21 1 0 0 0
BinVal : 21 2 0 0 0
BinVal : 21 3 0 0 0
BinVal : 21 4 0 0 0
BinVal : 21 5 0 0 0
BinVal : 21 6 0 0 0
BinVal : 21 7 0 0 0
BinVal : 21 8 0 0 0
BinVal : 21 9 0 0 0
BinVal : 21 10 0 0 0
BinVal : 21 11 0 0 0
BinVal : 21 12 0 0 0
BinVal : 22 0 0 0 0
BinVal : 22 1 0 0 0
BinVal : 22 2 0.2222 0.05592 0.05592
BinVal : 22 3 0.3538 0.05814 0.05814
BinVal : 22 4 0.6842 0.04309 0.04309
BinVal : 22 5 0.8556 0.0182 0.0182
BinVal : 22 6 0.9639 0.007872 0.007872
BinVal : 22 7 0.9931 0.003339 0.003339
BinVal : 22 8 0.9968 0.001785 0.001785
BinVal : 22 9 1 0.007092 0.007092
BinVal : 22 10 1 0.02777 0.02777
BinVal : 22 11 1 0.08299 0.08299
BinVal : 22 12 1 0.1237 0.1237
BinVal : 23 0 0 0 0
BinVal : 23 1 0 0 0
BinVal : 23 2 0 0 0
BinVal : 23 3 0.1667 0.0538 0.0538
BinVal : 23 4 0.5465 0.05278 0.05278
BinVal : 23 5 0.7216 0.02703 0.02703
BinVal : 23 6 0.9654 0.009327 0.009327
BinVal : 23 7 0.9957 0.003701 0.003701
BinVal : 23 8 0.9945 0.003051 0.003051
BinVal : 23 9 1 0.01205 0.01205
BinVal : 23 10 1 0.05546 0.05546
BinVal : 23 11 1 0.1237 0.1237
BinVal : 23 12 1 0.2357 0.2357
BinVal : 24 0 0 0 0
BinVal : 24 1 0 0 0
BinVal : 24 2 0 0 0
BinVal : 24 3 0.1316 0.05577 0.05577
BinVal : 24 4 0.6061 0.0589 0.0589
BinVal : 24 5 0.7072 0.03039 0.03039
BinVal : 24 6 0.9808 0.008292 0.008292
BinVal : 24 7 0.9963 0.005115 0.005115
BinVal : 24 8 0.9951 0.004184 0.004184
BinVal : 24 9 1 0.0204 0.0204
BinVal : 24 10 1 0.1633 0.1633
BinVal : 24 11 1 0.1633 0.1633
BinVal : 24 12 1 0.1633 0.1633
BinVal : 25 0 0 0 0
BinVal : 25 1 0 0 0
BinVal : 25 2 0 0 0
BinVal : 25 3 0.08696 0.06373 0.06373
BinVal : 25 4 0.5517 0.0637 0.0637
BinVal : 25 5 0.7596 0.03146 0.03146
BinVal : 25 6 0.9636 0.01171 0.01171
BinVal : 25 7 1 0.005917 0.005917
BinVal : 25 8 0.9963 0.005228 0.005228
BinVal : 25 9 1 0.03569 0.03569
BinVal : 25 10 1 0.1936 0.1936
BinVal : 25 11 1 0.2357 0.2357
BinVal : 25 12 1 0.2357 0.2357
BinVal : 26 0 0 0 0
BinVal : 26 1 0 0 0
BinVal : 26 2 0 0 0
BinVal : 26 3 0.08696 0.06373 0.06373
BinVal : 26 4 0.4643 0.06494 0.06494
BinVal : 26 5 0.7451 0.03503 0.03503
BinVal : 26 6 0.9254 0.01887 0.01887
BinVal : 26 7 0.981 0.01588 0.01588
BinVal : 26 8 0.9824 0.01146 0.01146
BinVal : 26 9 1 0.0665 0.0665
BinVal : 26 10 1 0.2357 0.2357
BinVal : 26 11 1 0.2357 0.2357
BinVal : 26 12 1 0.2357 0.2357
BinVal : 27 0 0 0 0
BinVal : 27 1 0 0 0
BinVal : 27 2 0 0 0
BinVal : 27 3 0.07143 0.08021 0.08021
BinVal : 27 4 0.4483 0.08797 0.08797
BinVal : 27 5 0.6782 0.0494 0.0494
BinVal : 27 6 0.875 0.03741 0.03741
BinVal : 27 7 0.9434 0.0347 0.0347
BinVal : 27 8 0.9412 0.03056 0.03056
BinVal : 27 9 1 0.1633 0.1633
BinVal : 27 10 1 0.1633 0.1633
BinVal : 27 11 1 0.1633 0.1633
BinVal : 27 12 1 0.1633 0.1633
BinVal : 28 0 0 0 0
BinVal : 28 1 0 0 0
BinVal : 28 2 0 0 0
BinVal : 28 3 0 0 0
BinVal : 28 4 0.4 0.175 0.175
BinVal : 28 5 0.375 0.1477 0.1477
BinVal : 28 6 0.5714 0.1571 0.1571
BinVal : 28 7 0.9091 0.09643 0.09643
BinVal : 28 8 0.8571 0.1315 0.1315
BinVal : 28 9 0.8571 0.1315 0.1315
BinVal : 28 10 0.8571 0.1315 0.1315
BinVal : 28 11 0.8571 0.1315 0.1315
BinVal : 28 12 0.8571 0.1315 0.1315
