D0NoteID : 0
EffName : SINGLEELE_ALL_v13
EffType : Binned
EffVarNames : DetEta pT
EffVersion : 6
ObjQuality : Loose
ObjType : Electron
ObjVersion : 12
BinEdgesX : -3.2 -2.8 -2.5 -2.3 -2.1 -1.9 -1.7 -1.5 -1.3 -1.1 -0.9 -0.7 -0.5 -0.3 -0.1 0.1 0.3 0.5 0.7 0.9 1.1 1.3 1.5 1.7 1.9 2.1 2.3 2.5 2.8 3.2
BinEdgesY : 0 10 15 20 22 25 30 35 40 50 60 70 80 1000
BinVal : 0 0 0 0 0
BinVal : 0 1 0 0 0
BinVal : 0 2 0.1 0.1034 0.1034
BinVal : 0 3 0.09091 0.09643 0.09643
BinVal : 0 4 0.2667 0.1074 0.1074
BinVal : 0 5 0.4737 0.07799 0.07799
BinVal : 0 6 0.6 0.09286 0.09286
BinVal : 0 7 0.7895 0.09081 0.09081
BinVal : 0 8 0.963 0.04626 0.04626
BinVal : 0 9 1 0.2357 0.2357
BinVal : 0 10 1 0.2357 0.2357
BinVal : 0 11 1 0.2357 0.2357
BinVal : 0 12 1 0.2357 0.2357
BinVal : 1 0 0 0 0
BinVal : 1 1 0 0 0
BinVal : 1 2 0.09091 0.09643 0.09643
BinVal : 1 3 0.09091 0.09643 0.09643
BinVal : 1 4 0.2727 0.1234 0.1234
BinVal : 1 5 0.4651 0.07356 0.07356
BinVal : 1 6 0.5588 0.08169 0.08169
BinVal : 1 7 0.9259 0.0556 0.0556
BinVal : 1 8 1 0.0204 0.0204
BinVal : 1 9 1 0.2357 0.2357
BinVal : 1 10 1 0.2357 0.2357
BinVal : 1 11 1 0.2357 0.2357
BinVal : 1 12 1 0.2357 0.2357
BinVal : 2 0 0 0 0
BinVal : 2 1 0 0 0
BinVal : 2 2 0.08333 0.09035 0.09035
BinVal : 2 3 0.1111 0.1113 0.1113
BinVal : 2 4 0.5714 0.1203 0.1203
BinVal : 2 5 0.575 0.07547 0.07547
BinVal : 2 6 0.7105 0.07157 0.07157
BinVal : 2 7 0.9677 0.04092 0.04092
BinVal : 2 8 1 0.02127 0.02127
BinVal : 2 9 1 0.1936 0.1936
BinVal : 2 10 1 0.1936 0.1936
BinVal : 2 11 1 0.1936 0.1936
BinVal : 2 12 1 0.2357 0.2357
BinVal : 3 0 0 0 0
BinVal : 3 1 0 0 0
BinVal : 3 2 0.07143 0.08021 0.08021
BinVal : 3 3 0.25 0.1166 0.1166
BinVal : 3 4 0.6316 0.1035 0.1035
BinVal : 3 5 0.5833 0.06911 0.06911
BinVal : 3 6 0.875 0.04489 0.04489
BinVal : 3 7 0.9545 0.03602 0.03602
BinVal : 3 8 1 0.01785 0.01785
BinVal : 3 9 1 0.08299 0.08299
BinVal : 3 10 1 0.2357 0.2357
BinVal : 3 11 1 0.2357 0.2357
BinVal : 3 12 1 0.2357 0.2357
BinVal : 4 0 0 0 0
BinVal : 4 1 0 0 0
BinVal : 4 2 0 0 0
BinVal : 4 3 0.2308 0.1106 0.1106
BinVal : 4 4 0.4286 0.1012 0.1012
BinVal : 4 5 0.5366 0.07519 0.07519
BinVal : 4 6 0.8871 0.04102 0.04102
BinVal : 4 7 0.974 0.02137 0.02137
BinVal : 4 8 1 0.0099 0.0099
BinVal : 4 9 1 0.04343 0.04343
BinVal : 4 10 1 0.2357 0.2357
BinVal : 4 11 1 0.2357 0.2357
BinVal : 4 12 1 0.2357 0.2357
BinVal : 5 0 0 0 0
BinVal : 5 1 0 0 0
BinVal : 5 2 0.1429 0.1315 0.1315
BinVal : 5 3 0.3 0.1307 0.1307
BinVal : 5 4 0.4737 0.1065 0.1065
BinVal : 5 5 0.625 0.07406 0.07406
BinVal : 5 6 0.9118 0.0356 0.0356
BinVal : 5 7 1 0.009523 0.009523
BinVal : 5 8 1 0.006369 0.006369
BinVal : 5 9 1 0.04163 0.04163
BinVal : 5 10 1 0.1237 0.1237
BinVal : 5 11 1 0.1237 0.1237
BinVal : 5 12 1 0.1237 0.1237
BinVal : 6 0 0 0 0
BinVal : 6 1 0 0 0
BinVal : 6 2 0.3333 0.2 0.2
BinVal : 6 3 0.4 0.175 0.175
BinVal : 6 4 0.8333 0.1443 0.1443
BinVal : 6 5 0.6522 0.09414 0.09414
BinVal : 6 6 0.9474 0.04113 0.04113
BinVal : 6 7 1 0.01724 0.01724
BinVal : 6 8 1 0.01099 0.01099
BinVal : 6 9 1 0.09045 0.09045
BinVal : 6 10 1 0.1237 0.1237
BinVal : 6 11 1 0.1237 0.1237
BinVal : 6 12 1 0.1237 0.1237
BinVal : 7 0 0 0 0
BinVal : 7 1 0 0 0
BinVal : 7 2 0 0 0
BinVal : 7 3 0 0 0
BinVal : 7 4 0 0 0
BinVal : 7 5 0 0 0
BinVal : 7 6 0 0 0
BinVal : 7 7 0 0 0
BinVal : 7 8 0 0 0
BinVal : 7 9 0 0 0
BinVal : 7 10 0 0 0
BinVal : 7 11 0 0 0
BinVal : 7 12 0 0 0
BinVal : 8 0 0 0 0
BinVal : 8 1 0 0 0
BinVal : 8 2 0 0 0
BinVal : 8 3 0 0 0
BinVal : 8 4 0 0 0
BinVal : 8 5 0 0 0
BinVal : 8 6 0 0 0
BinVal : 8 7 0 0 0
BinVal : 8 8 0 0 0
BinVal : 8 9 0 0 0
BinVal : 8 10 0 0 0
BinVal : 8 11 0 0 0
BinVal : 8 12 0 0 0
BinVal : 9 0 0 0 0
BinVal : 9 1 0 0 0
BinVal : 9 2 0.5 0.189 0.189
BinVal : 9 3 1 0.1936 0.1936
BinVal : 9 4 1 0.1237 0.1237
BinVal : 9 5 0.9286 0.05388 0.05388
BinVal : 9 6 0.8974 0.05049 0.05049
BinVal : 9 7 1 0.009523 0.009523
BinVal : 9 8 0.9942 0.008104 0.008104
BinVal : 9 9 1 0.04163 0.04163
BinVal : 9 10 1 0.09938 0.09938
BinVal : 9 11 1 0.1936 0.1936
BinVal : 9 12 1 0.2357 0.2357
BinVal : 10 0 0 0 0
BinVal : 10 1 0 0 0
BinVal : 10 2 0.2 0.1597 0.1597
BinVal : 10 3 0.75 0.1782 0.1782
BinVal : 10 4 1 0.08299 0.08299
BinVal : 10 5 0.875 0.05986 0.05986
BinVal : 10 6 0.9556 0.03528 0.03528
BinVal : 10 7 1 0.009174 0.009174
BinVal : 10 8 1 0.004566 0.004566
BinVal : 10 9 1 0.02563 0.02563
BinVal : 10 10 1 0.08299 0.08299
BinVal : 10 11 1 0.1936 0.1936
BinVal : 10 12 1 0.2357 0.2357
BinVal : 11 0 0 0 0
BinVal : 11 1 0 0 0
BinVal : 11 2 0.3333 0.2 0.2
BinVal : 11 3 0.5714 0.1571 0.1571
BinVal : 11 4 0.9091 0.09643 0.09643
BinVal : 11 5 0.9259 0.0556 0.0556
BinVal : 11 6 1 0.02083 0.02083
BinVal : 11 7 1 0.008695 0.008695
BinVal : 11 8 1 0.00431 0.00431
BinVal : 11 9 1 0.02272 0.02272
BinVal : 11 10 1 0.09045 0.09045
BinVal : 11 11 1 0.1936 0.1936
BinVal : 11 12 1 0.1936 0.1936
BinVal : 12 0 0 0 0
BinVal : 12 1 0 0 0
BinVal : 12 2 0 0 0
BinVal : 12 3 0.5 0.189 0.189
BinVal : 12 4 0.9167 0.09035 0.09035
BinVal : 12 5 0.9706 0.03766 0.03766
BinVal : 12 6 0.9574 0.0339 0.0339
BinVal : 12 7 1 0.008547 0.008547
BinVal : 12 8 1 0.003953 0.003953
BinVal : 12 9 1 0.02222 0.02222
BinVal : 12 10 1 0.07666 0.07666
BinVal : 12 11 1 0.1936 0.1936
BinVal : 12 12 1 0.2357 0.2357
BinVal : 13 0 0 0 0
BinVal : 13 1 0 0 0
BinVal : 13 2 0 0 0
BinVal : 13 3 0 0 0
BinVal : 13 4 1 0.0665 0.0665
BinVal : 13 5 0.9333 0.04028 0.04028
BinVal : 13 6 0.9434 0.0347 0.0347
BinVal : 13 7 1 0.0099 0.0099
BinVal : 13 8 1 0.003891 0.003891
BinVal : 13 9 1 0.02563 0.02563
BinVal : 13 10 1 0.08299 0.08299
BinVal : 13 11 1 0.2357 0.2357
BinVal : 13 12 1 0.1633 0.1633
BinVal : 14 0 0 0 0
BinVal : 14 1 0 0 0
BinVal : 14 2 0.25 0.1782 0.1782
BinVal : 14 3 0.25 0.1782 0.1782
BinVal : 14 4 1 0.07666 0.07666
BinVal : 14 5 0.9474 0.04113 0.04113
BinVal : 14 6 0.9153 0.03782 0.03782
BinVal : 14 7 1 0.009615 0.009615
BinVal : 14 8 0.996 0.005645 0.005645
BinVal : 14 9 1 0.02563 0.02563
BinVal : 14 10 1 0.1102 0.1102
BinVal : 14 11 1 0.2357 0.2357
BinVal : 14 12 1 0.1409 0.1409
BinVal : 15 0 0 0 0
BinVal : 15 1 0 0 0
BinVal : 15 2 0.5 0.2236 0.2236
BinVal : 15 3 1 0.2357 0.2357
BinVal : 15 4 0.8889 0.1113 0.1113
BinVal : 15 5 0.963 0.04626 0.04626
BinVal : 15 6 0.9322 0.03484 0.03484
BinVal : 15 7 1 0.009345 0.009345
BinVal : 15 8 0.9958 0.00588 0.00588
BinVal : 15 9 1 0.02563 0.02563
BinVal : 15 10 1 0.1633 0.1633
BinVal : 15 11 1 0.1936 0.1936
BinVal : 15 12 1 0.1409 0.1409
BinVal : 16 0 0 0 0
BinVal : 16 1 0 0 0
BinVal : 16 2 0.8 0.1597 0.1597
BinVal : 16 3 1 0.2357 0.2357
BinVal : 16 4 0.875 0.1206 0.1206
BinVal : 16 5 0.9667 0.04214 0.04214
BinVal : 16 6 1 0.01613 0.01613
BinVal : 16 7 0.9905 0.01303 0.01303
BinVal : 16 8 1 0.004566 0.004566
BinVal : 16 9 1 0.03123 0.03123
BinVal : 16 10 1 0.1633 0.1633
BinVal : 16 11 1 0.1936 0.1936
BinVal : 16 12 1 0.1633 0.1633
BinVal : 17 0 0 0 0
BinVal : 17 1 0 0 0
BinVal : 17 2 0.8571 0.1315 0.1315
BinVal : 17 3 0.5 0.2236 0.2236
BinVal : 17 4 1 0.1409 0.1409
BinVal : 17 5 0.9259 0.0556 0.0556
BinVal : 17 6 0.9821 0.02375 0.02375
BinVal : 17 7 0.9914 0.01183 0.01183
BinVal : 17 8 1 0.004902 0.004902
BinVal : 17 9 1 0.02777 0.02777
BinVal : 17 10 1 0.1102 0.1102
BinVal : 17 11 1 0.2357 0.2357
BinVal : 17 12 1 0.1936 0.1936
BinVal : 18 0 0 0 0
BinVal : 18 1 0 0 0
BinVal : 18 2 0.375 0.1477 0.1477
BinVal : 18 3 0.5 0.2236 0.2236
BinVal : 18 4 0.8333 0.1443 0.1443
BinVal : 18 5 0.8824 0.08154 0.08154
BinVal : 18 6 0.975 0.03248 0.03248
BinVal : 18 7 1 0.009523 0.009523
BinVal : 18 8 0.9939 0.008392 0.008392
BinVal : 18 9 1 0.03446 0.03446
BinVal : 18 10 1 0.1237 0.1237
BinVal : 18 11 1 0.2357 0.2357
BinVal : 18 12 1 0.2357 0.2357
BinVal : 19 0 0 0 0
BinVal : 19 1 0 0 0
BinVal : 19 2 0.2 0.1597 0.1597
BinVal : 19 3 0.2 0.1597 0.1597
BinVal : 19 4 0.8 0.1597 0.1597
BinVal : 19 5 1 0.1102 0.1102
BinVal : 19 6 1 0.05871 0.05871
BinVal : 19 7 1 0.0204 0.0204
BinVal : 19 8 0.9865 0.01824 0.01824
BinVal : 19 9 1 0.09045 0.09045
BinVal : 19 10 1 0.2357 0.2357
BinVal : 19 11 1 0.2357 0.2357
BinVal : 19 12 1 0.2357 0.2357
BinVal : 20 0 0 0 0
BinVal : 20 1 0 0 0
BinVal : 20 2 0 0 0
BinVal : 20 3 0 0 0
BinVal : 20 4 0 0 0
BinVal : 20 5 0 0 0
BinVal : 20 6 0 0 0
BinVal : 20 7 0 0 0
BinVal : 20 8 0 0 0
BinVal : 20 9 0 0 0
BinVal : 20 10 0 0 0
BinVal : 20 11 0 0 0
BinVal : 20 12 0 0 0
BinVal : 21 0 0 0 0
BinVal : 21 1 0 0 0
BinVal : 21 2 0 0 0
BinVal : 21 3 0 0 0
BinVal : 21 4 0 0 0
BinVal : 21 5 0 0 0
BinVal : 21 6 0 0 0
BinVal : 21 7 0 0 0
BinVal : 21 8 0 0 0
BinVal : 21 9 0 0 0
BinVal : 21 10 0 0 0
BinVal : 21 11 0 0 0
BinVal : 21 12 0 0 0
BinVal : 22 0 0 0 0
BinVal : 22 1 0 0 0
BinVal : 22 2 0.07143 0.08021 0.08021
BinVal : 22 3 0.4286 0.1571 0.1571
BinVal : 22 4 0.5 0.1091 0.1091
BinVal : 22 5 0.6897 0.05956 0.05956
BinVal : 22 6 0.8367 0.05287 0.05287
BinVal : 22 7 0.9888 0.01529 0.01529
BinVal : 22 8 1 0.007462 0.007462
BinVal : 22 9 1 0.07122 0.07122
BinVal : 22 10 1 0.07122 0.07122
BinVal : 22 11 1 0.07122 0.07122
BinVal : 22 12 1 0.2357 0.2357
BinVal : 23 0 0 0 0
BinVal : 23 1 0 0 0
BinVal : 23 2 0 0 0
BinVal : 23 3 0.5 0.1508 0.1508
BinVal : 23 4 0.4545 0.09965 0.09965
BinVal : 23 5 0.5333 0.06286 0.06286
BinVal : 23 6 0.8182 0.05182 0.05182
BinVal : 23 7 0.9747 0.02086 0.02086
BinVal : 23 8 1 0.01075 0.01075
BinVal : 23 9 1 0.09938 0.09938
BinVal : 23 10 1 0.2357 0.2357
BinVal : 23 11 1 0.2357 0.2357
BinVal : 23 12 1 0.2357 0.2357
BinVal : 24 0 0 0 0
BinVal : 24 1 0 0 0
BinVal : 24 2 0 0 0
BinVal : 24 3 0.4 0.175 0.175
BinVal : 24 4 0.5 0.1147 0.1147
BinVal : 24 5 0.5714 0.06447 0.06447
BinVal : 24 6 0.7885 0.05606 0.05606
BinVal : 24 7 0.9655 0.0279 0.0279
BinVal : 24 8 1 0.01316 0.01316
BinVal : 24 9 1 0.09045 0.09045
BinVal : 24 10 1 0.2357 0.2357
BinVal : 24 11 1 0.2357 0.2357
BinVal : 24 12 1 0.2357 0.2357
BinVal : 25 0 0 0 0
BinVal : 25 1 0 0 0
BinVal : 25 2 0 0 0
BinVal : 25 3 0 0 0
BinVal : 25 4 0.4615 0.1247 0.1247
BinVal : 25 5 0.6316 0.07561 0.07561
BinVal : 25 6 0.6863 0.06352 0.06352
BinVal : 25 7 0.9706 0.03766 0.03766
BinVal : 25 8 1 0.01923 0.01923
BinVal : 25 9 0.8333 0.1443 0.1443
BinVal : 25 10 0.8333 0.1443 0.1443
BinVal : 25 11 0.8333 0.1443 0.1443
BinVal : 25 12 0.8333 0.1443 0.1443
BinVal : 26 0 0 0 0
BinVal : 26 1 0 0 0
BinVal : 26 2 0 0 0
BinVal : 26 3 0.09091 0.09643 0.09643
BinVal : 26 4 0.4 0.1025 0.1025
BinVal : 26 5 0.5526 0.0777 0.0777
BinVal : 26 6 0.7045 0.06712 0.06712
BinVal : 26 7 0.96 0.04949 0.04949
BinVal : 26 8 0.9259 0.0556 0.0556
BinVal : 26 9 0.75 0.1782 0.1782
BinVal : 26 10 0.75 0.1782 0.1782
BinVal : 26 11 0.75 0.1782 0.1782
BinVal : 26 12 0.75 0.1782 0.1782
BinVal : 27 0 0 0 0
BinVal : 27 1 0 0 0
BinVal : 27 2 0 0 0
BinVal : 27 3 0.09091 0.09643 0.09643
BinVal : 27 4 0.3 0.09712 0.09712
BinVal : 27 5 0.3947 0.07651 0.07651
BinVal : 27 6 0.6842 0.1005 0.1005
BinVal : 27 7 1 0.05871 0.05871
BinVal : 27 8 0.8824 0.08154 0.08154
BinVal : 27 9 0.8824 0.08154 0.08154
BinVal : 27 10 0.8824 0.08154 0.08154
BinVal : 27 11 0.8824 0.08154 0.08154
BinVal : 27 12 0.8824 0.08154 0.08154
BinVal : 28 0 0 0 0
BinVal : 28 1 0 0 0
BinVal : 28 2 0 0 0
BinVal : 28 3 0 0 0
BinVal : 28 4 0.3333 0.1389 0.1389
BinVal : 28 5 0.1818 0.1126 0.1126
BinVal : 28 6 0.3333 0.2 0.2
BinVal : 28 7 1 0.2357 0.2357
BinVal : 28 8 1 0.1633 0.1633
BinVal : 28 9 1 0.1633 0.1633
BinVal : 28 10 1 0.1633 0.1633
BinVal : 28 11 1 0.1633 0.1633
BinVal : 28 12 1 0.1633 0.1633
