D0NoteID : 0
EffName : SINGLEELE_ALL_v811
EffType : Binned
EffVarNames : DetEta pT
EffVersion : 6
ObjQuality : Top_tight
ObjType : Electron
ObjVersion : 4
BinEdgesX : -3.2 -2.8 -2.5 -2.3 -2.1 -1.9 -1.7 -1.5 -1.3 -1.1 -0.9 -0.7 -0.5 -0.3 -0.1 0.1 0.3 0.5 0.7 0.9 1.1 1.3 1.5 1.7 1.9 2.1 2.3 2.5 2.8 3.2
BinEdgesY : 0 10 15 20 22 25 30 35 40 50 60 70 80 1000
BinVal : 0 0 0 0 0
BinVal : 0 1 0 0 0
BinVal : 0 2 0 0 0
BinVal : 0 3 0 0 0
BinVal : 0 4 0 0 0
BinVal : 0 5 0 0 0
BinVal : 0 6 0 0 0
BinVal : 0 7 0 0 0
BinVal : 0 8 0 0 0
BinVal : 0 9 0 0 0
BinVal : 0 10 0 0 0
BinVal : 0 11 0 0 0
BinVal : 0 12 0 0 0
BinVal : 1 0 0 0 0
BinVal : 1 1 0 0 0
BinVal : 1 2 0 0 0
BinVal : 1 3 0.5 0.2236 0.2236
BinVal : 1 4 0.8333 0.1443 0.1443
BinVal : 1 5 0.6667 0.1041 0.1041
BinVal : 1 6 1 0.07666 0.07666
BinVal : 1 7 0.8182 0.1126 0.1126
BinVal : 1 8 0.9091 0.09643 0.09643
BinVal : 1 9 1 0.1633 0.1633
BinVal : 1 10 1 0.1633 0.1633
BinVal : 1 11 1 0.1633 0.1633
BinVal : 1 12 1 0.1633 0.1633
BinVal : 2 0 0 0 0
BinVal : 2 1 0 0 0
BinVal : 2 2 0 0 0
BinVal : 2 3 0.25 0.1782 0.1782
BinVal : 2 4 0.6429 0.1174 0.1174
BinVal : 2 5 0.7812 0.0717 0.0717
BinVal : 2 6 0.963 0.04626 0.04626
BinVal : 2 7 0.931 0.05226 0.05226
BinVal : 2 8 0.931 0.05226 0.05226
BinVal : 2 9 1 0.1409 0.1409
BinVal : 2 10 1 0.1409 0.1409
BinVal : 2 11 1 0.1409 0.1409
BinVal : 2 12 1 0.1409 0.1409
BinVal : 3 0 0 0 0
BinVal : 3 1 0 0 0
BinVal : 3 2 0 0 0
BinVal : 3 3 0 0.1633 0.1633
BinVal : 3 4 0.7647 0.09846 0.09846
BinVal : 3 5 0.9355 0.0493 0.0493
BinVal : 3 6 0.9444 0.04318 0.04318
BinVal : 3 7 0.9773 0.02975 0.02975
BinVal : 3 8 0.9565 0.03458 0.03458
BinVal : 3 9 1 0.09938 0.09938
BinVal : 3 10 1 0.09938 0.09938
BinVal : 3 11 1 0.09938 0.09938
BinVal : 3 12 1 0.09938 0.09938
BinVal : 4 0 0 0 0
BinVal : 4 1 0 0 0
BinVal : 4 2 0.25 0.1382 0.1382
BinVal : 4 3 0.3333 0.2 0.2
BinVal : 4 4 0.8889 0.07792 0.07792
BinVal : 4 5 0.931 0.05226 0.05226
BinVal : 4 6 0.9091 0.0454 0.0454
BinVal : 4 7 0.9545 0.03602 0.03602
BinVal : 4 8 0.9878 0.01654 0.01654
BinVal : 4 9 1 0.06236 0.06236
BinVal : 4 10 1 0.06236 0.06236
BinVal : 4 11 1 0.06236 0.06236
BinVal : 4 12 1 0.06236 0.06236
BinVal : 5 0 0 0 0
BinVal : 5 1 0 0 0
BinVal : 5 2 0.4 0.175 0.175
BinVal : 5 3 0.3333 0.1614 0.1614
BinVal : 5 4 0.7647 0.09846 0.09846
BinVal : 5 5 0.95 0.03927 0.03927
BinVal : 5 6 0.9516 0.03002 0.03002
BinVal : 5 7 0.9722 0.02277 0.02277
BinVal : 5 8 0.9811 0.01223 0.01223
BinVal : 5 9 1 0.03997 0.03997
BinVal : 5 10 1 0.03997 0.03997
BinVal : 5 11 1 0.1633 0.1633
BinVal : 5 12 1 0.1633 0.1633
BinVal : 6 0 0 0 0
BinVal : 6 1 0 0 0
BinVal : 6 2 0 0 0
BinVal : 6 3 0.3333 0.2 0.2
BinVal : 6 4 0.7143 0.1491 0.1491
BinVal : 6 5 1 0.03701 0.03701
BinVal : 6 6 1 0.02499 0.02499
BinVal : 6 7 0.9804 0.02593 0.02593
BinVal : 6 8 0.9709 0.01859 0.01859
BinVal : 6 9 1 0.05871 0.05871
BinVal : 6 10 1 0.05871 0.05871
BinVal : 6 11 1 0.1633 0.1633
BinVal : 6 12 1 0.1633 0.1633
BinVal : 7 0 0 0 0
BinVal : 7 1 0 0 0
BinVal : 7 2 0 0 0
BinVal : 7 3 0 0 0
BinVal : 7 4 0 0 0
BinVal : 7 5 0 0 0
BinVal : 7 6 0 0 0
BinVal : 7 7 0 0 0
BinVal : 7 8 0 0 0
BinVal : 7 9 0 0 0
BinVal : 7 10 0 0 0
BinVal : 7 11 0 0 0
BinVal : 7 12 0 0 0
BinVal : 8 0 0 0 0
BinVal : 8 1 0 0 0
BinVal : 8 2 0 0 0
BinVal : 8 3 0 0 0
BinVal : 8 4 0 0 0
BinVal : 8 5 0 0 0
BinVal : 8 6 0 0 0
BinVal : 8 7 0 0 0
BinVal : 8 8 0 0 0
BinVal : 8 9 0 0 0
BinVal : 8 10 0 0 0
BinVal : 8 11 0 0 0
BinVal : 8 12 0 0 0
BinVal : 9 0 0 0 0
BinVal : 9 1 0 0 0
BinVal : 9 2 0 0 0
BinVal : 9 3 0 0 0
BinVal : 9 4 0.4 0.1367 0.1367
BinVal : 9 5 0.7619 0.08963 0.08963
BinVal : 9 6 0.9647 0.02233 0.02233
BinVal : 9 7 0.963 0.01742 0.01742
BinVal : 9 8 0.9891 0.007155 0.007155
BinVal : 9 9 0.9677 0.04092 0.04092
BinVal : 9 10 1 0.07666 0.07666
BinVal : 9 11 1 0.1633 0.1633
BinVal : 9 12 1 0.2357 0.2357
BinVal : 10 0 0 0 0
BinVal : 10 1 0 0 0
BinVal : 10 2 0.1429 0.1315 0.1315
BinVal : 10 3 0.1429 0.1315 0.1315
BinVal : 10 4 0.5 0.1291 0.1291
BinVal : 10 5 0.8611 0.05839 0.05839
BinVal : 10 6 0.9691 0.01969 0.01969
BinVal : 10 7 0.9763 0.01285 0.01285
BinVal : 10 8 0.9915 0.005563 0.005563
BinVal : 10 9 0.9643 0.02883 0.02883
BinVal : 10 10 1 0.0665 0.0665
BinVal : 10 11 1 0.1409 0.1409
BinVal : 10 12 1 0.2357 0.2357
BinVal : 11 0 0 0 0
BinVal : 11 1 0 0 0
BinVal : 11 2 0.1667 0.1443 0.1443
BinVal : 11 3 0.1667 0.1443 0.1443
BinVal : 11 4 0.4286 0.1203 0.1203
BinVal : 11 5 0.9524 0.03757 0.03757
BinVal : 11 6 0.9655 0.02184 0.02184
BinVal : 11 7 0.9933 0.009273 0.009273
BinVal : 11 8 0.9947 0.004558 0.004558
BinVal : 11 9 0.9853 0.01977 0.01977
BinVal : 11 10 1 0.08299 0.08299
BinVal : 11 11 1 0.1102 0.1102
BinVal : 11 12 1 0.2357 0.2357
BinVal : 12 0 0 0 0
BinVal : 12 1 0 0 0
BinVal : 12 2 0 0 0
BinVal : 12 3 0 0 0
BinVal : 12 4 0.5 0.1213 0.1213
BinVal : 12 5 0.9608 0.03145 0.03145
BinVal : 12 6 0.9877 0.01673 0.01673
BinVal : 12 7 1 0.007633 0.007633
BinVal : 12 8 0.9973 0.003726 0.003726
BinVal : 12 9 1 0.01587 0.01587
BinVal : 12 10 1 0.07666 0.07666
BinVal : 12 11 1 0.09938 0.09938
BinVal : 12 12 1 0.1936 0.1936
BinVal : 13 0 0 0 0
BinVal : 13 1 0 0 0
BinVal : 13 2 0 0 0
BinVal : 13 3 0 0 0
BinVal : 13 4 0.9167 0.09035 0.09035
BinVal : 13 5 0.9552 0.02793 0.02793
BinVal : 13 6 0.9903 0.01328 0.01328
BinVal : 13 7 1 0.007812 0.007812
BinVal : 13 8 0.9975 0.003496 0.003496
BinVal : 13 9 0.9667 0.02703 0.02703
BinVal : 13 10 1 0.09045 0.09045
BinVal : 13 11 1 0.08299 0.08299
BinVal : 13 12 1 0.1633 0.1633
BinVal : 14 0 0 0 0
BinVal : 14 1 0 0 0
BinVal : 14 2 0 0 0
BinVal : 14 3 0.25 0.1782 0.1782
BinVal : 14 4 0.7143 0.1124 0.1124
BinVal : 14 5 0.9677 0.02622 0.02622
BinVal : 14 6 1 0.008403 0.008403
BinVal : 14 7 0.9922 0.01075 0.01075
BinVal : 14 8 0.9746 0.008248 0.008248
BinVal : 14 9 0.9545 0.02833 0.02833
BinVal : 14 10 1 0.07122 0.07122
BinVal : 14 11 1 0.1102 0.1102
BinVal : 14 12 1 0.1409 0.1409
BinVal : 15 0 0 0 0
BinVal : 15 1 0 0 0
BinVal : 15 2 0 0 0
BinVal : 15 3 0.25 0.1782 0.1782
BinVal : 15 4 0.4667 0.1176 0.1176
BinVal : 15 5 1 0.0196 0.0196
BinVal : 15 6 0.9623 0.02013 0.02013
BinVal : 15 7 0.9929 0.009854 0.009854
BinVal : 15 8 0.9648 0.00988 0.00988
BinVal : 15 9 0.9825 0.02336 0.02336
BinVal : 15 10 1 0.0665 0.0665
BinVal : 15 11 1 0.1633 0.1633
BinVal : 15 12 1 0.1409 0.1409
BinVal : 16 0 0 0 0
BinVal : 16 1 0 0 0
BinVal : 16 2 0 0 0
BinVal : 16 3 0 0 0
BinVal : 16 4 0.2857 0.09392 0.09392
BinVal : 16 5 0.9556 0.03528 0.03528
BinVal : 16 6 0.9524 0.02214 0.02214
BinVal : 16 7 1 0.005952 0.005952
BinVal : 16 8 0.9753 0.00851 0.00851
BinVal : 16 9 1 0.01923 0.01923
BinVal : 16 10 1 0.07666 0.07666
BinVal : 16 11 1 0.1237 0.1237
BinVal : 16 12 1 0.1633 0.1633
BinVal : 17 0 0 0 0
BinVal : 17 1 0 0 0
BinVal : 17 2 0 0 0
BinVal : 17 3 0 0 0
BinVal : 17 4 0.2105 0.09081 0.09081
BinVal : 17 5 0.875 0.04859 0.04859
BinVal : 17 6 0.9811 0.01574 0.01574
BinVal : 17 7 0.9688 0.01479 0.01479
BinVal : 17 8 0.9757 0.008374 0.008374
BinVal : 17 9 0.9804 0.02593 0.02593
BinVal : 17 10 0.9333 0.07594 0.07594
BinVal : 17 11 1 0.1102 0.1102
BinVal : 17 12 1 0.1633 0.1633
BinVal : 18 0 0 0 0
BinVal : 18 1 0 0 0
BinVal : 18 2 0 0 0
BinVal : 18 3 0 0 0
BinVal : 18 4 0.1875 0.09538 0.09538
BinVal : 18 5 0.8718 0.05454 0.05454
BinVal : 18 6 0.9639 0.02284 0.02284
BinVal : 18 7 0.9353 0.02154 0.02154
BinVal : 18 8 0.9726 0.009394 0.009394
BinVal : 18 9 0.9792 0.02744 0.02744
BinVal : 18 10 0.9167 0.09035 0.09035
BinVal : 18 11 1 0.1633 0.1633
BinVal : 18 12 1 0.1936 0.1936
BinVal : 19 0 0 0 0
BinVal : 19 1 0 0 0
BinVal : 19 2 0 0 0
BinVal : 19 3 0 0 0
BinVal : 19 4 0.1 0.1034 0.1034
BinVal : 19 5 0.9375 0.0721 0.0721
BinVal : 19 6 0.9355 0.0493 0.0493
BinVal : 19 7 0.9412 0.03056 0.03056
BinVal : 19 8 0.963 0.01742 0.01742
BinVal : 19 9 1 0.03701 0.03701
BinVal : 19 10 1 0.1633 0.1633
BinVal : 19 11 1 0.1633 0.1633
BinVal : 19 12 1 0.1633 0.1633
BinVal : 20 0 0 0 0
BinVal : 20 1 0 0 0
BinVal : 20 2 0 0 0
BinVal : 20 3 0 0 0
BinVal : 20 4 0 0 0
BinVal : 20 5 0 0 0
BinVal : 20 6 0 0 0
BinVal : 20 7 0 0 0
BinVal : 20 8 0 0 0
BinVal : 20 9 0 0 0
BinVal : 20 10 0 0 0
BinVal : 20 11 0 0 0
BinVal : 20 12 0 0 0
BinVal : 21 0 0 0 0
BinVal : 21 1 0 0 0
BinVal : 21 2 0 0 0
BinVal : 21 3 0 0 0
BinVal : 21 4 0 0 0
BinVal : 21 5 0 0 0
BinVal : 21 6 0 0 0
BinVal : 21 7 0 0 0
BinVal : 21 8 0 0 0
BinVal : 21 9 0 0 0
BinVal : 21 10 0 0 0
BinVal : 21 11 0 0 0
BinVal : 21 12 0 0 0
BinVal : 22 0 0 0 0
BinVal : 22 1 0 0 0
BinVal : 22 2 0 0 0
BinVal : 22 3 0.25 0.1782 0.1782
BinVal : 22 4 0.3684 0.1035 0.1035
BinVal : 22 5 0.8462 0.05025 0.05025
BinVal : 22 6 0.973 0.02219 0.02219
BinVal : 22 7 1 0.0099 0.0099
BinVal : 22 8 0.9686 0.01342 0.01342
BinVal : 22 9 0.9524 0.05752 0.05752
BinVal : 22 10 0.9524 0.05752 0.05752
BinVal : 22 11 1 0.1936 0.1936
BinVal : 22 12 1 0.1936 0.1936
BinVal : 23 0 0 0 0
BinVal : 23 1 0 0 0
BinVal : 23 2 0 0 0
BinVal : 23 3 0 0 0
BinVal : 23 4 0.3846 0.1225 0.1225
BinVal : 23 5 0.7895 0.06522 0.06522
BinVal : 23 6 0.9688 0.02545 0.02545
BinVal : 23 7 1 0.01408 0.01408
BinVal : 23 8 0.9918 0.01127 0.01127
BinVal : 23 9 1 0.04756 0.04756
BinVal : 23 10 1 0.2357 0.2357
BinVal : 23 11 1 0.2357 0.2357
BinVal : 23 12 1 0.2357 0.2357
BinVal : 24 0 0 0 0
BinVal : 24 1 0 0 0
BinVal : 24 2 0 0 0
BinVal : 24 3 0.4 0.175 0.175
BinVal : 24 4 0.4167 0.1278 0.1278
BinVal : 24 5 0.8387 0.06615 0.06615
BinVal : 24 6 0.9608 0.03145 0.03145
BinVal : 24 7 1 0.02173 0.02173
BinVal : 24 8 0.9868 0.01778 0.01778
BinVal : 24 9 1 0.08299 0.08299
BinVal : 24 10 1 0.1936 0.1936
BinVal : 24 11 1 0.1936 0.1936
BinVal : 24 12 1 0.1936 0.1936
BinVal : 25 0 0 0 0
BinVal : 25 1 0 0 0
BinVal : 25 2 0 0 0
BinVal : 25 3 0.6667 0.2 0.2
BinVal : 25 4 0.5833 0.1278 0.1278
BinVal : 25 5 0.9412 0.04544 0.04544
BinVal : 25 6 0.9688 0.03977 0.03977
BinVal : 25 7 0.9643 0.0448 0.0448
BinVal : 25 8 0.975 0.03248 0.03248
BinVal : 25 9 1 0.1633 0.1633
BinVal : 25 10 1 0.2357 0.2357
BinVal : 25 11 1 0.2357 0.2357
BinVal : 25 12 1 0.2357 0.2357
BinVal : 26 0 0 0 0
BinVal : 26 1 0 0 0
BinVal : 26 2 0 0 0
BinVal : 26 3 0 0 0
BinVal : 26 4 0.75 0.1782 0.1782
BinVal : 26 5 0.8333 0.07585 0.07585
BinVal : 26 6 1 0.03843 0.03843
BinVal : 26 7 0.9333 0.07594 0.07594
BinVal : 26 8 0.9524 0.05752 0.05752
BinVal : 26 9 1 0.1633 0.1633
BinVal : 26 10 1 0.1633 0.1633
BinVal : 26 11 1 0.1633 0.1633
BinVal : 26 12 1 0.1633 0.1633
BinVal : 27 0 0 0 0
BinVal : 27 1 0 0 0
BinVal : 27 2 0 0 0
BinVal : 27 3 0 0 0
BinVal : 27 4 0 0 0
BinVal : 27 5 0.3333 0.2 0.2
BinVal : 27 6 0.875 0.1206 0.1206
BinVal : 27 7 1 0.1409 0.1409
BinVal : 27 8 0.9 0.1034 0.1034
BinVal : 27 9 1 0.1936 0.1936
BinVal : 27 10 1 0.1936 0.1936
BinVal : 27 11 1 0.1936 0.1936
BinVal : 27 12 1 0.1936 0.1936
BinVal : 28 0 0 0 0
BinVal : 28 1 0 0 0
BinVal : 28 2 0 0 0
BinVal : 28 3 0 0 0
BinVal : 28 4 0 0 0
BinVal : 28 5 0 0 0
BinVal : 28 6 0 0 0
BinVal : 28 7 0 0 0
BinVal : 28 8 1 0.1936 0.1936
BinVal : 28 9 1 0.1936 0.1936
BinVal : 28 10 1 0.1936 0.1936
BinVal : 28 11 1 0.1936 0.1936
BinVal : 28 12 1 0.1936 0.1936
