D0NoteID : 0
EffName : SINGLEELE_ALL_v16
EffType : Binned
EffVarNames : DetEta pT
EffVersion : 6
ObjQuality : Loose
ObjType : Electron
ObjVersion : 11
BinEdgesX : -3.2 -2.8 -2.5 -2.3 -2.1 -2 -1.9 -1.8 -1.7 -1.6 -1.5 -1.3 -1.1 -0.9 -0.7 -0.5 -0.3 -0.1 0.1 0.3 0.5 0.7 0.9 1.1 1.3 1.5 1.6 1.7 1.8 1.9 2 2.1 2.3 2.5 2.8 3.2
BinEdgesY : 0 10 15 20 22 25 30 35 40 50 60 70 80 1000
BinVal : 0 0 0 0 0
BinVal : 0 1 0 0 0
BinVal : 0 2 0 0 0
BinVal : 0 3 0.01818 0.0118 0.0118
BinVal : 0 4 0.06053 0.01188 0.01188
BinVal : 0 5 0.5429 0.01519 0.01519
BinVal : 0 6 0.6267 0.0156 0.0156
BinVal : 0 7 0.6354 0.01838 0.01838
BinVal : 0 8 0.6705 0.0178 0.0178
BinVal : 0 9 0.7857 0.06247 0.06247
BinVal : 0 10 1 0.1409 0.1409
BinVal : 0 11 1 0.1409 0.1409
BinVal : 0 12 1 0.2357 0.2357
BinVal : 1 0 0 0 0
BinVal : 1 1 0 0 0
BinVal : 1 2 0.003115 0.004358 0.004358
BinVal : 1 3 0.02941 0.01259 0.01259
BinVal : 1 4 0.1534 0.01653 0.01653
BinVal : 1 5 0.7176 0.01222 0.01222
BinVal : 1 6 0.7896 0.01026 0.01026
BinVal : 1 7 0.8455 0.01134 0.01134
BinVal : 1 8 0.8465 0.01002 0.01002
BinVal : 1 9 0.8447 0.03578 0.03578
BinVal : 1 10 1 0.07122 0.07122
BinVal : 1 11 1 0.2357 0.2357
BinVal : 1 12 1 0.2357 0.2357
BinVal : 2 0 0 0 0
BinVal : 2 1 0 0 0
BinVal : 2 2 0.006536 0.005587 0.005587
BinVal : 2 3 0.0181 0.009892 0.009892
BinVal : 2 4 0.2642 0.01984 0.01984
BinVal : 2 5 0.8404 0.009842 0.009842
BinVal : 2 6 0.9062 0.006761 0.006761
BinVal : 2 7 0.9375 0.006296 0.006296
BinVal : 2 8 0.9406 0.005608 0.005608
BinVal : 2 9 0.9308 0.02063 0.02063
BinVal : 2 10 1 0.03569 0.03569
BinVal : 2 11 1 0.1409 0.1409
BinVal : 2 12 1 0.1409 0.1409
BinVal : 3 0 0 0 0
BinVal : 3 1 0 0 0
BinVal : 3 2 0.003559 0.004971 0.004971
BinVal : 3 3 0.02591 0.01234 0.01234
BinVal : 3 4 0.2881 0.02186 0.02186
BinVal : 3 5 0.854 0.01041 0.01041
BinVal : 3 6 0.9323 0.006278 0.006278
BinVal : 3 7 0.9595 0.005072 0.005072
BinVal : 3 8 0.9508 0.005131 0.005131
BinVal : 3 9 0.9474 0.01673 0.01673
BinVal : 3 10 1 0.03331 0.03331
BinVal : 3 11 1 0.1102 0.1102
BinVal : 3 12 1 0.1102 0.1102
BinVal : 4 0 0 0 0
BinVal : 4 1 0 0 0
BinVal : 4 2 0.004651 0.006472 0.006472
BinVal : 4 3 0.03817 0.01793 0.01793
BinVal : 4 4 0.3549 0.02783 0.02783
BinVal : 4 5 0.8635 0.01222 0.01222
BinVal : 4 6 0.9401 0.006925 0.006925
BinVal : 4 7 0.949 0.006148 0.006148
BinVal : 4 8 0.9493 0.005442 0.005442
BinVal : 4 9 0.9179 0.01996 0.01996
BinVal : 4 10 1 0.02856 0.02856
BinVal : 4 11 1 0.1102 0.1102
BinVal : 4 12 1 0.2357 0.2357
BinVal : 5 0 0 0 0
BinVal : 5 1 0 0 0
BinVal : 5 2 0.009346 0.007945 0.007945
BinVal : 5 3 0.032 0.01719 0.01719
BinVal : 5 4 0.4385 0.02774 0.02774
BinVal : 5 5 0.8661 0.01153 0.01153
BinVal : 5 6 0.9504 0.006127 0.006127
BinVal : 5 7 0.9481 0.005824 0.005824
BinVal : 5 8 0.9501 0.005013 0.005013
BinVal : 5 9 0.9418 0.01751 0.01751
BinVal : 5 10 1 0.02438 0.02438
BinVal : 5 11 1 0.09045 0.09045
BinVal : 5 12 1 0.1409 0.1409
BinVal : 6 0 0 0 0
BinVal : 6 1 0 0 0
BinVal : 6 2 0.01327 0.008676 0.008676
BinVal : 6 3 0.04082 0.01728 0.01728
BinVal : 6 4 0.454 0.027 0.027
BinVal : 6 5 0.8772 0.01069 0.01069
BinVal : 6 6 0.9479 0.006183 0.006183
BinVal : 6 7 0.9502 0.005412 0.005412
BinVal : 6 8 0.9552 0.004397 0.004397
BinVal : 6 9 0.9696 0.01195 0.01195
BinVal : 6 10 0.9722 0.03576 0.03576
BinVal : 6 11 1 0.06236 0.06236
BinVal : 6 12 1 0.09938 0.09938
BinVal : 7 0 0 0 0
BinVal : 7 1 0 0 0
BinVal : 7 2 0.03553 0.01389 0.01389
BinVal : 7 3 0.104 0.02345 0.02345
BinVal : 7 4 0.46 0.02653 0.02653
BinVal : 7 5 0.9088 0.0094 0.0094
BinVal : 7 6 0.9543 0.005852 0.005852
BinVal : 7 7 0.9552 0.004975 0.004975
BinVal : 7 8 0.96 0.00386 0.00386
BinVal : 7 9 0.9541 0.01184 0.01184
BinVal : 7 10 0.9808 0.02546 0.02546
BinVal : 7 11 1 0.0454 0.0454
BinVal : 7 12 1 0.09938 0.09938
BinVal : 8 0 0 0 0
BinVal : 8 1 0 0 0
BinVal : 8 2 0.2092 0.03278 0.03278
BinVal : 8 3 0.3161 0.03706 0.03706
BinVal : 8 4 0.6435 0.02622 0.02622
BinVal : 8 5 0.93 0.008284 0.008284
BinVal : 8 6 0.9707 0.004675 0.004675
BinVal : 8 7 0.9742 0.003669 0.003669
BinVal : 8 8 0.9732 0.002988 0.002988
BinVal : 8 9 0.9715 0.008778 0.008778
BinVal : 8 10 1 0.01666 0.01666
BinVal : 8 11 1 0.0454 0.0454
BinVal : 8 12 1 0.07666 0.07666
BinVal : 9 0 0 0 0
BinVal : 9 1 0 0 0
BinVal : 9 2 0.36 0.05447 0.05447
BinVal : 9 3 0.5 0.05934 0.05934
BinVal : 9 4 0.8212 0.03116 0.03116
BinVal : 9 5 0.9535 0.009606 0.009606
BinVal : 9 6 0.982 0.005325 0.005325
BinVal : 9 7 0.9878 0.003645 0.003645
BinVal : 9 8 0.9834 0.00328 0.00328
BinVal : 9 9 0.9949 0.007088 0.007088
BinVal : 9 10 1 0.03446 0.03446
BinVal : 9 11 1 0.09045 0.09045
BinVal : 9 12 1 0.09938 0.09938
BinVal : 10 0 0 0 0
BinVal : 10 1 0 0 0
BinVal : 10 2 0 0 0
BinVal : 10 3 0 0 0
BinVal : 10 4 0 0 0
BinVal : 10 5 0 0 0
BinVal : 10 6 0 0 0
BinVal : 10 7 0 0 0
BinVal : 10 8 0 0 0
BinVal : 10 9 0 0 0
BinVal : 10 10 0 0 0
BinVal : 10 11 0 0 0
BinVal : 10 12 0 0 0
BinVal : 11 0 0 0 0
BinVal : 11 1 0 0 0
BinVal : 11 2 0 0 0
BinVal : 11 3 0 0 0
BinVal : 11 4 0 0 0
BinVal : 11 5 0 0 0
BinVal : 11 6 0 0 0
BinVal : 11 7 0 0 0
BinVal : 11 8 0 0 0
BinVal : 11 9 0 0 0
BinVal : 11 10 0 0 0
BinVal : 11 11 0 0 0
BinVal : 11 12 0 0 0
BinVal : 12 0 0 0 0
BinVal : 12 1 0 0 0
BinVal : 12 2 0.3598 0.03261 0.03261
BinVal : 12 3 0.5298 0.04022 0.04022
BinVal : 12 4 0.736 0.02449 0.02449
BinVal : 12 5 0.923 0.008405 0.008405
BinVal : 12 6 0.9573 0.004057 0.004057
BinVal : 12 7 0.9802 0.002137 0.002137
BinVal : 12 8 0.9852 0.001306 0.001306
BinVal : 12 9 0.9877 0.003044 0.003044
BinVal : 12 10 0.9889 0.007259 0.007259
BinVal : 12 11 1 0.01219 0.01219
BinVal : 12 12 1 0.0204 0.0204
BinVal : 13 0 0 0 0
BinVal : 13 1 0 0 0
BinVal : 13 2 0.4008 0.03164 0.03164
BinVal : 13 3 0.4655 0.03749 0.03749
BinVal : 13 4 0.7327 0.02197 0.02197
BinVal : 13 5 0.929 0.007732 0.007732
BinVal : 13 6 0.9687 0.003316 0.003316
BinVal : 13 7 0.9823 0.001835 0.001835
BinVal : 13 8 0.987 0.001096 0.001096
BinVal : 13 9 0.9885 0.002605 0.002605
BinVal : 13 10 0.9942 0.004949 0.004949
BinVal : 13 11 1 0.01064 0.01064
BinVal : 13 12 1 0.01299 0.01299
BinVal : 14 0 0 0 0
BinVal : 14 1 0 0 0
BinVal : 14 2 0.3673 0.0342 0.0342
BinVal : 14 3 0.4114 0.0388 0.0388
BinVal : 14 4 0.6244 0.02296 0.02296
BinVal : 14 5 0.9239 0.007335 0.007335
BinVal : 14 6 0.9659 0.003474 0.003474
BinVal : 14 7 0.9793 0.001983 0.001983
BinVal : 14 8 0.9872 0.00106 0.00106
BinVal : 14 9 0.989 0.002514 0.002514
BinVal : 14 10 1 0.002907 0.002907
BinVal : 14 11 1 0.009708 0.009708
BinVal : 14 12 1 0.01099 0.01099
BinVal : 15 0 0 0 0
BinVal : 15 1 0 0 0
BinVal : 15 2 0.3416 0.03708 0.03708
BinVal : 15 3 0.396 0.03969 0.03969
BinVal : 15 4 0.6312 0.02338 0.02338
BinVal : 15 5 0.9245 0.006758 0.006758
BinVal : 15 6 0.9677 0.003407 0.003407
BinVal : 15 7 0.9795 0.002051 0.002051
BinVal : 15 8 0.9873 0.001021 0.001021
BinVal : 15 9 0.988 0.002585 0.002585
BinVal : 15 10 0.9938 0.005264 0.005264
BinVal : 15 11 1 0.008772 0.008772
BinVal : 15 12 1 0.0125 0.0125
BinVal : 16 0 0 0 0
BinVal : 16 1 0 0 0
BinVal : 16 2 0.3913 0.04113 0.04113
BinVal : 16 3 0.4437 0.04004 0.04004
BinVal : 16 4 0.6762 0.02383 0.02383
BinVal : 16 5 0.93 0.006307 0.006307
BinVal : 16 6 0.9725 0.003104 0.003104
BinVal : 16 7 0.9842 0.001883 0.001883
BinVal : 16 8 0.9882 0.0009539 0.0009539
BinVal : 16 9 0.9864 0.002743 0.002743
BinVal : 16 10 0.9882 0.006519 0.006519
BinVal : 16 11 1 0.008064 0.008064
BinVal : 16 12 1 0.0119 0.0119
BinVal : 17 0 0 0 0
BinVal : 17 1 0 0 0
BinVal : 17 2 0.3553 0.03849 0.03849
BinVal : 17 3 0.4926 0.0424 0.0424
BinVal : 17 4 0.6691 0.02297 0.02297
BinVal : 17 5 0.9406 0.005811 0.005811
BinVal : 17 6 0.9679 0.003345 0.003345
BinVal : 17 7 0.9809 0.00206 0.00206
BinVal : 17 8 0.987 0.0009985 0.0009985
BinVal : 17 9 0.985 0.00291 0.00291
BinVal : 17 10 0.9915 0.005563 0.005563
BinVal : 17 11 1 0.008 0.008
BinVal : 17 12 1 0.0102 0.0102
BinVal : 18 0 0 0 0
BinVal : 18 1 0 0 0
BinVal : 18 2 0.3457 0.03707 0.03707
BinVal : 18 3 0.4412 0.04212 0.04212
BinVal : 18 4 0.6704 0.0222 0.0222
BinVal : 18 5 0.9354 0.006059 0.006059
BinVal : 18 6 0.9663 0.003492 0.003492
BinVal : 18 7 0.9736 0.002335 0.002335
BinVal : 18 8 0.9839 0.001129 0.001129
BinVal : 18 9 0.9864 0.00274 0.00274
BinVal : 18 10 0.9971 0.004023 0.004023
BinVal : 18 11 1 0.008474 0.008474
BinVal : 18 12 1 0.0102 0.0102
BinVal : 19 0 0 0 0
BinVal : 19 1 0 0 0
BinVal : 19 2 0.3523 0.03574 0.03574
BinVal : 19 3 0.5 0.0399 0.0399
BinVal : 19 4 0.6635 0.02285 0.02285
BinVal : 19 5 0.9248 0.006847 0.006847
BinVal : 19 6 0.9646 0.003567 0.003567
BinVal : 19 7 0.9771 0.002067 0.002067
BinVal : 19 8 0.9834 0.001173 0.001173
BinVal : 19 9 0.986 0.00277 0.00277
BinVal : 19 10 0.9938 0.005264 0.005264
BinVal : 19 11 1 0.009523 0.009523
BinVal : 19 12 1 0.01219 0.01219
BinVal : 20 0 0 0 0
BinVal : 20 1 0 0 0
BinVal : 20 2 0.3547 0.03336 0.03336
BinVal : 20 3 0.5632 0.03729 0.03729
BinVal : 20 4 0.6759 0.02339 0.02339
BinVal : 20 5 0.9216 0.007623 0.007623
BinVal : 20 6 0.9611 0.003686 0.003686
BinVal : 20 7 0.9813 0.001843 0.001843
BinVal : 20 8 0.9861 0.001107 0.001107
BinVal : 20 9 0.9879 0.002621 0.002621
BinVal : 20 10 0.9908 0.006051 0.006051
BinVal : 20 11 1 0.009259 0.009259
BinVal : 20 12 1 0.01562 0.01562
BinVal : 21 0 0 0 0
BinVal : 21 1 0 0 0
BinVal : 21 2 0.3399 0.03304 0.03304
BinVal : 21 3 0.5065 0.0399 0.0399
BinVal : 21 4 0.6947 0.02561 0.02561
BinVal : 21 5 0.9116 0.008544 0.008544
BinVal : 21 6 0.9561 0.004012 0.004012
BinVal : 21 7 0.975 0.00233 0.00233
BinVal : 21 8 0.9829 0.001356 0.001356
BinVal : 21 9 0.9908 0.002538 0.002538
BinVal : 21 10 0.9924 0.006487 0.006487
BinVal : 21 11 1 0.01053 0.01053
BinVal : 21 12 1 0.01724 0.01724
BinVal : 22 0 0 0 0
BinVal : 22 1 0 0 0
BinVal : 22 2 0.3407 0.049 0.049
BinVal : 22 3 0.4464 0.06475 0.06475
BinVal : 22 4 0.7339 0.03939 0.03939
BinVal : 22 5 0.9033 0.01305 0.01305
BinVal : 22 6 0.95 0.006387 0.006387
BinVal : 22 7 0.9662 0.004178 0.004178
BinVal : 22 8 0.9753 0.002532 0.002532
BinVal : 22 9 0.989 0.004388 0.004388
BinVal : 22 10 0.9904 0.01315 0.01315
BinVal : 22 11 1 0.02563 0.02563
BinVal : 22 12 1 0.03569 0.03569
BinVal : 23 0 0 0 0
BinVal : 23 1 0 0 0
BinVal : 23 2 0 0 0
BinVal : 23 3 0 0 0
BinVal : 23 4 0 0 0
BinVal : 23 5 0 0 0
BinVal : 23 6 0 0 0
BinVal : 23 7 0 0 0
BinVal : 23 8 0 0 0
BinVal : 23 9 0 0 0
BinVal : 23 10 0 0 0
BinVal : 23 11 0 0 0
BinVal : 23 12 0 0 0
BinVal : 24 0 0 0 0
BinVal : 24 1 0 0 0
BinVal : 24 2 0 0 0
BinVal : 24 3 0 0 0
BinVal : 24 4 0 0 0
BinVal : 24 5 0 0 0
BinVal : 24 6 0 0 0
BinVal : 24 7 0 0 0
BinVal : 24 8 0 0 0
BinVal : 24 9 0 0 0
BinVal : 24 10 0 0 0
BinVal : 24 11 0 0 0
BinVal : 24 12 0 0 0
BinVal : 25 0 0 0 0
BinVal : 25 1 0 0 0
BinVal : 25 2 0.1818 0.02818 0.02818
BinVal : 25 3 0.2687 0.03802 0.03802
BinVal : 25 4 0.6812 0.02595 0.02595
BinVal : 25 5 0.9291 0.008196 0.008196
BinVal : 25 6 0.9696 0.004662 0.004662
BinVal : 25 7 0.9747 0.0038 0.0038
BinVal : 25 8 0.9776 0.00262 0.00262
BinVal : 25 9 0.9802 0.00728 0.00728
BinVal : 25 10 1 0.01724 0.01724
BinVal : 25 11 1 0.03446 0.03446
BinVal : 25 12 1 0.07666 0.07666
BinVal : 26 0 0 0 0
BinVal : 26 1 0 0 0
BinVal : 26 2 0.06796 0.01789 0.01789
BinVal : 26 3 0.1049 0.02433 0.02433
BinVal : 26 4 0.5355 0.02701 0.02701
BinVal : 26 5 0.9089 0.00956 0.00956
BinVal : 26 6 0.9559 0.005849 0.005849
BinVal : 26 7 0.9614 0.004765 0.004765
BinVal : 26 8 0.9653 0.003405 0.003405
BinVal : 26 9 0.9783 0.007998 0.007998
BinVal : 26 10 1 0.01639 0.01639
BinVal : 26 11 1 0.04756 0.04756
BinVal : 26 12 1 0.1633 0.1633
BinVal : 27 0 0 0 0
BinVal : 27 1 0 0 0
BinVal : 27 2 0.004739 0.006593 0.006593
BinVal : 27 3 0.06338 0.02111 0.02111
BinVal : 27 4 0.4694 0.02683 0.02683
BinVal : 27 5 0.8996 0.01001 0.01001
BinVal : 27 6 0.9465 0.006438 0.006438
BinVal : 27 7 0.9615 0.004819 0.004819
BinVal : 27 8 0.9658 0.003645 0.003645
BinVal : 27 9 0.9827 0.007494 0.007494
BinVal : 27 10 1 0.01785 0.01785
BinVal : 27 11 1 0.1102 0.1102
BinVal : 27 12 1 0.1936 0.1936
BinVal : 28 0 0 0 0
BinVal : 28 1 0 0 0
BinVal : 28 2 0 0.005208 0.005208
BinVal : 28 3 0.03101 0.01668 0.01668
BinVal : 28 4 0.4437 0.02765 0.02765
BinVal : 28 5 0.8943 0.01027 0.01027
BinVal : 28 6 0.9461 0.006536 0.006536
BinVal : 28 7 0.9538 0.005504 0.005504
BinVal : 28 8 0.9594 0.004305 0.004305
BinVal : 28 9 0.9753 0.009767 0.009767
BinVal : 28 10 1 0.02563 0.02563
BinVal : 28 11 1 0.1409 0.1409
BinVal : 28 12 1 0.1936 0.1936
BinVal : 29 0 0 0 0
BinVal : 29 1 0 0 0
BinVal : 29 2 0 0 0
BinVal : 29 3 0.05109 0.01968 0.01968
BinVal : 29 4 0.3958 0.02868 0.02868
BinVal : 29 5 0.8877 0.01105 0.01105
BinVal : 29 6 0.9417 0.006999 0.006999
BinVal : 29 7 0.947 0.006291 0.006291
BinVal : 29 8 0.9628 0.004515 0.004515
BinVal : 29 9 0.9758 0.01152 0.01152
BinVal : 29 10 1 0.03446 0.03446
BinVal : 29 11 1 0.1409 0.1409
BinVal : 29 12 1 0.1936 0.1936
BinVal : 30 0 0 0 0
BinVal : 30 1 0 0 0
BinVal : 30 2 0 0 0
BinVal : 30 3 0.07143 0.01876 0.01876
BinVal : 30 4 0.3413 0.0243 0.0243
BinVal : 30 5 0.8488 0.01041 0.01041
BinVal : 30 6 0.9385 0.00607 0.00607
BinVal : 30 7 0.9517 0.005462 0.005462
BinVal : 30 8 0.9658 0.004096 0.004096
BinVal : 30 9 0.9859 0.009194 0.009194
BinVal : 30 10 1 0.02702 0.02702
BinVal : 30 11 1 0.1409 0.1409
BinVal : 30 12 1 0.1936 0.1936
BinVal : 31 0 0 0 0
BinVal : 31 1 0 0 0
BinVal : 31 2 0 0 0
BinVal : 31 3 0.03756 0.01363 0.01363
BinVal : 31 4 0.2887 0.02172 0.02172
BinVal : 31 5 0.8377 0.009797 0.009797
BinVal : 31 6 0.9219 0.006286 0.006286
BinVal : 31 7 0.9409 0.005997 0.005997
BinVal : 31 8 0.9477 0.004982 0.004982
BinVal : 31 9 0.9849 0.009826 0.009826
BinVal : 31 10 1 0.03446 0.03446
BinVal : 31 11 1 0.1633 0.1633
BinVal : 31 12 1 0.1936 0.1936
BinVal : 32 0 0 0 0
BinVal : 32 1 0 0 0
BinVal : 32 2 0 0 0
BinVal : 32 3 0.004854 0.00675 0.00675
BinVal : 32 4 0.1828 0.01792 0.01792
BinVal : 32 5 0.7032 0.01247 0.01247
BinVal : 32 6 0.8329 0.00957 0.00957
BinVal : 32 7 0.8332 0.01145 0.01145
BinVal : 32 8 0.849 0.009424 0.009424
BinVal : 32 9 0.9304 0.02453 0.02453
BinVal : 32 10 0.8 0.1201 0.1201
BinVal : 32 11 1 0.2357 0.2357
BinVal : 32 12 1 0.2357 0.2357
BinVal : 33 0 0 0 0
BinVal : 33 1 0 0 0
BinVal : 33 2 0 0 0
BinVal : 33 3 0 0.005525 0.005525
BinVal : 33 4 0.1017 0.01476 0.01476
BinVal : 33 5 0.5051 0.01521 0.01521
BinVal : 33 6 0.6776 0.01493 0.01493
BinVal : 33 7 0.6146 0.01805 0.01805
BinVal : 33 8 0.6623 0.01637 0.01637
BinVal : 33 9 0.7347 0.06189 0.06189
BinVal : 33 10 0.5 0.189 0.189
BinVal : 33 11 0.5 0.189 0.189
BinVal : 33 12 0.5 0.189 0.189
BinVal : 34 0 0 0 0
BinVal : 34 1 0 0 0
BinVal : 34 2 0 0 0
BinVal : 34 3 0 0 0
BinVal : 34 4 0.02632 0.01424 0.01424
BinVal : 34 5 0.3305 0.02491 0.02491
BinVal : 34 6 0.4411 0.03045 0.03045
BinVal : 34 7 0.417 0.03047 0.03047
BinVal : 34 8 0.4292 0.03376 0.03376
BinVal : 34 9 0.3333 0.1389 0.1389
BinVal : 34 10 0.3333 0.1389 0.1389
BinVal : 34 11 0.3333 0.1389 0.1389
BinVal : 34 12 0.3333 0.1389 0.1389
