D0NoteID : 0
EffName : SINGLEELE_ALL_v12
EffType : Binned
EffVarNames : DetEta pT
EffVersion : 6
ObjQuality : Medium
ObjType : Electron
ObjVersion : 12
BinEdgesX : -3.2 -2.8 -2.5 -2.3 -2.1 -1.9 -1.7 -1.5 -1.3 -1.1 -0.9 -0.7 -0.5 -0.3 -0.1 0.1 0.3 0.5 0.7 0.9 1.1 1.3 1.5 1.7 1.9 2.1 2.3 2.5 2.8 3.2
BinEdgesY : 0 10 15 20 22 25 30 35 40 50 60 70 80 1000
BinVal : 0 0 0 0 0
BinVal : 0 1 0 0 0
BinVal : 0 2 0 0 0
BinVal : 0 3 0.175 0.05988 0.05988
BinVal : 0 4 0.4933 0.05661 0.05661
BinVal : 0 5 0.6102 0.04437 0.04437
BinVal : 0 6 0.7629 0.04285 0.04285
BinVal : 0 7 0.9286 0.04285 0.04285
BinVal : 0 8 0.9107 0.03965 0.03965
BinVal : 0 9 1 0.1409 0.1409
BinVal : 0 10 1 0.1409 0.1409
BinVal : 0 11 1 0.1409 0.1409
BinVal : 0 12 1 0.1409 0.1409
BinVal : 1 0 0 0 0
BinVal : 1 1 0 0 0
BinVal : 1 2 0.0137 0.01848 0.01848
BinVal : 1 3 0.2034 0.05201 0.05201
BinVal : 1 4 0.6129 0.04977 0.04977
BinVal : 1 5 0.7366 0.03063 0.03063
BinVal : 1 6 0.837 0.02725 0.02725
BinVal : 1 7 0.9722 0.01777 0.01777
BinVal : 1 8 0.9664 0.01584 0.01584
BinVal : 1 9 1 0.04756 0.04756
BinVal : 1 10 1 0.2357 0.2357
BinVal : 1 11 1 0.2357 0.2357
BinVal : 1 12 1 0.2357 0.2357
BinVal : 2 0 0 0 0
BinVal : 2 1 0 0 0
BinVal : 2 2 0.02817 0.02308 0.02308
BinVal : 2 3 0.2639 0.05128 0.05128
BinVal : 2 4 0.6742 0.04901 0.04901
BinVal : 2 5 0.7703 0.02815 0.02815
BinVal : 2 6 0.8899 0.02092 0.02092
BinVal : 2 7 0.9691 0.01322 0.01322
BinVal : 2 8 0.9957 0.006056 0.006056
BinVal : 2 9 1 0.02777 0.02777
BinVal : 2 10 1 0.1237 0.1237
BinVal : 2 11 1 0.1237 0.1237
BinVal : 2 12 1 0.2357 0.2357
BinVal : 3 0 0 0 0
BinVal : 3 1 0 0 0
BinVal : 3 2 0.02632 0.02164 0.02164
BinVal : 3 3 0.3699 0.05548 0.05548
BinVal : 3 4 0.7196 0.04301 0.04301
BinVal : 3 5 0.7745 0.02719 0.02719
BinVal : 3 6 0.9 0.01744 0.01744
BinVal : 3 7 0.974 0.01026 0.01026
BinVal : 3 8 1 0.003135 0.003135
BinVal : 3 9 1 0.02173 0.02173
BinVal : 3 10 1 0.1102 0.1102
BinVal : 3 11 1 0.1102 0.1102
BinVal : 3 12 1 0.1936 0.1936
BinVal : 4 0 0 0 0
BinVal : 4 1 0 0 0
BinVal : 4 2 0.03125 0.02545 0.02545
BinVal : 4 3 0.4528 0.06654 0.06654
BinVal : 4 4 0.7117 0.04259 0.04259
BinVal : 4 5 0.7633 0.02708 0.02708
BinVal : 4 6 0.9112 0.01559 0.01559
BinVal : 4 7 0.9825 0.00758 0.00758
BinVal : 4 8 0.9933 0.004449 0.004449
BinVal : 4 9 1 0.01666 0.01666
BinVal : 4 10 1 0.07122 0.07122
BinVal : 4 11 1 0.07122 0.07122
BinVal : 4 12 1 0.2357 0.2357
BinVal : 5 0 0 0 0
BinVal : 5 1 0 0 0
BinVal : 5 2 0.2115 0.05606 0.05606
BinVal : 5 3 0.64 0.09126 0.09126
BinVal : 5 4 0.7841 0.04358 0.04358
BinVal : 5 5 0.8263 0.02354 0.02354
BinVal : 5 6 0.9588 0.01106 0.01106
BinVal : 5 7 0.9872 0.006162 0.006162
BinVal : 5 8 0.9933 0.003739 0.003739
BinVal : 5 9 1 0.01333 0.01333
BinVal : 5 10 1 0.03701 0.03701
BinVal : 5 11 1 0.1936 0.1936
BinVal : 5 12 1 0.1633 0.1633
BinVal : 6 0 0 0 0
BinVal : 6 1 0 0 0
BinVal : 6 2 0.4167 0.09508 0.09508
BinVal : 6 3 1 0.1102 0.1102
BinVal : 6 4 0.9394 0.04666 0.04666
BinVal : 6 5 0.8955 0.02676 0.02676
BinVal : 6 6 0.9883 0.009896 0.009896
BinVal : 6 7 0.9898 0.008659 0.008659
BinVal : 6 8 0.997 0.00424 0.00424
BinVal : 6 9 1 0.0238 0.0238
BinVal : 6 10 1 0.05546 0.05546
BinVal : 6 11 1 0.1936 0.1936
BinVal : 6 12 1 0.1633 0.1633
BinVal : 7 0 0 0 0
BinVal : 7 1 0 0 0
BinVal : 7 2 0 0 0
BinVal : 7 3 0 0 0
BinVal : 7 4 0 0 0
BinVal : 7 5 0 0 0
BinVal : 7 6 0 0 0
BinVal : 7 7 0 0 0
BinVal : 7 8 0 0 0
BinVal : 7 9 0 0 0
BinVal : 7 10 0 0 0
BinVal : 7 11 0 0 0
BinVal : 7 12 0 0 0
BinVal : 8 0 0 0 0
BinVal : 8 1 0 0 0
BinVal : 8 2 0 0 0
BinVal : 8 3 0 0 0
BinVal : 8 4 0 0 0
BinVal : 8 5 0 0 0
BinVal : 8 6 0 0 0
BinVal : 8 7 0 0 0
BinVal : 8 8 0 0 0
BinVal : 8 9 0 0 0
BinVal : 8 10 0 0 0
BinVal : 8 11 0 0 0
BinVal : 8 12 0 0 0
BinVal : 9 0 0 0 0
BinVal : 9 1 0 0 0
BinVal : 9 2 0.4615 0.07694 0.07694
BinVal : 9 3 0.7692 0.08041 0.08041
BinVal : 9 4 0.8837 0.05012 0.05012
BinVal : 9 5 0.9545 0.01915 0.01915
BinVal : 9 6 0.9899 0.006655 0.006655
BinVal : 9 7 0.998 0.00286 0.00286
BinVal : 9 8 0.9978 0.001916 0.001916
BinVal : 9 9 1 0.006993 0.006993
BinVal : 9 10 1 0.03331 0.03331
BinVal : 9 11 1 0.09938 0.09938
BinVal : 9 12 1 0.08299 0.08299
BinVal : 10 0 0 0 0
BinVal : 10 1 0 0 0
BinVal : 10 2 0.5814 0.07282 0.07282
BinVal : 10 3 0.8 0.07857 0.07857
BinVal : 10 4 0.8983 0.04048 0.04048
BinVal : 10 5 0.971 0.01563 0.01563
BinVal : 10 6 0.9969 0.004399 0.004399
BinVal : 10 7 0.9946 0.003555 0.003555
BinVal : 10 8 0.9991 0.001225 0.001225
BinVal : 10 9 1 0.005291 0.005291
BinVal : 10 10 1 0.02438 0.02438
BinVal : 10 11 1 0.08299 0.08299
BinVal : 10 12 1 0.06236 0.06236
BinVal : 11 0 0 0 0
BinVal : 11 1 0 0 0
BinVal : 11 2 0.6538 0.08898 0.08898
BinVal : 11 3 0.7692 0.08041 0.08041
BinVal : 11 4 0.8966 0.0411 0.0411
BinVal : 11 5 0.9733 0.01442 0.01442
BinVal : 11 6 0.9967 0.004599 0.004599
BinVal : 11 7 0.991 0.004386 0.004386
BinVal : 11 8 0.9984 0.001419 0.001419
BinVal : 11 9 1 0.005263 0.005263
BinVal : 11 10 1 0.02499 0.02499
BinVal : 11 11 1 0.06236 0.06236
BinVal : 11 12 1 0.05546 0.05546
BinVal : 12 0 0 0 0
BinVal : 12 1 0 0 0
BinVal : 12 2 0.5556 0.0908 0.0908
BinVal : 12 3 0.8696 0.0719 0.0719
BinVal : 12 4 0.8966 0.0411 0.0411
BinVal : 12 5 0.9752 0.01346 0.01346
BinVal : 12 6 0.9968 0.004426 0.004426
BinVal : 12 7 0.9963 0.003149 0.003149
BinVal : 12 8 0.9984 0.001399 0.001399
BinVal : 12 9 1 0.005814 0.005814
BinVal : 12 10 1 0.03029 0.03029
BinVal : 12 11 1 0.05546 0.05546
BinVal : 12 12 1 0.04993 0.04993
BinVal : 13 0 0 0 0
BinVal : 13 1 0 0 0
BinVal : 13 2 0.5385 0.09261 0.09261
BinVal : 13 3 0.88 0.06714 0.06714
BinVal : 13 4 0.9 0.03987 0.03987
BinVal : 13 5 0.9803 0.01075 0.01075
BinVal : 13 6 0.9941 0.005079 0.005079
BinVal : 13 7 1 0.001949 0.001949
BinVal : 13 8 0.9984 0.001353 0.001353
BinVal : 13 9 1 0.005882 0.005882
BinVal : 13 10 1 0.02499 0.02499
BinVal : 13 11 1 0.05546 0.05546
BinVal : 13 12 1 0.05871 0.05871
BinVal : 14 0 0 0 0
BinVal : 14 1 0 0 0
BinVal : 14 2 0.44 0.09391 0.09391
BinVal : 14 3 0.7391 0.08806 0.08806
BinVal : 14 4 0.9672 0.02662 0.02662
BinVal : 14 5 0.9668 0.013 0.013
BinVal : 14 6 0.9848 0.007322 0.007322
BinVal : 14 7 1 0.002119 0.002119
BinVal : 14 8 0.997 0.001689 0.001689
BinVal : 14 9 0.9944 0.007706 0.007706
BinVal : 14 10 1 0.02325 0.02325
BinVal : 14 11 1 0.04993 0.04993
BinVal : 14 12 1 0.08299 0.08299
BinVal : 15 0 0 0 0
BinVal : 15 1 0 0 0
BinVal : 15 2 0.3571 0.08655 0.08655
BinVal : 15 3 0.7391 0.08806 0.08806
BinVal : 15 4 1 0.01785 0.01785
BinVal : 15 5 0.9433 0.01708 0.01708
BinVal : 15 6 0.9788 0.008403 0.008403
BinVal : 15 7 1 0.00202 0.00202
BinVal : 15 8 0.9962 0.001876 0.001876
BinVal : 15 9 0.9943 0.007878 0.007878
BinVal : 15 10 1 0.03123 0.03123
BinVal : 15 11 1 0.0454 0.0454
BinVal : 15 12 1 0.07666 0.07666
BinVal : 16 0 0 0 0
BinVal : 16 1 0 0 0
BinVal : 16 2 0.5312 0.08437 0.08437
BinVal : 16 3 0.7667 0.07538 0.07538
BinVal : 16 4 0.9259 0.03777 0.03777
BinVal : 16 5 0.9392 0.01825 0.01825
BinVal : 16 6 0.9853 0.007068 0.007068
BinVal : 16 7 0.9966 0.002936 0.002936
BinVal : 16 8 0.9935 0.002412 0.002412
BinVal : 16 9 1 0.005814 0.005814
BinVal : 16 10 1 0.03224 0.03224
BinVal : 16 11 1 0.04756 0.04756
BinVal : 16 12 1 0.07666 0.07666
BinVal : 17 0 0 0 0
BinVal : 17 1 0 0 0
BinVal : 17 2 0.6579 0.07449 0.07449
BinVal : 17 3 0.7407 0.0816 0.0816
BinVal : 17 4 0.8909 0.0431 0.0431
BinVal : 17 5 0.9481 0.01861 0.01861
BinVal : 17 6 0.9862 0.006665 0.006665
BinVal : 17 7 0.9919 0.00391 0.00391
BinVal : 17 8 0.9922 0.002713 0.002713
BinVal : 17 9 0.9948 0.007233 0.007233
BinVal : 17 10 1 0.02702 0.02702
BinVal : 17 11 1 0.06236 0.06236
BinVal : 17 12 1 0.08299 0.08299
BinVal : 18 0 0 0 0
BinVal : 18 1 0 0 0
BinVal : 18 2 0.5714 0.089 0.089
BinVal : 18 3 0.7273 0.09091 0.09091
BinVal : 18 4 0.9348 0.03948 0.03948
BinVal : 18 5 0.9429 0.02037 0.02037
BinVal : 18 6 0.9845 0.007478 0.007478
BinVal : 18 7 0.9827 0.005994 0.005994
BinVal : 18 8 0.9844 0.004104 0.004104
BinVal : 18 9 0.9942 0.008012 0.008012
BinVal : 18 10 1 0.03123 0.03123
BinVal : 18 11 1 0.1102 0.1102
BinVal : 18 12 1 0.09938 0.09938
BinVal : 19 0 0 0 0
BinVal : 19 1 0 0 0
BinVal : 19 2 0.4545 0.1332 0.1332
BinVal : 19 3 0.6667 0.1389 0.1389
BinVal : 19 4 0.9524 0.05752 0.05752
BinVal : 19 5 0.9296 0.03193 0.03193
BinVal : 19 6 0.9924 0.01051 0.01051
BinVal : 19 7 0.973 0.0116 0.0116
BinVal : 19 8 0.9701 0.008769 0.008769
BinVal : 19 9 1 0.01428 0.01428
BinVal : 19 10 1 0.08299 0.08299
BinVal : 19 11 1 0.2357 0.2357
BinVal : 19 12 1 0.2357 0.2357
BinVal : 20 0 0 0 0
BinVal : 20 1 0 0 0
BinVal : 20 2 0 0 0
BinVal : 20 3 0 0 0
BinVal : 20 4 0 0 0
BinVal : 20 5 0 0 0
BinVal : 20 6 0 0 0
BinVal : 20 7 0 0 0
BinVal : 20 8 0 0 0
BinVal : 20 9 0 0 0
BinVal : 20 10 0 0 0
BinVal : 20 11 0 0 0
BinVal : 20 12 0 0 0
BinVal : 21 0 0 0 0
BinVal : 21 1 0 0 0
BinVal : 21 2 0 0 0
BinVal : 21 3 0 0 0
BinVal : 21 4 0 0 0
BinVal : 21 5 0 0 0
BinVal : 21 6 0 0 0
BinVal : 21 7 0 0 0
BinVal : 21 8 0 0 0
BinVal : 21 9 0 0 0
BinVal : 21 10 0 0 0
BinVal : 21 11 0 0 0
BinVal : 21 12 0 0 0
BinVal : 22 0 0 0 0
BinVal : 22 1 0 0 0
BinVal : 22 2 0.1176 0.05685 0.05685
BinVal : 22 3 0.1212 0.05832 0.05832
BinVal : 22 4 0.789 0.0389 0.0389
BinVal : 22 5 0.9072 0.01904 0.01904
BinVal : 22 6 0.9605 0.01105 0.01105
BinVal : 22 7 0.9935 0.004287 0.004287
BinVal : 22 8 0.9972 0.002429 0.002429
BinVal : 22 9 0.9901 0.01353 0.01353
BinVal : 22 10 1 0.05546 0.05546
BinVal : 22 11 1 0.1237 0.1237
BinVal : 22 12 1 0.2357 0.2357
BinVal : 23 0 0 0 0
BinVal : 23 1 0 0 0
BinVal : 23 2 0.01754 0.02336 0.02336
BinVal : 23 3 0.1569 0.05109 0.05109
BinVal : 23 4 0.7131 0.0406 0.0406
BinVal : 23 5 0.8932 0.02034 0.02034
BinVal : 23 6 0.9155 0.01632 0.01632
BinVal : 23 7 0.9921 0.005201 0.005201
BinVal : 23 8 0.9961 0.003389 0.003389
BinVal : 23 9 1 0.01219 0.01219
BinVal : 23 10 1 0.04993 0.04993
BinVal : 23 11 1 0.1936 0.1936
BinVal : 23 12 1 0.1936 0.1936
BinVal : 24 0 0 0 0
BinVal : 24 1 0 0 0
BinVal : 24 2 0.0122 0.01654 0.01654
BinVal : 24 3 0.22 0.05787 0.05787
BinVal : 24 4 0.7297 0.04179 0.04179
BinVal : 24 5 0.878 0.02063 0.02063
BinVal : 24 6 0.901 0.01757 0.01757
BinVal : 24 7 0.9824 0.00846 0.00846
BinVal : 24 8 0.9948 0.004441 0.004441
BinVal : 24 9 1 0.0238 0.0238
BinVal : 24 10 1 0.07666 0.07666
BinVal : 24 11 1 0.07666 0.07666
BinVal : 24 12 1 0.07666 0.07666
BinVal : 25 0 0 0 0
BinVal : 25 1 0 0 0
BinVal : 25 2 0.02128 0.01767 0.01767
BinVal : 25 3 0.2 0.05353 0.05353
BinVal : 25 4 0.7168 0.042 0.042
BinVal : 25 5 0.8689 0.02169 0.02169
BinVal : 25 6 0.9301 0.01569 0.01569
BinVal : 25 7 0.9828 0.0112 0.0112
BinVal : 25 8 0.9886 0.007476 0.007476
BinVal : 25 9 1 0.04163 0.04163
BinVal : 25 10 1 0.1633 0.1633
BinVal : 25 11 1 0.1633 0.1633
BinVal : 25 12 1 0.2357 0.2357
BinVal : 26 0 0 0 0
BinVal : 26 1 0 0 0
BinVal : 26 2 0.009709 0.01328 0.01328
BinVal : 26 3 0.1493 0.04375 0.04375
BinVal : 26 4 0.6635 0.04578 0.04578
BinVal : 26 5 0.8019 0.02733 0.02733
BinVal : 26 6 0.8947 0.0237 0.0237
BinVal : 26 7 0.9778 0.01842 0.01842
BinVal : 26 8 0.9543 0.01647 0.01647
BinVal : 26 9 1 0.06236 0.06236
BinVal : 26 10 1 0.2357 0.2357
BinVal : 26 11 1 0.2357 0.2357
BinVal : 26 12 1 0.2357 0.2357
BinVal : 27 0 0 0 0
BinVal : 27 1 0 0 0
BinVal : 27 2 0 0 0
BinVal : 27 3 0.09756 0.04833 0.04833
BinVal : 27 4 0.55 0.0627 0.0627
BinVal : 27 5 0.6885 0.04153 0.04153
BinVal : 27 6 0.8 0.04753 0.04753
BinVal : 27 7 0.8261 0.05576 0.05576
BinVal : 27 8 0.9189 0.03295 0.03295
BinVal : 27 9 1 0.2357 0.2357
BinVal : 27 10 1 0.2357 0.2357
BinVal : 27 11 1 0.2357 0.2357
BinVal : 27 12 1 0.2357 0.2357
BinVal : 28 0 0 0 0
BinVal : 28 1 0 0 0
BinVal : 28 2 0 0 0
BinVal : 28 3 0 0 0
BinVal : 28 4 0.2308 0.1106 0.1106
BinVal : 28 5 0.4286 0.1012 0.1012
BinVal : 28 6 0.5556 0.1437 0.1437
BinVal : 28 7 0.4 0.1367 0.1367
BinVal : 28 8 0.8 0.1597 0.1597
BinVal : 28 9 0.8 0.1597 0.1597
BinVal : 28 10 0.8 0.1597 0.1597
BinVal : 28 11 0.8 0.1597 0.1597
BinVal : 28 12 0.8 0.1597 0.1597
