D0NoteID : 0
EffName : SINGLEELE_AND_EJETS_v132
EffType : Binned
EffVarNames : DetEta pT
EffVersion : 6
ObjQuality : Medium
ObjType : Electron
ObjVersion : 12
BinEdgesX : -3.2 -2.8 -2.5 -2.3 -2.1 -1.9 -1.7 -1.5 -1.3 -1.1 -0.9 -0.7 -0.5 -0.3 -0.1 0.1 0.3 0.5 0.7 0.9 1.1 1.3 1.5 1.7 1.9 2.1 2.3 2.5 2.8 3.2
BinEdgesY : 0 10 15 20 22 25 30 35 40 50 60 70 80 1000
BinVal : 0 0 0 0 0
BinVal : 0 1 0 0 0
BinVal : 0 2 0 0 0
BinVal : 0 3 0 0 0
BinVal : 0 4 0.1351 0.0401 0.0401
BinVal : 0 5 0.257 0.0325 0.0325
BinVal : 0 6 0.6935 0.04102 0.04102
BinVal : 0 7 0.7385 0.05375 0.05375
BinVal : 0 8 0.7556 0.0449 0.0449
BinVal : 0 9 1 0.1409 0.1409
BinVal : 0 10 1 0.2357 0.2357
BinVal : 0 11 1 0.2357 0.2357
BinVal : 0 12 1 0.2357 0.2357
BinVal : 1 0 0 0 0
BinVal : 1 1 0 0 0
BinVal : 1 2 0 0 0
BinVal : 1 3 0 0 0
BinVal : 1 4 0.1583 0.03338 0.03338
BinVal : 1 5 0.3737 0.02794 0.02794
BinVal : 1 6 0.8439 0.0236 0.0236
BinVal : 1 7 0.8626 0.02561 0.02561
BinVal : 1 8 0.8941 0.02018 0.02018
BinVal : 1 9 1 0.04343 0.04343
BinVal : 1 10 1 0.2357 0.2357
BinVal : 1 11 1 0.2357 0.2357
BinVal : 1 12 1 0.2357 0.2357
BinVal : 2 0 0 0 0
BinVal : 2 1 0 0 0
BinVal : 2 2 0 0 0
BinVal : 2 3 0 0 0
BinVal : 2 4 0.1729 0.03278 0.03278
BinVal : 2 5 0.4276 0.02824 0.02824
BinVal : 2 6 0.8636 0.01893 0.01893
BinVal : 2 7 0.8655 0.02009 0.02009
BinVal : 2 8 0.9267 0.01278 0.01278
BinVal : 2 9 0.9545 0.03602 0.03602
BinVal : 2 10 1 0.1409 0.1409
BinVal : 2 11 1 0.2357 0.2357
BinVal : 2 12 1 0.2357 0.2357
BinVal : 3 0 0 0 0
BinVal : 3 1 0 0 0
BinVal : 3 2 0 0 0
BinVal : 3 3 0 0 0
BinVal : 3 4 0.2038 0.03206 0.03206
BinVal : 3 5 0.5014 0.02657 0.02657
BinVal : 3 6 0.8254 0.01808 0.01808
BinVal : 3 7 0.8501 0.01771 0.01771
BinVal : 3 8 0.9071 0.01156 0.01156
BinVal : 3 9 0.8594 0.0438 0.0438
BinVal : 3 10 1 0.09045 0.09045
BinVal : 3 11 1 0.1633 0.1633
BinVal : 3 12 1 0.1936 0.1936
BinVal : 4 0 0 0 0
BinVal : 4 1 0 0 0
BinVal : 4 2 0 0 0
BinVal : 4 3 0.02105 0.01749 0.01749
BinVal : 4 4 0.2102 0.03241 0.03241
BinVal : 4 5 0.5138 0.02493 0.02493
BinVal : 4 6 0.8144 0.01765 0.01765
BinVal : 4 7 0.8431 0.01555 0.01555
BinVal : 4 8 0.8814 0.01115 0.01115
BinVal : 4 9 0.883 0.03358 0.03358
BinVal : 4 10 0.8235 0.09116 0.09116
BinVal : 4 11 1 0.1633 0.1633
BinVal : 4 12 1 0.1633 0.1633
BinVal : 5 0 0 0 0
BinVal : 5 1 0 0 0
BinVal : 5 2 0.07692 0.03908 0.03908
BinVal : 5 3 0.08824 0.0356 0.0356
BinVal : 5 4 0.2987 0.03662 0.03662
BinVal : 5 5 0.5326 0.0254 0.0254
BinVal : 5 6 0.8519 0.0157 0.0157
BinVal : 5 7 0.8841 0.01261 0.01261
BinVal : 5 8 0.9122 0.00872 0.00872
BinVal : 5 9 0.9496 0.02114 0.02114
BinVal : 5 10 0.8 0.08738 0.08738
BinVal : 5 11 1 0.1102 0.1102
BinVal : 5 12 1 0.1633 0.1633
BinVal : 6 0 0 0 0
BinVal : 6 1 0 0 0
BinVal : 6 2 0.1481 0.06897 0.06897
BinVal : 6 3 0.1818 0.08122 0.08122
BinVal : 6 4 0.3951 0.0534 0.0534
BinVal : 6 5 0.6307 0.0361 0.0361
BinVal : 6 6 0.8905 0.01897 0.01897
BinVal : 6 7 0.9298 0.01398 0.01398
BinVal : 6 8 0.9485 0.009269 0.009269
BinVal : 6 9 0.9677 0.02622 0.02622
BinVal : 6 10 0.8571 0.1315 0.1315
BinVal : 6 11 1 0.1237 0.1237
BinVal : 6 12 1 0.2357 0.2357
BinVal : 7 0 0 0 0
BinVal : 7 1 0 0 0
BinVal : 7 2 0 0 0
BinVal : 7 3 0 0 0
BinVal : 7 4 0 0 0
BinVal : 7 5 0 0 0
BinVal : 7 6 0 0 0
BinVal : 7 7 0 0 0
BinVal : 7 8 0 0 0
BinVal : 7 9 0 0 0
BinVal : 7 10 0 0 0
BinVal : 7 11 0 0 0
BinVal : 7 12 0 0 0
BinVal : 8 0 0 0 0
BinVal : 8 1 0 0 0
BinVal : 8 2 0 0 0
BinVal : 8 3 0 0 0
BinVal : 8 4 0 0 0
BinVal : 8 5 0 0 0
BinVal : 8 6 0 0 0
BinVal : 8 7 0 0 0
BinVal : 8 8 0 0 0
BinVal : 8 9 0 0 0
BinVal : 8 10 0 0 0
BinVal : 8 11 0 0 0
BinVal : 8 12 0 0 0
BinVal : 9 0 0 0 0
BinVal : 9 1 0 0 0
BinVal : 9 2 0 0 0
BinVal : 9 3 0.09375 0.05446 0.05446
BinVal : 9 4 0.4658 0.05723 0.05723
BinVal : 9 5 0.8146 0.02909 0.02909
BinVal : 9 6 0.9594 0.009301 0.009301
BinVal : 9 7 0.979 0.005164 0.005164
BinVal : 9 8 0.9702 0.004622 0.004622
BinVal : 9 9 0.9867 0.008713 0.008713
BinVal : 9 10 0.9535 0.03678 0.03678
BinVal : 9 11 1 0.08299 0.08299
BinVal : 9 12 1 0.09045 0.09045
BinVal : 10 0 0 0 0
BinVal : 10 1 0 0 0
BinVal : 10 2 0 0 0
BinVal : 10 3 0.2368 0.06763 0.06763
BinVal : 10 4 0.4945 0.05157 0.05157
BinVal : 10 5 0.7474 0.03106 0.03106
BinVal : 10 6 0.9697 0.00791 0.00791
BinVal : 10 7 0.9812 0.004644 0.004644
BinVal : 10 8 0.9866 0.002771 0.002771
BinVal : 10 9 0.9894 0.006956 0.006956
BinVal : 10 10 0.9583 0.03325 0.03325
BinVal : 10 11 1 0.05546 0.05546
BinVal : 10 12 1 0.0665 0.0665
BinVal : 11 0 0 0 0
BinVal : 11 1 0 0 0
BinVal : 11 2 0.07895 0.04685 0.04685
BinVal : 11 3 0.2812 0.07702 0.07702
BinVal : 11 4 0.5405 0.0568 0.0568
BinVal : 11 5 0.6488 0.03052 0.03052
BinVal : 11 6 0.9552 0.009975 0.009975
BinVal : 11 7 0.9862 0.004097 0.004097
BinVal : 11 8 0.9909 0.002254 0.002254
BinVal : 11 9 0.9828 0.008288 0.008288
BinVal : 11 10 1 0.02083 0.02083
BinVal : 11 11 1 0.03701 0.03701
BinVal : 11 12 1 0.04756 0.04756
BinVal : 12 0 0 0 0
BinVal : 12 1 0 0 0
BinVal : 12 2 0.2222 0.06808 0.06808
BinVal : 12 3 0.2973 0.07298 0.07298
BinVal : 12 4 0.519 0.05518 0.05518
BinVal : 12 5 0.6431 0.02835 0.02835
BinVal : 12 6 0.9606 0.009288 0.009288
BinVal : 12 7 0.9853 0.004375 0.004375
BinVal : 12 8 0.9907 0.002316 0.002316
BinVal : 12 9 0.9833 0.009125 0.009125
BinVal : 12 10 1 0.01818 0.01818
BinVal : 12 11 1 0.03569 0.03569
BinVal : 12 12 1 0.0454 0.0454
BinVal : 13 0 0 0 0
BinVal : 13 1 0 0 0
BinVal : 13 2 0.1944 0.06528 0.06528
BinVal : 13 3 0.4651 0.07356 0.07356
BinVal : 13 4 0.5974 0.05488 0.05488
BinVal : 13 5 0.6824 0.02601 0.02601
BinVal : 13 6 0.9735 0.007802 0.007802
BinVal : 13 7 0.9862 0.004518 0.004518
BinVal : 13 8 0.9897 0.002398 0.002398
BinVal : 13 9 0.9961 0.005387 0.005387
BinVal : 13 10 1 0.01613 0.01613
BinVal : 13 11 1 0.04993 0.04993
BinVal : 13 12 1 0.04993 0.04993
BinVal : 14 0 0 0 0
BinVal : 14 1 0 0 0
BinVal : 14 2 0.1579 0.05934 0.05934
BinVal : 14 3 0.4595 0.07882 0.07882
BinVal : 14 4 0.4556 0.05165 0.05165
BinVal : 14 5 0.6607 0.02585 0.02585
BinVal : 14 6 0.9641 0.009017 0.009017
BinVal : 14 7 0.9778 0.005834 0.005834
BinVal : 14 8 0.982 0.003107 0.003107
BinVal : 14 9 0.993 0.005972 0.005972
BinVal : 14 10 1 0.01562 0.01562
BinVal : 14 11 1 0.05546 0.05546
BinVal : 14 12 1 0.0454 0.0454
BinVal : 15 0 0 0 0
BinVal : 15 1 0 0 0
BinVal : 15 2 0.1515 0.06281 0.06281
BinVal : 15 3 0.2857 0.08231 0.08231
BinVal : 15 4 0.3727 0.04554 0.04554
BinVal : 15 5 0.6454 0.02693 0.02693
BinVal : 15 6 0.9562 0.009742 0.009742
BinVal : 15 7 0.9705 0.006316 0.006316
BinVal : 15 8 0.9778 0.003416 0.003416
BinVal : 15 9 0.9895 0.006884 0.006884
BinVal : 15 10 0.9841 0.02126 0.02126
BinVal : 15 11 1 0.04993 0.04993
BinVal : 15 12 1 0.04163 0.04163
BinVal : 16 0 0 0 0
BinVal : 16 1 0 0 0
BinVal : 16 2 0.07895 0.04685 0.04685
BinVal : 16 3 0.1724 0.06984 0.06984
BinVal : 16 4 0.4286 0.04764 0.04764
BinVal : 16 5 0.6588 0.02744 0.02744
BinVal : 16 6 0.9611 0.008912 0.008912
BinVal : 16 7 0.9745 0.005473 0.005473
BinVal : 16 8 0.9766 0.003555 0.003555
BinVal : 16 9 0.9853 0.008042 0.008042
BinVal : 16 10 0.9839 0.02158 0.02158
BinVal : 16 11 0.9474 0.06258 0.06258
BinVal : 16 12 1 0.04756 0.04756
BinVal : 17 0 0 0 0
BinVal : 17 1 0 0 0
BinVal : 17 2 0.1111 0.04817 0.04817
BinVal : 17 3 0.2727 0.07529 0.07529
BinVal : 17 4 0.4301 0.05055 0.05055
BinVal : 17 5 0.6729 0.02863 0.02863
BinVal : 17 6 0.965 0.008267 0.008267
BinVal : 17 7 0.9793 0.00481 0.00481
BinVal : 17 8 0.9755 0.003731 0.003731
BinVal : 17 9 0.9808 0.009224 0.009224
BinVal : 17 10 0.9831 0.02262 0.02262
BinVal : 17 11 0.9444 0.06547 0.06547
BinVal : 17 12 1 0.0665 0.0665
BinVal : 18 0 0 0 0
BinVal : 18 1 0 0 0
BinVal : 18 2 0.1714 0.06354 0.06354
BinVal : 18 3 0.3636 0.08053 0.08053
BinVal : 18 4 0.4844 0.06106 0.06106
BinVal : 18 5 0.75 0.02935 0.02935
BinVal : 18 6 0.9556 0.009633 0.009633
BinVal : 18 7 0.969 0.006204 0.006204
BinVal : 18 8 0.9737 0.00425 0.00425
BinVal : 18 9 0.9762 0.01136 0.01136
BinVal : 18 10 0.9783 0.02855 0.02855
BinVal : 18 11 1 0.05871 0.05871
BinVal : 18 12 0.8889 0.1113 0.1113
BinVal : 19 0 0 0 0
BinVal : 19 1 0 0 0
BinVal : 19 2 0.1875 0.09538 0.09538
BinVal : 19 3 0.3529 0.1079 0.1079
BinVal : 19 4 0.5909 0.0986 0.0986
BinVal : 19 5 0.8085 0.04045 0.04045
BinVal : 19 6 0.9493 0.01534 0.01534
BinVal : 19 7 0.9536 0.01157 0.01157
BinVal : 19 8 0.9724 0.006974 0.006974
BinVal : 19 9 0.9722 0.02277 0.02277
BinVal : 19 10 1 0.05255 0.05255
BinVal : 19 11 1 0.1102 0.1102
BinVal : 19 12 0.75 0.1782 0.1782
BinVal : 20 0 0 0 0
BinVal : 20 1 0 0 0
BinVal : 20 2 0 0 0
BinVal : 20 3 0 0 0
BinVal : 20 4 0 0 0
BinVal : 20 5 0 0 0
BinVal : 20 6 0 0 0
BinVal : 20 7 0 0 0
BinVal : 20 8 0 0 0
BinVal : 20 9 0 0 0
BinVal : 20 10 0 0 0
BinVal : 20 11 0 0 0
BinVal : 20 12 0 0 0
BinVal : 21 0 0 0 0
BinVal : 21 1 0 0 0
BinVal : 21 2 0 0 0
BinVal : 21 3 0 0 0
BinVal : 21 4 0 0 0
BinVal : 21 5 0 0 0
BinVal : 21 6 0 0 0
BinVal : 21 7 0 0 0
BinVal : 21 8 0 0 0
BinVal : 21 9 0 0 0
BinVal : 21 10 0 0 0
BinVal : 21 11 0 0 0
BinVal : 21 12 0 0 0
BinVal : 22 0 0 0 0
BinVal : 22 1 0 0 0
BinVal : 22 2 0.03571 0.02883 0.02883
BinVal : 22 3 0.07273 0.03714 0.03714
BinVal : 22 4 0.2097 0.03641 0.03641
BinVal : 22 5 0.4375 0.02633 0.02633
BinVal : 22 6 0.8549 0.01653 0.01653
BinVal : 22 7 0.891 0.01233 0.01233
BinVal : 22 8 0.8928 0.009585 0.009585
BinVal : 22 9 0.8705 0.02865 0.02865
BinVal : 22 10 1 0.03224 0.03224
BinVal : 22 11 1 0.1409 0.1409
BinVal : 22 12 0.6667 0.1614 0.1614
BinVal : 23 0 0 0 0
BinVal : 23 1 0 0 0
BinVal : 23 2 0 0 0
BinVal : 23 3 0 0 0
BinVal : 23 4 0.1613 0.02957 0.02957
BinVal : 23 5 0.4123 0.02651 0.02651
BinVal : 23 6 0.8166 0.01808 0.01808
BinVal : 23 7 0.8514 0.01488 0.01488
BinVal : 23 8 0.8651 0.01187 0.01187
BinVal : 23 9 0.8111 0.04114 0.04114
BinVal : 23 10 0.95 0.05994 0.05994
BinVal : 23 11 1 0.1409 0.1409
BinVal : 23 12 0.6 0.175 0.175
BinVal : 24 0 0 0 0
BinVal : 24 1 0 0 0
BinVal : 24 2 0 0 0
BinVal : 24 3 0.01176 0.01598 0.01598
BinVal : 24 4 0.1437 0.02723 0.02723
BinVal : 24 5 0.4411 0.02867 0.02867
BinVal : 24 6 0.7778 0.01997 0.01997
BinVal : 24 7 0.8506 0.01711 0.01711
BinVal : 24 8 0.8889 0.01229 0.01229
BinVal : 24 9 0.8451 0.04308 0.04308
BinVal : 24 10 0.8571 0.1315 0.1315
BinVal : 24 11 1 0.1633 0.1633
BinVal : 24 12 1 0.1936 0.1936
BinVal : 25 0 0 0 0
BinVal : 25 1 0 0 0
BinVal : 25 2 0 0 0
BinVal : 25 3 0.01266 0.01714 0.01714
BinVal : 25 4 0.1141 0.02628 0.02628
BinVal : 25 5 0.3986 0.02932 0.02932
BinVal : 25 6 0.7748 0.02159 0.02159
BinVal : 25 7 0.8626 0.02132 0.02132
BinVal : 25 8 0.9124 0.01365 0.01365
BinVal : 25 9 0.9333 0.04028 0.04028
BinVal : 25 10 1 0.1633 0.1633
BinVal : 25 11 1 0.1633 0.1633
BinVal : 25 12 1 0.1936 0.1936
BinVal : 26 0 0 0 0
BinVal : 26 1 0 0 0
BinVal : 26 2 0 0 0
BinVal : 26 3 0 0 0
BinVal : 26 4 0.04667 0.01805 0.01805
BinVal : 26 5 0.3217 0.02895 0.02895
BinVal : 26 6 0.7548 0.02655 0.02655
BinVal : 26 7 0.828 0.03011 0.03011
BinVal : 26 8 0.9368 0.01559 0.01559
BinVal : 26 9 0.9545 0.05528 0.05528
BinVal : 26 10 1 0.2357 0.2357
BinVal : 26 11 1 0.2357 0.2357
BinVal : 26 12 1 0.2357 0.2357
BinVal : 27 0 0 0 0
BinVal : 27 1 0 0 0
BinVal : 27 2 0 0 0
BinVal : 27 3 0 0 0
BinVal : 27 4 0.01835 0.01532 0.01532
BinVal : 27 5 0.284 0.0352 0.0352
BinVal : 27 6 0.6068 0.04462 0.04462
BinVal : 27 7 0.6709 0.05206 0.05206
BinVal : 27 8 0.8557 0.03586 0.03586
BinVal : 27 9 0.9091 0.09643 0.09643
BinVal : 27 10 1 0.2357 0.2357
BinVal : 27 11 1 0.2357 0.2357
BinVal : 27 12 1 0.2357 0.2357
BinVal : 28 0 0 0 0
BinVal : 28 1 0 0 0
BinVal : 28 2 0 0 0
BinVal : 28 3 0 0 0
BinVal : 28 4 0 0 0
BinVal : 28 5 0.03704 0.04626 0.04626
BinVal : 28 6 0.1667 0.08729 0.08729
BinVal : 28 7 0.3 0.1307 0.1307
BinVal : 28 8 0.1429 0.1315 0.1315
BinVal : 28 9 0.1429 0.1315 0.1315
BinVal : 28 10 0.1429 0.1315 0.1315
BinVal : 28 11 0.1429 0.1315 0.1315
BinVal : 28 12 0.1429 0.1315 0.1315
