D0NoteID : 0
EffName : SINGLEELE_AND_EJETS_v13
EffType : Binned
EffVarNames : DetEta pT
EffVersion : 6
ObjQuality : Tight_trk
ObjType : Electron
ObjVersion : 2
BinEdgesX : -3.2 -2.8 -2.5 -2.3 -2.1 -1.9 -1.7 -1.5 -1.3 -1.1 -0.9 -0.7 -0.5 -0.3 -0.1 0.1 0.3 0.5 0.7 0.9 1.1 1.3 1.5 1.7 1.9 2.1 2.3 2.5 2.8 3.2
BinEdgesY : 0 10 15 20 22 25 30 35 40 50 60 70 80 1000
BinVal : 0 0 0 0 0
BinVal : 0 1 0 0 0
BinVal : 0 2 0 0 0
BinVal : 0 3 0 0 0
BinVal : 0 4 0 0 0
BinVal : 0 5 0 0 0
BinVal : 0 6 0 0 0
BinVal : 0 7 0 0 0
BinVal : 0 8 0 0 0
BinVal : 0 9 0 0 0
BinVal : 0 10 0 0 0
BinVal : 0 11 0 0 0
BinVal : 0 12 0 0 0
BinVal : 1 0 0 0 0
BinVal : 1 1 0 0 0
BinVal : 1 2 0 0 0
BinVal : 1 3 0 0 0
BinVal : 1 4 0 0 0
BinVal : 1 5 0.5385 0.1247 0.1247
BinVal : 1 6 0.625 0.1477 0.1477
BinVal : 1 7 0.75 0.1382 0.1382
BinVal : 1 8 0.8182 0.1126 0.1126
BinVal : 1 9 0.8182 0.1126 0.1126
BinVal : 1 10 0.8182 0.1126 0.1126
BinVal : 1 11 0.8182 0.1126 0.1126
BinVal : 1 12 0.8182 0.1126 0.1126
BinVal : 2 0 0 0 0
BinVal : 2 1 0 0 0
BinVal : 2 2 0 0 0
BinVal : 2 3 0 0 0
BinVal : 2 4 0.4 0.175 0.175
BinVal : 2 5 0.5 0.1147 0.1147
BinVal : 2 6 0.6111 0.1069 0.1069
BinVal : 2 7 0.6154 0.1225 0.1225
BinVal : 2 8 0.8421 0.08372 0.08372
BinVal : 2 9 0.8421 0.08372 0.08372
BinVal : 2 10 0.8421 0.08372 0.08372
BinVal : 2 11 0.8421 0.08372 0.08372
BinVal : 2 12 1 0.2357 0.2357
BinVal : 3 0 0 0 0
BinVal : 3 1 0 0 0
BinVal : 3 2 0 0 0
BinVal : 3 3 0 0 0
BinVal : 3 4 0.3636 0.13 0.13
BinVal : 3 5 0.6 0.1025 0.1025
BinVal : 3 6 0.6552 0.08458 0.08458
BinVal : 3 7 0.5882 0.1104 0.1104
BinVal : 3 8 0.8 0.07857 0.07857
BinVal : 3 9 0.8 0.1597 0.1597
BinVal : 3 10 0.8 0.1597 0.1597
BinVal : 3 11 0.8 0.1597 0.1597
BinVal : 3 12 1 0.2357 0.2357
BinVal : 4 0 0 0 0
BinVal : 4 1 0 0 0
BinVal : 4 2 0 0 0
BinVal : 4 3 0.2 0.1597 0.1597
BinVal : 4 4 0.3333 0.1126 0.1126
BinVal : 4 5 0.64 0.09126 0.09126
BinVal : 4 6 0.7059 0.07573 0.07573
BinVal : 4 7 0.6531 0.06627 0.06627
BinVal : 4 8 0.8281 0.04712 0.04712
BinVal : 4 9 0.7143 0.1124 0.1124
BinVal : 4 10 0.7143 0.1124 0.1124
BinVal : 4 11 0.7143 0.1124 0.1124
BinVal : 4 12 0.7143 0.1124 0.1124
BinVal : 5 0 0 0 0
BinVal : 5 1 0 0 0
BinVal : 5 2 0 0 0
BinVal : 5 3 0.3333 0.1614 0.1614
BinVal : 5 4 0.4286 0.1203 0.1203
BinVal : 5 5 0.7143 0.08231 0.08231
BinVal : 5 6 0.78 0.05787 0.05787
BinVal : 5 7 0.7436 0.04889 0.04889
BinVal : 5 8 0.8621 0.03219 0.03219
BinVal : 5 9 0.625 0.1118 0.1118
BinVal : 5 10 1 0.1409 0.1409
BinVal : 5 11 1 0.1409 0.1409
BinVal : 5 12 1 0.1409 0.1409
BinVal : 6 0 0 0 0
BinVal : 6 1 0 0 0
BinVal : 6 2 0 0 0
BinVal : 6 3 0.25 0.1782 0.1782
BinVal : 6 4 0.6 0.175 0.175
BinVal : 6 5 0.7857 0.105 0.105
BinVal : 6 6 0.8125 0.06835 0.06835
BinVal : 6 7 0.8293 0.05867 0.05867
BinVal : 6 8 0.8676 0.04153 0.04153
BinVal : 6 9 0.6667 0.1614 0.1614
BinVal : 6 10 1 0.1409 0.1409
BinVal : 6 11 1 0.1409 0.1409
BinVal : 6 12 1 0.1409 0.1409
BinVal : 7 0 0 0 0
BinVal : 7 1 0 0 0
BinVal : 7 2 0 0 0
BinVal : 7 3 0 0 0
BinVal : 7 4 0 0 0
BinVal : 7 5 0 0 0
BinVal : 7 6 0 0 0
BinVal : 7 7 0 0 0
BinVal : 7 8 0 0 0
BinVal : 7 9 0 0 0
BinVal : 7 10 0 0 0
BinVal : 7 11 0 0 0
BinVal : 7 12 0 0 0
BinVal : 8 0 0 0 0
BinVal : 8 1 0 0 0
BinVal : 8 2 0 0 0
BinVal : 8 3 0 0 0
BinVal : 8 4 0 0 0
BinVal : 8 5 0 0 0
BinVal : 8 6 0 0 0
BinVal : 8 7 0 0 0
BinVal : 8 8 0 0 0
BinVal : 8 9 0 0 0
BinVal : 8 10 0 0 0
BinVal : 8 11 0 0 0
BinVal : 8 12 0 0 0
BinVal : 9 0 0 0 0
BinVal : 9 1 0 0 0
BinVal : 9 2 0 0 0
BinVal : 9 3 0.5 0.2236 0.2236
BinVal : 9 4 1 0.1237 0.1237
BinVal : 9 5 0.9259 0.0556 0.0556
BinVal : 9 6 0.8378 0.06068 0.06068
BinVal : 9 7 0.9684 0.02009 0.02009
BinVal : 9 8 0.9788 0.01152 0.01152
BinVal : 9 9 0.96 0.04949 0.04949
BinVal : 9 10 0.875 0.1206 0.1206
BinVal : 9 11 1 0.1936 0.1936
BinVal : 9 12 1 0.2357 0.2357
BinVal : 10 0 0 0 0
BinVal : 10 1 0 0 0
BinVal : 10 2 0 0 0
BinVal : 10 3 1 0.1633 0.1633
BinVal : 10 4 1 0.08299 0.08299
BinVal : 10 5 0.8276 0.06984 0.06984
BinVal : 10 6 0.9286 0.04285 0.04285
BinVal : 10 7 0.9717 0.01809 0.01809
BinVal : 10 8 0.9912 0.007497 0.007497
BinVal : 10 9 0.9756 0.03175 0.03175
BinVal : 10 10 0.8889 0.1113 0.1113
BinVal : 10 11 1 0.1633 0.1633
BinVal : 10 12 1 0.2357 0.2357
BinVal : 11 0 0 0 0
BinVal : 11 1 0 0 0
BinVal : 11 2 0 0 0
BinVal : 11 3 0.6667 0.1614 0.1614
BinVal : 11 4 0.8182 0.1126 0.1126
BinVal : 11 5 0.8462 0.07112 0.07112
BinVal : 11 6 0.9512 0.03841 0.03841
BinVal : 11 7 0.9737 0.01687 0.01687
BinVal : 11 8 0.9749 0.0108 0.0108
BinVal : 11 9 0.9783 0.02855 0.02855
BinVal : 11 10 1 0.09045 0.09045
BinVal : 11 11 1 0.1936 0.1936
BinVal : 11 12 1 0.1936 0.1936
BinVal : 12 0 0 0 0
BinVal : 12 1 0 0 0
BinVal : 12 2 0 0 0
BinVal : 12 3 0.5 0.189 0.189
BinVal : 12 4 0.8333 0.1059 0.1059
BinVal : 12 5 0.9394 0.04666 0.04666
BinVal : 12 6 0.9362 0.03872 0.03872
BinVal : 12 7 0.9817 0.01532 0.01532
BinVal : 12 8 0.9728 0.01073 0.01073
BinVal : 12 9 0.9796 0.02692 0.02692
BinVal : 12 10 1 0.07122 0.07122
BinVal : 12 11 1 0.2357 0.2357
BinVal : 12 12 1 0.2357 0.2357
BinVal : 13 0 0 0 0
BinVal : 13 1 0 0 0
BinVal : 13 2 0 0 0
BinVal : 13 3 0 0 0
BinVal : 13 4 1 0.06236 0.06236
BinVal : 13 5 0.9048 0.04731 0.04731
BinVal : 13 6 0.9273 0.03714 0.03714
BinVal : 13 7 0.967 0.02093 0.02093
BinVal : 13 8 0.9839 0.008837 0.008837
BinVal : 13 9 0.975 0.03248 0.03248
BinVal : 13 10 1 0.07122 0.07122
BinVal : 13 11 1 0.2357 0.2357
BinVal : 13 12 1 0.2357 0.2357
BinVal : 14 0 0 0 0
BinVal : 14 1 0 0 0
BinVal : 14 2 0 0 0
BinVal : 14 3 0 0 0
BinVal : 14 4 0.8 0.1201 0.1201
BinVal : 14 5 0.8611 0.05839 0.05839
BinVal : 14 6 0.8983 0.04048 0.04048
BinVal : 14 7 0.9121 0.03049 0.03049
BinVal : 14 8 0.9787 0.01018 0.01018
BinVal : 14 9 0.925 0.04476 0.04476
BinVal : 14 10 0.875 0.1206 0.1206
BinVal : 14 11 1 0.2357 0.2357
BinVal : 14 12 1 0.1409 0.1409
BinVal : 15 0 0 0 0
BinVal : 15 1 0 0 0
BinVal : 15 2 0 0 0
BinVal : 15 3 1 0.2357 0.2357
BinVal : 15 4 0.4286 0.1571 0.1571
BinVal : 15 5 0.8462 0.07112 0.07112
BinVal : 15 6 0.9167 0.03725 0.03725
BinVal : 15 7 0.9375 0.02588 0.02588
BinVal : 15 8 0.9703 0.01166 0.01166
BinVal : 15 9 0.907 0.04634 0.04634
BinVal : 15 10 0.75 0.1782 0.1782
BinVal : 15 11 1 0.1936 0.1936
BinVal : 15 12 1 0.1102 0.1102
BinVal : 16 0 0 0 0
BinVal : 16 1 0 0 0
BinVal : 16 2 0.2 0.1597 0.1597
BinVal : 16 3 1 0.2357 0.2357
BinVal : 16 4 0.5714 0.1571 0.1571
BinVal : 16 5 0.8621 0.06502 0.06502
BinVal : 16 6 0.9138 0.03841 0.03841
BinVal : 16 7 0.91 0.0293 0.0293
BinVal : 16 8 0.9321 0.01724 0.01724
BinVal : 16 9 0.9143 0.05037 0.05037
BinVal : 16 10 1 0.1633 0.1633
BinVal : 16 11 1 0.1936 0.1936
BinVal : 16 12 1 0.1409 0.1409
BinVal : 17 0 0 0 0
BinVal : 17 1 0 0 0
BinVal : 17 2 0.1667 0.1443 0.1443
BinVal : 17 3 0.5 0.2236 0.2236
BinVal : 17 4 0.8 0.1597 0.1597
BinVal : 17 5 0.8214 0.07184 0.07184
BinVal : 17 6 0.84 0.05197 0.05197
BinVal : 17 7 0.8962 0.0301 0.0301
BinVal : 17 8 0.9187 0.01919 0.01919
BinVal : 17 9 0.9737 0.03404 0.03404
BinVal : 17 10 1 0.1237 0.1237
BinVal : 17 11 1 0.2357 0.2357
BinVal : 17 12 1 0.1633 0.1633
BinVal : 18 0 0 0 0
BinVal : 18 1 0 0 0
BinVal : 18 2 0 0 0
BinVal : 18 3 0.5 0.2236 0.2236
BinVal : 18 4 0.75 0.1782 0.1782
BinVal : 18 5 0.8125 0.09538 0.09538
BinVal : 18 6 0.8837 0.05012 0.05012
BinVal : 18 7 0.9684 0.02009 0.02009
BinVal : 18 8 0.9483 0.0174 0.0174
BinVal : 18 9 0.9643 0.0448 0.0448
BinVal : 18 10 1 0.1409 0.1409
BinVal : 18 11 1 0.2357 0.2357
BinVal : 18 12 1 0.1936 0.1936
BinVal : 19 0 0 0 0
BinVal : 19 1 0 0 0
BinVal : 19 2 0 0 0
BinVal : 19 3 0 0 0
BinVal : 19 4 0.5 0.2236 0.2236
BinVal : 19 5 1 0.1409 0.1409
BinVal : 19 6 0.95 0.05994 0.05994
BinVal : 19 7 0.9773 0.02975 0.02975
BinVal : 19 8 0.9487 0.0269 0.0269
BinVal : 19 9 0.8889 0.1113 0.1113
BinVal : 19 10 1 0.2357 0.2357
BinVal : 19 11 1 0.2357 0.2357
BinVal : 19 12 1 0.2357 0.2357
BinVal : 20 0 0 0 0
BinVal : 20 1 0 0 0
BinVal : 20 2 0 0 0
BinVal : 20 3 0 0 0
BinVal : 20 4 0 0 0
BinVal : 20 5 0 0 0
BinVal : 20 6 0 0 0
BinVal : 20 7 0 0 0
BinVal : 20 8 0 0 0
BinVal : 20 9 0 0 0
BinVal : 20 10 0 0 0
BinVal : 20 11 0 0 0
BinVal : 20 12 0 0 0
BinVal : 21 0 0 0 0
BinVal : 21 1 0 0 0
BinVal : 21 2 0 0 0
BinVal : 21 3 0 0 0
BinVal : 21 4 0 0 0
BinVal : 21 5 0 0 0
BinVal : 21 6 0 0 0
BinVal : 21 7 0 0 0
BinVal : 21 8 0 0 0
BinVal : 21 9 0 0 0
BinVal : 21 10 0 0 0
BinVal : 21 11 0 0 0
BinVal : 21 12 0 0 0
BinVal : 22 0 0 0 0
BinVal : 22 1 0 0 0
BinVal : 22 2 0 0 0
BinVal : 22 3 0.2 0.1597 0.1597
BinVal : 22 4 0.5833 0.1278 0.1278
BinVal : 22 5 0.6667 0.07066 0.07066
BinVal : 22 6 0.8571 0.06693 0.06693
BinVal : 22 7 0.871 0.04312 0.04312
BinVal : 22 8 0.8911 0.03146 0.03146
BinVal : 22 9 1 0.07666 0.07666
BinVal : 22 10 1 0.07666 0.07666
BinVal : 22 11 1 0.07666 0.07666
BinVal : 22 12 1 0.07666 0.07666
BinVal : 23 0 0 0 0
BinVal : 23 1 0 0 0
BinVal : 23 2 0 0 0
BinVal : 23 3 0.2 0.1597 0.1597
BinVal : 23 4 0.2308 0.1106 0.1106
BinVal : 23 5 0.5556 0.07962 0.07962
BinVal : 23 6 0.75 0.07457 0.07457
BinVal : 23 7 0.9 0.04388 0.04388
BinVal : 23 8 0.8727 0.04561 0.04561
BinVal : 23 9 0.6667 0.2 0.2
BinVal : 23 10 0.6667 0.2 0.2
BinVal : 23 11 0.6667 0.2 0.2
BinVal : 23 12 0.6667 0.2 0.2
BinVal : 24 0 0 0 0
BinVal : 24 1 0 0 0
BinVal : 24 2 0 0 0
BinVal : 24 3 0 0 0
BinVal : 24 4 0.1429 0.1315 0.1315
BinVal : 24 5 0.5312 0.08437 0.08437
BinVal : 24 6 0.8065 0.07011 0.07011
BinVal : 24 7 0.9697 0.03869 0.03869
BinVal : 24 8 0.8611 0.05839 0.05839
BinVal : 24 9 0.75 0.1782 0.1782
BinVal : 24 10 0.75 0.1782 0.1782
BinVal : 24 11 0.75 0.1782 0.1782
BinVal : 24 12 0.75 0.1782 0.1782
BinVal : 25 0 0 0 0
BinVal : 25 1 0 0 0
BinVal : 25 2 0 0 0
BinVal : 25 3 0 0 0
BinVal : 25 4 0.6 0.175 0.175
BinVal : 25 5 0.5263 0.1065 0.1065
BinVal : 25 6 0.6296 0.08859 0.08859
BinVal : 25 7 1 0.05255 0.05255
BinVal : 25 8 0.92 0.05939 0.05939
BinVal : 25 9 0.75 0.1782 0.1782
BinVal : 25 10 0.75 0.1782 0.1782
BinVal : 25 11 0.75 0.1782 0.1782
BinVal : 25 12 0.75 0.1782 0.1782
BinVal : 26 0 0 0 0
BinVal : 26 1 0 0 0
BinVal : 26 2 0 0 0
BinVal : 26 3 0 0 0
BinVal : 26 4 0.5714 0.1571 0.1571
BinVal : 26 5 0.7 0.1307 0.1307
BinVal : 26 6 0.4667 0.1176 0.1176
BinVal : 26 7 1 0.1409 0.1409
BinVal : 26 8 0.9167 0.09035 0.09035
BinVal : 26 9 0.6667 0.2 0.2
BinVal : 26 10 0.6667 0.2 0.2
BinVal : 26 11 0.6667 0.2 0.2
BinVal : 26 12 0.6667 0.2 0.2
BinVal : 27 0 0 0 0
BinVal : 27 1 0 0 0
BinVal : 27 2 0 0 0
BinVal : 27 3 0 0 0
BinVal : 27 4 0.25 0.1782 0.1782
BinVal : 27 5 0.6667 0.1614 0.1614
BinVal : 27 6 1 0.2357 0.2357
BinVal : 27 7 1 0.2357 0.2357
BinVal : 27 8 0.8333 0.1443 0.1443
BinVal : 27 9 0.8333 0.1443 0.1443
BinVal : 27 10 0.8333 0.1443 0.1443
BinVal : 27 11 0.8333 0.1443 0.1443
BinVal : 27 12 0.8333 0.1443 0.1443
BinVal : 28 0 0 0 0
BinVal : 28 1 0 0 0
BinVal : 28 2 0 0 0
BinVal : 28 3 0 0 0
BinVal : 28 4 0 0 0
BinVal : 28 5 1 0.2357 0.2357
BinVal : 28 6 1 0.2357 0.2357
BinVal : 28 7 1 0.2357 0.2357
BinVal : 28 8 1 0.2357 0.2357
BinVal : 28 9 1 0.2357 0.2357
BinVal : 28 10 1 0.2357 0.2357
BinVal : 28 11 1 0.2357 0.2357
BinVal : 28 12 1 0.2357 0.2357
