D0NoteID : 0
EffName : SINGLEELE_ALL_v163
EffType : Binned
EffVarNames : DetEta pT
EffVersion : 6
ObjQuality : Point2
ObjType : Electron
ObjVersion : 1
TriggerVersion : v16
TriggerVersionHigh : 16.49
TriggerVersionLow : 16.30
BinEdgesX : -3.2 -2.8 -2.5 -2.3 -2.1 -1.9 -1.7 -1.5 -1.3 -1.1 -0.9 -0.7 -0.5 -0.3 -0.1 0.1 0.3 0.5 0.7 0.9 1.1 1.3 1.5 1.7 1.9 2.1 2.3 2.5 2.8 3.2
BinEdgesY : 0 10 15 20 22 25 30 35 40 50 60 70 80 1000
BinVal : 0 0 0 0 0
BinVal : 0 1 0 0 0
BinVal : 0 2 0 0 0
BinVal : 0 3 0 0 0
BinVal : 0 4 0.125 0.1206 0.1206
BinVal : 0 5 0.7308 0.08389 0.08389
BinVal : 0 6 0.6364 0.09682 0.09682
BinVal : 0 7 0.6364 0.09682 0.09682
BinVal : 0 8 0.9048 0.06875 0.06875
BinVal : 0 9 0.9048 0.06875 0.06875
BinVal : 0 10 0.9048 0.06875 0.06875
BinVal : 0 11 0.9048 0.06875 0.06875
BinVal : 0 12 0.9048 0.06875 0.06875
BinVal : 1 0 0 0 0
BinVal : 1 1 0 0 0
BinVal : 1 2 0 0 0
BinVal : 1 3 0 0 0
BinVal : 1 4 0.3448 0.08458 0.08458
BinVal : 1 5 0.8553 0.04059 0.04059
BinVal : 1 6 0.8624 0.03319 0.03319
BinVal : 1 7 0.8267 0.04367 0.04367
BinVal : 1 8 0.9438 0.02587 0.02587
BinVal : 1 9 1 0.09045 0.09045
BinVal : 1 10 1 0.09045 0.09045
BinVal : 1 11 1 0.09045 0.09045
BinVal : 1 12 1 0.09045 0.09045
BinVal : 2 0 0 0 0
BinVal : 2 1 0 0 0
BinVal : 2 2 0 0 0
BinVal : 2 3 0 0 0
BinVal : 2 4 0.3696 0.06916 0.06916
BinVal : 2 5 0.9151 0.02776 0.02776
BinVal : 2 6 0.927 0.01991 0.01991
BinVal : 2 7 0.9441 0.01997 0.01997
BinVal : 2 8 0.9536 0.01568 0.01568
BinVal : 2 9 0.963 0.04626 0.04626
BinVal : 2 10 1 0.2357 0.2357
BinVal : 2 11 1 0.2357 0.2357
BinVal : 2 12 1 0.2357 0.2357
BinVal : 3 0 0 0 0
BinVal : 3 1 0 0 0
BinVal : 3 2 0 0 0
BinVal : 3 3 0 0 0
BinVal : 3 4 0.4038 0.06625 0.06625
BinVal : 3 5 0.9007 0.02553 0.02553
BinVal : 3 6 0.9415 0.01682 0.01682
BinVal : 3 7 0.9559 0.0141 0.0141
BinVal : 3 8 0.9537 0.01195 0.01195
BinVal : 3 9 0.9783 0.02855 0.02855
BinVal : 3 10 1 0.1633 0.1633
BinVal : 3 11 1 0.2357 0.2357
BinVal : 3 12 1 0.2357 0.2357
BinVal : 4 0 0 0 0
BinVal : 4 1 0 0 0
BinVal : 4 2 0 0 0
BinVal : 4 3 0 0 0
BinVal : 4 4 0.5278 0.05765 0.05765
BinVal : 4 5 0.9121 0.02129 0.02129
BinVal : 4 6 0.948 0.01386 0.01386
BinVal : 4 7 0.9606 0.01101 0.01101
BinVal : 4 8 0.9559 0.008937 0.008937
BinVal : 4 9 0.9859 0.01898 0.01898
BinVal : 4 10 1 0.09938 0.09938
BinVal : 4 11 1 0.1633 0.1633
BinVal : 4 12 1 0.1633 0.1633
BinVal : 5 0 0 0 0
BinVal : 5 1 0 0 0
BinVal : 5 2 0.06667 0.05074 0.05074
BinVal : 5 3 0.2391 0.06186 0.06186
BinVal : 5 4 0.618 0.05072 0.05072
BinVal : 5 5 0.9442 0.01683 0.01683
BinVal : 5 6 0.9699 0.009751 0.009751
BinVal : 5 7 0.9686 0.008185 0.008185
BinVal : 5 8 0.9718 0.005778 0.005778
BinVal : 5 9 0.981 0.01588 0.01588
BinVal : 5 10 1 0.07122 0.07122
BinVal : 5 11 1 0.1237 0.1237
BinVal : 5 12 1 0.1237 0.1237
BinVal : 6 0 0 0 0
BinVal : 6 1 0 0 0
BinVal : 6 2 0.1538 0.1 0.1
BinVal : 6 3 0.44 0.09391 0.09391
BinVal : 6 4 0.6667 0.06839 0.06839
BinVal : 6 5 0.9515 0.02255 0.02255
BinVal : 6 6 0.9887 0.009568 0.009568
BinVal : 6 7 0.9685 0.01077 0.01077
BinVal : 6 8 0.9822 0.006169 0.006169
BinVal : 6 9 0.9836 0.02192 0.02192
BinVal : 6 10 1 0.1102 0.1102
BinVal : 6 11 1 0.1633 0.1633
BinVal : 6 12 1 0.1936 0.1936
BinVal : 7 0 0 0 0
BinVal : 7 1 0 0 0
BinVal : 7 2 0 0 0
BinVal : 7 3 0 0 0
BinVal : 7 4 0 0 0
BinVal : 7 5 0 0 0
BinVal : 7 6 0 0 0
BinVal : 7 7 0 0 0
BinVal : 7 8 0 0 0
BinVal : 7 9 0 0 0
BinVal : 7 10 0 0 0
BinVal : 7 11 0 0 0
BinVal : 7 12 0 0 0
BinVal : 8 0 0 0 0
BinVal : 8 1 0 0 0
BinVal : 8 2 0 0 0
BinVal : 8 3 0 0 0
BinVal : 8 4 0 0 0
BinVal : 8 5 0 0 0
BinVal : 8 6 0 0 0
BinVal : 8 7 0 0 0
BinVal : 8 8 0 0 0
BinVal : 8 9 0 0 0
BinVal : 8 10 0 0 0
BinVal : 8 11 0 0 0
BinVal : 8 12 0 0 0
BinVal : 9 0 0 0 0
BinVal : 9 1 0 0 0
BinVal : 9 2 0.4483 0.08797 0.08797
BinVal : 9 3 0.381 0.09962 0.09962
BinVal : 9 4 0.6522 0.06832 0.06832
BinVal : 9 5 0.9462 0.02069 0.02069
BinVal : 9 6 0.9464 0.01186 0.01186
BinVal : 9 7 0.9678 0.006868 0.006868
BinVal : 9 8 0.9795 0.003698 0.003698
BinVal : 9 9 0.9547 0.01376 0.01376
BinVal : 9 10 1 0.01886 0.01886
BinVal : 9 11 1 0.05546 0.05546
BinVal : 9 12 0.8571 0.1315 0.1315
BinVal : 10 0 0 0 0
BinVal : 10 1 0 0 0
BinVal : 10 2 0.4242 0.08248 0.08248
BinVal : 10 3 0.4667 0.1176 0.1176
BinVal : 10 4 0.619 0.05988 0.05988
BinVal : 10 5 0.977 0.01249 0.01249
BinVal : 10 6 0.9505 0.01098 0.01098
BinVal : 10 7 0.9824 0.00481 0.00481
BinVal : 10 8 0.986 0.002767 0.002767
BinVal : 10 9 0.9739 0.009551 0.009551
BinVal : 10 10 1 0.01639 0.01639
BinVal : 10 11 1 0.04343 0.04343
BinVal : 10 12 1 0.06236 0.06236
BinVal : 11 0 0 0 0
BinVal : 11 1 0 0 0
BinVal : 11 2 0.3333 0.08678 0.08678
BinVal : 11 3 0.4815 0.09123 0.09123
BinVal : 11 4 0.6338 0.05612 0.05612
BinVal : 11 5 0.942 0.016 0.016
BinVal : 11 6 0.9812 0.006943 0.006943
BinVal : 11 7 0.9873 0.004177 0.004177
BinVal : 11 8 0.995 0.001641 0.001641
BinVal : 11 9 0.9834 0.007188 0.007188
BinVal : 11 10 1 0.01515 0.01515
BinVal : 11 11 1 0.03331 0.03331
BinVal : 11 12 1 0.05255 0.05255
BinVal : 12 0 0 0 0
BinVal : 12 1 0 0 0
BinVal : 12 2 0.3103 0.08264 0.08264
BinVal : 12 3 0.5625 0.08393 0.08393
BinVal : 12 4 0.6613 0.05891 0.05891
BinVal : 12 5 0.9372 0.016 0.016
BinVal : 12 6 0.9932 0.00452 0.00452
BinVal : 12 7 0.9888 0.004161 0.004161
BinVal : 12 8 0.9955 0.001567 0.001567
BinVal : 12 9 0.9843 0.0068 0.0068
BinVal : 12 10 1 0.01333 0.01333
BinVal : 12 11 1 0.03701 0.03701
BinVal : 12 12 1 0.05255 0.05255
BinVal : 13 0 0 0 0
BinVal : 13 1 0 0 0
BinVal : 13 2 0.4 0.09286 0.09286
BinVal : 13 3 0.6296 0.08859 0.08859
BinVal : 13 4 0.6667 0.06271 0.06271
BinVal : 13 5 0.9689 0.01136 0.01136
BinVal : 13 6 0.9886 0.005523 0.005523
BinVal : 13 7 0.9877 0.004552 0.004552
BinVal : 13 8 0.9944 0.001746 0.001746
BinVal : 13 9 0.9862 0.006665 0.006665
BinVal : 13 10 1 0.0125 0.0125
BinVal : 13 11 1 0.04163 0.04163
BinVal : 13 12 1 0.05255 0.05255
BinVal : 14 0 0 0 0
BinVal : 14 1 0 0 0
BinVal : 14 2 0.5263 0.1065 0.1065
BinVal : 14 3 0.5 0.0898 0.0898
BinVal : 14 4 0.6515 0.05753 0.05753
BinVal : 14 5 0.959 0.01252 0.01252
BinVal : 14 6 0.9795 0.007097 0.007097
BinVal : 14 7 0.9861 0.004839 0.004839
BinVal : 14 8 0.9946 0.001708 0.001708
BinVal : 14 9 0.9889 0.006143 0.006143
BinVal : 14 10 1 0.01562 0.01562
BinVal : 14 11 1 0.0294 0.0294
BinVal : 14 12 1 0.04756 0.04756
BinVal : 15 0 0 0 0
BinVal : 15 1 0 0 0
BinVal : 15 2 0.5294 0.1116 0.1116
BinVal : 15 3 0.6071 0.08799 0.08799
BinVal : 15 4 0.6575 0.05459 0.05459
BinVal : 15 5 0.9362 0.01626 0.01626
BinVal : 15 6 0.952 0.01094 0.01094
BinVal : 15 7 0.9684 0.006752 0.006752
BinVal : 15 8 0.9895 0.002327 0.002327
BinVal : 15 9 0.986 0.006738 0.006738
BinVal : 15 10 1 0.01666 0.01666
BinVal : 15 11 1 0.0294 0.0294
BinVal : 15 12 1 0.0454 0.0454
BinVal : 16 0 0 0 0
BinVal : 16 1 0 0 0
BinVal : 16 2 0.4231 0.0919 0.0919
BinVal : 16 3 0.6286 0.07867 0.07867
BinVal : 16 4 0.6667 0.05461 0.05461
BinVal : 16 5 0.9317 0.01798 0.01798
BinVal : 16 6 0.9581 0.01015 0.01015
BinVal : 16 7 0.9697 0.006064 0.006064
BinVal : 16 8 0.9877 0.002487 0.002487
BinVal : 16 9 0.9877 0.006775 0.006775
BinVal : 16 10 1 0.01666 0.01666
BinVal : 16 11 1 0.03843 0.03843
BinVal : 16 12 1 0.06236 0.06236
BinVal : 17 0 0 0 0
BinVal : 17 1 0 0 0
BinVal : 17 2 0.4286 0.08037 0.08037
BinVal : 17 3 0.5143 0.08108 0.08108
BinVal : 17 4 0.7119 0.05792 0.05792
BinVal : 17 5 0.9368 0.01808 0.01808
BinVal : 17 6 0.9744 0.007541 0.007541
BinVal : 17 7 0.9799 0.004947 0.004947
BinVal : 17 8 0.9891 0.002362 0.002362
BinVal : 17 9 0.9933 0.005697 0.005697
BinVal : 17 10 1 0.01852 0.01852
BinVal : 17 11 1 0.0454 0.0454
BinVal : 17 12 1 0.07122 0.07122
BinVal : 18 0 0 0 0
BinVal : 18 1 0 0 0
BinVal : 18 2 0.4643 0.0896 0.0896
BinVal : 18 3 0.5652 0.09735 0.09735
BinVal : 18 4 0.7647 0.05855 0.05855
BinVal : 18 5 0.9341 0.0197 0.0197
BinVal : 18 6 0.9652 0.009395 0.009395
BinVal : 18 7 0.9784 0.005482 0.005482
BinVal : 18 8 0.9836 0.003249 0.003249
BinVal : 18 9 0.9964 0.005042 0.005042
BinVal : 18 10 1 0.02631 0.02631
BinVal : 18 11 1 0.06236 0.06236
BinVal : 18 12 1 0.05871 0.05871
BinVal : 19 0 0 0 0
BinVal : 19 1 0 0 0
BinVal : 19 2 0.5 0.1387 0.1387
BinVal : 19 3 0.6667 0.1389 0.1389
BinVal : 19 4 0.8077 0.0762 0.0762
BinVal : 19 5 0.9333 0.03035 0.03035
BinVal : 19 6 0.9539 0.01783 0.01783
BinVal : 19 7 0.9765 0.008643 0.008643
BinVal : 19 8 0.977 0.006245 0.006245
BinVal : 19 9 1 0.007692 0.007692
BinVal : 19 10 1 0.08299 0.08299
BinVal : 19 11 1 0.1102 0.1102
BinVal : 19 12 1 0.09045 0.09045
BinVal : 20 0 0 0 0
BinVal : 20 1 0 0 0
BinVal : 20 2 0 0 0
BinVal : 20 3 0 0 0
BinVal : 20 4 0 0 0
BinVal : 20 5 0 0 0
BinVal : 20 6 0 0 0
BinVal : 20 7 0 0 0
BinVal : 20 8 0 0 0
BinVal : 20 9 0 0 0
BinVal : 20 10 0 0 0
BinVal : 20 11 0 0 0
BinVal : 20 12 0 0 0
BinVal : 21 0 0 0 0
BinVal : 21 1 0 0 0
BinVal : 21 2 0 0 0
BinVal : 21 3 0 0 0
BinVal : 21 4 0 0 0
BinVal : 21 5 0 0 0
BinVal : 21 6 0 0 0
BinVal : 21 7 0 0 0
BinVal : 21 8 0 0 0
BinVal : 21 9 0 0 0
BinVal : 21 10 0 0 0
BinVal : 21 11 0 0 0
BinVal : 21 12 0 0 0
BinVal : 22 0 0 0 0
BinVal : 22 1 0 0 0
BinVal : 22 2 0.2286 0.0696 0.0696
BinVal : 22 3 0.2941 0.07573 0.07573
BinVal : 22 4 0.5375 0.05474 0.05474
BinVal : 22 5 0.9283 0.01703 0.01703
BinVal : 22 6 0.9754 0.008464 0.008464
BinVal : 22 7 0.9697 0.008202 0.008202
BinVal : 22 8 0.9757 0.005223 0.005223
BinVal : 22 9 1 0.008772 0.008772
BinVal : 22 10 1 0.04343 0.04343
BinVal : 22 11 1 0.09938 0.09938
BinVal : 22 12 1 0.1409 0.1409
BinVal : 23 0 0 0 0
BinVal : 23 1 0 0 0
BinVal : 23 2 0 0 0
BinVal : 23 3 0.03125 0.03977 0.03977
BinVal : 23 4 0.411 0.05649 0.05649
BinVal : 23 5 0.9111 0.02151 0.02151
BinVal : 23 6 0.9536 0.01291 0.01291
BinVal : 23 7 0.9535 0.01244 0.01244
BinVal : 23 8 0.9715 0.007206 0.007206
BinVal : 23 9 1 0.01351 0.01351
BinVal : 23 10 1 0.0665 0.0665
BinVal : 23 11 1 0.1102 0.1102
BinVal : 23 12 1 0.2357 0.2357
BinVal : 24 0 0 0 0
BinVal : 24 1 0 0 0
BinVal : 24 2 0 0 0
BinVal : 24 3 0.04348 0.0532 0.0532
BinVal : 24 4 0.3529 0.06526 0.06526
BinVal : 24 5 0.8859 0.02628 0.02628
BinVal : 24 6 0.9417 0.01674 0.01674
BinVal : 24 7 0.967 0.01294 0.01294
BinVal : 24 8 0.9679 0.00985 0.00985
BinVal : 24 9 1 0.02272 0.02272
BinVal : 24 10 1 0.09045 0.09045
BinVal : 24 11 1 0.2357 0.2357
BinVal : 24 12 1 0.2357 0.2357
BinVal : 25 0 0 0 0
BinVal : 25 1 0 0 0
BinVal : 25 2 0.03448 0.04343 0.04343
BinVal : 25 3 0.03448 0.04343 0.04343
BinVal : 25 4 0.1818 0.05786 0.05786
BinVal : 25 5 0.877 0.02998 0.02998
BinVal : 25 6 0.9306 0.01977 0.01977
BinVal : 25 7 0.9728 0.0147 0.0147
BinVal : 25 8 0.9378 0.01645 0.01645
BinVal : 25 9 1 0.0454 0.0454
BinVal : 25 10 1 0.1633 0.1633
BinVal : 25 11 1 0.1633 0.1633
BinVal : 25 12 1 0.1633 0.1633
BinVal : 26 0 0 0 0
BinVal : 26 1 0 0 0
BinVal : 26 2 0.04762 0.05752 0.05752
BinVal : 26 3 0.04762 0.05752 0.05752
BinVal : 26 4 0.1143 0.05546 0.05546
BinVal : 26 5 0.8442 0.04145 0.04145
BinVal : 26 6 0.8932 0.0309 0.0309
BinVal : 26 7 0.9014 0.03631 0.03631
BinVal : 26 8 0.8455 0.03455 0.03455
BinVal : 26 9 1 0.09938 0.09938
BinVal : 26 10 1 0.09938 0.09938
BinVal : 26 11 1 0.09938 0.09938
BinVal : 26 12 1 0.09938 0.09938
BinVal : 27 0 0 0 0
BinVal : 27 1 0 0 0
BinVal : 27 2 0 0 0
BinVal : 27 3 0 0 0
BinVal : 27 4 0 0 0
BinVal : 27 5 0.5484 0.08539 0.08539
BinVal : 27 6 0.8125 0.06835 0.06835
BinVal : 27 7 0.6875 0.1081 0.1081
BinVal : 27 8 0.7188 0.07702 0.07702
BinVal : 27 9 0.7188 0.07702 0.07702
BinVal : 27 10 0.7188 0.07702 0.07702
BinVal : 27 11 0.7188 0.07702 0.07702
BinVal : 27 12 0.7188 0.07702 0.07702
BinVal : 28 0 0 0 0
BinVal : 28 1 0 0 0
BinVal : 28 2 0 0 0
BinVal : 28 3 0 0 0
BinVal : 28 4 0 0 0
BinVal : 28 5 0.2222 0.1286 0.1286
BinVal : 28 6 0.5 0.2236 0.2236
BinVal : 28 7 0.5 0.2236 0.2236
BinVal : 28 8 0.5 0.2236 0.2236
BinVal : 28 9 0.5 0.2236 0.2236
BinVal : 28 10 0.5 0.2236 0.2236
BinVal : 28 11 0.5 0.2236 0.2236
BinVal : 28 12 0.5 0.2236 0.2236
 





