D0NoteID : 0
EffName : SINGLEELE_AND_EJETS_v13
EffType : Binned
EffVarNames : DetEta pT
EffVersion : 6
ObjQuality : Loose_trk
ObjType : Electron
ObjVersion : 2
BinEdgesX : -3.2 -2.8 -2.5 -2.3 -2.1 -1.9 -1.7 -1.5 -1.3 -1.1 -0.9 -0.7 -0.5 -0.3 -0.1 0.1 0.3 0.5 0.7 0.9 1.1 1.3 1.5 1.7 1.9 2.1 2.3 2.5 2.8 3.2
BinEdgesY : 0 10 15 20 22 25 30 35 40 50 60 70 80 1000
BinVal : 0 0 0 0 0
BinVal : 0 1 0 0 0
BinVal : 0 2 0 0 0
BinVal : 0 3 0 0 0
BinVal : 0 4 0 0 0
BinVal : 0 5 0 0 0
BinVal : 0 6 0 0 0
BinVal : 0 7 0 0 0
BinVal : 0 8 0 0 0
BinVal : 0 9 0 0 0
BinVal : 0 10 0 0 0
BinVal : 0 11 0 0 0
BinVal : 0 12 0 0 0
BinVal : 1 0 0 0 0
BinVal : 1 1 0 0 0
BinVal : 1 2 0 0 0
BinVal : 1 3 0.125 0.1206 0.1206
BinVal : 1 4 0.1667 0.1443 0.1443
BinVal : 1 5 0.3913 0.09608 0.09608
BinVal : 1 6 0.5625 0.114 0.114
BinVal : 1 7 0.6364 0.13 0.13
BinVal : 1 8 0.7895 0.09081 0.09081
BinVal : 1 9 1 0.2357 0.2357
BinVal : 1 10 1 0.2357 0.2357
BinVal : 1 11 1 0.2357 0.2357
BinVal : 1 12 1 0.2357 0.2357
BinVal : 2 0 0 0 0
BinVal : 2 1 0 0 0
BinVal : 2 2 0 0 0
BinVal : 2 3 0 0 0
BinVal : 2 4 0.3333 0.1614 0.1614
BinVal : 2 5 0.5 0.1091 0.1091
BinVal : 2 6 0.5455 0.09965 0.09965
BinVal : 2 7 0.6842 0.1005 0.1005
BinVal : 2 8 0.8696 0.0719 0.0719
BinVal : 2 9 0.8696 0.0719 0.0719
BinVal : 2 10 0.8696 0.0719 0.0719
BinVal : 2 11 0.8696 0.0719 0.0719
BinVal : 2 12 1 0.2357 0.2357
BinVal : 3 0 0 0 0
BinVal : 3 1 0 0 0
BinVal : 3 2 0 0 0
BinVal : 3 3 0 0 0
BinVal : 3 4 0.3636 0.13 0.13
BinVal : 3 5 0.5833 0.09508 0.09508
BinVal : 3 6 0.6286 0.07867 0.07867
BinVal : 3 7 0.6667 0.09156 0.09156
BinVal : 3 8 0.8387 0.06615 0.06615
BinVal : 3 9 0.8 0.1597 0.1597
BinVal : 3 10 0.8 0.1597 0.1597
BinVal : 3 11 0.8 0.1597 0.1597
BinVal : 3 12 1 0.2357 0.2357
BinVal : 4 0 0 0 0
BinVal : 4 1 0 0 0
BinVal : 4 2 0 0 0
BinVal : 4 3 0.2 0.1597 0.1597
BinVal : 4 4 0.3125 0.1081 0.1081
BinVal : 4 5 0.6552 0.08458 0.08458
BinVal : 4 6 0.65 0.07307 0.07307
BinVal : 4 7 0.6727 0.0619 0.0619
BinVal : 4 8 0.8267 0.04367 0.04367
BinVal : 4 9 0.7143 0.1124 0.1124
BinVal : 4 10 0.7143 0.1124 0.1124
BinVal : 4 11 0.7143 0.1124 0.1124
BinVal : 4 12 0.7143 0.1124 0.1124
BinVal : 5 0 0 0 0
BinVal : 5 1 0 0 0
BinVal : 5 2 0 0 0
BinVal : 5 3 0.4286 0.1571 0.1571
BinVal : 5 4 0.375 0.1118 0.1118
BinVal : 5 5 0.7143 0.07415 0.07415
BinVal : 5 6 0.7407 0.05866 0.05866
BinVal : 5 7 0.7386 0.04636 0.04636
BinVal : 5 8 0.8527 0.03131 0.03131
BinVal : 5 9 0.6471 0.1079 0.1079
BinVal : 5 10 1 0.1409 0.1409
BinVal : 5 11 1 0.1409 0.1409
BinVal : 5 12 1 0.1409 0.1409
BinVal : 6 0 0 0 0
BinVal : 6 1 0 0 0
BinVal : 6 2 0 0 0
BinVal : 6 3 0.4 0.175 0.175
BinVal : 6 4 0.5 0.1667 0.1667
BinVal : 6 5 0.7368 0.09631 0.09631
BinVal : 6 6 0.7941 0.06835 0.06835
BinVal : 6 7 0.7872 0.05901 0.05901
BinVal : 6 8 0.8649 0.0401 0.0401
BinVal : 6 9 0.7143 0.1491 0.1491
BinVal : 6 10 1 0.1409 0.1409
BinVal : 6 11 1 0.1409 0.1409
BinVal : 6 12 1 0.1409 0.1409
BinVal : 7 0 0 0 0
BinVal : 7 1 0 0 0
BinVal : 7 2 0 0 0
BinVal : 7 3 0 0 0
BinVal : 7 4 0 0 0
BinVal : 7 5 0 0 0
BinVal : 7 6 0 0 0
BinVal : 7 7 0 0 0
BinVal : 7 8 0 0 0
BinVal : 7 9 0 0 0
BinVal : 7 10 0 0 0
BinVal : 7 11 0 0 0
BinVal : 7 12 0 0 0
BinVal : 8 0 0 0 0
BinVal : 8 1 0 0 0
BinVal : 8 2 0 0 0
BinVal : 8 3 0 0 0
BinVal : 8 4 0 0 0
BinVal : 8 5 0 0 0
BinVal : 8 6 0 0 0
BinVal : 8 7 0 0 0
BinVal : 8 8 0 0 0
BinVal : 8 9 0 0 0
BinVal : 8 10 0 0 0
BinVal : 8 11 0 0 0
BinVal : 8 12 0 0 0
BinVal : 9 0 0 0 0
BinVal : 9 1 0 0 0
BinVal : 9 2 0 0 0
BinVal : 9 3 0.5 0.2236 0.2236
BinVal : 9 4 1 0.1237 0.1237
BinVal : 9 5 0.9 0.05757 0.05757
BinVal : 9 6 0.8409 0.05529 0.05529
BinVal : 9 7 0.9615 0.0205 0.0205
BinVal : 9 8 0.9757 0.01158 0.01158
BinVal : 9 9 0.963 0.04626 0.04626
BinVal : 9 10 0.8889 0.1113 0.1113
BinVal : 9 11 1 0.1936 0.1936
BinVal : 9 12 1 0.2357 0.2357
BinVal : 10 0 0 0 0
BinVal : 10 1 0 0 0
BinVal : 10 2 0 0 0
BinVal : 10 3 0.75 0.1782 0.1782
BinVal : 10 4 1 0.08299 0.08299
BinVal : 10 5 0.8182 0.06667 0.06667
BinVal : 10 6 0.92 0.04049 0.04049
BinVal : 10 7 0.9661 0.01817 0.01817
BinVal : 10 8 0.9839 0.008837 0.008837
BinVal : 10 9 0.9556 0.03528 0.03528
BinVal : 10 10 0.9 0.1034 0.1034
BinVal : 10 11 1 0.1633 0.1633
BinVal : 10 12 1 0.2357 0.2357
BinVal : 11 0 0 0 0
BinVal : 11 1 0 0 0
BinVal : 11 2 0 0 0
BinVal : 11 3 0.5714 0.1571 0.1571
BinVal : 11 4 0.75 0.1166 0.1166
BinVal : 11 5 0.8519 0.06897 0.06897
BinVal : 11 6 0.9574 0.0339 0.0339
BinVal : 11 7 0.9597 0.0189 0.0189
BinVal : 11 8 0.9732 0.01057 0.01057
BinVal : 11 9 0.9583 0.03325 0.03325
BinVal : 11 10 1 0.08299 0.08299
BinVal : 11 11 1 0.1633 0.1633
BinVal : 11 12 1 0.1633 0.1633
BinVal : 12 0 0 0 0
BinVal : 12 1 0 0 0
BinVal : 12 2 0 0 0
BinVal : 12 3 0.5 0.189 0.189
BinVal : 12 4 0.7692 0.1106 0.1106
BinVal : 12 5 0.9394 0.04666 0.04666
BinVal : 12 6 0.92 0.04049 0.04049
BinVal : 12 7 0.9748 0.01619 0.01619
BinVal : 12 8 0.9714 0.01045 0.01045
BinVal : 12 9 0.9804 0.02593 0.02593
BinVal : 12 10 1 0.05546 0.05546
BinVal : 12 11 1 0.1936 0.1936
BinVal : 12 12 1 0.2357 0.2357
BinVal : 13 0 0 0 0
BinVal : 13 1 0 0 0
BinVal : 13 2 0 0 0
BinVal : 13 3 0 0 0
BinVal : 13 4 1 0.05871 0.05871
BinVal : 13 5 0.9111 0.0445 0.0445
BinVal : 13 6 0.8947 0.04175 0.04175
BinVal : 13 7 0.9615 0.0205 0.0205
BinVal : 13 8 0.9822 0.008548 0.008548
BinVal : 13 9 0.9778 0.02913 0.02913
BinVal : 13 10 1 0.05871 0.05871
BinVal : 13 11 1 0.2357 0.2357
BinVal : 13 12 0.6667 0.2 0.2
BinVal : 14 0 0 0 0
BinVal : 14 1 0 0 0
BinVal : 14 2 0 0 0
BinVal : 14 3 0 0 0
BinVal : 14 4 0.75 0.1166 0.1166
BinVal : 14 5 0.85 0.05683 0.05683
BinVal : 14 6 0.875 0.04193 0.04193
BinVal : 14 7 0.9143 0.02801 0.02801
BinVal : 14 8 0.9745 0.01008 0.01008
BinVal : 14 9 0.9091 0.0454 0.0454
BinVal : 14 10 0.8889 0.1113 0.1113
BinVal : 14 11 1 0.2357 0.2357
BinVal : 14 12 0.8 0.1597 0.1597
BinVal : 15 0 0 0 0
BinVal : 15 1 0 0 0
BinVal : 15 2 0 0 0
BinVal : 15 3 1 0.2357 0.2357
BinVal : 15 4 0.375 0.1477 0.1477
BinVal : 15 5 0.8276 0.06984 0.06984
BinVal : 15 6 0.8806 0.04025 0.04025
BinVal : 15 7 0.9429 0.02379 0.02379
BinVal : 15 8 0.9586 0.01261 0.01261
BinVal : 15 9 0.8723 0.04949 0.04949
BinVal : 15 10 0.8 0.1597 0.1597
BinVal : 15 11 1 0.1936 0.1936
BinVal : 15 12 1 0.1102 0.1102
BinVal : 16 0 0 0 0
BinVal : 16 1 0 0 0
BinVal : 16 2 0.2 0.1597 0.1597
BinVal : 16 3 1 0.2357 0.2357
BinVal : 16 4 0.5714 0.1571 0.1571
BinVal : 16 5 0.875 0.05986 0.05986
BinVal : 16 6 0.8636 0.04264 0.04264
BinVal : 16 7 0.8889 0.03064 0.03064
BinVal : 16 8 0.9218 0.01746 0.01746
BinVal : 16 9 0.9 0.04939 0.04939
BinVal : 16 10 1 0.1633 0.1633
BinVal : 16 11 1 0.1936 0.1936
BinVal : 16 12 1 0.1409 0.1409
BinVal : 17 0 0 0 0
BinVal : 17 1 0 0 0
BinVal : 17 2 0.1667 0.1443 0.1443
BinVal : 17 3 0.5 0.2236 0.2236
BinVal : 17 4 0.8 0.1597 0.1597
BinVal : 17 5 0.8 0.07196 0.07196
BinVal : 17 6 0.8103 0.05121 0.05121
BinVal : 17 7 0.8607 0.03151 0.03151
BinVal : 17 8 0.9079 0.01935 0.01935
BinVal : 17 9 0.975 0.03248 0.03248
BinVal : 17 10 1 0.1102 0.1102
BinVal : 17 11 1 0.2357 0.2357
BinVal : 17 12 1 0.1633 0.1633
BinVal : 18 0 0 0 0
BinVal : 18 1 0 0 0
BinVal : 18 2 0 0 0
BinVal : 18 3 0.5 0.2236 0.2236
BinVal : 18 4 0.6667 0.1614 0.1614
BinVal : 18 5 0.7895 0.09081 0.09081
BinVal : 18 6 0.8696 0.05042 0.05042
BinVal : 18 7 0.9266 0.02579 0.02579
BinVal : 18 8 0.9316 0.01872 0.01872
BinVal : 18 9 0.9655 0.04343 0.04343
BinVal : 18 10 1 0.1237 0.1237
BinVal : 18 11 1 0.2357 0.2357
BinVal : 18 12 1 0.1936 0.1936
BinVal : 19 0 0 0 0
BinVal : 19 1 0 0 0
BinVal : 19 2 0 0 0
BinVal : 19 3 0 0 0
BinVal : 19 4 0.5 0.189 0.189
BinVal : 19 5 1 0.1102 0.1102
BinVal : 19 6 0.95 0.05994 0.05994
BinVal : 19 7 0.9388 0.03728 0.03728
BinVal : 19 8 0.9286 0.02932 0.02932
BinVal : 19 9 0.9 0.1034 0.1034
BinVal : 19 10 1 0.2357 0.2357
BinVal : 19 11 1 0.2357 0.2357
BinVal : 19 12 1 0.2357 0.2357
BinVal : 20 0 0 0 0
BinVal : 20 1 0 0 0
BinVal : 20 2 0 0 0
BinVal : 20 3 0 0 0
BinVal : 20 4 0 0 0
BinVal : 20 5 0 0 0
BinVal : 20 6 0 0 0
BinVal : 20 7 0 0 0
BinVal : 20 8 0 0 0
BinVal : 20 9 0 0 0
BinVal : 20 10 0 0 0
BinVal : 20 11 0 0 0
BinVal : 20 12 0 0 0
BinVal : 21 0 0 0 0
BinVal : 21 1 0 0 0
BinVal : 21 2 0 0 0
BinVal : 21 3 0 0 0
BinVal : 21 4 0 0 0
BinVal : 21 5 0 0 0
BinVal : 21 6 0 0 0
BinVal : 21 7 0 0 0
BinVal : 21 8 0 0 0
BinVal : 21 9 0 0 0
BinVal : 21 10 0 0 0
BinVal : 21 11 0 0 0
BinVal : 21 12 0 0 0
BinVal : 22 0 0 0 0
BinVal : 22 1 0 0 0
BinVal : 22 2 0 0 0
BinVal : 22 3 0.1429 0.1315 0.1315
BinVal : 22 4 0.5833 0.1278 0.1278
BinVal : 22 5 0.6383 0.06818 0.06818
BinVal : 22 6 0.8065 0.07011 0.07011
BinVal : 22 7 0.8676 0.04153 0.04153
BinVal : 22 8 0.885 0.03036 0.03036
BinVal : 22 9 1 0.07122 0.07122
BinVal : 22 10 1 0.07122 0.07122
BinVal : 22 11 1 0.07122 0.07122
BinVal : 22 12 1 0.2357 0.2357
BinVal : 23 0 0 0 0
BinVal : 23 1 0 0 0
BinVal : 23 2 0 0 0
BinVal : 23 3 0.1667 0.1443 0.1443
BinVal : 23 4 0.2308 0.1106 0.1106
BinVal : 23 5 0.4878 0.07536 0.07536
BinVal : 23 6 0.7429 0.07204 0.07204
BinVal : 23 7 0.8889 0.0438 0.0438
BinVal : 23 8 0.8615 0.04321 0.04321
BinVal : 23 9 0.5 0.189 0.189
BinVal : 23 10 0.5 0.189 0.189
BinVal : 23 11 0.5 0.189 0.189
BinVal : 23 12 1 0.2357 0.2357
BinVal : 24 0 0 0 0
BinVal : 24 1 0 0 0
BinVal : 24 2 0 0 0
BinVal : 24 3 0 0 0
BinVal : 24 4 0.1111 0.1113 0.1113
BinVal : 24 5 0.5135 0.07903 0.07903
BinVal : 24 6 0.8235 0.06506 0.06506
BinVal : 24 7 0.975 0.03248 0.03248
BinVal : 24 8 0.8913 0.04725 0.04725
BinVal : 24 9 0.6 0.175 0.175
BinVal : 24 10 0.6 0.175 0.175
BinVal : 24 11 0.6 0.175 0.175
BinVal : 24 12 0.6 0.175 0.175
BinVal : 25 0 0 0 0
BinVal : 25 1 0 0 0
BinVal : 25 2 0 0 0
BinVal : 25 3 0 0 0
BinVal : 25 4 0.375 0.1477 0.1477
BinVal : 25 5 0.52 0.09443 0.09443
BinVal : 25 6 0.6552 0.08458 0.08458
BinVal : 25 7 1 0.03997 0.03997
BinVal : 25 8 0.9394 0.04666 0.04666
BinVal : 25 9 0.75 0.1782 0.1782
BinVal : 25 10 0.75 0.1782 0.1782
BinVal : 25 11 0.75 0.1782 0.1782
BinVal : 25 12 0.75 0.1782 0.1782
BinVal : 26 0 0 0 0
BinVal : 26 1 0 0 0
BinVal : 26 2 0 0 0
BinVal : 26 3 0 0 0
BinVal : 26 4 0.4 0.1367 0.1367
BinVal : 26 5 0.5333 0.1176 0.1176
BinVal : 26 6 0.5 0.1 0.1
BinVal : 26 7 1 0.09938 0.09938
BinVal : 26 8 0.9375 0.0721 0.0721
BinVal : 26 9 0.6667 0.2 0.2
BinVal : 26 10 0.6667 0.2 0.2
BinVal : 26 11 0.6667 0.2 0.2
BinVal : 26 12 0.6667 0.2 0.2
BinVal : 27 0 0 0 0
BinVal : 27 1 0 0 0
BinVal : 27 2 0 0 0
BinVal : 27 3 0 0 0
BinVal : 27 4 0.125 0.1206 0.1206
BinVal : 27 5 0.5556 0.1437 0.1437
BinVal : 27 6 0.6 0.1367 0.1367
BinVal : 27 7 1 0.1633 0.1633
BinVal : 27 8 0.9 0.1034 0.1034
BinVal : 27 9 0.9 0.1034 0.1034
BinVal : 27 10 0.9 0.1034 0.1034
BinVal : 27 11 0.9 0.1034 0.1034
BinVal : 27 12 0.9 0.1034 0.1034
BinVal : 28 0 0 0 0
BinVal : 28 1 0 0 0
BinVal : 28 2 0 0 0
BinVal : 28 3 0 0 0
BinVal : 28 4 0 0 0
BinVal : 28 5 1 0.1936 0.1936
BinVal : 28 6 0.5 0.2236 0.2236
BinVal : 28 7 0.5 0.2236 0.2236
BinVal : 28 8 1 0.2357 0.2357
BinVal : 28 9 1 0.2357 0.2357
BinVal : 28 10 1 0.2357 0.2357
BinVal : 28 11 1 0.2357 0.2357
BinVal : 28 12 1 0.2357 0.2357
