#FR parameterization for Run2b34
FR_par0: 0.19697 0.17307 0.18449 0.18078 0.15953 0.20105 0.22406 0.22591 0.1832 0.30535
FR_par1: -0.012378 -0.0059649 -0.0065381 -0.0077233 -0.0060777 -0.0081829 -0.010081 -0.0098254 -0.00708 -0.020414
FR_par2: 0.00037917 0.00011829 0.00011253 0.00018267 0.0001186 0.00014728 0.0002079 0.00020165 0.0001581 0.00059311
FR_par3: -4.802e-06 -6.9017e-07 -4.253e-07 -1.7617e-06 -7.9813e-07 -7.9662e-07 -1.5432e-06 -1.4459e-06 -1.2421e-06 -7.4122e-06
FR_par4: 2.2955e-08 3.9632e-10 -1.5279e-09 6.102e-09 1.5697e-09 1.7007e-10 3.138e-09 2.5684e-09 2.8016e-09 3.4901e-08

# #values for error propogation in Run2b34
FR_C00: 0.000221 2.7609e-05 2.0917e-05 2.2766e-05 2.5674e-05 2.6035e-05 2.2471e-05 2.0435e-05 3.2815e-05 0.00033909
FR_C01: -9.8489e-06 -1.2071e-06 -9.0829e-07 -9.7785e-07 -1.0998e-06 -1.1095e-06 -9.6343e-07 -8.8524e-07 -1.4315e-06 -1.4923e-05
FR_C02: 6.7879e-08 8.6987e-09 6.3823e-09 6.7717e-09 7.4369e-09 7.5025e-09 6.75e-09 6.2977e-09 1.0385e-08 9.6714e-08
FR_C03: 1.1604e-09 1.1929e-10 9.2232e-11 9.7934e-11 1.156e-10 1.1509e-10 9.3898e-11 8.6701e-11 1.3818e-10 1.8539e-09
FR_C04: -1.0615e-11 -1.1095e-12 -8.4181e-13 -8.8334e-13 -1.0304e-12 -1.0248e-12 -8.5366e-13 -7.9712e-13 -1.2903e-12 -1.6214e-11

FR_C11: 5.398e-07 6.4476e-08 4.8311e-08 5.1689e-08 5.8114e-08 5.8414e-08 5.0686e-08 4.6907e-08 7.6341e-08 8.1084e-07
FR_C12: -6.6263e-09 -7.747e-10 -5.7865e-10 -6.1533e-10 -6.9241e-10 -6.9374e-10 -6.0168e-10 -5.5887e-10 -9.1392e-10 -9.7556e-09
FR_C13: -2.608e-11 -2.5844e-12 -1.961e-12 -2.1332e-12 -2.4773e-12 -2.4674e-12 -1.9931e-12 -1.8696e-12 -3.0585e-12 -4.2608e-11
FR_C14: 5.236e-13 5.3674e-14 4.0318e-14 4.3333e-14 4.9661e-14 4.9343e-14 4.0917e-14 3.8346e-14 6.3169e-14 8.0127e-13

FR_C22: 1.93e-10 2.0659e-11 1.5704e-11 1.6608e-11 1.9155e-11 1.9039e-11 1.6001e-11 1.4837e-11 2.4013e-11 2.9169e-10
FR_C23: -1.8706e-12 -1.8111e-13 -1.4087e-13 -1.4591e-13 -1.7458e-13 -1.7207e-13 -1.3958e-13 -1.2947e-13 -2.0578e-13 -2.9081e-12
FR_C24: 4.2439e-15 3.4192e-16 2.8278e-16 2.6598e-16 3.576e-16 3.4764e-16 2.6278e-16 2.431e-16 3.5967e-16 6.8183e-15

FR_C33: 5.9061e-14 5.4527e-15 4.2237e-15 4.4284e-15 5.2936e-15 5.2038e-15 4.1578e-15 3.8766e-15 6.2273e-15 9.2712e-14
FR_C34: -4.1673e-16 -3.668e-17 -2.8409e-17 -3.0015e-17 -3.594e-17 -3.5195e-17 -2.7718e-17 -2.593e-17 -4.191e-17 -6.5875e-16

FR_C44: 3.8601e-18 3.2503e-19 2.5148e-19 2.6998e-19 3.2121e-19 3.133e-19 2.4353e-19 2.2866e-19 3.731e-19 6.205e-18

#Tight Track Match Efficiency for Run2b34 
EFF_par0: 3.5241 -0.54493 2.1424 2.3602 0.22303 1.1938 2.207 1.0043 -3.3867 -2.2234
EFF_par1: -0.26512 0.10673 -0.11994 -0.14752 0.051481 -0.037385 -0.1305 -0.026118 0.35024 0.18194
EFF_par2: 0.0081214 -0.0032905 0.0038265 0.0049351 -0.0017942 0.0011353 0.0043224 0.0009937 -0.010818 -0.003685
EFF_par3: -0.00010109 4.705e-05 -5.103e-05 -7.0126e-05 2.6382e-05 -1.4532e-05 -6.14e-05 -1.4022e-05 0.00014677 2.0534e-05
EFF_par4: 4.3472e-07 -2.51e-07 2.4449e-07 3.6081e-07 -1.3538e-07 6.8107e-08 3.1877e-07 6.813e-08 -7.3198e-07 6.4191e-08

#new errors
EFF_C00: 0.018893 0.0006147 0.00036424 0.00035227 0.00037776 0.00040375 0.00034619 0.00034499 0.00081473 0.036248
EFF_C01: -0.00062883 -1.741e-05 -1.0239e-05 -1.0027e-05 -1.1032e-05 -1.1944e-05 -9.9932e-06 -9.9829e-06 -2.3244e-05 -0.0011445
EFF_C02: 1.683e-07 -4.9498e-08 -3.0015e-08 -2.7125e-08 -2.4324e-08 -2.4569e-08 -2.5426e-08 -2.5053e-08 -7.8132e-08 -1.9237e-06
EFF_C03: 1.0229e-07 1.9916e-09 1.1e-09 1.1557e-09 1.3106e-09 1.4497e-09 1.189e-09 1.2267e-09 2.5852e-09 1.5909e-07
EFF_C04: -3.1385e-10 1.5612e-11 1.0966e-11 8.671e-12 8.4267e-12 8.4686e-12 8.1912e-12 7.1072e-12 2.9003e-11 6.9454e-10

EFF_C11: 3.2622e-05 8.3707e-07 4.9138e-07 4.8385e-07 5.3847e-07 5.8929e-07 4.8582e-07 4.8513e-07 1.1282e-06 5.8669e-05
EFF_C12: -3.5495e-07 -8.1075e-09 -4.7097e-09 -4.7017e-09 -5.3037e-09 -5.92e-09 -4.7478e-09 -4.7608e-09 -1.0918e-08 -6.1038e-07
EFF_C13: -3.3767e-09 -8.1928e-11 -4.7665e-11 -4.754e-11 -5.3054e-11 -5.8619e-11 -4.8353e-11 -4.8505e-11 -1.1263e-10 -6.2566e-09
EFF_C14: 4.8519e-11 9.7715e-13 5.4626e-13 5.6715e-13 6.4123e-13 7.3759e-13 5.7728e-13 5.9112e-13 1.3012e-12 8.0994e-11

EFF_C22: 1.5614e-08 4.0183e-10 2.3347e-10 2.3137e-10 2.551e-10 2.832e-10 2.3352e-10 2.342e-10 5.6708e-10 2.9994e-08
EFF_C23: -1.7984e-10 -3.8813e-12 -2.1706e-12 -2.2392e-12 -2.4736e-12 -2.7683e-12 -2.2901e-12 -2.3462e-12 -5.3771e-12 -3.1167e-10
EFF_C24: 3.0212e-13 -7.5174e-15 -6.1032e-15 -4.2595e-15 -4.652e-15 -4.7482e-15 -4.0891e-15 -3.0225e-15 -1.6287e-14 -4.2783e-13

EFF_C33: 7.6464e-12 1.8703e-13 1.0758e-13 1.0783e-13 1.1882e-13 1.3347e-13 1.0998e-13 1.1087e-13 2.7138e-13 1.514e-11
EFF_C34: -6.7112e-14 -1.7925e-15 -1.0479e-15 -1.0322e-15 -1.1377e-15 -1.2845e-15 -1.0535e-15 -1.0508e-15 -2.7106e-15 -1.49e-13

EFF_C44: 8.3321e-16 2.7715e-17 1.6899e-17 1.5974e-17 1.768e-17 1.9767e-17 1.6365e-17 1.5868e-17 4.4903e-17 2.3555e-15
