EffMethod : Ratio
EffName : TrigEff
EffType : Binned
EffVarNames : deteta pt
EffVersion : 1
ObjQuality : SC5JET_9_PV1_10
ObjRelativeTo : goodJet_CJT(2,5)_ncu_JET(0,5)_6
ObjType : Jet
TriggerVersion : v13.0
BinEdgesX : -5 -3.2 -1.5 -0.8 0.8 1.5 3.2 5
BinEdgesY : 0 1 2 3 4 5 6 7 8 9 10 11 12 13 14 15 16 17 18 19 20 21 22 23 24 25 26 27 28 29 30 31 32 33 34 35 36 37 38 39 40 41 42 43 44 45 46 47 48 49 50 51 52 53 54 55 56 57 58 59 60 65 70 75 80 85 90 95 100 105 110 115 120 2000
BinVal : 0 0 0 0 0
BinVal : 0 1 0 0 0
BinVal : 0 2 0 0 0
BinVal : 0 3 0 0 0
BinVal : 0 4 0 0 0
BinVal : 0 5 0 0 0
BinVal : 0 6 0 0 0
BinVal : 0 7 0 0 0
BinVal : 0 8 0 0 0
BinVal : 0 9 0 0 0
BinVal : 0 10 0 0 0
BinVal : 0 11 0 0 0
BinVal : 0 12 0 0 0
BinVal : 0 13 0 0 0
BinVal : 0 14 0 0 0
BinVal : 0 15 0 0 0
BinVal : 0 16 0 0 0
BinVal : 0 17 0 0 0
BinVal : 0 18 0 0 0
BinVal : 0 19 0 0 0
BinVal : 0 20 0 0 0
BinVal : 0 21 0 0 0
BinVal : 0 22 0 0 0
BinVal : 0 23 0 0 0
BinVal : 0 24 0 0 0
BinVal : 0 25 0 0 0
BinVal : 0 26 0 0 0
BinVal : 0 27 0 0 0
BinVal : 0 28 0 0 0
BinVal : 0 29 0 0 0
BinVal : 0 30 0 0 0
BinVal : 0 31 0 0 0
BinVal : 0 32 0 0 0
BinVal : 0 33 0 0 0
BinVal : 0 34 0 0 0
BinVal : 0 35 0 0 0
BinVal : 0 36 0 0 0
BinVal : 0 37 0 0 0
BinVal : 0 38 0 0 0
BinVal : 0 39 0 0 0
BinVal : 0 40 0 0 0
BinVal : 0 41 0 0 0
BinVal : 0 42 0 0 0
BinVal : 0 43 0 0 0
BinVal : 0 44 0 0 0
BinVal : 0 45 0 0 0
BinVal : 0 46 0 0 0
BinVal : 0 47 0 0 0
BinVal : 0 48 0 0 0
BinVal : 0 49 0 0 0
BinVal : 0 50 0 0 0
BinVal : 0 51 0 0 0
BinVal : 0 52 0 0 0
BinVal : 0 53 0 0 0
BinVal : 0 54 0 0 0
BinVal : 0 55 0 0 0
BinVal : 0 56 0 0 0
BinVal : 0 57 0 0 0
BinVal : 0 58 0 0 0
BinVal : 0 59 0 0 0
BinVal : 0 60 0 0 0
BinVal : 0 61 0 0 0
BinVal : 0 62 0 0 0
BinVal : 0 63 0 0 0
BinVal : 0 64 0 0 0
BinVal : 0 65 0 0 0
BinVal : 0 66 0 0 0
BinVal : 0 67 0 0 0
BinVal : 0 68 0 0 0
BinVal : 0 69 0 0 0
BinVal : 0 70 0 0 0
BinVal : 0 71 0 0 0
BinVal : 0 72 0 0 0
BinVal : 1 0 0 0 0
BinVal : 1 1 0 0 0
BinVal : 1 2 0 0 0
BinVal : 1 3 0 0 0
BinVal : 1 4 0 0 0
BinVal : 1 5 0 0 0
BinVal : 1 6 0 0 0
BinVal : 1 7 0 0 0
BinVal : 1 8 0 0 0
BinVal : 1 9 0 0 0
BinVal : 1 10 0 0 0
BinVal : 1 11 0 0 0
BinVal : 1 12 0 0 0
BinVal : 1 13 0 0 0
BinVal : 1 14 0 0 0
BinVal : 1 15 1 0.159077 0.159077
BinVal : 1 16 0.8 0.178885 0.178885
BinVal : 1 17 0.875 0.0826797 0.0826797
BinVal : 1 18 0.861111 0.0576384 0.0576384
BinVal : 1 19 0.825397 0.0478285 0.0478285
BinVal : 1 20 0.880435 0.0338265 0.0338265
BinVal : 1 21 0.835938 0.0327331 0.0327331
BinVal : 1 22 0.871166 0.0262405 0.0262405
BinVal : 1 23 0.888889 0.0197971 0.0197971
BinVal : 1 24 0.914384 0.0163739 0.0163739
BinVal : 1 25 0.911932 0.015105 0.015105
BinVal : 1 26 0.907104 0.0151735 0.0151735
BinVal : 1 27 0.928412 0.0121938 0.0121938
BinVal : 1 28 0.908163 0.0130464 0.0130464
BinVal : 1 29 0.916239 0.0114537 0.0114537
BinVal : 1 30 0.892027 0.0126488 0.0126488
BinVal : 1 31 0.922345 0.0106541 0.0106541
BinVal : 1 32 0.932836 0.00967017 0.00967017
BinVal : 1 33 0.937962 0.00927104 0.00927104
BinVal : 1 34 0.920705 0.010354 0.010354
BinVal : 1 35 0.924863 0.00974337 0.00974337
BinVal : 1 36 0.93804 0.00915136 0.00915136
BinVal : 1 37 0.926829 0.0101676 0.0101676
BinVal : 1 38 0.930876 0.00994194 0.00994194
BinVal : 1 39 0.95 0.0084835 0.0084835
BinVal : 1 40 0.939394 0.00952902 0.00952902
BinVal : 1 41 0.934921 0.0098274 0.0098274
BinVal : 1 42 0.950172 0.00901939 0.00901939
BinVal : 1 43 0.946755 0.0091584 0.0091584
BinVal : 1 44 0.95977 0.00860048 0.00860048
BinVal : 1 45 0.938931 0.0104607 0.0104607
BinVal : 1 46 0.945996 0.0097537 0.0097537
BinVal : 1 47 0.97075 0.00720487 0.00720487
BinVal : 1 48 0.958763 0.00902878 0.00902878
BinVal : 1 49 0.954751 0.00988639 0.00988639
BinVal : 1 50 0.976562 0.0077204 0.0077204
BinVal : 1 51 0.959288 0.00996878 0.00996878
BinVal : 1 52 0.964103 0.00942022 0.00942022
BinVal : 1 53 0.950617 0.0107662 0.0107662
BinVal : 1 54 0.964809 0.00997831 0.00997831
BinVal : 1 55 0.979532 0.00765653 0.00765653
BinVal : 1 56 0.968051 0.00994042 0.00994042
BinVal : 1 57 0.952663 0.0115508 0.0115508
BinVal : 1 58 0.974265 0.00960105 0.00960105
BinVal : 1 59 0.968872 0.0108329 0.0108329
BinVal : 1 60 0.968153 0.00529674 0.00529674
BinVal : 1 61 0.960494 0.00684443 0.00684443
BinVal : 1 62 0.977883 0.00584526 0.00584526
BinVal : 1 63 0.985646 0.00581781 0.00581781
BinVal : 1 64 0.967105 0.0102297 0.0102297
BinVal : 1 65 0.991489 0.00599227 0.00599227
BinVal : 1 66 0.981707 0.0104642 0.0104642
BinVal : 1 67 0.992308 0.00766266 0.00766266
BinVal : 1 68 0.97619 0.0166342 0.0166342
BinVal : 1 69 0.986667 0.0132441 0.0132441
BinVal : 1 70 0.982143 0.017697 0.017697
BinVal : 1 71 0.97619 0.0235244 0.0235244
BinVal : 1 72 1 0.0042367 0.0042367
BinVal : 2 0 0 0 0
BinVal : 2 1 0 0 0
BinVal : 2 2 0 0 0
BinVal : 2 3 0 0 0
BinVal : 2 4 0 0 0
BinVal : 2 5 0 0 0
BinVal : 2 6 0 0 0
BinVal : 2 7 0 0 0
BinVal : 2 8 0 0 0
BinVal : 2 9 0 0 0
BinVal : 2 10 0 0 0
BinVal : 2 11 0 0 0
BinVal : 2 12 0 0 0
BinVal : 2 13 0 0 0
BinVal : 2 14 0 0 0
BinVal : 2 15 0 0 0
BinVal : 2 16 0 0 0
BinVal : 2 17 1 0.218486 0.218486
BinVal : 2 18 0.833333 0.152145 0.152145
BinVal : 2 19 0.833333 0.107583 0.107583
BinVal : 2 20 0.9 0.067082 0.067082
BinVal : 2 21 0.807692 0.077292 0.077292
BinVal : 2 22 0.815789 0.0628861 0.0628861
BinVal : 2 23 0.952381 0.0268303 0.0268303
BinVal : 2 24 0.908046 0.0309799 0.0309799
BinVal : 2 25 0.894737 0.0314865 0.0314865
BinVal : 2 26 0.840708 0.0344255 0.0344255
BinVal : 2 27 0.915493 0.0233416 0.0233416
BinVal : 2 28 0.879518 0.0252656 0.0252656
BinVal : 2 29 0.91954 0.0206205 0.0206205
BinVal : 2 30 0.925234 0.0179793 0.0179793
BinVal : 2 31 0.922705 0.0185618 0.0185618
BinVal : 2 32 0.916667 0.0174106 0.0174106
BinVal : 2 33 0.919861 0.0160267 0.0160267
BinVal : 2 34 0.90228 0.016947 0.016947
BinVal : 2 35 0.913462 0.0159174 0.0159174
BinVal : 2 36 0.928803 0.014629 0.014629
BinVal : 2 37 0.92381 0.0149481 0.0149481
BinVal : 2 38 0.924138 0.0155483 0.0155483
BinVal : 2 39 0.91875 0.0152734 0.0152734
BinVal : 2 40 0.949367 0.0123336 0.0123336
BinVal : 2 41 0.942771 0.012748 0.012748
BinVal : 2 42 0.926154 0.0145065 0.0145065
BinVal : 2 43 0.950292 0.0117524 0.0117524
BinVal : 2 44 0.929448 0.0141827 0.0141827
BinVal : 2 45 0.959627 0.010969 0.010969
BinVal : 2 46 0.946203 0.012692 0.012692
BinVal : 2 47 0.942675 0.0131186 0.0131186
BinVal : 2 48 0.942857 0.0138715 0.0138715
BinVal : 2 49 0.939189 0.0138906 0.0138906
BinVal : 2 50 0.948718 0.0124875 0.0124875
BinVal : 2 51 0.95941 0.0119875 0.0119875
BinVal : 2 52 0.932584 0.0153451 0.0153451
BinVal : 2 53 0.930909 0.0152932 0.0152932
BinVal : 2 54 0.948052 0.0146014 0.0146014
BinVal : 2 55 0.964706 0.0115552 0.0115552
BinVal : 2 56 0.966418 0.0110045 0.0110045
BinVal : 2 57 0.978541 0.00949333 0.00949333
BinVal : 2 58 0.965385 0.011337 0.011337
BinVal : 2 59 0.985294 0.00842778 0.00842778
BinVal : 2 60 0.975659 0.0049077 0.0049077
BinVal : 2 61 0.967941 0.00618572 0.00618572
BinVal : 2 62 0.981967 0.00538784 0.00538784
BinVal : 2 63 0.975881 0.00660817 0.00660817
BinVal : 2 64 0.970944 0.0082649 0.0082649
BinVal : 2 65 0.976119 0.00834164 0.00834164
BinVal : 2 66 0.978873 0.00853337 0.00853337
BinVal : 2 67 0.987179 0.00735433 0.00735433
BinVal : 2 68 0.982857 0.00981223 0.00981223
BinVal : 2 69 0.993939 0.00604221 0.00604221
BinVal : 2 70 0.977099 0.0130695 0.0130695
BinVal : 2 71 0.979592 0.0142827 0.0142827
BinVal : 2 72 0.993392 0.00380246 0.00380246
BinVal : 3 0 0 0 0
BinVal : 3 1 0 0 0
BinVal : 3 2 0 0 0
BinVal : 3 3 0 0 0
BinVal : 3 4 0 0 0
BinVal : 3 5 0 0 0
BinVal : 3 6 0 0 0
BinVal : 3 7 0 0 0
BinVal : 3 8 0 0 0
BinVal : 3 9 0 0 0
BinVal : 3 10 0 0 0
BinVal : 3 11 0 0 0
BinVal : 3 12 0 0 0
BinVal : 3 13 0 0 0
BinVal : 3 14 0 0 0
BinVal : 3 15 0.666667 0.272166 0.272166
BinVal : 3 16 0.882353 0.0781425 0.0781425
BinVal : 3 17 0.821429 0.0723789 0.0723789
BinVal : 3 18 0.894118 0.0333733 0.0333733
BinVal : 3 19 0.877049 0.0297302 0.0297302
BinVal : 3 20 0.858586 0.0247631 0.0247631
BinVal : 3 21 0.901734 0.016003 0.016003
BinVal : 3 22 0.861751 0.0165683 0.0165683
BinVal : 3 23 0.873016 0.0139828 0.0139828
BinVal : 3 24 0.89295 0.011171 0.011171
BinVal : 3 25 0.875566 0.0111017 0.0111017
BinVal : 3 26 0.89608 0.00921339 0.00921339
BinVal : 3 27 0.88204 0.00889845 0.00889845
BinVal : 3 28 0.898936 0.0077721 0.0077721
BinVal : 3 29 0.910072 0.00700467 0.00700467
BinVal : 3 30 0.908683 0.00681808 0.00681808
BinVal : 3 31 0.913508 0.00649495 0.00649495
BinVal : 3 32 0.918548 0.006059 0.006059
BinVal : 3 33 0.91627 0.00604137 0.00604137
BinVal : 3 34 0.930986 0.00549225 0.00549225
BinVal : 3 35 0.930662 0.00539024 0.00539024
BinVal : 3 36 0.925046 0.00562932 0.00562932
BinVal : 3 37 0.943925 0.00497331 0.00497331
BinVal : 3 38 0.934711 0.0053539 0.0053539
BinVal : 3 39 0.946446 0.00496757 0.00496757
BinVal : 3 40 0.936231 0.00531052 0.00531052
BinVal : 3 41 0.94058 0.00519613 0.00519613
BinVal : 3 42 0.954774 0.0046582 0.0046582
BinVal : 3 43 0.9535 0.00475982 0.00475982
BinVal : 3 44 0.965571 0.0041643 0.0041643
BinVal : 3 45 0.961067 0.00446722 0.00446722
BinVal : 3 46 0.967429 0.00424335 0.00424335
BinVal : 3 47 0.965476 0.00445426 0.00445426
BinVal : 3 48 0.969406 0.00421796 0.00421796
BinVal : 3 49 0.969435 0.00443713 0.00443713
BinVal : 3 50 0.968341 0.00459333 0.00459333
BinVal : 3 51 0.973464 0.00424726 0.00424726
BinVal : 3 52 0.974055 0.00432826 0.00432826
BinVal : 3 53 0.973684 0.0045904 0.0045904
BinVal : 3 54 0.978671 0.0041381 0.0041381
BinVal : 3 55 0.977901 0.00446091 0.00446091
BinVal : 3 56 0.977127 0.00452195 0.00452195
BinVal : 3 57 0.976722 0.00469605 0.00469605
BinVal : 3 58 0.983246 0.00415325 0.00415325
BinVal : 3 59 0.972364 0.00524447 0.00524447
BinVal : 3 60 0.983672 0.00200858 0.00200858
BinVal : 3 61 0.981144 0.00243157 0.00243157
BinVal : 3 62 0.982744 0.00263952 0.00263952
BinVal : 3 63 0.98702 0.00257915 0.00257915
BinVal : 3 64 0.992734 0.00218266 0.00218266
BinVal : 3 65 0.994128 0.00221306 0.00221306
BinVal : 3 66 0.982906 0.00423682 0.00423682
BinVal : 3 67 0.988873 0.00391189 0.00391189
BinVal : 3 68 0.987826 0.00457321 0.00457321
BinVal : 3 69 0.975225 0.00737676 0.00737676
BinVal : 3 70 0.976923 0.00760303 0.00760303
BinVal : 3 71 0.99375 0.00440559 0.00440559
BinVal : 3 72 0.99223 0.00214675 0.00214675
BinVal : 4 0 0 0 0
BinVal : 4 1 0 0 0
BinVal : 4 2 0 0 0
BinVal : 4 3 0 0 0
BinVal : 4 4 0 0 0
BinVal : 4 5 0 0 0
BinVal : 4 6 0 0 0
BinVal : 4 7 0 0 0
BinVal : 4 8 0 0 0
BinVal : 4 9 0 0 0
BinVal : 4 10 0 0 0
BinVal : 4 11 0 0 0
BinVal : 4 12 0 0 0
BinVal : 4 13 0 0 0
BinVal : 4 14 0 0 0
BinVal : 4 15 1 0.218486 0.218486
BinVal : 4 16 1 0.218486 0.218486
BinVal : 4 17 0.5 0.353553 0.353553
BinVal : 4 18 1 0.0668855 0.0668855
BinVal : 4 19 0.833333 0.152145 0.152145
BinVal : 4 20 0.904762 0.0640564 0.0640564
BinVal : 4 21 0.742857 0.0738764 0.0738764
BinVal : 4 22 0.818182 0.052007 0.052007
BinVal : 4 23 0.888889 0.0349189 0.0349189
BinVal : 4 24 0.909091 0.0353863 0.0353863
BinVal : 4 25 0.869048 0.0368077 0.0368077
BinVal : 4 26 0.946903 0.0210936 0.0210936
BinVal : 4 27 0.916129 0.0222648 0.0222648
BinVal : 4 28 0.942675 0.0185525 0.0185525
BinVal : 4 29 0.883495 0.0223532 0.0223532
BinVal : 4 30 0.910256 0.0186842 0.0186842
BinVal : 4 31 0.922179 0.0167105 0.0167105
BinVal : 4 32 0.870504 0.0201369 0.0201369
BinVal : 4 33 0.907063 0.0177026 0.0177026
BinVal : 4 34 0.941379 0.0137946 0.0137946
BinVal : 4 35 0.910299 0.0164705 0.0164705
BinVal : 4 36 0.90429 0.0169009 0.0169009
BinVal : 4 37 0.921922 0.0147024 0.0147024
BinVal : 4 38 0.926761 0.0138274 0.0138274
BinVal : 4 39 0.919571 0.0140814 0.0140814
BinVal : 4 40 0.96319 0.0104287 0.0104287
BinVal : 4 41 0.940054 0.0123914 0.0123914
BinVal : 4 42 0.945402 0.0121788 0.0121788
BinVal : 4 43 0.935583 0.0135967 0.0135967
BinVal : 4 44 0.928367 0.013804 0.013804
BinVal : 4 45 0.964809 0.00997831 0.00997831
BinVal : 4 46 0.964809 0.00997831 0.00997831
BinVal : 4 47 0.966867 0.00982295 0.00982295
BinVal : 4 48 0.942363 0.0125111 0.0125111
BinVal : 4 49 0.95114 0.0123035 0.0123035
BinVal : 4 50 0.95283 0.0118885 0.0118885
BinVal : 4 51 0.960265 0.0112403 0.0112403
BinVal : 4 52 0.968254 0.00987834 0.00987834
BinVal : 4 53 0.969492 0.0100132 0.0100132
BinVal : 4 54 0.96281 0.012164 0.012164
BinVal : 4 55 0.955285 0.0131773 0.0131773
BinVal : 4 56 0.979079 0.00925755 0.00925755
BinVal : 4 57 0.961207 0.0126777 0.0126777
BinVal : 4 58 0.985437 0.00834657 0.00834657
BinVal : 4 59 0.969543 0.0122431 0.0122431
BinVal : 4 60 0.968411 0.00549535 0.00549535
BinVal : 4 61 0.982739 0.0044182 0.0044182
BinVal : 4 62 0.97741 0.00576655 0.00576655
BinVal : 4 63 0.984791 0.00533619 0.00533619
BinVal : 4 64 0.985981 0.00568285 0.00568285
BinVal : 4 65 0.991643 0.00480445 0.00480445
BinVal : 4 66 0.981061 0.00838936 0.00838936
BinVal : 4 67 0.995283 0.00470584 0.00470584
BinVal : 4 68 0.979381 0.0102024 0.0102024
BinVal : 4 69 0.992701 0.00727258 0.00727258
BinVal : 4 70 0.991228 0.00873337 0.00873337
BinVal : 4 71 1 0.00560045 0.00560045
BinVal : 4 72 0.983834 0.00606069 0.00606069
BinVal : 5 0 0 0 0
BinVal : 5 1 0 0 0
BinVal : 5 2 0 0 0
BinVal : 5 3 0 0 0
BinVal : 5 4 0 0 0
BinVal : 5 5 0 0 0
BinVal : 5 6 0 0 0
BinVal : 5 7 0 0 0
BinVal : 5 8 0 0 0
BinVal : 5 9 0 0 0
BinVal : 5 10 0 0 0
BinVal : 5 11 0 0 0
BinVal : 5 12 0 0 0
BinVal : 5 13 0 0 0
BinVal : 5 14 0 0 0
BinVal : 5 15 0 0 0
BinVal : 5 16 0.857143 0.13226 0.13226
BinVal : 5 17 1 0.0326734 0.0326734
BinVal : 5 18 0.894737 0.0704059 0.0704059
BinVal : 5 19 0.893617 0.0449741 0.0449741
BinVal : 5 20 0.931507 0.0295635 0.0295635
BinVal : 5 21 0.9 0.0286039 0.0286039
BinVal : 5 22 0.877698 0.0277896 0.0277896
BinVal : 5 23 0.91 0.0202361 0.0202361
BinVal : 5 24 0.92549 0.0164446 0.0164446
BinVal : 5 25 0.940594 0.0135798 0.0135798
BinVal : 5 26 0.921965 0.0144199 0.0144199
BinVal : 5 27 0.929825 0.0127881 0.0127881
BinVal : 5 28 0.903704 0.0146585 0.0146585
BinVal : 5 29 0.91828 0.0127036 0.0127036
BinVal : 5 30 0.927644 0.0111592 0.0111592
BinVal : 5 31 0.916248 0.0113375 0.0113375
BinVal : 5 32 0.9168 0.0110474 0.0110474
BinVal : 5 33 0.929674 0.0105898 0.0105898
BinVal : 5 34 0.922039 0.0103813 0.0103813
BinVal : 5 35 0.936728 0.00956365 0.00956365
BinVal : 5 36 0.937135 0.00928066 0.00928066
BinVal : 5 37 0.944046 0.00870555 0.00870555
BinVal : 5 38 0.9375 0.00933772 0.00933772
BinVal : 5 39 0.942053 0.00950681 0.00950681
BinVal : 5 40 0.940184 0.00928734 0.00928734
BinVal : 5 41 0.945578 0.00935506 0.00935506
BinVal : 5 42 0.931389 0.0104695 0.0104695
BinVal : 5 43 0.959364 0.00829926 0.00829926
BinVal : 5 44 0.936953 0.0101712 0.0101712
BinVal : 5 45 0.957317 0.00911323 0.00911323
BinVal : 5 46 0.947686 0.00998763 0.00998763
BinVal : 5 47 0.970588 0.00774416 0.00774416
BinVal : 5 48 0.958678 0.00904703 0.00904703
BinVal : 5 49 0.961145 0.00873901 0.00873901
BinVal : 5 50 0.957303 0.00958388 0.00958388
BinVal : 5 51 0.968338 0.00899425 0.00899425
BinVal : 5 52 0.949735 0.0112379 0.0112379
BinVal : 5 53 0.96748 0.0092339 0.0092339
BinVal : 5 54 0.961194 0.0105519 0.0105519
BinVal : 5 55 0.962848 0.0105237 0.0105237
BinVal : 5 56 0.974074 0.00967122 0.00967122
BinVal : 5 57 0.938776 0.013982 0.013982
BinVal : 5 58 0.986885 0.00651424 0.00651424
BinVal : 5 59 0.964844 0.0115109 0.0115109
BinVal : 5 60 0.974237 0.00489387 0.00489387
BinVal : 5 61 0.97909 0.00501817 0.00501817
BinVal : 5 62 0.986486 0.00474536 0.00474536
BinVal : 5 63 0.973626 0.00751234 0.00751234
BinVal : 5 64 0.990385 0.00552469 0.00552469
BinVal : 5 65 0.96371 0.0118752 0.0118752
BinVal : 5 66 0.974619 0.0112056 0.0112056
BinVal : 5 67 0.990654 0.00930202 0.00930202
BinVal : 5 68 0.990566 0.00938936 0.00938936
BinVal : 5 69 1 0.00679159 0.00679159
BinVal : 5 70 0.981132 0.0186891 0.0186891
BinVal : 5 71 0.980392 0.0194147 0.0194147
BinVal : 5 72 1 0.00351191 0.00351191
BinVal : 6 0 0 0 0
BinVal : 6 1 0 0 0
BinVal : 6 2 0 0 0
BinVal : 6 3 0 0 0
BinVal : 6 4 0 0 0
BinVal : 6 5 0 0 0
BinVal : 6 6 0 0 0
BinVal : 6 7 0 0 0
BinVal : 6 8 0 0 0
BinVal : 6 9 0 0 0
BinVal : 6 10 0 0 0
BinVal : 6 11 0 0 0
BinVal : 6 12 0 0 0
BinVal : 6 13 0 0 0
BinVal : 6 14 0 0 0
BinVal : 6 15 0 0 0
BinVal : 6 16 0 0 0
BinVal : 6 17 0 0 0
BinVal : 6 18 0 0 0
BinVal : 6 19 0 0 0
BinVal : 6 20 0 0 0
BinVal : 6 21 0 0 0
BinVal : 6 22 0 0 0
BinVal : 6 23 0 0 0
BinVal : 6 24 0 0 0
BinVal : 6 25 0 0 0
BinVal : 6 26 0 0 0
BinVal : 6 27 0 0 0
BinVal : 6 28 0 0 0
BinVal : 6 29 0 0 0
BinVal : 6 30 0 0 0
BinVal : 6 31 0 0 0
BinVal : 6 32 0 0 0
BinVal : 6 33 0 0 0
BinVal : 6 34 0 0 0
BinVal : 6 35 0 0 0
BinVal : 6 36 0 0 0
BinVal : 6 37 0 0 0
BinVal : 6 38 0 0 0
BinVal : 6 39 0 0 0
BinVal : 6 40 0 0 0
BinVal : 6 41 0 0 0
BinVal : 6 42 0 0 0
BinVal : 6 43 0 0 0
BinVal : 6 44 0 0 0
BinVal : 6 45 0 0 0
BinVal : 6 46 0 0 0
BinVal : 6 47 0 0 0
BinVal : 6 48 0 0 0
BinVal : 6 49 0 0 0
BinVal : 6 50 0 0 0
BinVal : 6 51 0 0 0
BinVal : 6 52 0 0 0
BinVal : 6 53 0 0 0
BinVal : 6 54 0 0 0
BinVal : 6 55 0 0 0
BinVal : 6 56 0 0 0
BinVal : 6 57 0 0 0
BinVal : 6 58 0 0 0
BinVal : 6 59 0 0 0
BinVal : 6 60 0 0 0
BinVal : 6 61 0 0 0
BinVal : 6 62 0 0 0
BinVal : 6 63 0 0 0
BinVal : 6 64 0 0 0
BinVal : 6 65 0 0 0
BinVal : 6 66 0 0 0
BinVal : 6 67 0 0 0
BinVal : 6 68 0 0 0
BinVal : 6 69 0 0 0
BinVal : 6 70 0 0 0
BinVal : 6 71 0 0 0
BinVal : 6 72 0 0 0


EffMethod : Ratio
EffName : TrigEff
EffType : Binned
EffVarNames : deteta pt
EffVersion : 1
ObjQuality : SC5JET_9_PV1_10
ObjRelativeTo : goodJet_CJT(2,5)_ncu_JET(0,5)_6
ObjType : Jet
TriggerVersion : v13.3
BinEdgesX : -5 -3.2 -1.5 -0.8 0.8 1.5 3.2 5
BinEdgesY : 0 1 2 3 4 5 6 7 8 9 10 11 12 13 14 15 16 17 18 19 20 21 22 23 24 25 26 27 28 29 30 31 32 33 34 35 36 37 38 39 40 41 42 43 44 45 46 47 48 49 50 51 52 53 54 55 56 57 58 59 60 65 70 75 80 85 90 95 100 105 110 115 120 2000
BinVal : 0 0 0 0 0
BinVal : 0 1 0 0 0
BinVal : 0 2 0 0 0
BinVal : 0 3 0 0 0
BinVal : 0 4 0 0 0
BinVal : 0 5 0 0 0
BinVal : 0 6 0 0 0
BinVal : 0 7 0 0 0
BinVal : 0 8 0 0 0
BinVal : 0 9 0 0 0
BinVal : 0 10 0 0 0
BinVal : 0 11 0 0 0
BinVal : 0 12 0 0 0
BinVal : 0 13 0 0 0
BinVal : 0 14 0 0 0
BinVal : 0 15 0 0 0
BinVal : 0 16 0 0 0
BinVal : 0 17 0 0 0
BinVal : 0 18 0 0 0
BinVal : 0 19 0 0 0
BinVal : 0 20 0 0 0
BinVal : 0 21 0 0 0
BinVal : 0 22 0 0 0
BinVal : 0 23 0 0 0
BinVal : 0 24 0 0 0
BinVal : 0 25 0 0 0
BinVal : 0 26 0 0 0
BinVal : 0 27 0 0 0
BinVal : 0 28 0 0 0
BinVal : 0 29 0 0 0
BinVal : 0 30 0 0 0
BinVal : 0 31 0 0 0
BinVal : 0 32 0 0 0
BinVal : 0 33 0 0 0
BinVal : 0 34 0 0 0
BinVal : 0 35 0 0 0
BinVal : 0 36 0 0 0
BinVal : 0 37 0 0 0
BinVal : 0 38 0 0 0
BinVal : 0 39 0 0 0
BinVal : 0 40 0 0 0
BinVal : 0 41 0 0 0
BinVal : 0 42 0 0 0
BinVal : 0 43 0 0 0
BinVal : 0 44 0 0 0
BinVal : 0 45 0 0 0
BinVal : 0 46 0 0 0
BinVal : 0 47 0 0 0
BinVal : 0 48 0 0 0
BinVal : 0 49 0 0 0
BinVal : 0 50 0 0 0
BinVal : 0 51 0 0 0
BinVal : 0 52 0 0 0
BinVal : 0 53 0 0 0
BinVal : 0 54 0 0 0
BinVal : 0 55 0 0 0
BinVal : 0 56 0 0 0
BinVal : 0 57 0 0 0
BinVal : 0 58 0 0 0
BinVal : 0 59 0 0 0
BinVal : 0 60 0 0 0
BinVal : 0 61 0 0 0
BinVal : 0 62 0 0 0
BinVal : 0 63 0 0 0
BinVal : 0 64 0 0 0
BinVal : 0 65 0 0 0
BinVal : 0 66 0 0 0
BinVal : 0 67 0 0 0
BinVal : 0 68 0 0 0
BinVal : 0 69 0 0 0
BinVal : 0 70 0 0 0
BinVal : 0 71 0 0 0
BinVal : 0 72 0 0 0
BinVal : 1 0 0 0 0
BinVal : 1 1 0 0 0
BinVal : 1 2 0 0 0
BinVal : 1 3 0 0 0
BinVal : 1 4 0 0 0
BinVal : 1 5 0 0 0
BinVal : 1 6 0 0 0
BinVal : 1 7 0 0 0
BinVal : 1 8 0 0 0
BinVal : 1 9 0 0 0
BinVal : 1 10 0 0 0
BinVal : 1 11 0 0 0
BinVal : 1 12 0 0 0
BinVal : 1 13 0 0 0
BinVal : 1 14 0 0 0
BinVal : 1 15 0 0 0
BinVal : 1 16 1 0.124824 0.124824
BinVal : 1 17 0.571429 0.187044 0.187044
BinVal : 1 18 0.882353 0.0781425 0.0781425
BinVal : 1 19 0.954545 0.0444095 0.0444095
BinVal : 1 20 0.939394 0.041536 0.041536
BinVal : 1 21 0.886364 0.0478452 0.0478452
BinVal : 1 22 0.924528 0.0362839 0.0362839
BinVal : 1 23 0.955357 0.0195142 0.0195142
BinVal : 1 24 0.989362 0.0105816 0.0105816
BinVal : 1 25 0.942623 0.0210551 0.0210551
BinVal : 1 26 0.934783 0.0210183 0.0210183
BinVal : 1 27 0.946667 0.0183465 0.0183465
BinVal : 1 28 0.954545 0.0148032 0.0148032
BinVal : 1 29 0.94686 0.0155908 0.0155908
BinVal : 1 30 0.933628 0.0165586 0.0165586
BinVal : 1 31 0.956938 0.0140416 0.0140416
BinVal : 1 32 0.954545 0.01339 0.01339
BinVal : 1 33 0.934498 0.0163493 0.0163493
BinVal : 1 34 0.95283 0.0145604 0.0145604
BinVal : 1 35 0.940367 0.0160385 0.0160385
BinVal : 1 36 0.976852 0.0102316 0.0102316
BinVal : 1 37 0.976096 0.00964158 0.00964158
BinVal : 1 38 0.959184 0.0141332 0.0141332
BinVal : 1 39 0.964286 0.0123994 0.0123994
BinVal : 1 40 0.984456 0.00890433 0.00890433
BinVal : 1 41 0.986726 0.0076129 0.0076129
BinVal : 1 42 0.986301 0.00785455 0.00785455
BinVal : 1 43 1 0.0033679 0.0033679
BinVal : 1 44 0.975155 0.0122671 0.0122671
BinVal : 1 45 0.981132 0.0107901 0.0107901
BinVal : 1 46 0.988235 0.00826982 0.00826982
BinVal : 1 47 0.988636 0.00798952 0.00798952
BinVal : 1 48 0.982558 0.00998186 0.00998186
BinVal : 1 49 0.992806 0.00716832 0.00716832
BinVal : 1 50 0.992481 0.00749048 0.00749048
BinVal : 1 51 1 0.00405741 0.00405741
BinVal : 1 52 1 0.00501394 0.00501394
BinVal : 1 53 0.990566 0.00938936 0.00938936
BinVal : 1 54 1 0.0057683 0.0057683
BinVal : 1 55 0.989899 0.0100499 0.0100499
BinVal : 1 56 0.988889 0.0110492 0.0110492
BinVal : 1 57 0.987179 0.0127381 0.0127381
BinVal : 1 58 0.987952 0.0119754 0.0119754
BinVal : 1 59 1 0.00791502 0.00791502
BinVal : 1 60 1 0.00182009 0.00182009
BinVal : 1 61 0.995595 0.00439557 0.00439557
BinVal : 1 62 1 0.00304651 0.00304651
BinVal : 1 63 1 0.00400114 0.00400114
BinVal : 1 64 1 0.00641298 0.00641298
BinVal : 1 65 1 0.00731039 0.00731039
BinVal : 1 66 1 0.0111375 0.0111375
BinVal : 1 67 1 0.0138164 0.0138164
BinVal : 1 68 1 0.0194201 0.0194201
BinVal : 1 69 1 0.0368657 0.0368657
BinVal : 1 70 1 0.0368657 0.0368657
BinVal : 1 71 1 0.0599198 0.0599198
BinVal : 1 72 1 0.018786 0.018786
BinVal : 2 0 0 0 0
BinVal : 2 1 0 0 0
BinVal : 2 2 0 0 0
BinVal : 2 3 0 0 0
BinVal : 2 4 0 0 0
BinVal : 2 5 0 0 0
BinVal : 2 6 0 0 0
BinVal : 2 7 0 0 0
BinVal : 2 8 0 0 0
BinVal : 2 9 0 0 0
BinVal : 2 10 0 0 0
BinVal : 2 11 0 0 0
BinVal : 2 12 0 0 0
BinVal : 2 13 0 0 0
BinVal : 2 14 0 0 0
BinVal : 2 15 0 0 0
BinVal : 2 16 1 0.218486 0.218486
BinVal : 2 17 0 0 0
BinVal : 2 18 1 0.218486 0.218486
BinVal : 2 19 1 0.124824 0.124824
BinVal : 2 20 0.8 0.178885 0.178885
BinVal : 2 21 1 0.0668855 0.0668855
BinVal : 2 22 0.928571 0.0688303 0.0688303
BinVal : 2 23 0.863636 0.073165 0.073165
BinVal : 2 24 0.914286 0.0473188 0.0473188
BinVal : 2 25 0.964286 0.0350707 0.0350707
BinVal : 2 26 0.861111 0.0576384 0.0576384
BinVal : 2 27 0.98 0.019799 0.019799
BinVal : 2 28 0.960784 0.0271805 0.0271805
BinVal : 2 29 0.913793 0.0368537 0.0368537
BinVal : 2 30 0.938462 0.0298075 0.0298075
BinVal : 2 31 0.891892 0.0360969 0.0360969
BinVal : 2 32 0.964706 0.0200142 0.0200142
BinVal : 2 33 0.966667 0.0189215 0.0189215
BinVal : 2 34 0.972603 0.0191056 0.0191056
BinVal : 2 35 0.961905 0.0186813 0.0186813
BinVal : 2 36 0.966292 0.0191304 0.0191304
BinVal : 2 37 0.975904 0.0168322 0.0168322
BinVal : 2 38 0.957447 0.020819 0.020819
BinVal : 2 39 0.96 0.0195959 0.0195959
BinVal : 2 40 0.956989 0.0210378 0.0210378
BinVal : 2 41 0.963855 0.0204875 0.0204875
BinVal : 2 42 0.98 0.014 0.014
BinVal : 2 43 0.990099 0.00985185 0.00985185
BinVal : 2 44 0.980583 0.0135963 0.0135963
BinVal : 2 45 0.971698 0.0161072 0.0161072
BinVal : 2 46 1 0.00679159 0.00679159
BinVal : 2 47 0.963964 0.0176904 0.0176904
BinVal : 2 48 0.98913 0.0108103 0.0108103
BinVal : 2 49 0.990385 0.00956905 0.00956905
BinVal : 2 50 0.971429 0.0199123 0.0199123
BinVal : 2 51 0.957143 0.0242076 0.0242076
BinVal : 2 52 1 0.00671244 0.00671244
BinVal : 2 53 0.966667 0.0231741 0.0231741
BinVal : 2 54 0.986111 0.0137921 0.0137921
BinVal : 2 55 0.95082 0.0276873 0.0276873
BinVal : 2 56 1 0.00862837 0.00862837
BinVal : 2 57 1 0.00825644 0.00825644
BinVal : 2 58 1 0.0074048 0.0074048
BinVal : 2 59 0.979592 0.0201988 0.0201988
BinVal : 2 60 0.988235 0.00675228 0.00675228
BinVal : 2 61 0.995238 0.00475055 0.00475055
BinVal : 2 62 1 0.00338697 0.00338697
BinVal : 2 63 1 0.00374079 0.00374079
BinVal : 2 64 0.990654 0.00930202 0.00930202
BinVal : 2 65 1 0.00601053 0.00601053
BinVal : 2 66 1 0.00903559 0.00903559
BinVal : 2 67 1 0.0126033 0.0126033
BinVal : 2 68 1 0.0134912 0.0134912
BinVal : 2 69 1 0.0171075 0.0171075
BinVal : 2 70 1 0.0157046 0.0157046
BinVal : 2 71 1 0.0542655 0.0542655
BinVal : 2 72 1 0.0048852 0.0048852
BinVal : 3 0 0 0 0
BinVal : 3 1 0 0 0
BinVal : 3 2 0 0 0
BinVal : 3 3 0 0 0
BinVal : 3 4 0 0 0
BinVal : 3 5 0 0 0
BinVal : 3 6 0 0 0
BinVal : 3 7 0 0 0
BinVal : 3 8 0 0 0
BinVal : 3 9 0 0 0
BinVal : 3 10 0 0 0
BinVal : 3 11 0 0 0
BinVal : 3 12 0 0 0
BinVal : 3 13 0 0 0
BinVal : 3 14 0 0 0
BinVal : 3 15 1 0.159077 0.159077
BinVal : 3 16 0.75 0.216506 0.216506
BinVal : 3 17 0.875 0.0826797 0.0826797
BinVal : 3 18 0.944444 0.0381769 0.0381769
BinVal : 3 19 0.894737 0.0497845 0.0497845
BinVal : 3 20 0.926471 0.0316513 0.0316513
BinVal : 3 21 0.93617 0.025213 0.025213
BinVal : 3 22 0.924138 0.0219886 0.0219886
BinVal : 3 23 0.896175 0.0225487 0.0225487
BinVal : 3 24 0.899563 0.019863 0.019863
BinVal : 3 25 0.916667 0.0156472 0.0156472
BinVal : 3 26 0.924119 0.0137853 0.0137853
BinVal : 3 27 0.921397 0.012575 0.012575
BinVal : 3 28 0.952772 0.00961235 0.00961235
BinVal : 3 29 0.929293 0.0115214 0.0115214
BinVal : 3 30 0.939394 0.010074 0.010074
BinVal : 3 31 0.926217 0.0103578 0.0103578
BinVal : 3 32 0.95748 0.00800706 0.00800706
BinVal : 3 33 0.944089 0.00918261 0.00918261
BinVal : 3 34 0.941761 0.00882652 0.00882652
BinVal : 3 35 0.962349 0.007387 0.007387
BinVal : 3 36 0.953632 0.00826698 0.00826698
BinVal : 3 37 0.959124 0.00756529 0.00756529
BinVal : 3 38 0.964809 0.00705573 0.00705573
BinVal : 3 39 0.974436 0.0061204 0.0061204
BinVal : 3 40 0.975042 0.0063633 0.0063633
BinVal : 3 41 0.974003 0.00662445 0.00662445
BinVal : 3 42 0.987076 0.00453973 0.00453973
BinVal : 3 43 0.967794 0.00708459 0.00708459
BinVal : 3 44 0.973357 0.00678693 0.00678693
BinVal : 3 45 0.987611 0.00465365 0.00465365
BinVal : 3 46 0.982 0.00594575 0.00594575
BinVal : 3 47 0.993548 0.00371281 0.00371281
BinVal : 3 48 0.979296 0.00647903 0.00647903
BinVal : 3 49 0.985232 0.00554038 0.00554038
BinVal : 3 50 0.990408 0.0047731 0.0047731
BinVal : 3 51 0.987952 0.00535556 0.00535556
BinVal : 3 52 0.997214 0.00278163 0.00278163
BinVal : 3 53 0.985507 0.00643422 0.00643422
BinVal : 3 54 1 0.00174284 0.00174284
BinVal : 3 55 1 0.00167704 0.00167704
BinVal : 3 56 0.985294 0.00652813 0.00652813
BinVal : 3 57 0.990415 0.00550713 0.00550713
BinVal : 3 58 0.98227 0.00785871 0.00785871
BinVal : 3 59 0.992453 0.00531648 0.00531648
BinVal : 3 60 0.993162 0.00240918 0.00240918
BinVal : 3 61 0.998832 0.00116754 0.00116754
BinVal : 3 62 0.998371 0.00162734 0.00162734
BinVal : 3 63 0.996248 0.00264833 0.00264833
BinVal : 3 64 1 0.00138235 0.00138235
BinVal : 3 65 1 0.00180292 0.00180292
BinVal : 3 66 1 0.0021472 0.0021472
BinVal : 3 67 1 0.00283575 0.00283575
BinVal : 3 68 1 0.00400114 0.00400114
BinVal : 3 69 1 0.00468588 0.00468588
BinVal : 3 70 1 0.0057683 0.0057683
BinVal : 3 71 1 0.00687265 0.00687265
BinVal : 3 72 1 0.00134706 0.00134706
BinVal : 4 0 0 0 0
BinVal : 4 1 0 0 0
BinVal : 4 2 0 0 0
BinVal : 4 3 0 0 0
BinVal : 4 4 0 0 0
BinVal : 4 5 0 0 0
BinVal : 4 6 0 0 0
BinVal : 4 7 0 0 0
BinVal : 4 8 0 0 0
BinVal : 4 9 0 0 0
BinVal : 4 10 0 0 0
BinVal : 4 11 0 0 0
BinVal : 4 12 0 0 0
BinVal : 4 13 0 0 0
BinVal : 4 14 0 0 0
BinVal : 4 15 0 0 0
BinVal : 4 16 0 0 0
BinVal : 4 17 0 0 0
BinVal : 4 18 0.666667 0.272166 0.272166
BinVal : 4 19 1 0.159077 0.159077
BinVal : 4 20 1 0.102643 0.102643
BinVal : 4 21 0.714286 0.170747 0.170747
BinVal : 4 22 0.944444 0.0539903 0.0539903
BinVal : 4 23 0.818182 0.116291 0.116291
BinVal : 4 24 0.956522 0.0425226 0.0425226
BinVal : 4 25 0.928571 0.0486704 0.0486704
BinVal : 4 26 0.931818 0.0379991 0.0379991
BinVal : 4 27 1 0.0111375 0.0111375
BinVal : 4 28 0.95082 0.0276873 0.0276873
BinVal : 4 29 0.926471 0.0316513 0.0316513
BinVal : 4 30 0.985294 0.0145974 0.0145974
BinVal : 4 31 0.915663 0.0305027 0.0305027
BinVal : 4 32 0.938272 0.0267402 0.0267402
BinVal : 4 33 0.9875 0.0124216 0.0124216
BinVal : 4 34 0.941176 0.0255212 0.0255212
BinVal : 4 35 0.945455 0.0216523 0.0216523
BinVal : 4 36 0.956044 0.0214896 0.0214896
BinVal : 4 37 0.951923 0.0209774 0.0209774
BinVal : 4 38 0.974359 0.0146128 0.0146128
BinVal : 4 39 0.982609 0.0121901 0.0121901
BinVal : 4 40 0.988889 0.0110492 0.0110492
BinVal : 4 41 0.957447 0.020819 0.020819
BinVal : 4 42 0.972727 0.0155297 0.0155297
BinVal : 4 43 0.968085 0.0181297 0.0181297
BinVal : 4 44 0.955056 0.0219611 0.0219611
BinVal : 4 45 0.978723 0.0148839 0.0148839
BinVal : 4 46 0.928571 0.0260154 0.0260154
BinVal : 4 47 0.978947 0.0147289 0.0147289
BinVal : 4 48 0.967033 0.0187172 0.0187172
BinVal : 4 49 0.979798 0.01414 0.01414
BinVal : 4 50 0.988636 0.0112989 0.0112989
BinVal : 4 51 0.991597 0.00836798 0.00836798
BinVal : 4 52 0.977273 0.0158869 0.0158869
BinVal : 4 53 0.986486 0.0134219 0.0134219
BinVal : 4 54 0.986111 0.0137921 0.0137921
BinVal : 4 55 0.986486 0.0134219 0.0134219
BinVal : 4 56 1 0.00712919 0.00712919
BinVal : 4 57 1 0.012074 0.012074
BinVal : 4 58 0.983051 0.0168049 0.0168049
BinVal : 4 59 0.984615 0.0152658 0.0152658
BinVal : 4 60 0.996154 0.00383875 0.00383875
BinVal : 4 61 1 0.00276709 0.00276709
BinVal : 4 62 0.994444 0.0055401 0.0055401
BinVal : 4 63 0.990826 0.00913213 0.00913213
BinVal : 4 64 1 0.00519514 0.00519514
BinVal : 4 65 1 0.00594759 0.00594759
BinVal : 4 66 0.986301 0.0136045 0.0136045
BinVal : 4 67 1 0.00825644 0.00825644
BinVal : 4 68 1 0.0088954 0.0088954
BinVal : 4 69 1 0.0171075 0.0171075
BinVal : 4 70 1 0.018786 0.018786
BinVal : 4 71 1 0.018786 0.018786
BinVal : 4 72 1 0.00468588 0.00468588
BinVal : 5 0 0 0 0
BinVal : 5 1 0 0 0
BinVal : 5 2 0 0 0
BinVal : 5 3 0 0 0
BinVal : 5 4 0 0 0
BinVal : 5 5 0 0 0
BinVal : 5 6 0 0 0
BinVal : 5 7 0 0 0
BinVal : 5 8 0 0 0
BinVal : 5 9 0 0 0
BinVal : 5 10 0 0 0
BinVal : 5 11 0 0 0
BinVal : 5 12 0 0 0
BinVal : 5 13 0 0 0
BinVal : 5 14 0 0 0
BinVal : 5 15 0 0 0
BinVal : 5 16 1 0.124824 0.124824
BinVal : 5 17 1 0.124824 0.124824
BinVal : 5 18 1 0.0495858 0.0495858
BinVal : 5 19 0.777778 0.13858 0.13858
BinVal : 5 20 0.9 0.0547723 0.0547723
BinVal : 5 21 0.944444 0.0381769 0.0381769
BinVal : 5 22 0.930233 0.0388497 0.0388497
BinVal : 5 23 0.892857 0.0413313 0.0413313
BinVal : 5 24 0.909091 0.0306454 0.0306454
BinVal : 5 25 0.95614 0.0191797 0.0191797
BinVal : 5 26 0.94697 0.0195049 0.0195049
BinVal : 5 27 0.900826 0.0271723 0.0271723
BinVal : 5 28 0.959184 0.0163196 0.0163196
BinVal : 5 29 0.940541 0.0173865 0.0173865
BinVal : 5 30 0.910615 0.0213243 0.0213243
BinVal : 5 31 0.931579 0.0183159 0.0183159
BinVal : 5 32 0.949495 0.0155626 0.0155626
BinVal : 5 33 0.959596 0.0139934 0.0139934
BinVal : 5 34 0.973094 0.0108355 0.0108355
BinVal : 5 35 0.956522 0.0134468 0.0134468
BinVal : 5 36 0.986547 0.00771462 0.00771462
BinVal : 5 37 0.972222 0.0111816 0.0111816
BinVal : 5 38 0.954545 0.01339 0.01339
BinVal : 5 39 0.970238 0.0131104 0.0131104
BinVal : 5 40 0.970874 0.0117163 0.0117163
BinVal : 5 41 0.973684 0.0116129 0.0116129
BinVal : 5 42 0.953608 0.015101 0.015101
BinVal : 5 43 0.957672 0.0146451 0.0146451
BinVal : 5 44 0.970588 0.0129585 0.0129585
BinVal : 5 45 0.982659 0.00992467 0.00992467
BinVal : 5 46 0.964029 0.0157948 0.0157948
BinVal : 5 47 0.985075 0.0104748 0.0104748
BinVal : 5 48 0.978571 0.0122385 0.0122385
BinVal : 5 49 1 0.00461149 0.00461149
BinVal : 5 50 0.970588 0.0167293 0.0167293
BinVal : 5 51 1 0.00468588 0.00468588
BinVal : 5 52 0.992126 0.00784295 0.00784295
BinVal : 5 53 0.981481 0.0129728 0.0129728
BinVal : 5 54 0.991071 0.00888862 0.00888862
BinVal : 5 55 1 0.00620508 0.00620508
BinVal : 5 56 1 0.0065589 0.0065589
BinVal : 5 57 1 0.00679159 0.00679159
BinVal : 5 58 1 0.00802565 0.00802565
BinVal : 5 59 0.957747 0.0238741 0.0238741
BinVal : 5 60 0.993939 0.00427249 0.00427249
BinVal : 5 61 0.995798 0.00419284 0.00419284
BinVal : 5 62 0.994012 0.00597007 0.00597007
BinVal : 5 63 1 0.00446749 0.00446749
BinVal : 5 64 0.989247 0.0106947 0.0106947
BinVal : 5 65 1 0.0083766 0.0083766
BinVal : 5 66 1 0.00948286 0.00948286
BinVal : 5 67 1 0.0181909 0.0181909
BinVal : 5 68 1 0.0171075 0.0171075
BinVal : 5 69 1 0.0224566 0.0224566
BinVal : 5 70 1 0.0224566 0.0224566
BinVal : 5 71 1 0.039392 0.039392
BinVal : 5 72 1 0.0233703 0.0233703
BinVal : 6 0 0 0 0
BinVal : 6 1 0 0 0
BinVal : 6 2 0 0 0
BinVal : 6 3 0 0 0
BinVal : 6 4 0 0 0
BinVal : 6 5 0 0 0
BinVal : 6 6 0 0 0
BinVal : 6 7 0 0 0
BinVal : 6 8 0 0 0
BinVal : 6 9 0 0 0
BinVal : 6 10 0 0 0
BinVal : 6 11 0 0 0
BinVal : 6 12 0 0 0
BinVal : 6 13 0 0 0
BinVal : 6 14 0 0 0
BinVal : 6 15 0 0 0
BinVal : 6 16 0 0 0
BinVal : 6 17 0 0 0
BinVal : 6 18 0 0 0
BinVal : 6 19 0 0 0
BinVal : 6 20 0 0 0
BinVal : 6 21 0 0 0
BinVal : 6 22 0 0 0
BinVal : 6 23 0 0 0
BinVal : 6 24 0 0 0
BinVal : 6 25 0 0 0
BinVal : 6 26 0 0 0
BinVal : 6 27 0 0 0
BinVal : 6 28 0 0 0
BinVal : 6 29 0 0 0
BinVal : 6 30 0 0 0
BinVal : 6 31 0 0 0
BinVal : 6 32 0 0 0
BinVal : 6 33 0 0 0
BinVal : 6 34 0 0 0
BinVal : 6 35 0 0 0
BinVal : 6 36 0 0 0
BinVal : 6 37 0 0 0
BinVal : 6 38 0 0 0
BinVal : 6 39 0 0 0
BinVal : 6 40 0 0 0
BinVal : 6 41 0 0 0
BinVal : 6 42 0 0 0
BinVal : 6 43 0 0 0
BinVal : 6 44 0 0 0
BinVal : 6 45 0 0 0
BinVal : 6 46 0 0 0
BinVal : 6 47 0 0 0
BinVal : 6 48 0 0 0
BinVal : 6 49 0 0 0
BinVal : 6 50 0 0 0
BinVal : 6 51 0 0 0
BinVal : 6 52 0 0 0
BinVal : 6 53 0 0 0
BinVal : 6 54 0 0 0
BinVal : 6 55 0 0 0
BinVal : 6 56 0 0 0
BinVal : 6 57 0 0 0
BinVal : 6 58 0 0 0
BinVal : 6 59 0 0 0
BinVal : 6 60 0 0 0
BinVal : 6 61 0 0 0
BinVal : 6 62 0 0 0
BinVal : 6 63 0 0 0
BinVal : 6 64 0 0 0
BinVal : 6 65 0 0 0
BinVal : 6 66 0 0 0
BinVal : 6 67 0 0 0
BinVal : 6 68 0 0 0
BinVal : 6 69 0 0 0
BinVal : 6 70 0 0 0
BinVal : 6 71 0 0 0
BinVal : 6 72 0 0 0


