EffMethod : Ratio
EffName : TrigEff
EffType : Binned
EffVarNames : deteta pt
EffVersion : 1
ObjQuality : SCJET_9_10
ObjRelativeTo : goodJet_CJT(1,5)_ncu_JET(0,5)_8
ObjType : Jet
TriggerVersion : v8
BinEdgesX : -5 -3.2 -1.5 -0.8 0.8 1.5 3.2 5
BinEdgesY : 0 1 2 3 4 5 6 7 8 9 10 11 12 13 14 15 16 17 18 19 20 21 22 23 24 25 26 27 28 29 30 31 32 33 34 35 36 37 38 39 40 41 42 43 44 45 46 47 48 49 50 51 52 53 54 55 56 57 58 59 60 65 70 75 80 85 90 95 100 105 110 115 120 2000
BinVal : 0 0 0 0 0
BinVal : 0 1 0 0 0
BinVal : 0 2 0 0 0
BinVal : 0 3 0 0 0
BinVal : 0 4 0 0 0
BinVal : 0 5 0 0 0
BinVal : 0 6 0 0 0
BinVal : 0 7 0 0 0
BinVal : 0 8 0 0 0
BinVal : 0 9 0 0 0
BinVal : 0 10 0 0 0
BinVal : 0 11 0 0 0
BinVal : 0 12 0 0 0
BinVal : 0 13 0 0 0
BinVal : 0 14 0 0 0
BinVal : 0 15 0 0 0
BinVal : 0 16 0 0 0
BinVal : 0 17 0 0 0
BinVal : 0 18 0 0 0
BinVal : 0 19 0 0 0
BinVal : 0 20 0 0 0
BinVal : 0 21 0 0 0
BinVal : 0 22 0 0 0
BinVal : 0 23 0 0 0
BinVal : 0 24 0 0 0
BinVal : 0 25 0 0 0
BinVal : 0 26 0 0 0
BinVal : 0 27 0 0 0
BinVal : 0 28 0 0 0
BinVal : 0 29 0 0 0
BinVal : 0 30 0 0 0
BinVal : 0 31 0 0 0
BinVal : 0 32 0 0 0
BinVal : 0 33 0 0 0
BinVal : 0 34 0 0 0
BinVal : 0 35 0 0 0
BinVal : 0 36 0 0 0
BinVal : 0 37 0 0 0
BinVal : 0 38 0 0 0
BinVal : 0 39 0 0 0
BinVal : 0 40 0 0 0
BinVal : 0 41 0 0 0
BinVal : 0 42 0 0 0
BinVal : 0 43 0 0 0
BinVal : 0 44 0 0 0
BinVal : 0 45 0 0 0
BinVal : 0 46 0 0 0
BinVal : 0 47 0 0 0
BinVal : 0 48 0 0 0
BinVal : 0 49 0 0 0
BinVal : 0 50 0 0 0
BinVal : 0 51 0 0 0
BinVal : 0 52 0 0 0
BinVal : 0 53 0 0 0
BinVal : 0 54 0 0 0
BinVal : 0 55 0 0 0
BinVal : 0 56 0 0 0
BinVal : 0 57 0 0 0
BinVal : 0 58 0 0 0
BinVal : 0 59 0 0 0
BinVal : 0 60 0 0 0
BinVal : 0 61 0 0 0
BinVal : 0 62 0 0 0
BinVal : 0 63 0 0 0
BinVal : 0 64 0 0 0
BinVal : 0 65 0 0 0
BinVal : 0 66 0 0 0
BinVal : 0 67 0 0 0
BinVal : 0 68 0 0 0
BinVal : 0 69 0 0 0
BinVal : 0 70 0 0 0
BinVal : 0 71 0 0 0
BinVal : 0 72 0 0 0
BinVal : 1 0 0 0 0
BinVal : 1 1 0 0 0
BinVal : 1 2 0 0 0
BinVal : 1 3 0 0 0
BinVal : 1 4 0 0 0
BinVal : 1 5 0 0 0
BinVal : 1 6 0 0 0
BinVal : 1 7 0 0 0
BinVal : 1 8 0 0 0
BinVal : 1 9 0 0 0
BinVal : 1 10 0 0 0
BinVal : 1 11 0 0 0
BinVal : 1 12 0 0 0
BinVal : 1 13 0 0 0
BinVal : 1 14 0 0 0
BinVal : 1 15 0.942857 0.0392347 0.0392347
BinVal : 1 16 0.974026 0.0181263 0.0181263
BinVal : 1 17 0.981982 0.0126254 0.0126254
BinVal : 1 18 0.984375 0.0109619 0.0109619
BinVal : 1 19 1 0.00453806 0.00453806
BinVal : 1 20 0.991736 0.00823024 0.00823024
BinVal : 1 21 1 0.0045743 0.0045743
BinVal : 1 22 1 0.00476408 0.00476408
BinVal : 1 23 1 0.00514841 0.00514841
BinVal : 1 24 1 0.00524187 0.00524187
BinVal : 1 25 1 0.00524187 0.00524187
BinVal : 1 26 1 0.0053401 0.0053401
BinVal : 1 27 0.990826 0.00913213 0.00913213
BinVal : 1 28 1 0.00560045 0.00560045
BinVal : 1 29 1 0.00524187 0.00524187
BinVal : 1 30 1 0.0065589 0.0065589
BinVal : 1 31 1 0.00750113 0.00750113
BinVal : 1 32 1 0.00679159 0.00679159
BinVal : 1 33 1 0.00932837 0.00932837
BinVal : 1 34 0.983051 0.0168049 0.0168049
BinVal : 1 35 1 0.0103354 0.0103354
BinVal : 1 36 0.982456 0.0173893 0.0173893
BinVal : 1 37 1 0.0123324 0.0123324
BinVal : 1 38 1 0.0141568 0.0141568
BinVal : 1 39 1 0.012074 0.012074
BinVal : 1 40 1 0.0233703 0.0233703
BinVal : 1 41 1 0.0152869 0.0152869
BinVal : 1 42 1 0.0171075 0.0171075
BinVal : 1 43 1 0.0201001 0.0201001
BinVal : 1 44 1 0.0181909 0.0181909
BinVal : 1 45 1 0.0224566 0.0224566
BinVal : 1 46 1 0.0243611 0.0243611
BinVal : 1 47 1 0.0326734 0.0326734
BinVal : 1 48 1 0.0233703 0.0233703
BinVal : 1 49 1 0.0293374 0.0293374
BinVal : 1 50 1 0.0456491 0.0456491
BinVal : 1 51 1 0.0346427 0.0346427
BinVal : 1 52 1 0.0368657 0.0368657
BinVal : 1 53 1 0.039392 0.039392
BinVal : 1 54 1 0.0368657 0.0368657
BinVal : 1 55 1 0.0456491 0.0456491
BinVal : 1 56 1 0.0456491 0.0456491
BinVal : 1 57 1 0.0495858 0.0495858
BinVal : 1 58 1 0.0756803 0.0756803
BinVal : 1 59 1 0.0668855 0.0668855
BinVal : 1 60 1 0.0118251 0.0118251
BinVal : 1 61 1 0.0216126 0.0216126
BinVal : 1 62 1 0.0216126 0.0216126
BinVal : 1 63 1 0.0599198 0.0599198
BinVal : 1 64 1 0.0368657 0.0368657
BinVal : 1 65 1 0.0756803 0.0756803
BinVal : 1 66 1 0.0871301 0.0871301
BinVal : 1 67 1 0.0871301 0.0871301
BinVal : 1 68 1 0.159077 0.159077
BinVal : 1 69 1 0.159077 0.159077
BinVal : 1 70 1 0.0871301 0.0871301
BinVal : 1 71 1 0.218486 0.218486
BinVal : 1 72 1 0.0756803 0.0756803
BinVal : 2 0 0 0 0
BinVal : 2 1 0 0 0
BinVal : 2 2 0 0 0
BinVal : 2 3 0 0 0
BinVal : 2 4 0 0 0
BinVal : 2 5 0 0 0
BinVal : 2 6 0 0 0
BinVal : 2 7 0 0 0
BinVal : 2 8 0 0 0
BinVal : 2 9 0 0 0
BinVal : 2 10 0 0 0
BinVal : 2 11 0 0 0
BinVal : 2 12 0 0 0
BinVal : 2 13 0 0 0
BinVal : 2 14 0 0 0
BinVal : 2 15 1 0.0346427 0.0346427
BinVal : 2 16 0.928571 0.0688303 0.0688303
BinVal : 2 17 1 0.0134912 0.0134912
BinVal : 2 18 1 0.00850058 0.00850058
BinVal : 2 19 1 0.00712919 0.00712919
BinVal : 2 20 0.988636 0.0112989 0.0112989
BinVal : 2 21 0.988372 0.0115601 0.0115601
BinVal : 2 22 0.989474 0.0104708 0.0104708
BinVal : 2 23 1 0.00721884 0.00721884
BinVal : 2 24 1 0.00627279 0.00627279
BinVal : 2 25 1 0.00671244 0.00671244
BinVal : 2 26 1 0.00601053 0.00601053
BinVal : 2 27 1 0.0065589 0.0065589
BinVal : 2 28 0.987013 0.0129024 0.0129024
BinVal : 2 29 1 0.00875998 0.00875998
BinVal : 2 30 1 0.00850058 0.00850058
BinVal : 2 31 1 0.00802565 0.00802565
BinVal : 2 32 1 0.00704145 0.00704145
BinVal : 2 33 1 0.00802565 0.00802565
BinVal : 2 34 1 0.00750113 0.00750113
BinVal : 2 35 1 0.0107217 0.0107217
BinVal : 2 36 1 0.00964212 0.00964212
BinVal : 2 37 1 0.0103354 0.0103354
BinVal : 2 38 1 0.0126033 0.0126033
BinVal : 2 39 1 0.0118251 0.0118251
BinVal : 2 40 1 0.0115867 0.0115867
BinVal : 2 41 1 0.0123324 0.0123324
BinVal : 2 42 1 0.0148902 0.0148902
BinVal : 2 43 1 0.0134912 0.0134912
BinVal : 2 44 1 0.0181909 0.0181909
BinVal : 2 45 1 0.0171075 0.0171075
BinVal : 2 46 1 0.0201001 0.0201001
BinVal : 2 47 1 0.0152869 0.0152869
BinVal : 2 48 1 0.0224566 0.0224566
BinVal : 2 49 1 0.0161462 0.0161462
BinVal : 2 50 1 0.0216126 0.0216126
BinVal : 2 51 1 0.0293374 0.0293374
BinVal : 2 52 1 0.0326734 0.0326734
BinVal : 2 53 1 0.0309157 0.0309157
BinVal : 2 54 1 0.0254407 0.0254407
BinVal : 2 55 1 0.0456491 0.0456491
BinVal : 2 56 1 0.0326734 0.0326734
BinVal : 2 57 1 0.0266185 0.0266185
BinVal : 2 58 1 0.039392 0.039392
BinVal : 2 59 1 0.0542655 0.0542655
BinVal : 2 60 1 0.0126033 0.0126033
BinVal : 2 61 1 0.0181909 0.0181909
BinVal : 2 62 1 0.0266185 0.0266185
BinVal : 2 63 1 0.0293374 0.0293374
BinVal : 2 64 1 0.0368657 0.0368657
BinVal : 2 65 1 0.0599198 0.0599198
BinVal : 2 66 1 0.0668855 0.0668855
BinVal : 2 67 1 0.0756803 0.0756803
BinVal : 2 68 1 0.0668855 0.0668855
BinVal : 2 69 1 0.124824 0.124824
BinVal : 2 70 1 0.0871301 0.0871301
BinVal : 2 71 1 0.218486 0.218486
BinVal : 2 72 1 0.0422902 0.0422902
BinVal : 3 0 0 0 0
BinVal : 3 1 0 0 0
BinVal : 3 2 0 0 0
BinVal : 3 3 0 0 0
BinVal : 3 4 0 0 0
BinVal : 3 5 0 0 0
BinVal : 3 6 0 0 0
BinVal : 3 7 0 0 0
BinVal : 3 8 0 0 0
BinVal : 3 9 0 0 0
BinVal : 3 10 0 0 0
BinVal : 3 11 0 0 0
BinVal : 3 12 0 0 0
BinVal : 3 13 0 0 0
BinVal : 3 14 0 0 0
BinVal : 3 15 0.987179 0.0127381 0.0127381
BinVal : 3 16 1 0.00366831 0.00366831
BinVal : 3 17 1 0.00189829 0.00189829
BinVal : 3 18 1 0.00175333 0.00175333
BinVal : 3 19 1 0.00174856 0.00174856
BinVal : 3 20 0.991549 0.00485836 0.00485836
BinVal : 3 21 1 0.00158453 0.00158453
BinVal : 3 22 0.997305 0.00269178 0.00269178
BinVal : 3 23 0.997305 0.00269178 0.00269178
BinVal : 3 24 0.994366 0.00397246 0.00397246
BinVal : 3 25 1 0.001513 0.001513
BinVal : 3 26 1 0.0016675 0.0016675
BinVal : 3 27 1 0.00159311 0.00159311
BinVal : 3 28 1 0.00162458 0.00162458
BinVal : 3 29 0.996764 0.00323101 0.00323101
BinVal : 3 30 1 0.00211477 0.00211477
BinVal : 3 31 0.996139 0.00385354 0.00385354
BinVal : 3 32 1 0.0021472 0.0021472
BinVal : 3 33 1 0.00231981 0.00231981
BinVal : 3 34 0.995215 0.00477323 0.00477323
BinVal : 3 35 1 0.00272799 0.00272799
BinVal : 3 36 1 0.00267744 0.00267744
BinVal : 3 37 1 0.00338697 0.00338697
BinVal : 3 38 1 0.00359964 0.00359964
BinVal : 3 39 0.993506 0.00647239 0.00647239
BinVal : 3 40 1 0.00408602 0.00408602
BinVal : 3 41 1 0.00433302 0.00433302
BinVal : 3 42 1 0.00468588 0.00468588
BinVal : 3 43 1 0.0045743 0.0045743
BinVal : 3 44 1 0.00582743 0.00582743
BinVal : 3 45 1 0.00514841 0.00514841
BinVal : 3 46 1 0.00544119 0.00544119
BinVal : 3 47 0.988095 0.0118337 0.0118337
BinVal : 3 48 1 0.00712919 0.00712919
BinVal : 3 49 1 0.00679159 0.00679159
BinVal : 3 50 1 0.0083766 0.0083766
BinVal : 3 51 1 0.00750113 0.00750113
BinVal : 3 52 1 0.00948286 0.00948286
BinVal : 3 53 1 0.00997686 0.00997686
BinVal : 3 54 1 0.00997686 0.00997686
BinVal : 3 55 1 0.0126033 0.0126033
BinVal : 3 56 1 0.0113578 0.0113578
BinVal : 3 57 1 0.0152869 0.0152869
BinVal : 3 58 1 0.0131822 0.0131822
BinVal : 3 59 1 0.0148902 0.0148902
BinVal : 3 60 1 0.00439882 0.00439882
BinVal : 3 61 1 0.00565481 0.00565481
BinVal : 3 62 1 0.00750113 0.00750113
BinVal : 3 63 1 0.0101533 0.0101533
BinVal : 3 64 1 0.0134912 0.0134912
BinVal : 3 65 1 0.0201001 0.0201001
BinVal : 3 66 1 0.0161462 0.0161462
BinVal : 3 67 1 0.0208287 0.0208287
BinVal : 3 68 1 0.0243611 0.0243611
BinVal : 3 69 1 0.039392 0.039392
BinVal : 3 70 1 0.0668855 0.0668855
BinVal : 3 71 1 0.0309157 0.0309157
BinVal : 3 72 1 0.0138164 0.0138164
BinVal : 4 0 0 0 0
BinVal : 4 1 0 0 0
BinVal : 4 2 0 0 0
BinVal : 4 3 0 0 0
BinVal : 4 4 0 0 0
BinVal : 4 5 0 0 0
BinVal : 4 6 0 0 0
BinVal : 4 7 0 0 0
BinVal : 4 8 0 0 0
BinVal : 4 9 0 0 0
BinVal : 4 10 0 0 0
BinVal : 4 11 0 0 0
BinVal : 4 12 0 0 0
BinVal : 4 13 0 0 0
BinVal : 4 14 0 0 0
BinVal : 4 15 0.933333 0.0644061 0.0644061
BinVal : 4 16 0.925926 0.050401 0.050401
BinVal : 4 17 1 0.0166125 0.0166125
BinVal : 4 18 0.982143 0.017697 0.017697
BinVal : 4 19 0.988372 0.0115601 0.0115601
BinVal : 4 20 0.989247 0.0106947 0.0106947
BinVal : 4 21 0.976744 0.016252 0.016252
BinVal : 4 22 1 0.00704145 0.00704145
BinVal : 4 23 1 0.00588655 0.00588655
BinVal : 4 24 1 0.00601053 0.00601053
BinVal : 4 25 1 0.00679159 0.00679159
BinVal : 4 26 1 0.00607347 0.00607347
BinVal : 4 27 0.987654 0.0122692 0.0122692
BinVal : 4 28 1 0.00704145 0.00704145
BinVal : 4 29 0.985714 0.0141833 0.0141833
BinVal : 4 30 1 0.00704145 0.00704145
BinVal : 4 31 1 0.00780725 0.00780725
BinVal : 4 32 0.986486 0.0134219 0.0134219
BinVal : 4 33 1 0.00760031 0.00760031
BinVal : 4 34 1 0.0083766 0.0083766
BinVal : 4 35 1 0.0118251 0.0118251
BinVal : 4 36 1 0.00875998 0.00875998
BinVal : 4 37 1 0.0118251 0.0118251
BinVal : 4 38 1 0.0109258 0.0109258
BinVal : 4 39 1 0.0105252 0.0105252
BinVal : 4 40 1 0.0128865 0.0128865
BinVal : 4 41 1 0.0131822 0.0131822
BinVal : 4 42 1 0.0118251 0.0118251
BinVal : 4 43 1 0.0171075 0.0171075
BinVal : 4 44 1 0.0145144 0.0145144
BinVal : 4 45 1 0.0194201 0.0194201
BinVal : 4 46 1 0.0166125 0.0166125
BinVal : 4 47 1 0.0152869 0.0152869
BinVal : 4 48 1 0.0181909 0.0181909
BinVal : 4 49 1 0.0201001 0.0201001
BinVal : 4 50 1 0.0326734 0.0326734
BinVal : 4 51 1 0.0309157 0.0309157
BinVal : 4 52 1 0.0216126 0.0216126
BinVal : 4 53 1 0.0309157 0.0309157
BinVal : 4 54 1 0.0279117 0.0279117
BinVal : 4 55 1 0.0368657 0.0368657
BinVal : 4 56 1 0.0279117 0.0279117
BinVal : 4 57 1 0.0368657 0.0368657
BinVal : 4 58 1 0.0309157 0.0309157
BinVal : 4 59 1 0.039392 0.039392
BinVal : 4 60 1 0.0109258 0.0109258
BinVal : 4 61 1 0.0134912 0.0134912
BinVal : 4 62 1 0.0201001 0.0201001
BinVal : 4 63 1 0.0194201 0.0194201
BinVal : 4 64 1 0.0346427 0.0346427
BinVal : 4 65 1 0.0346427 0.0346427
BinVal : 4 66 1 0.0599198 0.0599198
BinVal : 4 67 1 0.0756803 0.0756803
BinVal : 4 68 1 0.0599198 0.0599198
BinVal : 4 69 1 0.0599198 0.0599198
BinVal : 4 70 1 0.124824 0.124824
BinVal : 4 71 1 0.102643 0.102643
BinVal : 4 72 1 0.0599198 0.0599198
BinVal : 5 0 0 0 0
BinVal : 5 1 0 0 0
BinVal : 5 2 0 0 0
BinVal : 5 3 0 0 0
BinVal : 5 4 0 0 0
BinVal : 5 5 0 0 0
BinVal : 5 6 0 0 0
BinVal : 5 7 0 0 0
BinVal : 5 8 0 0 0
BinVal : 5 9 0 0 0
BinVal : 5 10 0 0 0
BinVal : 5 11 0 0 0
BinVal : 5 12 0 0 0
BinVal : 5 13 0 0 0
BinVal : 5 14 0 0 0
BinVal : 5 15 0.9 0.0424264 0.0424264
BinVal : 5 16 0.936508 0.0307217 0.0307217
BinVal : 5 17 0.989247 0.0106947 0.0106947
BinVal : 5 18 0.961905 0.0186813 0.0186813
BinVal : 5 19 0.992188 0.00778192 0.00778192
BinVal : 5 20 1 0.00505781 0.00505781
BinVal : 5 21 1 0.00519514 0.00519514
BinVal : 5 22 0.989247 0.0106947 0.0106947
BinVal : 5 23 1 0.00588655 0.00588655
BinVal : 5 24 0.98913 0.0108103 0.0108103
BinVal : 5 25 1 0.00634241 0.00634241
BinVal : 5 26 0.991597 0.00836798 0.00836798
BinVal : 5 27 0.991453 0.0085104 0.0085104
BinVal : 5 28 1 0.00538969 0.00538969
BinVal : 5 29 1 0.00627279 0.00627279
BinVal : 5 30 0.985294 0.0145974 0.0145974
BinVal : 5 31 1 0.00780725 0.00780725
BinVal : 5 32 1 0.00760031 0.00760031
BinVal : 5 33 1 0.00903559 0.00903559
BinVal : 5 34 1 0.00964212 0.00964212
BinVal : 5 35 1 0.0103354 0.0103354
BinVal : 5 36 1 0.0103354 0.0103354
BinVal : 5 37 1 0.0128865 0.0128865
BinVal : 5 38 1 0.0128865 0.0128865
BinVal : 5 39 1 0.0148902 0.0148902
BinVal : 5 40 1 0.0134912 0.0134912
BinVal : 5 41 1 0.0194201 0.0194201
BinVal : 5 42 1 0.0123324 0.0123324
BinVal : 5 43 1 0.0115867 0.0115867
BinVal : 5 44 1 0.018786 0.018786
BinVal : 5 45 1 0.0166125 0.0166125
BinVal : 5 46 1 0.0161462 0.0161462
BinVal : 5 47 1 0.0194201 0.0194201
BinVal : 5 48 1 0.0216126 0.0216126
BinVal : 5 49 1 0.0293374 0.0293374
BinVal : 5 50 1 0.0254407 0.0254407
BinVal : 5 51 1 0.0194201 0.0194201
BinVal : 5 52 1 0.0309157 0.0309157
BinVal : 5 53 1 0.0201001 0.0201001
BinVal : 5 54 1 0.0346427 0.0346427
BinVal : 5 55 1 0.0293374 0.0293374
BinVal : 5 56 1 0.0422902 0.0422902
BinVal : 5 57 1 0.0422902 0.0422902
BinVal : 5 58 1 0.0599198 0.0599198
BinVal : 5 59 1 0.0495858 0.0495858
BinVal : 5 60 1 0.0128865 0.0128865
BinVal : 5 61 1 0.0194201 0.0194201
BinVal : 5 62 1 0.0279117 0.0279117
BinVal : 5 63 1 0.0309157 0.0309157
BinVal : 5 64 1 0.0422902 0.0422902
BinVal : 5 65 1 0.0368657 0.0368657
BinVal : 5 66 1 0.102643 0.102643
BinVal : 5 67 1 0.124824 0.124824
BinVal : 5 68 1 0.124824 0.124824
BinVal : 5 69 1 0.124824 0.124824
BinVal : 5 70 1 0.218486 0.218486
BinVal : 5 71 0 0 0
BinVal : 5 72 1 0.124824 0.124824
BinVal : 6 0 0 0 0
BinVal : 6 1 0 0 0
BinVal : 6 2 0 0 0
BinVal : 6 3 0 0 0
BinVal : 6 4 0 0 0
BinVal : 6 5 0 0 0
BinVal : 6 6 0 0 0
BinVal : 6 7 0 0 0
BinVal : 6 8 0 0 0
BinVal : 6 9 0 0 0
BinVal : 6 10 0 0 0
BinVal : 6 11 0 0 0
BinVal : 6 12 0 0 0
BinVal : 6 13 0 0 0
BinVal : 6 14 0 0 0
BinVal : 6 15 0 0 0
BinVal : 6 16 0 0 0
BinVal : 6 17 0 0 0
BinVal : 6 18 0 0 0
BinVal : 6 19 0 0 0
BinVal : 6 20 0 0 0
BinVal : 6 21 0 0 0
BinVal : 6 22 0 0 0
BinVal : 6 23 0 0 0
BinVal : 6 24 0 0 0
BinVal : 6 25 0 0 0
BinVal : 6 26 0 0 0
BinVal : 6 27 0 0 0
BinVal : 6 28 0 0 0
BinVal : 6 29 0 0 0
BinVal : 6 30 0 0 0
BinVal : 6 31 0 0 0
BinVal : 6 32 0 0 0
BinVal : 6 33 0 0 0
BinVal : 6 34 0 0 0
BinVal : 6 35 0 0 0
BinVal : 6 36 0 0 0
BinVal : 6 37 0 0 0
BinVal : 6 38 0 0 0
BinVal : 6 39 0 0 0
BinVal : 6 40 0 0 0
BinVal : 6 41 0 0 0
BinVal : 6 42 0 0 0
BinVal : 6 43 0 0 0
BinVal : 6 44 0 0 0
BinVal : 6 45 0 0 0
BinVal : 6 46 0 0 0
BinVal : 6 47 0 0 0
BinVal : 6 48 0 0 0
BinVal : 6 49 0 0 0
BinVal : 6 50 0 0 0
BinVal : 6 51 0 0 0
BinVal : 6 52 0 0 0
BinVal : 6 53 0 0 0
BinVal : 6 54 0 0 0
BinVal : 6 55 0 0 0
BinVal : 6 56 0 0 0
BinVal : 6 57 0 0 0
BinVal : 6 58 0 0 0
BinVal : 6 59 0 0 0
BinVal : 6 60 0 0 0
BinVal : 6 61 0 0 0
BinVal : 6 62 0 0 0
BinVal : 6 63 0 0 0
BinVal : 6 64 0 0 0
BinVal : 6 65 0 0 0
BinVal : 6 66 0 0 0
BinVal : 6 67 0 0 0
BinVal : 6 68 0 0 0
BinVal : 6 69 0 0 0
BinVal : 6 70 0 0 0
BinVal : 6 71 0 0 0
BinVal : 6 72 0 0 0


EffMethod : Ratio
EffName : TrigEff
EffType : Binned
EffVarNames : deteta pt
EffVersion : 1
ObjQuality : SCJET_9_10
ObjRelativeTo : goodJet_CJT(1,5)_ncu_JET(0,5)_8
ObjType : Jet
TriggerVersion : v9
BinEdgesX : -5 -3.2 -1.5 -0.8 0.8 1.5 3.2 5
BinEdgesY : 0 1 2 3 4 5 6 7 8 9 10 11 12 13 14 15 16 17 18 19 20 21 22 23 24 25 26 27 28 29 30 31 32 33 34 35 36 37 38 39 40 41 42 43 44 45 46 47 48 49 50 51 52 53 54 55 56 57 58 59 60 65 70 75 80 85 90 95 100 105 110 115 120 2000
BinVal : 0 0 0 0 0
BinVal : 0 1 0 0 0
BinVal : 0 2 0 0 0
BinVal : 0 3 0 0 0
BinVal : 0 4 0 0 0
BinVal : 0 5 0 0 0
BinVal : 0 6 0 0 0
BinVal : 0 7 0 0 0
BinVal : 0 8 0 0 0
BinVal : 0 9 0 0 0
BinVal : 0 10 0 0 0
BinVal : 0 11 0 0 0
BinVal : 0 12 0 0 0
BinVal : 0 13 0 0 0
BinVal : 0 14 0 0 0
BinVal : 0 15 0 0 0
BinVal : 0 16 0 0 0
BinVal : 0 17 0 0 0
BinVal : 0 18 0 0 0
BinVal : 0 19 0 0 0
BinVal : 0 20 0 0 0
BinVal : 0 21 0 0 0
BinVal : 0 22 0 0 0
BinVal : 0 23 0 0 0
BinVal : 0 24 0 0 0
BinVal : 0 25 0 0 0
BinVal : 0 26 0 0 0
BinVal : 0 27 0 0 0
BinVal : 0 28 0 0 0
BinVal : 0 29 0 0 0
BinVal : 0 30 0 0 0
BinVal : 0 31 0 0 0
BinVal : 0 32 0 0 0
BinVal : 0 33 0 0 0
BinVal : 0 34 0 0 0
BinVal : 0 35 0 0 0
BinVal : 0 36 0 0 0
BinVal : 0 37 0 0 0
BinVal : 0 38 0 0 0
BinVal : 0 39 0 0 0
BinVal : 0 40 0 0 0
BinVal : 0 41 0 0 0
BinVal : 0 42 0 0 0
BinVal : 0 43 0 0 0
BinVal : 0 44 0 0 0
BinVal : 0 45 0 0 0
BinVal : 0 46 0 0 0
BinVal : 0 47 0 0 0
BinVal : 0 48 0 0 0
BinVal : 0 49 0 0 0
BinVal : 0 50 0 0 0
BinVal : 0 51 0 0 0
BinVal : 0 52 0 0 0
BinVal : 0 53 0 0 0
BinVal : 0 54 0 0 0
BinVal : 0 55 0 0 0
BinVal : 0 56 0 0 0
BinVal : 0 57 0 0 0
BinVal : 0 58 0 0 0
BinVal : 0 59 0 0 0
BinVal : 0 60 0 0 0
BinVal : 0 61 0 0 0
BinVal : 0 62 0 0 0
BinVal : 0 63 0 0 0
BinVal : 0 64 0 0 0
BinVal : 0 65 0 0 0
BinVal : 0 66 0 0 0
BinVal : 0 67 0 0 0
BinVal : 0 68 0 0 0
BinVal : 0 69 0 0 0
BinVal : 0 70 0 0 0
BinVal : 0 71 0 0 0
BinVal : 0 72 0 0 0
BinVal : 1 0 0 0 0
BinVal : 1 1 0 0 0
BinVal : 1 2 0 0 0
BinVal : 1 3 0 0 0
BinVal : 1 4 0 0 0
BinVal : 1 5 0 0 0
BinVal : 1 6 0 0 0
BinVal : 1 7 0 0 0
BinVal : 1 8 0 0 0
BinVal : 1 9 0 0 0
BinVal : 1 10 0 0 0
BinVal : 1 11 0 0 0
BinVal : 1 12 0 0 0
BinVal : 1 13 0 0 0
BinVal : 1 14 0 0 0
BinVal : 1 15 0.634921 0.0303287 0.0303287
BinVal : 1 16 0.796791 0.0208069 0.0208069
BinVal : 1 17 0.855196 0.0145246 0.0145246
BinVal : 1 18 0.916918 0.0107273 0.0107273
BinVal : 1 19 0.937984 0.0094966 0.0094966
BinVal : 1 20 0.959666 0.0073372 0.0073372
BinVal : 1 21 0.987616 0.00435117 0.00435117
BinVal : 1 22 0.98156 0.00506689 0.00506689
BinVal : 1 23 0.986587 0.00444085 0.00444085
BinVal : 1 24 0.988782 0.00421614 0.00421614
BinVal : 1 25 0.985669 0.00474272 0.00474272
BinVal : 1 26 0.989726 0.00417273 0.00417273
BinVal : 1 27 0.989267 0.00435833 0.00435833
BinVal : 1 28 1 0.0010705 0.0010705
BinVal : 1 29 0.990403 0.00427123 0.00427123
BinVal : 1 30 0.995798 0.00296479 0.00296479
BinVal : 1 31 0.988764 0.00499656 0.00499656
BinVal : 1 32 0.993378 0.00381083 0.00381083
BinVal : 1 33 0.99726 0.00273597 0.00273597
BinVal : 1 34 0.994169 0.00411103 0.00411103
BinVal : 1 35 0.993884 0.00431157 0.00431157
BinVal : 1 36 0.989933 0.00578292 0.00578292
BinVal : 1 37 1 0.00225687 0.00225687
BinVal : 1 38 0.996094 0.00389861 0.00389861
BinVal : 1 39 1 0.00211477 0.00211477
BinVal : 1 40 0.995851 0.00414076 0.00414076
BinVal : 1 41 0.990099 0.00696631 0.00696631
BinVal : 1 42 0.994898 0.00508901 0.00508901
BinVal : 1 43 1 0.00369215 0.00369215
BinVal : 1 44 1 0.00327158 0.00327158
BinVal : 1 45 1 0.00366831 0.00366831
BinVal : 1 46 1 0.0042367 0.0042367
BinVal : 1 47 1 0.00461149 0.00461149
BinVal : 1 48 1 0.00582743 0.00582743
BinVal : 1 49 1 0.00472498 0.00472498
BinVal : 1 50 1 0.00613832 0.00613832
BinVal : 1 51 1 0.00770235 0.00770235
BinVal : 1 52 1 0.00679159 0.00679159
BinVal : 1 53 1 0.00813913 0.00813913
BinVal : 1 54 0.988095 0.0118337 0.0118337
BinVal : 1 55 1 0.00704145 0.00704145
BinVal : 1 56 0.984375 0.0155024 0.0155024
BinVal : 1 57 1 0.00917959 0.00917959
BinVal : 1 58 1 0.0128865 0.0128865
BinVal : 1 59 1 0.0131822 0.0131822
BinVal : 1 60 1 0.00275373 0.00275373
BinVal : 1 61 1 0.00408602 0.00408602
BinVal : 1 62 1 0.00607347 0.00607347
BinVal : 1 63 1 0.00750113 0.00750113
BinVal : 1 64 1 0.00780725 0.00780725
BinVal : 1 65 1 0.0161462 0.0161462
BinVal : 1 66 1 0.0194201 0.0194201
BinVal : 1 67 1 0.0279117 0.0279117
BinVal : 1 68 1 0.0346427 0.0346427
BinVal : 1 69 1 0.0293374 0.0293374
BinVal : 1 70 1 0.0422902 0.0422902
BinVal : 1 71 1 0.0456491 0.0456491
BinVal : 1 72 1 0.0293374 0.0293374
BinVal : 2 0 0 0 0
BinVal : 2 1 0 0 0
BinVal : 2 2 0 0 0
BinVal : 2 3 0 0 0
BinVal : 2 4 0 0 0
BinVal : 2 5 0 0 0
BinVal : 2 6 0 0 0
BinVal : 2 7 0 0 0
BinVal : 2 8 0 0 0
BinVal : 2 9 0 0 0
BinVal : 2 10 0 0 0
BinVal : 2 11 0 0 0
BinVal : 2 12 0 0 0
BinVal : 2 13 0 0 0
BinVal : 2 14 0 0 0
BinVal : 2 15 0.4 0.0447214 0.0447214
BinVal : 2 16 0.5 0.0464238 0.0464238
BinVal : 2 17 0.64 0.0303579 0.0303579
BinVal : 2 18 0.63067 0.0224294 0.0224294
BinVal : 2 19 0.739382 0.0192873 0.0192873
BinVal : 2 20 0.8 0.0173749 0.0173749
BinVal : 2 21 0.83112 0.0163198 0.0163198
BinVal : 2 22 0.912892 0.0117702 0.0117702
BinVal : 2 23 0.937833 0.0101763 0.0101763
BinVal : 2 24 0.963731 0.00776978 0.00776978
BinVal : 2 25 0.969035 0.00739302 0.00739302
BinVal : 2 26 0.976391 0.00623478 0.00623478
BinVal : 2 27 0.975472 0.00671898 0.00671898
BinVal : 2 28 0.986667 0.00500582 0.00500582
BinVal : 2 29 0.986301 0.00514201 0.00514201
BinVal : 2 30 0.988662 0.00504162 0.00504162
BinVal : 2 31 0.998024 0.00197433 0.00197433
BinVal : 2 32 0.997706 0.00229095 0.00229095
BinVal : 2 33 0.992288 0.00443537 0.00443537
BinVal : 2 34 0.994819 0.00365426 0.00365426
BinVal : 2 35 0.994318 0.00400622 0.00400622
BinVal : 2 36 0.997199 0.00279719 0.00279719
BinVal : 2 37 0.993921 0.00428544 0.00428544
BinVal : 2 38 1 0.00207663 0.00207663
BinVal : 2 39 1 0.00204706 0.00204706
BinVal : 2 40 0.995633 0.00435727 0.00435727
BinVal : 2 41 1 0.00233889 0.00233889
BinVal : 2 42 0.995283 0.00470584 0.00470584
BinVal : 2 43 1 0.00261641 0.00261641
BinVal : 2 44 1 0.00274134 0.00274134
BinVal : 2 45 1 0.00344801 0.00344801
BinVal : 2 46 1 0.00327158 0.00327158
BinVal : 2 47 1 0.00364542 0.00364542
BinVal : 2 48 1 0.00323439 0.00323439
BinVal : 2 49 1 0.00446749 0.00446749
BinVal : 2 50 1 0.00450277 0.00450277
BinVal : 2 51 1 0.00501394 0.00501394
BinVal : 2 52 1 0.0045743 0.0045743
BinVal : 2 53 1 0.00607347 0.00607347
BinVal : 2 54 1 0.0057683 0.0057683
BinVal : 2 55 1 0.00613832 0.00613832
BinVal : 2 56 0.989247 0.0106947 0.0106947
BinVal : 2 57 1 0.00607347 0.00607347
BinVal : 2 58 1 0.00712919 0.00712919
BinVal : 2 59 1 0.00780725 0.00780725
BinVal : 2 60 1 0.00194311 0.00194311
BinVal : 2 61 1 0.00290728 0.00290728
BinVal : 2 62 0.994048 0.00593464 0.00593464
BinVal : 2 63 1 0.00538969 0.00538969
BinVal : 2 64 1 0.0074048 0.0074048
BinVal : 2 65 1 0.00964212 0.00964212
BinVal : 2 66 1 0.00964212 0.00964212
BinVal : 2 67 1 0.0157046 0.0157046
BinVal : 2 68 1 0.0243611 0.0243611
BinVal : 2 69 1 0.0201001 0.0201001
BinVal : 2 70 1 0.0266185 0.0266185
BinVal : 2 71 1 0.0266185 0.0266185
BinVal : 2 72 1 0.00980616 0.00980616
BinVal : 3 0 0 0 0
BinVal : 3 1 0 0 0
BinVal : 3 2 0 0 0
BinVal : 3 3 0 0 0
BinVal : 3 4 0 0 0
BinVal : 3 5 0 0 0
BinVal : 3 6 0 0 0
BinVal : 3 7 0 0 0
BinVal : 3 8 0 0 0
BinVal : 3 9 0 0 0
BinVal : 3 10 0 0 0
BinVal : 3 11 0 0 0
BinVal : 3 12 0 0 0
BinVal : 3 13 0 0 0
BinVal : 3 14 0 0 0
BinVal : 3 15 0.532909 0.0229888 0.0229888
BinVal : 3 16 0.675464 0.0146384 0.0146384
BinVal : 3 17 0.767279 0.00981916 0.00981916
BinVal : 3 18 0.879845 0.00715681 0.00715681
BinVal : 3 19 0.929265 0.00551263 0.00551263
BinVal : 3 20 0.963644 0.00391734 0.00391734
BinVal : 3 21 0.978645 0.00292965 0.00292965
BinVal : 3 22 0.989486 0.00205101 0.00205101
BinVal : 3 23 0.989635 0.0020622 0.0020622
BinVal : 3 24 0.988065 0.00224204 0.00224204
BinVal : 3 25 0.993684 0.00162557 0.00162557
BinVal : 3 26 0.993481 0.00167768 0.00167768
BinVal : 3 27 0.997152 0.00116089 0.00116089
BinVal : 3 28 0.995586 0.00146806 0.00146806
BinVal : 3 29 0.99272 0.00193864 0.00193864
BinVal : 3 30 0.996732 0.00133196 0.00133196
BinVal : 3 31 0.997688 0.00115473 0.00115473
BinVal : 3 32 0.997492 0.00125235 0.00125235
BinVal : 3 33 0.997281 0.00135777 0.00135777
BinVal : 3 34 0.996215 0.0016895 0.0016895
BinVal : 3 35 0.997726 0.00131166 0.00131166
BinVal : 3 36 0.99573 0.00190546 0.00190546
BinVal : 3 37 0.999067 0.000932401 0.000932401
BinVal : 3 38 0.996117 0.00193797 0.00193797
BinVal : 3 39 1 0.000601292 0.000601292
BinVal : 3 40 0.998812 0.00118694 0.00118694
BinVal : 3 41 0.998698 0.00130124 0.00130124
BinVal : 3 42 0.998487 0.00151171 0.00151171
BinVal : 3 43 1 0.000840664 0.000840664
BinVal : 3 44 0.998405 0.00159362 0.00159362
BinVal : 3 45 0.998291 0.00170794 0.00170794
BinVal : 3 46 0.996269 0.00263353 0.00263353
BinVal : 3 47 0.998073 0.00192493 0.00192493
BinVal : 3 48 1 0.0011878 0.0011878
BinVal : 3 49 0.995025 0.00350918 0.00350918
BinVal : 3 50 0.994595 0.00381185 0.00381185
BinVal : 3 51 0.994444 0.00391744 0.00391744
BinVal : 3 52 0.996732 0.00326263 0.00326263
BinVal : 3 53 1 0.00197649 0.00197649
BinVal : 3 54 0.99639 0.00360359 0.00360359
BinVal : 3 55 1 0.00209951 0.00209951
BinVal : 3 56 0.995652 0.00433836 0.00433836
BinVal : 3 57 0.995935 0.00405677 0.00405677
BinVal : 3 58 1 0.00271463 0.00271463
BinVal : 3 59 1 0.00285006 0.00285006
BinVal : 3 60 1 0.00073576 0.00073576
BinVal : 3 61 1 0.0010047 0.0010047
BinVal : 3 62 0.997613 0.00238379 0.00238379
BinVal : 3 63 1 0.00179148 0.00179148
BinVal : 3 64 1 0.00246954 0.00246954
BinVal : 3 65 1 0.00353289 0.00353289
BinVal : 3 66 1 0.00414515 0.00414515
BinVal : 3 67 1 0.00519514 0.00519514
BinVal : 3 68 1 0.00780725 0.00780725
BinVal : 3 69 1 0.00850058 0.00850058
BinVal : 3 70 1 0.00903559 0.00903559
BinVal : 3 71 0.973684 0.0259672 0.0259672
BinVal : 3 72 0.994975 0.00501248 0.00501248
BinVal : 4 0 0 0 0
BinVal : 4 1 0 0 0
BinVal : 4 2 0 0 0
BinVal : 4 3 0 0 0
BinVal : 4 4 0 0 0
BinVal : 4 5 0 0 0
BinVal : 4 6 0 0 0
BinVal : 4 7 0 0 0
BinVal : 4 8 0 0 0
BinVal : 4 9 0 0 0
BinVal : 4 10 0 0 0
BinVal : 4 11 0 0 0
BinVal : 4 12 0 0 0
BinVal : 4 13 0 0 0
BinVal : 4 14 0 0 0
BinVal : 4 15 0.3 0.0458258 0.0458258
BinVal : 4 16 0.524194 0.0448487 0.0448487
BinVal : 4 17 0.491909 0.0284403 0.0284403
BinVal : 4 18 0.58427 0.0233632 0.0233632
BinVal : 4 19 0.653846 0.0226288 0.0226288
BinVal : 4 20 0.790099 0.0181218 0.0181218
BinVal : 4 21 0.817669 0.0167403 0.0167403
BinVal : 4 22 0.87835 0.0148429 0.0148429
BinVal : 4 23 0.922366 0.0115048 0.0115048
BinVal : 4 24 0.931818 0.0109694 0.0109694
BinVal : 4 25 0.950276 0.0093284 0.0093284
BinVal : 4 26 0.980989 0.00595451 0.00595451
BinVal : 4 27 0.978346 0.00645772 0.00645772
BinVal : 4 28 0.981964 0.00595756 0.00595756
BinVal : 4 29 0.992063 0.00395248 0.00395248
BinVal : 4 30 0.988764 0.00499656 0.00499656
BinVal : 4 31 0.993119 0.0039589 0.0039589
BinVal : 4 32 0.986014 0.0056697 0.0056697
BinVal : 4 33 1 0.00132799 0.00132799
BinVal : 4 34 1 0.00155878 0.00155878
BinVal : 4 35 0.99435 0.00398365 0.00398365
BinVal : 4 36 0.991453 0.00491348 0.00491348
BinVal : 4 37 0.993651 0.00447529 0.00447529
BinVal : 4 38 0.996552 0.00344233 0.00344233
BinVal : 4 39 0.996622 0.00337267 0.00337267
BinVal : 4 40 1 0.00209951 0.00209951
BinVal : 4 41 1 0.00270224 0.00270224
BinVal : 4 42 1 0.00248098 0.00248098
BinVal : 4 43 0.994536 0.00544953 0.00544953
BinVal : 4 44 1 0.0029521 0.0029521
BinVal : 4 45 1 0.00312948 0.00312948
BinVal : 4 46 0.99422 0.00576362 0.00576362
BinVal : 4 47 0.993631 0.00634911 0.00634911
BinVal : 4 48 1 0.00381517 0.00381517
BinVal : 4 49 1 0.00376463 0.00376463
BinVal : 4 50 1 0.00426817 0.00426817
BinVal : 4 51 1 0.00497007 0.00497007
BinVal : 4 52 1 0.00505781 0.00505781
BinVal : 4 53 1 0.00501394 0.00501394
BinVal : 4 54 1 0.00549269 0.00549269
BinVal : 4 55 1 0.0057683 0.0057683
BinVal : 4 56 0.990099 0.00985185 0.00985185
BinVal : 4 57 1 0.00613832 0.00613832
BinVal : 4 58 1 0.00712919 0.00712919
BinVal : 4 59 0.981481 0.0183463 0.0183463
BinVal : 4 60 0.996154 0.00383875 0.00383875
BinVal : 4 61 0.985782 0.00815021 0.00815021
BinVal : 4 62 0.986755 0.00930342 0.00930342
BinVal : 4 63 1 0.00501394 0.00501394
BinVal : 4 64 1 0.00594759 0.00594759
BinVal : 4 65 1 0.0105252 0.0105252
BinVal : 4 66 1 0.00932837 0.00932837
BinVal : 4 67 1 0.0161462 0.0161462
BinVal : 4 68 1 0.0216126 0.0216126
BinVal : 4 69 1 0.0266185 0.0266185
BinVal : 4 70 1 0.0346427 0.0346427
BinVal : 4 71 1 0.0309157 0.0309157
BinVal : 4 72 1 0.00917959 0.00917959
BinVal : 5 0 0 0 0
BinVal : 5 1 0 0 0
BinVal : 5 2 0 0 0
BinVal : 5 3 0 0 0
BinVal : 5 4 0 0 0
BinVal : 5 5 0 0 0
BinVal : 5 6 0 0 0
BinVal : 5 7 0 0 0
BinVal : 5 8 0 0 0
BinVal : 5 9 0 0 0
BinVal : 5 10 0 0 0
BinVal : 5 11 0 0 0
BinVal : 5 12 0 0 0
BinVal : 5 13 0 0 0
BinVal : 5 14 0 0 0
BinVal : 5 15 0.597222 0.0333714 0.0333714
BinVal : 5 16 0.693548 0.0239027 0.0239027
BinVal : 5 17 0.725646 0.0198945 0.0198945
BinVal : 5 18 0.83705 0.0152957 0.0152957
BinVal : 5 19 0.907018 0.0121638 0.0121638
BinVal : 5 20 0.93949 0.00951433 0.00951433
BinVal : 5 21 0.947368 0.0087855 0.0087855
BinVal : 5 22 0.987441 0.00441226 0.00441226
BinVal : 5 23 0.983051 0.00531418 0.00531418
BinVal : 5 24 0.986799 0.00463646 0.00463646
BinVal : 5 25 0.994737 0.00303068 0.00303068
BinVal : 5 26 0.994264 0.00330225 0.00330225
BinVal : 5 27 0.988072 0.00484063 0.00484063
BinVal : 5 28 0.99802 0.00197824 0.00197824
BinVal : 5 29 0.988479 0.00512247 0.00512247
BinVal : 5 30 0.997506 0.00249065 0.00249065
BinVal : 5 31 0.990196 0.00487787 0.00487787
BinVal : 5 32 0.997537 0.00246002 0.00246002
BinVal : 5 33 0.991848 0.00468744 0.00468744
BinVal : 5 34 0.994186 0.00409912 0.00409912
BinVal : 5 35 0.989761 0.00588109 0.00588109
BinVal : 5 36 0.996269 0.00372438 0.00372438
BinVal : 5 37 0.98893 0.00635586 0.00635586
BinVal : 5 38 0.996063 0.00392925 0.00392925
BinVal : 5 39 0.995413 0.00457662 0.00457662
BinVal : 5 40 0.995726 0.00426436 0.00426436
BinVal : 5 41 1 0.00283575 0.00283575
BinVal : 5 42 0.994681 0.00530498 0.00530498
BinVal : 5 43 1 0.00355482 0.00355482
BinVal : 5 44 0.993548 0.00643077 0.00643077
BinVal : 5 45 0.982456 0.0122961 0.0122961
BinVal : 5 46 1 0.00433302 0.00433302
BinVal : 5 47 1 0.00480413 0.00480413
BinVal : 5 48 1 0.00501394 0.00501394
BinVal : 5 49 0.990826 0.00913213 0.00913213
BinVal : 5 50 1 0.00601053 0.00601053
BinVal : 5 51 0.98913 0.0108103 0.0108103
BinVal : 5 52 1 0.0074048 0.0074048
BinVal : 5 53 1 0.00560045 0.00560045
BinVal : 5 54 1 0.00731039 0.00731039
BinVal : 5 55 1 0.0083766 0.0083766
BinVal : 5 56 1 0.012074 0.012074
BinVal : 5 57 1 0.00964212 0.00964212
BinVal : 5 58 1 0.0107217 0.0107217
BinVal : 5 59 1 0.0111375 0.0111375
BinVal : 5 60 0.99495 0.00503774 0.00503774
BinVal : 5 61 1 0.00480413 0.00480413
BinVal : 5 62 1 0.00510263 0.00510263
BinVal : 5 63 1 0.00770235 0.00770235
BinVal : 5 64 1 0.0109258 0.0109258
BinVal : 5 65 1 0.0181909 0.0181909
BinVal : 5 66 1 0.0224566 0.0224566
BinVal : 5 67 1 0.0279117 0.0279117
BinVal : 5 68 1 0.0456491 0.0456491
BinVal : 5 69 1 0.0495858 0.0495858
BinVal : 5 70 1 0.0542655 0.0542655
BinVal : 5 71 1 0.0871301 0.0871301
BinVal : 5 72 1 0.0346427 0.0346427
BinVal : 6 0 0 0 0
BinVal : 6 1 0 0 0
BinVal : 6 2 0 0 0
BinVal : 6 3 0 0 0
BinVal : 6 4 0 0 0
BinVal : 6 5 0 0 0
BinVal : 6 6 0 0 0
BinVal : 6 7 0 0 0
BinVal : 6 8 0 0 0
BinVal : 6 9 0 0 0
BinVal : 6 10 0 0 0
BinVal : 6 11 0 0 0
BinVal : 6 12 0 0 0
BinVal : 6 13 0 0 0
BinVal : 6 14 0 0 0
BinVal : 6 15 0 0 0
BinVal : 6 16 0 0 0
BinVal : 6 17 0 0 0
BinVal : 6 18 0 0 0
BinVal : 6 19 0 0 0
BinVal : 6 20 0 0 0
BinVal : 6 21 0 0 0
BinVal : 6 22 0 0 0
BinVal : 6 23 0 0 0
BinVal : 6 24 0 0 0
BinVal : 6 25 0 0 0
BinVal : 6 26 0 0 0
BinVal : 6 27 0 0 0
BinVal : 6 28 0 0 0
BinVal : 6 29 0 0 0
BinVal : 6 30 0 0 0
BinVal : 6 31 0 0 0
BinVal : 6 32 0 0 0
BinVal : 6 33 0 0 0
BinVal : 6 34 0 0 0
BinVal : 6 35 0 0 0
BinVal : 6 36 0 0 0
BinVal : 6 37 0 0 0
BinVal : 6 38 0 0 0
BinVal : 6 39 0 0 0
BinVal : 6 40 0 0 0
BinVal : 6 41 0 0 0
BinVal : 6 42 0 0 0
BinVal : 6 43 0 0 0
BinVal : 6 44 0 0 0
BinVal : 6 45 0 0 0
BinVal : 6 46 0 0 0
BinVal : 6 47 0 0 0
BinVal : 6 48 0 0 0
BinVal : 6 49 0 0 0
BinVal : 6 50 0 0 0
BinVal : 6 51 0 0 0
BinVal : 6 52 0 0 0
BinVal : 6 53 0 0 0
BinVal : 6 54 0 0 0
BinVal : 6 55 0 0 0
BinVal : 6 56 0 0 0
BinVal : 6 57 0 0 0
BinVal : 6 58 0 0 0
BinVal : 6 59 0 0 0
BinVal : 6 60 0 0 0
BinVal : 6 61 0 0 0
BinVal : 6 62 0 0 0
BinVal : 6 63 0 0 0
BinVal : 6 64 0 0 0
BinVal : 6 65 0 0 0
BinVal : 6 66 0 0 0
BinVal : 6 67 0 0 0
BinVal : 6 68 0 0 0
BinVal : 6 69 0 0 0
BinVal : 6 70 0 0 0
BinVal : 6 71 0 0 0
BinVal : 6 72 0 0 0


EffMethod : Ratio
EffName : TrigEff
EffType : Binned
EffVarNames : deteta pt
EffVersion : 1
ObjQuality : SCJET_9_10
ObjRelativeTo : goodJet_CJT(1,5)_ncu_JET(0,5)_8
ObjType : Jet
TriggerVersion : v10
BinEdgesX : -5 -3.2 -1.5 -0.8 0.8 1.5 3.2 5
BinEdgesY : 0 1 2 3 4 5 6 7 8 9 10 11 12 13 14 15 16 17 18 19 20 21 22 23 24 25 26 27 28 29 30 31 32 33 34 35 36 37 38 39 40 41 42 43 44 45 46 47 48 49 50 51 52 53 54 55 56 57 58 59 60 65 70 75 80 85 90 95 100 105 110 115 120 2000
BinVal : 0 0 0 0 0
BinVal : 0 1 0 0 0
BinVal : 0 2 0 0 0
BinVal : 0 3 0 0 0
BinVal : 0 4 0 0 0
BinVal : 0 5 0 0 0
BinVal : 0 6 0 0 0
BinVal : 0 7 0 0 0
BinVal : 0 8 0 0 0
BinVal : 0 9 0 0 0
BinVal : 0 10 0 0 0
BinVal : 0 11 0 0 0
BinVal : 0 12 0 0 0
BinVal : 0 13 0 0 0
BinVal : 0 14 0 0 0
BinVal : 0 15 0 0 0
BinVal : 0 16 0 0 0
BinVal : 0 17 0 0 0
BinVal : 0 18 0 0 0
BinVal : 0 19 0 0 0
BinVal : 0 20 0 0 0
BinVal : 0 21 0 0 0
BinVal : 0 22 0 0 0
BinVal : 0 23 0 0 0
BinVal : 0 24 0 0 0
BinVal : 0 25 0 0 0
BinVal : 0 26 0 0 0
BinVal : 0 27 0 0 0
BinVal : 0 28 0 0 0
BinVal : 0 29 0 0 0
BinVal : 0 30 0 0 0
BinVal : 0 31 0 0 0
BinVal : 0 32 0 0 0
BinVal : 0 33 0 0 0
BinVal : 0 34 0 0 0
BinVal : 0 35 0 0 0
BinVal : 0 36 0 0 0
BinVal : 0 37 0 0 0
BinVal : 0 38 0 0 0
BinVal : 0 39 0 0 0
BinVal : 0 40 0 0 0
BinVal : 0 41 0 0 0
BinVal : 0 42 0 0 0
BinVal : 0 43 0 0 0
BinVal : 0 44 0 0 0
BinVal : 0 45 0 0 0
BinVal : 0 46 0 0 0
BinVal : 0 47 0 0 0
BinVal : 0 48 0 0 0
BinVal : 0 49 0 0 0
BinVal : 0 50 0 0 0
BinVal : 0 51 0 0 0
BinVal : 0 52 0 0 0
BinVal : 0 53 0 0 0
BinVal : 0 54 0 0 0
BinVal : 0 55 0 0 0
BinVal : 0 56 0 0 0
BinVal : 0 57 0 0 0
BinVal : 0 58 0 0 0
BinVal : 0 59 0 0 0
BinVal : 0 60 0 0 0
BinVal : 0 61 0 0 0
BinVal : 0 62 0 0 0
BinVal : 0 63 0 0 0
BinVal : 0 64 0 0 0
BinVal : 0 65 0 0 0
BinVal : 0 66 0 0 0
BinVal : 0 67 0 0 0
BinVal : 0 68 0 0 0
BinVal : 0 69 0 0 0
BinVal : 0 70 0 0 0
BinVal : 0 71 0 0 0
BinVal : 0 72 0 0 0
BinVal : 1 0 0 0 0
BinVal : 1 1 0 0 0
BinVal : 1 2 0 0 0
BinVal : 1 3 0 0 0
BinVal : 1 4 0 0 0
BinVal : 1 5 0 0 0
BinVal : 1 6 0 0 0
BinVal : 1 7 0 0 0
BinVal : 1 8 0 0 0
BinVal : 1 9 0 0 0
BinVal : 1 10 0 0 0
BinVal : 1 11 0 0 0
BinVal : 1 12 0 0 0
BinVal : 1 13 0 0 0
BinVal : 1 14 0 0 0
BinVal : 1 15 0.705882 0.11051 0.11051
BinVal : 1 16 0.83871 0.0660586 0.0660586
BinVal : 1 17 0.859375 0.0434543 0.0434543
BinVal : 1 18 0.702128 0.0667074 0.0667074
BinVal : 1 19 0.859375 0.0434543 0.0434543
BinVal : 1 20 1 0.0101533 0.0101533
BinVal : 1 21 0.928571 0.0307818 0.0307818
BinVal : 1 22 0.940298 0.028946 0.028946
BinVal : 1 23 0.978261 0.0215015 0.0215015
BinVal : 1 24 0.964286 0.0247988 0.0247988
BinVal : 1 25 0.918367 0.0391149 0.0391149
BinVal : 1 26 0.95 0.0344601 0.0344601
BinVal : 1 27 0.951219 0.0336412 0.0336412
BinVal : 1 28 0.90625 0.051527 0.051527
BinVal : 1 29 0.9375 0.0349386 0.0349386
BinVal : 1 30 0.857143 0.0539949 0.0539949
BinVal : 1 31 0.894737 0.0497845 0.0497845
BinVal : 1 32 1 0.0243611 0.0243611
BinVal : 1 33 1 0.0243611 0.0243611
BinVal : 1 34 0.965517 0.033883 0.033883
BinVal : 1 35 0.857143 0.06613 0.06613
BinVal : 1 36 1 0.0293374 0.0293374
BinVal : 1 37 0.947368 0.0512278 0.0512278
BinVal : 1 38 1 0.0346427 0.0346427
BinVal : 1 39 1 0.0254407 0.0254407
BinVal : 1 40 0.952381 0.0464714 0.0464714
BinVal : 1 41 0.923077 0.0739053 0.0739053
BinVal : 1 42 0.923077 0.0739053 0.0739053
BinVal : 1 43 1 0.0326734 0.0326734
BinVal : 1 44 0.923077 0.0739053 0.0739053
BinVal : 1 45 1 0.0599198 0.0599198
BinVal : 1 46 1 0.102643 0.102643
BinVal : 1 47 1 0.0495858 0.0495858
BinVal : 1 48 1 0.0599198 0.0599198
BinVal : 1 49 0.857143 0.13226 0.13226
BinVal : 1 50 1 0.0456491 0.0456491
BinVal : 1 51 1 0.0668855 0.0668855
BinVal : 1 52 0.888889 0.104757 0.104757
BinVal : 1 53 1 0.124824 0.124824
BinVal : 1 54 1 0.0456491 0.0456491
BinVal : 1 55 1 0.0668855 0.0668855
BinVal : 1 56 1 0.102643 0.102643
BinVal : 1 57 1 0.0599198 0.0599198
BinVal : 1 58 1 0.102643 0.102643
BinVal : 1 59 1 0.102643 0.102643
BinVal : 1 60 1 0.0326734 0.0326734
BinVal : 1 61 1 0.0422902 0.0422902
BinVal : 1 62 1 0.0368657 0.0368657
BinVal : 1 63 1 0.0456491 0.0456491
BinVal : 1 64 1 0.0668855 0.0668855
BinVal : 1 65 1 0.102643 0.102643
BinVal : 1 66 1 0.102643 0.102643
BinVal : 1 67 1 0.159077 0.159077
BinVal : 1 68 1 0.159077 0.159077
BinVal : 1 69 1 0.218486 0.218486
BinVal : 1 70 0 0 0
BinVal : 1 71 1 0.159077 0.159077
BinVal : 1 72 1 0.124824 0.124824
BinVal : 2 0 0 0 0
BinVal : 2 1 0 0 0
BinVal : 2 2 0 0 0
BinVal : 2 3 0 0 0
BinVal : 2 4 0 0 0
BinVal : 2 5 0 0 0
BinVal : 2 6 0 0 0
BinVal : 2 7 0 0 0
BinVal : 2 8 0 0 0
BinVal : 2 9 0 0 0
BinVal : 2 10 0 0 0
BinVal : 2 11 0 0 0
BinVal : 2 12 0 0 0
BinVal : 2 13 0 0 0
BinVal : 2 14 0 0 0
BinVal : 2 15 0 0 0
BinVal : 2 16 0.588235 0.119365 0.119365
BinVal : 2 17 0.444444 0.117121 0.117121
BinVal : 2 18 0.645161 0.0859347 0.0859347
BinVal : 2 19 0.657143 0.0802329 0.0802329
BinVal : 2 20 0.69697 0.0800006 0.0800006
BinVal : 2 21 0.78125 0.0730792 0.0730792
BinVal : 2 22 0.8125 0.0689981 0.0689981
BinVal : 2 23 0.78125 0.0730792 0.0730792
BinVal : 2 24 0.852941 0.0607387 0.0607387
BinVal : 2 25 0.9 0.0547723 0.0547723
BinVal : 2 26 0.870968 0.0602101 0.0602101
BinVal : 2 27 0.951219 0.0336412 0.0336412
BinVal : 2 28 0.875 0.0584634 0.0584634
BinVal : 2 29 0.914286 0.0473188 0.0473188
BinVal : 2 30 1 0.0326734 0.0326734
BinVal : 2 31 0.933333 0.045542 0.045542
BinVal : 2 32 1 0.0216126 0.0216126
BinVal : 2 33 1 0.0216126 0.0216126
BinVal : 2 34 0.95 0.048734 0.048734
BinVal : 2 35 0.904762 0.0640564 0.0640564
BinVal : 2 36 1 0.0216126 0.0216126
BinVal : 2 37 1 0.039392 0.039392
BinVal : 2 38 0.928571 0.0688303 0.0688303
BinVal : 2 39 1 0.0326734 0.0326734
BinVal : 2 40 1 0.0495858 0.0495858
BinVal : 2 41 0.866667 0.0877707 0.0877707
BinVal : 2 42 1 0.0309157 0.0309157
BinVal : 2 43 1 0.0456491 0.0456491
BinVal : 2 44 1 0.0233703 0.0233703
BinVal : 2 45 1 0.0422902 0.0422902
BinVal : 2 46 1 0.0368657 0.0368657
BinVal : 2 47 1 0.0495858 0.0495858
BinVal : 2 48 1 0.0542655 0.0542655
BinVal : 2 49 1 0.0668855 0.0668855
BinVal : 2 50 1 0.0668855 0.0668855
BinVal : 2 51 1 0.0542655 0.0542655
BinVal : 2 52 1 0.0668855 0.0668855
BinVal : 2 53 1 0.0871301 0.0871301
BinVal : 2 54 1 0.159077 0.159077
BinVal : 2 55 1 0.102643 0.102643
BinVal : 2 56 1 0.0495858 0.0495858
BinVal : 2 57 1 0.159077 0.159077
BinVal : 2 58 1 0.0756803 0.0756803
BinVal : 2 59 1 0.102643 0.102643
BinVal : 2 60 1 0.0224566 0.0224566
BinVal : 2 61 1 0.0368657 0.0368657
BinVal : 2 62 1 0.0456491 0.0456491
BinVal : 2 63 1 0.0599198 0.0599198
BinVal : 2 64 1 0.0456491 0.0456491
BinVal : 2 65 1 0.0542655 0.0542655
BinVal : 2 66 1 0.124824 0.124824
BinVal : 2 67 1 0.0871301 0.0871301
BinVal : 2 68 1 0.159077 0.159077
BinVal : 2 69 1 0.0871301 0.0871301
BinVal : 2 70 1 0.218486 0.218486
BinVal : 2 71 1 0.218486 0.218486
BinVal : 2 72 1 0.0542655 0.0542655
BinVal : 3 0 0 0 0
BinVal : 3 1 0 0 0
BinVal : 3 2 0 0 0
BinVal : 3 3 0 0 0
BinVal : 3 4 0 0 0
BinVal : 3 5 0 0 0
BinVal : 3 6 0 0 0
BinVal : 3 7 0 0 0
BinVal : 3 8 0 0 0
BinVal : 3 9 0 0 0
BinVal : 3 10 0 0 0
BinVal : 3 11 0 0 0
BinVal : 3 12 0 0 0
BinVal : 3 13 0 0 0
BinVal : 3 14 0 0 0
BinVal : 3 15 0.487805 0.0780637 0.0780637
BinVal : 3 16 0.761905 0.0464714 0.0464714
BinVal : 3 17 0.858896 0.0272676 0.0272676
BinVal : 3 18 0.890323 0.0250996 0.0250996
BinVal : 3 19 0.940298 0.0204679 0.0204679
BinVal : 3 20 0.936709 0.0193707 0.0193707
BinVal : 3 21 0.981013 0.0108578 0.0108578
BinVal : 3 22 1 0.00371599 0.00371599
BinVal : 3 23 0.992806 0.00716832 0.00716832
BinVal : 3 24 1 0.00411558 0.00411558
BinVal : 3 25 0.991935 0.00803193 0.00803193
BinVal : 3 26 1 0.00446749 0.00446749
BinVal : 3 27 1 0.00510263 0.00510263
BinVal : 3 28 0.983333 0.0116865 0.0116865
BinVal : 3 29 1 0.00641298 0.00641298
BinVal : 3 30 1 0.00601053 0.00601053
BinVal : 3 31 1 0.00510263 0.00510263
BinVal : 3 32 1 0.00695658 0.00695658
BinVal : 3 33 1 0.0074048 0.0074048
BinVal : 3 34 1 0.00663519 0.00663519
BinVal : 3 35 1 0.00997686 0.00997686
BinVal : 3 36 1 0.00964212 0.00964212
BinVal : 3 37 1 0.0103354 0.0103354
BinVal : 3 38 1 0.0105252 0.0105252
BinVal : 3 39 1 0.0101533 0.0101533
BinVal : 3 40 1 0.0109258 0.0109258
BinVal : 3 41 1 0.0157046 0.0157046
BinVal : 3 42 1 0.0109258 0.0109258
BinVal : 3 43 1 0.0115867 0.0115867
BinVal : 3 44 1 0.0148902 0.0148902
BinVal : 3 45 1 0.0201001 0.0201001
BinVal : 3 46 1 0.0131822 0.0131822
BinVal : 3 47 1 0.0161462 0.0161462
BinVal : 3 48 1 0.018786 0.018786
BinVal : 3 49 1 0.0266185 0.0266185
BinVal : 3 50 1 0.0233703 0.0233703
BinVal : 3 51 1 0.0233703 0.0233703
BinVal : 3 52 1 0.0208287 0.0208287
BinVal : 3 53 1 0.0346427 0.0346427
BinVal : 3 54 1 0.0309157 0.0309157
BinVal : 3 55 1 0.0309157 0.0309157
BinVal : 3 56 1 0.0368657 0.0368657
BinVal : 3 57 1 0.0266185 0.0266185
BinVal : 3 58 1 0.0368657 0.0368657
BinVal : 3 59 1 0.0495858 0.0495858
BinVal : 3 60 1 0.0126033 0.0126033
BinVal : 3 61 1 0.0131822 0.0131822
BinVal : 3 62 1 0.0171075 0.0171075
BinVal : 3 63 1 0.0243611 0.0243611
BinVal : 3 64 1 0.0309157 0.0309157
BinVal : 3 65 1 0.0495858 0.0495858
BinVal : 3 66 1 0.039392 0.039392
BinVal : 3 67 1 0.0599198 0.0599198
BinVal : 3 68 1 0.102643 0.102643
BinVal : 3 69 1 0.0599198 0.0599198
BinVal : 3 70 1 0.0668855 0.0668855
BinVal : 3 71 1 0.0495858 0.0495858
BinVal : 3 72 1 0.0293374 0.0293374
BinVal : 4 0 0 0 0
BinVal : 4 1 0 0 0
BinVal : 4 2 0 0 0
BinVal : 4 3 0 0 0
BinVal : 4 4 0 0 0
BinVal : 4 5 0 0 0
BinVal : 4 6 0 0 0
BinVal : 4 7 0 0 0
BinVal : 4 8 0 0 0
BinVal : 4 9 0 0 0
BinVal : 4 10 0 0 0
BinVal : 4 11 0 0 0
BinVal : 4 12 0 0 0
BinVal : 4 13 0 0 0
BinVal : 4 14 0 0 0
BinVal : 4 15 0.428571 0.187044 0.187044
BinVal : 4 16 0.384615 0.134932 0.134932
BinVal : 4 17 0.5 0.102062 0.102062
BinVal : 4 18 0.62069 0.0901022 0.0901022
BinVal : 4 19 0.891892 0.0510487 0.0510487
BinVal : 4 20 0.72093 0.068402 0.068402
BinVal : 4 21 0.846154 0.0707589 0.0707589
BinVal : 4 22 0.875 0.0584634 0.0584634
BinVal : 4 23 0.947368 0.0362235 0.0362235
BinVal : 4 24 0.972222 0.0273893 0.0273893
BinVal : 4 25 0.970588 0.028976 0.028976
BinVal : 4 26 0.970588 0.028976 0.028976
BinVal : 4 27 1 0.0224566 0.0224566
BinVal : 4 28 0.965517 0.033883 0.033883
BinVal : 4 29 1 0.0194201 0.0194201
BinVal : 4 30 1 0.0279117 0.0279117
BinVal : 4 31 0.966667 0.0327731 0.0327731
BinVal : 4 32 0.970588 0.028976 0.028976
BinVal : 4 33 1 0.0346427 0.0346427
BinVal : 4 34 0.944444 0.0539903 0.0539903
BinVal : 4 35 1 0.0233703 0.0233703
BinVal : 4 36 1 0.0279117 0.0279117
BinVal : 4 37 1 0.0293374 0.0293374
BinVal : 4 38 1 0.0224566 0.0224566
BinVal : 4 39 1 0.0668855 0.0668855
BinVal : 4 40 1 0.0326734 0.0326734
BinVal : 4 41 1 0.0495858 0.0495858
BinVal : 4 42 1 0.0293374 0.0293374
BinVal : 4 43 1 0.0495858 0.0495858
BinVal : 4 44 1 0.0422902 0.0422902
BinVal : 4 45 1 0.0599198 0.0599198
BinVal : 4 46 1 0.0368657 0.0368657
BinVal : 4 47 1 0.0495858 0.0495858
BinVal : 4 48 1 0.0495858 0.0495858
BinVal : 4 49 1 0.0756803 0.0756803
BinVal : 4 50 1 0.0756803 0.0756803
BinVal : 4 51 1 0.0542655 0.0542655
BinVal : 4 52 1 0.0456491 0.0456491
BinVal : 4 53 1 0.124824 0.124824
BinVal : 4 54 1 0.0756803 0.0756803
BinVal : 4 55 1 0.0668855 0.0668855
BinVal : 4 56 1 0.0871301 0.0871301
BinVal : 4 57 0 0 0
BinVal : 4 58 1 0.159077 0.159077
BinVal : 4 59 1 0.124824 0.124824
BinVal : 4 60 1 0.0224566 0.0224566
BinVal : 4 61 1 0.0368657 0.0368657
BinVal : 4 62 1 0.0422902 0.0422902
BinVal : 4 63 1 0.0542655 0.0542655
BinVal : 4 64 1 0.0668855 0.0668855
BinVal : 4 65 1 0.0871301 0.0871301
BinVal : 4 66 1 0.102643 0.102643
BinVal : 4 67 1 0.124824 0.124824
BinVal : 4 68 1 0.102643 0.102643
BinVal : 4 69 1 0.218486 0.218486
BinVal : 4 70 0 0 0
BinVal : 4 71 1 0.159077 0.159077
BinVal : 4 72 1 0.0599198 0.0599198
BinVal : 5 0 0 0 0
BinVal : 5 1 0 0 0
BinVal : 5 2 0 0 0
BinVal : 5 3 0 0 0
BinVal : 5 4 0 0 0
BinVal : 5 5 0 0 0
BinVal : 5 6 0 0 0
BinVal : 5 7 0 0 0
BinVal : 5 8 0 0 0
BinVal : 5 9 0 0 0
BinVal : 5 10 0 0 0
BinVal : 5 11 0 0 0
BinVal : 5 12 0 0 0
BinVal : 5 13 0 0 0
BinVal : 5 14 0 0 0
BinVal : 5 15 0.684211 0.106639 0.106639
BinVal : 5 16 0.724138 0.0829961 0.0829961
BinVal : 5 17 0.76087 0.0628917 0.0628917
BinVal : 5 18 0.863636 0.0517355 0.0517355
BinVal : 5 19 0.877551 0.0468291 0.0468291
BinVal : 5 20 0.959184 0.0282664 0.0282664
BinVal : 5 21 0.9375 0.0349386 0.0349386
BinVal : 5 22 0.964286 0.0247988 0.0247988
BinVal : 5 23 0.981818 0.0180158 0.0180158
BinVal : 5 24 0.977778 0.0219739 0.0219739
BinVal : 5 25 0.971429 0.0281603 0.0281603
BinVal : 5 26 1 0.0148902 0.0148902
BinVal : 5 27 0.97561 0.024091 0.024091
BinVal : 5 28 1 0.0166125 0.0166125
BinVal : 5 29 1 0.0141568 0.0141568
BinVal : 5 30 1 0.0254407 0.0254407
BinVal : 5 31 1 0.0181909 0.0181909
BinVal : 5 32 1 0.0309157 0.0309157
BinVal : 5 33 0.944444 0.0539903 0.0539903
BinVal : 5 34 1 0.0266185 0.0266185
BinVal : 5 35 1 0.0254407 0.0254407
BinVal : 5 36 1 0.0266185 0.0266185
BinVal : 5 37 0.941176 0.0570672 0.0570672
BinVal : 5 38 0.904762 0.0640564 0.0640564
BinVal : 5 39 1 0.0309157 0.0309157
BinVal : 5 40 1 0.0456491 0.0456491
BinVal : 5 41 1 0.039392 0.039392
BinVal : 5 42 1 0.0599198 0.0599198
BinVal : 5 43 1 0.0368657 0.0368657
BinVal : 5 44 1 0.0456491 0.0456491
BinVal : 5 45 1 0.0495858 0.0495858
BinVal : 5 46 1 0.0368657 0.0368657
BinVal : 5 47 1 0.0456491 0.0456491
BinVal : 5 48 1 0.0871301 0.0871301
BinVal : 5 49 1 0.0871301 0.0871301
BinVal : 5 50 1 0.0756803 0.0756803
BinVal : 5 51 0 0 0
BinVal : 5 52 1 0.0871301 0.0871301
BinVal : 5 53 0.8 0.178885 0.178885
BinVal : 5 54 1 0.102643 0.102643
BinVal : 5 55 1 0.124824 0.124824
BinVal : 5 56 1 0.159077 0.159077
BinVal : 5 57 1 0.0668855 0.0668855
BinVal : 5 58 1 0.102643 0.102643
BinVal : 5 59 1 0.159077 0.159077
BinVal : 5 60 1 0.0326734 0.0326734
BinVal : 5 61 1 0.0599198 0.0599198
BinVal : 5 62 1 0.0422902 0.0422902
BinVal : 5 63 1 0.0756803 0.0756803
BinVal : 5 64 1 0.0871301 0.0871301
BinVal : 5 65 1 0.124824 0.124824
BinVal : 5 66 1 0.124824 0.124824
BinVal : 5 67 1 0.102643 0.102643
BinVal : 5 68 1 0.218486 0.218486
BinVal : 5 69 1 0.218486 0.218486
BinVal : 5 70 0 0 0
BinVal : 5 71 0 0 0
BinVal : 5 72 1 0.124824 0.124824
BinVal : 6 0 0 0 0
BinVal : 6 1 0 0 0
BinVal : 6 2 0 0 0
BinVal : 6 3 0 0 0
BinVal : 6 4 0 0 0
BinVal : 6 5 0 0 0
BinVal : 6 6 0 0 0
BinVal : 6 7 0 0 0
BinVal : 6 8 0 0 0
BinVal : 6 9 0 0 0
BinVal : 6 10 0 0 0
BinVal : 6 11 0 0 0
BinVal : 6 12 0 0 0
BinVal : 6 13 0 0 0
BinVal : 6 14 0 0 0
BinVal : 6 15 0 0 0
BinVal : 6 16 0 0 0
BinVal : 6 17 0 0 0
BinVal : 6 18 0 0 0
BinVal : 6 19 0 0 0
BinVal : 6 20 0 0 0
BinVal : 6 21 0 0 0
BinVal : 6 22 0 0 0
BinVal : 6 23 0 0 0
BinVal : 6 24 0 0 0
BinVal : 6 25 0 0 0
BinVal : 6 26 0 0 0
BinVal : 6 27 0 0 0
BinVal : 6 28 0 0 0
BinVal : 6 29 0 0 0
BinVal : 6 30 0 0 0
BinVal : 6 31 0 0 0
BinVal : 6 32 0 0 0
BinVal : 6 33 0 0 0
BinVal : 6 34 0 0 0
BinVal : 6 35 0 0 0
BinVal : 6 36 0 0 0
BinVal : 6 37 0 0 0
BinVal : 6 38 0 0 0
BinVal : 6 39 0 0 0
BinVal : 6 40 0 0 0
BinVal : 6 41 0 0 0
BinVal : 6 42 0 0 0
BinVal : 6 43 0 0 0
BinVal : 6 44 0 0 0
BinVal : 6 45 0 0 0
BinVal : 6 46 0 0 0
BinVal : 6 47 0 0 0
BinVal : 6 48 0 0 0
BinVal : 6 49 0 0 0
BinVal : 6 50 0 0 0
BinVal : 6 51 0 0 0
BinVal : 6 52 0 0 0
BinVal : 6 53 0 0 0
BinVal : 6 54 0 0 0
BinVal : 6 55 0 0 0
BinVal : 6 56 0 0 0
BinVal : 6 57 0 0 0
BinVal : 6 58 0 0 0
BinVal : 6 59 0 0 0
BinVal : 6 60 0 0 0
BinVal : 6 61 0 0 0
BinVal : 6 62 0 0 0
BinVal : 6 63 0 0 0
BinVal : 6 64 0 0 0
BinVal : 6 65 0 0 0
BinVal : 6 66 0 0 0
BinVal : 6 67 0 0 0
BinVal : 6 68 0 0 0
BinVal : 6 69 0 0 0
BinVal : 6 70 0 0 0
BinVal : 6 71 0 0 0
BinVal : 6 72 0 0 0


EffMethod : Ratio
EffName : TrigEff
EffType : Binned
EffVarNames : deteta pt
EffVersion : 1
ObjQuality : SCJET_9_10
ObjRelativeTo : goodJet_CJT(1,5)_ncu_JET(0,5)_8
ObjType : Jet
TriggerVersion : v11
BinEdgesX : -5 -3.2 -1.5 -0.8 0.8 1.5 3.2 5
BinEdgesY : 0 1 2 3 4 5 6 7 8 9 10 11 12 13 14 15 16 17 18 19 20 21 22 23 24 25 26 27 28 29 30 31 32 33 34 35 36 37 38 39 40 41 42 43 44 45 46 47 48 49 50 51 52 53 54 55 56 57 58 59 60 65 70 75 80 85 90 95 100 105 110 115 120 2000
BinVal : 0 0 0 0 0
BinVal : 0 1 0 0 0
BinVal : 0 2 0 0 0
BinVal : 0 3 0 0 0
BinVal : 0 4 0 0 0
BinVal : 0 5 0 0 0
BinVal : 0 6 0 0 0
BinVal : 0 7 0 0 0
BinVal : 0 8 0 0 0
BinVal : 0 9 0 0 0
BinVal : 0 10 0 0 0
BinVal : 0 11 0 0 0
BinVal : 0 12 0 0 0
BinVal : 0 13 0 0 0
BinVal : 0 14 0 0 0
BinVal : 0 15 0 0 0
BinVal : 0 16 0 0 0
BinVal : 0 17 0 0 0
BinVal : 0 18 0 0 0
BinVal : 0 19 0 0 0
BinVal : 0 20 0 0 0
BinVal : 0 21 0 0 0
BinVal : 0 22 0 0 0
BinVal : 0 23 0 0 0
BinVal : 0 24 0 0 0
BinVal : 0 25 0 0 0
BinVal : 0 26 0 0 0
BinVal : 0 27 0 0 0
BinVal : 0 28 0 0 0
BinVal : 0 29 0 0 0
BinVal : 0 30 0 0 0
BinVal : 0 31 0 0 0
BinVal : 0 32 0 0 0
BinVal : 0 33 0 0 0
BinVal : 0 34 0 0 0
BinVal : 0 35 0 0 0
BinVal : 0 36 0 0 0
BinVal : 0 37 0 0 0
BinVal : 0 38 0 0 0
BinVal : 0 39 0 0 0
BinVal : 0 40 0 0 0
BinVal : 0 41 0 0 0
BinVal : 0 42 0 0 0
BinVal : 0 43 0 0 0
BinVal : 0 44 0 0 0
BinVal : 0 45 0 0 0
BinVal : 0 46 0 0 0
BinVal : 0 47 0 0 0
BinVal : 0 48 0 0 0
BinVal : 0 49 0 0 0
BinVal : 0 50 0 0 0
BinVal : 0 51 0 0 0
BinVal : 0 52 0 0 0
BinVal : 0 53 0 0 0
BinVal : 0 54 0 0 0
BinVal : 0 55 0 0 0
BinVal : 0 56 0 0 0
BinVal : 0 57 0 0 0
BinVal : 0 58 0 0 0
BinVal : 0 59 0 0 0
BinVal : 0 60 0 0 0
BinVal : 0 61 0 0 0
BinVal : 0 62 0 0 0
BinVal : 0 63 0 0 0
BinVal : 0 64 0 0 0
BinVal : 0 65 0 0 0
BinVal : 0 66 0 0 0
BinVal : 0 67 0 0 0
BinVal : 0 68 0 0 0
BinVal : 0 69 0 0 0
BinVal : 0 70 0 0 0
BinVal : 0 71 0 0 0
BinVal : 0 72 0 0 0
BinVal : 1 0 0 0 0
BinVal : 1 1 0 0 0
BinVal : 1 2 0 0 0
BinVal : 1 3 0 0 0
BinVal : 1 4 0 0 0
BinVal : 1 5 0 0 0
BinVal : 1 6 0 0 0
BinVal : 1 7 0 0 0
BinVal : 1 8 0 0 0
BinVal : 1 9 0 0 0
BinVal : 1 10 0 0 0
BinVal : 1 11 0 0 0
BinVal : 1 12 0 0 0
BinVal : 1 13 0 0 0
BinVal : 1 14 0 0 0
BinVal : 1 15 0.707921 0.0319939 0.0319939
BinVal : 1 16 0.816092 0.0207673 0.0207673
BinVal : 1 17 0.818616 0.0188249 0.0188249
BinVal : 1 18 0.895706 0.0138216 0.0138216
BinVal : 1 19 0.932653 0.0113219 0.0113219
BinVal : 1 20 0.940695 0.0106811 0.0106811
BinVal : 1 21 0.951923 0.0093814 0.0093814
BinVal : 1 22 0.968944 0.00789311 0.00789311
BinVal : 1 23 0.982249 0.00586441 0.00586441
BinVal : 1 24 0.98434 0.00587238 0.00587238
BinVal : 1 25 0.981176 0.00659219 0.00659219
BinVal : 1 26 0.975728 0.00758171 0.00758171
BinVal : 1 27 0.989247 0.00534736 0.00534736
BinVal : 1 28 0.992268 0.00444676 0.00444676
BinVal : 1 29 0.991279 0.00501303 0.00501303
BinVal : 1 30 0.991379 0.00495566 0.00495566
BinVal : 1 31 0.986711 0.00660022 0.00660022
BinVal : 1 32 1 0.00216341 0.00216341
BinVal : 1 33 1 0.00250196 0.00250196
BinVal : 1 34 0.987124 0.00738568 0.00738568
BinVal : 1 35 0.991071 0.00628521 0.00628521
BinVal : 1 36 0.985507 0.00830654 0.00830654
BinVal : 1 37 1 0.00253534 0.00253534
BinVal : 1 38 0.983607 0.00938686 0.00938686
BinVal : 1 39 0.986577 0.00942745 0.00942745
BinVal : 1 40 0.992 0.00796794 0.00796794
BinVal : 1 41 1 0.00443316 0.00443316
BinVal : 1 42 0.983193 0.0117839 0.0117839
BinVal : 1 43 1 0.00634241 0.00634241
BinVal : 1 44 1 0.00524187 0.00524187
BinVal : 1 45 0.991071 0.00888862 0.00888862
BinVal : 1 46 1 0.00607347 0.00607347
BinVal : 1 47 0.988636 0.0112989 0.0112989
BinVal : 1 48 0.977012 0.0160674 0.0160674
BinVal : 1 49 1 0.00679159 0.00679159
BinVal : 1 50 1 0.00731039 0.00731039
BinVal : 1 51 1 0.00875998 0.00875998
BinVal : 1 52 1 0.0113578 0.0113578
BinVal : 1 53 0.979167 0.0206152 0.0206152
BinVal : 1 54 1 0.0103354 0.0103354
BinVal : 1 55 1 0.0109258 0.0109258
BinVal : 1 56 1 0.0105252 0.0105252
BinVal : 1 57 1 0.0148902 0.0148902
BinVal : 1 58 1 0.0134912 0.0134912
BinVal : 1 59 0.978723 0.021049 0.021049
BinVal : 1 60 1 0.00411558 0.00411558
BinVal : 1 61 0.989691 0.010256 0.010256
BinVal : 1 62 1 0.00813913 0.00813913
BinVal : 1 63 0.977778 0.0219739 0.0219739
BinVal : 1 64 1 0.0161462 0.0161462
BinVal : 1 65 1 0.0201001 0.0201001
BinVal : 1 66 1 0.0233703 0.0233703
BinVal : 1 67 1 0.0326734 0.0326734
BinVal : 1 68 1 0.0456491 0.0456491
BinVal : 1 69 1 0.0542655 0.0542655
BinVal : 1 70 1 0.0871301 0.0871301
BinVal : 1 71 1 0.0456491 0.0456491
BinVal : 1 72 1 0.0293374 0.0293374
BinVal : 2 0 0 0 0
BinVal : 2 1 0 0 0
BinVal : 2 2 0 0 0
BinVal : 2 3 0 0 0
BinVal : 2 4 0 0 0
BinVal : 2 5 0 0 0
BinVal : 2 6 0 0 0
BinVal : 2 7 0 0 0
BinVal : 2 8 0 0 0
BinVal : 2 9 0 0 0
BinVal : 2 10 0 0 0
BinVal : 2 11 0 0 0
BinVal : 2 12 0 0 0
BinVal : 2 13 0 0 0
BinVal : 2 14 0 0 0
BinVal : 2 15 0.325581 0.0714596 0.0714596
BinVal : 2 16 0.482143 0.0667727 0.0667727
BinVal : 2 17 0.560976 0.044747 0.044747
BinVal : 2 18 0.6 0.0365148 0.0365148
BinVal : 2 19 0.65285 0.0342678 0.0342678
BinVal : 2 20 0.780347 0.0314767 0.0314767
BinVal : 2 21 0.823789 0.0252879 0.0252879
BinVal : 2 22 0.823529 0.0256436 0.0256436
BinVal : 2 23 0.876652 0.0218256 0.0218256
BinVal : 2 24 0.909639 0.0222521 0.0222521
BinVal : 2 25 0.909091 0.0210226 0.0210226
BinVal : 2 26 0.928962 0.0189898 0.0189898
BinVal : 2 27 0.942029 0.0162425 0.0162425
BinVal : 2 28 0.970149 0.0120032 0.0120032
BinVal : 2 29 0.994475 0.00550958 0.00550958
BinVal : 2 30 0.968421 0.0126869 0.0126869
BinVal : 2 31 0.984375 0.00895034 0.00895034
BinVal : 2 32 0.987654 0.00867566 0.00867566
BinVal : 2 33 0.982659 0.00992467 0.00992467
BinVal : 2 34 0.992857 0.0071173 0.0071173
BinVal : 2 35 0.986301 0.00961982 0.00961982
BinVal : 2 36 0.992188 0.00778192 0.00778192
BinVal : 2 37 1 0.00446749 0.00446749
BinVal : 2 38 0.990741 0.00921629 0.00921629
BinVal : 2 39 0.972727 0.0155297 0.0155297
BinVal : 2 40 1 0.00492716 0.00492716
BinVal : 2 41 0.990476 0.00947835 0.00947835
BinVal : 2 42 1 0.00721884 0.00721884
BinVal : 2 43 1 0.00704145 0.00704145
BinVal : 2 44 1 0.00802565 0.00802565
BinVal : 2 45 0.986301 0.0136045 0.0136045
BinVal : 2 46 1 0.0088954 0.0088954
BinVal : 2 47 0.983607 0.0162585 0.0162585
BinVal : 2 48 1 0.0109258 0.0109258
BinVal : 2 49 1 0.0105252 0.0105252
BinVal : 2 50 1 0.0083766 0.0083766
BinVal : 2 51 1 0.00932837 0.00932837
BinVal : 2 52 1 0.0123324 0.0123324
BinVal : 2 53 1 0.0105252 0.0105252
BinVal : 2 54 0.978723 0.021049 0.021049
BinVal : 2 55 1 0.0157046 0.0157046
BinVal : 2 56 1 0.0166125 0.0166125
BinVal : 2 57 1 0.0145144 0.0145144
BinVal : 2 58 1 0.0166125 0.0166125
BinVal : 2 59 1 0.0161462 0.0161462
BinVal : 2 60 0.986014 0.0098202 0.0098202
BinVal : 2 61 1 0.00538969 0.00538969
BinVal : 2 62 1 0.00641298 0.00641298
BinVal : 2 63 1 0.00712919 0.00712919
BinVal : 2 64 0.985507 0.0143874 0.0143874
BinVal : 2 65 1 0.0128865 0.0128865
BinVal : 2 66 1 0.017632 0.017632
BinVal : 2 67 1 0.0145144 0.0145144
BinVal : 2 68 1 0.0171075 0.0171075
BinVal : 2 69 1 0.0216126 0.0216126
BinVal : 2 70 1 0.0309157 0.0309157
BinVal : 2 71 1 0.0346427 0.0346427
BinVal : 2 72 1 0.0101533 0.0101533
BinVal : 3 0 0 0 0
BinVal : 3 1 0 0 0
BinVal : 3 2 0 0 0
BinVal : 3 3 0 0 0
BinVal : 3 4 0 0 0
BinVal : 3 5 0 0 0
BinVal : 3 6 0 0 0
BinVal : 3 7 0 0 0
BinVal : 3 8 0 0 0
BinVal : 3 9 0 0 0
BinVal : 3 10 0 0 0
BinVal : 3 11 0 0 0
BinVal : 3 12 0 0 0
BinVal : 3 13 0 0 0
BinVal : 3 14 0 0 0
BinVal : 3 15 0.574561 0.0327431 0.0327431
BinVal : 3 16 0.707269 0.0201682 0.0201682
BinVal : 3 17 0.804428 0.0139108 0.0139108
BinVal : 3 18 0.871965 0.0111007 0.0111007
BinVal : 3 19 0.922652 0.00888013 0.00888013
BinVal : 3 20 0.948927 0.00703589 0.00703589
BinVal : 3 21 0.958121 0.00640205 0.00640205
BinVal : 3 22 0.972505 0.00521815 0.00521815
BinVal : 3 23 0.974155 0.00500268 0.00500268
BinVal : 3 24 0.985961 0.00386626 0.00386626
BinVal : 3 25 0.986471 0.00387891 0.00387891
BinVal : 3 26 0.989796 0.00338396 0.00338396
BinVal : 3 27 0.992519 0.00304278 0.00304278
BinVal : 3 28 0.985577 0.00413345 0.00413345
BinVal : 3 29 0.990358 0.00362667 0.00362667
BinVal : 3 30 0.992928 0.00315155 0.00315155
BinVal : 3 31 0.99403 0.00297615 0.00297615
BinVal : 3 32 0.99495 0.00290854 0.00290854
BinVal : 3 33 0.988562 0.00429833 0.00429833
BinVal : 3 34 0.996255 0.00264338 0.00264338
BinVal : 3 35 0.988024 0.00485984 0.00485984
BinVal : 3 36 0.993763 0.00358969 0.00358969
BinVal : 3 37 0.995316 0.00330421 0.00330421
BinVal : 3 38 0.992248 0.0044582 0.0044582
BinVal : 3 39 0.997481 0.00251572 0.00251572
BinVal : 3 40 1 0.00183725 0.00183725
BinVal : 3 41 1 0.00179148 0.00179148
BinVal : 3 42 0.987097 0.00640985 0.00640985
BinVal : 3 43 0.992727 0.00512386 0.00512386
BinVal : 3 44 1 0.00244856 0.00244856
BinVal : 3 45 0.995595 0.00439557 0.00439557
BinVal : 3 46 0.994975 0.00501248 0.00501248
BinVal : 3 47 1 0.00283575 0.00283575
BinVal : 3 48 0.994536 0.00544953 0.00544953
BinVal : 3 49 0.994737 0.00524929 0.00524929
BinVal : 3 50 1 0.00369215 0.00369215
BinVal : 3 51 0.985075 0.0104748 0.0104748
BinVal : 3 52 0.992647 0.00732586 0.00732586
BinVal : 3 53 1 0.00439882 0.00439882
BinVal : 3 54 1 0.0048852 0.0048852
BinVal : 3 55 0.982906 0.0119835 0.0119835
BinVal : 3 56 1 0.0057683 0.0057683
BinVal : 3 57 1 0.00565481 0.00565481
BinVal : 3 58 1 0.00588655 0.00588655
BinVal : 3 59 1 0.00613832 0.00613832
BinVal : 3 60 1 0.00134993 0.00134993
BinVal : 3 61 0.99661 0.00338408 0.00338408
BinVal : 3 62 1 0.00264025 0.00264025
BinVal : 3 63 1 0.00327158 0.00327158
BinVal : 3 64 0.992126 0.00784295 0.00784295
BinVal : 3 65 0.986842 0.013071 0.013071
BinVal : 3 66 1 0.00731039 0.00731039
BinVal : 3 67 1 0.00997686 0.00997686
BinVal : 3 68 1 0.0105252 0.0105252
BinVal : 3 69 1 0.0115867 0.0115867
BinVal : 3 70 1 0.0126033 0.0126033
BinVal : 3 71 1 0.0157046 0.0157046
BinVal : 3 72 1 0.00374079 0.00374079
BinVal : 4 0 0 0 0
BinVal : 4 1 0 0 0
BinVal : 4 2 0 0 0
BinVal : 4 3 0 0 0
BinVal : 4 4 0 0 0
BinVal : 4 5 0 0 0
BinVal : 4 6 0 0 0
BinVal : 4 7 0 0 0
BinVal : 4 8 0 0 0
BinVal : 4 9 0 0 0
BinVal : 4 10 0 0 0
BinVal : 4 11 0 0 0
BinVal : 4 12 0 0 0
BinVal : 4 13 0 0 0
BinVal : 4 14 0 0 0
BinVal : 4 15 0.444444 0.0740741 0.0740741
BinVal : 4 16 0.5 0.0635001 0.0635001
BinVal : 4 17 0.700855 0.0423314 0.0423314
BinVal : 4 18 0.614213 0.0346817 0.0346817
BinVal : 4 19 0.735 0.031207 0.031207
BinVal : 4 20 0.780488 0.0289092 0.0289092
BinVal : 4 21 0.835052 0.0266459 0.0266459
BinVal : 4 22 0.887255 0.0221441 0.0221441
BinVal : 4 23 0.877358 0.0225289 0.0225289
BinVal : 4 24 0.93401 0.0176881 0.0176881
BinVal : 4 25 0.959596 0.0139934 0.0139934
BinVal : 4 26 0.93578 0.0166033 0.0166033
BinVal : 4 27 0.985577 0.0082669 0.0082669
BinVal : 4 28 0.975248 0.0109318 0.0109318
BinVal : 4 29 0.994845 0.00514134 0.00514134
BinVal : 4 30 0.966102 0.0136023 0.0136023
BinVal : 4 31 0.987952 0.00846788 0.00846788
BinVal : 4 32 0.976331 0.0116934 0.0116934
BinVal : 4 33 0.970588 0.014488 0.014488
BinVal : 4 34 0.98 0.011431 0.011431
BinVal : 4 35 0.987179 0.00900717 0.00900717
BinVal : 4 36 0.98 0.011431 0.011431
BinVal : 4 37 0.991071 0.00888862 0.00888862
BinVal : 4 38 0.982609 0.0121901 0.0121901
BinVal : 4 39 0.973684 0.0149922 0.0149922
BinVal : 4 40 0.980952 0.0133398 0.0133398
BinVal : 4 41 0.990909 0.00904949 0.00904949
BinVal : 4 42 1 0.00594759 0.00594759
BinVal : 4 43 0.978723 0.0148839 0.0148839
BinVal : 4 44 1 0.00750113 0.00750113
BinVal : 4 45 0.988636 0.0112989 0.0112989
BinVal : 4 46 1 0.00997686 0.00997686
BinVal : 4 47 1 0.00770235 0.00770235
BinVal : 4 48 1 0.00875998 0.00875998
BinVal : 4 49 1 0.00917959 0.00917959
BinVal : 4 50 1 0.00964212 0.00964212
BinVal : 4 51 0.983333 0.0165272 0.0165272
BinVal : 4 52 0.982456 0.0173893 0.0173893
BinVal : 4 53 1 0.0118251 0.0118251
BinVal : 4 54 0.974359 0.0253102 0.0253102
BinVal : 4 55 1 0.0126033 0.0126033
BinVal : 4 56 1 0.017632 0.017632
BinVal : 4 57 1 0.0131822 0.0131822
BinVal : 4 58 1 0.0131822 0.0131822
BinVal : 4 59 1 0.0194201 0.0194201
BinVal : 4 60 1 0.00389242 0.00389242
BinVal : 4 61 0.991525 0.00843859 0.00843859
BinVal : 4 62 1 0.00679159 0.00679159
BinVal : 4 63 1 0.00903559 0.00903559
BinVal : 4 64 1 0.0113578 0.0113578
BinVal : 4 65 1 0.0134912 0.0134912
BinVal : 4 66 1 0.0166125 0.0166125
BinVal : 4 67 1 0.0243611 0.0243611
BinVal : 4 68 1 0.0266185 0.0266185
BinVal : 4 69 1 0.0309157 0.0309157
BinVal : 4 70 1 0.0456491 0.0456491
BinVal : 4 71 1 0.0456491 0.0456491
BinVal : 4 72 1 0.0101533 0.0101533
BinVal : 5 0 0 0 0
BinVal : 5 1 0 0 0
BinVal : 5 2 0 0 0
BinVal : 5 3 0 0 0
BinVal : 5 4 0 0 0
BinVal : 5 5 0 0 0
BinVal : 5 6 0 0 0
BinVal : 5 7 0 0 0
BinVal : 5 8 0 0 0
BinVal : 5 9 0 0 0
BinVal : 5 10 0 0 0
BinVal : 5 11 0 0 0
BinVal : 5 12 0 0 0
BinVal : 5 13 0 0 0
BinVal : 5 14 0 0 0
BinVal : 5 15 0.639706 0.041167 0.041167
BinVal : 5 16 0.721014 0.0269966 0.0269966
BinVal : 5 17 0.793451 0.0203178 0.0203178
BinVal : 5 18 0.833724 0.0180182 0.0180182
BinVal : 5 19 0.86052 0.0168448 0.0168448
BinVal : 5 20 0.922049 0.0126522 0.0126522
BinVal : 5 21 0.957965 0.00943872 0.00943872
BinVal : 5 22 0.973154 0.00764494 0.00764494
BinVal : 5 23 0.970721 0.00800085 0.00800085
BinVal : 5 24 0.972637 0.00813665 0.00813665
BinVal : 5 25 0.980769 0.00673341 0.00673341
BinVal : 5 26 0.98615 0.00615105 0.00615105
BinVal : 5 27 0.97493 0.00825113 0.00825113
BinVal : 5 28 0.983871 0.00653133 0.00653133
BinVal : 5 29 0.982906 0.0069187 0.0069187
BinVal : 5 30 0.986532 0.00668851 0.00668851
BinVal : 5 31 0.996479 0.00351492 0.00351492
BinVal : 5 32 0.986441 0.00673354 0.00673354
BinVal : 5 33 0.984615 0.00763291 0.00763291
BinVal : 5 34 0.995455 0.00453511 0.00453511
BinVal : 5 35 0.99 0.00703562 0.00703562
BinVal : 5 36 1 0.00298262 0.00298262
BinVal : 5 37 1 0.00299883 0.00299883
BinVal : 5 38 1 0.00278044 0.00278044
BinVal : 5 39 0.994624 0.00536187 0.00536187
BinVal : 5 40 0.992806 0.00716832 0.00716832
BinVal : 5 41 1 0.00381517 0.00381517
BinVal : 5 42 0.984733 0.0107128 0.0107128
BinVal : 5 43 1 0.00492716 0.00492716
BinVal : 5 44 0.99 0.00994987 0.00994987
BinVal : 5 45 1 0.00601053 0.00601053
BinVal : 5 46 1 0.00627279 0.00627279
BinVal : 5 47 1 0.00492716 0.00492716
BinVal : 5 48 1 0.00750113 0.00750113
BinVal : 5 49 1 0.00750113 0.00750113
BinVal : 5 50 1 0.0083766 0.0083766
BinVal : 5 51 0.985714 0.0141833 0.0141833
BinVal : 5 52 1 0.0107217 0.0107217
BinVal : 5 53 1 0.0103354 0.0103354
BinVal : 5 54 1 0.0105252 0.0105252
BinVal : 5 55 1 0.0148902 0.0148902
BinVal : 5 56 0.974359 0.0253102 0.0253102
BinVal : 5 57 1 0.0166125 0.0166125
BinVal : 5 58 1 0.0118251 0.0118251
BinVal : 5 59 1 0.0138164 0.0138164
BinVal : 5 60 1 0.00394583 0.00394583
BinVal : 5 61 1 0.00464869 0.00464869
BinVal : 5 62 0.983333 0.0165272 0.0165272
BinVal : 5 63 1 0.0111375 0.0111375
BinVal : 5 64 1 0.0134912 0.0134912
BinVal : 5 65 1 0.018786 0.018786
BinVal : 5 66 1 0.0194201 0.0194201
BinVal : 5 67 1 0.0456491 0.0456491
BinVal : 5 68 1 0.0422902 0.0422902
BinVal : 5 69 1 0.0456491 0.0456491
BinVal : 5 70 1 0.0599198 0.0599198
BinVal : 5 71 1 0.0756803 0.0756803
BinVal : 5 72 1 0.0422902 0.0422902
BinVal : 6 0 0 0 0
BinVal : 6 1 0 0 0
BinVal : 6 2 0 0 0
BinVal : 6 3 0 0 0
BinVal : 6 4 0 0 0
BinVal : 6 5 0 0 0
BinVal : 6 6 0 0 0
BinVal : 6 7 0 0 0
BinVal : 6 8 0 0 0
BinVal : 6 9 0 0 0
BinVal : 6 10 0 0 0
BinVal : 6 11 0 0 0
BinVal : 6 12 0 0 0
BinVal : 6 13 0 0 0
BinVal : 6 14 0 0 0
BinVal : 6 15 0 0 0
BinVal : 6 16 0 0 0
BinVal : 6 17 0 0 0
BinVal : 6 18 0 0 0
BinVal : 6 19 0 0 0
BinVal : 6 20 0 0 0
BinVal : 6 21 0 0 0
BinVal : 6 22 0 0 0
BinVal : 6 23 0 0 0
BinVal : 6 24 0 0 0
BinVal : 6 25 0 0 0
BinVal : 6 26 0 0 0
BinVal : 6 27 0 0 0
BinVal : 6 28 0 0 0
BinVal : 6 29 0 0 0
BinVal : 6 30 0 0 0
BinVal : 6 31 0 0 0
BinVal : 6 32 0 0 0
BinVal : 6 33 0 0 0
BinVal : 6 34 0 0 0
BinVal : 6 35 0 0 0
BinVal : 6 36 0 0 0
BinVal : 6 37 0 0 0
BinVal : 6 38 0 0 0
BinVal : 6 39 0 0 0
BinVal : 6 40 0 0 0
BinVal : 6 41 0 0 0
BinVal : 6 42 0 0 0
BinVal : 6 43 0 0 0
BinVal : 6 44 0 0 0
BinVal : 6 45 0 0 0
BinVal : 6 46 0 0 0
BinVal : 6 47 0 0 0
BinVal : 6 48 0 0 0
BinVal : 6 49 0 0 0
BinVal : 6 50 0 0 0
BinVal : 6 51 0 0 0
BinVal : 6 52 0 0 0
BinVal : 6 53 0 0 0
BinVal : 6 54 0 0 0
BinVal : 6 55 0 0 0
BinVal : 6 56 0 0 0
BinVal : 6 57 0 0 0
BinVal : 6 58 0 0 0
BinVal : 6 59 0 0 0
BinVal : 6 60 0 0 0
BinVal : 6 61 0 0 0
BinVal : 6 62 0 0 0
BinVal : 6 63 0 0 0
BinVal : 6 64 0 0 0
BinVal : 6 65 0 0 0
BinVal : 6 66 0 0 0
BinVal : 6 67 0 0 0
BinVal : 6 68 0 0 0
BinVal : 6 69 0 0 0
BinVal : 6 70 0 0 0
BinVal : 6 71 0 0 0
BinVal : 6 72 0 0 0


