EffMethod : Ratio
EffName : TrigEff
EffType : Binned
EffVarNames : deteta pt
EffVersion : 1
ObjQuality : SC5JET_9_PV3_25
ObjRelativeTo : goodJet_CJT(1,5)_ncu_JET(0,5)_8
ObjType : Jet
TriggerVersion : v14
BinEdgesX : -5 -3.2 -1.5 -0.8 0.8 1.5 3.2 5
BinEdgesY : 0 1 2 3 4 5 6 7 8 9 10 11 12 13 14 15 16 17 18 19 20 21 22 23 24 25 26 27 28 29 30 31 32 33 34 35 36 37 38 39 40 41 42 43 44 45 46 47 48 49 50 51 52 53 54 55 56 57 58 59 60 65 70 75 80 85 90 95 100 105 110 115 120 2000
BinVal : 0 0 0 0 0
BinVal : 0 1 0 0 0
BinVal : 0 2 0 0 0
BinVal : 0 3 0 0 0
BinVal : 0 4 0 0 0
BinVal : 0 5 0 0 0
BinVal : 0 6 0 0 0
BinVal : 0 7 0 0 0
BinVal : 0 8 0 0 0
BinVal : 0 9 0 0 0
BinVal : 0 10 0 0 0
BinVal : 0 11 0 0 0
BinVal : 0 12 0 0 0
BinVal : 0 13 0 0 0
BinVal : 0 14 0 0 0
BinVal : 0 15 0 0 0
BinVal : 0 16 0 0 0
BinVal : 0 17 0 0 0
BinVal : 0 18 0 0 0
BinVal : 0 19 0 0 0
BinVal : 0 20 0 0 0
BinVal : 0 21 0 0 0
BinVal : 0 22 0 0 0
BinVal : 0 23 0 0 0
BinVal : 0 24 0 0 0
BinVal : 0 25 0 0 0
BinVal : 0 26 0 0 0
BinVal : 0 27 0 0 0
BinVal : 0 28 0 0 0
BinVal : 0 29 0 0 0
BinVal : 0 30 0 0 0
BinVal : 0 31 0 0 0
BinVal : 0 32 0 0 0
BinVal : 0 33 0 0 0
BinVal : 0 34 0 0 0
BinVal : 0 35 0 0 0
BinVal : 0 36 0 0 0
BinVal : 0 37 0 0 0
BinVal : 0 38 0 0 0
BinVal : 0 39 0 0 0
BinVal : 0 40 0 0 0
BinVal : 0 41 0 0 0
BinVal : 0 42 0 0 0
BinVal : 0 43 0 0 0
BinVal : 0 44 0 0 0
BinVal : 0 45 0 0 0
BinVal : 0 46 0 0 0
BinVal : 0 47 0 0 0
BinVal : 0 48 0 0 0
BinVal : 0 49 0 0 0
BinVal : 0 50 0 0 0
BinVal : 0 51 0 0 0
BinVal : 0 52 0 0 0
BinVal : 0 53 0 0 0
BinVal : 0 54 0 0 0
BinVal : 0 55 0 0 0
BinVal : 0 56 0 0 0
BinVal : 0 57 0 0 0
BinVal : 0 58 0 0 0
BinVal : 0 59 0 0 0
BinVal : 0 60 0 0 0
BinVal : 0 61 0 0 0
BinVal : 0 62 0 0 0
BinVal : 0 63 0 0 0
BinVal : 0 64 0 0 0
BinVal : 0 65 0 0 0
BinVal : 0 66 0 0 0
BinVal : 0 67 0 0 0
BinVal : 0 68 0 0 0
BinVal : 0 69 0 0 0
BinVal : 0 70 0 0 0
BinVal : 0 71 0 0 0
BinVal : 0 72 0 0 0
BinVal : 1 0 0 0 0
BinVal : 1 1 0 0 0
BinVal : 1 2 0 0 0
BinVal : 1 3 0 0 0
BinVal : 1 4 0 0 0
BinVal : 1 5 0 0 0
BinVal : 1 6 0 0 0
BinVal : 1 7 0 0 0
BinVal : 1 8 0 0 0
BinVal : 1 9 0 0 0
BinVal : 1 10 0 0 0
BinVal : 1 11 0 0 0
BinVal : 1 12 0 0 0
BinVal : 1 13 0 0 0
BinVal : 1 14 0 0 0
BinVal : 1 15 0 0 0
BinVal : 1 16 0 0 0
BinVal : 1 17 0.00199203 0.00140718 0.00140718
BinVal : 1 18 0 0 0
BinVal : 1 19 0.00084246 0.000842105 0.000842105
BinVal : 1 20 0 0 0
BinVal : 1 21 0.00158479 0.00111972 0.00111972
BinVal : 1 22 0.00249584 0.00143917 0.00143917
BinVal : 1 23 0.00239234 0.00137957 0.00137957
BinVal : 1 24 0 0 0
BinVal : 1 25 0.00431034 0.00192349 0.00192349
BinVal : 1 26 0.00624442 0.00235279 0.00235279
BinVal : 1 27 0.0083877 0.00278415 0.00278415
BinVal : 1 28 0.00915565 0.00303788 0.00303788
BinVal : 1 29 0.0187431 0.00450307 0.00450307
BinVal : 1 30 0.0331754 0.00616468 0.00616468
BinVal : 1 31 0.0807962 0.00932551 0.00932551
BinVal : 1 32 0.163889 0.0137956 0.0137956
BinVal : 1 33 0.195719 0.0155143 0.0155143
BinVal : 1 34 0.366987 0.0192948 0.0192948
BinVal : 1 35 0.533451 0.0209325 0.0209325
BinVal : 1 36 0.630522 0.0216287 0.0216287
BinVal : 1 37 0.688588 0.0203658 0.0203658
BinVal : 1 38 0.791866 0.0198568 0.0198568
BinVal : 1 39 0.785877 0.0195784 0.0195784
BinVal : 1 40 0.817439 0.020165 0.020165
BinVal : 1 41 0.850515 0.0181019 0.0181019
BinVal : 1 42 0.883792 0.0177223 0.0177223
BinVal : 1 43 0.909747 0.0172167 0.0172167
BinVal : 1 44 0.884615 0.0198137 0.0198137
BinVal : 1 45 0.929167 0.01656 0.01656
BinVal : 1 46 0.900901 0.0200538 0.0200538
BinVal : 1 47 0.946903 0.0149154 0.0149154
BinVal : 1 48 0.920188 0.0185688 0.0185688
BinVal : 1 49 0.938202 0.0180478 0.0180478
BinVal : 1 50 0.935294 0.0188678 0.0188678
BinVal : 1 51 0.95 0.0172301 0.0172301
BinVal : 1 52 0.965986 0.0149504 0.0149504
BinVal : 1 53 0.909722 0.0238816 0.0238816
BinVal : 1 54 0.951613 0.0192701 0.0192701
BinVal : 1 55 0.95098 0.0213782 0.0213782
BinVal : 1 56 0.978022 0.0153691 0.0153691
BinVal : 1 57 0.942857 0.0226521 0.0226521
BinVal : 1 58 0.988095 0.0118337 0.0118337
BinVal : 1 59 0.926829 0.0287582 0.0287582
BinVal : 1 60 0.984756 0.00676512 0.00676512
BinVal : 1 61 0.978261 0.00961578 0.00961578
BinVal : 1 62 0.974359 0.0126551 0.0126551
BinVal : 1 63 1 0.00480413 0.00480413
BinVal : 1 64 1 0.00731039 0.00731039
BinVal : 1 65 0.984127 0.0157465 0.0157465
BinVal : 1 66 1 0.0128865 0.0128865
BinVal : 1 67 1 0.0145144 0.0145144
BinVal : 1 68 1 0.0346427 0.0346427
BinVal : 1 69 1 0.0254407 0.0254407
BinVal : 1 70 1 0.039392 0.039392
BinVal : 1 71 1 0.0599198 0.0599198
BinVal : 1 72 1 0.0171075 0.0171075
BinVal : 2 0 0 0 0
BinVal : 2 1 0 0 0
BinVal : 2 2 0 0 0
BinVal : 2 3 0 0 0
BinVal : 2 4 0 0 0
BinVal : 2 5 0 0 0
BinVal : 2 6 0 0 0
BinVal : 2 7 0 0 0
BinVal : 2 8 0 0 0
BinVal : 2 9 0 0 0
BinVal : 2 10 0 0 0
BinVal : 2 11 0 0 0
BinVal : 2 12 0 0 0
BinVal : 2 13 0 0 0
BinVal : 2 14 0 0 0
BinVal : 2 15 0 0 0
BinVal : 2 16 0 0 0
BinVal : 2 17 0 0 0
BinVal : 2 18 0 0 0
BinVal : 2 19 0 0 0
BinVal : 2 20 0 0 0
BinVal : 2 21 0 0 0
BinVal : 2 22 0 0 0
BinVal : 2 23 0.00297177 0.00209823 0.00209823
BinVal : 2 24 0 0 0
BinVal : 2 25 0.00327332 0.0023108 0.0023108
BinVal : 2 26 0.00314961 0.0022236 0.0022236
BinVal : 2 27 0.00156495 0.00156372 0.00156372
BinVal : 2 28 0.00164474 0.00164338 0.00164338
BinVal : 2 29 0.00884956 0.00394009 0.00394009
BinVal : 2 30 0.0198915 0.00593756 0.00593756
BinVal : 2 31 0.030303 0.00746009 0.00746009
BinVal : 2 32 0.0539419 0.0102896 0.0102896
BinVal : 2 33 0.102204 0.0135604 0.0135604
BinVal : 2 34 0.151807 0.0176145 0.0176145
BinVal : 2 35 0.28536 0.0224951 0.0224951
BinVal : 2 36 0.375 0.0242061 0.0242061
BinVal : 2 37 0.532178 0.0248244 0.0248244
BinVal : 2 38 0.622995 0.0250599 0.0250599
BinVal : 2 39 0.730114 0.02366 0.02366
BinVal : 2 40 0.808442 0.0224233 0.0224233
BinVal : 2 41 0.874074 0.0201906 0.0201906
BinVal : 2 42 0.841328 0.0221946 0.0221946
BinVal : 2 43 0.859438 0.0220263 0.0220263
BinVal : 2 44 0.889313 0.0193832 0.0193832
BinVal : 2 45 0.895582 0.0193794 0.0193794
BinVal : 2 46 0.86385 0.0234984 0.0234984
BinVal : 2 47 0.91133 0.0199516 0.0199516
BinVal : 2 48 0.929825 0.0195342 0.0195342
BinVal : 2 49 0.898936 0.0219828 0.0219828
BinVal : 2 50 0.917808 0.0227307 0.0227307
BinVal : 2 51 0.921875 0.0237206 0.0237206
BinVal : 2 52 0.9375 0.0213954 0.0213954
BinVal : 2 53 0.929825 0.0239244 0.0239244
BinVal : 2 54 0.946154 0.0197964 0.0197964
BinVal : 2 55 0.940171 0.0219264 0.0219264
BinVal : 2 56 0.955357 0.0195142 0.0195142
BinVal : 2 57 0.93 0.0255147 0.0255147
BinVal : 2 58 0.940594 0.023521 0.023521
BinVal : 2 59 0.972222 0.0158132 0.0158132
BinVal : 2 60 0.96088 0.00958675 0.00958675
BinVal : 2 61 0.954545 0.012317 0.012317
BinVal : 2 62 0.97479 0.0101614 0.0101614
BinVal : 2 63 0.990196 0.00689835 0.00689835
BinVal : 2 64 0.978261 0.0124139 0.0124139
BinVal : 2 65 1 0.00582743 0.00582743
BinVal : 2 66 1 0.00903559 0.00903559
BinVal : 2 67 0.981818 0.0180158 0.0180158
BinVal : 2 68 1 0.00875998 0.00875998
BinVal : 2 69 1 0.0138164 0.0138164
BinVal : 2 70 1 0.0171075 0.0171075
BinVal : 2 71 1 0.018786 0.018786
BinVal : 2 72 1 0.00519514 0.00519514
BinVal : 3 0 0 0 0
BinVal : 3 1 0 0 0
BinVal : 3 2 0 0 0
BinVal : 3 3 0 0 0
BinVal : 3 4 0 0 0
BinVal : 3 5 0 0 0
BinVal : 3 6 0 0 0
BinVal : 3 7 0 0 0
BinVal : 3 8 0 0 0
BinVal : 3 9 0 0 0
BinVal : 3 10 0 0 0
BinVal : 3 11 0 0 0
BinVal : 3 12 0 0 0
BinVal : 3 13 0 0 0
BinVal : 3 14 0 0 0
BinVal : 3 15 0 0 0
BinVal : 3 16 0 0 0
BinVal : 3 17 0 0 0
BinVal : 3 18 0 0 0
BinVal : 3 19 0 0 0
BinVal : 3 20 0 0 0
BinVal : 3 21 0 0 0
BinVal : 3 22 0 0 0
BinVal : 3 23 0 0 0
BinVal : 3 24 0.000671817 0.000474887 0.000474887
BinVal : 3 25 0.000351617 0.000351556 0.000351556
BinVal : 3 26 0.00215363 0.000878267 0.000878267
BinVal : 3 27 0.00374392 0.00118171 0.00118171
BinVal : 3 28 0.00875099 0.00185754 0.00185754
BinVal : 3 29 0.0247379 0.00318052 0.00318052
BinVal : 3 30 0.0600838 0.0051287 0.0051287
BinVal : 3 31 0.120316 0.00722421 0.00722421
BinVal : 3 32 0.242111 0.00974303 0.00974303
BinVal : 3 33 0.389923 0.0114138 0.0114138
BinVal : 3 34 0.535692 0.0125349 0.0125349
BinVal : 3 35 0.657827 0.0120663 0.0120663
BinVal : 3 36 0.773224 0.0109441 0.0109441
BinVal : 3 37 0.83222 0.0101814 0.0101814
BinVal : 3 38 0.849026 0.0102001 0.0102001
BinVal : 3 39 0.877193 0.00972091 0.00972091
BinVal : 3 40 0.886497 0.0099224 0.0099224
BinVal : 3 41 0.89485 0.0100478 0.0100478
BinVal : 3 42 0.892734 0.0105095 0.0105095
BinVal : 3 43 0.905225 0.01021 0.01021
BinVal : 3 44 0.902133 0.0105251 0.0105251
BinVal : 3 45 0.937269 0.00850407 0.00850407
BinVal : 3 46 0.936508 0.00971505 0.00971505
BinVal : 3 47 0.943144 0.0094695 0.0094695
BinVal : 3 48 0.940631 0.0101788 0.0101788
BinVal : 3 49 0.934066 0.0106206 0.0106206
BinVal : 3 50 0.9389 0.0108091 0.0108091
BinVal : 3 51 0.933941 0.0118548 0.0118548
BinVal : 3 52 0.955189 0.0100474 0.0100474
BinVal : 3 53 0.968447 0.00861216 0.00861216
BinVal : 3 54 0.983562 0.00665554 0.00665554
BinVal : 3 55 0.972376 0.00861407 0.00861407
BinVal : 3 56 0.979769 0.00756893 0.00756893
BinVal : 3 57 0.987302 0.00630877 0.00630877
BinVal : 3 58 0.985185 0.00735233 0.00735233
BinVal : 3 59 0.989091 0.00626392 0.00626392
BinVal : 3 60 0.983748 0.00390962 0.00390962
BinVal : 3 61 0.993719 0.00280029 0.00280029
BinVal : 3 62 0.99179 0.0036566 0.0036566
BinVal : 3 63 1 0.00124693 0.00124693
BinVal : 3 64 1 0.00175333 0.00175333
BinVal : 3 65 1 0.00188017 0.00188017
BinVal : 3 66 1 0.00260401 0.00260401
BinVal : 3 67 1 0.00338697 0.00338697
BinVal : 3 68 1 0.00408602 0.00408602
BinVal : 3 69 1 0.00560045 0.00560045
BinVal : 3 70 1 0.00620508 0.00620508
BinVal : 3 71 1 0.00948286 0.00948286
BinVal : 3 72 1 0.00169134 0.00169134
BinVal : 4 0 0 0 0
BinVal : 4 1 0 0 0
BinVal : 4 2 0 0 0
BinVal : 4 3 0 0 0
BinVal : 4 4 0 0 0
BinVal : 4 5 0 0 0
BinVal : 4 6 0 0 0
BinVal : 4 7 0 0 0
BinVal : 4 8 0 0 0
BinVal : 4 9 0 0 0
BinVal : 4 10 0 0 0
BinVal : 4 11 0 0 0
BinVal : 4 12 0 0 0
BinVal : 4 13 0 0 0
BinVal : 4 14 0 0 0
BinVal : 4 15 0 0 0
BinVal : 4 16 0 0 0
BinVal : 4 17 0 0 0
BinVal : 4 18 0 0 0
BinVal : 4 19 0 0 0
BinVal : 4 20 0.00168634 0.00168492 0.00168492
BinVal : 4 21 0 0 0
BinVal : 4 22 0 0 0
BinVal : 4 23 0 0 0
BinVal : 4 24 0 0 0
BinVal : 4 25 0 0 0
BinVal : 4 26 0.0015674 0.00156617 0.00156617
BinVal : 4 27 0.00328407 0.00231837 0.00231837
BinVal : 4 28 0.00157233 0.00157109 0.00157109
BinVal : 4 29 0.00505902 0.00291343 0.00291343
BinVal : 4 30 0.00919118 0.00409149 0.00409149
BinVal : 4 31 0.00776699 0.00386838 0.00386838
BinVal : 4 32 0.0272374 0.00717967 0.00717967
BinVal : 4 33 0.0475113 0.0101185 0.0101185
BinVal : 4 34 0.0681319 0.0118126 0.0118126
BinVal : 4 35 0.178404 0.0185493 0.0185493
BinVal : 4 36 0.266821 0.0213048 0.0213048
BinVal : 4 37 0.441558 0.0253077 0.0253077
BinVal : 4 38 0.593583 0.0253975 0.0253975
BinVal : 4 39 0.675978 0.024735 0.024735
BinVal : 4 40 0.755287 0.0236304 0.0236304
BinVal : 4 41 0.829431 0.0217522 0.0217522
BinVal : 4 42 0.85274 0.0207377 0.0207377
BinVal : 4 43 0.817844 0.0235332 0.0235332
BinVal : 4 44 0.900763 0.018471 0.018471
BinVal : 4 45 0.854772 0.0226956 0.0226956
BinVal : 4 46 0.867841 0.0224779 0.0224779
BinVal : 4 47 0.9 0.0223607 0.0223607
BinVal : 4 48 0.903955 0.0221475 0.0221475
BinVal : 4 49 0.942105 0.0169431 0.0169431
BinVal : 4 50 0.920245 0.0212195 0.0212195
BinVal : 4 51 0.927152 0.0211492 0.0211492
BinVal : 4 52 0.904762 0.0242111 0.0242111
BinVal : 4 53 0.895833 0.0254564 0.0254564
BinVal : 4 54 0.932203 0.0231429 0.0231429
BinVal : 4 55 0.922481 0.0235445 0.0235445
BinVal : 4 56 0.960938 0.0171247 0.0171247
BinVal : 4 57 0.923077 0.0279336 0.0279336
BinVal : 4 58 0.963303 0.0180088 0.0180088
BinVal : 4 59 0.917526 0.0279307 0.0279307
BinVal : 4 60 0.95933 0.00966123 0.00966123
BinVal : 4 61 0.987261 0.00632873 0.00632873
BinVal : 4 62 0.969231 0.0123667 0.0123667
BinVal : 4 63 0.97006 0.0131877 0.0131877
BinVal : 4 64 0.983871 0.0113126 0.0113126
BinVal : 4 65 0.991304 0.00865776 0.00865776
BinVal : 4 66 0.988372 0.0115601 0.0115601
BinVal : 4 67 1 0.00917959 0.00917959
BinVal : 4 68 0.978723 0.021049 0.021049
BinVal : 4 69 1 0.0128865 0.0128865
BinVal : 4 70 1 0.0161462 0.0161462
BinVal : 4 71 1 0.0216126 0.0216126
BinVal : 4 72 1 0.00453806 0.00453806
BinVal : 5 0 0 0 0
BinVal : 5 1 0 0 0
BinVal : 5 2 0 0 0
BinVal : 5 3 0 0 0
BinVal : 5 4 0 0 0
BinVal : 5 5 0 0 0
BinVal : 5 6 0 0 0
BinVal : 5 7 0 0 0
BinVal : 5 8 0 0 0
BinVal : 5 9 0 0 0
BinVal : 5 10 0 0 0
BinVal : 5 11 0 0 0
BinVal : 5 12 0 0 0
BinVal : 5 13 0 0 0
BinVal : 5 14 0 0 0
BinVal : 5 15 0 0 0
BinVal : 5 16 0.00149925 0.00149813 0.00149813
BinVal : 5 17 0 0 0
BinVal : 5 18 0 0 0
BinVal : 5 19 0.000905797 0.000905387 0.000905387
BinVal : 5 20 0.000862813 0.00086244 0.00086244
BinVal : 5 21 0.00084317 0.000842815 0.000842815
BinVal : 5 22 0.00260417 0.00150156 0.00150156
BinVal : 5 23 0.000834028 0.000833681 0.000833681
BinVal : 5 24 0.00598802 0.00225647 0.00225647
BinVal : 5 25 0.00171233 0.00120976 0.00120976
BinVal : 5 26 0.00472144 0.0021065 0.0021065
BinVal : 5 27 0.00665399 0.00250659 0.00250659
BinVal : 5 28 0.00653595 0.00265956 0.00265956
BinVal : 5 29 0.0171429 0.00438816 0.00438816
BinVal : 5 30 0.0229885 0.00508096 0.00508096
BinVal : 5 31 0.0436954 0.0072227 0.0072227
BinVal : 5 32 0.106326 0.0113087 0.0113087
BinVal : 5 33 0.155492 0.0136866 0.0136866
BinVal : 5 34 0.290679 0.0180479 0.0180479
BinVal : 5 35 0.421053 0.0203437 0.0203437
BinVal : 5 36 0.546642 0.0215025 0.0215025
BinVal : 5 37 0.675248 0.0208383 0.0208383
BinVal : 5 38 0.706977 0.0219492 0.0219492
BinVal : 5 39 0.75 0.0220971 0.0220971
BinVal : 5 40 0.808081 0.0197897 0.0197897
BinVal : 5 41 0.85533 0.0177218 0.0177218
BinVal : 5 42 0.857605 0.0198798 0.0198798
BinVal : 5 43 0.888158 0.0180764 0.0180764
BinVal : 5 44 0.907143 0.0173447 0.0173447
BinVal : 5 45 0.908 0.0182796 0.0182796
BinVal : 5 46 0.939914 0.0155687 0.0155687
BinVal : 5 47 0.942982 0.0153564 0.0153564
BinVal : 5 48 0.913706 0.0200061 0.0200061
BinVal : 5 49 0.956522 0.016072 0.016072
BinVal : 5 50 0.955975 0.0162695 0.0162695
BinVal : 5 51 0.969512 0.0134251 0.0134251
BinVal : 5 52 0.958904 0.016429 0.016429
BinVal : 5 53 0.958678 0.0180941 0.0180941
BinVal : 5 54 0.96 0.0175271 0.0175271
BinVal : 5 55 0.981481 0.0129728 0.0129728
BinVal : 5 56 0.918367 0.0276584 0.0276584
BinVal : 5 57 0.988764 0.0111727 0.0111727
BinVal : 5 58 0.98913 0.0108103 0.0108103
BinVal : 5 59 0.965909 0.019344 0.019344
BinVal : 5 60 0.991826 0.00470016 0.00470016
BinVal : 5 61 0.973799 0.0105554 0.0105554
BinVal : 5 62 0.976608 0.0115583 0.0115583
BinVal : 5 63 0.991736 0.00823024 0.00823024
BinVal : 5 64 1 0.00679159 0.00679159
BinVal : 5 65 1 0.0113578 0.0113578
BinVal : 5 66 1 0.0126033 0.0126033
BinVal : 5 67 1 0.0152869 0.0152869
BinVal : 5 68 1 0.0194201 0.0194201
BinVal : 5 69 1 0.0243611 0.0243611
BinVal : 5 70 1 0.0326734 0.0326734
BinVal : 5 71 1 0.0756803 0.0756803
BinVal : 5 72 1 0.0171075 0.0171075
BinVal : 6 0 0 0 0
BinVal : 6 1 0 0 0
BinVal : 6 2 0 0 0
BinVal : 6 3 0 0 0
BinVal : 6 4 0 0 0
BinVal : 6 5 0 0 0
BinVal : 6 6 0 0 0
BinVal : 6 7 0 0 0
BinVal : 6 8 0 0 0
BinVal : 6 9 0 0 0
BinVal : 6 10 0 0 0
BinVal : 6 11 0 0 0
BinVal : 6 12 0 0 0
BinVal : 6 13 0 0 0
BinVal : 6 14 0 0 0
BinVal : 6 15 0 0 0
BinVal : 6 16 0 0 0
BinVal : 6 17 0 0 0
BinVal : 6 18 0 0 0
BinVal : 6 19 0 0 0
BinVal : 6 20 0 0 0
BinVal : 6 21 0 0 0
BinVal : 6 22 0 0 0
BinVal : 6 23 0 0 0
BinVal : 6 24 0 0 0
BinVal : 6 25 0 0 0
BinVal : 6 26 0 0 0
BinVal : 6 27 0 0 0
BinVal : 6 28 0 0 0
BinVal : 6 29 0 0 0
BinVal : 6 30 0 0 0
BinVal : 6 31 0 0 0
BinVal : 6 32 0 0 0
BinVal : 6 33 0 0 0
BinVal : 6 34 0 0 0
BinVal : 6 35 0 0 0
BinVal : 6 36 0 0 0
BinVal : 6 37 0 0 0
BinVal : 6 38 0 0 0
BinVal : 6 39 0 0 0
BinVal : 6 40 0 0 0
BinVal : 6 41 0 0 0
BinVal : 6 42 0 0 0
BinVal : 6 43 0 0 0
BinVal : 6 44 0 0 0
BinVal : 6 45 0 0 0
BinVal : 6 46 0 0 0
BinVal : 6 47 0 0 0
BinVal : 6 48 0 0 0
BinVal : 6 49 0 0 0
BinVal : 6 50 0 0 0
BinVal : 6 51 0 0 0
BinVal : 6 52 0 0 0
BinVal : 6 53 0 0 0
BinVal : 6 54 0 0 0
BinVal : 6 55 0 0 0
BinVal : 6 56 0 0 0
BinVal : 6 57 0 0 0
BinVal : 6 58 0 0 0
BinVal : 6 59 0 0 0
BinVal : 6 60 0 0 0
BinVal : 6 61 0 0 0
BinVal : 6 62 0 0 0
BinVal : 6 63 0 0 0
BinVal : 6 64 0 0 0
BinVal : 6 65 0 0 0
BinVal : 6 66 0 0 0
BinVal : 6 67 0 0 0
BinVal : 6 68 0 0 0
BinVal : 6 69 0 0 0
BinVal : 6 70 0 0 0
BinVal : 6 71 0 0 0
BinVal : 6 72 0 0 0


