EffMethod : Ratio
EffName : TrigEff
EffType : Binned
EffVarNames : deteta pt
EffVersion : 1
ObjQuality : JET(0,5)_10
ObjRelativeTo : goodJet_CJT(1,3)_ncu
ObjType : Jet
TriggerVersion : v12
BinEdgesX : -5 -3.2 -1.5 -0.8 0.8 1.5 3.2 5
BinEdgesY : 0 1 2 3 4 5 6 7 8 9 10 11 12 13 14 15 16 17 18 19 20 21 22 23 24 25 26 27 28 29 30 31 32 33 34 35 36 37 38 39 40 41 42 43 44 45 46 47 48 49 50 51 52 53 54 55 56 57 58 59 60 65 70 75 80 85 90 95 100 105 110 115 120 2000
BinVal : 0 0 0 0 0
BinVal : 0 1 0 0 0
BinVal : 0 2 0 0 0
BinVal : 0 3 0 0 0
BinVal : 0 4 0 0 0
BinVal : 0 5 0 0 0
BinVal : 0 6 0 0 0
BinVal : 0 7 0 0 0
BinVal : 0 8 0 0 0
BinVal : 0 9 0 0 0
BinVal : 0 10 0 0 0
BinVal : 0 11 0 0 0
BinVal : 0 12 0 0 0
BinVal : 0 13 0 0 0
BinVal : 0 14 0 0 0
BinVal : 0 15 0 0 0
BinVal : 0 16 0 0 0
BinVal : 0 17 0 0 0
BinVal : 0 18 0 0 0
BinVal : 0 19 0 0 0
BinVal : 0 20 0 0 0
BinVal : 0 21 0 0 0
BinVal : 0 22 0 0 0
BinVal : 0 23 0 0 0
BinVal : 0 24 0 0 0
BinVal : 0 25 0 0 0
BinVal : 0 26 0 0 0
BinVal : 0 27 0 0 0
BinVal : 0 28 0 0 0
BinVal : 0 29 0 0 0
BinVal : 0 30 0 0 0
BinVal : 0 31 0 0 0
BinVal : 0 32 0 0 0
BinVal : 0 33 0 0 0
BinVal : 0 34 0 0 0
BinVal : 0 35 0 0 0
BinVal : 0 36 0 0 0
BinVal : 0 37 0 0 0
BinVal : 0 38 0 0 0
BinVal : 0 39 0 0 0
BinVal : 0 40 0 0 0
BinVal : 0 41 0 0 0
BinVal : 0 42 0 0 0
BinVal : 0 43 0 0 0
BinVal : 0 44 0 0 0
BinVal : 0 45 0 0 0
BinVal : 0 46 0 0 0
BinVal : 0 47 0 0 0
BinVal : 0 48 0 0 0
BinVal : 0 49 0 0 0
BinVal : 0 50 0 0 0
BinVal : 0 51 0 0 0
BinVal : 0 52 0 0 0
BinVal : 0 53 0 0 0
BinVal : 0 54 0 0 0
BinVal : 0 55 0 0 0
BinVal : 0 56 0 0 0
BinVal : 0 57 0 0 0
BinVal : 0 58 0 0 0
BinVal : 0 59 0 0 0
BinVal : 0 60 0 0 0
BinVal : 0 61 0 0 0
BinVal : 0 62 0 0 0
BinVal : 0 63 0 0 0
BinVal : 0 64 0 0 0
BinVal : 0 65 0 0 0
BinVal : 0 66 0 0 0
BinVal : 0 67 0 0 0
BinVal : 0 68 0 0 0
BinVal : 0 69 0 0 0
BinVal : 0 70 0 0 0
BinVal : 0 71 0 0 0
BinVal : 0 72 0 0 0
BinVal : 1 0 0 0 0
BinVal : 1 1 0 0 0
BinVal : 1 2 0 0 0
BinVal : 1 3 0 0 0
BinVal : 1 4 0 0 0
BinVal : 1 5 0 0 0
BinVal : 1 6 0 0 0
BinVal : 1 7 0 0 0
BinVal : 1 8 0 0 0
BinVal : 1 9 0 0 0
BinVal : 1 10 0 0 0
BinVal : 1 11 0 0 0
BinVal : 1 12 0 0 0
BinVal : 1 13 0 0 0
BinVal : 1 14 0 0 0
BinVal : 1 15 0.837371 0.00672292 0.00672292
BinVal : 1 16 0.886757 0.00484719 0.00484719
BinVal : 1 17 0.883002 0.00455328 0.00455328
BinVal : 1 18 0.901309 0.00423268 0.00423268
BinVal : 1 19 0.909963 0.00422628 0.00422628
BinVal : 1 20 0.928809 0.00396122 0.00396122
BinVal : 1 21 0.941537 0.00374872 0.00374872
BinVal : 1 22 0.948585 0.00375337 0.00375337
BinVal : 1 23 0.95622 0.00363114 0.00363114
BinVal : 1 24 0.965688 0.00342356 0.00342356
BinVal : 1 25 0.970097 0.00335642 0.00335642
BinVal : 1 26 0.978499 0.00303832 0.00303832
BinVal : 1 27 0.980485 0.00301777 0.00301777
BinVal : 1 28 0.984865 0.00289052 0.00289052
BinVal : 1 29 0.985185 0.00288382 0.00288382
BinVal : 1 30 0.985012 0.00297505 0.00297505
BinVal : 1 31 0.991815 0.00245761 0.00245761
BinVal : 1 32 0.987128 0.00319724 0.00319724
BinVal : 1 33 0.996283 0.00185528 0.00185528
BinVal : 1 34 0.994077 0.00241088 0.00241088
BinVal : 1 35 0.992063 0.00298779 0.00298779
BinVal : 1 36 0.992177 0.00318108 0.00318108
BinVal : 1 37 0.991925 0.00328342 0.00328342
BinVal : 1 38 0.992987 0.00312512 0.00312512
BinVal : 1 39 0.996845 0.0022271 0.0022271
BinVal : 1 40 0.996727 0.0023108 0.0023108
BinVal : 1 41 0.998148 0.00185014 0.00185014
BinVal : 1 42 0.997984 0.0020141 0.0020141
BinVal : 1 43 1 0.00136232 0.00136232
BinVal : 1 44 0.9975 0.00249687 0.00249687
BinVal : 1 45 0.996979 0.00301658 0.00301658
BinVal : 1 46 1 0.00183153 0.00183153
BinVal : 1 47 0.997183 0.00281293 0.00281293
BinVal : 1 48 1 0.00191069 0.00191069
BinVal : 1 49 1 0.00216341 0.00216341
BinVal : 1 50 1 0.00241804 0.00241804
BinVal : 1 51 1 0.00234842 0.00234842
BinVal : 1 52 1 0.00287867 0.00287867
BinVal : 1 53 1 0.00255823 0.00255823
BinVal : 1 54 1 0.00289297 0.00289297
BinVal : 1 55 1 0.00338697 0.00338697
BinVal : 1 56 1 0.00329065 0.00329065
BinVal : 1 57 1 0.00411558 0.00411558
BinVal : 1 58 1 0.00414515 0.00414515
BinVal : 1 59 1 0.00426817 0.00426817
BinVal : 1 60 1 0.00111246 0.00111246
BinVal : 1 61 1 0.00159788 0.00159788
BinVal : 1 62 1 0.00213861 0.00213861
BinVal : 1 63 1 0.00290728 0.00290728
BinVal : 1 64 1 0.00383997 0.00383997
BinVal : 1 65 1 0.00529051 0.00529051
BinVal : 1 66 1 0.00932837 0.00932837
BinVal : 1 67 1 0.0107217 0.0107217
BinVal : 1 68 1 0.0131822 0.0131822
BinVal : 1 69 1 0.017632 0.017632
BinVal : 1 70 1 0.0233703 0.0233703
BinVal : 1 71 1 0.0254407 0.0254407
BinVal : 1 72 1 0.00917959 0.00917959
BinVal : 2 0 0 0 0
BinVal : 2 1 0 0 0
BinVal : 2 2 0 0 0
BinVal : 2 3 0 0 0
BinVal : 2 4 0 0 0
BinVal : 2 5 0 0 0
BinVal : 2 6 0 0 0
BinVal : 2 7 0 0 0
BinVal : 2 8 0 0 0
BinVal : 2 9 0 0 0
BinVal : 2 10 0 0 0
BinVal : 2 11 0 0 0
BinVal : 2 12 0 0 0
BinVal : 2 13 0 0 0
BinVal : 2 14 0 0 0
BinVal : 2 15 0.418626 0.0148342 0.0148342
BinVal : 2 16 0.471963 0.0139317 0.0139317
BinVal : 2 17 0.535909 0.0110989 0.0110989
BinVal : 2 18 0.5587 0.00971003 0.00971003
BinVal : 2 19 0.614517 0.00943866 0.00943866
BinVal : 2 20 0.634488 0.00978129 0.00978129
BinVal : 2 21 0.68823 0.00981796 0.00981796
BinVal : 2 22 0.713539 0.00985407 0.00985407
BinVal : 2 23 0.74433 0.00990426 0.00990426
BinVal : 2 24 0.774436 0.0100515 0.0100515
BinVal : 2 25 0.810828 0.00976979 0.00976979
BinVal : 2 26 0.82004 0.00986309 0.00986309
BinVal : 2 27 0.838686 0.0100518 0.0100518
BinVal : 2 28 0.867775 0.00953144 0.00953144
BinVal : 2 29 0.849631 0.0108562 0.0108562
BinVal : 2 30 0.883768 0.0101454 0.0101454
BinVal : 2 31 0.883576 0.0103408 0.0103408
BinVal : 2 32 0.886246 0.0102105 0.0102105
BinVal : 2 33 0.909311 0.00998576 0.00998576
BinVal : 2 34 0.913548 0.0100949 0.0100949
BinVal : 2 35 0.927954 0.00981496 0.00981496
BinVal : 2 36 0.933333 0.00993808 0.00993808
BinVal : 2 37 0.941472 0.00959923 0.00959923
BinVal : 2 38 0.930108 0.0107936 0.0107936
BinVal : 2 39 0.934211 0.0107484 0.0107484
BinVal : 2 40 0.93595 0.0111291 0.0111291
BinVal : 2 41 0.96 0.0092376 0.0092376
BinVal : 2 42 0.94697 0.0112611 0.0112611
BinVal : 2 43 0.94851 0.0115046 0.0115046
BinVal : 2 44 0.971246 0.00944586 0.00944586
BinVal : 2 45 0.944099 0.0128023 0.0128023
BinVal : 2 46 0.940559 0.0139814 0.0139814
BinVal : 2 47 0.967532 0.0100991 0.0100991
BinVal : 2 48 0.969178 0.0101144 0.0101144
BinVal : 2 49 0.958333 0.0122985 0.0122985
BinVal : 2 50 0.95 0.0146938 0.0146938
BinVal : 2 51 0.967347 0.0113546 0.0113546
BinVal : 2 52 0.977169 0.0100931 0.0100931
BinVal : 2 53 0.979167 0.0103076 0.0103076
BinVal : 2 54 0.975124 0.0109855 0.0109855
BinVal : 2 55 0.958333 0.0154169 0.0154169
BinVal : 2 56 0.965278 0.0152563 0.0152563
BinVal : 2 57 0.988764 0.00790026 0.00790026
BinVal : 2 58 0.963504 0.0160211 0.0160211
BinVal : 2 59 0.978261 0.0124139 0.0124139
BinVal : 2 60 0.975779 0.00639458 0.00639458
BinVal : 2 61 0.988426 0.00514604 0.00514604
BinVal : 2 62 0.98773 0.00609722 0.00609722
BinVal : 2 63 0.983607 0.00812926 0.00812926
BinVal : 2 64 0.983516 0.009438 0.009438
BinVal : 2 65 0.980132 0.011356 0.011356
BinVal : 2 66 1 0.00446749 0.00446749
BinVal : 2 67 0.982301 0.0124039 0.0124039
BinVal : 2 68 0.958333 0.0235498 0.0235498
BinVal : 2 69 1 0.00997686 0.00997686
BinVal : 2 70 1 0.00932837 0.00932837
BinVal : 2 71 1 0.0148902 0.0148902
BinVal : 2 72 0.99177 0.00579581 0.00579581
BinVal : 3 0 0 0 0
BinVal : 3 1 0 0 0
BinVal : 3 2 0 0 0
BinVal : 3 3 0 0 0
BinVal : 3 4 0 0 0
BinVal : 3 5 0 0 0
BinVal : 3 6 0 0 0
BinVal : 3 7 0 0 0
BinVal : 3 8 0 0 0
BinVal : 3 9 0 0 0
BinVal : 3 10 0 0 0
BinVal : 3 11 0 0 0
BinVal : 3 12 0 0 0
BinVal : 3 13 0 0 0
BinVal : 3 14 0 0 0
BinVal : 3 15 0.692081 0.00607675 0.00607675
BinVal : 3 16 0.723221 0.00458715 0.00458715
BinVal : 3 17 0.772705 0.00381839 0.00381839
BinVal : 3 18 0.815489 0.00372019 0.00372019
BinVal : 3 19 0.845435 0.00366339 0.00366339
BinVal : 3 20 0.876084 0.00345186 0.00345186
BinVal : 3 21 0.898056 0.00338818 0.00338818
BinVal : 3 22 0.922097 0.00311966 0.00311966
BinVal : 3 23 0.937423 0.00300691 0.00300691
BinVal : 3 24 0.951626 0.00278548 0.00278548
BinVal : 3 25 0.966762 0.00247752 0.00247752
BinVal : 3 26 0.97117 0.00245434 0.00245434
BinVal : 3 27 0.976716 0.00233642 0.00233642
BinVal : 3 28 0.975191 0.00252688 0.00252688
BinVal : 3 29 0.98685 0.00194738 0.00194738
BinVal : 3 30 0.988969 0.00185419 0.00185419
BinVal : 3 31 0.991727 0.00171797 0.00171797
BinVal : 3 32 0.990107 0.00196882 0.00196882
BinVal : 3 33 0.987769 0.00225733 0.00225733
BinVal : 3 34 0.995229 0.00150512 0.00150512
BinVal : 3 35 0.994413 0.00167971 0.00167971
BinVal : 3 36 0.996562 0.0014013 0.0014013
BinVal : 3 37 0.998095 0.00109867 0.00109867
BinVal : 3 38 0.999331 0.000668673 0.000668673
BinVal : 3 39 0.99701 0.00149253 0.00149253
BinVal : 3 40 0.997547 0.00141449 0.00141449
BinVal : 3 41 0.999147 0.000852151 0.000852151
BinVal : 3 42 0.998214 0.00126156 0.00126156
BinVal : 3 43 0.998964 0.00103573 0.00103573
BinVal : 3 44 1 0.000591755 0.000591755
BinVal : 3 45 0.997773 0.00157309 0.00157309
BinVal : 3 46 0.998808 0.00119118 0.00119118
BinVal : 3 47 0.998742 0.00125707 0.00125707
BinVal : 3 48 1 0.000851154 0.000851154
BinVal : 3 49 1 0.000864506 0.000864506
BinVal : 3 50 0.996727 0.0023108 0.0023108
BinVal : 3 51 0.998062 0.00193611 0.00193611
BinVal : 3 52 1 0.00110769 0.00110769
BinVal : 3 53 0.998012 0.00198609 0.00198609
BinVal : 3 54 1 0.00124407 0.00124407
BinVal : 3 55 1 0.00144529 0.00144529
BinVal : 3 56 1 0.00148249 0.00148249
BinVal : 3 57 0.997214 0.00278163 0.00278163
BinVal : 3 58 1 0.00165224 0.00165224
BinVal : 3 59 0.996753 0.00324148 0.00324148
BinVal : 3 60 0.99781 0.00126289 0.00126289
BinVal : 3 61 1 0.000563145 0.000563145
BinVal : 3 62 0.998726 0.00127307 0.00127307
BinVal : 3 63 1 0.000977993 0.000977993
BinVal : 3 64 1 0.00115252 0.00115252
BinVal : 3 65 1 0.00135279 0.00135279
BinVal : 3 66 1 0.00190496 0.00190496
BinVal : 3 67 0.996154 0.00383875 0.00383875
BinVal : 3 68 0.995305 0.0046838 0.0046838
BinVal : 3 69 1 0.00329065 0.00329065
BinVal : 3 70 1 0.00439882 0.00439882
BinVal : 3 71 1 0.00468588 0.00468588
BinVal : 3 72 1 0.000971317 0.000971317
BinVal : 4 0 0 0 0
BinVal : 4 1 0 0 0
BinVal : 4 2 0 0 0
BinVal : 4 3 0 0 0
BinVal : 4 4 0 0 0
BinVal : 4 5 0 0 0
BinVal : 4 6 0 0 0
BinVal : 4 7 0 0 0
BinVal : 4 8 0 0 0
BinVal : 4 9 0 0 0
BinVal : 4 10 0 0 0
BinVal : 4 11 0 0 0
BinVal : 4 12 0 0 0
BinVal : 4 13 0 0 0
BinVal : 4 14 0 0 0
BinVal : 4 15 0.490818 0.0144434 0.0144434
BinVal : 4 16 0.551989 0.0131367 0.0131367
BinVal : 4 17 0.611412 0.00994754 0.00994754
BinVal : 4 18 0.622746 0.00902557 0.00902557
BinVal : 4 19 0.675991 0.00922454 0.00922454
BinVal : 4 20 0.712233 0.00917261 0.00917261
BinVal : 4 21 0.739841 0.00922041 0.00922041
BinVal : 4 22 0.773715 0.00930064 0.00930064
BinVal : 4 23 0.804325 0.00911096 0.00911096
BinVal : 4 24 0.806202 0.00930118 0.00930118
BinVal : 4 25 0.854669 0.00876442 0.00876442
BinVal : 4 26 0.855886 0.00913531 0.00913531
BinVal : 4 27 0.86099 0.00933317 0.00933317
BinVal : 4 28 0.89572 0.0085258 0.0085258
BinVal : 4 29 0.906224 0.00839789 0.00839789
BinVal : 4 30 0.903454 0.00878967 0.00878967
BinVal : 4 31 0.927 0.00822624 0.00822624
BinVal : 4 32 0.922246 0.00879992 0.00879992
BinVal : 4 33 0.953808 0.0074165 0.0074165
BinVal : 4 34 0.938107 0.00839429 0.00839429
BinVal : 4 35 0.958153 0.00760647 0.00760647
BinVal : 4 36 0.94697 0.00872284 0.00872284
BinVal : 4 37 0.931419 0.0100934 0.0100934
BinVal : 4 38 0.959528 0.00809244 0.00809244
BinVal : 4 39 0.945841 0.009954 0.009954
BinVal : 4 40 0.953347 0.00949823 0.00949823
BinVal : 4 41 0.948827 0.0101748 0.0101748
BinVal : 4 42 0.96129 0.00894562 0.00894562
BinVal : 4 43 0.966495 0.00913566 0.00913566
BinVal : 4 44 0.967552 0.00962351 0.00962351
BinVal : 4 45 0.950549 0.0113638 0.0113638
BinVal : 4 46 0.949664 0.0126653 0.0126653
BinVal : 4 47 0.960854 0.0115696 0.0115696
BinVal : 4 48 0.966805 0.0115398 0.0115398
BinVal : 4 49 0.959641 0.0131786 0.0131786
BinVal : 4 50 0.98556 0.0071679 0.0071679
BinVal : 4 51 0.970588 0.0118294 0.0118294
BinVal : 4 52 0.986425 0.00778396 0.00778396
BinVal : 4 53 0.985507 0.00830654 0.00830654
BinVal : 4 54 0.964286 0.0143176 0.0143176
BinVal : 4 55 0.967391 0.0130936 0.0130936
BinVal : 4 56 1 0.00321627 0.00321627
BinVal : 4 57 0.976744 0.0132697 0.0132697
BinVal : 4 58 0.986207 0.0096857 0.0096857
BinVal : 4 59 0.936 0.0218914 0.0218914
BinVal : 4 60 0.975309 0.00651706 0.00651706
BinVal : 4 61 0.982063 0.00628463 0.00628463
BinVal : 4 62 0.991477 0.00489959 0.00489959
BinVal : 4 63 0.975845 0.010671 0.010671
BinVal : 4 64 0.985294 0.00842778 0.00842778
BinVal : 4 65 1 0.00374079 0.00374079
BinVal : 4 66 0.982759 0.0120859 0.0120859
BinVal : 4 67 1 0.00641298 0.00641298
BinVal : 4 68 1 0.00712919 0.00712919
BinVal : 4 69 0.984375 0.0155024 0.0155024
BinVal : 4 70 1 0.0145144 0.0145144
BinVal : 4 71 1 0.0138164 0.0138164
BinVal : 4 72 1 0.00268984 0.00268984
BinVal : 5 0 0 0 0
BinVal : 5 1 0 0 0
BinVal : 5 2 0 0 0
BinVal : 5 3 0 0 0
BinVal : 5 4 0 0 0
BinVal : 5 5 0 0 0
BinVal : 5 6 0 0 0
BinVal : 5 7 0 0 0
BinVal : 5 8 0 0 0
BinVal : 5 9 0 0 0
BinVal : 5 10 0 0 0
BinVal : 5 11 0 0 0
BinVal : 5 12 0 0 0
BinVal : 5 13 0 0 0
BinVal : 5 14 0 0 0
BinVal : 5 15 0.869073 0.00634537 0.00634537
BinVal : 5 16 0.898239 0.00472859 0.00472859
BinVal : 5 17 0.909831 0.00419177 0.00419177
BinVal : 5 18 0.922131 0.00393556 0.00393556
BinVal : 5 19 0.911232 0.00420022 0.00420022
BinVal : 5 20 0.91716 0.00432807 0.00432807
BinVal : 5 21 0.927191 0.0042277 0.0042277
BinVal : 5 22 0.933771 0.00420169 0.00420169
BinVal : 5 23 0.938108 0.00433758 0.00433758
BinVal : 5 24 0.938969 0.00448335 0.00448335
BinVal : 5 25 0.933068 0.00498813 0.00498813
BinVal : 5 26 0.943371 0.00484264 0.00484264
BinVal : 5 27 0.937853 0.00523841 0.00523841
BinVal : 5 28 0.942349 0.00541028 0.00541028
BinVal : 5 29 0.94708 0.00552143 0.00552143
BinVal : 5 30 0.950955 0.00545037 0.00545037
BinVal : 5 31 0.966148 0.00470572 0.00470572
BinVal : 5 32 0.953212 0.00594711 0.00594711
BinVal : 5 33 0.960037 0.00597126 0.00597126
BinVal : 5 34 0.976424 0.00475529 0.00475529
BinVal : 5 35 0.94964 0.00701075 0.00701075
BinVal : 5 36 0.962287 0.00664449 0.00664449
BinVal : 5 37 0.972046 0.00587598 0.00587598
BinVal : 5 38 0.978437 0.0053324 0.0053324
BinVal : 5 39 0.973856 0.00644994 0.00644994
BinVal : 5 40 0.978758 0.00582852 0.00582852
BinVal : 5 41 0.98419 0.00554541 0.00554541
BinVal : 5 42 0.975285 0.00676942 0.00676942
BinVal : 5 43 0.970387 0.00809058 0.00809058
BinVal : 5 44 0.979592 0.00714137 0.00714137
BinVal : 5 45 0.986772 0.00587627 0.00587627
BinVal : 5 46 0.984293 0.00636172 0.00636172
BinVal : 5 47 0.987421 0.00624963 0.00624963
BinVal : 5 48 0.993174 0.00481017 0.00481017
BinVal : 5 49 0.974074 0.00967122 0.00967122
BinVal : 5 50 0.995918 0.00407329 0.00407329
BinVal : 5 51 0.991189 0.00620251 0.00620251
BinVal : 5 52 1 0.0025239 0.0025239
BinVal : 5 53 0.990431 0.00673412 0.00673412
BinVal : 5 54 0.984694 0.0087691 0.0087691
BinVal : 5 55 1 0.0033288 0.0033288
BinVal : 5 56 0.978723 0.0121527 0.0121527
BinVal : 5 57 1 0.00381517 0.00381517
BinVal : 5 58 1 0.00414515 0.00414515
BinVal : 5 59 1 0.00497007 0.00497007
BinVal : 5 60 0.990458 0.0042469 0.0042469
BinVal : 5 61 0.989474 0.00523538 0.00523538
BinVal : 5 62 0.996169 0.00382407 0.00382407
BinVal : 5 63 1 0.00250196 0.00250196
BinVal : 5 64 1 0.00461149 0.00461149
BinVal : 5 65 1 0.0057683 0.0057683
BinVal : 5 66 1 0.00704145 0.00704145
BinVal : 5 67 1 0.00850058 0.00850058
BinVal : 5 68 1 0.0131822 0.0131822
BinVal : 5 69 1 0.0157046 0.0157046
BinVal : 5 70 0.965517 0.033883 0.033883
BinVal : 5 71 1 0.0326734 0.0326734
BinVal : 5 72 1 0.00712919 0.00712919
BinVal : 6 0 0 0 0
BinVal : 6 1 0 0 0
BinVal : 6 2 0 0 0
BinVal : 6 3 0 0 0
BinVal : 6 4 0 0 0
BinVal : 6 5 0 0 0
BinVal : 6 6 0 0 0
BinVal : 6 7 0 0 0
BinVal : 6 8 0 0 0
BinVal : 6 9 0 0 0
BinVal : 6 10 0 0 0
BinVal : 6 11 0 0 0
BinVal : 6 12 0 0 0
BinVal : 6 13 0 0 0
BinVal : 6 14 0 0 0
BinVal : 6 15 0 0 0
BinVal : 6 16 0 0 0
BinVal : 6 17 0 0 0
BinVal : 6 18 0 0 0
BinVal : 6 19 0 0 0
BinVal : 6 20 0 0 0
BinVal : 6 21 0 0 0
BinVal : 6 22 0 0 0
BinVal : 6 23 0 0 0
BinVal : 6 24 0 0 0
BinVal : 6 25 0 0 0
BinVal : 6 26 0 0 0
BinVal : 6 27 0 0 0
BinVal : 6 28 0 0 0
BinVal : 6 29 0 0 0
BinVal : 6 30 0 0 0
BinVal : 6 31 0 0 0
BinVal : 6 32 0 0 0
BinVal : 6 33 0 0 0
BinVal : 6 34 0 0 0
BinVal : 6 35 0 0 0
BinVal : 6 36 0 0 0
BinVal : 6 37 0 0 0
BinVal : 6 38 0 0 0
BinVal : 6 39 0 0 0
BinVal : 6 40 0 0 0
BinVal : 6 41 0 0 0
BinVal : 6 42 0 0 0
BinVal : 6 43 0 0 0
BinVal : 6 44 0 0 0
BinVal : 6 45 0 0 0
BinVal : 6 46 0 0 0
BinVal : 6 47 0 0 0
BinVal : 6 48 0 0 0
BinVal : 6 49 0 0 0
BinVal : 6 50 0 0 0
BinVal : 6 51 0 0 0
BinVal : 6 52 0 0 0
BinVal : 6 53 0 0 0
BinVal : 6 54 0 0 0
BinVal : 6 55 0 0 0
BinVal : 6 56 0 0 0
BinVal : 6 57 0 0 0
BinVal : 6 58 0 0 0
BinVal : 6 59 0 0 0
BinVal : 6 60 0 0 0
BinVal : 6 61 0 0 0
BinVal : 6 62 0 0 0
BinVal : 6 63 0 0 0
BinVal : 6 64 0 0 0
BinVal : 6 65 0 0 0
BinVal : 6 66 0 0 0
BinVal : 6 67 0 0 0
BinVal : 6 68 0 0 0
BinVal : 6 69 0 0 0
BinVal : 6 70 0 0 0
BinVal : 6 71 0 0 0
BinVal : 6 72 0 0 0


