EffMethod : Ratio
EffName : TrigEff
EffType : Binned
EffVarNames : deteta pt
EffVersion : 1
ObjQuality : SC5JET_9_PV1_25
ObjRelativeTo : goodJet_CJT(3,5)_ncu_JET(0,5)_8
ObjType : Jet
TriggerVersion : v12
BinEdgesX : -5 -3.2 -1.5 -0.8 0.8 1.5 3.2 5
BinEdgesY : 0 1 2 3 4 5 6 7 8 9 10 11 12 13 14 15 16 17 18 19 20 21 22 23 24 25 26 27 28 29 30 31 32 33 34 35 36 37 38 39 40 41 42 43 44 45 46 47 48 49 50 51 52 53 54 55 56 57 58 59 60 65 70 75 80 85 90 95 100 105 110 115 120 2000
BinVal : 0 0 0 0 0
BinVal : 0 1 0 0 0
BinVal : 0 2 0 0 0
BinVal : 0 3 0 0 0
BinVal : 0 4 0 0 0
BinVal : 0 5 0 0 0
BinVal : 0 6 0 0 0
BinVal : 0 7 0 0 0
BinVal : 0 8 0 0 0
BinVal : 0 9 0 0 0
BinVal : 0 10 0 0 0
BinVal : 0 11 0 0 0
BinVal : 0 12 0 0 0
BinVal : 0 13 0 0 0
BinVal : 0 14 0 0 0
BinVal : 0 15 0 0 0
BinVal : 0 16 0 0 0
BinVal : 0 17 0 0 0
BinVal : 0 18 0 0 0
BinVal : 0 19 0 0 0
BinVal : 0 20 0 0 0
BinVal : 0 21 0 0 0
BinVal : 0 22 0 0 0
BinVal : 0 23 0 0 0
BinVal : 0 24 0 0 0
BinVal : 0 25 0 0 0
BinVal : 0 26 0 0 0
BinVal : 0 27 0 0 0
BinVal : 0 28 0 0 0
BinVal : 0 29 0 0 0
BinVal : 0 30 0 0 0
BinVal : 0 31 0 0 0
BinVal : 0 32 0 0 0
BinVal : 0 33 0 0 0
BinVal : 0 34 0 0 0
BinVal : 0 35 0 0 0
BinVal : 0 36 0 0 0
BinVal : 0 37 0 0 0
BinVal : 0 38 0 0 0
BinVal : 0 39 0 0 0
BinVal : 0 40 0 0 0
BinVal : 0 41 0 0 0
BinVal : 0 42 0 0 0
BinVal : 0 43 0 0 0
BinVal : 0 44 0 0 0
BinVal : 0 45 0 0 0
BinVal : 0 46 0 0 0
BinVal : 0 47 0 0 0
BinVal : 0 48 0 0 0
BinVal : 0 49 0 0 0
BinVal : 0 50 0 0 0
BinVal : 0 51 0 0 0
BinVal : 0 52 0 0 0
BinVal : 0 53 0 0 0
BinVal : 0 54 0 0 0
BinVal : 0 55 0 0 0
BinVal : 0 56 0 0 0
BinVal : 0 57 0 0 0
BinVal : 0 58 0 0 0
BinVal : 0 59 0 0 0
BinVal : 0 60 0 0 0
BinVal : 0 61 0 0 0
BinVal : 0 62 0 0 0
BinVal : 0 63 0 0 0
BinVal : 0 64 0 0 0
BinVal : 0 65 0 0 0
BinVal : 0 66 0 0 0
BinVal : 0 67 0 0 0
BinVal : 0 68 0 0 0
BinVal : 0 69 0 0 0
BinVal : 0 70 0 0 0
BinVal : 0 71 0 0 0
BinVal : 0 72 0 0 0
BinVal : 1 0 0 0 0
BinVal : 1 1 0 0 0
BinVal : 1 2 0 0 0
BinVal : 1 3 0 0 0
BinVal : 1 4 0 0 0
BinVal : 1 5 0 0 0
BinVal : 1 6 0 0 0
BinVal : 1 7 0 0 0
BinVal : 1 8 0 0 0
BinVal : 1 9 0 0 0
BinVal : 1 10 0 0 0
BinVal : 1 11 0 0 0
BinVal : 1 12 0 0 0
BinVal : 1 13 0 0 0
BinVal : 1 14 0 0 0
BinVal : 1 15 0 0 0
BinVal : 1 16 0 0 0
BinVal : 1 17 0 0 0
BinVal : 1 18 0 0 0
BinVal : 1 19 0 0 0
BinVal : 1 20 0 0 0
BinVal : 1 21 0 0 0
BinVal : 1 22 0 0 0
BinVal : 1 23 0 0 0
BinVal : 1 24 0 0 0
BinVal : 1 25 0 0 0
BinVal : 1 26 0 0 0
BinVal : 1 27 0 0 0
BinVal : 1 28 0.142857 0.13226 0.13226
BinVal : 1 29 0 0 0
BinVal : 1 30 0 0 0
BinVal : 1 31 0 0 0
BinVal : 1 32 0 0 0
BinVal : 1 33 0.0526316 0.0512278 0.0512278
BinVal : 1 34 0.352941 0.115904 0.115904
BinVal : 1 35 0.526316 0.114549 0.114549
BinVal : 1 36 0.705882 0.11051 0.11051
BinVal : 1 37 0.736842 0.0714338 0.0714338
BinVal : 1 38 0.65625 0.0839617 0.0839617
BinVal : 1 39 0.916667 0.0460642 0.0460642
BinVal : 1 40 0.828571 0.0637049 0.0637049
BinVal : 1 41 0.789474 0.0661348 0.0661348
BinVal : 1 42 0.794872 0.064659 0.064659
BinVal : 1 43 0.763158 0.0689676 0.0689676
BinVal : 1 44 0.897436 0.0485811 0.0485811
BinVal : 1 45 0.789474 0.0661348 0.0661348
BinVal : 1 46 0.882353 0.0552551 0.0552551
BinVal : 1 47 0.780488 0.0646428 0.0646428
BinVal : 1 48 0.861111 0.0576384 0.0576384
BinVal : 1 49 0.866667 0.0506745 0.0506745
BinVal : 1 50 0.95 0.0344601 0.0344601
BinVal : 1 51 0.886364 0.0478452 0.0478452
BinVal : 1 52 0.921053 0.0437441 0.0437441
BinVal : 1 53 0.864865 0.0562027 0.0562027
BinVal : 1 54 0.87234 0.0486767 0.0486767
BinVal : 1 55 0.957447 0.0294425 0.0294425
BinVal : 1 56 0.842105 0.0591528 0.0591528
BinVal : 1 57 0.934783 0.0364048 0.0364048
BinVal : 1 58 0.814815 0.0747568 0.0747568
BinVal : 1 59 0.931818 0.0379991 0.0379991
BinVal : 1 60 0.918239 0.0217296 0.0217296
BinVal : 1 61 0.900826 0.0271723 0.0271723
BinVal : 1 62 0.943396 0.0224449 0.0224449
BinVal : 1 63 0.896552 0.0326505 0.0326505
BinVal : 1 64 0.953846 0.0260247 0.0260247
BinVal : 1 65 0.903846 0.0408817 0.0408817
BinVal : 1 66 1 0.0161462 0.0161462
BinVal : 1 67 0.909091 0.0500438 0.0500438
BinVal : 1 68 0.958333 0.0407894 0.0407894
BinVal : 1 69 1 0.0254407 0.0254407
BinVal : 1 70 0.928571 0.0688303 0.0688303
BinVal : 1 71 0.923077 0.0739053 0.0739053
BinVal : 1 72 0.921053 0.0437441 0.0437441
BinVal : 2 0 0 0 0
BinVal : 2 1 0 0 0
BinVal : 2 2 0 0 0
BinVal : 2 3 0 0 0
BinVal : 2 4 0 0 0
BinVal : 2 5 0 0 0
BinVal : 2 6 0 0 0
BinVal : 2 7 0 0 0
BinVal : 2 8 0 0 0
BinVal : 2 9 0 0 0
BinVal : 2 10 0 0 0
BinVal : 2 11 0 0 0
BinVal : 2 12 0 0 0
BinVal : 2 13 0 0 0
BinVal : 2 14 0 0 0
BinVal : 2 15 0 0 0
BinVal : 2 16 0 0 0
BinVal : 2 17 0 0 0
BinVal : 2 18 0 0 0
BinVal : 2 19 0 0 0
BinVal : 2 20 0 0 0
BinVal : 2 21 0 0 0
BinVal : 2 22 0 0 0
BinVal : 2 23 0 0 0
BinVal : 2 24 0 0 0
BinVal : 2 25 0 0 0
BinVal : 2 26 0 0 0
BinVal : 2 27 0 0 0
BinVal : 2 28 0 0 0
BinVal : 2 29 0 0 0
BinVal : 2 30 0 0 0
BinVal : 2 31 0 0 0
BinVal : 2 32 0 0 0
BinVal : 2 33 0 0 0
BinVal : 2 34 0 0 0
BinVal : 2 35 0 0 0
BinVal : 2 36 0 0 0
BinVal : 2 37 0.5 0.353553 0.353553
BinVal : 2 38 0.333333 0.19245 0.19245
BinVal : 2 39 0.666667 0.272166 0.272166
BinVal : 2 40 0.625 0.171163 0.171163
BinVal : 2 41 0.666667 0.19245 0.19245
BinVal : 2 42 0.6 0.219089 0.219089
BinVal : 2 43 0.909091 0.0866784 0.0866784
BinVal : 2 44 0.8 0.126491 0.126491
BinVal : 2 45 0.857143 0.13226 0.13226
BinVal : 2 46 0.75 0.216506 0.216506
BinVal : 2 47 0.866667 0.0877707 0.0877707
BinVal : 2 48 0.727273 0.134282 0.134282
BinVal : 2 49 0.785714 0.109664 0.109664
BinVal : 2 50 0.5 0.204124 0.204124
BinVal : 2 51 0.764706 0.102879 0.102879
BinVal : 2 52 0.8125 0.0975781 0.0975781
BinVal : 2 53 0.882353 0.0781425 0.0781425
BinVal : 2 54 0.9 0.067082 0.067082
BinVal : 2 55 0.823529 0.0924594 0.0924594
BinVal : 2 56 0.7 0.144914 0.144914
BinVal : 2 57 0.722222 0.105572 0.105572
BinVal : 2 58 0.928571 0.0688303 0.0688303
BinVal : 2 59 0.75 0.125 0.125
BinVal : 2 60 0.835616 0.0433782 0.0433782
BinVal : 2 61 0.78125 0.0516748 0.0516748
BinVal : 2 62 0.870968 0.042575 0.042575
BinVal : 2 63 0.86 0.0490714 0.0490714
BinVal : 2 64 0.945946 0.0371746 0.0371746
BinVal : 2 65 0.904762 0.0452948 0.0452948
BinVal : 2 66 0.85 0.0564579 0.0564579
BinVal : 2 67 0.930233 0.0388497 0.0388497
BinVal : 2 68 0.96 0.0391918 0.0391918
BinVal : 2 69 0.789474 0.0935288 0.0935288
BinVal : 2 70 0.85 0.0798436 0.0798436
BinVal : 2 71 0.928571 0.0688303 0.0688303
BinVal : 2 72 0.87931 0.0302466 0.0302466
BinVal : 3 0 0 0 0
BinVal : 3 1 0 0 0
BinVal : 3 2 0 0 0
BinVal : 3 3 0 0 0
BinVal : 3 4 0 0 0
BinVal : 3 5 0 0 0
BinVal : 3 6 0 0 0
BinVal : 3 7 0 0 0
BinVal : 3 8 0 0 0
BinVal : 3 9 0 0 0
BinVal : 3 10 0 0 0
BinVal : 3 11 0 0 0
BinVal : 3 12 0 0 0
BinVal : 3 13 0 0 0
BinVal : 3 14 0 0 0
BinVal : 3 15 0 0 0
BinVal : 3 16 0 0 0
BinVal : 3 17 0 0 0
BinVal : 3 18 0 0 0
BinVal : 3 19 0 0 0
BinVal : 3 20 0 0 0
BinVal : 3 21 0 0 0
BinVal : 3 22 0 0 0
BinVal : 3 23 0 0 0
BinVal : 3 24 0 0 0
BinVal : 3 25 0 0 0
BinVal : 3 26 0 0 0
BinVal : 3 27 0.25 0.216506 0.216506
BinVal : 3 28 0.125 0.116927 0.116927
BinVal : 3 29 0.25 0.125 0.125
BinVal : 3 30 0.130435 0.0702237 0.0702237
BinVal : 3 31 0.0833333 0.0564169 0.0564169
BinVal : 3 32 0.228571 0.0709782 0.0709782
BinVal : 3 33 0.113636 0.0478452 0.0478452
BinVal : 3 34 0.367347 0.0688689 0.0688689
BinVal : 3 35 0.566038 0.0680786 0.0680786
BinVal : 3 36 0.672414 0.0616264 0.0616264
BinVal : 3 37 0.686747 0.0509105 0.0509105
BinVal : 3 38 0.771084 0.0461158 0.0461158
BinVal : 3 39 0.781609 0.0442948 0.0442948
BinVal : 3 40 0.821053 0.0393266 0.0393266
BinVal : 3 41 0.761062 0.0401156 0.0401156
BinVal : 3 42 0.820513 0.0354786 0.0354786
BinVal : 3 43 0.838462 0.0322781 0.0322781
BinVal : 3 44 0.846154 0.0316444 0.0316444
BinVal : 3 45 0.841727 0.0309587 0.0309587
BinVal : 3 46 0.833333 0.030429 0.030429
BinVal : 3 47 0.795181 0.0313231 0.0313231
BinVal : 3 48 0.789855 0.0346812 0.0346812
BinVal : 3 49 0.825175 0.0317619 0.0317619
BinVal : 3 50 0.880795 0.0263692 0.0263692
BinVal : 3 51 0.897059 0.0260577 0.0260577
BinVal : 3 52 0.866242 0.0271662 0.0271662
BinVal : 3 53 0.818792 0.031556 0.031556
BinVal : 3 54 0.840278 0.030529 0.030529
BinVal : 3 55 0.850394 0.0316507 0.0316507
BinVal : 3 56 0.875969 0.0290212 0.0290212
BinVal : 3 57 0.878049 0.0295053 0.0295053
BinVal : 3 58 0.886179 0.0286365 0.0286365
BinVal : 3 59 0.918033 0.0248353 0.0248353
BinVal : 3 60 0.900344 0.0124164 0.0124164
BinVal : 3 61 0.910515 0.013501 0.013501
BinVal : 3 62 0.888889 0.0157926 0.0157926
BinVal : 3 63 0.911315 0.0157212 0.0157212
BinVal : 3 64 0.897106 0.0172281 0.0172281
BinVal : 3 65 0.942857 0.0148293 0.0148293
BinVal : 3 66 0.941176 0.0164739 0.0164739
BinVal : 3 67 0.899408 0.0231375 0.0231375
BinVal : 3 68 0.881119 0.0270649 0.0270649
BinVal : 3 69 0.896825 0.0270991 0.0270991
BinVal : 3 70 0.965909 0.019344 0.019344
BinVal : 3 71 0.928571 0.0260154 0.0260154
BinVal : 3 72 0.938247 0.0107433 0.0107433
BinVal : 4 0 0 0 0
BinVal : 4 1 0 0 0
BinVal : 4 2 0 0 0
BinVal : 4 3 0 0 0
BinVal : 4 4 0 0 0
BinVal : 4 5 0 0 0
BinVal : 4 6 0 0 0
BinVal : 4 7 0 0 0
BinVal : 4 8 0 0 0
BinVal : 4 9 0 0 0
BinVal : 4 10 0 0 0
BinVal : 4 11 0 0 0
BinVal : 4 12 0 0 0
BinVal : 4 13 0 0 0
BinVal : 4 14 0 0 0
BinVal : 4 15 0 0 0
BinVal : 4 16 0 0 0
BinVal : 4 17 0 0 0
BinVal : 4 18 0 0 0
BinVal : 4 19 0 0 0
BinVal : 4 20 0 0 0
BinVal : 4 21 0 0 0
BinVal : 4 22 0 0 0
BinVal : 4 23 0 0 0
BinVal : 4 24 0 0 0
BinVal : 4 25 0 0 0
BinVal : 4 26 0 0 0
BinVal : 4 27 0 0 0
BinVal : 4 28 0 0 0
BinVal : 4 29 0 0 0
BinVal : 4 30 0 0 0
BinVal : 4 31 0 0 0
BinVal : 4 32 0 0 0
BinVal : 4 33 0 0 0
BinVal : 4 34 0 0 0
BinVal : 4 35 0 0 0
BinVal : 4 36 0 0 0
BinVal : 4 37 0.428571 0.187044 0.187044
BinVal : 4 38 0.5 0.25 0.25
BinVal : 4 39 0.125 0.116927 0.116927
BinVal : 4 40 0.625 0.171163 0.171163
BinVal : 4 41 0.571429 0.187044 0.187044
BinVal : 4 42 0.625 0.171163 0.171163
BinVal : 4 43 0.857143 0.13226 0.13226
BinVal : 4 44 0.444444 0.165635 0.165635
BinVal : 4 45 0.875 0.0826797 0.0826797
BinVal : 4 46 0.785714 0.109664 0.109664
BinVal : 4 47 0.416667 0.142319 0.142319
BinVal : 4 48 0.909091 0.0866784 0.0866784
BinVal : 4 49 0.8 0.126491 0.126491
BinVal : 4 50 0.909091 0.0866784 0.0866784
BinVal : 4 51 0.8125 0.0975781 0.0975781
BinVal : 4 52 0.833333 0.107583 0.107583
BinVal : 4 53 0.7 0.144914 0.144914
BinVal : 4 54 0.5 0.176777 0.176777
BinVal : 4 55 0.9 0.067082 0.067082
BinVal : 4 56 0.75 0.153093 0.153093
BinVal : 4 57 0.933333 0.0644061 0.0644061
BinVal : 4 58 0.857143 0.093522 0.093522
BinVal : 4 59 0.952381 0.0464714 0.0464714
BinVal : 4 60 0.942857 0.0277431 0.0277431
BinVal : 4 61 0.890625 0.0390136 0.0390136
BinVal : 4 62 0.75 0.0625 0.0625
BinVal : 4 63 0.8 0.0730297 0.0730297
BinVal : 4 64 0.863636 0.0517355 0.0517355
BinVal : 4 65 0.911765 0.0486433 0.0486433
BinVal : 4 66 0.921053 0.0437441 0.0437441
BinVal : 4 67 0.833333 0.0760726 0.0760726
BinVal : 4 68 0.791667 0.0828982 0.0828982
BinVal : 4 69 0.892857 0.0584512 0.0584512
BinVal : 4 70 0.909091 0.0866784 0.0866784
BinVal : 4 71 0.866667 0.0877707 0.0877707
BinVal : 4 72 0.907407 0.0278919 0.0278919
BinVal : 5 0 0 0 0
BinVal : 5 1 0 0 0
BinVal : 5 2 0 0 0
BinVal : 5 3 0 0 0
BinVal : 5 4 0 0 0
BinVal : 5 5 0 0 0
BinVal : 5 6 0 0 0
BinVal : 5 7 0 0 0
BinVal : 5 8 0 0 0
BinVal : 5 9 0 0 0
BinVal : 5 10 0 0 0
BinVal : 5 11 0 0 0
BinVal : 5 12 0 0 0
BinVal : 5 13 0 0 0
BinVal : 5 14 0 0 0
BinVal : 5 15 0 0 0
BinVal : 5 16 0 0 0
BinVal : 5 17 0 0 0
BinVal : 5 18 0 0 0
BinVal : 5 19 0 0 0
BinVal : 5 20 0 0 0
BinVal : 5 21 0 0 0
BinVal : 5 22 0 0 0
BinVal : 5 23 0 0 0
BinVal : 5 24 0 0 0
BinVal : 5 25 0 0 0
BinVal : 5 26 0 0 0
BinVal : 5 27 0 0 0
BinVal : 5 28 0 0 0
BinVal : 5 29 0 0 0
BinVal : 5 30 0 0 0
BinVal : 5 31 0 0 0
BinVal : 5 32 0.0833333 0.0797856 0.0797856
BinVal : 5 33 0 0 0
BinVal : 5 34 0.294118 0.11051 0.11051
BinVal : 5 35 0.3125 0.115878 0.115878
BinVal : 5 36 0.421053 0.113269 0.113269
BinVal : 5 37 0.714286 0.0985808 0.0985808
BinVal : 5 38 0.655172 0.0882632 0.0882632
BinVal : 5 39 0.789474 0.0935288 0.0935288
BinVal : 5 40 0.774194 0.0750952 0.0750952
BinVal : 5 41 0.870968 0.0602101 0.0602101
BinVal : 5 42 0.775 0.0660256 0.0660256
BinVal : 5 43 0.826087 0.0790342 0.0790342
BinVal : 5 44 0.791667 0.0828982 0.0828982
BinVal : 5 45 0.75 0.0765466 0.0765466
BinVal : 5 46 0.888889 0.0468486 0.0468486
BinVal : 5 47 0.911111 0.0424232 0.0424232
BinVal : 5 48 0.914286 0.0473188 0.0473188
BinVal : 5 49 0.909091 0.0500438 0.0500438
BinVal : 5 50 0.883721 0.0488848 0.0488848
BinVal : 5 51 0.818182 0.0671408 0.0671408
BinVal : 5 52 0.875 0.0522913 0.0522913
BinVal : 5 53 0.815789 0.0628861 0.0628861
BinVal : 5 54 0.827586 0.0701445 0.0701445
BinVal : 5 55 0.918919 0.0448743 0.0448743
BinVal : 5 56 0.862069 0.0640329 0.0640329
BinVal : 5 57 0.870968 0.0602101 0.0602101
BinVal : 5 58 0.75 0.0765466 0.0765466
BinVal : 5 59 0.785714 0.0775443 0.0775443
BinVal : 5 60 0.891304 0.026496 0.026496
BinVal : 5 61 0.943089 0.0208891 0.0208891
BinVal : 5 62 0.836957 0.0385132 0.0385132
BinVal : 5 63 0.94382 0.0244084 0.0244084
BinVal : 5 64 0.914286 0.0334594 0.0334594
BinVal : 5 65 0.875 0.0477352 0.0477352
BinVal : 5 66 0.952381 0.0328603 0.0328603
BinVal : 5 67 0.941176 0.0403526 0.0403526
BinVal : 5 68 1 0.0194201 0.0194201
BinVal : 5 69 0.894737 0.0704059 0.0704059
BinVal : 5 70 1 0.0368657 0.0368657
BinVal : 5 71 0.9 0.0948683 0.0948683
BinVal : 5 72 0.824561 0.0503775 0.0503775
BinVal : 6 0 0 0 0
BinVal : 6 1 0 0 0
BinVal : 6 2 0 0 0
BinVal : 6 3 0 0 0
BinVal : 6 4 0 0 0
BinVal : 6 5 0 0 0
BinVal : 6 6 0 0 0
BinVal : 6 7 0 0 0
BinVal : 6 8 0 0 0
BinVal : 6 9 0 0 0
BinVal : 6 10 0 0 0
BinVal : 6 11 0 0 0
BinVal : 6 12 0 0 0
BinVal : 6 13 0 0 0
BinVal : 6 14 0 0 0
BinVal : 6 15 0 0 0
BinVal : 6 16 0 0 0
BinVal : 6 17 0 0 0
BinVal : 6 18 0 0 0
BinVal : 6 19 0 0 0
BinVal : 6 20 0 0 0
BinVal : 6 21 0 0 0
BinVal : 6 22 0 0 0
BinVal : 6 23 0 0 0
BinVal : 6 24 0 0 0
BinVal : 6 25 0 0 0
BinVal : 6 26 0 0 0
BinVal : 6 27 0 0 0
BinVal : 6 28 0 0 0
BinVal : 6 29 0 0 0
BinVal : 6 30 0 0 0
BinVal : 6 31 0 0 0
BinVal : 6 32 0 0 0
BinVal : 6 33 0 0 0
BinVal : 6 34 0 0 0
BinVal : 6 35 0 0 0
BinVal : 6 36 0 0 0
BinVal : 6 37 0 0 0
BinVal : 6 38 0 0 0
BinVal : 6 39 0 0 0
BinVal : 6 40 0 0 0
BinVal : 6 41 0 0 0
BinVal : 6 42 0 0 0
BinVal : 6 43 0 0 0
BinVal : 6 44 0 0 0
BinVal : 6 45 0 0 0
BinVal : 6 46 0 0 0
BinVal : 6 47 0 0 0
BinVal : 6 48 0 0 0
BinVal : 6 49 0 0 0
BinVal : 6 50 0 0 0
BinVal : 6 51 0 0 0
BinVal : 6 52 0 0 0
BinVal : 6 53 0 0 0
BinVal : 6 54 0 0 0
BinVal : 6 55 0 0 0
BinVal : 6 56 0 0 0
BinVal : 6 57 0 0 0
BinVal : 6 58 0 0 0
BinVal : 6 59 0 0 0
BinVal : 6 60 0 0 0
BinVal : 6 61 0 0 0
BinVal : 6 62 0 0 0
BinVal : 6 63 0 0 0
BinVal : 6 64 0 0 0
BinVal : 6 65 0 0 0
BinVal : 6 66 0 0 0
BinVal : 6 67 0 0 0
BinVal : 6 68 0 0 0
BinVal : 6 69 0 0 0
BinVal : 6 70 0 0 0
BinVal : 6 71 0 0 0
BinVal : 6 72 0 0 0


EffMethod : Ratio
EffName : TrigEff
EffType : Binned
EffVarNames : deteta pt
EffVersion : 1
ObjQuality : SC5JET_9_PV1_25
ObjRelativeTo : goodJet_CJT(3,5)_ncu_JET(0,5)_8
ObjType : Jet
TriggerVersion : v13.0
BinEdgesX : -5 -3.2 -1.5 -0.8 0.8 1.5 3.2 5
BinEdgesY : 0 1 2 3 4 5 6 7 8 9 10 11 12 13 14 15 16 17 18 19 20 21 22 23 24 25 26 27 28 29 30 31 32 33 34 35 36 37 38 39 40 41 42 43 44 45 46 47 48 49 50 51 52 53 54 55 56 57 58 59 60 65 70 75 80 85 90 95 100 105 110 115 120 2000
BinVal : 0 0 0 0 0
BinVal : 0 1 0 0 0
BinVal : 0 2 0 0 0
BinVal : 0 3 0 0 0
BinVal : 0 4 0 0 0
BinVal : 0 5 0 0 0
BinVal : 0 6 0 0 0
BinVal : 0 7 0 0 0
BinVal : 0 8 0 0 0
BinVal : 0 9 0 0 0
BinVal : 0 10 0 0 0
BinVal : 0 11 0 0 0
BinVal : 0 12 0 0 0
BinVal : 0 13 0 0 0
BinVal : 0 14 0 0 0
BinVal : 0 15 0 0 0
BinVal : 0 16 0 0 0
BinVal : 0 17 0 0 0
BinVal : 0 18 0 0 0
BinVal : 0 19 0 0 0
BinVal : 0 20 0 0 0
BinVal : 0 21 0 0 0
BinVal : 0 22 0 0 0
BinVal : 0 23 0 0 0
BinVal : 0 24 0 0 0
BinVal : 0 25 0 0 0
BinVal : 0 26 0 0 0
BinVal : 0 27 0 0 0
BinVal : 0 28 0 0 0
BinVal : 0 29 0 0 0
BinVal : 0 30 0 0 0
BinVal : 0 31 0 0 0
BinVal : 0 32 0 0 0
BinVal : 0 33 0 0 0
BinVal : 0 34 0 0 0
BinVal : 0 35 0 0 0
BinVal : 0 36 0 0 0
BinVal : 0 37 0 0 0
BinVal : 0 38 0 0 0
BinVal : 0 39 0 0 0
BinVal : 0 40 0 0 0
BinVal : 0 41 0 0 0
BinVal : 0 42 0 0 0
BinVal : 0 43 0 0 0
BinVal : 0 44 0 0 0
BinVal : 0 45 0 0 0
BinVal : 0 46 0 0 0
BinVal : 0 47 0 0 0
BinVal : 0 48 0 0 0
BinVal : 0 49 0 0 0
BinVal : 0 50 0 0 0
BinVal : 0 51 0 0 0
BinVal : 0 52 0 0 0
BinVal : 0 53 0 0 0
BinVal : 0 54 0 0 0
BinVal : 0 55 0 0 0
BinVal : 0 56 0 0 0
BinVal : 0 57 0 0 0
BinVal : 0 58 0 0 0
BinVal : 0 59 0 0 0
BinVal : 0 60 0 0 0
BinVal : 0 61 0 0 0
BinVal : 0 62 0 0 0
BinVal : 0 63 0 0 0
BinVal : 0 64 0 0 0
BinVal : 0 65 0 0 0
BinVal : 0 66 0 0 0
BinVal : 0 67 0 0 0
BinVal : 0 68 0 0 0
BinVal : 0 69 0 0 0
BinVal : 0 70 0 0 0
BinVal : 0 71 0 0 0
BinVal : 0 72 0 0 0
BinVal : 1 0 0 0 0
BinVal : 1 1 0 0 0
BinVal : 1 2 0 0 0
BinVal : 1 3 0 0 0
BinVal : 1 4 0 0 0
BinVal : 1 5 0 0 0
BinVal : 1 6 0 0 0
BinVal : 1 7 0 0 0
BinVal : 1 8 0 0 0
BinVal : 1 9 0 0 0
BinVal : 1 10 0 0 0
BinVal : 1 11 0 0 0
BinVal : 1 12 0 0 0
BinVal : 1 13 0 0 0
BinVal : 1 14 0 0 0
BinVal : 1 15 0 0 0
BinVal : 1 16 0 0 0
BinVal : 1 17 0 0 0
BinVal : 1 18 0 0 0
BinVal : 1 19 0 0 0
BinVal : 1 20 0 0 0
BinVal : 1 21 0 0 0
BinVal : 1 22 0 0 0
BinVal : 1 23 0 0 0
BinVal : 1 24 0 0 0
BinVal : 1 25 0 0 0
BinVal : 1 26 0 0 0
BinVal : 1 27 0.166667 0.152145 0.152145
BinVal : 1 28 0 0 0
BinVal : 1 29 0 0 0
BinVal : 1 30 0.111111 0.0740741 0.0740741
BinVal : 1 31 0.0689655 0.0470544 0.0470544
BinVal : 1 32 0.354839 0.0859347 0.0859347
BinVal : 1 33 0.236842 0.0689676 0.0689676
BinVal : 1 34 0.4 0.0774597 0.0774597
BinVal : 1 35 0.692308 0.0739053 0.0739053
BinVal : 1 36 0.701754 0.0605958 0.0605958
BinVal : 1 37 0.837209 0.0562986 0.0562986
BinVal : 1 38 0.913043 0.0339213 0.0339213
BinVal : 1 39 0.961538 0.0217746 0.0217746
BinVal : 1 40 0.914634 0.0308574 0.0308574
BinVal : 1 41 0.969388 0.0174014 0.0174014
BinVal : 1 42 0.980198 0.0138628 0.0138628
BinVal : 1 43 0.955556 0.0217228 0.0217228
BinVal : 1 44 0.95098 0.0213782 0.0213782
BinVal : 1 45 0.967742 0.0183214 0.0183214
BinVal : 1 46 0.970297 0.0168924 0.0168924
BinVal : 1 47 0.979021 0.0119845 0.0119845
BinVal : 1 48 0.971154 0.0164124 0.0164124
BinVal : 1 49 0.991071 0.00888862 0.00888862
BinVal : 1 50 0.961905 0.0186813 0.0186813
BinVal : 1 51 0.9375 0.0228727 0.0228727
BinVal : 1 52 0.971963 0.0159589 0.0159589
BinVal : 1 53 0.972222 0.0158132 0.0158132
BinVal : 1 54 0.971698 0.0161072 0.0161072
BinVal : 1 55 0.973451 0.015123 0.015123
BinVal : 1 56 0.982609 0.0121901 0.0121901
BinVal : 1 57 0.972973 0.0153918 0.0153918
BinVal : 1 58 1 0.0057683 0.0057683
BinVal : 1 59 0.95 0.024367 0.024367
BinVal : 1 60 0.976134 0.0074566 0.0074566
BinVal : 1 61 0.985163 0.00658581 0.00658581
BinVal : 1 62 0.976589 0.00874447 0.00874447
BinVal : 1 63 0.990741 0.0065169 0.0065169
BinVal : 1 64 0.987578 0.00872921 0.00872921
BinVal : 1 65 0.992647 0.00732586 0.00732586
BinVal : 1 66 0.990291 0.00966149 0.00966149
BinVal : 1 67 1 0.00750113 0.00750113
BinVal : 1 68 0.959184 0.0282664 0.0282664
BinVal : 1 69 1 0.0101533 0.0101533
BinVal : 1 70 0.971429 0.0281603 0.0281603
BinVal : 1 71 0.970588 0.028976 0.028976
BinVal : 1 72 1 0.00582743 0.00582743
BinVal : 2 0 0 0 0
BinVal : 2 1 0 0 0
BinVal : 2 2 0 0 0
BinVal : 2 3 0 0 0
BinVal : 2 4 0 0 0
BinVal : 2 5 0 0 0
BinVal : 2 6 0 0 0
BinVal : 2 7 0 0 0
BinVal : 2 8 0 0 0
BinVal : 2 9 0 0 0
BinVal : 2 10 0 0 0
BinVal : 2 11 0 0 0
BinVal : 2 12 0 0 0
BinVal : 2 13 0 0 0
BinVal : 2 14 0 0 0
BinVal : 2 15 0 0 0
BinVal : 2 16 0 0 0
BinVal : 2 17 0 0 0
BinVal : 2 18 0 0 0
BinVal : 2 19 0 0 0
BinVal : 2 20 0 0 0
BinVal : 2 21 0 0 0
BinVal : 2 22 0 0 0
BinVal : 2 23 0 0 0
BinVal : 2 24 0 0 0
BinVal : 2 25 0 0 0
BinVal : 2 26 0 0 0
BinVal : 2 27 0.333333 0.272166 0.272166
BinVal : 2 28 0 0 0
BinVal : 2 29 0.5 0.353553 0.353553
BinVal : 2 30 0 0 0
BinVal : 2 31 0 0 0
BinVal : 2 32 0 0 0
BinVal : 2 33 0 0 0
BinVal : 2 34 0 0 0
BinVal : 2 35 0.333333 0.157135 0.157135
BinVal : 2 36 0.666667 0.136083 0.136083
BinVal : 2 37 0.307692 0.128008 0.128008
BinVal : 2 38 0.75 0.108253 0.108253
BinVal : 2 39 0.826087 0.0790342 0.0790342
BinVal : 2 40 0.882353 0.0781425 0.0781425
BinVal : 2 41 0.944444 0.0539903 0.0539903
BinVal : 2 42 1 0.0233703 0.0233703
BinVal : 2 43 0.933333 0.045542 0.045542
BinVal : 2 44 0.965517 0.033883 0.033883
BinVal : 2 45 1 0.0148902 0.0148902
BinVal : 2 46 0.921053 0.0437441 0.0437441
BinVal : 2 47 1 0.0181909 0.0181909
BinVal : 2 48 0.96 0.0391918 0.0391918
BinVal : 2 49 0.904762 0.0452948 0.0452948
BinVal : 2 50 0.961538 0.0266683 0.0266683
BinVal : 2 51 0.891892 0.0510487 0.0510487
BinVal : 2 52 0.955556 0.0307207 0.0307207
BinVal : 2 53 0.962264 0.026175 0.026175
BinVal : 2 54 0.964286 0.0247988 0.0247988
BinVal : 2 55 1 0.0111375 0.0111375
BinVal : 2 56 0.982759 0.0170921 0.0170921
BinVal : 2 57 0.975 0.0246855 0.0246855
BinVal : 2 58 0.967742 0.022439 0.022439
BinVal : 2 59 0.979592 0.0201988 0.0201988
BinVal : 2 60 0.971888 0.0104751 0.0104751
BinVal : 2 61 0.975728 0.0107222 0.0107222
BinVal : 2 62 0.994475 0.00550958 0.00550958
BinVal : 2 63 0.988372 0.00817423 0.00817423
BinVal : 2 64 0.993243 0.00673389 0.00673389
BinVal : 2 65 0.991736 0.00823024 0.00823024
BinVal : 2 66 0.982609 0.0121901 0.0121901
BinVal : 2 67 0.967742 0.0183214 0.0183214
BinVal : 2 68 0.976471 0.0164409 0.0164409
BinVal : 2 69 0.985294 0.0145974 0.0145974
BinVal : 2 70 1 0.00964212 0.00964212
BinVal : 2 71 1 0.0109258 0.0109258
BinVal : 2 72 0.996124 0.00386845 0.00386845
BinVal : 3 0 0 0 0
BinVal : 3 1 0 0 0
BinVal : 3 2 0 0 0
BinVal : 3 3 0 0 0
BinVal : 3 4 0 0 0
BinVal : 3 5 0 0 0
BinVal : 3 6 0 0 0
BinVal : 3 7 0 0 0
BinVal : 3 8 0 0 0
BinVal : 3 9 0 0 0
BinVal : 3 10 0 0 0
BinVal : 3 11 0 0 0
BinVal : 3 12 0 0 0
BinVal : 3 13 0 0 0
BinVal : 3 14 0 0 0
BinVal : 3 15 0 0 0
BinVal : 3 16 0 0 0
BinVal : 3 17 0 0 0
BinVal : 3 18 0 0 0
BinVal : 3 19 0 0 0
BinVal : 3 20 0 0 0
BinVal : 3 21 0 0 0
BinVal : 3 22 0 0 0
BinVal : 3 23 0 0 0
BinVal : 3 24 0 0 0
BinVal : 3 25 0 0 0
BinVal : 3 26 0 0 0
BinVal : 3 27 0 0 0
BinVal : 3 28 0 0 0
BinVal : 3 29 0.03125 0.0307578 0.0307578
BinVal : 3 30 0.0350877 0.0243716 0.0243716
BinVal : 3 31 0.154762 0.0394623 0.0394623
BinVal : 3 32 0.136842 0.0352609 0.0352609
BinVal : 3 33 0.413043 0.0419142 0.0419142
BinVal : 3 34 0.626761 0.0405883 0.0405883
BinVal : 3 35 0.827381 0.029157 0.029157
BinVal : 3 36 0.860104 0.0249689 0.0249689
BinVal : 3 37 0.946502 0.0144353 0.0144353
BinVal : 3 38 0.955102 0.0132299 0.0132299
BinVal : 3 39 0.930233 0.0146838 0.0146838
BinVal : 3 40 0.94822 0.0126054 0.0126054
BinVal : 3 41 0.964392 0.0100946 0.0100946
BinVal : 3 42 0.959391 0.00994401 0.00994401
BinVal : 3 43 0.970297 0.0084462 0.0084462
BinVal : 3 44 0.967517 0.00853918 0.00853918
BinVal : 3 45 0.95881 0.00950651 0.00950651
BinVal : 3 46 0.975113 0.00740972 0.00740972
BinVal : 3 47 0.975225 0.00737676 0.00737676
BinVal : 3 48 0.969893 0.00792452 0.00792452
BinVal : 3 49 0.962138 0.00900735 0.00900735
BinVal : 3 50 0.976293 0.00706266 0.00706266
BinVal : 3 51 0.964072 0.00831483 0.00831483
BinVal : 3 52 0.966942 0.00812671 0.00812671
BinVal : 3 53 0.986079 0.00564357 0.00564357
BinVal : 3 54 0.986985 0.00527874 0.00527874
BinVal : 3 55 0.975248 0.00772994 0.00772994
BinVal : 3 56 0.981609 0.00644206 0.00644206
BinVal : 3 57 0.974118 0.00770217 0.00770217
BinVal : 3 58 0.997608 0.00238948 0.00238948
BinVal : 3 59 0.980723 0.00674948 0.00674948
BinVal : 3 60 0.987888 0.00251011 0.00251011
BinVal : 3 61 0.985855 0.00292853 0.00292853
BinVal : 3 62 0.986517 0.00315651 0.00315651
BinVal : 3 63 0.988362 0.00309212 0.00309212
BinVal : 3 64 0.994888 0.00228052 0.00228052
BinVal : 3 65 0.996264 0.00215294 0.00215294
BinVal : 3 66 0.982893 0.00511374 0.00511374
BinVal : 3 67 0.988395 0.00471032 0.00471032
BinVal : 3 68 0.988124 0.00527969 0.00527969
BinVal : 3 69 0.980952 0.00770174 0.00770174
BinVal : 3 70 0.974026 0.00906316 0.00906316
BinVal : 3 71 0.991632 0.0058924 0.0058924
BinVal : 3 72 0.992041 0.0023903 0.0023903
BinVal : 4 0 0 0 0
BinVal : 4 1 0 0 0
BinVal : 4 2 0 0 0
BinVal : 4 3 0 0 0
BinVal : 4 4 0 0 0
BinVal : 4 5 0 0 0
BinVal : 4 6 0 0 0
BinVal : 4 7 0 0 0
BinVal : 4 8 0 0 0
BinVal : 4 9 0 0 0
BinVal : 4 10 0 0 0
BinVal : 4 11 0 0 0
BinVal : 4 12 0 0 0
BinVal : 4 13 0 0 0
BinVal : 4 14 0 0 0
BinVal : 4 15 0 0 0
BinVal : 4 16 0 0 0
BinVal : 4 17 0 0 0
BinVal : 4 18 0 0 0
BinVal : 4 19 0 0 0
BinVal : 4 20 0 0 0
BinVal : 4 21 0 0 0
BinVal : 4 22 0 0 0
BinVal : 4 23 0 0 0
BinVal : 4 24 0 0 0
BinVal : 4 25 0 0 0
BinVal : 4 26 0 0 0
BinVal : 4 27 0 0 0
BinVal : 4 28 0 0 0
BinVal : 4 29 0 0 0
BinVal : 4 30 0 0 0
BinVal : 4 31 0 0 0
BinVal : 4 32 0 0 0
BinVal : 4 33 0.125 0.116927 0.116927
BinVal : 4 34 0.166667 0.152145 0.152145
BinVal : 4 35 0.666667 0.272166 0.272166
BinVal : 4 36 0.266667 0.11418 0.11418
BinVal : 4 37 0.923077 0.0739053 0.0739053
BinVal : 4 38 0.777778 0.0979908 0.0979908
BinVal : 4 39 0.894737 0.0704059 0.0704059
BinVal : 4 40 1 0.0293374 0.0293374
BinVal : 4 41 0.925926 0.050401 0.050401
BinVal : 4 42 0.942857 0.0392347 0.0392347
BinVal : 4 43 0.914286 0.0473188 0.0473188
BinVal : 4 44 0.961538 0.0377146 0.0377146
BinVal : 4 45 1 0.0161462 0.0161462
BinVal : 4 46 0.955556 0.0307207 0.0307207
BinVal : 4 47 0.893617 0.0449741 0.0449741
BinVal : 4 48 0.924528 0.0362839 0.0362839
BinVal : 4 49 0.959184 0.0282664 0.0282664
BinVal : 4 50 0.914894 0.0407022 0.0407022
BinVal : 4 51 0.951219 0.0336412 0.0336412
BinVal : 4 52 0.957143 0.0242076 0.0242076
BinVal : 4 53 0.955556 0.0307207 0.0307207
BinVal : 4 54 1 0.0141568 0.0141568
BinVal : 4 55 0.878049 0.0511047 0.0511047
BinVal : 4 56 1 0.0131822 0.0131822
BinVal : 4 57 0.977778 0.0219739 0.0219739
BinVal : 4 58 0.975 0.0246855 0.0246855
BinVal : 4 59 1 0.0126033 0.0126033
BinVal : 4 60 0.98008 0.00881946 0.00881946
BinVal : 4 61 0.976562 0.00945553 0.00945553
BinVal : 4 62 0.97449 0.0112621 0.0112621
BinVal : 4 63 0.983957 0.00918771 0.00918771
BinVal : 4 64 1 0.00366831 0.00366831
BinVal : 4 65 0.992248 0.00772183 0.00772183
BinVal : 4 66 0.979798 0.01414 0.01414
BinVal : 4 67 0.987805 0.0121205 0.0121205
BinVal : 4 68 0.967391 0.0185171 0.0185171
BinVal : 4 69 1 0.00917959 0.00917959
BinVal : 4 70 0.97619 0.0235244 0.0235244
BinVal : 4 71 1 0.0105252 0.0105252
BinVal : 4 72 0.996183 0.0038095 0.0038095
BinVal : 5 0 0 0 0
BinVal : 5 1 0 0 0
BinVal : 5 2 0 0 0
BinVal : 5 3 0 0 0
BinVal : 5 4 0 0 0
BinVal : 5 5 0 0 0
BinVal : 5 6 0 0 0
BinVal : 5 7 0 0 0
BinVal : 5 8 0 0 0
BinVal : 5 9 0 0 0
BinVal : 5 10 0 0 0
BinVal : 5 11 0 0 0
BinVal : 5 12 0 0 0
BinVal : 5 13 0 0 0
BinVal : 5 14 0 0 0
BinVal : 5 15 0 0 0
BinVal : 5 16 0 0 0
BinVal : 5 17 0 0 0
BinVal : 5 18 0 0 0
BinVal : 5 19 0 0 0
BinVal : 5 20 0 0 0
BinVal : 5 21 0 0 0
BinVal : 5 22 0 0 0
BinVal : 5 23 0 0 0
BinVal : 5 24 0 0 0
BinVal : 5 25 0 0 0
BinVal : 5 26 0 0 0
BinVal : 5 27 0 0 0
BinVal : 5 28 0.125 0.116927 0.116927
BinVal : 5 29 0 0 0
BinVal : 5 30 0 0 0
BinVal : 5 31 0.125 0.0826797 0.0826797
BinVal : 5 32 0.37931 0.0901022 0.0901022
BinVal : 5 33 0.16129 0.0660586 0.0660586
BinVal : 5 34 0.512821 0.0800378 0.0800378
BinVal : 5 35 0.6 0.0774597 0.0774597
BinVal : 5 36 0.636364 0.0648642 0.0648642
BinVal : 5 37 0.646154 0.0593087 0.0593087
BinVal : 5 38 0.835821 0.0452562 0.0452562
BinVal : 5 39 0.867647 0.0410945 0.0410945
BinVal : 5 40 0.954545 0.0256398 0.0256398
BinVal : 5 41 0.955882 0.0249031 0.0249031
BinVal : 5 42 0.951807 0.0235086 0.0235086
BinVal : 5 43 0.944444 0.0269951 0.0269951
BinVal : 5 44 0.938144 0.024459 0.024459
BinVal : 5 45 0.986301 0.0136045 0.0136045
BinVal : 5 46 0.953271 0.0204037 0.0204037
BinVal : 5 47 0.980392 0.0137282 0.0137282
BinVal : 5 48 0.981818 0.0127391 0.0127391
BinVal : 5 49 0.981651 0.0128549 0.0128549
BinVal : 5 50 0.990909 0.00904949 0.00904949
BinVal : 5 51 0.973214 0.0152562 0.0152562
BinVal : 5 52 0.990385 0.00956905 0.00956905
BinVal : 5 53 0.971154 0.0164124 0.0164124
BinVal : 5 54 0.971154 0.0164124 0.0164124
BinVal : 5 55 0.960396 0.0194059 0.0194059
BinVal : 5 56 0.978495 0.0150422 0.0150422
BinVal : 5 57 1 0.00607347 0.00607347
BinVal : 5 58 0.955056 0.0219611 0.0219611
BinVal : 5 59 1 0.00594759 0.00594759
BinVal : 5 60 0.977041 0.0075647 0.0075647
BinVal : 5 61 0.98017 0.00742036 0.00742036
BinVal : 5 62 0.996078 0.00391387 0.00391387
BinVal : 5 63 0.991416 0.00604348 0.00604348
BinVal : 5 64 1 0.00346899 0.00346899
BinVal : 5 65 0.970149 0.0147009 0.0147009
BinVal : 5 66 0.990476 0.00947835 0.00947835
BinVal : 5 67 1 0.0088954 0.0088954
BinVal : 5 68 0.984375 0.0155024 0.0155024
BinVal : 5 69 1 0.0109258 0.0109258
BinVal : 5 70 1 0.0157046 0.0157046
BinVal : 5 71 1 0.0148902 0.0148902
BinVal : 5 72 1 0.00480413 0.00480413
BinVal : 6 0 0 0 0
BinVal : 6 1 0 0 0
BinVal : 6 2 0 0 0
BinVal : 6 3 0 0 0
BinVal : 6 4 0 0 0
BinVal : 6 5 0 0 0
BinVal : 6 6 0 0 0
BinVal : 6 7 0 0 0
BinVal : 6 8 0 0 0
BinVal : 6 9 0 0 0
BinVal : 6 10 0 0 0
BinVal : 6 11 0 0 0
BinVal : 6 12 0 0 0
BinVal : 6 13 0 0 0
BinVal : 6 14 0 0 0
BinVal : 6 15 0 0 0
BinVal : 6 16 0 0 0
BinVal : 6 17 0 0 0
BinVal : 6 18 0 0 0
BinVal : 6 19 0 0 0
BinVal : 6 20 0 0 0
BinVal : 6 21 0 0 0
BinVal : 6 22 0 0 0
BinVal : 6 23 0 0 0
BinVal : 6 24 0 0 0
BinVal : 6 25 0 0 0
BinVal : 6 26 0 0 0
BinVal : 6 27 0 0 0
BinVal : 6 28 0 0 0
BinVal : 6 29 0 0 0
BinVal : 6 30 0 0 0
BinVal : 6 31 0 0 0
BinVal : 6 32 0 0 0
BinVal : 6 33 0 0 0
BinVal : 6 34 0 0 0
BinVal : 6 35 0 0 0
BinVal : 6 36 0 0 0
BinVal : 6 37 0 0 0
BinVal : 6 38 0 0 0
BinVal : 6 39 0 0 0
BinVal : 6 40 0 0 0
BinVal : 6 41 0 0 0
BinVal : 6 42 0 0 0
BinVal : 6 43 0 0 0
BinVal : 6 44 0 0 0
BinVal : 6 45 0 0 0
BinVal : 6 46 0 0 0
BinVal : 6 47 0 0 0
BinVal : 6 48 0 0 0
BinVal : 6 49 0 0 0
BinVal : 6 50 0 0 0
BinVal : 6 51 0 0 0
BinVal : 6 52 0 0 0
BinVal : 6 53 0 0 0
BinVal : 6 54 0 0 0
BinVal : 6 55 0 0 0
BinVal : 6 56 0 0 0
BinVal : 6 57 0 0 0
BinVal : 6 58 0 0 0
BinVal : 6 59 0 0 0
BinVal : 6 60 0 0 0
BinVal : 6 61 0 0 0
BinVal : 6 62 0 0 0
BinVal : 6 63 0 0 0
BinVal : 6 64 0 0 0
BinVal : 6 65 0 0 0
BinVal : 6 66 0 0 0
BinVal : 6 67 0 0 0
BinVal : 6 68 0 0 0
BinVal : 6 69 0 0 0
BinVal : 6 70 0 0 0
BinVal : 6 71 0 0 0
BinVal : 6 72 0 0 0


