EffMethod : Ratio
EffName : TrigEff
EffType : Binned
EffVarNames : deteta pt
EffVersion : 1
ObjQuality : CJT(2,3)_ncu
ObjRelativeTo : goodJet
ObjType : Jet
TriggerVersion : v8
BinEdgesX : -5 -3.2 -1.5 -0.8 0.8 1.5 3.2 5
BinEdgesY : 0 1 2 3 4 5 6 7 8 9 10 11 12 13 14 15 16 17 18 19 20 21 22 23 24 25 26 27 28 29 30 31 32 33 34 35 36 37 38 39 40 41 42 43 44 45 46 47 48 49 50 51 52 53 54 55 56 57 58 59 60 65 70 75 80 85 90 95 100 105 110 115 120 2000
BinVal : 0 0 0 0 0
BinVal : 0 1 0 0 0
BinVal : 0 2 0 0 0
BinVal : 0 3 0 0 0
BinVal : 0 4 0 0 0
BinVal : 0 5 0 0 0
BinVal : 0 6 0 0 0
BinVal : 0 7 0 0 0
BinVal : 0 8 0 0 0
BinVal : 0 9 0 0 0
BinVal : 0 10 0 0 0
BinVal : 0 11 0 0 0
BinVal : 0 12 0 0 0
BinVal : 0 13 0 0 0
BinVal : 0 14 0 0 0
BinVal : 0 15 0 0 0
BinVal : 0 16 0 0 0
BinVal : 0 17 0 0 0
BinVal : 0 18 0 0 0
BinVal : 0 19 0 0 0
BinVal : 0 20 0 0 0
BinVal : 0 21 0 0 0
BinVal : 0 22 0 0 0
BinVal : 0 23 0 0 0
BinVal : 0 24 0 0 0
BinVal : 0 25 0 0 0
BinVal : 0 26 0 0 0
BinVal : 0 27 0 0 0
BinVal : 0 28 0 0 0
BinVal : 0 29 0 0 0
BinVal : 0 30 0 0 0
BinVal : 0 31 0 0 0
BinVal : 0 32 0 0 0
BinVal : 0 33 0 0 0
BinVal : 0 34 0 0 0
BinVal : 0 35 0 0 0
BinVal : 0 36 0 0 0
BinVal : 0 37 0 0 0
BinVal : 0 38 0 0 0
BinVal : 0 39 0 0 0
BinVal : 0 40 0 0 0
BinVal : 0 41 0 0 0
BinVal : 0 42 0 0 0
BinVal : 0 43 0 0 0
BinVal : 0 44 0 0 0
BinVal : 0 45 0 0 0
BinVal : 0 46 0 0 0
BinVal : 0 47 0 0 0
BinVal : 0 48 0 0 0
BinVal : 0 49 0 0 0
BinVal : 0 50 0 0 0
BinVal : 0 51 0 0 0
BinVal : 0 52 0 0 0
BinVal : 0 53 0 0 0
BinVal : 0 54 0 0 0
BinVal : 0 55 0 0 0
BinVal : 0 56 0 0 0
BinVal : 0 57 0 0 0
BinVal : 0 58 0 0 0
BinVal : 0 59 0 0 0
BinVal : 0 60 0 0 0
BinVal : 0 61 0 0 0
BinVal : 0 62 0 0 0
BinVal : 0 63 0 0 0
BinVal : 0 64 0 0 0
BinVal : 0 65 0 0 0
BinVal : 0 66 0 0 0
BinVal : 0 67 0 0 0
BinVal : 0 68 0 0 0
BinVal : 0 69 0 0 0
BinVal : 0 70 0 0 0
BinVal : 0 71 0 0 0
BinVal : 0 72 0 0 0
BinVal : 1 0 0 0 0
BinVal : 1 1 0 0 0
BinVal : 1 2 0 0 0
BinVal : 1 3 0 0 0
BinVal : 1 4 0 0 0
BinVal : 1 5 0 0 0
BinVal : 1 6 0 0 0
BinVal : 1 7 0 0 0
BinVal : 1 8 0 0 0
BinVal : 1 9 0 0 0
BinVal : 1 10 0 0 0
BinVal : 1 11 0 0 0
BinVal : 1 12 0 0 0
BinVal : 1 13 0 0 0
BinVal : 1 14 0 0 0
BinVal : 1 15 0.025 0.00617138 0.00617138
BinVal : 1 16 0.0444994 0.00724967 0.00724967
BinVal : 1 17 0.068525 0.00861011 0.00861011
BinVal : 1 18 0.073201 0.00917453 0.00917453
BinVal : 1 19 0.0868925 0.0108098 0.0108098
BinVal : 1 20 0.131349 0.0141357 0.0141357
BinVal : 1 21 0.191205 0.0171956 0.0171956
BinVal : 1 22 0.194896 0.0190804 0.0190804
BinVal : 1 23 0.225895 0.0219483 0.0219483
BinVal : 1 24 0.259939 0.0242547 0.0242547
BinVal : 1 25 0.291971 0.0274676 0.0274676
BinVal : 1 26 0.298039 0.0286433 0.0286433
BinVal : 1 27 0.345291 0.0318394 0.0318394
BinVal : 1 28 0.348718 0.0341275 0.0341275
BinVal : 1 29 0.412698 0.035811 0.035811
BinVal : 1 30 0.430303 0.0385449 0.0385449
BinVal : 1 31 0.415385 0.0432204 0.0432204
BinVal : 1 32 0.492958 0.0419549 0.0419549
BinVal : 1 33 0.527273 0.0476022 0.0476022
BinVal : 1 34 0.546392 0.0505483 0.0505483
BinVal : 1 35 0.573171 0.0546213 0.0546213
BinVal : 1 36 0.511111 0.0526916 0.0526916
BinVal : 1 37 0.558824 0.0602128 0.0602128
BinVal : 1 38 0.714286 0.0645363 0.0645363
BinVal : 1 39 0.623188 0.0583374 0.0583374
BinVal : 1 40 0.648649 0.0784828 0.0784828
BinVal : 1 41 0.574074 0.0672906 0.0672906
BinVal : 1 42 0.641026 0.0768134 0.0768134
BinVal : 1 43 0.631579 0.0782518 0.0782518
BinVal : 1 44 0.581395 0.0752322 0.0752322
BinVal : 1 45 0.552632 0.0806601 0.0806601
BinVal : 1 46 0.625 0.0855817 0.0855817
BinVal : 1 47 0.761905 0.0929429 0.0929429
BinVal : 1 48 0.714286 0.0853735 0.0853735
BinVal : 1 49 0.64 0.096 0.096
BinVal : 1 50 0.785714 0.109664 0.109664
BinVal : 1 51 0.875 0.0826797 0.0826797
BinVal : 1 52 0.8125 0.0975781 0.0975781
BinVal : 1 53 0.733333 0.11418 0.11418
BinVal : 1 54 0.65 0.106654 0.106654
BinVal : 1 55 0.923077 0.0739053 0.0739053
BinVal : 1 56 0.733333 0.11418 0.11418
BinVal : 1 57 0.75 0.125 0.125
BinVal : 1 58 0.555556 0.165635 0.165635
BinVal : 1 59 0.777778 0.13858 0.13858
BinVal : 1 60 0.767857 0.0564188 0.0564188
BinVal : 1 61 0.766667 0.0772202 0.0772202
BinVal : 1 62 0.923077 0.0522589 0.0522589
BinVal : 1 63 0.636364 0.145041 0.145041
BinVal : 1 64 0.875 0.0826797 0.0826797
BinVal : 1 65 0.666667 0.157135 0.157135
BinVal : 1 66 1 0.0871301 0.0871301
BinVal : 1 67 0.833333 0.152145 0.152145
BinVal : 1 68 1 0.159077 0.159077
BinVal : 1 69 1 0.159077 0.159077
BinVal : 1 70 1 0.0871301 0.0871301
BinVal : 1 71 1 0.218486 0.218486
BinVal : 1 72 1 0.0756803 0.0756803
BinVal : 2 0 0 0 0
BinVal : 2 1 0 0 0
BinVal : 2 2 0 0 0
BinVal : 2 3 0 0 0
BinVal : 2 4 0 0 0
BinVal : 2 5 0 0 0
BinVal : 2 6 0 0 0
BinVal : 2 7 0 0 0
BinVal : 2 8 0 0 0
BinVal : 2 9 0 0 0
BinVal : 2 10 0 0 0
BinVal : 2 11 0 0 0
BinVal : 2 12 0 0 0
BinVal : 2 13 0 0 0
BinVal : 2 14 0 0 0
BinVal : 2 15 0.00553506 0.00318681 0.00318681
BinVal : 2 16 0.00403226 0.00284548 0.00284548
BinVal : 2 17 0.0262295 0.00647081 0.00647081
BinVal : 2 18 0.0275229 0.00592277 0.00592277
BinVal : 2 19 0.0300261 0.00616617 0.00616617
BinVal : 2 20 0.0500808 0.00876665 0.00876665
BinVal : 2 21 0.0640777 0.0107912 0.0107912
BinVal : 2 22 0.0932755 0.0135447 0.0135447
BinVal : 2 23 0.116279 0.0162949 0.0162949
BinVal : 2 24 0.124629 0.0179925 0.0179925
BinVal : 2 25 0.184211 0.0237687 0.0237687
BinVal : 2 26 0.163498 0.022804 0.022804
BinVal : 2 27 0.213592 0.0285551 0.0285551
BinVal : 2 28 0.218905 0.0291664 0.0291664
BinVal : 2 29 0.242604 0.0329736 0.0329736
BinVal : 2 30 0.316129 0.0373468 0.0373468
BinVal : 2 31 0.246575 0.0356712 0.0356712
BinVal : 2 32 0.319149 0.0392566 0.0392566
BinVal : 2 33 0.36 0.0429325 0.0429325
BinVal : 2 34 0.466667 0.0486864 0.0486864
BinVal : 2 35 0.444444 0.0552116 0.0552116
BinVal : 2 36 0.453488 0.0536826 0.0536826
BinVal : 2 37 0.461538 0.0564461 0.0564461
BinVal : 2 38 0.516129 0.063467 0.063467
BinVal : 2 39 0.455882 0.0603974 0.0603974
BinVal : 2 40 0.603175 0.0616383 0.0616383
BinVal : 2 41 0.553571 0.0664307 0.0664307
BinVal : 2 42 0.520833 0.0721061 0.0721061
BinVal : 2 43 0.6 0.0730297 0.0730297
BinVal : 2 44 0.571429 0.0836486 0.0836486
BinVal : 2 45 0.475 0.0789581 0.0789581
BinVal : 2 46 0.756757 0.0705339 0.0705339
BinVal : 2 47 0.621622 0.0797307 0.0797307
BinVal : 2 48 0.84 0.0733212 0.0733212
BinVal : 2 49 0.571429 0.0836486 0.0836486
BinVal : 2 50 0.75 0.0818317 0.0818317
BinVal : 2 51 0.44 0.0992774 0.0992774
BinVal : 2 52 0.684211 0.106639 0.106639
BinVal : 2 53 0.722222 0.105572 0.105572
BinVal : 2 54 0.791667 0.0828982 0.0828982
BinVal : 2 55 0.636364 0.145041 0.145041
BinVal : 2 56 0.722222 0.105572 0.105572
BinVal : 2 57 0.714286 0.0985808 0.0985808
BinVal : 2 58 0.714286 0.120736 0.120736
BinVal : 2 59 0.888889 0.104757 0.104757
BinVal : 2 60 0.795455 0.0608102 0.0608102
BinVal : 2 61 0.8 0.0730297 0.0730297
BinVal : 2 62 0.8 0.0894427 0.0894427
BinVal : 2 63 0.944444 0.0539903 0.0539903
BinVal : 2 64 0.866667 0.0877707 0.0877707
BinVal : 2 65 1 0.0599198 0.0599198
BinVal : 2 66 0.857143 0.13226 0.13226
BinVal : 2 67 1 0.0756803 0.0756803
BinVal : 2 68 0.857143 0.13226 0.13226
BinVal : 2 69 1 0.124824 0.124824
BinVal : 2 70 0.8 0.178885 0.178885
BinVal : 2 71 1 0.218486 0.218486
BinVal : 2 72 0.916667 0.0797856 0.0797856
BinVal : 3 0 0 0 0
BinVal : 3 1 0 0 0
BinVal : 3 2 0 0 0
BinVal : 3 3 0 0 0
BinVal : 3 4 0 0 0
BinVal : 3 5 0 0 0
BinVal : 3 6 0 0 0
BinVal : 3 7 0 0 0
BinVal : 3 8 0 0 0
BinVal : 3 9 0 0 0
BinVal : 3 10 0 0 0
BinVal : 3 11 0 0 0
BinVal : 3 12 0 0 0
BinVal : 3 13 0 0 0
BinVal : 3 14 0 0 0
BinVal : 3 15 0.0186012 0.00368548 0.00368548
BinVal : 3 16 0.0314721 0.00393356 0.00393356
BinVal : 3 17 0.0534161 0.0045757 0.0045757
BinVal : 3 18 0.0611855 0.00524002 0.00524002
BinVal : 3 19 0.105085 0.0072891 0.0072891
BinVal : 3 20 0.128744 0.00845523 0.00845523
BinVal : 3 21 0.18745 0.0109991 0.0109991
BinVal : 3 22 0.211131 0.0121298 0.0121298
BinVal : 3 23 0.269271 0.0144145 0.0144145
BinVal : 3 24 0.327565 0.0165006 0.0165006
BinVal : 3 25 0.339895 0.0171594 0.0171594
BinVal : 3 26 0.410095 0.0195339 0.0195339
BinVal : 3 27 0.445194 0.0204088 0.0204088
BinVal : 3 28 0.502804 0.0216165 0.0216165
BinVal : 3 29 0.555809 0.0237146 0.0237146
BinVal : 3 30 0.580475 0.0253484 0.0253484
BinVal : 3 31 0.620991 0.0261951 0.0261951
BinVal : 3 32 0.660767 0.0257142 0.0257142
BinVal : 3 33 0.676768 0.0271393 0.0271393
BinVal : 3 34 0.716535 0.0282782 0.0282782
BinVal : 3 35 0.721992 0.0288593 0.0288593
BinVal : 3 36 0.759336 0.0275368 0.0275368
BinVal : 3 37 0.772727 0.029782 0.029782
BinVal : 3 38 0.816092 0.0293694 0.0293694
BinVal : 3 39 0.892857 0.0238626 0.0238626
BinVal : 3 40 0.813333 0.0318143 0.0318143
BinVal : 3 41 0.807143 0.0333449 0.0333449
BinVal : 3 42 0.8125 0.0344991 0.0344991
BinVal : 3 43 0.84252 0.0323222 0.0323222
BinVal : 3 44 0.878788 0.0328018 0.0328018
BinVal : 3 45 0.853448 0.0328364 0.0328364
BinVal : 3 46 0.851852 0.0341836 0.0341836
BinVal : 3 47 0.964286 0.0202481 0.0202481
BinVal : 3 48 0.891566 0.0341287 0.0341287
BinVal : 3 49 0.952381 0.0232357 0.0232357
BinVal : 3 50 0.869565 0.0405437 0.0405437
BinVal : 3 51 0.896104 0.0347723 0.0347723
BinVal : 3 52 0.933333 0.0322031 0.0322031
BinVal : 3 53 0.894737 0.0406489 0.0406489
BinVal : 3 54 0.910714 0.0381055 0.0381055
BinVal : 3 55 0.955556 0.0307207 0.0307207
BinVal : 3 56 0.938776 0.0342488 0.0342488
BinVal : 3 57 0.947368 0.0362235 0.0362235
BinVal : 3 58 0.928571 0.0397392 0.0397392
BinVal : 3 59 1 0.0145144 0.0145144
BinVal : 3 60 0.96124 0.0169946 0.0169946
BinVal : 3 61 0.940594 0.023521 0.023521
BinVal : 3 62 0.973684 0.0183616 0.0183616
BinVal : 3 63 0.981818 0.0180158 0.0180158
BinVal : 3 64 0.97561 0.024091 0.024091
BinVal : 3 65 0.962963 0.0363447 0.0363447
BinVal : 3 66 1 0.0161462 0.0161462
BinVal : 3 67 0.961538 0.0377146 0.0377146
BinVal : 3 68 1 0.0243611 0.0243611
BinVal : 3 69 0.923077 0.0739053 0.0739053
BinVal : 3 70 1 0.0668855 0.0668855
BinVal : 3 71 1 0.0309157 0.0309157
BinVal : 3 72 1 0.0138164 0.0138164
BinVal : 4 0 0 0 0
BinVal : 4 1 0 0 0
BinVal : 4 2 0 0 0
BinVal : 4 3 0 0 0
BinVal : 4 4 0 0 0
BinVal : 4 5 0 0 0
BinVal : 4 6 0 0 0
BinVal : 4 7 0 0 0
BinVal : 4 8 0 0 0
BinVal : 4 9 0 0 0
BinVal : 4 10 0 0 0
BinVal : 4 11 0 0 0
BinVal : 4 12 0 0 0
BinVal : 4 13 0 0 0
BinVal : 4 14 0 0 0
BinVal : 4 15 0.00173913 0.00173762 0.00173762
BinVal : 4 16 0.00684932 0.00341291 0.00341291
BinVal : 4 17 0.0163112 0.00448686 0.00448686
BinVal : 4 18 0.0247578 0.00509805 0.00509805
BinVal : 4 19 0.0396419 0.00697735 0.00697735
BinVal : 4 20 0.0592 0.00943995 0.00943995
BinVal : 4 21 0.078534 0.0112381 0.0112381
BinVal : 4 22 0.0682819 0.0118377 0.0118377
BinVal : 4 23 0.11271 0.0154862 0.0154862
BinVal : 4 24 0.119777 0.0171371 0.0171371
BinVal : 4 25 0.14433 0.0206008 0.0206008
BinVal : 4 26 0.144487 0.0216795 0.0216795
BinVal : 4 27 0.2125 0.0264058 0.0264058
BinVal : 4 28 0.206731 0.028079 0.028079
BinVal : 4 29 0.223529 0.0319525 0.0319525
BinVal : 4 30 0.300613 0.0359144 0.0359144
BinVal : 4 31 0.253247 0.0350429 0.0350429
BinVal : 4 32 0.392593 0.0420285 0.0420285
BinVal : 4 33 0.344538 0.0435631 0.0435631
BinVal : 4 34 0.369369 0.0458096 0.0458096
BinVal : 4 35 0.357143 0.0484022 0.0484022
BinVal : 4 36 0.383838 0.0488769 0.0488769
BinVal : 4 37 0.409091 0.0605199 0.0605199
BinVal : 4 38 0.364865 0.0559607 0.0559607
BinVal : 4 39 0.542857 0.0595415 0.0595415
BinVal : 4 40 0.686275 0.0649739 0.0649739
BinVal : 4 41 0.62963 0.0657149 0.0657149
BinVal : 4 42 0.545455 0.0671408 0.0671408
BinVal : 4 43 0.590909 0.0741215 0.0741215
BinVal : 4 44 0.522727 0.0752999 0.0752999
BinVal : 4 45 0.552632 0.0806601 0.0806601
BinVal : 4 46 0.714286 0.0697071 0.0697071
BinVal : 4 47 0.589744 0.0787639 0.0787639
BinVal : 4 48 0.578947 0.0800933 0.0800933
BinVal : 4 49 0.606061 0.0850581 0.0850581
BinVal : 4 50 0.75 0.108253 0.108253
BinVal : 4 51 0.722222 0.105572 0.105572
BinVal : 4 52 0.692308 0.0905151 0.0905151
BinVal : 4 53 0.736842 0.101023 0.101023
BinVal : 4 54 0.684211 0.106639 0.106639
BinVal : 4 55 0.625 0.121031 0.121031
BinVal : 4 56 0.714286 0.0985808 0.0985808
BinVal : 4 57 0.714286 0.120736 0.120736
BinVal : 4 58 0.888889 0.0740741 0.0740741
BinVal : 4 59 0.846154 0.100068 0.100068
BinVal : 4 60 0.709091 0.0612418 0.0612418
BinVal : 4 61 0.853659 0.0551993 0.0551993
BinVal : 4 62 0.851852 0.0683673 0.0683673
BinVal : 4 63 0.892857 0.0584512 0.0584512
BinVal : 4 64 0.866667 0.0877707 0.0877707
BinVal : 4 65 0.8 0.10328 0.10328
BinVal : 4 66 0.75 0.153093 0.153093
BinVal : 4 67 0.833333 0.152145 0.152145
BinVal : 4 68 0.625 0.171163 0.171163
BinVal : 4 69 0.75 0.153093 0.153093
BinVal : 4 70 0.333333 0.272166 0.272166
BinVal : 4 71 1 0.102643 0.102643
BinVal : 4 72 1 0.0599198 0.0599198
BinVal : 5 0 0 0 0
BinVal : 5 1 0 0 0
BinVal : 5 2 0 0 0
BinVal : 5 3 0 0 0
BinVal : 5 4 0 0 0
BinVal : 5 5 0 0 0
BinVal : 5 6 0 0 0
BinVal : 5 7 0 0 0
BinVal : 5 8 0 0 0
BinVal : 5 9 0 0 0
BinVal : 5 10 0 0 0
BinVal : 5 11 0 0 0
BinVal : 5 12 0 0 0
BinVal : 5 13 0 0 0
BinVal : 5 14 0 0 0
BinVal : 5 15 0.026738 0.00589832 0.00589832
BinVal : 5 16 0.0350242 0.00638891 0.00638891
BinVal : 5 17 0.0641892 0.00822467 0.00822467
BinVal : 5 18 0.0638821 0.00857122 0.00857122
BinVal : 5 19 0.0926966 0.0108685 0.0108685
BinVal : 5 20 0.103175 0.0121191 0.0121191
BinVal : 5 21 0.131439 0.0142399 0.0142399
BinVal : 5 22 0.148235 0.0172362 0.0172362
BinVal : 5 23 0.16273 0.0189105 0.0189105
BinVal : 5 24 0.214076 0.0222125 0.0222125
BinVal : 5 25 0.229236 0.0242281 0.0242281
BinVal : 5 26 0.304833 0.0280672 0.0280672
BinVal : 5 27 0.341463 0.0302339 0.0302339
BinVal : 5 28 0.357143 0.0310592 0.0310592
BinVal : 5 29 0.379888 0.0362774 0.0362774
BinVal : 5 30 0.370629 0.0403883 0.0403883
BinVal : 5 31 0.352564 0.0382521 0.0382521
BinVal : 5 32 0.469231 0.0437698 0.0437698
BinVal : 5 33 0.446602 0.0489847 0.0489847
BinVal : 5 34 0.396226 0.0475068 0.0475068
BinVal : 5 35 0.470588 0.0494216 0.0494216
BinVal : 5 36 0.55814 0.0535506 0.0535506
BinVal : 5 37 0.507042 0.0593332 0.0593332
BinVal : 5 38 0.55 0.0642262 0.0642262
BinVal : 5 39 0.384615 0.0603434 0.0603434
BinVal : 5 40 0.483333 0.0645139 0.0645139
BinVal : 5 41 0.552632 0.0806601 0.0806601
BinVal : 5 42 0.616667 0.0627679 0.0627679
BinVal : 5 43 0.783333 0.0531856 0.0531856
BinVal : 5 44 0.631579 0.0782518 0.0782518
BinVal : 5 45 0.568627 0.0693514 0.0693514
BinVal : 5 46 0.75 0.0684653 0.0684653
BinVal : 5 47 0.705882 0.0781425 0.0781425
BinVal : 5 48 0.628571 0.0816735 0.0816735
BinVal : 5 49 0.62963 0.0929349 0.0929349
BinVal : 5 50 0.575758 0.086034 0.086034
BinVal : 5 51 0.694444 0.0767737 0.0767737
BinVal : 5 52 0.8 0.0894427 0.0894427
BinVal : 5 53 0.806452 0.0709583 0.0709583
BinVal : 5 54 0.652174 0.0993113 0.0993113
BinVal : 5 55 0.608696 0.101764 0.101764
BinVal : 5 56 0.733333 0.11418 0.11418
BinVal : 5 57 0.785714 0.109664 0.109664
BinVal : 5 58 0.666667 0.136083 0.136083
BinVal : 5 59 0.692308 0.128008 0.128008
BinVal : 5 60 0.82 0.0543323 0.0543323
BinVal : 5 61 0.787879 0.0711647 0.0711647
BinVal : 5 62 0.904762 0.0640564 0.0640564
BinVal : 5 63 0.842105 0.0836547 0.0836547
BinVal : 5 64 0.785714 0.109664 0.109664
BinVal : 5 65 0.933333 0.0644061 0.0644061
BinVal : 5 66 0.8 0.178885 0.178885
BinVal : 5 67 0.6 0.219089 0.219089
BinVal : 5 68 1 0.124824 0.124824
BinVal : 5 69 1 0.124824 0.124824
BinVal : 5 70 1 0.218486 0.218486
BinVal : 5 71 0 0 0
BinVal : 5 72 0.666667 0.272166 0.272166
BinVal : 6 0 0 0 0
BinVal : 6 1 0 0 0
BinVal : 6 2 0 0 0
BinVal : 6 3 0 0 0
BinVal : 6 4 0 0 0
BinVal : 6 5 0 0 0
BinVal : 6 6 0 0 0
BinVal : 6 7 0 0 0
BinVal : 6 8 0 0 0
BinVal : 6 9 0 0 0
BinVal : 6 10 0 0 0
BinVal : 6 11 0 0 0
BinVal : 6 12 0 0 0
BinVal : 6 13 0 0 0
BinVal : 6 14 0 0 0
BinVal : 6 15 0 0 0
BinVal : 6 16 0 0 0
BinVal : 6 17 0 0 0
BinVal : 6 18 0 0 0
BinVal : 6 19 0 0 0
BinVal : 6 20 0 0 0
BinVal : 6 21 0 0 0
BinVal : 6 22 0 0 0
BinVal : 6 23 0 0 0
BinVal : 6 24 0 0 0
BinVal : 6 25 0 0 0
BinVal : 6 26 0 0 0
BinVal : 6 27 0 0 0
BinVal : 6 28 0 0 0
BinVal : 6 29 0 0 0
BinVal : 6 30 0 0 0
BinVal : 6 31 0 0 0
BinVal : 6 32 0 0 0
BinVal : 6 33 0 0 0
BinVal : 6 34 0 0 0
BinVal : 6 35 0 0 0
BinVal : 6 36 0 0 0
BinVal : 6 37 0 0 0
BinVal : 6 38 0 0 0
BinVal : 6 39 0 0 0
BinVal : 6 40 0 0 0
BinVal : 6 41 0 0 0
BinVal : 6 42 0 0 0
BinVal : 6 43 0 0 0
BinVal : 6 44 0 0 0
BinVal : 6 45 0 0 0
BinVal : 6 46 0 0 0
BinVal : 6 47 0 0 0
BinVal : 6 48 0 0 0
BinVal : 6 49 0 0 0
BinVal : 6 50 0 0 0
BinVal : 6 51 0 0 0
BinVal : 6 52 0 0 0
BinVal : 6 53 0 0 0
BinVal : 6 54 0 0 0
BinVal : 6 55 0 0 0
BinVal : 6 56 0 0 0
BinVal : 6 57 0 0 0
BinVal : 6 58 0 0 0
BinVal : 6 59 0 0 0
BinVal : 6 60 0 0 0
BinVal : 6 61 0 0 0
BinVal : 6 62 0 0 0
BinVal : 6 63 0 0 0
BinVal : 6 64 0 0 0
BinVal : 6 65 0 0 0
BinVal : 6 66 0 0 0
BinVal : 6 67 0 0 0
BinVal : 6 68 0 0 0
BinVal : 6 69 0 0 0
BinVal : 6 70 0 0 0
BinVal : 6 71 0 0 0
BinVal : 6 72 0 0 0


EffMethod : Ratio
EffName : TrigEff
EffType : Binned
EffVarNames : deteta pt
EffVersion : 1
ObjQuality : CJT(2,3)_ncu
ObjRelativeTo : goodJet
ObjType : Jet
TriggerVersion : v14
BinEdgesX : -5 -3.2 -1.5 -0.8 0.8 1.5 3.2 5
BinEdgesY : 0 1 2 3 4 5 6 7 8 9 10 11 12 13 14 15 16 17 18 19 20 21 22 23 24 25 26 27 28 29 30 31 32 33 34 35 36 37 38 39 40 41 42 43 44 45 46 47 48 49 50 51 52 53 54 55 56 57 58 59 60 65 70 75 80 85 90 95 100 105 110 115 120 2000
BinVal : 0 0 0 0 0
BinVal : 0 1 0 0 0
BinVal : 0 2 0 0 0
BinVal : 0 3 0 0 0
BinVal : 0 4 0 0 0
BinVal : 0 5 0 0 0
BinVal : 0 6 0 0 0
BinVal : 0 7 0 0 0
BinVal : 0 8 0 0 0
BinVal : 0 9 0 0 0
BinVal : 0 10 0 0 0
BinVal : 0 11 0 0 0
BinVal : 0 12 0 0 0
BinVal : 0 13 0 0 0
BinVal : 0 14 0 0 0
BinVal : 0 15 0 0 0
BinVal : 0 16 0 0 0
BinVal : 0 17 0 0 0
BinVal : 0 18 0 0 0
BinVal : 0 19 0 0 0
BinVal : 0 20 0 0 0
BinVal : 0 21 0 0 0
BinVal : 0 22 0 0 0
BinVal : 0 23 0 0 0
BinVal : 0 24 0 0 0
BinVal : 0 25 0 0 0
BinVal : 0 26 0 0 0
BinVal : 0 27 0 0 0
BinVal : 0 28 0 0 0
BinVal : 0 29 0 0 0
BinVal : 0 30 0 0 0
BinVal : 0 31 0 0 0
BinVal : 0 32 0 0 0
BinVal : 0 33 0 0 0
BinVal : 0 34 0 0 0
BinVal : 0 35 0 0 0
BinVal : 0 36 0 0 0
BinVal : 0 37 0 0 0
BinVal : 0 38 0 0 0
BinVal : 0 39 0 0 0
BinVal : 0 40 0 0 0
BinVal : 0 41 0 0 0
BinVal : 0 42 0 0 0
BinVal : 0 43 0 0 0
BinVal : 0 44 0 0 0
BinVal : 0 45 0 0 0
BinVal : 0 46 0 0 0
BinVal : 0 47 0 0 0
BinVal : 0 48 0 0 0
BinVal : 0 49 0 0 0
BinVal : 0 50 0 0 0
BinVal : 0 51 0 0 0
BinVal : 0 52 0 0 0
BinVal : 0 53 0 0 0
BinVal : 0 54 0 0 0
BinVal : 0 55 0 0 0
BinVal : 0 56 0 0 0
BinVal : 0 57 0 0 0
BinVal : 0 58 0 0 0
BinVal : 0 59 0 0 0
BinVal : 0 60 0 0 0
BinVal : 0 61 0 0 0
BinVal : 0 62 0 0 0
BinVal : 0 63 0 0 0
BinVal : 0 64 0 0 0
BinVal : 0 65 0 0 0
BinVal : 0 66 0 0 0
BinVal : 0 67 0 0 0
BinVal : 0 68 0 0 0
BinVal : 0 69 0 0 0
BinVal : 0 70 0 0 0
BinVal : 0 71 0 0 0
BinVal : 0 72 0 0 0
BinVal : 1 0 0 0 0
BinVal : 1 1 0 0 0
BinVal : 1 2 0 0 0
BinVal : 1 3 0 0 0
BinVal : 1 4 0 0 0
BinVal : 1 5 0 0 0
BinVal : 1 6 0 0 0
BinVal : 1 7 0 0 0
BinVal : 1 8 0 0 0
BinVal : 1 9 0 0 0
BinVal : 1 10 0 0 0
BinVal : 1 11 0 0 0
BinVal : 1 12 0 0 0
BinVal : 1 13 0 0 0
BinVal : 1 14 0 0 0
BinVal : 1 15 0.031052 0.00218329 0.00218329
BinVal : 1 16 0.0484318 0.00259287 0.00259287
BinVal : 1 17 0.0759066 0.00320917 0.00320917
BinVal : 1 18 0.0985939 0.00383431 0.00383431
BinVal : 1 19 0.135858 0.0047871 0.0047871
BinVal : 1 20 0.169898 0.00570579 0.00570579
BinVal : 1 21 0.22196 0.00673514 0.00673514
BinVal : 1 22 0.254697 0.00764605 0.00764605
BinVal : 1 23 0.33052 0.0088207 0.0088207
BinVal : 1 24 0.371126 0.00975623 0.00975623
BinVal : 1 25 0.416065 0.0104708 0.0104708
BinVal : 1 26 0.44987 0.0113386 0.0113386
BinVal : 1 27 0.491384 0.0121861 0.0121861
BinVal : 1 28 0.534191 0.0129796 0.0129796
BinVal : 1 29 0.597168 0.0137574 0.0137574
BinVal : 1 30 0.621691 0.014172 0.014172
BinVal : 1 31 0.666972 0.0142752 0.0142752
BinVal : 1 32 0.674393 0.0155682 0.0155682
BinVal : 1 33 0.706173 0.0160051 0.0160051
BinVal : 1 34 0.73416 0.016396 0.016396
BinVal : 1 35 0.760243 0.016631 0.016631
BinVal : 1 36 0.795775 0.0169151 0.0169151
BinVal : 1 37 0.792553 0.0170737 0.0170737
BinVal : 1 38 0.831197 0.0173149 0.0173149
BinVal : 1 39 0.834382 0.0170207 0.0170207
BinVal : 1 40 0.851662 0.0179751 0.0179751
BinVal : 1 41 0.879227 0.0160153 0.0160153
BinVal : 1 42 0.889535 0.0169011 0.0169011
BinVal : 1 43 0.916667 0.0162862 0.0162862
BinVal : 1 44 0.886447 0.0192019 0.0192019
BinVal : 1 45 0.909465 0.0184076 0.0184076
BinVal : 1 46 0.882096 0.021311 0.021311
BinVal : 1 47 0.905983 0.019079 0.019079
BinVal : 1 48 0.949309 0.0148916 0.0148916
BinVal : 1 49 0.921348 0.020177 0.020177
BinVal : 1 50 0.947674 0.0169794 0.0169794
BinVal : 1 51 0.90303 0.0230371 0.0230371
BinVal : 1 52 0.945946 0.0185873 0.0185873
BinVal : 1 53 0.958621 0.0165398 0.0165398
BinVal : 1 54 0.928 0.0231199 0.0231199
BinVal : 1 55 0.941176 0.0232976 0.0232976
BinVal : 1 56 0.956044 0.0214896 0.0214896
BinVal : 1 57 0.915094 0.0270737 0.0270737
BinVal : 1 58 0.964286 0.0202481 0.0202481
BinVal : 1 59 0.939024 0.0264247 0.0264247
BinVal : 1 60 0.957704 0.0110625 0.0110625
BinVal : 1 61 0.95671 0.0133899 0.0133899
BinVal : 1 62 0.980769 0.0109956 0.0109956
BinVal : 1 63 0.957983 0.0183915 0.0183915
BinVal : 1 64 0.987013 0.0129024 0.0129024
BinVal : 1 65 1 0.0088954 0.0088954
BinVal : 1 66 0.976744 0.0229838 0.0229838
BinVal : 1 67 1 0.0145144 0.0145144
BinVal : 1 68 1 0.0346427 0.0346427
BinVal : 1 69 1 0.0254407 0.0254407
BinVal : 1 70 1 0.039392 0.039392
BinVal : 1 71 1 0.0599198 0.0599198
BinVal : 1 72 1 0.0171075 0.0171075
BinVal : 2 0 0 0 0
BinVal : 2 1 0 0 0
BinVal : 2 2 0 0 0
BinVal : 2 3 0 0 0
BinVal : 2 4 0 0 0
BinVal : 2 5 0 0 0
BinVal : 2 6 0 0 0
BinVal : 2 7 0 0 0
BinVal : 2 8 0 0 0
BinVal : 2 9 0 0 0
BinVal : 2 10 0 0 0
BinVal : 2 11 0 0 0
BinVal : 2 12 0 0 0
BinVal : 2 13 0 0 0
BinVal : 2 14 0 0 0
BinVal : 2 15 0.00776699 0.00122329 0.00122329
BinVal : 2 16 0.015015 0.00172072 0.00172072
BinVal : 2 17 0.0213616 0.00190543 0.00190543
BinVal : 2 18 0.0347427 0.00234432 0.00234432
BinVal : 2 19 0.0467079 0.00289004 0.00289004
BinVal : 2 20 0.0586146 0.00350016 0.00350016
BinVal : 2 21 0.0746803 0.00420398 0.00420398
BinVal : 2 22 0.107385 0.00543077 0.00543077
BinVal : 2 23 0.13226 0.00633692 0.00633692
BinVal : 2 24 0.159117 0.00719721 0.00719721
BinVal : 2 25 0.182857 0.0084352 0.0084352
BinVal : 2 26 0.214958 0.00939462 0.00939462
BinVal : 2 27 0.235976 0.0104849 0.0104849
BinVal : 2 28 0.275694 0.0117759 0.0117759
BinVal : 2 29 0.281724 0.0127081 0.0127081
BinVal : 2 30 0.357078 0.0144795 0.0144795
BinVal : 2 31 0.368737 0.0152721 0.0152721
BinVal : 2 32 0.394273 0.0162179 0.0162179
BinVal : 2 33 0.411364 0.016588 0.016588
BinVal : 2 34 0.45441 0.0192506 0.0192506
BinVal : 2 35 0.465331 0.0195795 0.0195795
BinVal : 2 36 0.474797 0.0201363 0.0201363
BinVal : 2 37 0.509666 0.0209572 0.0209572
BinVal : 2 38 0.593023 0.021627 0.021627
BinVal : 2 39 0.580435 0.023009 0.023009
BinVal : 2 40 0.56582 0.0238194 0.0238194
BinVal : 2 41 0.587131 0.0254929 0.0254929
BinVal : 2 42 0.631124 0.025902 0.025902
BinVal : 2 43 0.606349 0.0275272 0.0275272
BinVal : 2 44 0.671779 0.0260068 0.0260068
BinVal : 2 45 0.676568 0.0268736 0.0268736
BinVal : 2 46 0.686047 0.0288935 0.0288935
BinVal : 2 47 0.674897 0.0300487 0.0300487
BinVal : 2 48 0.701422 0.0315049 0.0315049
BinVal : 2 49 0.695455 0.0310277 0.0310277
BinVal : 2 50 0.751553 0.0340552 0.0340552
BinVal : 2 51 0.734694 0.036414 0.036414
BinVal : 2 52 0.714286 0.0364034 0.0364034
BinVal : 2 53 0.674603 0.0417393 0.0417393
BinVal : 2 54 0.708333 0.0378775 0.0378775
BinVal : 2 55 0.784615 0.0360549 0.0360549
BinVal : 2 56 0.796748 0.0362849 0.0362849
BinVal : 2 57 0.827273 0.036042 0.036042
BinVal : 2 58 0.779817 0.0396895 0.0396895
BinVal : 2 59 0.782609 0.0384631 0.0384631
BinVal : 2 60 0.799087 0.0191454 0.0191454
BinVal : 2 61 0.830508 0.0218441 0.0218441
BinVal : 2 62 0.8583 0.02219 0.02219
BinVal : 2 63 0.884615 0.0221523 0.0221523
BinVal : 2 64 0.875862 0.0273833 0.0273833
BinVal : 2 65 0.878788 0.0328018 0.0328018
BinVal : 2 66 0.920635 0.0340556 0.0340556
BinVal : 2 67 0.892857 0.0413313 0.0413313
BinVal : 2 68 0.984375 0.0155024 0.0155024
BinVal : 2 69 0.975 0.0246855 0.0246855
BinVal : 2 70 0.90625 0.051527 0.051527
BinVal : 2 71 0.931035 0.0470544 0.0470544
BinVal : 2 72 0.93578 0.0234806 0.0234806
BinVal : 3 0 0 0 0
BinVal : 3 1 0 0 0
BinVal : 3 2 0 0 0
BinVal : 3 3 0 0 0
BinVal : 3 4 0 0 0
BinVal : 3 5 0 0 0
BinVal : 3 6 0 0 0
BinVal : 3 7 0 0 0
BinVal : 3 8 0 0 0
BinVal : 3 9 0 0 0
BinVal : 3 10 0 0 0
BinVal : 3 11 0 0 0
BinVal : 3 12 0 0 0
BinVal : 3 13 0 0 0
BinVal : 3 14 0 0 0
BinVal : 3 15 0.0383164 0.00173877 0.00173877
BinVal : 3 16 0.0615033 0.00191504 0.00191504
BinVal : 3 17 0.0816846 0.00210792 0.00210792
BinVal : 3 18 0.119363 0.00271512 0.00271512
BinVal : 3 19 0.160834 0.00336154 0.00336154
BinVal : 3 20 0.212136 0.00402823 0.00402823
BinVal : 3 21 0.256437 0.00467109 0.00467109
BinVal : 3 22 0.313888 0.00531942 0.00531942
BinVal : 3 23 0.362391 0.0058331 0.0058331
BinVal : 3 24 0.415536 0.00641807 0.00641807
BinVal : 3 25 0.470384 0.00693292 0.00693292
BinVal : 3 26 0.520227 0.00738778 0.00738778
BinVal : 3 27 0.567164 0.00788048 0.00788048
BinVal : 3 28 0.611316 0.00821949 0.00821949
BinVal : 3 29 0.648142 0.00843801 0.00843801
BinVal : 3 30 0.680615 0.00881738 0.00881738
BinVal : 3 31 0.723345 0.00890601 0.00890601
BinVal : 3 32 0.746358 0.00900604 0.00900604
BinVal : 3 33 0.779446 0.0089817 0.0089817
BinVal : 3 34 0.794295 0.00946716 0.00946716
BinVal : 3 35 0.821053 0.00926937 0.00926937
BinVal : 3 36 0.858223 0.00875617 0.00875617
BinVal : 3 37 0.864044 0.00900394 0.00900394
BinVal : 3 38 0.871775 0.00920938 0.00920938
BinVal : 3 39 0.875413 0.0094862 0.0094862
BinVal : 3 40 0.880639 0.00993938 0.00993938
BinVal : 3 41 0.890609 0.010027 0.010027
BinVal : 3 42 0.92146 0.00894745 0.00894745
BinVal : 3 43 0.909846 0.00986423 0.00986423
BinVal : 3 44 0.908759 0.0100435 0.0100435
BinVal : 3 45 0.908323 0.0100224 0.0100224
BinVal : 3 46 0.923676 0.0104791 0.0104791
BinVal : 3 47 0.940692 0.00958708 0.00958708
BinVal : 3 48 0.934066 0.0106206 0.0106206
BinVal : 3 49 0.92559 0.0111802 0.0111802
BinVal : 3 50 0.942973 0.0104652 0.0104652
BinVal : 3 51 0.945578 0.0108023 0.0108023
BinVal : 3 52 0.948357 0.0107223 0.0107223
BinVal : 3 53 0.947743 0.0108461 0.0108461
BinVal : 3 54 0.97027 0.0088296 0.0088296
BinVal : 3 55 0.964187 0.00975317 0.00975317
BinVal : 3 56 0.962644 0.0101654 0.0101654
BinVal : 3 57 0.933544 0.0140117 0.0140117
BinVal : 3 58 0.97417 0.00963601 0.00963601
BinVal : 3 59 0.967273 0.0107291 0.0107291
BinVal : 3 60 0.973359 0.00496721 0.00496721
BinVal : 3 61 0.973717 0.00565952 0.00565952
BinVal : 3 62 0.978689 0.00584742 0.00584742
BinVal : 3 63 0.986928 0.00530158 0.00530158
BinVal : 3 64 0.990798 0.00528854 0.00528854
BinVal : 3 65 0.996711 0.00328406 0.00328406
BinVal : 3 66 0.990868 0.00642804 0.00642804
BinVal : 3 67 0.988095 0.00836768 0.00836768
BinVal : 3 68 0.992806 0.00716832 0.00716832
BinVal : 3 69 1 0.00560045 0.00560045
BinVal : 3 70 1 0.00620508 0.00620508
BinVal : 3 71 1 0.00948286 0.00948286
BinVal : 3 72 1 0.00169134 0.00169134
BinVal : 4 0 0 0 0
BinVal : 4 1 0 0 0
BinVal : 4 2 0 0 0
BinVal : 4 3 0 0 0
BinVal : 4 4 0 0 0
BinVal : 4 5 0 0 0
BinVal : 4 6 0 0 0
BinVal : 4 7 0 0 0
BinVal : 4 8 0 0 0
BinVal : 4 9 0 0 0
BinVal : 4 10 0 0 0
BinVal : 4 11 0 0 0
BinVal : 4 12 0 0 0
BinVal : 4 13 0 0 0
BinVal : 4 14 0 0 0
BinVal : 4 15 0.00762804 0.00117253 0.00117253
BinVal : 4 16 0.0111091 0.00141445 0.00141445
BinVal : 4 17 0.0193301 0.00167247 0.00167247
BinVal : 4 18 0.0329819 0.00219165 0.00219165
BinVal : 4 19 0.0433496 0.00268696 0.00268696
BinVal : 4 20 0.0587732 0.00343843 0.00343843
BinVal : 4 21 0.0751518 0.00419369 0.00419369
BinVal : 4 22 0.10705 0.00524481 0.00524481
BinVal : 4 23 0.125681 0.00611775 0.00611775
BinVal : 4 24 0.156003 0.00721116 0.00721116
BinVal : 4 25 0.180518 0.00813018 0.00813018
BinVal : 4 26 0.196608 0.00914911 0.00914911
BinVal : 4 27 0.213011 0.00982393 0.00982393
BinVal : 4 28 0.291971 0.0117122 0.0117122
BinVal : 4 29 0.297533 0.0123156 0.0123156
BinVal : 4 30 0.332479 0.0137728 0.0137728
BinVal : 4 31 0.338819 0.0147263 0.0147263
BinVal : 4 32 0.373431 0.0156445 0.0156445
BinVal : 4 33 0.429825 0.0175246 0.0175246
BinVal : 4 34 0.441215 0.0180468 0.0180468
BinVal : 4 35 0.494083 0.0192294 0.0192294
BinVal : 4 36 0.515742 0.0193505 0.0193505
BinVal : 4 37 0.517827 0.020589 0.020589
BinVal : 4 38 0.514652 0.0213888 0.0213888
BinVal : 4 39 0.558 0.0222097 0.0222097
BinVal : 4 40 0.621247 0.0233113 0.0233113
BinVal : 4 41 0.6225 0.0242381 0.0242381
BinVal : 4 42 0.613699 0.0254856 0.0254856
BinVal : 4 43 0.586826 0.0269431 0.0269431
BinVal : 4 44 0.633846 0.0267228 0.0267228
BinVal : 4 45 0.652459 0.0272665 0.0272665
BinVal : 4 46 0.641577 0.0287091 0.0287091
BinVal : 4 47 0.697248 0.0311178 0.0311178
BinVal : 4 48 0.618834 0.0325231 0.0325231
BinVal : 4 49 0.693965 0.0302559 0.0302559
BinVal : 4 50 0.748663 0.0317213 0.0317213
BinVal : 4 51 0.668571 0.0355836 0.0355836
BinVal : 4 52 0.739394 0.0341734 0.0341734
BinVal : 4 53 0.708861 0.0361412 0.0361412
BinVal : 4 54 0.723881 0.0386215 0.0386215
BinVal : 4 55 0.736842 0.0357169 0.0357169
BinVal : 4 56 0.765957 0.0356566 0.0356566
BinVal : 4 57 0.77 0.0420833 0.0420833
BinVal : 4 58 0.789916 0.0373434 0.0373434
BinVal : 4 59 0.765766 0.0401987 0.0401987
BinVal : 4 60 0.792411 0.0191619 0.0191619
BinVal : 4 61 0.828829 0.0206408 0.0206408
BinVal : 4 62 0.813953 0.0265394 0.0265394
BinVal : 4 63 0.837209 0.0281493 0.0281493
BinVal : 4 64 0.796875 0.0355608 0.0355608
BinVal : 4 65 0.84874 0.0328455 0.0328455
BinVal : 4 66 0.9 0.0316228 0.0316228
BinVal : 4 67 0.857143 0.0440867 0.0440867
BinVal : 4 68 0.978723 0.021049 0.021049
BinVal : 4 69 0.790698 0.062038 0.062038
BinVal : 4 70 0.852941 0.0607387 0.0607387
BinVal : 4 71 0.88 0.0649923 0.0649923
BinVal : 4 72 0.944444 0.0204064 0.0204064
BinVal : 5 0 0 0 0
BinVal : 5 1 0 0 0
BinVal : 5 2 0 0 0
BinVal : 5 3 0 0 0
BinVal : 5 4 0 0 0
BinVal : 5 5 0 0 0
BinVal : 5 6 0 0 0
BinVal : 5 7 0 0 0
BinVal : 5 8 0 0 0
BinVal : 5 9 0 0 0
BinVal : 5 10 0 0 0
BinVal : 5 11 0 0 0
BinVal : 5 12 0 0 0
BinVal : 5 13 0 0 0
BinVal : 5 14 0 0 0
BinVal : 5 15 0.022919 0.0018879 0.0018879
BinVal : 5 16 0.0411942 0.00238101 0.00238101
BinVal : 5 17 0.0649985 0.0029997 0.0029997
BinVal : 5 18 0.0895798 0.00370227 0.00370227
BinVal : 5 19 0.11308 0.00434761 0.00434761
BinVal : 5 20 0.150347 0.00535002 0.00535002
BinVal : 5 21 0.203868 0.00651321 0.00651321
BinVal : 5 22 0.243917 0.00744302 0.00744302
BinVal : 5 23 0.281764 0.0084163 0.0084163
BinVal : 5 24 0.347546 0.0095506 0.0095506
BinVal : 5 25 0.390799 0.0103117 0.0103117
BinVal : 5 26 0.428875 0.0114022 0.0114022
BinVal : 5 27 0.481693 0.0119511 0.0119511
BinVal : 5 28 0.507197 0.0130887 0.0130887
BinVal : 5 29 0.573758 0.0137795 0.0137795
BinVal : 5 30 0.626712 0.0141525 0.0141525
BinVal : 5 31 0.627432 0.0150796 0.0150796
BinVal : 5 32 0.666318 0.0152503 0.0152503
BinVal : 5 33 0.72071 0.015434 0.015434
BinVal : 5 34 0.704875 0.0165553 0.0165553
BinVal : 5 35 0.751471 0.0165726 0.0165726
BinVal : 5 36 0.78125 0.0167655 0.0167655
BinVal : 5 37 0.798214 0.0169594 0.0169594
BinVal : 5 38 0.8 0.0185496 0.0185496
BinVal : 5 39 0.812352 0.0190285 0.0190285
BinVal : 5 40 0.862651 0.0168969 0.0168969
BinVal : 5 41 0.847087 0.0177312 0.0177312
BinVal : 5 42 0.833837 0.0204594 0.0204594
BinVal : 5 43 0.88535 0.0179796 0.0179796
BinVal : 5 44 0.875862 0.0193629 0.0193629
BinVal : 5 45 0.892857 0.0194837 0.0194837
BinVal : 5 46 0.866109 0.0220274 0.0220274
BinVal : 5 47 0.918455 0.0179287 0.0179287
BinVal : 5 48 0.910891 0.0200456 0.0200456
BinVal : 5 49 0.91411 0.021947 0.021947
BinVal : 5 50 0.95 0.0172301 0.0172301
BinVal : 5 51 0.933735 0.0193063 0.0193063
BinVal : 5 52 0.958904 0.016429 0.016429
BinVal : 5 53 0.918699 0.0246423 0.0246423
BinVal : 5 54 0.913386 0.0249586 0.0249586
BinVal : 5 55 0.909091 0.0274101 0.0274101
BinVal : 5 56 0.929293 0.0257626 0.0257626
BinVal : 5 57 0.988764 0.0111727 0.0111727
BinVal : 5 58 0.98913 0.0108103 0.0108103
BinVal : 5 59 0.977528 0.0157105 0.0157105
BinVal : 5 60 0.945799 0.0117866 0.0117866
BinVal : 5 61 0.943231 0.0152913 0.0152913
BinVal : 5 62 0.988304 0.00822175 0.00822175
BinVal : 5 63 0.975207 0.0141359 0.0141359
BinVal : 5 64 0.987952 0.0119754 0.0119754
BinVal : 5 65 0.979592 0.0201988 0.0201988
BinVal : 5 66 1 0.0126033 0.0126033
BinVal : 5 67 1 0.0152869 0.0152869
BinVal : 5 68 1 0.0194201 0.0194201
BinVal : 5 69 1 0.0243611 0.0243611
BinVal : 5 70 1 0.0326734 0.0326734
BinVal : 5 71 1 0.0756803 0.0756803
BinVal : 5 72 1 0.0171075 0.0171075
BinVal : 6 0 0 0 0
BinVal : 6 1 0 0 0
BinVal : 6 2 0 0 0
BinVal : 6 3 0 0 0
BinVal : 6 4 0 0 0
BinVal : 6 5 0 0 0
BinVal : 6 6 0 0 0
BinVal : 6 7 0 0 0
BinVal : 6 8 0 0 0
BinVal : 6 9 0 0 0
BinVal : 6 10 0 0 0
BinVal : 6 11 0 0 0
BinVal : 6 12 0 0 0
BinVal : 6 13 0 0 0
BinVal : 6 14 0 0 0
BinVal : 6 15 0 0 0
BinVal : 6 16 0 0 0
BinVal : 6 17 0 0 0
BinVal : 6 18 0 0 0
BinVal : 6 19 0 0 0
BinVal : 6 20 0 0 0
BinVal : 6 21 0 0 0
BinVal : 6 22 0 0 0
BinVal : 6 23 0 0 0
BinVal : 6 24 0 0 0
BinVal : 6 25 0 0 0
BinVal : 6 26 0 0 0
BinVal : 6 27 0 0 0
BinVal : 6 28 0 0 0
BinVal : 6 29 0 0 0
BinVal : 6 30 0 0 0
BinVal : 6 31 0 0 0
BinVal : 6 32 0 0 0
BinVal : 6 33 0 0 0
BinVal : 6 34 0 0 0
BinVal : 6 35 0 0 0
BinVal : 6 36 0 0 0
BinVal : 6 37 0 0 0
BinVal : 6 38 0 0 0
BinVal : 6 39 0 0 0
BinVal : 6 40 0 0 0
BinVal : 6 41 0 0 0
BinVal : 6 42 0 0 0
BinVal : 6 43 0 0 0
BinVal : 6 44 0 0 0
BinVal : 6 45 0 0 0
BinVal : 6 46 0 0 0
BinVal : 6 47 0 0 0
BinVal : 6 48 0 0 0
BinVal : 6 49 0 0 0
BinVal : 6 50 0 0 0
BinVal : 6 51 0 0 0
BinVal : 6 52 0 0 0
BinVal : 6 53 0 0 0
BinVal : 6 54 0 0 0
BinVal : 6 55 0 0 0
BinVal : 6 56 0 0 0
BinVal : 6 57 0 0 0
BinVal : 6 58 0 0 0
BinVal : 6 59 0 0 0
BinVal : 6 60 0 0 0
BinVal : 6 61 0 0 0
BinVal : 6 62 0 0 0
BinVal : 6 63 0 0 0
BinVal : 6 64 0 0 0
BinVal : 6 65 0 0 0
BinVal : 6 66 0 0 0
BinVal : 6 67 0 0 0
BinVal : 6 68 0 0 0
BinVal : 6 69 0 0 0
BinVal : 6 70 0 0 0
BinVal : 6 71 0 0 0
BinVal : 6 72 0 0 0

