EffMethod : Ratio
EffName : TrigEff
EffType : Binned
EffVarNames : deteta pt
EffVersion : 1
ObjQuality : SCJET_9_25
ObjRelativeTo : goodJet_CJT(1,5)_ncu_none_0
ObjType : Jet
TriggerVersion : v9
BinEdgesX : -5 -3.2 -1.5 -0.8 0.8 1.5 3.2 5
BinEdgesY : 0 1 2 3 4 5 6 7 8 9 10 11 12 13 14 15 16 17 18 19 20 21 22 23 24 25 26 27 28 29 30 31 32 33 34 35 36 37 38 39 40 41 42 43 44 45 46 47 48 49 50 51 52 53 54 55 56 57 58 59 60 65 70 75 80 85 90 95 100 105 110 115 120 2000
BinVal : 0 0 0 0 0
BinVal : 0 1 0 0 0
BinVal : 0 2 0 0 0
BinVal : 0 3 0 0 0
BinVal : 0 4 0 0 0
BinVal : 0 5 0 0 0
BinVal : 0 6 0 0 0
BinVal : 0 7 0 0 0
BinVal : 0 8 0 0 0
BinVal : 0 9 0 0 0
BinVal : 0 10 0 0 0
BinVal : 0 11 0 0 0
BinVal : 0 12 0 0 0
BinVal : 0 13 0 0 0
BinVal : 0 14 0 0 0
BinVal : 0 15 0 0 0
BinVal : 0 16 0 0 0
BinVal : 0 17 0 0 0
BinVal : 0 18 0 0 0
BinVal : 0 19 0 0 0
BinVal : 0 20 0 0 0
BinVal : 0 21 0 0 0
BinVal : 0 22 0 0 0
BinVal : 0 23 0 0 0
BinVal : 0 24 0 0 0
BinVal : 0 25 0 0 0
BinVal : 0 26 0 0 0
BinVal : 0 27 0 0 0
BinVal : 0 28 0 0 0
BinVal : 0 29 0 0 0
BinVal : 0 30 0 0 0
BinVal : 0 31 0 0 0
BinVal : 0 32 0 0 0
BinVal : 0 33 0 0 0
BinVal : 0 34 0 0 0
BinVal : 0 35 0 0 0
BinVal : 0 36 0 0 0
BinVal : 0 37 0 0 0
BinVal : 0 38 0 0 0
BinVal : 0 39 0 0 0
BinVal : 0 40 0 0 0
BinVal : 0 41 0 0 0
BinVal : 0 42 0 0 0
BinVal : 0 43 0 0 0
BinVal : 0 44 0 0 0
BinVal : 0 45 0 0 0
BinVal : 0 46 0 0 0
BinVal : 0 47 0 0 0
BinVal : 0 48 0 0 0
BinVal : 0 49 0 0 0
BinVal : 0 50 0 0 0
BinVal : 0 51 0 0 0
BinVal : 0 52 0 0 0
BinVal : 0 53 0 0 0
BinVal : 0 54 0 0 0
BinVal : 0 55 0 0 0
BinVal : 0 56 0 0 0
BinVal : 0 57 0 0 0
BinVal : 0 58 0 0 0
BinVal : 0 59 0 0 0
BinVal : 0 60 0 0 0
BinVal : 0 61 0 0 0
BinVal : 0 62 0 0 0
BinVal : 0 63 0 0 0
BinVal : 0 64 0 0 0
BinVal : 0 65 0 0 0
BinVal : 0 66 0 0 0
BinVal : 0 67 0 0 0
BinVal : 0 68 0 0 0
BinVal : 0 69 0 0 0
BinVal : 0 70 0 0 0
BinVal : 0 71 0 0 0
BinVal : 0 72 0 0 0
BinVal : 1 0 0 0 0
BinVal : 1 1 0 0 0
BinVal : 1 2 0 0 0
BinVal : 1 3 0 0 0
BinVal : 1 4 0 0 0
BinVal : 1 5 0 0 0
BinVal : 1 6 0 0 0
BinVal : 1 7 0 0 0
BinVal : 1 8 0 0 0
BinVal : 1 9 0 0 0
BinVal : 1 10 0 0 0
BinVal : 1 11 0 0 0
BinVal : 1 12 0 0 0
BinVal : 1 13 0 0 0
BinVal : 1 14 0 0 0
BinVal : 1 15 0 0 0
BinVal : 1 16 0.00215517 0.00215285 0.00215285
BinVal : 1 17 0.00149925 0.00149813 0.00149813
BinVal : 1 18 0 0 0
BinVal : 1 19 0 0 0
BinVal : 1 20 0.00127551 0.0012747 0.0012747
BinVal : 1 21 0.0013986 0.00139762 0.00139762
BinVal : 1 22 0.00130548 0.00130463 0.00130463
BinVal : 1 23 0.00132275 0.00132188 0.00132188
BinVal : 1 24 0 0 0
BinVal : 1 25 0.00439883 0.00253407 0.00253407
BinVal : 1 26 0 0 0
BinVal : 1 27 0.00495049 0.00285109 0.00285109
BinVal : 1 28 0.00681431 0.00339553 0.00339553
BinVal : 1 29 0.0289855 0.00714058 0.00714058
BinVal : 1 30 0.0313726 0.00771913 0.00771913
BinVal : 1 31 0.0631579 0.0111609 0.0111609
BinVal : 1 32 0.0627615 0.0110932 0.0110932
BinVal : 1 33 0.114883 0.016294 0.016294
BinVal : 1 34 0.143646 0.018434 0.018434
BinVal : 1 35 0.21345 0.0221564 0.0221564
BinVal : 1 36 0.279743 0.0254532 0.0254532
BinVal : 1 37 0.379699 0.0297564 0.0297564
BinVal : 1 38 0.405904 0.0298301 0.0298301
BinVal : 1 39 0.545455 0.0294432 0.0294432
BinVal : 1 40 0.555556 0.031302 0.031302
BinVal : 1 41 0.700935 0.0312979 0.0312979
BinVal : 1 42 0.696517 0.0324291 0.0324291
BinVal : 1 43 0.766467 0.0327388 0.0327388
BinVal : 1 44 0.812155 0.0290322 0.0290322
BinVal : 1 45 0.84472 0.0285431 0.0285431
BinVal : 1 46 0.846715 0.0307792 0.0307792
BinVal : 1 47 0.914729 0.0245897 0.0245897
BinVal : 1 48 0.949495 0.0220088 0.0220088
BinVal : 1 49 0.935484 0.0220618 0.0220618
BinVal : 1 50 0.978723 0.0148839 0.0148839
BinVal : 1 51 0.986667 0.0132441 0.0132441
BinVal : 1 52 0.97619 0.0166342 0.0166342
BinVal : 1 53 0.944444 0.0269951 0.0269951
BinVal : 1 54 0.988372 0.0115601 0.0115601
BinVal : 1 55 0.97561 0.0170349 0.0170349
BinVal : 1 56 0.984615 0.0152658 0.0152658
BinVal : 1 57 1 0.0088954 0.0088954
BinVal : 1 58 1 0.0126033 0.0126033
BinVal : 1 59 0.977273 0.0224675 0.0224675
BinVal : 1 60 0.981308 0.00925804 0.00925804
BinVal : 1 61 1 0.0040288 0.0040288
BinVal : 1 62 1 0.00588655 0.00588655
BinVal : 1 63 1 0.0074048 0.0074048
BinVal : 1 64 1 0.00770235 0.00770235
BinVal : 1 65 1 0.0152869 0.0152869
BinVal : 1 66 1 0.018786 0.018786
BinVal : 1 67 1 0.0279117 0.0279117
BinVal : 1 68 1 0.0346427 0.0346427
BinVal : 1 69 1 0.0293374 0.0293374
BinVal : 1 70 1 0.0422902 0.0422902
BinVal : 1 71 1 0.0456491 0.0456491
BinVal : 1 72 1 0.0293374 0.0293374
BinVal : 2 0 0 0 0
BinVal : 2 1 0 0 0
BinVal : 2 2 0 0 0
BinVal : 2 3 0 0 0
BinVal : 2 4 0 0 0
BinVal : 2 5 0 0 0
BinVal : 2 6 0 0 0
BinVal : 2 7 0 0 0
BinVal : 2 8 0 0 0
BinVal : 2 9 0 0 0
BinVal : 2 10 0 0 0
BinVal : 2 11 0 0 0
BinVal : 2 12 0 0 0
BinVal : 2 13 0 0 0
BinVal : 2 14 0 0 0
BinVal : 2 15 0 0 0
BinVal : 2 16 0.0075188 0.00749048 0.00749048
BinVal : 2 17 0.0037037 0.00369684 0.00369684
BinVal : 2 18 0 0 0
BinVal : 2 19 0 0 0
BinVal : 2 20 0 0 0
BinVal : 2 21 0 0 0
BinVal : 2 22 0 0 0
BinVal : 2 23 0 0 0
BinVal : 2 24 0 0 0
BinVal : 2 25 0.00179533 0.00179372 0.00179372
BinVal : 2 26 0.00166945 0.00166805 0.00166805
BinVal : 2 27 0.00373134 0.00263353 0.00263353
BinVal : 2 28 0 0 0
BinVal : 2 29 0.00581395 0.00334692 0.00334692
BinVal : 2 30 0.00680272 0.00391417 0.00391417
BinVal : 2 31 0.00196464 0.00196271 0.00196271
BinVal : 2 32 0.0183066 0.00641286 0.00641286
BinVal : 2 33 0.0127551 0.00566776 0.00566776
BinVal : 2 34 0.0103093 0.005128 0.005128
BinVal : 2 35 0.0113636 0.00564944 0.00564944
BinVal : 2 36 0.0167131 0.00676583 0.00676583
BinVal : 2 37 0.0666667 0.0137314 0.0137314
BinVal : 2 38 0.064982 0.0148104 0.0148104
BinVal : 2 39 0.0824373 0.0164656 0.0164656
BinVal : 2 40 0.130435 0.0222067 0.0222067
BinVal : 2 41 0.179592 0.0245231 0.0245231
BinVal : 2 42 0.21028 0.0278567 0.0278567
BinVal : 2 43 0.279817 0.0304039 0.0304039
BinVal : 2 44 0.326923 0.0325255 0.0325255
BinVal : 2 45 0.381818 0.037822 0.037822
BinVal : 2 46 0.402299 0.0371742 0.0371742
BinVal : 2 47 0.448718 0.0398209 0.0398209
BinVal : 2 48 0.5625 0.0373933 0.0373933
BinVal : 2 49 0.582677 0.0437571 0.0437571
BinVal : 2 50 0.626984 0.0430831 0.0430831
BinVal : 2 51 0.699115 0.0431455 0.0431455
BinVal : 2 52 0.733871 0.0396867 0.0396867
BinVal : 2 53 0.784946 0.0426042 0.0426042
BinVal : 2 54 0.744898 0.0440344 0.0440344
BinVal : 2 55 0.880435 0.0338265 0.0338265
BinVal : 2 56 0.83871 0.0381389 0.0381389
BinVal : 2 57 0.83871 0.0381389 0.0381389
BinVal : 2 58 0.911392 0.0319724 0.0319724
BinVal : 2 59 0.944444 0.0269951 0.0269951
BinVal : 2 60 0.952381 0.01242 0.01242
BinVal : 2 61 0.969388 0.0123046 0.0123046
BinVal : 2 62 0.988095 0.00836768 0.00836768
BinVal : 2 63 0.971429 0.0162584 0.0162584
BinVal : 2 64 1 0.0074048 0.0074048
BinVal : 2 65 1 0.00964212 0.00964212
BinVal : 2 66 1 0.00964212 0.00964212
BinVal : 2 67 0.971429 0.0281603 0.0281603
BinVal : 2 68 1 0.0243611 0.0243611
BinVal : 2 69 1 0.0201001 0.0201001
BinVal : 2 70 1 0.0266185 0.0266185
BinVal : 2 71 1 0.0266185 0.0266185
BinVal : 2 72 1 0.00980616 0.00980616
BinVal : 3 0 0 0 0
BinVal : 3 1 0 0 0
BinVal : 3 2 0 0 0
BinVal : 3 3 0 0 0
BinVal : 3 4 0 0 0
BinVal : 3 5 0 0 0
BinVal : 3 6 0 0 0
BinVal : 3 7 0 0 0
BinVal : 3 8 0 0 0
BinVal : 3 9 0 0 0
BinVal : 3 10 0 0 0
BinVal : 3 11 0 0 0
BinVal : 3 12 0 0 0
BinVal : 3 13 0 0 0
BinVal : 3 14 0 0 0
BinVal : 3 15 0 0 0
BinVal : 3 16 0.00276753 0.00159562 0.00159562
BinVal : 3 17 0.00153531 0.000885732 0.000885732
BinVal : 3 18 0.000928936 0.000656552 0.000656552
BinVal : 3 19 0.00135624 0.000782494 0.000782494
BinVal : 3 20 0.000857633 0.000606178 0.000606178
BinVal : 3 21 0.000814001 0.000575351 0.000575351
BinVal : 3 22 0.000799361 0.000565007 0.000565007
BinVal : 3 23 0 0 0
BinVal : 3 24 0.000849618 0.000600515 0.000600515
BinVal : 3 25 0.000838926 0.000592961 0.000592961
BinVal : 3 26 0.00345871 0.00122072 0.00122072
BinVal : 3 27 0.00473037 0.00149233 0.00149233
BinVal : 3 28 0.00685267 0.00182517 0.00182517
BinVal : 3 29 0.00883576 0.0021335 0.0021335
BinVal : 3 30 0.0114007 0.0024736 0.0024736
BinVal : 3 31 0.0132488 0.00274421 0.00274421
BinVal : 3 32 0.0231684 0.00376449 0.00376449
BinVal : 3 33 0.0407056 0.005147 0.005147
BinVal : 3 34 0.0681302 0.0069326 0.0069326
BinVal : 3 35 0.0970432 0.00815068 0.00815068
BinVal : 3 36 0.151153 0.0104675 0.0104675
BinVal : 3 37 0.203169 0.0122832 0.0122832
BinVal : 3 38 0.319417 0.0145278 0.0145278
BinVal : 3 39 0.383648 0.0157437 0.0157437
BinVal : 3 40 0.523132 0.0172025 0.0172025
BinVal : 3 41 0.632812 0.0173941 0.0173941
BinVal : 3 42 0.678248 0.0181562 0.0181562
BinVal : 3 43 0.780381 0.0158408 0.0158408
BinVal : 3 44 0.832536 0.0149117 0.0149117
BinVal : 3 45 0.870085 0.0139005 0.0139005
BinVal : 3 46 0.918063 0.0118355 0.0118355
BinVal : 3 47 0.94605 0.00991674 0.00991674
BinVal : 3 48 0.954357 0.00950648 0.00950648
BinVal : 3 49 0.947761 0.0110977 0.0110977
BinVal : 3 50 0.97027 0.0088296 0.0088296
BinVal : 3 51 0.977778 0.00776895 0.00776895
BinVal : 3 52 0.986928 0.00649309 0.00649309
BinVal : 3 53 0.986159 0.00687236 0.00687236
BinVal : 3 54 0.98556 0.0071679 0.0071679
BinVal : 3 55 0.996324 0.00366971 0.00366971
BinVal : 3 56 0.995652 0.00433836 0.00433836
BinVal : 3 57 0.99187 0.00572542 0.00572542
BinVal : 3 58 0.995238 0.00475055 0.00475055
BinVal : 3 59 1 0.00285006 0.00285006
BinVal : 3 60 1 0.00073576 0.00073576
BinVal : 3 61 0.998246 0.00175285 0.00175285
BinVal : 3 62 0.997613 0.00238379 0.00238379
BinVal : 3 63 1 0.00179148 0.00179148
BinVal : 3 64 1 0.00246954 0.00246954
BinVal : 3 65 1 0.00353289 0.00353289
BinVal : 3 66 1 0.00414515 0.00414515
BinVal : 3 67 1 0.00519514 0.00519514
BinVal : 3 68 1 0.00780725 0.00780725
BinVal : 3 69 1 0.00850058 0.00850058
BinVal : 3 70 1 0.00903559 0.00903559
BinVal : 3 71 0.973684 0.0259672 0.0259672
BinVal : 3 72 0.994975 0.00501248 0.00501248
BinVal : 4 0 0 0 0
BinVal : 4 1 0 0 0
BinVal : 4 2 0 0 0
BinVal : 4 3 0 0 0
BinVal : 4 4 0 0 0
BinVal : 4 5 0 0 0
BinVal : 4 6 0 0 0
BinVal : 4 7 0 0 0
BinVal : 4 8 0 0 0
BinVal : 4 9 0 0 0
BinVal : 4 10 0 0 0
BinVal : 4 11 0 0 0
BinVal : 4 12 0 0 0
BinVal : 4 13 0 0 0
BinVal : 4 14 0 0 0
BinVal : 4 15 0 0 0
BinVal : 4 16 0 0 0
BinVal : 4 17 0 0 0
BinVal : 4 18 0 0 0
BinVal : 4 19 0 0 0
BinVal : 4 20 0 0 0
BinVal : 4 21 0.00184162 0.00183992 0.00183992
BinVal : 4 22 0 0 0
BinVal : 4 23 0.00362976 0.00256197 0.00256197
BinVal : 4 24 0.00375235 0.00264833 0.00264833
BinVal : 4 25 0 0 0
BinVal : 4 26 0.00187266 0.0018709 0.0018709
BinVal : 4 27 0.00389105 0.00274603 0.00274603
BinVal : 4 28 0.00199203 0.00199005 0.00199005
BinVal : 4 29 0.00197628 0.00197433 0.00197433
BinVal : 4 30 0.00223214 0.00222965 0.00222965
BinVal : 4 31 0.00455581 0.0032141 0.0032141
BinVal : 4 32 0.00694444 0.00399543 0.00399543
BinVal : 4 33 0.0138249 0.00560484 0.00560484
BinVal : 4 34 0.0189189 0.00708271 0.00708271
BinVal : 4 35 0.0140845 0.00625427 0.00625427
BinVal : 4 36 0.0283286 0.00883049 0.00883049
BinVal : 4 37 0.0253968 0.00886438 0.00886438
BinVal : 4 38 0.062069 0.0141685 0.0141685
BinVal : 4 39 0.0743243 0.0152458 0.0152458
BinVal : 4 40 0.0882353 0.017198 0.017198
BinVal : 4 41 0.165877 0.0256075 0.0256075
BinVal : 4 42 0.178261 0.0252366 0.0252366
BinVal : 4 43 0.224044 0.0308219 0.0308219
BinVal : 4 44 0.310881 0.033317 0.033317
BinVal : 4 45 0.318681 0.0345396 0.0345396
BinVal : 4 46 0.33526 0.0358917 0.0358917
BinVal : 4 47 0.474684 0.0397268 0.0397268
BinVal : 4 48 0.469799 0.0408868 0.0408868
BinVal : 4 49 0.556291 0.0404307 0.0404307
BinVal : 4 50 0.661654 0.041027 0.041027
BinVal : 4 51 0.596491 0.045949 0.045949
BinVal : 4 52 0.699115 0.0431455 0.0431455
BinVal : 4 53 0.663717 0.0444431 0.0444431
BinVal : 4 54 0.825243 0.0374188 0.0374188
BinVal : 4 55 0.785714 0.0414492 0.0414492
BinVal : 4 56 0.732673 0.0440368 0.0440368
BinVal : 4 57 0.847826 0.0374481 0.0374481
BinVal : 4 58 0.9 0.033541 0.033541
BinVal : 4 59 0.814815 0.052861 0.052861
BinVal : 4 60 0.938462 0.0149037 0.0149037
BinVal : 4 61 0.952607 0.0146276 0.0146276
BinVal : 4 62 0.966887 0.0145612 0.0145612
BinVal : 4 63 0.99115 0.00881031 0.00881031
BinVal : 4 64 1 0.00594759 0.00594759
BinVal : 4 65 1 0.0105252 0.0105252
BinVal : 4 66 1 0.00932837 0.00932837
BinVal : 4 67 1 0.0161462 0.0161462
BinVal : 4 68 1 0.0216126 0.0216126
BinVal : 4 69 1 0.0266185 0.0266185
BinVal : 4 70 1 0.0346427 0.0346427
BinVal : 4 71 1 0.0309157 0.0309157
BinVal : 4 72 1 0.00917959 0.00917959
BinVal : 5 0 0 0 0
BinVal : 5 1 0 0 0
BinVal : 5 2 0 0 0
BinVal : 5 3 0 0 0
BinVal : 5 4 0 0 0
BinVal : 5 5 0 0 0
BinVal : 5 6 0 0 0
BinVal : 5 7 0 0 0
BinVal : 5 8 0 0 0
BinVal : 5 9 0 0 0
BinVal : 5 10 0 0 0
BinVal : 5 11 0 0 0
BinVal : 5 12 0 0 0
BinVal : 5 13 0 0 0
BinVal : 5 14 0 0 0
BinVal : 5 15 0 0 0
BinVal : 5 16 0 0 0
BinVal : 5 17 0 0 0
BinVal : 5 18 0 0 0
BinVal : 5 19 0 0 0
BinVal : 5 20 0 0 0
BinVal : 5 21 0 0 0
BinVal : 5 22 0 0 0
BinVal : 5 23 0 0 0
BinVal : 5 24 0.00580552 0.00289432 0.00289432
BinVal : 5 25 0.0015625 0.00156128 0.00156128
BinVal : 5 26 0.00498339 0.00286998 0.00286998
BinVal : 5 27 0 0 0
BinVal : 5 28 0.00348432 0.00245949 0.00245949
BinVal : 5 29 0.01222 0.0049582 0.0049582
BinVal : 5 30 0.00451467 0.00318514 0.00318514
BinVal : 5 31 0.0153846 0.00576993 0.00576993
BinVal : 5 32 0.0247748 0.00737676 0.00737676
BinVal : 5 33 0.0258398 0.008065 0.008065
BinVal : 5 34 0.0862534 0.0145752 0.0145752
BinVal : 5 35 0.0889571 0.0157671 0.0157671
BinVal : 5 36 0.14527 0.0204813 0.0204813
BinVal : 5 37 0.182724 0.022274 0.022274
BinVal : 5 38 0.264493 0.0265489 0.0265489
BinVal : 5 39 0.302905 0.0295999 0.0295999
BinVal : 5 40 0.392713 0.0310732 0.0310732
BinVal : 5 41 0.443925 0.0339637 0.0339637
BinVal : 5 42 0.56 0.0350999 0.0350999
BinVal : 5 43 0.621302 0.0373125 0.0373125
BinVal : 5 44 0.654971 0.0363531 0.0363531
BinVal : 5 45 0.75 0.0388857 0.0388857
BinVal : 5 46 0.826087 0.0322656 0.0322656
BinVal : 5 47 0.778626 0.0362737 0.0362737
BinVal : 5 48 0.847458 0.0330989 0.0330989
BinVal : 5 49 0.842105 0.0341519 0.0341519
BinVal : 5 50 0.90099 0.0297193 0.0297193
BinVal : 5 51 0.901961 0.0294438 0.0294438
BinVal : 5 52 0.9625 0.0212408 0.0212408
BinVal : 5 53 0.962264 0.0185085 0.0185085
BinVal : 5 54 0.94186 0.0252336 0.0252336
BinVal : 5 55 0.956522 0.0245504 0.0245504
BinVal : 5 56 0.980392 0.0194147 0.0194147
BinVal : 5 57 0.983333 0.0165272 0.0165272
BinVal : 5 58 0.982456 0.0173893 0.0173893
BinVal : 5 59 1 0.00997686 0.00997686
BinVal : 5 60 0.990385 0.00676634 0.00676634
BinVal : 5 61 0.984496 0.0108776 0.0108776
BinVal : 5 62 0.966942 0.0162534 0.0162534
BinVal : 5 63 1 0.00695658 0.00695658
BinVal : 5 64 1 0.0105252 0.0105252
BinVal : 5 65 1 0.0171075 0.0171075
BinVal : 5 66 1 0.0224566 0.0224566
BinVal : 5 67 1 0.0254407 0.0254407
BinVal : 5 68 1 0.0422902 0.0422902
BinVal : 5 69 1 0.0456491 0.0456491
BinVal : 5 70 1 0.0542655 0.0542655
BinVal : 5 71 1 0.0871301 0.0871301
BinVal : 5 72 1 0.0346427 0.0346427
BinVal : 6 0 0 0 0
BinVal : 6 1 0 0 0
BinVal : 6 2 0 0 0
BinVal : 6 3 0 0 0
BinVal : 6 4 0 0 0
BinVal : 6 5 0 0 0
BinVal : 6 6 0 0 0
BinVal : 6 7 0 0 0
BinVal : 6 8 0 0 0
BinVal : 6 9 0 0 0
BinVal : 6 10 0 0 0
BinVal : 6 11 0 0 0
BinVal : 6 12 0 0 0
BinVal : 6 13 0 0 0
BinVal : 6 14 0 0 0
BinVal : 6 15 0 0 0
BinVal : 6 16 0 0 0
BinVal : 6 17 0 0 0
BinVal : 6 18 0 0 0
BinVal : 6 19 0 0 0
BinVal : 6 20 0 0 0
BinVal : 6 21 0 0 0
BinVal : 6 22 0 0 0
BinVal : 6 23 0 0 0
BinVal : 6 24 0 0 0
BinVal : 6 25 0 0 0
BinVal : 6 26 0 0 0
BinVal : 6 27 0 0 0
BinVal : 6 28 0 0 0
BinVal : 6 29 0 0 0
BinVal : 6 30 0 0 0
BinVal : 6 31 0 0 0
BinVal : 6 32 0 0 0
BinVal : 6 33 0 0 0
BinVal : 6 34 0 0 0
BinVal : 6 35 0 0 0
BinVal : 6 36 0 0 0
BinVal : 6 37 0 0 0
BinVal : 6 38 0 0 0
BinVal : 6 39 0 0 0
BinVal : 6 40 0 0 0
BinVal : 6 41 0 0 0
BinVal : 6 42 0 0 0
BinVal : 6 43 0 0 0
BinVal : 6 44 0 0 0
BinVal : 6 45 0 0 0
BinVal : 6 46 0 0 0
BinVal : 6 47 0 0 0
BinVal : 6 48 0 0 0
BinVal : 6 49 0 0 0
BinVal : 6 50 0 0 0
BinVal : 6 51 0 0 0
BinVal : 6 52 0 0 0
BinVal : 6 53 0 0 0
BinVal : 6 54 0 0 0
BinVal : 6 55 0 0 0
BinVal : 6 56 0 0 0
BinVal : 6 57 0 0 0
BinVal : 6 58 0 0 0
BinVal : 6 59 0 0 0
BinVal : 6 60 0 0 0
BinVal : 6 61 0 0 0
BinVal : 6 62 0 0 0
BinVal : 6 63 0 0 0
BinVal : 6 64 0 0 0
BinVal : 6 65 0 0 0
BinVal : 6 66 0 0 0
BinVal : 6 67 0 0 0
BinVal : 6 68 0 0 0
BinVal : 6 69 0 0 0
BinVal : 6 70 0 0 0
BinVal : 6 71 0 0 0
BinVal : 6 72 0 0 0


EffMethod : Ratio
EffName : TrigEff
EffType : Binned
EffVarNames : deteta pt
EffVersion : 1
ObjQuality : SCJET_9_25
ObjRelativeTo : goodJet_CJT(1,5)_ncu_none_0
ObjType : Jet
TriggerVersion : v10
BinEdgesX : -5 -3.2 -1.5 -0.8 0.8 1.5 3.2 5
BinEdgesY : 0 1 2 3 4 5 6 7 8 9 10 11 12 13 14 15 16 17 18 19 20 21 22 23 24 25 26 27 28 29 30 31 32 33 34 35 36 37 38 39 40 41 42 43 44 45 46 47 48 49 50 51 52 53 54 55 56 57 58 59 60 65 70 75 80 85 90 95 100 105 110 115 120 2000
BinVal : 0 0 0 0 0
BinVal : 0 1 0 0 0
BinVal : 0 2 0 0 0
BinVal : 0 3 0 0 0
BinVal : 0 4 0 0 0
BinVal : 0 5 0 0 0
BinVal : 0 6 0 0 0
BinVal : 0 7 0 0 0
BinVal : 0 8 0 0 0
BinVal : 0 9 0 0 0
BinVal : 0 10 0 0 0
BinVal : 0 11 0 0 0
BinVal : 0 12 0 0 0
BinVal : 0 13 0 0 0
BinVal : 0 14 0 0 0
BinVal : 0 15 0 0 0
BinVal : 0 16 0 0 0
BinVal : 0 17 0 0 0
BinVal : 0 18 0 0 0
BinVal : 0 19 0 0 0
BinVal : 0 20 0 0 0
BinVal : 0 21 0 0 0
BinVal : 0 22 0 0 0
BinVal : 0 23 0 0 0
BinVal : 0 24 0 0 0
BinVal : 0 25 0 0 0
BinVal : 0 26 0 0 0
BinVal : 0 27 0 0 0
BinVal : 0 28 0 0 0
BinVal : 0 29 0 0 0
BinVal : 0 30 0 0 0
BinVal : 0 31 0 0 0
BinVal : 0 32 0 0 0
BinVal : 0 33 0 0 0
BinVal : 0 34 0 0 0
BinVal : 0 35 0 0 0
BinVal : 0 36 0 0 0
BinVal : 0 37 0 0 0
BinVal : 0 38 0 0 0
BinVal : 0 39 0 0 0
BinVal : 0 40 0 0 0
BinVal : 0 41 0 0 0
BinVal : 0 42 0 0 0
BinVal : 0 43 0 0 0
BinVal : 0 44 0 0 0
BinVal : 0 45 0 0 0
BinVal : 0 46 0 0 0
BinVal : 0 47 0 0 0
BinVal : 0 48 0 0 0
BinVal : 0 49 0 0 0
BinVal : 0 50 0 0 0
BinVal : 0 51 0 0 0
BinVal : 0 52 0 0 0
BinVal : 0 53 0 0 0
BinVal : 0 54 0 0 0
BinVal : 0 55 0 0 0
BinVal : 0 56 0 0 0
BinVal : 0 57 0 0 0
BinVal : 0 58 0 0 0
BinVal : 0 59 0 0 0
BinVal : 0 60 0 0 0
BinVal : 0 61 0 0 0
BinVal : 0 62 0 0 0
BinVal : 0 63 0 0 0
BinVal : 0 64 0 0 0
BinVal : 0 65 0 0 0
BinVal : 0 66 0 0 0
BinVal : 0 67 0 0 0
BinVal : 0 68 0 0 0
BinVal : 0 69 0 0 0
BinVal : 0 70 0 0 0
BinVal : 0 71 0 0 0
BinVal : 0 72 0 0 0
BinVal : 1 0 0 0 0
BinVal : 1 1 0 0 0
BinVal : 1 2 0 0 0
BinVal : 1 3 0 0 0
BinVal : 1 4 0 0 0
BinVal : 1 5 0 0 0
BinVal : 1 6 0 0 0
BinVal : 1 7 0 0 0
BinVal : 1 8 0 0 0
BinVal : 1 9 0 0 0
BinVal : 1 10 0 0 0
BinVal : 1 11 0 0 0
BinVal : 1 12 0 0 0
BinVal : 1 13 0 0 0
BinVal : 1 14 0 0 0
BinVal : 1 15 0 0 0
BinVal : 1 16 0 0 0
BinVal : 1 17 0 0 0
BinVal : 1 18 0 0 0
BinVal : 1 19 0 0 0
BinVal : 1 20 0 0 0
BinVal : 1 21 0 0 0
BinVal : 1 22 0 0 0
BinVal : 1 23 0.016129 0.0159984 0.0159984
BinVal : 1 24 0 0 0
BinVal : 1 25 0 0 0
BinVal : 1 26 0.02 0.019799 0.019799
BinVal : 1 27 0 0 0
BinVal : 1 28 0 0 0
BinVal : 1 29 0.0185185 0.0183463 0.0183463
BinVal : 1 30 0 0 0
BinVal : 1 31 0.0833333 0.0398928 0.0398928
BinVal : 1 32 0.030303 0.0298404 0.0298404
BinVal : 1 33 0.0357143 0.0350707 0.0350707
BinVal : 1 34 0.151515 0.0624156 0.0624156
BinVal : 1 35 0.147059 0.0607387 0.0607387
BinVal : 1 36 0.26087 0.0915605 0.0915605
BinVal : 1 37 0.166667 0.0760726 0.0760726
BinVal : 1 38 0.227273 0.0893461 0.0893461
BinVal : 1 39 0.423077 0.0968907 0.0968907
BinVal : 1 40 0.481481 0.096159 0.096159
BinVal : 1 41 0.333333 0.102869 0.102869
BinVal : 1 42 0.5 0.125 0.125
BinVal : 1 43 0.714286 0.0985808 0.0985808
BinVal : 1 44 0.533333 0.128812 0.128812
BinVal : 1 45 0.8 0.126491 0.126491
BinVal : 1 46 0.625 0.171163 0.171163
BinVal : 1 47 0.571429 0.13226 0.13226
BinVal : 1 48 0.636364 0.145041 0.145041
BinVal : 1 49 0.625 0.171163 0.171163
BinVal : 1 50 0.692308 0.128008 0.128008
BinVal : 1 51 0.857143 0.13226 0.13226
BinVal : 1 52 0.5 0.158114 0.158114
BinVal : 1 53 0.833333 0.152145 0.152145
BinVal : 1 54 0.928571 0.0688303 0.0688303
BinVal : 1 55 1 0.0542655 0.0542655
BinVal : 1 56 1 0.0871301 0.0871301
BinVal : 1 57 0.777778 0.13858 0.13858
BinVal : 1 58 1 0.0871301 0.0871301
BinVal : 1 59 1 0.102643 0.102643
BinVal : 1 60 0.882353 0.0781425 0.0781425
BinVal : 1 61 1 0.0368657 0.0368657
BinVal : 1 62 0.933333 0.0644061 0.0644061
BinVal : 1 63 1 0.0422902 0.0422902
BinVal : 1 64 1 0.0599198 0.0599198
BinVal : 1 65 1 0.102643 0.102643
BinVal : 1 66 1 0.102643 0.102643
BinVal : 1 67 0.666667 0.272166 0.272166
BinVal : 1 68 1 0.159077 0.159077
BinVal : 1 69 1 0.218486 0.218486
BinVal : 1 70 0 0 0
BinVal : 1 71 1 0.159077 0.159077
BinVal : 1 72 1 0.124824 0.124824
BinVal : 2 0 0 0 0
BinVal : 2 1 0 0 0
BinVal : 2 2 0 0 0
BinVal : 2 3 0 0 0
BinVal : 2 4 0 0 0
BinVal : 2 5 0 0 0
BinVal : 2 6 0 0 0
BinVal : 2 7 0 0 0
BinVal : 2 8 0 0 0
BinVal : 2 9 0 0 0
BinVal : 2 10 0 0 0
BinVal : 2 11 0 0 0
BinVal : 2 12 0 0 0
BinVal : 2 13 0 0 0
BinVal : 2 14 0 0 0
BinVal : 2 15 0 0 0
BinVal : 2 16 0 0 0
BinVal : 2 17 0 0 0
BinVal : 2 18 0 0 0
BinVal : 2 19 0 0 0
BinVal : 2 20 0 0 0
BinVal : 2 21 0 0 0
BinVal : 2 22 0.030303 0.0298404 0.0298404
BinVal : 2 23 0 0 0
BinVal : 2 24 0 0 0
BinVal : 2 25 0 0 0
BinVal : 2 26 0 0 0
BinVal : 2 27 0.0243902 0.024091 0.024091
BinVal : 2 28 0 0 0
BinVal : 2 29 0 0 0
BinVal : 2 30 0 0 0
BinVal : 2 31 0 0 0
BinVal : 2 32 0 0 0
BinVal : 2 33 0.04 0.0391918 0.0391918
BinVal : 2 34 0.05 0.048734 0.048734
BinVal : 2 35 0 0 0
BinVal : 2 36 0.04 0.0391918 0.0391918
BinVal : 2 37 0.153846 0.100068 0.100068
BinVal : 2 38 0.285714 0.120736 0.120736
BinVal : 2 39 0.0625 0.0605154 0.0605154
BinVal : 2 40 0 0 0
BinVal : 2 41 0.333333 0.121716 0.121716
BinVal : 2 42 0.411765 0.119365 0.119365
BinVal : 2 43 0.363636 0.145041 0.145041
BinVal : 2 44 0.173913 0.0790342 0.0790342
BinVal : 2 45 0.416667 0.142319 0.142319
BinVal : 2 46 0.571429 0.13226 0.13226
BinVal : 2 47 0.6 0.154919 0.154919
BinVal : 2 48 0.333333 0.157135 0.157135
BinVal : 2 49 0.428571 0.187044 0.187044
BinVal : 2 50 0.142857 0.13226 0.13226
BinVal : 2 51 0.555556 0.165635 0.165635
BinVal : 2 52 0.428571 0.187044 0.187044
BinVal : 2 53 0.6 0.219089 0.219089
BinVal : 2 54 1 0.159077 0.159077
BinVal : 2 55 0.5 0.25 0.25
BinVal : 2 56 0.7 0.144914 0.144914
BinVal : 2 57 1 0.159077 0.159077
BinVal : 2 58 0.5 0.204124 0.204124
BinVal : 2 59 0.75 0.216506 0.216506
BinVal : 2 60 0.833333 0.0760726 0.0760726
BinVal : 2 61 0.785714 0.109664 0.109664
BinVal : 2 62 1 0.0422902 0.0422902
BinVal : 2 63 1 0.0599198 0.0599198
BinVal : 2 64 0.909091 0.0866784 0.0866784
BinVal : 2 65 0.888889 0.104757 0.104757
BinVal : 2 66 0.666667 0.272166 0.272166
BinVal : 2 67 1 0.0871301 0.0871301
BinVal : 2 68 1 0.159077 0.159077
BinVal : 2 69 0.8 0.178885 0.178885
BinVal : 2 70 1 0.218486 0.218486
BinVal : 2 71 1 0.218486 0.218486
BinVal : 2 72 1 0.0542655 0.0542655
BinVal : 3 0 0 0 0
BinVal : 3 1 0 0 0
BinVal : 3 2 0 0 0
BinVal : 3 3 0 0 0
BinVal : 3 4 0 0 0
BinVal : 3 5 0 0 0
BinVal : 3 6 0 0 0
BinVal : 3 7 0 0 0
BinVal : 3 8 0 0 0
BinVal : 3 9 0 0 0
BinVal : 3 10 0 0 0
BinVal : 3 11 0 0 0
BinVal : 3 12 0 0 0
BinVal : 3 13 0 0 0
BinVal : 3 14 0 0 0
BinVal : 3 15 0 0 0
BinVal : 3 16 0 0 0
BinVal : 3 17 0 0 0
BinVal : 3 18 0 0 0
BinVal : 3 19 0 0 0
BinVal : 3 20 0 0 0
BinVal : 3 21 0 0 0
BinVal : 3 22 0 0 0
BinVal : 3 23 0 0 0
BinVal : 3 24 0.00724638 0.00722007 0.00722007
BinVal : 3 25 0.00806452 0.00803193 0.00803193
BinVal : 3 26 0.015748 0.0110475 0.0110475
BinVal : 3 27 0.00892857 0.00888862 0.00888862
BinVal : 3 28 0.0416667 0.0182416 0.0182416
BinVal : 3 29 0 0 0
BinVal : 3 30 0.0106383 0.0105816 0.0105816
BinVal : 3 31 0.018018 0.0126254 0.0126254
BinVal : 3 32 0.0617284 0.0267402 0.0267402
BinVal : 3 33 0.105263 0.035203 0.035203
BinVal : 3 34 0.129412 0.0364069 0.0364069
BinVal : 3 35 0.232143 0.0564188 0.0564188
BinVal : 3 36 0.206897 0.0531897 0.0531897
BinVal : 3 37 0.314815 0.0632026 0.0632026
BinVal : 3 38 0.320755 0.0641153 0.0641153
BinVal : 3 39 0.4 0.0660578 0.0660578
BinVal : 3 40 0.509804 0.0700005 0.0700005
BinVal : 3 41 0.8 0.0676123 0.0676123
BinVal : 3 42 0.666667 0.0660098 0.0660098
BinVal : 3 43 0.729167 0.0641422 0.0641422
BinVal : 3 44 0.837838 0.0605974 0.0605974
BinVal : 3 45 0.888889 0.0604812 0.0604812
BinVal : 3 46 0.952381 0.0328603 0.0328603
BinVal : 3 47 0.941176 0.0403526 0.0403526
BinVal : 3 48 0.965517 0.033883 0.033883
BinVal : 3 49 0.95 0.048734 0.048734
BinVal : 3 50 0.956522 0.0425226 0.0425226
BinVal : 3 51 1 0.0233703 0.0233703
BinVal : 3 52 0.961538 0.0377146 0.0377146
BinVal : 3 53 1 0.0346427 0.0346427
BinVal : 3 54 1 0.0309157 0.0309157
BinVal : 3 55 1 0.0309157 0.0309157
BinVal : 3 56 1 0.0368657 0.0368657
BinVal : 3 57 1 0.0266185 0.0266185
BinVal : 3 58 0.928571 0.0688303 0.0688303
BinVal : 3 59 1 0.0495858 0.0495858
BinVal : 3 60 1 0.0123324 0.0123324
BinVal : 3 61 1 0.0131822 0.0131822
BinVal : 3 62 1 0.0171075 0.0171075
BinVal : 3 63 1 0.0243611 0.0243611
BinVal : 3 64 1 0.0309157 0.0309157
BinVal : 3 65 1 0.0495858 0.0495858
BinVal : 3 66 1 0.039392 0.039392
BinVal : 3 67 1 0.0599198 0.0599198
BinVal : 3 68 1 0.102643 0.102643
BinVal : 3 69 1 0.0599198 0.0599198
BinVal : 3 70 1 0.0668855 0.0668855
BinVal : 3 71 1 0.0495858 0.0495858
BinVal : 3 72 1 0.0293374 0.0293374
BinVal : 4 0 0 0 0
BinVal : 4 1 0 0 0
BinVal : 4 2 0 0 0
BinVal : 4 3 0 0 0
BinVal : 4 4 0 0 0
BinVal : 4 5 0 0 0
BinVal : 4 6 0 0 0
BinVal : 4 7 0 0 0
BinVal : 4 8 0 0 0
BinVal : 4 9 0 0 0
BinVal : 4 10 0 0 0
BinVal : 4 11 0 0 0
BinVal : 4 12 0 0 0
BinVal : 4 13 0 0 0
BinVal : 4 14 0 0 0
BinVal : 4 15 0 0 0
BinVal : 4 16 0 0 0
BinVal : 4 17 0 0 0
BinVal : 4 18 0 0 0
BinVal : 4 19 0 0 0
BinVal : 4 20 0 0 0
BinVal : 4 21 0.0357143 0.0350707 0.0350707
BinVal : 4 22 0.03125 0.0307578 0.0307578
BinVal : 4 23 0 0 0
BinVal : 4 24 0 0 0
BinVal : 4 25 0.0294118 0.028976 0.028976
BinVal : 4 26 0 0 0
BinVal : 4 27 0 0 0
BinVal : 4 28 0.0333333 0.0327731 0.0327731
BinVal : 4 29 0.0714286 0.0486704 0.0486704
BinVal : 4 30 0 0 0
BinVal : 4 31 0.0333333 0.0327731 0.0327731
BinVal : 4 32 0 0 0
BinVal : 4 33 0.0666667 0.0644061 0.0644061
BinVal : 4 34 0.111111 0.0740741 0.0740741
BinVal : 4 35 0.0434783 0.0425226 0.0425226
BinVal : 4 36 0.0526316 0.0512278 0.0512278
BinVal : 4 37 0.0555556 0.0539903 0.0539903
BinVal : 4 38 0.291667 0.0927805 0.0927805
BinVal : 4 39 0.142857 0.13226 0.13226
BinVal : 4 40 0.3125 0.115878 0.115878
BinVal : 4 41 0.1 0.0948683 0.0948683
BinVal : 4 42 0.333333 0.111111 0.111111
BinVal : 4 43 0.3 0.144914 0.144914
BinVal : 4 44 0.25 0.125 0.125
BinVal : 4 45 0.25 0.153093 0.153093
BinVal : 4 46 0.285714 0.120736 0.120736
BinVal : 4 47 0.5 0.158114 0.158114
BinVal : 4 48 0.6 0.154919 0.154919
BinVal : 4 49 0.166667 0.152145 0.152145
BinVal : 4 50 0.833333 0.152145 0.152145
BinVal : 4 51 0.777778 0.13858 0.13858
BinVal : 4 52 0.545455 0.150131 0.150131
BinVal : 4 53 0.333333 0.272166 0.272166
BinVal : 4 54 0.5 0.204124 0.204124
BinVal : 4 55 0.714286 0.170747 0.170747
BinVal : 4 56 1 0.0871301 0.0871301
BinVal : 4 57 0 0 0
BinVal : 4 58 1 0.159077 0.159077
BinVal : 4 59 1 0.124824 0.124824
BinVal : 4 60 0.916667 0.0564169 0.0564169
BinVal : 4 61 0.857143 0.093522 0.093522
BinVal : 4 62 1 0.0422902 0.0422902
BinVal : 4 63 1 0.0542655 0.0542655
BinVal : 4 64 1 0.0668855 0.0668855
BinVal : 4 65 1 0.0871301 0.0871301
BinVal : 4 66 1 0.102643 0.102643
BinVal : 4 67 1 0.124824 0.124824
BinVal : 4 68 1 0.102643 0.102643
BinVal : 4 69 1 0.218486 0.218486
BinVal : 4 70 0 0 0
BinVal : 4 71 1 0.159077 0.159077
BinVal : 4 72 1 0.0599198 0.0599198
BinVal : 5 0 0 0 0
BinVal : 5 1 0 0 0
BinVal : 5 2 0 0 0
BinVal : 5 3 0 0 0
BinVal : 5 4 0 0 0
BinVal : 5 5 0 0 0
BinVal : 5 6 0 0 0
BinVal : 5 7 0 0 0
BinVal : 5 8 0 0 0
BinVal : 5 9 0 0 0
BinVal : 5 10 0 0 0
BinVal : 5 11 0 0 0
BinVal : 5 12 0 0 0
BinVal : 5 13 0 0 0
BinVal : 5 14 0 0 0
BinVal : 5 15 0 0 0
BinVal : 5 16 0 0 0
BinVal : 5 17 0 0 0
BinVal : 5 18 0 0 0
BinVal : 5 19 0 0 0
BinVal : 5 20 0 0 0
BinVal : 5 21 0 0 0
BinVal : 5 22 0 0 0
BinVal : 5 23 0 0 0
BinVal : 5 24 0 0 0
BinVal : 5 25 0 0 0
BinVal : 5 26 0 0 0
BinVal : 5 27 0.03125 0.0217491 0.0217491
BinVal : 5 28 0.0178571 0.017697 0.017697
BinVal : 5 29 0 0 0
BinVal : 5 30 0 0 0
BinVal : 5 31 0 0 0
BinVal : 5 32 0 0 0
BinVal : 5 33 0.0322581 0.0317335 0.0317335
BinVal : 5 34 0.0384615 0.0377146 0.0377146
BinVal : 5 35 0.135135 0.0562027 0.0562027
BinVal : 5 36 0.0769231 0.0522589 0.0522589
BinVal : 5 37 0.129032 0.0602101 0.0602101
BinVal : 5 38 0.25 0.0818317 0.0818317
BinVal : 5 39 0.454545 0.106159 0.106159
BinVal : 5 40 0.357143 0.12806 0.12806
BinVal : 5 41 0.333333 0.102869 0.102869
BinVal : 5 42 0.5 0.158114 0.158114
BinVal : 5 43 0.684211 0.106639 0.106639
BinVal : 5 44 0.571429 0.13226 0.13226
BinVal : 5 45 0.588235 0.119365 0.119365
BinVal : 5 46 0.6875 0.115878 0.115878
BinVal : 5 47 0.833333 0.107583 0.107583
BinVal : 5 48 0.666667 0.19245 0.19245
BinVal : 5 49 0.5 0.204124 0.204124
BinVal : 5 50 1 0.0756803 0.0756803
BinVal : 5 51 1 0.218486 0.218486
BinVal : 5 52 0.777778 0.13858 0.13858
BinVal : 5 53 0.571429 0.187044 0.187044
BinVal : 5 54 0.8 0.178885 0.178885
BinVal : 5 55 0.6 0.219089 0.219089
BinVal : 5 56 1 0.159077 0.159077
BinVal : 5 57 0.666667 0.157135 0.157135
BinVal : 5 58 0.8 0.178885 0.178885
BinVal : 5 59 1 0.159077 0.159077
BinVal : 5 60 0.913043 0.0587534 0.0587534
BinVal : 5 61 0.615385 0.134932 0.134932
BinVal : 5 62 1 0.0368657 0.0368657
BinVal : 5 63 0.857143 0.13226 0.13226
BinVal : 5 64 1 0.0871301 0.0871301
BinVal : 5 65 0.8 0.178885 0.178885
BinVal : 5 66 1 0.124824 0.124824
BinVal : 5 67 1 0.0871301 0.0871301
BinVal : 5 68 1 0.218486 0.218486
BinVal : 5 69 1 0.218486 0.218486
BinVal : 5 70 0 0 0
BinVal : 5 71 0 0 0
BinVal : 5 72 1 0.124824 0.124824
BinVal : 6 0 0 0 0
BinVal : 6 1 0 0 0
BinVal : 6 2 0 0 0
BinVal : 6 3 0 0 0
BinVal : 6 4 0 0 0
BinVal : 6 5 0 0 0
BinVal : 6 6 0 0 0
BinVal : 6 7 0 0 0
BinVal : 6 8 0 0 0
BinVal : 6 9 0 0 0
BinVal : 6 10 0 0 0
BinVal : 6 11 0 0 0
BinVal : 6 12 0 0 0
BinVal : 6 13 0 0 0
BinVal : 6 14 0 0 0
BinVal : 6 15 0 0 0
BinVal : 6 16 0 0 0
BinVal : 6 17 0 0 0
BinVal : 6 18 0 0 0
BinVal : 6 19 0 0 0
BinVal : 6 20 0 0 0
BinVal : 6 21 0 0 0
BinVal : 6 22 0 0 0
BinVal : 6 23 0 0 0
BinVal : 6 24 0 0 0
BinVal : 6 25 0 0 0
BinVal : 6 26 0 0 0
BinVal : 6 27 0 0 0
BinVal : 6 28 0 0 0
BinVal : 6 29 0 0 0
BinVal : 6 30 0 0 0
BinVal : 6 31 0 0 0
BinVal : 6 32 0 0 0
BinVal : 6 33 0 0 0
BinVal : 6 34 0 0 0
BinVal : 6 35 0 0 0
BinVal : 6 36 0 0 0
BinVal : 6 37 0 0 0
BinVal : 6 38 0 0 0
BinVal : 6 39 0 0 0
BinVal : 6 40 0 0 0
BinVal : 6 41 0 0 0
BinVal : 6 42 0 0 0
BinVal : 6 43 0 0 0
BinVal : 6 44 0 0 0
BinVal : 6 45 0 0 0
BinVal : 6 46 0 0 0
BinVal : 6 47 0 0 0
BinVal : 6 48 0 0 0
BinVal : 6 49 0 0 0
BinVal : 6 50 0 0 0
BinVal : 6 51 0 0 0
BinVal : 6 52 0 0 0
BinVal : 6 53 0 0 0
BinVal : 6 54 0 0 0
BinVal : 6 55 0 0 0
BinVal : 6 56 0 0 0
BinVal : 6 57 0 0 0
BinVal : 6 58 0 0 0
BinVal : 6 59 0 0 0
BinVal : 6 60 0 0 0
BinVal : 6 61 0 0 0
BinVal : 6 62 0 0 0
BinVal : 6 63 0 0 0
BinVal : 6 64 0 0 0
BinVal : 6 65 0 0 0
BinVal : 6 66 0 0 0
BinVal : 6 67 0 0 0
BinVal : 6 68 0 0 0
BinVal : 6 69 0 0 0
BinVal : 6 70 0 0 0
BinVal : 6 71 0 0 0
BinVal : 6 72 0 0 0


