EffMethod : Ratio
EffName : TrigEff
EffType : Binned
EffVarNames : deteta pt
EffVersion : 1
ObjQuality : SCJET_9_15
ObjRelativeTo : goodJet_CJT(2,5)_ncu_JET(0,5)_10
ObjType : Jet
TriggerVersion : v11
BinEdgesX : -5 -3.2 -1.5 -0.8 0.8 1.5 3.2 5
BinEdgesY : 0 1 2 3 4 5 6 7 8 9 10 11 12 13 14 15 16 17 18 19 20 21 22 23 24 25 26 27 28 29 30 31 32 33 34 35 36 37 38 39 40 41 42 43 44 45 46 47 48 49 50 51 52 53 54 55 56 57 58 59 60 65 70 75 80 85 90 95 100 105 110 115 120 2000
BinVal : 0 0 0 0 0
BinVal : 0 1 0 0 0
BinVal : 0 2 0 0 0
BinVal : 0 3 0 0 0
BinVal : 0 4 0 0 0
BinVal : 0 5 0 0 0
BinVal : 0 6 0 0 0
BinVal : 0 7 0 0 0
BinVal : 0 8 0 0 0
BinVal : 0 9 0 0 0
BinVal : 0 10 0 0 0
BinVal : 0 11 0 0 0
BinVal : 0 12 0 0 0
BinVal : 0 13 0 0 0
BinVal : 0 14 0 0 0
BinVal : 0 15 0 0 0
BinVal : 0 16 0 0 0
BinVal : 0 17 0 0 0
BinVal : 0 18 0 0 0
BinVal : 0 19 0 0 0
BinVal : 0 20 0 0 0
BinVal : 0 21 0 0 0
BinVal : 0 22 0 0 0
BinVal : 0 23 0 0 0
BinVal : 0 24 0 0 0
BinVal : 0 25 0 0 0
BinVal : 0 26 0 0 0
BinVal : 0 27 0 0 0
BinVal : 0 28 0 0 0
BinVal : 0 29 0 0 0
BinVal : 0 30 0 0 0
BinVal : 0 31 0 0 0
BinVal : 0 32 0 0 0
BinVal : 0 33 0 0 0
BinVal : 0 34 0 0 0
BinVal : 0 35 0 0 0
BinVal : 0 36 0 0 0
BinVal : 0 37 0 0 0
BinVal : 0 38 0 0 0
BinVal : 0 39 0 0 0
BinVal : 0 40 0 0 0
BinVal : 0 41 0 0 0
BinVal : 0 42 0 0 0
BinVal : 0 43 0 0 0
BinVal : 0 44 0 0 0
BinVal : 0 45 0 0 0
BinVal : 0 46 0 0 0
BinVal : 0 47 0 0 0
BinVal : 0 48 0 0 0
BinVal : 0 49 0 0 0
BinVal : 0 50 0 0 0
BinVal : 0 51 0 0 0
BinVal : 0 52 0 0 0
BinVal : 0 53 0 0 0
BinVal : 0 54 0 0 0
BinVal : 0 55 0 0 0
BinVal : 0 56 0 0 0
BinVal : 0 57 0 0 0
BinVal : 0 58 0 0 0
BinVal : 0 59 0 0 0
BinVal : 0 60 0 0 0
BinVal : 0 61 0 0 0
BinVal : 0 62 0 0 0
BinVal : 0 63 0 0 0
BinVal : 0 64 0 0 0
BinVal : 0 65 0 0 0
BinVal : 0 66 0 0 0
BinVal : 0 67 0 0 0
BinVal : 0 68 0 0 0
BinVal : 0 69 0 0 0
BinVal : 0 70 0 0 0
BinVal : 0 71 0 0 0
BinVal : 0 72 0 0 0
BinVal : 1 0 0 0 0
BinVal : 1 1 0 0 0
BinVal : 1 2 0 0 0
BinVal : 1 3 0 0 0
BinVal : 1 4 0 0 0
BinVal : 1 5 0 0 0
BinVal : 1 6 0 0 0
BinVal : 1 7 0 0 0
BinVal : 1 8 0 0 0
BinVal : 1 9 0 0 0
BinVal : 1 10 0 0 0
BinVal : 1 11 0 0 0
BinVal : 1 12 0 0 0
BinVal : 1 13 0 0 0
BinVal : 1 14 0 0 0
BinVal : 1 15 0 0 0
BinVal : 1 16 0 0 0
BinVal : 1 17 0 0 0
BinVal : 1 18 0.4 0.154919 0.154919
BinVal : 1 19 0.428571 0.13226 0.13226
BinVal : 1 20 0.357143 0.12806 0.12806
BinVal : 1 21 0.714286 0.0985808 0.0985808
BinVal : 1 22 0.7 0.083666 0.083666
BinVal : 1 23 0.625 0.0855817 0.0855817
BinVal : 1 24 0.657895 0.0769602 0.0769602
BinVal : 1 25 0.875 0.0522913 0.0522913
BinVal : 1 26 0.959184 0.0282664 0.0282664
BinVal : 1 27 0.926471 0.0316513 0.0316513
BinVal : 1 28 0.972973 0.018851 0.018851
BinVal : 1 29 0.984127 0.0157465 0.0157465
BinVal : 1 30 0.963415 0.0207326 0.0207326
BinVal : 1 31 0.986842 0.013071 0.013071
BinVal : 1 32 0.973684 0.0183616 0.0183616
BinVal : 1 33 0.964286 0.0202481 0.0202481
BinVal : 1 34 0.9875 0.0124216 0.0124216
BinVal : 1 35 1 0.00750113 0.00750113
BinVal : 1 36 1 0.00712919 0.00712919
BinVal : 1 37 1 0.00601053 0.00601053
BinVal : 1 38 0.975 0.0174553 0.0174553
BinVal : 1 39 1 0.00731039 0.00731039
BinVal : 1 40 0.966667 0.0231741 0.0231741
BinVal : 1 41 1 0.00791502 0.00791502
BinVal : 1 42 0.985075 0.0148136 0.0148136
BinVal : 1 43 1 0.0118251 0.0118251
BinVal : 1 44 1 0.0101533 0.0101533
BinVal : 1 45 0.984375 0.0155024 0.0155024
BinVal : 1 46 1 0.0118251 0.0118251
BinVal : 1 47 0.982143 0.017697 0.017697
BinVal : 1 48 0.982759 0.0170921 0.0170921
BinVal : 1 49 1 0.0101533 0.0101533
BinVal : 1 50 1 0.0123324 0.0123324
BinVal : 1 51 1 0.0141568 0.0141568
BinVal : 1 52 1 0.0166125 0.0166125
BinVal : 1 53 1 0.0138164 0.0138164
BinVal : 1 54 1 0.0148902 0.0148902
BinVal : 1 55 1 0.0134912 0.0134912
BinVal : 1 56 1 0.0145144 0.0145144
BinVal : 1 57 1 0.018786 0.018786
BinVal : 1 58 1 0.0201001 0.0201001
BinVal : 1 59 1 0.0171075 0.0171075
BinVal : 1 60 1 0.00510263 0.00510263
BinVal : 1 61 1 0.00721884 0.00721884
BinVal : 1 62 1 0.00948286 0.00948286
BinVal : 1 63 1 0.0152869 0.0152869
BinVal : 1 64 1 0.0181909 0.0181909
BinVal : 1 65 1 0.0208287 0.0208287
BinVal : 1 66 1 0.0309157 0.0309157
BinVal : 1 67 1 0.0368657 0.0368657
BinVal : 1 68 1 0.0495858 0.0495858
BinVal : 1 69 1 0.0542655 0.0542655
BinVal : 1 70 1 0.0871301 0.0871301
BinVal : 1 71 1 0.0456491 0.0456491
BinVal : 1 72 1 0.0309157 0.0309157
BinVal : 2 0 0 0 0
BinVal : 2 1 0 0 0
BinVal : 2 2 0 0 0
BinVal : 2 3 0 0 0
BinVal : 2 4 0 0 0
BinVal : 2 5 0 0 0
BinVal : 2 6 0 0 0
BinVal : 2 7 0 0 0
BinVal : 2 8 0 0 0
BinVal : 2 9 0 0 0
BinVal : 2 10 0 0 0
BinVal : 2 11 0 0 0
BinVal : 2 12 0 0 0
BinVal : 2 13 0 0 0
BinVal : 2 14 0 0 0
BinVal : 2 15 0 0 0
BinVal : 2 16 0 0 0
BinVal : 2 17 0 0 0
BinVal : 2 18 0 0 0
BinVal : 2 19 0 0 0
BinVal : 2 20 0.5 0.353553 0.353553
BinVal : 2 21 0 0 0
BinVal : 2 22 0.222222 0.13858 0.13858
BinVal : 2 23 0.25 0.216506 0.216506
BinVal : 2 24 0.5 0.25 0.25
BinVal : 2 25 0.666667 0.19245 0.19245
BinVal : 2 26 0.714286 0.120736 0.120736
BinVal : 2 27 0.55 0.111243 0.111243
BinVal : 2 28 0.730769 0.0869893 0.0869893
BinVal : 2 29 0.772727 0.0893461 0.0893461
BinVal : 2 30 0.909091 0.0612909 0.0612909
BinVal : 2 31 0.807692 0.077292 0.077292
BinVal : 2 32 0.913043 0.0587534 0.0587534
BinVal : 2 33 0.878788 0.0568144 0.0568144
BinVal : 2 34 0.939394 0.041536 0.041536
BinVal : 2 35 1 0.0224566 0.0224566
BinVal : 2 36 1 0.0194201 0.0194201
BinVal : 2 37 1 0.0216126 0.0216126
BinVal : 2 38 0.967742 0.0317335 0.0317335
BinVal : 2 39 1 0.0161462 0.0161462
BinVal : 2 40 1 0.0181909 0.0181909
BinVal : 2 41 0.967742 0.0317335 0.0317335
BinVal : 2 42 1 0.0293374 0.0293374
BinVal : 2 43 1 0.0216126 0.0216126
BinVal : 2 44 1 0.0279117 0.0279117
BinVal : 2 45 0.965517 0.033883 0.033883
BinVal : 2 46 1 0.0346427 0.0346427
BinVal : 2 47 1 0.0309157 0.0309157
BinVal : 2 48 1 0.039392 0.039392
BinVal : 2 49 1 0.0254407 0.0254407
BinVal : 2 50 1 0.0216126 0.0216126
BinVal : 2 51 1 0.0224566 0.0224566
BinVal : 2 52 1 0.0243611 0.0243611
BinVal : 2 53 1 0.0243611 0.0243611
BinVal : 2 54 1 0.0254407 0.0254407
BinVal : 2 55 1 0.0309157 0.0309157
BinVal : 2 56 1 0.039392 0.039392
BinVal : 2 57 1 0.0309157 0.0309157
BinVal : 2 58 1 0.0368657 0.0368657
BinVal : 2 59 1 0.0279117 0.0279117
BinVal : 2 60 1 0.00813913 0.00813913
BinVal : 2 61 1 0.0115867 0.0115867
BinVal : 2 62 1 0.0103354 0.0103354
BinVal : 2 63 1 0.0128865 0.0128865
BinVal : 2 64 1 0.0123324 0.0123324
BinVal : 2 65 1 0.017632 0.017632
BinVal : 2 66 1 0.0243611 0.0243611
BinVal : 2 67 1 0.0171075 0.0171075
BinVal : 2 68 1 0.0243611 0.0243611
BinVal : 2 69 1 0.0309157 0.0309157
BinVal : 2 70 1 0.039392 0.039392
BinVal : 2 71 1 0.0368657 0.0368657
BinVal : 2 72 1 0.0145144 0.0145144
BinVal : 3 0 0 0 0
BinVal : 3 1 0 0 0
BinVal : 3 2 0 0 0
BinVal : 3 3 0 0 0
BinVal : 3 4 0 0 0
BinVal : 3 5 0 0 0
BinVal : 3 6 0 0 0
BinVal : 3 7 0 0 0
BinVal : 3 8 0 0 0
BinVal : 3 9 0 0 0
BinVal : 3 10 0 0 0
BinVal : 3 11 0 0 0
BinVal : 3 12 0 0 0
BinVal : 3 13 0 0 0
BinVal : 3 14 0 0 0
BinVal : 3 15 0 0 0
BinVal : 3 16 0 0 0
BinVal : 3 17 0.333333 0.272166 0.272166
BinVal : 3 18 0.153846 0.100068 0.100068
BinVal : 3 19 0.2 0.126491 0.126491
BinVal : 3 20 0.2 0.0894427 0.0894427
BinVal : 3 21 0.35 0.106654 0.106654
BinVal : 3 22 0.375 0.0855817 0.0855817
BinVal : 3 23 0.58 0.0697997 0.0697997
BinVal : 3 24 0.671875 0.0586913 0.0586913
BinVal : 3 25 0.808824 0.0476859 0.0476859
BinVal : 3 26 0.776596 0.0429615 0.0429615
BinVal : 3 27 0.925532 0.027078 0.027078
BinVal : 3 28 0.948148 0.0190833 0.0190833
BinVal : 3 29 0.959677 0.0176655 0.0176655
BinVal : 3 30 0.99375 0.00623044 0.00623044
BinVal : 3 31 0.977654 0.0110476 0.0110476
BinVal : 3 32 0.968553 0.0138404 0.0138404
BinVal : 3 33 0.989637 0.00728947 0.00728947
BinVal : 3 34 0.989011 0.00772759 0.00772759
BinVal : 3 35 0.994475 0.00550958 0.00550958
BinVal : 3 36 0.978495 0.0106364 0.0106364
BinVal : 3 37 0.994413 0.00557097 0.00557097
BinVal : 3 38 0.984127 0.00909127 0.00909127
BinVal : 3 39 0.99495 0.00503774 0.00503774
BinVal : 3 40 1 0.00346899 0.00346899
BinVal : 3 41 1 0.00338697 0.00338697
BinVal : 3 42 0.983333 0.00954198 0.00954198
BinVal : 3 43 1 0.00344801 0.00344801
BinVal : 3 44 1 0.00417566 0.00417566
BinVal : 3 45 0.987097 0.0090649 0.0090649
BinVal : 3 46 0.992701 0.00727258 0.00727258
BinVal : 3 47 1 0.00405741 0.00405741
BinVal : 3 48 1 0.00476408 0.00476408
BinVal : 3 49 0.992308 0.00766266 0.00766266
BinVal : 3 50 1 0.00484419 0.00484419
BinVal : 3 51 0.981481 0.0129728 0.0129728
BinVal : 3 52 0.990909 0.00904949 0.00904949
BinVal : 3 53 1 0.00554609 0.00554609
BinVal : 3 54 1 0.00594759 0.00594759
BinVal : 3 55 0.979381 0.0144284 0.0144284
BinVal : 3 56 1 0.0065589 0.0065589
BinVal : 3 57 1 0.00671244 0.00671244
BinVal : 3 58 1 0.00712919 0.00712919
BinVal : 3 59 1 0.00704145 0.00704145
BinVal : 3 60 1 0.00157595 0.00157595
BinVal : 3 61 0.996198 0.00379505 0.00379505
BinVal : 3 62 1 0.00296736 0.00296736
BinVal : 3 63 1 0.00351191 0.00351191
BinVal : 3 64 0.991071 0.00888862 0.00888862
BinVal : 3 65 0.985507 0.0143874 0.0143874
BinVal : 3 66 1 0.00780725 0.00780725
BinVal : 3 67 1 0.0107217 0.0107217
BinVal : 3 68 1 0.0109258 0.0109258
BinVal : 3 69 1 0.012074 0.012074
BinVal : 3 70 1 0.0126033 0.0126033
BinVal : 3 71 1 0.0157046 0.0157046
BinVal : 3 72 1 0.00383997 0.00383997
BinVal : 4 0 0 0 0
BinVal : 4 1 0 0 0
BinVal : 4 2 0 0 0
BinVal : 4 3 0 0 0
BinVal : 4 4 0 0 0
BinVal : 4 5 0 0 0
BinVal : 4 6 0 0 0
BinVal : 4 7 0 0 0
BinVal : 4 8 0 0 0
BinVal : 4 9 0 0 0
BinVal : 4 10 0 0 0
BinVal : 4 11 0 0 0
BinVal : 4 12 0 0 0
BinVal : 4 13 0 0 0
BinVal : 4 14 0 0 0
BinVal : 4 15 0 0 0
BinVal : 4 16 0 0 0
BinVal : 4 17 0 0 0
BinVal : 4 18 0 0 0
BinVal : 4 19 0 0 0
BinVal : 4 20 0 0 0
BinVal : 4 21 0.5 0.25 0.25
BinVal : 4 22 0.5 0.204124 0.204124
BinVal : 4 23 0.6 0.219089 0.219089
BinVal : 4 24 0.4 0.154919 0.154919
BinVal : 4 25 0.285714 0.170747 0.170747
BinVal : 4 26 0.615385 0.134932 0.134932
BinVal : 4 27 0.333333 0.272166 0.272166
BinVal : 4 28 0.857143 0.093522 0.093522
BinVal : 4 29 0.75 0.108253 0.108253
BinVal : 4 30 0.866667 0.0877707 0.0877707
BinVal : 4 31 0.806452 0.0709583 0.0709583
BinVal : 4 32 0.956522 0.0425226 0.0425226
BinVal : 4 33 0.84 0.0733212 0.0733212
BinVal : 4 34 1 0.0216126 0.0216126
BinVal : 4 35 0.96875 0.0307578 0.0307578
BinVal : 4 36 0.96 0.0391918 0.0391918
BinVal : 4 37 0.931035 0.0470544 0.0470544
BinVal : 4 38 0.962963 0.0363447 0.0363447
BinVal : 4 39 1 0.0208287 0.0208287
BinVal : 4 40 0.964286 0.0350707 0.0350707
BinVal : 4 41 0.96875 0.0307578 0.0307578
BinVal : 4 42 1 0.0216126 0.0216126
BinVal : 4 43 1 0.0224566 0.0224566
BinVal : 4 44 1 0.0224566 0.0224566
BinVal : 4 45 1 0.018786 0.018786
BinVal : 4 46 1 0.0346427 0.0346427
BinVal : 4 47 1 0.0201001 0.0201001
BinVal : 4 48 1 0.0254407 0.0254407
BinVal : 4 49 1 0.0216126 0.0216126
BinVal : 4 50 1 0.0254407 0.0254407
BinVal : 4 51 0.952381 0.0464714 0.0464714
BinVal : 4 52 0.956522 0.0425226 0.0425226
BinVal : 4 53 1 0.0243611 0.0243611
BinVal : 4 54 1 0.0326734 0.0326734
BinVal : 4 55 1 0.0233703 0.0233703
BinVal : 4 56 1 0.0495858 0.0495858
BinVal : 4 57 1 0.0326734 0.0326734
BinVal : 4 58 1 0.0309157 0.0309157
BinVal : 4 59 1 0.039392 0.039392
BinVal : 4 60 1 0.00721884 0.00721884
BinVal : 4 61 0.983051 0.0168049 0.0168049
BinVal : 4 62 1 0.0138164 0.0138164
BinVal : 4 63 1 0.0152869 0.0152869
BinVal : 4 64 1 0.017632 0.017632
BinVal : 4 65 1 0.018786 0.018786
BinVal : 4 66 1 0.0208287 0.0208287
BinVal : 4 67 1 0.0309157 0.0309157
BinVal : 4 68 1 0.0368657 0.0368657
BinVal : 4 69 1 0.0495858 0.0495858
BinVal : 4 70 1 0.0542655 0.0542655
BinVal : 4 71 1 0.0542655 0.0542655
BinVal : 4 72 1 0.0131822 0.0131822
BinVal : 5 0 0 0 0
BinVal : 5 1 0 0 0
BinVal : 5 2 0 0 0
BinVal : 5 3 0 0 0
BinVal : 5 4 0 0 0
BinVal : 5 5 0 0 0
BinVal : 5 6 0 0 0
BinVal : 5 7 0 0 0
BinVal : 5 8 0 0 0
BinVal : 5 9 0 0 0
BinVal : 5 10 0 0 0
BinVal : 5 11 0 0 0
BinVal : 5 12 0 0 0
BinVal : 5 13 0 0 0
BinVal : 5 14 0 0 0
BinVal : 5 15 0 0 0
BinVal : 5 16 0 0 0
BinVal : 5 17 0.333333 0.272166 0.272166
BinVal : 5 18 0 0 0
BinVal : 5 19 0.25 0.153093 0.153093
BinVal : 5 20 0.615385 0.134932 0.134932
BinVal : 5 21 0.7 0.144914 0.144914
BinVal : 5 22 0.52381 0.108985 0.108985
BinVal : 5 23 0.709677 0.0815249 0.0815249
BinVal : 5 24 0.704545 0.0687818 0.0687818
BinVal : 5 25 0.7 0.0724569 0.0724569
BinVal : 5 26 0.857143 0.0539949 0.0539949
BinVal : 5 27 0.813953 0.0593439 0.0593439
BinVal : 5 28 0.885246 0.0408085 0.0408085
BinVal : 5 29 0.895522 0.0373691 0.0373691
BinVal : 5 30 1 0.0103354 0.0103354
BinVal : 5 31 0.984848 0.0150363 0.0150363
BinVal : 5 32 0.971831 0.019636 0.019636
BinVal : 5 33 1 0.00791502 0.00791502
BinVal : 5 34 0.972603 0.0191056 0.0191056
BinVal : 5 35 0.961538 0.0266683 0.0266683
BinVal : 5 36 0.983333 0.0165272 0.0165272
BinVal : 5 37 0.986301 0.0136045 0.0136045
BinVal : 5 38 1 0.00750113 0.00750113
BinVal : 5 39 0.989011 0.0109285 0.0109285
BinVal : 5 40 1 0.0083766 0.0083766
BinVal : 5 41 1 0.00862837 0.00862837
BinVal : 5 42 1 0.0109258 0.0109258
BinVal : 5 43 1 0.00964212 0.00964212
BinVal : 5 44 1 0.00932837 0.00932837
BinVal : 5 45 1 0.0103354 0.0103354
BinVal : 5 46 1 0.0107217 0.0107217
BinVal : 5 47 1 0.00903559 0.00903559
BinVal : 5 48 1 0.0138164 0.0138164
BinVal : 5 49 1 0.0138164 0.0138164
BinVal : 5 50 1 0.0131822 0.0131822
BinVal : 5 51 0.977778 0.0219739 0.0219739
BinVal : 5 52 1 0.017632 0.017632
BinVal : 5 53 1 0.0157046 0.0157046
BinVal : 5 54 1 0.0171075 0.0171075
BinVal : 5 55 1 0.018786 0.018786
BinVal : 5 56 0.956522 0.0425226 0.0425226
BinVal : 5 57 1 0.0233703 0.0233703
BinVal : 5 58 1 0.017632 0.017632
BinVal : 5 59 1 0.018786 0.018786
BinVal : 5 60 1 0.00501394 0.00501394
BinVal : 5 61 1 0.00627279 0.00627279
BinVal : 5 62 0.978261 0.0215015 0.0215015
BinVal : 5 63 1 0.0118251 0.0118251
BinVal : 5 64 1 0.0166125 0.0166125
BinVal : 5 65 1 0.0216126 0.0216126
BinVal : 5 66 1 0.0208287 0.0208287
BinVal : 5 67 1 0.0542655 0.0542655
BinVal : 5 68 1 0.0422902 0.0422902
BinVal : 5 69 1 0.0456491 0.0456491
BinVal : 5 70 1 0.0599198 0.0599198
BinVal : 5 71 1 0.0756803 0.0756803
BinVal : 5 72 1 0.0495858 0.0495858
BinVal : 6 0 0 0 0
BinVal : 6 1 0 0 0
BinVal : 6 2 0 0 0
BinVal : 6 3 0 0 0
BinVal : 6 4 0 0 0
BinVal : 6 5 0 0 0
BinVal : 6 6 0 0 0
BinVal : 6 7 0 0 0
BinVal : 6 8 0 0 0
BinVal : 6 9 0 0 0
BinVal : 6 10 0 0 0
BinVal : 6 11 0 0 0
BinVal : 6 12 0 0 0
BinVal : 6 13 0 0 0
BinVal : 6 14 0 0 0
BinVal : 6 15 0 0 0
BinVal : 6 16 0 0 0
BinVal : 6 17 0 0 0
BinVal : 6 18 0 0 0
BinVal : 6 19 0 0 0
BinVal : 6 20 0 0 0
BinVal : 6 21 0 0 0
BinVal : 6 22 0 0 0
BinVal : 6 23 0 0 0
BinVal : 6 24 0 0 0
BinVal : 6 25 0 0 0
BinVal : 6 26 0 0 0
BinVal : 6 27 0 0 0
BinVal : 6 28 0 0 0
BinVal : 6 29 0 0 0
BinVal : 6 30 0 0 0
BinVal : 6 31 0 0 0
BinVal : 6 32 0 0 0
BinVal : 6 33 0 0 0
BinVal : 6 34 0 0 0
BinVal : 6 35 0 0 0
BinVal : 6 36 0 0 0
BinVal : 6 37 0 0 0
BinVal : 6 38 0 0 0
BinVal : 6 39 0 0 0
BinVal : 6 40 0 0 0
BinVal : 6 41 0 0 0
BinVal : 6 42 0 0 0
BinVal : 6 43 0 0 0
BinVal : 6 44 0 0 0
BinVal : 6 45 0 0 0
BinVal : 6 46 0 0 0
BinVal : 6 47 0 0 0
BinVal : 6 48 0 0 0
BinVal : 6 49 0 0 0
BinVal : 6 50 0 0 0
BinVal : 6 51 0 0 0
BinVal : 6 52 0 0 0
BinVal : 6 53 0 0 0
BinVal : 6 54 0 0 0
BinVal : 6 55 0 0 0
BinVal : 6 56 0 0 0
BinVal : 6 57 0 0 0
BinVal : 6 58 0 0 0
BinVal : 6 59 0 0 0
BinVal : 6 60 0 0 0
BinVal : 6 61 0 0 0
BinVal : 6 62 0 0 0
BinVal : 6 63 0 0 0
BinVal : 6 64 0 0 0
BinVal : 6 65 0 0 0
BinVal : 6 66 0 0 0
BinVal : 6 67 0 0 0
BinVal : 6 68 0 0 0
BinVal : 6 69 0 0 0
BinVal : 6 70 0 0 0
BinVal : 6 71 0 0 0
BinVal : 6 72 0 0 0
