EffMethod : Ratio
EffName : TrigEff
EffType : Binned
EffVarNames : deteta pt
EffVersion : 1
ObjQuality : SC5JET_9_PV3_20
ObjRelativeTo : goodJet_CJT(3,5)_ncu_JET(0,5)_10
ObjType : Jet
TriggerVersion : v12
BinEdgesX : -5 -3.2 -1.5 -0.8 0.8 1.5 3.2 5
BinEdgesY : 0 1 2 3 4 5 6 7 8 9 10 11 12 13 14 15 16 17 18 19 20 21 22 23 24 25 26 27 28 29 30 31 32 33 34 35 36 37 38 39 40 41 42 43 44 45 46 47 48 49 50 51 52 53 54 55 56 57 58 59 60 65 70 75 80 85 90 95 100 105 110 115 120 2000
BinVal : 0 0 0 0 0
BinVal : 0 1 0 0 0
BinVal : 0 2 0 0 0
BinVal : 0 3 0 0 0
BinVal : 0 4 0 0 0
BinVal : 0 5 0 0 0
BinVal : 0 6 0 0 0
BinVal : 0 7 0 0 0
BinVal : 0 8 0 0 0
BinVal : 0 9 0 0 0
BinVal : 0 10 0 0 0
BinVal : 0 11 0 0 0
BinVal : 0 12 0 0 0
BinVal : 0 13 0 0 0
BinVal : 0 14 0 0 0
BinVal : 0 15 0 0 0
BinVal : 0 16 0 0 0
BinVal : 0 17 0 0 0
BinVal : 0 18 0 0 0
BinVal : 0 19 0 0 0
BinVal : 0 20 0 0 0
BinVal : 0 21 0 0 0
BinVal : 0 22 0 0 0
BinVal : 0 23 0 0 0
BinVal : 0 24 0 0 0
BinVal : 0 25 0 0 0
BinVal : 0 26 0 0 0
BinVal : 0 27 0 0 0
BinVal : 0 28 0 0 0
BinVal : 0 29 0 0 0
BinVal : 0 30 0 0 0
BinVal : 0 31 0 0 0
BinVal : 0 32 0 0 0
BinVal : 0 33 0 0 0
BinVal : 0 34 0 0 0
BinVal : 0 35 0 0 0
BinVal : 0 36 0 0 0
BinVal : 0 37 0 0 0
BinVal : 0 38 0 0 0
BinVal : 0 39 0 0 0
BinVal : 0 40 0 0 0
BinVal : 0 41 0 0 0
BinVal : 0 42 0 0 0
BinVal : 0 43 0 0 0
BinVal : 0 44 0 0 0
BinVal : 0 45 0 0 0
BinVal : 0 46 0 0 0
BinVal : 0 47 0 0 0
BinVal : 0 48 0 0 0
BinVal : 0 49 0 0 0
BinVal : 0 50 0 0 0
BinVal : 0 51 0 0 0
BinVal : 0 52 0 0 0
BinVal : 0 53 0 0 0
BinVal : 0 54 0 0 0
BinVal : 0 55 0 0 0
BinVal : 0 56 0 0 0
BinVal : 0 57 0 0 0
BinVal : 0 58 0 0 0
BinVal : 0 59 0 0 0
BinVal : 0 60 0 0 0
BinVal : 0 61 0 0 0
BinVal : 0 62 0 0 0
BinVal : 0 63 0 0 0
BinVal : 0 64 0 0 0
BinVal : 0 65 0 0 0
BinVal : 0 66 0 0 0
BinVal : 0 67 0 0 0
BinVal : 0 68 0 0 0
BinVal : 0 69 0 0 0
BinVal : 0 70 0 0 0
BinVal : 0 71 0 0 0
BinVal : 0 72 0 0 0
BinVal : 1 0 0 0 0
BinVal : 1 1 0 0 0
BinVal : 1 2 0 0 0
BinVal : 1 3 0 0 0
BinVal : 1 4 0 0 0
BinVal : 1 5 0 0 0
BinVal : 1 6 0 0 0
BinVal : 1 7 0 0 0
BinVal : 1 8 0 0 0
BinVal : 1 9 0 0 0
BinVal : 1 10 0 0 0
BinVal : 1 11 0 0 0
BinVal : 1 12 0 0 0
BinVal : 1 13 0 0 0
BinVal : 1 14 0 0 0
BinVal : 1 15 0 0 0
BinVal : 1 16 0 0 0
BinVal : 1 17 0 0 0
BinVal : 1 18 0 0 0
BinVal : 1 19 0 0 0
BinVal : 1 20 0 0 0
BinVal : 1 21 0 0 0
BinVal : 1 22 0 0 0
BinVal : 1 23 0 0 0
BinVal : 1 24 0.5 0.353553 0.353553
BinVal : 1 25 0 0 0
BinVal : 1 26 0.6 0.219089 0.219089
BinVal : 1 27 0.666667 0.272166 0.272166
BinVal : 1 28 0.714286 0.170747 0.170747
BinVal : 1 29 0.833333 0.152145 0.152145
BinVal : 1 30 0.714286 0.120736 0.120736
BinVal : 1 31 0.9375 0.0605154 0.0605154
BinVal : 1 32 0.833333 0.107583 0.107583
BinVal : 1 33 1 0.0279117 0.0279117
BinVal : 1 34 1 0.0309157 0.0309157
BinVal : 1 35 1 0.0279117 0.0279117
BinVal : 1 36 1 0.0309157 0.0309157
BinVal : 1 37 1 0.0145144 0.0145144
BinVal : 1 38 0.9375 0.0427908 0.0427908
BinVal : 1 39 1 0.0152869 0.0152869
BinVal : 1 40 1 0.0157046 0.0157046
BinVal : 1 41 0.973684 0.0259672 0.0259672
BinVal : 1 42 0.948718 0.0353199 0.0353199
BinVal : 1 43 1 0.0145144 0.0145144
BinVal : 1 44 0.974359 0.0253102 0.0253102
BinVal : 1 45 1 0.0145144 0.0145144
BinVal : 1 46 0.970588 0.028976 0.028976
BinVal : 1 47 0.97561 0.024091 0.024091
BinVal : 1 48 1 0.0152869 0.0152869
BinVal : 1 49 0.977778 0.0219739 0.0219739
BinVal : 1 50 1 0.0138164 0.0138164
BinVal : 1 51 1 0.0126033 0.0126033
BinVal : 1 52 0.947368 0.0362235 0.0362235
BinVal : 1 53 1 0.0148902 0.0148902
BinVal : 1 54 1 0.0118251 0.0118251
BinVal : 1 55 0.978723 0.021049 0.021049
BinVal : 1 56 1 0.0145144 0.0145144
BinVal : 1 57 1 0.012074 0.012074
BinVal : 1 58 0.962963 0.0363447 0.0363447
BinVal : 1 59 1 0.0126033 0.0126033
BinVal : 1 60 0.987421 0.00883831 0.00883831
BinVal : 1 61 0.991736 0.00823024 0.00823024
BinVal : 1 62 0.990566 0.00938936 0.00938936
BinVal : 1 63 0.988506 0.011428 0.011428
BinVal : 1 64 1 0.00862837 0.00862837
BinVal : 1 65 1 0.0107217 0.0107217
BinVal : 1 66 1 0.0161462 0.0161462
BinVal : 1 67 1 0.0166125 0.0166125
BinVal : 1 68 1 0.0224566 0.0224566
BinVal : 1 69 0.952381 0.0464714 0.0464714
BinVal : 1 70 1 0.0368657 0.0368657
BinVal : 1 71 1 0.039392 0.039392
BinVal : 1 72 1 0.0145144 0.0145144
BinVal : 2 0 0 0 0
BinVal : 2 1 0 0 0
BinVal : 2 2 0 0 0
BinVal : 2 3 0 0 0
BinVal : 2 4 0 0 0
BinVal : 2 5 0 0 0
BinVal : 2 6 0 0 0
BinVal : 2 7 0 0 0
BinVal : 2 8 0 0 0
BinVal : 2 9 0 0 0
BinVal : 2 10 0 0 0
BinVal : 2 11 0 0 0
BinVal : 2 12 0 0 0
BinVal : 2 13 0 0 0
BinVal : 2 14 0 0 0
BinVal : 2 15 0 0 0
BinVal : 2 16 0 0 0
BinVal : 2 17 0 0 0
BinVal : 2 18 0 0 0
BinVal : 2 19 0 0 0
BinVal : 2 20 0 0 0
BinVal : 2 21 0 0 0
BinVal : 2 22 0 0 0
BinVal : 2 23 0 0 0
BinVal : 2 24 0 0 0
BinVal : 2 25 0 0 0
BinVal : 2 26 0 0 0
BinVal : 2 27 0 0 0
BinVal : 2 28 0 0 0
BinVal : 2 29 0 0 0
BinVal : 2 30 0 0 0
BinVal : 2 31 1 0.159077 0.159077
BinVal : 2 32 1 0.159077 0.159077
BinVal : 2 33 1 0.102643 0.102643
BinVal : 2 34 1 0.218486 0.218486
BinVal : 2 35 0.666667 0.272166 0.272166
BinVal : 2 36 1 0.218486 0.218486
BinVal : 2 37 1 0.159077 0.159077
BinVal : 2 38 0.666667 0.19245 0.19245
BinVal : 2 39 1 0.124824 0.124824
BinVal : 2 40 1 0.0599198 0.0599198
BinVal : 2 41 1 0.0756803 0.0756803
BinVal : 2 42 0.8 0.178885 0.178885
BinVal : 2 43 1 0.0456491 0.0456491
BinVal : 2 44 1 0.0495858 0.0495858
BinVal : 2 45 1 0.0668855 0.0668855
BinVal : 2 46 1 0.102643 0.102643
BinVal : 2 47 1 0.0346427 0.0346427
BinVal : 2 48 0.909091 0.0866784 0.0866784
BinVal : 2 49 1 0.0368657 0.0368657
BinVal : 2 50 1 0.0756803 0.0756803
BinVal : 2 51 1 0.0309157 0.0309157
BinVal : 2 52 1 0.0326734 0.0326734
BinVal : 2 53 1 0.0309157 0.0309157
BinVal : 2 54 1 0.0266185 0.0266185
BinVal : 2 55 1 0.0309157 0.0309157
BinVal : 2 56 0.9 0.0948683 0.0948683
BinVal : 2 57 1 0.0293374 0.0293374
BinVal : 2 58 1 0.0368657 0.0368657
BinVal : 2 59 1 0.0422902 0.0422902
BinVal : 2 60 0.986301 0.0136045 0.0136045
BinVal : 2 61 0.984375 0.0155024 0.0155024
BinVal : 2 62 0.983871 0.0159984 0.0159984
BinVal : 2 63 1 0.0111375 0.0111375
BinVal : 2 64 0.972973 0.0266593 0.0266593
BinVal : 2 65 1 0.0131822 0.0131822
BinVal : 2 66 0.975 0.0246855 0.0246855
BinVal : 2 67 1 0.0128865 0.0128865
BinVal : 2 68 0.96 0.0391918 0.0391918
BinVal : 2 69 1 0.0279117 0.0279117
BinVal : 2 70 1 0.0266185 0.0266185
BinVal : 2 71 1 0.0368657 0.0368657
BinVal : 2 72 1 0.0048852 0.0048852
BinVal : 3 0 0 0 0
BinVal : 3 1 0 0 0
BinVal : 3 2 0 0 0
BinVal : 3 3 0 0 0
BinVal : 3 4 0 0 0
BinVal : 3 5 0 0 0
BinVal : 3 6 0 0 0
BinVal : 3 7 0 0 0
BinVal : 3 8 0 0 0
BinVal : 3 9 0 0 0
BinVal : 3 10 0 0 0
BinVal : 3 11 0 0 0
BinVal : 3 12 0 0 0
BinVal : 3 13 0 0 0
BinVal : 3 14 0 0 0
BinVal : 3 15 0 0 0
BinVal : 3 16 0 0 0
BinVal : 3 17 0 0 0
BinVal : 3 18 0 0 0
BinVal : 3 19 0 0 0
BinVal : 3 20 0 0 0
BinVal : 3 21 0 0 0
BinVal : 3 22 0 0 0
BinVal : 3 23 0 0 0
BinVal : 3 24 0 0 0
BinVal : 3 25 0.5 0.353553 0.353553
BinVal : 3 26 0.571429 0.187044 0.187044
BinVal : 3 27 0.5 0.25 0.25
BinVal : 3 28 0.5 0.176777 0.176777
BinVal : 3 29 0.916667 0.0797856 0.0797856
BinVal : 3 30 0.956522 0.0425226 0.0425226
BinVal : 3 31 0.916667 0.0564169 0.0564169
BinVal : 3 32 0.942857 0.0392347 0.0392347
BinVal : 3 33 0.909091 0.0433392 0.0433392
BinVal : 3 34 0.979592 0.0201988 0.0201988
BinVal : 3 35 1 0.0105252 0.0105252
BinVal : 3 36 0.982759 0.0170921 0.0170921
BinVal : 3 37 1 0.00679159 0.00679159
BinVal : 3 38 1 0.00679159 0.00679159
BinVal : 3 39 1 0.00648546 0.00648546
BinVal : 3 40 0.978947 0.0147289 0.0147289
BinVal : 3 41 0.982301 0.0124039 0.0124039
BinVal : 3 42 0.982906 0.0119835 0.0119835
BinVal : 3 43 0.976923 0.0131688 0.0131688
BinVal : 3 44 0.976923 0.0131688 0.0131688
BinVal : 3 45 0.992806 0.00716832 0.00716832
BinVal : 3 46 0.993333 0.00664441 0.00664441
BinVal : 3 47 0.987952 0.00846788 0.00846788
BinVal : 3 48 0.985507 0.0101734 0.0101734
BinVal : 3 49 0.979021 0.0119845 0.0119845
BinVal : 3 50 0.993378 0.00660055 0.00660055
BinVal : 3 51 1 0.00417566 0.00417566
BinVal : 3 52 0.974522 0.0125755 0.0125755
BinVal : 3 53 0.973154 0.0132414 0.0132414
BinVal : 3 54 0.986111 0.00975249 0.00975249
BinVal : 3 55 0.992126 0.00784295 0.00784295
BinVal : 3 56 0.992248 0.00772183 0.00772183
BinVal : 3 57 1 0.00461149 0.00461149
BinVal : 3 58 0.99187 0.00809697 0.00809697
BinVal : 3 59 1 0.00464869 0.00464869
BinVal : 3 60 0.998282 0.00171674 0.00171674
BinVal : 3 61 1 0.00128031 0.00128031
BinVal : 3 62 0.992424 0.00435727 0.00435727
BinVal : 3 63 0.993884 0.00431157 0.00431157
BinVal : 3 64 0.990354 0.00554237 0.00554237
BinVal : 3 65 0.995918 0.00407329 0.00407329
BinVal : 3 66 0.995098 0.00488993 0.00488993
BinVal : 3 67 1 0.0033679 0.0033679
BinVal : 3 68 1 0.00397348 0.00397348
BinVal : 3 69 0.992063 0.00790495 0.00790495
BinVal : 3 70 0.988636 0.0112989 0.0112989
BinVal : 3 71 0.989796 0.0101519 0.0101519
BinVal : 3 72 0.988048 0.00485021 0.00485021
BinVal : 4 0 0 0 0
BinVal : 4 1 0 0 0
BinVal : 4 2 0 0 0
BinVal : 4 3 0 0 0
BinVal : 4 4 0 0 0
BinVal : 4 5 0 0 0
BinVal : 4 6 0 0 0
BinVal : 4 7 0 0 0
BinVal : 4 8 0 0 0
BinVal : 4 9 0 0 0
BinVal : 4 10 0 0 0
BinVal : 4 11 0 0 0
BinVal : 4 12 0 0 0
BinVal : 4 13 0 0 0
BinVal : 4 14 0 0 0
BinVal : 4 15 0 0 0
BinVal : 4 16 0 0 0
BinVal : 4 17 0 0 0
BinVal : 4 18 0 0 0
BinVal : 4 19 0 0 0
BinVal : 4 20 0 0 0
BinVal : 4 21 0 0 0
BinVal : 4 22 0 0 0
BinVal : 4 23 0 0 0
BinVal : 4 24 0 0 0
BinVal : 4 25 0 0 0
BinVal : 4 26 0 0 0
BinVal : 4 27 0 0 0
BinVal : 4 28 0 0 0
BinVal : 4 29 0 0 0
BinVal : 4 30 0 0 0
BinVal : 4 31 0 0 0
BinVal : 4 32 0 0 0
BinVal : 4 33 1 0.159077 0.159077
BinVal : 4 34 1 0.0756803 0.0756803
BinVal : 4 35 1 0.102643 0.102643
BinVal : 4 36 0 0 0
BinVal : 4 37 1 0.0668855 0.0668855
BinVal : 4 38 1 0.102643 0.102643
BinVal : 4 39 0.875 0.116927 0.116927
BinVal : 4 40 1 0.0599198 0.0599198
BinVal : 4 41 0.857143 0.13226 0.13226
BinVal : 4 42 1 0.0599198 0.0599198
BinVal : 4 43 1 0.0668855 0.0668855
BinVal : 4 44 1 0.0542655 0.0542655
BinVal : 4 45 1 0.0326734 0.0326734
BinVal : 4 46 1 0.0368657 0.0368657
BinVal : 4 47 0.916667 0.0797856 0.0797856
BinVal : 4 48 1 0.0456491 0.0456491
BinVal : 4 49 1 0.0495858 0.0495858
BinVal : 4 50 1 0.0456491 0.0456491
BinVal : 4 51 1 0.0326734 0.0326734
BinVal : 4 52 0.916667 0.0797856 0.0797856
BinVal : 4 53 1 0.0495858 0.0495858
BinVal : 4 54 1 0.0599198 0.0599198
BinVal : 4 55 1 0.0266185 0.0266185
BinVal : 4 56 1 0.0599198 0.0599198
BinVal : 4 57 1 0.0346427 0.0346427
BinVal : 4 58 1 0.0368657 0.0368657
BinVal : 4 59 1 0.0254407 0.0254407
BinVal : 4 60 1 0.00802565 0.00802565
BinVal : 4 61 1 0.00875998 0.00875998
BinVal : 4 62 1 0.0115867 0.0115867
BinVal : 4 63 0.966667 0.0327731 0.0327731
BinVal : 4 64 1 0.0126033 0.0126033
BinVal : 4 65 1 0.0161462 0.0161462
BinVal : 4 66 1 0.0145144 0.0145144
BinVal : 4 67 1 0.0224566 0.0224566
BinVal : 4 68 1 0.0224566 0.0224566
BinVal : 4 69 1 0.0194201 0.0194201
BinVal : 4 70 1 0.0456491 0.0456491
BinVal : 4 71 1 0.0346427 0.0346427
BinVal : 4 72 1 0.00524187 0.00524187
BinVal : 5 0 0 0 0
BinVal : 5 1 0 0 0
BinVal : 5 2 0 0 0
BinVal : 5 3 0 0 0
BinVal : 5 4 0 0 0
BinVal : 5 5 0 0 0
BinVal : 5 6 0 0 0
BinVal : 5 7 0 0 0
BinVal : 5 8 0 0 0
BinVal : 5 9 0 0 0
BinVal : 5 10 0 0 0
BinVal : 5 11 0 0 0
BinVal : 5 12 0 0 0
BinVal : 5 13 0 0 0
BinVal : 5 14 0 0 0
BinVal : 5 15 0 0 0
BinVal : 5 16 0 0 0
BinVal : 5 17 0 0 0
BinVal : 5 18 0 0 0
BinVal : 5 19 0 0 0
BinVal : 5 20 0 0 0
BinVal : 5 21 0 0 0
BinVal : 5 22 0 0 0
BinVal : 5 23 0 0 0
BinVal : 5 24 0 0 0
BinVal : 5 25 0 0 0
BinVal : 5 26 0.333333 0.272166 0.272166
BinVal : 5 27 0 0 0
BinVal : 5 28 1 0.0668855 0.0668855
BinVal : 5 29 0.666667 0.272166 0.272166
BinVal : 5 30 0.857143 0.13226 0.13226
BinVal : 5 31 1 0.0495858 0.0495858
BinVal : 5 32 1 0.0422902 0.0422902
BinVal : 5 33 1 0.0346427 0.0346427
BinVal : 5 34 0.941176 0.0570672 0.0570672
BinVal : 5 35 1 0.0326734 0.0326734
BinVal : 5 36 1 0.0279117 0.0279117
BinVal : 5 37 1 0.0254407 0.0254407
BinVal : 5 38 0.965517 0.033883 0.033883
BinVal : 5 39 1 0.0279117 0.0279117
BinVal : 5 40 0.903226 0.0531003 0.0531003
BinVal : 5 41 1 0.017632 0.017632
BinVal : 5 42 1 0.0138164 0.0138164
BinVal : 5 43 0.956522 0.0425226 0.0425226
BinVal : 5 44 1 0.0224566 0.0224566
BinVal : 5 45 0.9375 0.0427908 0.0427908
BinVal : 5 46 1 0.0123324 0.0123324
BinVal : 5 47 1 0.0123324 0.0123324
BinVal : 5 48 1 0.0157046 0.0157046
BinVal : 5 49 1 0.0166125 0.0166125
BinVal : 5 50 1 0.0128865 0.0128865
BinVal : 5 51 1 0.0166125 0.0166125
BinVal : 5 52 1 0.0138164 0.0138164
BinVal : 5 53 1 0.0145144 0.0145144
BinVal : 5 54 1 0.018786 0.018786
BinVal : 5 55 0.972973 0.0266593 0.0266593
BinVal : 5 56 0.965517 0.033883 0.033883
BinVal : 5 57 1 0.017632 0.017632
BinVal : 5 58 1 0.0171075 0.0171075
BinVal : 5 59 1 0.0194201 0.0194201
BinVal : 5 60 0.992754 0.00722007 0.00722007
BinVal : 5 61 0.97561 0.0139089 0.0139089
BinVal : 5 62 0.978261 0.0152039 0.0152039
BinVal : 5 63 1 0.00634241 0.00634241
BinVal : 5 64 0.971429 0.0199123 0.0199123
BinVal : 5 65 0.979167 0.0206152 0.0206152
BinVal : 5 66 1 0.0131822 0.0131822
BinVal : 5 67 1 0.0161462 0.0161462
BinVal : 5 68 1 0.0194201 0.0194201
BinVal : 5 69 1 0.0279117 0.0279117
BinVal : 5 70 1 0.0368657 0.0368657
BinVal : 5 71 1 0.0495858 0.0495858
BinVal : 5 72 0.982456 0.0173893 0.0173893
BinVal : 6 0 0 0 0
BinVal : 6 1 0 0 0
BinVal : 6 2 0 0 0
BinVal : 6 3 0 0 0
BinVal : 6 4 0 0 0
BinVal : 6 5 0 0 0
BinVal : 6 6 0 0 0
BinVal : 6 7 0 0 0
BinVal : 6 8 0 0 0
BinVal : 6 9 0 0 0
BinVal : 6 10 0 0 0
BinVal : 6 11 0 0 0
BinVal : 6 12 0 0 0
BinVal : 6 13 0 0 0
BinVal : 6 14 0 0 0
BinVal : 6 15 0 0 0
BinVal : 6 16 0 0 0
BinVal : 6 17 0 0 0
BinVal : 6 18 0 0 0
BinVal : 6 19 0 0 0
BinVal : 6 20 0 0 0
BinVal : 6 21 0 0 0
BinVal : 6 22 0 0 0
BinVal : 6 23 0 0 0
BinVal : 6 24 0 0 0
BinVal : 6 25 0 0 0
BinVal : 6 26 0 0 0
BinVal : 6 27 0 0 0
BinVal : 6 28 0 0 0
BinVal : 6 29 0 0 0
BinVal : 6 30 0 0 0
BinVal : 6 31 0 0 0
BinVal : 6 32 0 0 0
BinVal : 6 33 0 0 0
BinVal : 6 34 0 0 0
BinVal : 6 35 0 0 0
BinVal : 6 36 0 0 0
BinVal : 6 37 0 0 0
BinVal : 6 38 0 0 0
BinVal : 6 39 0 0 0
BinVal : 6 40 0 0 0
BinVal : 6 41 0 0 0
BinVal : 6 42 0 0 0
BinVal : 6 43 0 0 0
BinVal : 6 44 0 0 0
BinVal : 6 45 0 0 0
BinVal : 6 46 0 0 0
BinVal : 6 47 0 0 0
BinVal : 6 48 0 0 0
BinVal : 6 49 0 0 0
BinVal : 6 50 0 0 0
BinVal : 6 51 0 0 0
BinVal : 6 52 0 0 0
BinVal : 6 53 0 0 0
BinVal : 6 54 0 0 0
BinVal : 6 55 0 0 0
BinVal : 6 56 0 0 0
BinVal : 6 57 0 0 0
BinVal : 6 58 0 0 0
BinVal : 6 59 0 0 0
BinVal : 6 60 0 0 0
BinVal : 6 61 0 0 0
BinVal : 6 62 0 0 0
BinVal : 6 63 0 0 0
BinVal : 6 64 0 0 0
BinVal : 6 65 0 0 0
BinVal : 6 66 0 0 0
BinVal : 6 67 0 0 0
BinVal : 6 68 0 0 0
BinVal : 6 69 0 0 0
BinVal : 6 70 0 0 0
BinVal : 6 71 0 0 0
BinVal : 6 72 0 0 0


