EffMethod : Ratio
EffName : TrigEff
EffType : Binned
EffVarNames : deteta pt
EffVersion : 1
ObjQuality : SC5JET_9_PV3_20
ObjRelativeTo : goodJet_CJT(1,5)_ncu_JET(0,5)_10
ObjType : Jet
TriggerVersion : v12
BinEdgesX : -5 -3.2 -1.5 -0.8 0.8 1.5 3.2 5
BinEdgesY : 0 1 2 3 4 5 6 7 8 9 10 11 12 13 14 15 16 17 18 19 20 21 22 23 24 25 26 27 28 29 30 31 32 33 34 35 36 37 38 39 40 41 42 43 44 45 46 47 48 49 50 51 52 53 54 55 56 57 58 59 60 65 70 75 80 85 90 95 100 105 110 115 120 2000
BinVal : 0 0 0 0 0
BinVal : 0 1 0 0 0
BinVal : 0 2 0 0 0
BinVal : 0 3 0 0 0
BinVal : 0 4 0 0 0
BinVal : 0 5 0 0 0
BinVal : 0 6 0 0 0
BinVal : 0 7 0 0 0
BinVal : 0 8 0 0 0
BinVal : 0 9 0 0 0
BinVal : 0 10 0 0 0
BinVal : 0 11 0 0 0
BinVal : 0 12 0 0 0
BinVal : 0 13 0 0 0
BinVal : 0 14 0 0 0
BinVal : 0 15 0 0 0
BinVal : 0 16 0 0 0
BinVal : 0 17 0 0 0
BinVal : 0 18 0 0 0
BinVal : 0 19 0 0 0
BinVal : 0 20 0 0 0
BinVal : 0 21 0 0 0
BinVal : 0 22 0 0 0
BinVal : 0 23 0 0 0
BinVal : 0 24 0 0 0
BinVal : 0 25 0 0 0
BinVal : 0 26 0 0 0
BinVal : 0 27 0 0 0
BinVal : 0 28 0 0 0
BinVal : 0 29 0 0 0
BinVal : 0 30 0 0 0
BinVal : 0 31 0 0 0
BinVal : 0 32 0 0 0
BinVal : 0 33 0 0 0
BinVal : 0 34 0 0 0
BinVal : 0 35 0 0 0
BinVal : 0 36 0 0 0
BinVal : 0 37 0 0 0
BinVal : 0 38 0 0 0
BinVal : 0 39 0 0 0
BinVal : 0 40 0 0 0
BinVal : 0 41 0 0 0
BinVal : 0 42 0 0 0
BinVal : 0 43 0 0 0
BinVal : 0 44 0 0 0
BinVal : 0 45 0 0 0
BinVal : 0 46 0 0 0
BinVal : 0 47 0 0 0
BinVal : 0 48 0 0 0
BinVal : 0 49 0 0 0
BinVal : 0 50 0 0 0
BinVal : 0 51 0 0 0
BinVal : 0 52 0 0 0
BinVal : 0 53 0 0 0
BinVal : 0 54 0 0 0
BinVal : 0 55 0 0 0
BinVal : 0 56 0 0 0
BinVal : 0 57 0 0 0
BinVal : 0 58 0 0 0
BinVal : 0 59 0 0 0
BinVal : 0 60 0 0 0
BinVal : 0 61 0 0 0
BinVal : 0 62 0 0 0
BinVal : 0 63 0 0 0
BinVal : 0 64 0 0 0
BinVal : 0 65 0 0 0
BinVal : 0 66 0 0 0
BinVal : 0 67 0 0 0
BinVal : 0 68 0 0 0
BinVal : 0 69 0 0 0
BinVal : 0 70 0 0 0
BinVal : 0 71 0 0 0
BinVal : 0 72 0 0 0
BinVal : 1 0 0 0 0
BinVal : 1 1 0 0 0
BinVal : 1 2 0 0 0
BinVal : 1 3 0 0 0
BinVal : 1 4 0 0 0
BinVal : 1 5 0 0 0
BinVal : 1 6 0 0 0
BinVal : 1 7 0 0 0
BinVal : 1 8 0 0 0
BinVal : 1 9 0 0 0
BinVal : 1 10 0 0 0
BinVal : 1 11 0 0 0
BinVal : 1 12 0 0 0
BinVal : 1 13 0 0 0
BinVal : 1 14 0 0 0
BinVal : 1 15 0.00165289 0.00165153 0.00165153
BinVal : 1 16 0.0037037 0.00184842 0.00184842
BinVal : 1 17 0.00283086 0.00141342 0.00141342
BinVal : 1 18 0.00436137 0.00164484 0.00164484
BinVal : 1 19 0.00671551 0.00201799 0.00201799
BinVal : 1 20 0.0114527 0.00261234 0.00261234
BinVal : 1 21 0.0141403 0.00280799 0.00280799
BinVal : 1 22 0.0269623 0.00396474 0.00396474
BinVal : 1 23 0.0316796 0.00428205 0.00428205
BinVal : 1 24 0.0490875 0.00541993 0.00541993
BinVal : 1 25 0.0967742 0.00750952 0.00750952
BinVal : 1 26 0.142663 0.00911544 0.00911544
BinVal : 1 27 0.285414 0.0119593 0.0119593
BinVal : 1 28 0.421887 0.0139074 0.0139074
BinVal : 1 29 0.581974 0.0137488 0.0137488
BinVal : 1 30 0.705972 0.0126071 0.0126071
BinVal : 1 31 0.798104 0.0123585 0.0123585
BinVal : 1 32 0.832182 0.0117415 0.0117415
BinVal : 1 33 0.853273 0.0118873 0.0118873
BinVal : 1 34 0.894983 0.0104724 0.0104724
BinVal : 1 35 0.923077 0.00954113 0.00954113
BinVal : 1 36 0.937973 0.00938179 0.00938179
BinVal : 1 37 0.948718 0.00856632 0.00856632
BinVal : 1 38 0.953271 0.00832979 0.00832979
BinVal : 1 39 0.962069 0.00793207 0.00793207
BinVal : 1 40 0.951049 0.00902162 0.00902162
BinVal : 1 41 0.959302 0.00869837 0.00869837
BinVal : 1 42 0.970213 0.00784151 0.00784151
BinVal : 1 43 0.987531 0.00554136 0.00554136
BinVal : 1 44 0.976982 0.00758382 0.00758382
BinVal : 1 45 0.974522 0.00889224 0.00889224
BinVal : 1 46 0.96732 0.010164 0.010164
BinVal : 1 47 0.967742 0.00956801 0.00956801
BinVal : 1 48 0.982699 0.00767004 0.00767004
BinVal : 1 49 0.976834 0.0093473 0.0093473
BinVal : 1 50 0.982533 0.00865701 0.00865701
BinVal : 1 51 0.991632 0.0058924 0.0058924
BinVal : 1 52 0.97449 0.0112621 0.0112621
BinVal : 1 53 0.986111 0.00796287 0.00796287
BinVal : 1 54 0.984615 0.00881372 0.00881372
BinVal : 1 55 0.987952 0.00846788 0.00846788
BinVal : 1 56 0.982456 0.0100397 0.0100397
BinVal : 1 57 1 0.00414515 0.00414515
BinVal : 1 58 0.985401 0.0102471 0.0102471
BinVal : 1 59 1 0.00426817 0.00426817
BinVal : 1 60 0.992188 0.00389096 0.00389096
BinVal : 1 61 0.997207 0.00278939 0.00278939
BinVal : 1 62 0.996255 0.0037383 0.0037383
BinVal : 1 63 0.994898 0.00508901 0.00508901
BinVal : 1 64 1 0.00383997 0.00383997
BinVal : 1 65 1 0.00529051 0.00529051
BinVal : 1 66 1 0.00932837 0.00932837
BinVal : 1 67 1 0.0107217 0.0107217
BinVal : 1 68 1 0.0131822 0.0131822
BinVal : 1 69 0.967742 0.0317335 0.0317335
BinVal : 1 70 1 0.0233703 0.0233703
BinVal : 1 71 1 0.0254407 0.0254407
BinVal : 1 72 1 0.00917959 0.00917959
BinVal : 2 0 0 0 0
BinVal : 2 1 0 0 0
BinVal : 2 2 0 0 0
BinVal : 2 3 0 0 0
BinVal : 2 4 0 0 0
BinVal : 2 5 0 0 0
BinVal : 2 6 0 0 0
BinVal : 2 7 0 0 0
BinVal : 2 8 0 0 0
BinVal : 2 9 0 0 0
BinVal : 2 10 0 0 0
BinVal : 2 11 0 0 0
BinVal : 2 12 0 0 0
BinVal : 2 13 0 0 0
BinVal : 2 14 0 0 0
BinVal : 2 15 0 0 0
BinVal : 2 16 0 0 0
BinVal : 2 17 0.00321543 0.00321026 0.00321026
BinVal : 2 18 0.00638298 0.00367343 0.00367343
BinVal : 2 19 0.00341297 0.00240921 0.00240921
BinVal : 2 20 0 0 0
BinVal : 2 21 0 0 0
BinVal : 2 22 0.00786164 0.00350198 0.00350198
BinVal : 2 23 0.0101156 0.00380395 0.00380395
BinVal : 2 24 0.00802568 0.00357476 0.00357476
BinVal : 2 25 0.0244275 0.00603182 0.00603182
BinVal : 2 26 0.027417 0.00620307 0.00620307
BinVal : 2 27 0.0611285 0.00948451 0.00948451
BinVal : 2 28 0.0742297 0.0098105 0.0098105
BinVal : 2 29 0.128521 0.0140424 0.0140424
BinVal : 2 30 0.253165 0.0184906 0.0184906
BinVal : 2 31 0.360424 0.0201811 0.0201811
BinVal : 2 32 0.485618 0.0205587 0.0205587
BinVal : 2 33 0.586011 0.0214151 0.0214151
BinVal : 2 34 0.656863 0.0210226 0.0210226
BinVal : 2 35 0.75378 0.0200214 0.0200214
BinVal : 2 36 0.751693 0.0205264 0.0205264
BinVal : 2 37 0.8 0.0197546 0.0197546
BinVal : 2 38 0.816062 0.0197198 0.0197198
BinVal : 2 39 0.886935 0.0158734 0.0158734
BinVal : 2 40 0.861413 0.0180112 0.0180112
BinVal : 2 41 0.890449 0.0165534 0.0165534
BinVal : 2 42 0.883495 0.0182513 0.0182513
BinVal : 2 43 0.925 0.0157406 0.0157406
BinVal : 2 44 0.94052 0.0144209 0.0144209
BinVal : 2 45 0.929688 0.0159796 0.0159796
BinVal : 2 46 0.921162 0.0173591 0.0173591
BinVal : 2 47 0.947566 0.0136414 0.0136414
BinVal : 2 48 0.946939 0.0143208 0.0143208
BinVal : 2 49 0.945701 0.0152432 0.0152432
BinVal : 2 50 0.952632 0.015411 0.015411
BinVal : 2 51 0.943128 0.0159439 0.0159439
BinVal : 2 52 0.984536 0.0088588 0.0088588
BinVal : 2 53 0.97619 0.0117622 0.0117622
BinVal : 2 54 0.988571 0.00803491 0.00803491
BinVal : 2 55 0.979592 0.0116618 0.0116618
BinVal : 2 56 0.975207 0.0141359 0.0141359
BinVal : 2 57 0.981707 0.0104642 0.0104642
BinVal : 2 58 0.991803 0.00816306 0.00816306
BinVal : 2 59 0.991935 0.00803193 0.00803193
BinVal : 2 60 0.984962 0.00527647 0.00527647
BinVal : 2 61 0.994937 0.00357121 0.00357121
BinVal : 2 62 0.993443 0.00462154 0.00462154
BinVal : 2 63 0.995633 0.00435727 0.00435727
BinVal : 2 64 0.994286 0.00569794 0.00569794
BinVal : 2 65 1 0.00397348 0.00397348
BinVal : 2 66 0.991667 0.00829854 0.00829854
BinVal : 2 67 0.981651 0.0128549 0.0128549
BinVal : 2 68 0.985507 0.0143874 0.0143874
BinVal : 2 69 1 0.0101533 0.0101533
BinVal : 2 70 1 0.00948286 0.00948286
BinVal : 2 71 1 0.0152869 0.0152869
BinVal : 2 72 1 0.00237799 0.00237799
BinVal : 3 0 0 0 0
BinVal : 3 1 0 0 0
BinVal : 3 2 0 0 0
BinVal : 3 3 0 0 0
BinVal : 3 4 0 0 0
BinVal : 3 5 0 0 0
BinVal : 3 6 0 0 0
BinVal : 3 7 0 0 0
BinVal : 3 8 0 0 0
BinVal : 3 9 0 0 0
BinVal : 3 10 0 0 0
BinVal : 3 11 0 0 0
BinVal : 3 12 0 0 0
BinVal : 3 13 0 0 0
BinVal : 3 14 0 0 0
BinVal : 3 15 0.00117096 0.00117027 0.00117027
BinVal : 3 16 0 0 0
BinVal : 3 17 0.000717103 0.000506886 0.000506886
BinVal : 3 18 0.00259319 0.000915643 0.000915643
BinVal : 3 19 0.00318878 0.00100677 0.00100677
BinVal : 3 20 0.00584624 0.00130343 0.00130343
BinVal : 3 21 0.00880121 0.00162714 0.00162714
BinVal : 3 22 0.0199537 0.00237806 0.00237806
BinVal : 3 23 0.0350614 0.0031841 0.0031841
BinVal : 3 24 0.066921 0.00428109 0.00428109
BinVal : 3 25 0.14047 0.00611205 0.00611205
BinVal : 3 26 0.240928 0.00773207 0.00773207
BinVal : 3 27 0.410882 0.00918853 0.00918853
BinVal : 3 28 0.571377 0.00941986 0.00941986
BinVal : 3 29 0.757256 0.0083239 0.0083239
BinVal : 3 30 0.854681 0.0069749 0.0069749
BinVal : 3 31 0.894669 0.00636509 0.00636509
BinVal : 3 32 0.924667 0.00565661 0.00565661
BinVal : 3 33 0.936439 0.005374 0.005374
BinVal : 3 34 0.94808 0.00515966 0.00515966
BinVal : 3 35 0.956717 0.0048246 0.0048246
BinVal : 3 36 0.959727 0.00489358 0.00489358
BinVal : 3 37 0.968729 0.00453803 0.00453803
BinVal : 3 38 0.974072 0.004207 0.004207
BinVal : 3 39 0.97172 0.00464615 0.00464615
BinVal : 3 40 0.976271 0.0044308 0.0044308
BinVal : 3 41 0.979003 0.00424083 0.00424083
BinVal : 3 42 0.974241 0.00480488 0.00480488
BinVal : 3 43 0.982086 0.00430559 0.00430559
BinVal : 3 44 0.976818 0.00488486 0.00488486
BinVal : 3 45 0.984073 0.00422269 0.00422269
BinVal : 3 46 0.985507 0.00415327 0.00415327
BinVal : 3 47 0.987294 0.00399253 0.00399253
BinVal : 3 48 0.987934 0.00424029 0.00424029
BinVal : 3 49 0.980213 0.00543334 0.00543334
BinVal : 3 50 0.988468 0.00433353 0.00433353
BinVal : 3 51 0.994152 0.00336643 0.00336643
BinVal : 3 52 0.988372 0.00471939 0.00471939
BinVal : 3 53 0.986028 0.00524392 0.00524392
BinVal : 3 54 0.9869 0.00531308 0.00531308
BinVal : 3 55 0.992386 0.0043793 0.0043793
BinVal : 3 56 0.997409 0.00258732 0.00258732
BinVal : 3 57 1 0.00159788 0.00159788
BinVal : 3 58 0.99422 0.00407549 0.00407549
BinVal : 3 59 0.993421 0.00463669 0.00463669
BinVal : 3 60 0.993416 0.00218735 0.00218735
BinVal : 3 61 0.997053 0.00169892 0.00169892
BinVal : 3 62 0.994898 0.0025445 0.0025445
BinVal : 3 63 0.994881 0.00294814 0.00294814
BinVal : 3 64 0.993964 0.00347448 0.00347448
BinVal : 3 65 0.997636 0.00236127 0.00236127
BinVal : 3 66 0.996667 0.00332777 0.00332777
BinVal : 3 67 1 0.00220442 0.00220442
BinVal : 3 68 1 0.00268984 0.00268984
BinVal : 3 69 0.99422 0.00576362 0.00576362
BinVal : 3 70 0.984496 0.0108776 0.0108776
BinVal : 3 71 0.991736 0.00823024 0.00823024
BinVal : 3 72 0.988136 0.00445764 0.00445764
BinVal : 4 0 0 0 0
BinVal : 4 1 0 0 0
BinVal : 4 2 0 0 0
BinVal : 4 3 0 0 0
BinVal : 4 4 0 0 0
BinVal : 4 5 0 0 0
BinVal : 4 6 0 0 0
BinVal : 4 7 0 0 0
BinVal : 4 8 0 0 0
BinVal : 4 9 0 0 0
BinVal : 4 10 0 0 0
BinVal : 4 11 0 0 0
BinVal : 4 12 0 0 0
BinVal : 4 13 0 0 0
BinVal : 4 14 0 0 0
BinVal : 4 15 0 0 0
BinVal : 4 16 0.00540541 0.00539078 0.00539078
BinVal : 4 17 0 0 0
BinVal : 4 18 0 0 0
BinVal : 4 19 0 0 0
BinVal : 4 20 0.00670017 0.00333884 0.00333884
BinVal : 4 21 0.00449775 0.00259093 0.00259093
BinVal : 4 22 0.0031746 0.00224122 0.00224122
BinVal : 4 23 0.0125196 0.00439854 0.00439854
BinVal : 4 24 0.017673 0.00505649 0.00505649
BinVal : 4 25 0.0529412 0.00858679 0.00858679
BinVal : 4 26 0.0555556 0.00899838 0.00899838
BinVal : 4 27 0.0995542 0.0115412 0.0115412
BinVal : 4 28 0.136842 0.0133274 0.0133274
BinVal : 4 29 0.250774 0.0170542 0.0170542
BinVal : 4 30 0.332831 0.0182871 0.0182871
BinVal : 4 31 0.438031 0.0204433 0.0204433
BinVal : 4 32 0.550256 0.0205327 0.0205327
BinVal : 4 33 0.653846 0.0208627 0.0208627
BinVal : 4 34 0.699647 0.0192685 0.0192685
BinVal : 4 35 0.770021 0.0190691 0.0190691
BinVal : 4 36 0.772727 0.0199784 0.0199784
BinVal : 4 37 0.788991 0.0195408 0.0195408
BinVal : 4 38 0.843091 0.0176014 0.0176014
BinVal : 4 39 0.888889 0.0159752 0.0159752
BinVal : 4 40 0.902235 0.0156968 0.0156968
BinVal : 4 41 0.92068 0.0143833 0.0143833
BinVal : 4 42 0.919668 0.0143056 0.0143056
BinVal : 4 43 0.94586 0.0127705 0.0127705
BinVal : 4 44 0.936396 0.0145071 0.0145071
BinVal : 4 45 0.936455 0.0141075 0.0141075
BinVal : 4 46 0.942387 0.0149476 0.0149476
BinVal : 4 47 0.944681 0.0149124 0.0149124
BinVal : 4 48 0.944724 0.0161993 0.0161993
BinVal : 4 49 0.973404 0.0117347 0.0117347
BinVal : 4 50 0.975104 0.0100365 0.0100365
BinVal : 4 51 0.965517 0.0138327 0.0138327
BinVal : 4 52 0.969849 0.012122 0.012122
BinVal : 4 53 0.972376 0.0121821 0.0121821
BinVal : 4 54 0.986207 0.0096857 0.0096857
BinVal : 4 55 0.988235 0.00826982 0.00826982
BinVal : 4 56 0.993548 0.00643077 0.00643077
BinVal : 4 57 0.972973 0.0153918 0.0153918
BinVal : 4 58 0.976744 0.0132697 0.0132697
BinVal : 4 59 1 0.00529051 0.00529051
BinVal : 4 60 0.996132 0.00273013 0.00273013
BinVal : 4 61 0.997579 0.00241837 0.00241837
BinVal : 4 62 0.987768 0.00607868 0.00607868
BinVal : 4 63 0.989796 0.00717847 0.00717847
BinVal : 4 64 0.994845 0.00514134 0.00514134
BinVal : 4 65 0.993289 0.00668885 0.00668885
BinVal : 4 66 0.990909 0.00904949 0.00904949
BinVal : 4 67 1 0.0065589 0.0065589
BinVal : 4 68 0.961039 0.0220516 0.0220516
BinVal : 4 69 0.983607 0.0162585 0.0162585
BinVal : 4 70 0.973684 0.0259672 0.0259672
BinVal : 4 71 1 0.0138164 0.0138164
BinVal : 4 72 0.995261 0.00472809 0.00472809
BinVal : 5 0 0 0 0
BinVal : 5 1 0 0 0
BinVal : 5 2 0 0 0
BinVal : 5 3 0 0 0
BinVal : 5 4 0 0 0
BinVal : 5 5 0 0 0
BinVal : 5 6 0 0 0
BinVal : 5 7 0 0 0
BinVal : 5 8 0 0 0
BinVal : 5 9 0 0 0
BinVal : 5 10 0 0 0
BinVal : 5 11 0 0 0
BinVal : 5 12 0 0 0
BinVal : 5 13 0 0 0
BinVal : 5 14 0 0 0
BinVal : 5 15 0 0 0
BinVal : 5 16 0.0030303 0.00174689 0.00174689
BinVal : 5 17 0.0046225 0.00188276 0.00188276
BinVal : 5 18 0.00358166 0.0015989 0.0015989
BinVal : 5 19 0.0068323 0.00205297 0.00205297
BinVal : 5 20 0.00942126 0.00250605 0.00250605
BinVal : 5 21 0.0168434 0.0032141 0.0032141
BinVal : 5 22 0.0348101 0.00461138 0.00461138
BinVal : 5 23 0.0409889 0.00505718 0.00505718
BinVal : 5 24 0.0640687 0.00629335 0.00629335
BinVal : 5 25 0.0872625 0.00748669 0.00748669
BinVal : 5 26 0.147392 0.00974613 0.00974613
BinVal : 5 27 0.216831 0.0113466 0.0113466
BinVal : 5 28 0.345558 0.0135761 0.0135761
BinVal : 5 29 0.458959 0.0148043 0.0148043
BinVal : 5 30 0.634146 0.014216 0.014216
BinVal : 5 31 0.722122 0.0134332 0.0134332
BinVal : 5 32 0.804281 0.0126673 0.0126673
BinVal : 5 33 0.85681 0.0119509 0.0119509
BinVal : 5 34 0.901205 0.0103572 0.0103572
BinVal : 5 35 0.900857 0.0104556 0.0104556
BinVal : 5 36 0.921739 0.0102247 0.0102247
BinVal : 5 37 0.929191 0.00975089 0.00975089
BinVal : 5 38 0.947137 0.00857453 0.00857453
BinVal : 5 39 0.952381 0.0091138 0.0091138
BinVal : 5 40 0.966071 0.00765056 0.00765056
BinVal : 5 41 0.971616 0.00775985 0.00775985
BinVal : 5 42 0.977273 0.00677421 0.00677421
BinVal : 5 43 0.977612 0.00737868 0.00737868
BinVal : 5 44 0.964578 0.00964882 0.00964882
BinVal : 5 45 0.985836 0.00628945 0.00628945
BinVal : 5 46 0.983651 0.00661958 0.00661958
BinVal : 5 47 0.973941 0.00909228 0.00909228
BinVal : 5 48 0.982143 0.00791433 0.00791433
BinVal : 5 49 0.984436 0.0077213 0.0077213
BinVal : 5 50 0.987603 0.00711273 0.00711273
BinVal : 5 51 0.991031 0.00631326 0.00631326
BinVal : 5 52 0.995475 0.00451464 0.00451464
BinVal : 5 53 0.990291 0.00683171 0.00683171
BinVal : 5 54 0.994792 0.00519475 0.00519475
BinVal : 5 55 0.988166 0.00831846 0.00831846
BinVal : 5 56 0.985507 0.0101734 0.0101734
BinVal : 5 57 1 0.00383997 0.00383997
BinVal : 5 58 0.985401 0.0102471 0.0102471
BinVal : 5 59 1 0.00501394 0.00501394
BinVal : 5 60 0.990348 0.00429585 0.00429585
BinVal : 5 61 0.989305 0.00531892 0.00531892
BinVal : 5 62 0.984556 0.00766215 0.00766215
BinVal : 5 63 0.995614 0.00437634 0.00437634
BinVal : 5 64 0.98374 0.0114038 0.0114038
BinVal : 5 65 0.989796 0.0101519 0.0101519
BinVal : 5 66 0.9875 0.0124216 0.0124216
BinVal : 5 67 0.984848 0.0150363 0.0150363
BinVal : 5 68 1 0.0131822 0.0131822
BinVal : 5 69 1 0.0157046 0.0157046
BinVal : 5 70 1 0.0194201 0.0194201
BinVal : 5 71 1 0.0326734 0.0326734
BinVal : 5 72 0.987342 0.0125779 0.0125779
BinVal : 6 0 0 0 0
BinVal : 6 1 0 0 0
BinVal : 6 2 0 0 0
BinVal : 6 3 0 0 0
BinVal : 6 4 0 0 0
BinVal : 6 5 0 0 0
BinVal : 6 6 0 0 0
BinVal : 6 7 0 0 0
BinVal : 6 8 0 0 0
BinVal : 6 9 0 0 0
BinVal : 6 10 0 0 0
BinVal : 6 11 0 0 0
BinVal : 6 12 0 0 0
BinVal : 6 13 0 0 0
BinVal : 6 14 0 0 0
BinVal : 6 15 0 0 0
BinVal : 6 16 0 0 0
BinVal : 6 17 0 0 0
BinVal : 6 18 0 0 0
BinVal : 6 19 0 0 0
BinVal : 6 20 0 0 0
BinVal : 6 21 0 0 0
BinVal : 6 22 0 0 0
BinVal : 6 23 0 0 0
BinVal : 6 24 0 0 0
BinVal : 6 25 0 0 0
BinVal : 6 26 0 0 0
BinVal : 6 27 0 0 0
BinVal : 6 28 0 0 0
BinVal : 6 29 0 0 0
BinVal : 6 30 0 0 0
BinVal : 6 31 0 0 0
BinVal : 6 32 0 0 0
BinVal : 6 33 0 0 0
BinVal : 6 34 0 0 0
BinVal : 6 35 0 0 0
BinVal : 6 36 0 0 0
BinVal : 6 37 0 0 0
BinVal : 6 38 0 0 0
BinVal : 6 39 0 0 0
BinVal : 6 40 0 0 0
BinVal : 6 41 0 0 0
BinVal : 6 42 0 0 0
BinVal : 6 43 0 0 0
BinVal : 6 44 0 0 0
BinVal : 6 45 0 0 0
BinVal : 6 46 0 0 0
BinVal : 6 47 0 0 0
BinVal : 6 48 0 0 0
BinVal : 6 49 0 0 0
BinVal : 6 50 0 0 0
BinVal : 6 51 0 0 0
BinVal : 6 52 0 0 0
BinVal : 6 53 0 0 0
BinVal : 6 54 0 0 0
BinVal : 6 55 0 0 0
BinVal : 6 56 0 0 0
BinVal : 6 57 0 0 0
BinVal : 6 58 0 0 0
BinVal : 6 59 0 0 0
BinVal : 6 60 0 0 0
BinVal : 6 61 0 0 0
BinVal : 6 62 0 0 0
BinVal : 6 63 0 0 0
BinVal : 6 64 0 0 0
BinVal : 6 65 0 0 0
BinVal : 6 66 0 0 0
BinVal : 6 67 0 0 0
BinVal : 6 68 0 0 0
BinVal : 6 69 0 0 0
BinVal : 6 70 0 0 0
BinVal : 6 71 0 0 0
BinVal : 6 72 0 0 0


