EffMethod : Ratio
EffName : TrigEff
EffType : Binned
EffVarNames : deteta pt
EffVersion : 1
ObjQuality : SCJET_9_20
ObjRelativeTo : goodJet_CJT(1,5)_ncu_JET(0,5)_8
ObjType : Jet
TriggerVersion : v9
BinEdgesX : -5 -3.2 -1.5 -0.8 0.8 1.5 3.2 5
BinEdgesY : 0 1 2 3 4 5 6 7 8 9 10 11 12 13 14 15 16 17 18 19 20 21 22 23 24 25 26 27 28 29 30 31 32 33 34 35 36 37 38 39 40 41 42 43 44 45 46 47 48 49 50 51 52 53 54 55 56 57 58 59 60 65 70 75 80 85 90 95 100 105 110 115 120 2000
BinVal : 0 0 0 0 0
BinVal : 0 1 0 0 0
BinVal : 0 2 0 0 0
BinVal : 0 3 0 0 0
BinVal : 0 4 0 0 0
BinVal : 0 5 0 0 0
BinVal : 0 6 0 0 0
BinVal : 0 7 0 0 0
BinVal : 0 8 0 0 0
BinVal : 0 9 0 0 0
BinVal : 0 10 0 0 0
BinVal : 0 11 0 0 0
BinVal : 0 12 0 0 0
BinVal : 0 13 0 0 0
BinVal : 0 14 0 0 0
BinVal : 0 15 0 0 0
BinVal : 0 16 0 0 0
BinVal : 0 17 0 0 0
BinVal : 0 18 0 0 0
BinVal : 0 19 0 0 0
BinVal : 0 20 0 0 0
BinVal : 0 21 0 0 0
BinVal : 0 22 0 0 0
BinVal : 0 23 0 0 0
BinVal : 0 24 0 0 0
BinVal : 0 25 0 0 0
BinVal : 0 26 0 0 0
BinVal : 0 27 0 0 0
BinVal : 0 28 0 0 0
BinVal : 0 29 0 0 0
BinVal : 0 30 0 0 0
BinVal : 0 31 0 0 0
BinVal : 0 32 0 0 0
BinVal : 0 33 0 0 0
BinVal : 0 34 0 0 0
BinVal : 0 35 0 0 0
BinVal : 0 36 0 0 0
BinVal : 0 37 0 0 0
BinVal : 0 38 0 0 0
BinVal : 0 39 0 0 0
BinVal : 0 40 0 0 0
BinVal : 0 41 0 0 0
BinVal : 0 42 0 0 0
BinVal : 0 43 0 0 0
BinVal : 0 44 0 0 0
BinVal : 0 45 0 0 0
BinVal : 0 46 0 0 0
BinVal : 0 47 0 0 0
BinVal : 0 48 0 0 0
BinVal : 0 49 0 0 0
BinVal : 0 50 0 0 0
BinVal : 0 51 0 0 0
BinVal : 0 52 0 0 0
BinVal : 0 53 0 0 0
BinVal : 0 54 0 0 0
BinVal : 0 55 0 0 0
BinVal : 0 56 0 0 0
BinVal : 0 57 0 0 0
BinVal : 0 58 0 0 0
BinVal : 0 59 0 0 0
BinVal : 0 60 0 0 0
BinVal : 0 61 0 0 0
BinVal : 0 62 0 0 0
BinVal : 0 63 0 0 0
BinVal : 0 64 0 0 0
BinVal : 0 65 0 0 0
BinVal : 0 66 0 0 0
BinVal : 0 67 0 0 0
BinVal : 0 68 0 0 0
BinVal : 0 69 0 0 0
BinVal : 0 70 0 0 0
BinVal : 0 71 0 0 0
BinVal : 0 72 0 0 0
BinVal : 1 0 0 0 0
BinVal : 1 1 0 0 0
BinVal : 1 2 0 0 0
BinVal : 1 3 0 0 0
BinVal : 1 4 0 0 0
BinVal : 1 5 0 0 0
BinVal : 1 6 0 0 0
BinVal : 1 7 0 0 0
BinVal : 1 8 0 0 0
BinVal : 1 9 0 0 0
BinVal : 1 10 0 0 0
BinVal : 1 11 0 0 0
BinVal : 1 12 0 0 0
BinVal : 1 13 0 0 0
BinVal : 1 14 0 0 0
BinVal : 1 15 0 0 0
BinVal : 1 16 0.0026738 0.00267022 0.00267022
BinVal : 1 17 0.00340715 0.00240511 0.00240511
BinVal : 1 18 0 0 0
BinVal : 1 19 0.00620155 0.00309115 0.00309115
BinVal : 1 20 0.00417246 0.00240394 0.00240394
BinVal : 1 21 0.0108359 0.00407334 0.00407334
BinVal : 1 22 0.00992908 0.00373416 0.00373416
BinVal : 1 23 0.0149031 0.00467753 0.00467753
BinVal : 1 24 0.0416667 0.00799945 0.00799945
BinVal : 1 25 0.0732484 0.0103968 0.0103968
BinVal : 1 26 0.114726 0.0131875 0.0131875
BinVal : 1 27 0.153846 0.0152603 0.0152603
BinVal : 1 28 0.24486 0.0185907 0.0185907
BinVal : 1 29 0.337812 0.0207209 0.0207209
BinVal : 1 30 0.445378 0.0227803 0.0227803
BinVal : 1 31 0.519101 0.023685 0.023685
BinVal : 1 32 0.571744 0.023249 0.023249
BinVal : 1 33 0.690411 0.0241992 0.0241992
BinVal : 1 34 0.766764 0.022834 0.022834
BinVal : 1 35 0.810398 0.0216769 0.0216769
BinVal : 1 36 0.822148 0.0221512 0.0221512
BinVal : 1 37 0.857708 0.0219634 0.0219634
BinVal : 1 38 0.90625 0.0182175 0.0182175
BinVal : 1 39 0.944444 0.0139402 0.0139402
BinVal : 1 40 0.93361 0.0160371 0.0160371
BinVal : 1 41 0.985148 0.0085106 0.0085106
BinVal : 1 42 0.94898 0.0157171 0.0157171
BinVal : 1 43 0.980519 0.011137 0.011137
BinVal : 1 44 0.977012 0.0113614 0.0113614
BinVal : 1 45 0.993548 0.00643077 0.00643077
BinVal : 1 46 0.985075 0.0104748 0.0104748
BinVal : 1 47 0.99187 0.00809697 0.00809697
BinVal : 1 48 1 0.00582743 0.00582743
BinVal : 1 49 1 0.00472498 0.00472498
BinVal : 1 50 1 0.00613832 0.00613832
BinVal : 1 51 1 0.00770235 0.00770235
BinVal : 1 52 1 0.00679159 0.00679159
BinVal : 1 53 0.985507 0.0143874 0.0143874
BinVal : 1 54 0.988095 0.0118337 0.0118337
BinVal : 1 55 1 0.00704145 0.00704145
BinVal : 1 56 0.984375 0.0155024 0.0155024
BinVal : 1 57 1 0.00917959 0.00917959
BinVal : 1 58 1 0.0128865 0.0128865
BinVal : 1 59 1 0.0131822 0.0131822
BinVal : 1 60 1 0.00275373 0.00275373
BinVal : 1 61 1 0.00408602 0.00408602
BinVal : 1 62 1 0.00607347 0.00607347
BinVal : 1 63 1 0.00750113 0.00750113
BinVal : 1 64 1 0.00780725 0.00780725
BinVal : 1 65 1 0.0161462 0.0161462
BinVal : 1 66 1 0.0194201 0.0194201
BinVal : 1 67 1 0.0279117 0.0279117
BinVal : 1 68 1 0.0346427 0.0346427
BinVal : 1 69 1 0.0293374 0.0293374
BinVal : 1 70 1 0.0422902 0.0422902
BinVal : 1 71 1 0.0456491 0.0456491
BinVal : 1 72 1 0.0293374 0.0293374
BinVal : 2 0 0 0 0
BinVal : 2 1 0 0 0
BinVal : 2 2 0 0 0
BinVal : 2 3 0 0 0
BinVal : 2 4 0 0 0
BinVal : 2 5 0 0 0
BinVal : 2 6 0 0 0
BinVal : 2 7 0 0 0
BinVal : 2 8 0 0 0
BinVal : 2 9 0 0 0
BinVal : 2 10 0 0 0
BinVal : 2 11 0 0 0
BinVal : 2 12 0 0 0
BinVal : 2 13 0 0 0
BinVal : 2 14 0 0 0
BinVal : 2 15 0 0 0
BinVal : 2 16 0.00862069 0.00858345 0.00858345
BinVal : 2 17 0 0 0
BinVal : 2 18 0 0 0
BinVal : 2 19 0.0019305 0.00192864 0.00192864
BinVal : 2 20 0.00188679 0.00188501 0.00188501
BinVal : 2 21 0.00189753 0.00189573 0.00189573
BinVal : 2 22 0.00522648 0.00300961 0.00300961
BinVal : 2 23 0 0 0
BinVal : 2 24 0.00863558 0.00384524 0.00384524
BinVal : 2 25 0.0145719 0.00511429 0.00511429
BinVal : 2 26 0.0185497 0.00554084 0.00554084
BinVal : 2 27 0.0226415 0.00646162 0.00646162
BinVal : 2 28 0.04 0.00855236 0.00855236
BinVal : 2 29 0.0587084 0.0103992 0.0103992
BinVal : 2 30 0.0612245 0.0114163 0.0114163
BinVal : 2 31 0.120553 0.014475 0.014475
BinVal : 2 32 0.169725 0.017978 0.017978
BinVal : 2 33 0.218509 0.0209518 0.0209518
BinVal : 2 34 0.251295 0.0220777 0.0220777
BinVal : 2 35 0.301136 0.0244516 0.0244516
BinVal : 2 36 0.355742 0.0253375 0.0253375
BinVal : 2 37 0.465046 0.0274985 0.0274985
BinVal : 2 38 0.549091 0.0300055 0.0300055
BinVal : 2 39 0.569892 0.0296403 0.0296403
BinVal : 2 40 0.637555 0.031766 0.031766
BinVal : 2 41 0.737705 0.0281606 0.0281606
BinVal : 2 42 0.792453 0.0278533 0.0278533
BinVal : 2 43 0.738532 0.0297622 0.0297622
BinVal : 2 44 0.855769 0.0243599 0.0243599
BinVal : 2 45 0.812121 0.0304094 0.0304094
BinVal : 2 46 0.798851 0.0303891 0.0303891
BinVal : 2 47 0.935897 0.0196105 0.0196105
BinVal : 2 48 0.903409 0.0222666 0.0222666
BinVal : 2 49 0.937008 0.0215582 0.0215582
BinVal : 2 50 0.896825 0.0270991 0.0270991
BinVal : 2 51 0.964602 0.017383 0.017383
BinVal : 2 52 0.959677 0.0176655 0.0176655
BinVal : 2 53 0.956989 0.0210378 0.0210378
BinVal : 2 54 0.969388 0.0174014 0.0174014
BinVal : 2 55 1 0.00613832 0.00613832
BinVal : 2 56 0.967742 0.0183214 0.0183214
BinVal : 2 57 0.956989 0.0210378 0.0210378
BinVal : 2 58 1 0.00712919 0.00712919
BinVal : 2 59 1 0.00780725 0.00780725
BinVal : 2 60 0.989796 0.00586119 0.00586119
BinVal : 2 61 0.994898 0.00508901 0.00508901
BinVal : 2 62 0.994048 0.00593464 0.00593464
BinVal : 2 63 0.990476 0.00947835 0.00947835
BinVal : 2 64 1 0.0074048 0.0074048
BinVal : 2 65 1 0.00964212 0.00964212
BinVal : 2 66 1 0.00964212 0.00964212
BinVal : 2 67 1 0.0157046 0.0157046
BinVal : 2 68 1 0.0243611 0.0243611
BinVal : 2 69 1 0.0201001 0.0201001
BinVal : 2 70 1 0.0266185 0.0266185
BinVal : 2 71 1 0.0266185 0.0266185
BinVal : 2 72 1 0.00980616 0.00980616
BinVal : 3 0 0 0 0
BinVal : 3 1 0 0 0
BinVal : 3 2 0 0 0
BinVal : 3 3 0 0 0
BinVal : 3 4 0 0 0
BinVal : 3 5 0 0 0
BinVal : 3 6 0 0 0
BinVal : 3 7 0 0 0
BinVal : 3 8 0 0 0
BinVal : 3 9 0 0 0
BinVal : 3 10 0 0 0
BinVal : 3 11 0 0 0
BinVal : 3 12 0 0 0
BinVal : 3 13 0 0 0
BinVal : 3 14 0 0 0
BinVal : 3 15 0.00212314 0.00212089 0.00212089
BinVal : 3 16 0.00293255 0.00169062 0.00169062
BinVal : 3 17 0.00161987 0.000934475 0.000934475
BinVal : 3 18 0.00145349 0.000838562 0.000838562
BinVal : 3 19 0.00323625 0.00122121 0.00122121
BinVal : 3 20 0.00394218 0.00131147 0.00131147
BinVal : 3 21 0.00451745 0.00135898 0.00135898
BinVal : 3 22 0.00768298 0.00175581 0.00175581
BinVal : 3 23 0.00704809 0.00170338 0.00170338
BinVal : 3 24 0.0183291 0.00276942 0.00276942
BinVal : 3 25 0.0282105 0.0033975 0.0033975
BinVal : 3 26 0.0499783 0.00454254 0.00454254
BinVal : 3 27 0.0806834 0.00593325 0.00593325
BinVal : 3 28 0.107896 0.00687071 0.00687071
BinVal : 3 29 0.176807 0.00869983 0.00869983
BinVal : 3 30 0.279956 0.0104782 0.0104782
BinVal : 3 31 0.360694 0.0115452 0.0115452
BinVal : 3 32 0.50094 0.0125196 0.0125196
BinVal : 3 33 0.620666 0.0126513 0.0126513
BinVal : 3 34 0.701741 0.0125873 0.0125873
BinVal : 3 35 0.790751 0.0112003 0.0112003
BinVal : 3 36 0.861657 0.0100895 0.0100895
BinVal : 3 37 0.899254 0.00919302 0.00919302
BinVal : 3 38 0.918447 0.00852765 0.00852765
BinVal : 3 39 0.947534 0.00722253 0.00722253
BinVal : 3 40 0.964371 0.00638808 0.00638808
BinVal : 3 41 0.977865 0.00530888 0.00530888
BinVal : 3 42 0.980333 0.00540079 0.00540079
BinVal : 3 43 0.985337 0.00460265 0.00460265
BinVal : 3 44 0.99681 0.00225192 0.00225192
BinVal : 3 45 0.994872 0.00295317 0.00295317
BinVal : 3 46 0.994403 0.00322238 0.00322238
BinVal : 3 47 0.998073 0.00192493 0.00192493
BinVal : 3 48 0.995851 0.00292796 0.00292796
BinVal : 3 49 0.987562 0.00552766 0.00552766
BinVal : 3 50 0.994595 0.00381185 0.00381185
BinVal : 3 51 0.994444 0.00391744 0.00391744
BinVal : 3 52 0.993464 0.00460648 0.00460648
BinVal : 3 53 0.99308 0.00487651 0.00487651
BinVal : 3 54 0.98917 0.00621894 0.00621894
BinVal : 3 55 1 0.00209951 0.00209951
BinVal : 3 56 0.995652 0.00433836 0.00433836
BinVal : 3 57 0.995935 0.00405677 0.00405677
BinVal : 3 58 1 0.00271463 0.00271463
BinVal : 3 59 1 0.00285006 0.00285006
BinVal : 3 60 1 0.00073576 0.00073576
BinVal : 3 61 1 0.0010047 0.0010047
BinVal : 3 62 0.997613 0.00238379 0.00238379
BinVal : 3 63 1 0.00179148 0.00179148
BinVal : 3 64 1 0.00246954 0.00246954
BinVal : 3 65 1 0.00353289 0.00353289
BinVal : 3 66 1 0.00414515 0.00414515
BinVal : 3 67 1 0.00519514 0.00519514
BinVal : 3 68 1 0.00780725 0.00780725
BinVal : 3 69 1 0.00850058 0.00850058
BinVal : 3 70 1 0.00903559 0.00903559
BinVal : 3 71 0.973684 0.0259672 0.0259672
BinVal : 3 72 0.994975 0.00501248 0.00501248
BinVal : 4 0 0 0 0
BinVal : 4 1 0 0 0
BinVal : 4 2 0 0 0
BinVal : 4 3 0 0 0
BinVal : 4 4 0 0 0
BinVal : 4 5 0 0 0
BinVal : 4 6 0 0 0
BinVal : 4 7 0 0 0
BinVal : 4 8 0 0 0
BinVal : 4 9 0 0 0
BinVal : 4 10 0 0 0
BinVal : 4 11 0 0 0
BinVal : 4 12 0 0 0
BinVal : 4 13 0 0 0
BinVal : 4 14 0 0 0
BinVal : 4 15 0.01 0.00994987 0.00994987
BinVal : 4 16 0 0 0
BinVal : 4 17 0.00323625 0.00323101 0.00323101
BinVal : 4 18 0 0 0
BinVal : 4 19 0 0 0
BinVal : 4 20 0 0 0
BinVal : 4 21 0.0018797 0.00187793 0.00187793
BinVal : 4 22 0.00618557 0.00356018 0.00356018
BinVal : 4 23 0.00369686 0.00260924 0.00260924
BinVal : 4 24 0.00568182 0.00327107 0.00327107
BinVal : 4 25 0.0092081 0.00409899 0.00409899
BinVal : 4 26 0.0095057 0.00423083 0.00423083
BinVal : 4 27 0.0177165 0.00585297 0.00585297
BinVal : 4 28 0.0240481 0.00685811 0.00685811
BinVal : 4 29 0.0396825 0.00869545 0.00869545
BinVal : 4 30 0.0606742 0.011317 0.011317
BinVal : 4 31 0.112385 0.015126 0.015126
BinVal : 4 32 0.100233 0.0144991 0.0144991
BinVal : 4 33 0.218097 0.0198913 0.0198913
BinVal : 4 34 0.20436 0.0210486 0.0210486
BinVal : 4 35 0.242938 0.0227935 0.0227935
BinVal : 4 36 0.361823 0.0256487 0.0256487
BinVal : 4 37 0.339683 0.0266844 0.0266844
BinVal : 4 38 0.468966 0.0293044 0.0293044
BinVal : 4 39 0.547297 0.0289316 0.0289316
BinVal : 4 40 0.613971 0.0295189 0.0295189
BinVal : 4 41 0.658768 0.03264 0.03264
BinVal : 4 42 0.686957 0.0305776 0.0305776
BinVal : 4 43 0.775956 0.0308219 0.0308219
BinVal : 4 44 0.761658 0.0306691 0.0306691
BinVal : 4 45 0.78022 0.030695 0.030695
BinVal : 4 46 0.855491 0.026732 0.026732
BinVal : 4 47 0.872611 0.0266088 0.0266088
BinVal : 4 48 0.912752 0.0231186 0.0231186
BinVal : 4 49 0.913907 0.0228268 0.0228268
BinVal : 4 50 0.932331 0.0217798 0.0217798
BinVal : 4 51 0.947368 0.0209137 0.0209137
BinVal : 4 52 0.964286 0.0175354 0.0175354
BinVal : 4 53 0.938053 0.0226769 0.0226769
BinVal : 4 54 0.970874 0.0165693 0.0165693
BinVal : 4 55 0.979592 0.0142827 0.0142827
BinVal : 4 56 0.940594 0.023521 0.023521
BinVal : 4 57 0.967391 0.0185171 0.0185171
BinVal : 4 58 0.974684 0.0176734 0.0176734
BinVal : 4 59 0.981481 0.0183463 0.0183463
BinVal : 4 60 0.996154 0.00383875 0.00383875
BinVal : 4 61 0.981043 0.0093884 0.0093884
BinVal : 4 62 0.986755 0.00930342 0.00930342
BinVal : 4 63 1 0.00501394 0.00501394
BinVal : 4 64 1 0.00594759 0.00594759
BinVal : 4 65 1 0.0105252 0.0105252
BinVal : 4 66 1 0.00932837 0.00932837
BinVal : 4 67 1 0.0161462 0.0161462
BinVal : 4 68 1 0.0216126 0.0216126
BinVal : 4 69 1 0.0266185 0.0266185
BinVal : 4 70 1 0.0346427 0.0346427
BinVal : 4 71 1 0.0309157 0.0309157
BinVal : 4 72 1 0.00917959 0.00917959
BinVal : 5 0 0 0 0
BinVal : 5 1 0 0 0
BinVal : 5 2 0 0 0
BinVal : 5 3 0 0 0
BinVal : 5 4 0 0 0
BinVal : 5 5 0 0 0
BinVal : 5 6 0 0 0
BinVal : 5 7 0 0 0
BinVal : 5 8 0 0 0
BinVal : 5 9 0 0 0
BinVal : 5 10 0 0 0
BinVal : 5 11 0 0 0
BinVal : 5 12 0 0 0
BinVal : 5 13 0 0 0
BinVal : 5 14 0 0 0
BinVal : 5 15 0 0 0
BinVal : 5 16 0.00268817 0.00268456 0.00268456
BinVal : 5 17 0 0 0
BinVal : 5 18 0.00171527 0.00171379 0.00171379
BinVal : 5 19 0 0 0
BinVal : 5 20 0.00159236 0.00159109 0.00159109
BinVal : 5 21 0 0 0
BinVal : 5 22 0.00156986 0.00156863 0.00156863
BinVal : 5 23 0.00338983 0.00239291 0.00239291
BinVal : 5 24 0.0214521 0.00588559 0.00588559
BinVal : 5 25 0.0263158 0.00670471 0.00670471
BinVal : 5 26 0.0535373 0.00984304 0.00984304
BinVal : 5 27 0.0795229 0.0120634 0.0120634
BinVal : 5 28 0.118812 0.0143985 0.0143985
BinVal : 5 29 0.223502 0.0199971 0.0199971
BinVal : 5 30 0.25187 0.0216773 0.0216773
BinVal : 5 31 0.338235 0.0234224 0.0234224
BinVal : 5 32 0.389163 0.0241972 0.0241972
BinVal : 5 33 0.475543 0.0260331 0.0260331
BinVal : 5 34 0.598837 0.0264262 0.0264262
BinVal : 5 35 0.699659 0.0267804 0.0267804
BinVal : 5 36 0.772388 0.0256123 0.0256123
BinVal : 5 37 0.782288 0.0250692 0.0250692
BinVal : 5 38 0.84252 0.0228553 0.0228553
BinVal : 5 39 0.848624 0.0242749 0.0242749
BinVal : 5 40 0.923077 0.0174196 0.0174196
BinVal : 5 41 0.945274 0.0160428 0.0160428
BinVal : 5 42 0.941489 0.0171177 0.0171177
BinVal : 5 43 0.975 0.0123428 0.0123428
BinVal : 5 44 0.909677 0.0230237 0.0230237
BinVal : 5 45 0.982456 0.0122961 0.0122961
BinVal : 5 46 0.984733 0.0107128 0.0107128
BinVal : 5 47 0.991525 0.00843859 0.00843859
BinVal : 5 48 0.973451 0.015123 0.015123
BinVal : 5 49 0.981651 0.0128549 0.0128549
BinVal : 5 50 0.989362 0.0105816 0.0105816
BinVal : 5 51 0.98913 0.0108103 0.0108103
BinVal : 5 52 0.986842 0.013071 0.013071
BinVal : 5 53 1 0.00560045 0.00560045
BinVal : 5 54 1 0.00731039 0.00731039
BinVal : 5 55 1 0.0083766 0.0083766
BinVal : 5 56 1 0.012074 0.012074
BinVal : 5 57 1 0.00964212 0.00964212
BinVal : 5 58 0.980769 0.019045 0.019045
BinVal : 5 59 1 0.0111375 0.0111375
BinVal : 5 60 0.99495 0.00503774 0.00503774
BinVal : 5 61 1 0.00480413 0.00480413
BinVal : 5 62 0.990991 0.00896834 0.00896834
BinVal : 5 63 1 0.00770235 0.00770235
BinVal : 5 64 1 0.0109258 0.0109258
BinVal : 5 65 1 0.0181909 0.0181909
BinVal : 5 66 1 0.0224566 0.0224566
BinVal : 5 67 1 0.0279117 0.0279117
BinVal : 5 68 1 0.0456491 0.0456491
BinVal : 5 69 1 0.0495858 0.0495858
BinVal : 5 70 1 0.0542655 0.0542655
BinVal : 5 71 1 0.0871301 0.0871301
BinVal : 5 72 1 0.0346427 0.0346427
BinVal : 6 0 0 0 0
BinVal : 6 1 0 0 0
BinVal : 6 2 0 0 0
BinVal : 6 3 0 0 0
BinVal : 6 4 0 0 0
BinVal : 6 5 0 0 0
BinVal : 6 6 0 0 0
BinVal : 6 7 0 0 0
BinVal : 6 8 0 0 0
BinVal : 6 9 0 0 0
BinVal : 6 10 0 0 0
BinVal : 6 11 0 0 0
BinVal : 6 12 0 0 0
BinVal : 6 13 0 0 0
BinVal : 6 14 0 0 0
BinVal : 6 15 0 0 0
BinVal : 6 16 0 0 0
BinVal : 6 17 0 0 0
BinVal : 6 18 0 0 0
BinVal : 6 19 0 0 0
BinVal : 6 20 0 0 0
BinVal : 6 21 0 0 0
BinVal : 6 22 0 0 0
BinVal : 6 23 0 0 0
BinVal : 6 24 0 0 0
BinVal : 6 25 0 0 0
BinVal : 6 26 0 0 0
BinVal : 6 27 0 0 0
BinVal : 6 28 0 0 0
BinVal : 6 29 0 0 0
BinVal : 6 30 0 0 0
BinVal : 6 31 0 0 0
BinVal : 6 32 0 0 0
BinVal : 6 33 0 0 0
BinVal : 6 34 0 0 0
BinVal : 6 35 0 0 0
BinVal : 6 36 0 0 0
BinVal : 6 37 0 0 0
BinVal : 6 38 0 0 0
BinVal : 6 39 0 0 0
BinVal : 6 40 0 0 0
BinVal : 6 41 0 0 0
BinVal : 6 42 0 0 0
BinVal : 6 43 0 0 0
BinVal : 6 44 0 0 0
BinVal : 6 45 0 0 0
BinVal : 6 46 0 0 0
BinVal : 6 47 0 0 0
BinVal : 6 48 0 0 0
BinVal : 6 49 0 0 0
BinVal : 6 50 0 0 0
BinVal : 6 51 0 0 0
BinVal : 6 52 0 0 0
BinVal : 6 53 0 0 0
BinVal : 6 54 0 0 0
BinVal : 6 55 0 0 0
BinVal : 6 56 0 0 0
BinVal : 6 57 0 0 0
BinVal : 6 58 0 0 0
BinVal : 6 59 0 0 0
BinVal : 6 60 0 0 0
BinVal : 6 61 0 0 0
BinVal : 6 62 0 0 0
BinVal : 6 63 0 0 0
BinVal : 6 64 0 0 0
BinVal : 6 65 0 0 0
BinVal : 6 66 0 0 0
BinVal : 6 67 0 0 0
BinVal : 6 68 0 0 0
BinVal : 6 69 0 0 0
BinVal : 6 70 0 0 0
BinVal : 6 71 0 0 0
BinVal : 6 72 0 0 0


EffMethod : Ratio
EffName : TrigEff
EffType : Binned
EffVarNames : deteta pt
EffVersion : 1
ObjQuality : SCJET_9_20
ObjRelativeTo : goodJet_CJT(1,5)_ncu_JET(0,5)_8
ObjType : Jet
TriggerVersion : v10
BinEdgesX : -5 -3.2 -1.5 -0.8 0.8 1.5 3.2 5
BinEdgesY : 0 1 2 3 4 5 6 7 8 9 10 11 12 13 14 15 16 17 18 19 20 21 22 23 24 25 26 27 28 29 30 31 32 33 34 35 36 37 38 39 40 41 42 43 44 45 46 47 48 49 50 51 52 53 54 55 56 57 58 59 60 65 70 75 80 85 90 95 100 105 110 115 120 2000
BinVal : 0 0 0 0 0
BinVal : 0 1 0 0 0
BinVal : 0 2 0 0 0
BinVal : 0 3 0 0 0
BinVal : 0 4 0 0 0
BinVal : 0 5 0 0 0
BinVal : 0 6 0 0 0
BinVal : 0 7 0 0 0
BinVal : 0 8 0 0 0
BinVal : 0 9 0 0 0
BinVal : 0 10 0 0 0
BinVal : 0 11 0 0 0
BinVal : 0 12 0 0 0
BinVal : 0 13 0 0 0
BinVal : 0 14 0 0 0
BinVal : 0 15 0 0 0
BinVal : 0 16 0 0 0
BinVal : 0 17 0 0 0
BinVal : 0 18 0 0 0
BinVal : 0 19 0 0 0
BinVal : 0 20 0 0 0
BinVal : 0 21 0 0 0
BinVal : 0 22 0 0 0
BinVal : 0 23 0 0 0
BinVal : 0 24 0 0 0
BinVal : 0 25 0 0 0
BinVal : 0 26 0 0 0
BinVal : 0 27 0 0 0
BinVal : 0 28 0 0 0
BinVal : 0 29 0 0 0
BinVal : 0 30 0 0 0
BinVal : 0 31 0 0 0
BinVal : 0 32 0 0 0
BinVal : 0 33 0 0 0
BinVal : 0 34 0 0 0
BinVal : 0 35 0 0 0
BinVal : 0 36 0 0 0
BinVal : 0 37 0 0 0
BinVal : 0 38 0 0 0
BinVal : 0 39 0 0 0
BinVal : 0 40 0 0 0
BinVal : 0 41 0 0 0
BinVal : 0 42 0 0 0
BinVal : 0 43 0 0 0
BinVal : 0 44 0 0 0
BinVal : 0 45 0 0 0
BinVal : 0 46 0 0 0
BinVal : 0 47 0 0 0
BinVal : 0 48 0 0 0
BinVal : 0 49 0 0 0
BinVal : 0 50 0 0 0
BinVal : 0 51 0 0 0
BinVal : 0 52 0 0 0
BinVal : 0 53 0 0 0
BinVal : 0 54 0 0 0
BinVal : 0 55 0 0 0
BinVal : 0 56 0 0 0
BinVal : 0 57 0 0 0
BinVal : 0 58 0 0 0
BinVal : 0 59 0 0 0
BinVal : 0 60 0 0 0
BinVal : 0 61 0 0 0
BinVal : 0 62 0 0 0
BinVal : 0 63 0 0 0
BinVal : 0 64 0 0 0
BinVal : 0 65 0 0 0
BinVal : 0 66 0 0 0
BinVal : 0 67 0 0 0
BinVal : 0 68 0 0 0
BinVal : 0 69 0 0 0
BinVal : 0 70 0 0 0
BinVal : 0 71 0 0 0
BinVal : 0 72 0 0 0
BinVal : 1 0 0 0 0
BinVal : 1 1 0 0 0
BinVal : 1 2 0 0 0
BinVal : 1 3 0 0 0
BinVal : 1 4 0 0 0
BinVal : 1 5 0 0 0
BinVal : 1 6 0 0 0
BinVal : 1 7 0 0 0
BinVal : 1 8 0 0 0
BinVal : 1 9 0 0 0
BinVal : 1 10 0 0 0
BinVal : 1 11 0 0 0
BinVal : 1 12 0 0 0
BinVal : 1 13 0 0 0
BinVal : 1 14 0 0 0
BinVal : 1 15 0 0 0
BinVal : 1 16 0 0 0
BinVal : 1 17 0 0 0
BinVal : 1 18 0 0 0
BinVal : 1 19 0.015625 0.0155024 0.0155024
BinVal : 1 20 0 0 0
BinVal : 1 21 0 0 0
BinVal : 1 22 0.0149254 0.0148136 0.0148136
BinVal : 1 23 0.0217391 0.0215015 0.0215015
BinVal : 1 24 0.0178571 0.017697 0.017697
BinVal : 1 25 0.0816327 0.0391149 0.0391149
BinVal : 1 26 0.225 0.0660256 0.0660256
BinVal : 1 27 0.121951 0.0511047 0.0511047
BinVal : 1 28 0.21875 0.0730792 0.0730792
BinVal : 1 29 0.25 0.0625 0.0625
BinVal : 1 30 0.238095 0.0657205 0.0657205
BinVal : 1 31 0.342105 0.0769602 0.0769602
BinVal : 1 32 0.409091 0.104824 0.104824
BinVal : 1 33 0.545455 0.106159 0.106159
BinVal : 1 34 0.448276 0.0923495 0.0923495
BinVal : 1 35 0.535714 0.0942498 0.0942498
BinVal : 1 36 0.777778 0.0979908 0.0979908
BinVal : 1 37 0.526316 0.114549 0.114549
BinVal : 1 38 0.666667 0.121716 0.121716
BinVal : 1 39 0.666667 0.102869 0.102869
BinVal : 1 40 0.761905 0.0929429 0.0929429
BinVal : 1 41 0.846154 0.100068 0.100068
BinVal : 1 42 0.846154 0.100068 0.100068
BinVal : 1 43 1 0.0326734 0.0326734
BinVal : 1 44 0.769231 0.116855 0.116855
BinVal : 1 45 1 0.0599198 0.0599198
BinVal : 1 46 0.75 0.216506 0.216506
BinVal : 1 47 1 0.0495858 0.0495858
BinVal : 1 48 1 0.0599198 0.0599198
BinVal : 1 49 0.857143 0.13226 0.13226
BinVal : 1 50 0.909091 0.0866784 0.0866784
BinVal : 1 51 0.857143 0.13226 0.13226
BinVal : 1 52 0.888889 0.104757 0.104757
BinVal : 1 53 0.666667 0.272166 0.272166
BinVal : 1 54 1 0.0456491 0.0456491
BinVal : 1 55 1 0.0668855 0.0668855
BinVal : 1 56 1 0.102643 0.102643
BinVal : 1 57 0.875 0.116927 0.116927
BinVal : 1 58 1 0.102643 0.102643
BinVal : 1 59 1 0.102643 0.102643
BinVal : 1 60 1 0.0326734 0.0326734
BinVal : 1 61 1 0.0422902 0.0422902
BinVal : 1 62 1 0.0368657 0.0368657
BinVal : 1 63 1 0.0456491 0.0456491
BinVal : 1 64 1 0.0668855 0.0668855
BinVal : 1 65 1 0.102643 0.102643
BinVal : 1 66 1 0.102643 0.102643
BinVal : 1 67 1 0.159077 0.159077
BinVal : 1 68 1 0.159077 0.159077
BinVal : 1 69 1 0.218486 0.218486
BinVal : 1 70 0 0 0
BinVal : 1 71 1 0.159077 0.159077
BinVal : 1 72 1 0.124824 0.124824
BinVal : 2 0 0 0 0
BinVal : 2 1 0 0 0
BinVal : 2 2 0 0 0
BinVal : 2 3 0 0 0
BinVal : 2 4 0 0 0
BinVal : 2 5 0 0 0
BinVal : 2 6 0 0 0
BinVal : 2 7 0 0 0
BinVal : 2 8 0 0 0
BinVal : 2 9 0 0 0
BinVal : 2 10 0 0 0
BinVal : 2 11 0 0 0
BinVal : 2 12 0 0 0
BinVal : 2 13 0 0 0
BinVal : 2 14 0 0 0
BinVal : 2 15 0 0 0
BinVal : 2 16 0 0 0
BinVal : 2 17 0 0 0
BinVal : 2 18 0 0 0
BinVal : 2 19 0 0 0
BinVal : 2 20 0 0 0
BinVal : 2 21 0 0 0
BinVal : 2 22 0.03125 0.0307578 0.0307578
BinVal : 2 23 0 0 0
BinVal : 2 24 0 0 0
BinVal : 2 25 0 0 0
BinVal : 2 26 0 0 0
BinVal : 2 27 0.121951 0.0511047 0.0511047
BinVal : 2 28 0.03125 0.0307578 0.0307578
BinVal : 2 29 0.0571429 0.0392347 0.0392347
BinVal : 2 30 0 0 0
BinVal : 2 31 0.133333 0.0620633 0.0620633
BinVal : 2 32 0.16 0.0733212 0.0733212
BinVal : 2 33 0.12 0.0649923 0.0649923
BinVal : 2 34 0.25 0.0968246 0.0968246
BinVal : 2 35 0.0952381 0.0640564 0.0640564
BinVal : 2 36 0.16 0.0733212 0.0733212
BinVal : 2 37 0.461538 0.138264 0.138264
BinVal : 2 38 0.428571 0.13226 0.13226
BinVal : 2 39 0.5 0.125 0.125
BinVal : 2 40 0.4 0.154919 0.154919
BinVal : 2 41 0.6 0.126491 0.126491
BinVal : 2 42 0.705882 0.11051 0.11051
BinVal : 2 43 0.818182 0.116291 0.116291
BinVal : 2 44 0.695652 0.0959439 0.0959439
BinVal : 2 45 0.833333 0.107583 0.107583
BinVal : 2 46 1 0.0368657 0.0368657
BinVal : 2 47 0.8 0.126491 0.126491
BinVal : 2 48 0.888889 0.104757 0.104757
BinVal : 2 49 1 0.0668855 0.0668855
BinVal : 2 50 0.714286 0.170747 0.170747
BinVal : 2 51 0.777778 0.13858 0.13858
BinVal : 2 52 0.857143 0.13226 0.13226
BinVal : 2 53 1 0.0871301 0.0871301
BinVal : 2 54 1 0.159077 0.159077
BinVal : 2 55 1 0.102643 0.102643
BinVal : 2 56 0.9 0.0948683 0.0948683
BinVal : 2 57 1 0.159077 0.159077
BinVal : 2 58 0.666667 0.19245 0.19245
BinVal : 2 59 1 0.102643 0.102643
BinVal : 2 60 1 0.0224566 0.0224566
BinVal : 2 61 0.928571 0.0688303 0.0688303
BinVal : 2 62 1 0.0456491 0.0456491
BinVal : 2 63 1 0.0599198 0.0599198
BinVal : 2 64 0.909091 0.0866784 0.0866784
BinVal : 2 65 0.888889 0.104757 0.104757
BinVal : 2 66 0.666667 0.272166 0.272166
BinVal : 2 67 1 0.0871301 0.0871301
BinVal : 2 68 1 0.159077 0.159077
BinVal : 2 69 0.8 0.178885 0.178885
BinVal : 2 70 1 0.218486 0.218486
BinVal : 2 71 1 0.218486 0.218486
BinVal : 2 72 1 0.0542655 0.0542655
BinVal : 3 0 0 0 0
BinVal : 3 1 0 0 0
BinVal : 3 2 0 0 0
BinVal : 3 3 0 0 0
BinVal : 3 4 0 0 0
BinVal : 3 5 0 0 0
BinVal : 3 6 0 0 0
BinVal : 3 7 0 0 0
BinVal : 3 8 0 0 0
BinVal : 3 9 0 0 0
BinVal : 3 10 0 0 0
BinVal : 3 11 0 0 0
BinVal : 3 12 0 0 0
BinVal : 3 13 0 0 0
BinVal : 3 14 0 0 0
BinVal : 3 15 0 0 0
BinVal : 3 16 0.0119048 0.0118337 0.0118337
BinVal : 3 17 0 0 0
BinVal : 3 18 0 0 0
BinVal : 3 19 0 0 0
BinVal : 3 20 0.0126582 0.00889389 0.00889389
BinVal : 3 21 0.0126582 0.00889389 0.00889389
BinVal : 3 22 0.00653595 0.00651455 0.00651455
BinVal : 3 23 0.0143885 0.0101007 0.0101007
BinVal : 3 24 0.0507246 0.0186795 0.0186795
BinVal : 3 25 0.0645161 0.0220618 0.0220618
BinVal : 3 26 0.0866142 0.0249586 0.0249586
BinVal : 3 27 0.135135 0.0324487 0.0324487
BinVal : 3 28 0.166667 0.0340207 0.0340207
BinVal : 3 29 0.25 0.0461593 0.0461593
BinVal : 3 30 0.319149 0.0480794 0.0480794
BinVal : 3 31 0.423423 0.046898 0.046898
BinVal : 3 32 0.567901 0.0550409 0.0550409
BinVal : 3 33 0.605263 0.0560685 0.0560685
BinVal : 3 34 0.752941 0.0467812 0.0467812
BinVal : 3 35 0.75 0.0578638 0.0578638
BinVal : 3 36 0.844828 0.047542 0.047542
BinVal : 3 37 0.888889 0.0427667 0.0427667
BinVal : 3 38 0.886792 0.0435222 0.0435222
BinVal : 3 39 0.945455 0.0306209 0.0306209
BinVal : 3 40 0.941176 0.0329478 0.0329478
BinVal : 3 41 1 0.0157046 0.0157046
BinVal : 3 42 0.980392 0.0194147 0.0194147
BinVal : 3 43 1 0.0115867 0.0115867
BinVal : 3 44 1 0.0148902 0.0148902
BinVal : 3 45 1 0.0201001 0.0201001
BinVal : 3 46 1 0.0131822 0.0131822
BinVal : 3 47 1 0.0161462 0.0161462
BinVal : 3 48 1 0.018786 0.018786
BinVal : 3 49 1 0.0266185 0.0266185
BinVal : 3 50 1 0.0233703 0.0233703
BinVal : 3 51 1 0.0233703 0.0233703
BinVal : 3 52 1 0.0208287 0.0208287
BinVal : 3 53 1 0.0346427 0.0346427
BinVal : 3 54 1 0.0309157 0.0309157
BinVal : 3 55 1 0.0309157 0.0309157
BinVal : 3 56 1 0.0368657 0.0368657
BinVal : 3 57 1 0.0266185 0.0266185
BinVal : 3 58 1 0.0368657 0.0368657
BinVal : 3 59 1 0.0495858 0.0495858
BinVal : 3 60 1 0.0126033 0.0126033
BinVal : 3 61 1 0.0131822 0.0131822
BinVal : 3 62 1 0.0171075 0.0171075
BinVal : 3 63 1 0.0243611 0.0243611
BinVal : 3 64 1 0.0309157 0.0309157
BinVal : 3 65 1 0.0495858 0.0495858
BinVal : 3 66 1 0.039392 0.039392
BinVal : 3 67 1 0.0599198 0.0599198
BinVal : 3 68 1 0.102643 0.102643
BinVal : 3 69 1 0.0599198 0.0599198
BinVal : 3 70 1 0.0668855 0.0668855
BinVal : 3 71 1 0.0495858 0.0495858
BinVal : 3 72 1 0.0293374 0.0293374
BinVal : 4 0 0 0 0
BinVal : 4 1 0 0 0
BinVal : 4 2 0 0 0
BinVal : 4 3 0 0 0
BinVal : 4 4 0 0 0
BinVal : 4 5 0 0 0
BinVal : 4 6 0 0 0
BinVal : 4 7 0 0 0
BinVal : 4 8 0 0 0
BinVal : 4 9 0 0 0
BinVal : 4 10 0 0 0
BinVal : 4 11 0 0 0
BinVal : 4 12 0 0 0
BinVal : 4 13 0 0 0
BinVal : 4 14 0 0 0
BinVal : 4 15 0 0 0
BinVal : 4 16 0 0 0
BinVal : 4 17 0 0 0
BinVal : 4 18 0 0 0
BinVal : 4 19 0 0 0
BinVal : 4 20 0 0 0
BinVal : 4 21 0.0384615 0.0377146 0.0377146
BinVal : 4 22 0.03125 0.0307578 0.0307578
BinVal : 4 23 0 0 0
BinVal : 4 24 0 0 0
BinVal : 4 25 0.0294118 0.028976 0.028976
BinVal : 4 26 0.0882353 0.0486433 0.0486433
BinVal : 4 27 0 0 0
BinVal : 4 28 0.0689655 0.0470544 0.0470544
BinVal : 4 29 0.142857 0.06613 0.06613
BinVal : 4 30 0.0526316 0.0512278 0.0512278
BinVal : 4 31 0.1 0.0547723 0.0547723
BinVal : 4 32 0.0882353 0.0486433 0.0486433
BinVal : 4 33 0.266667 0.11418 0.11418
BinVal : 4 34 0.388889 0.114904 0.114904
BinVal : 4 35 0.304348 0.0959439 0.0959439
BinVal : 4 36 0.421053 0.113269 0.113269
BinVal : 4 37 0.722222 0.105572 0.105572
BinVal : 4 38 0.583333 0.100635 0.100635
BinVal : 4 39 0.571429 0.187044 0.187044
BinVal : 4 40 0.625 0.121031 0.121031
BinVal : 4 41 0.6 0.154919 0.154919
BinVal : 4 42 0.611111 0.114904 0.114904
BinVal : 4 43 0.6 0.154919 0.154919
BinVal : 4 44 0.583333 0.142319 0.142319
BinVal : 4 45 0.625 0.171163 0.171163
BinVal : 4 46 0.857143 0.093522 0.093522
BinVal : 4 47 0.8 0.126491 0.126491
BinVal : 4 48 1 0.0495858 0.0495858
BinVal : 4 49 0.5 0.204124 0.204124
BinVal : 4 50 0.833333 0.152145 0.152145
BinVal : 4 51 0.888889 0.104757 0.104757
BinVal : 4 52 0.909091 0.0866784 0.0866784
BinVal : 4 53 0.666667 0.272166 0.272166
BinVal : 4 54 0.833333 0.152145 0.152145
BinVal : 4 55 0.857143 0.13226 0.13226
BinVal : 4 56 1 0.0871301 0.0871301
BinVal : 4 57 0 0 0
BinVal : 4 58 1 0.159077 0.159077
BinVal : 4 59 1 0.124824 0.124824
BinVal : 4 60 0.916667 0.0564169 0.0564169
BinVal : 4 61 1 0.0368657 0.0368657
BinVal : 4 62 1 0.0422902 0.0422902
BinVal : 4 63 1 0.0542655 0.0542655
BinVal : 4 64 1 0.0668855 0.0668855
BinVal : 4 65 1 0.0871301 0.0871301
BinVal : 4 66 1 0.102643 0.102643
BinVal : 4 67 1 0.124824 0.124824
BinVal : 4 68 1 0.102643 0.102643
BinVal : 4 69 1 0.218486 0.218486
BinVal : 4 70 0 0 0
BinVal : 4 71 1 0.159077 0.159077
BinVal : 4 72 1 0.0599198 0.0599198
BinVal : 5 0 0 0 0
BinVal : 5 1 0 0 0
BinVal : 5 2 0 0 0
BinVal : 5 3 0 0 0
BinVal : 5 4 0 0 0
BinVal : 5 5 0 0 0
BinVal : 5 6 0 0 0
BinVal : 5 7 0 0 0
BinVal : 5 8 0 0 0
BinVal : 5 9 0 0 0
BinVal : 5 10 0 0 0
BinVal : 5 11 0 0 0
BinVal : 5 12 0 0 0
BinVal : 5 13 0 0 0
BinVal : 5 14 0 0 0
BinVal : 5 15 0 0 0
BinVal : 5 16 0 0 0
BinVal : 5 17 0 0 0
BinVal : 5 18 0.0227273 0.0224675 0.0224675
BinVal : 5 19 0 0 0
BinVal : 5 20 0 0 0
BinVal : 5 21 0.0208333 0.0206152 0.0206152
BinVal : 5 22 0 0 0
BinVal : 5 23 0.0545455 0.0306209 0.0306209
BinVal : 5 24 0 0 0
BinVal : 5 25 0.0857143 0.0473188 0.0473188
BinVal : 5 26 0.108108 0.0510487 0.0510487
BinVal : 5 27 0.121951 0.0511047 0.0511047
BinVal : 5 28 0.121212 0.0568144 0.0568144
BinVal : 5 29 0.205128 0.064659 0.064659
BinVal : 5 30 0.0952381 0.0640564 0.0640564
BinVal : 5 31 0.4 0.0894427 0.0894427
BinVal : 5 32 0.352941 0.115904 0.115904
BinVal : 5 33 0.5 0.117851 0.117851
BinVal : 5 34 0.55 0.111243 0.111243
BinVal : 5 35 0.666667 0.102869 0.102869
BinVal : 5 36 0.7 0.10247 0.10247
BinVal : 5 37 0.588235 0.119365 0.119365
BinVal : 5 38 0.714286 0.0985808 0.0985808
BinVal : 5 39 0.882353 0.0781425 0.0781425
BinVal : 5 40 0.727273 0.134282 0.134282
BinVal : 5 41 0.846154 0.100068 0.100068
BinVal : 5 42 0.875 0.116927 0.116927
BinVal : 5 43 0.928571 0.0688303 0.0688303
BinVal : 5 44 1 0.0456491 0.0456491
BinVal : 5 45 1 0.0495858 0.0495858
BinVal : 5 46 1 0.0368657 0.0368657
BinVal : 5 47 1 0.0456491 0.0456491
BinVal : 5 48 1 0.0871301 0.0871301
BinVal : 5 49 0.8 0.178885 0.178885
BinVal : 5 50 1 0.0756803 0.0756803
BinVal : 5 51 0 0 0
BinVal : 5 52 1 0.0871301 0.0871301
BinVal : 5 53 0.8 0.178885 0.178885
BinVal : 5 54 1 0.102643 0.102643
BinVal : 5 55 1 0.124824 0.124824
BinVal : 5 56 1 0.159077 0.159077
BinVal : 5 57 0.857143 0.13226 0.13226
BinVal : 5 58 1 0.102643 0.102643
BinVal : 5 59 1 0.159077 0.159077
BinVal : 5 60 1 0.0326734 0.0326734
BinVal : 5 61 1 0.0599198 0.0599198
BinVal : 5 62 1 0.0422902 0.0422902
BinVal : 5 63 1 0.0756803 0.0756803
BinVal : 5 64 1 0.0871301 0.0871301
BinVal : 5 65 1 0.124824 0.124824
BinVal : 5 66 1 0.124824 0.124824
BinVal : 5 67 1 0.102643 0.102643
BinVal : 5 68 1 0.218486 0.218486
BinVal : 5 69 1 0.218486 0.218486
BinVal : 5 70 0 0 0
BinVal : 5 71 0 0 0
BinVal : 5 72 1 0.124824 0.124824
BinVal : 6 0 0 0 0
BinVal : 6 1 0 0 0
BinVal : 6 2 0 0 0
BinVal : 6 3 0 0 0
BinVal : 6 4 0 0 0
BinVal : 6 5 0 0 0
BinVal : 6 6 0 0 0
BinVal : 6 7 0 0 0
BinVal : 6 8 0 0 0
BinVal : 6 9 0 0 0
BinVal : 6 10 0 0 0
BinVal : 6 11 0 0 0
BinVal : 6 12 0 0 0
BinVal : 6 13 0 0 0
BinVal : 6 14 0 0 0
BinVal : 6 15 0 0 0
BinVal : 6 16 0 0 0
BinVal : 6 17 0 0 0
BinVal : 6 18 0 0 0
BinVal : 6 19 0 0 0
BinVal : 6 20 0 0 0
BinVal : 6 21 0 0 0
BinVal : 6 22 0 0 0
BinVal : 6 23 0 0 0
BinVal : 6 24 0 0 0
BinVal : 6 25 0 0 0
BinVal : 6 26 0 0 0
BinVal : 6 27 0 0 0
BinVal : 6 28 0 0 0
BinVal : 6 29 0 0 0
BinVal : 6 30 0 0 0
BinVal : 6 31 0 0 0
BinVal : 6 32 0 0 0
BinVal : 6 33 0 0 0
BinVal : 6 34 0 0 0
BinVal : 6 35 0 0 0
BinVal : 6 36 0 0 0
BinVal : 6 37 0 0 0
BinVal : 6 38 0 0 0
BinVal : 6 39 0 0 0
BinVal : 6 40 0 0 0
BinVal : 6 41 0 0 0
BinVal : 6 42 0 0 0
BinVal : 6 43 0 0 0
BinVal : 6 44 0 0 0
BinVal : 6 45 0 0 0
BinVal : 6 46 0 0 0
BinVal : 6 47 0 0 0
BinVal : 6 48 0 0 0
BinVal : 6 49 0 0 0
BinVal : 6 50 0 0 0
BinVal : 6 51 0 0 0
BinVal : 6 52 0 0 0
BinVal : 6 53 0 0 0
BinVal : 6 54 0 0 0
BinVal : 6 55 0 0 0
BinVal : 6 56 0 0 0
BinVal : 6 57 0 0 0
BinVal : 6 58 0 0 0
BinVal : 6 59 0 0 0
BinVal : 6 60 0 0 0
BinVal : 6 61 0 0 0
BinVal : 6 62 0 0 0
BinVal : 6 63 0 0 0
BinVal : 6 64 0 0 0
BinVal : 6 65 0 0 0
BinVal : 6 66 0 0 0
BinVal : 6 67 0 0 0
BinVal : 6 68 0 0 0
BinVal : 6 69 0 0 0
BinVal : 6 70 0 0 0
BinVal : 6 71 0 0 0
BinVal : 6 72 0 0 0


EffMethod : Ratio
EffName : TrigEff
EffType : Binned
EffVarNames : deteta pt
EffVersion : 1
ObjQuality : SCJET_9_20
ObjRelativeTo : goodJet_CJT(1,5)_ncu_JET(0,5)_8
ObjType : Jet
TriggerVersion : v11
BinEdgesX : -5 -3.2 -1.5 -0.8 0.8 1.5 3.2 5
BinEdgesY : 0 1 2 3 4 5 6 7 8 9 10 11 12 13 14 15 16 17 18 19 20 21 22 23 24 25 26 27 28 29 30 31 32 33 34 35 36 37 38 39 40 41 42 43 44 45 46 47 48 49 50 51 52 53 54 55 56 57 58 59 60 65 70 75 80 85 90 95 100 105 110 115 120 2000
BinVal : 0 0 0 0 0
BinVal : 0 1 0 0 0
BinVal : 0 2 0 0 0
BinVal : 0 3 0 0 0
BinVal : 0 4 0 0 0
BinVal : 0 5 0 0 0
BinVal : 0 6 0 0 0
BinVal : 0 7 0 0 0
BinVal : 0 8 0 0 0
BinVal : 0 9 0 0 0
BinVal : 0 10 0 0 0
BinVal : 0 11 0 0 0
BinVal : 0 12 0 0 0
BinVal : 0 13 0 0 0
BinVal : 0 14 0 0 0
BinVal : 0 15 0 0 0
BinVal : 0 16 0 0 0
BinVal : 0 17 0 0 0
BinVal : 0 18 0 0 0
BinVal : 0 19 0 0 0
BinVal : 0 20 0 0 0
BinVal : 0 21 0 0 0
BinVal : 0 22 0 0 0
BinVal : 0 23 0 0 0
BinVal : 0 24 0 0 0
BinVal : 0 25 0 0 0
BinVal : 0 26 0 0 0
BinVal : 0 27 0 0 0
BinVal : 0 28 0 0 0
BinVal : 0 29 0 0 0
BinVal : 0 30 0 0 0
BinVal : 0 31 0 0 0
BinVal : 0 32 0 0 0
BinVal : 0 33 0 0 0
BinVal : 0 34 0 0 0
BinVal : 0 35 0 0 0
BinVal : 0 36 0 0 0
BinVal : 0 37 0 0 0
BinVal : 0 38 0 0 0
BinVal : 0 39 0 0 0
BinVal : 0 40 0 0 0
BinVal : 0 41 0 0 0
BinVal : 0 42 0 0 0
BinVal : 0 43 0 0 0
BinVal : 0 44 0 0 0
BinVal : 0 45 0 0 0
BinVal : 0 46 0 0 0
BinVal : 0 47 0 0 0
BinVal : 0 48 0 0 0
BinVal : 0 49 0 0 0
BinVal : 0 50 0 0 0
BinVal : 0 51 0 0 0
BinVal : 0 52 0 0 0
BinVal : 0 53 0 0 0
BinVal : 0 54 0 0 0
BinVal : 0 55 0 0 0
BinVal : 0 56 0 0 0
BinVal : 0 57 0 0 0
BinVal : 0 58 0 0 0
BinVal : 0 59 0 0 0
BinVal : 0 60 0 0 0
BinVal : 0 61 0 0 0
BinVal : 0 62 0 0 0
BinVal : 0 63 0 0 0
BinVal : 0 64 0 0 0
BinVal : 0 65 0 0 0
BinVal : 0 66 0 0 0
BinVal : 0 67 0 0 0
BinVal : 0 68 0 0 0
BinVal : 0 69 0 0 0
BinVal : 0 70 0 0 0
BinVal : 0 71 0 0 0
BinVal : 0 72 0 0 0
BinVal : 1 0 0 0 0
BinVal : 1 1 0 0 0
BinVal : 1 2 0 0 0
BinVal : 1 3 0 0 0
BinVal : 1 4 0 0 0
BinVal : 1 5 0 0 0
BinVal : 1 6 0 0 0
BinVal : 1 7 0 0 0
BinVal : 1 8 0 0 0
BinVal : 1 9 0 0 0
BinVal : 1 10 0 0 0
BinVal : 1 11 0 0 0
BinVal : 1 12 0 0 0
BinVal : 1 13 0 0 0
BinVal : 1 14 0 0 0
BinVal : 1 15 0 0 0
BinVal : 1 16 0 0 0
BinVal : 1 17 0.00477327 0.00336715 0.00336715
BinVal : 1 18 0.00408998 0.00288613 0.00288613
BinVal : 1 19 0.00204082 0.00203873 0.00203873
BinVal : 1 20 0.00817996 0.00407322 0.00407322
BinVal : 1 21 0.0134615 0.00505362 0.00505362
BinVal : 1 22 0.0186335 0.00615304 0.00615304
BinVal : 1 23 0.0335306 0.00799485 0.00799485
BinVal : 1 24 0.0469799 0.0100081 0.0100081
BinVal : 1 25 0.0847059 0.0135065 0.0135065
BinVal : 1 26 0.140777 0.0171344 0.0171344
BinVal : 1 27 0.174731 0.0196884 0.0196884
BinVal : 1 28 0.206186 0.0205387 0.0205387
BinVal : 1 29 0.281977 0.0242603 0.0242603
BinVal : 1 30 0.356322 0.0256724 0.0256724
BinVal : 1 31 0.458472 0.0287199 0.0287199
BinVal : 1 32 0.534091 0.0307013 0.0307013
BinVal : 1 33 0.583333 0.0326502 0.0326502
BinVal : 1 34 0.669528 0.0308158 0.0308158
BinVal : 1 35 0.633929 0.0321869 0.0321869
BinVal : 1 36 0.729469 0.0308764 0.0308764
BinVal : 1 37 0.782222 0.0275157 0.0275157
BinVal : 1 38 0.803279 0.0293855 0.0293855
BinVal : 1 39 0.845638 0.0295985 0.0295985
BinVal : 1 40 0.808 0.0352291 0.0352291
BinVal : 1 41 0.898438 0.0266997 0.0266997
BinVal : 1 42 0.890756 0.0285959 0.0285959
BinVal : 1 43 0.910112 0.0303181 0.0303181
BinVal : 1 44 0.907407 0.0278919 0.0278919
BinVal : 1 45 0.955357 0.0195142 0.0195142
BinVal : 1 46 0.978495 0.0150422 0.0150422
BinVal : 1 47 0.977273 0.0158869 0.0158869
BinVal : 1 48 0.977012 0.0160674 0.0160674
BinVal : 1 49 0.975904 0.0168322 0.0168322
BinVal : 1 50 0.935065 0.0280812 0.0280812
BinVal : 1 51 0.984375 0.0155024 0.0155024
BinVal : 1 52 1 0.0113578 0.0113578
BinVal : 1 53 0.979167 0.0206152 0.0206152
BinVal : 1 54 1 0.0103354 0.0103354
BinVal : 1 55 1 0.0109258 0.0109258
BinVal : 1 56 1 0.0105252 0.0105252
BinVal : 1 57 1 0.0148902 0.0148902
BinVal : 1 58 1 0.0134912 0.0134912
BinVal : 1 59 0.978723 0.021049 0.021049
BinVal : 1 60 0.992754 0.00722007 0.00722007
BinVal : 1 61 0.989691 0.010256 0.010256
BinVal : 1 62 1 0.00813913 0.00813913
BinVal : 1 63 0.977778 0.0219739 0.0219739
BinVal : 1 64 1 0.0161462 0.0161462
BinVal : 1 65 1 0.0201001 0.0201001
BinVal : 1 66 1 0.0233703 0.0233703
BinVal : 1 67 1 0.0326734 0.0326734
BinVal : 1 68 1 0.0456491 0.0456491
BinVal : 1 69 1 0.0542655 0.0542655
BinVal : 1 70 1 0.0871301 0.0871301
BinVal : 1 71 1 0.0456491 0.0456491
BinVal : 1 72 1 0.0293374 0.0293374
BinVal : 2 0 0 0 0
BinVal : 2 1 0 0 0
BinVal : 2 2 0 0 0
BinVal : 2 3 0 0 0
BinVal : 2 4 0 0 0
BinVal : 2 5 0 0 0
BinVal : 2 6 0 0 0
BinVal : 2 7 0 0 0
BinVal : 2 8 0 0 0
BinVal : 2 9 0 0 0
BinVal : 2 10 0 0 0
BinVal : 2 11 0 0 0
BinVal : 2 12 0 0 0
BinVal : 2 13 0 0 0
BinVal : 2 14 0 0 0
BinVal : 2 15 0 0 0
BinVal : 2 16 0 0 0
BinVal : 2 17 0 0 0
BinVal : 2 18 0 0 0
BinVal : 2 19 0.00518135 0.00516791 0.00516791
BinVal : 2 20 0.00578035 0.00576362 0.00576362
BinVal : 2 21 0 0 0
BinVal : 2 22 0 0 0
BinVal : 2 23 0 0 0
BinVal : 2 24 0.0120482 0.00846788 0.00846788
BinVal : 2 25 0.00534759 0.00533328 0.00533328
BinVal : 2 26 0.0273224 0.0120509 0.0120509
BinVal : 2 27 0.0144928 0.00830654 0.00830654
BinVal : 2 28 0.0597015 0.016712 0.016712
BinVal : 2 29 0.0883978 0.0211001 0.0211001
BinVal : 2 30 0.121053 0.0236642 0.0236642
BinVal : 2 31 0.09375 0.0210358 0.0210358
BinVal : 2 32 0.154321 0.028383 0.028383
BinVal : 2 33 0.184971 0.0295199 0.0295199
BinVal : 2 34 0.242857 0.036241 0.036241
BinVal : 2 35 0.315068 0.0384459 0.0384459
BinVal : 2 36 0.359375 0.0424103 0.0424103
BinVal : 2 37 0.409449 0.0436342 0.0436342
BinVal : 2 38 0.462963 0.0479803 0.0479803
BinVal : 2 39 0.481818 0.0476416 0.0476416
BinVal : 2 40 0.53913 0.0464822 0.0464822
BinVal : 2 41 0.561905 0.0484196 0.0484196
BinVal : 2 42 0.692308 0.0522589 0.0522589
BinVal : 2 43 0.7 0.0512348 0.0512348
BinVal : 2 44 0.685714 0.0554862 0.0554862
BinVal : 2 45 0.753425 0.0504468 0.0504468
BinVal : 2 46 0.746032 0.0548401 0.0548401
BinVal : 2 47 0.754098 0.0551353 0.0551353
BinVal : 2 48 0.803922 0.0555951 0.0555951
BinVal : 2 49 0.867925 0.0465066 0.0465066
BinVal : 2 50 0.835821 0.0452562 0.0452562
BinVal : 2 51 0.933333 0.0322031 0.0322031
BinVal : 2 52 0.933333 0.0371849 0.0371849
BinVal : 2 53 0.924528 0.0362839 0.0362839
BinVal : 2 54 0.808511 0.057394 0.057394
BinVal : 2 55 0.8 0.0676123 0.0676123
BinVal : 2 56 0.878788 0.0568144 0.0568144
BinVal : 2 57 0.868421 0.0548361 0.0548361
BinVal : 2 58 0.969697 0.0298404 0.0298404
BinVal : 2 59 0.941176 0.0403526 0.0403526
BinVal : 2 60 0.888112 0.0263608 0.0263608
BinVal : 2 61 0.942857 0.0226521 0.0226521
BinVal : 2 62 1 0.00641298 0.00641298
BinVal : 2 63 0.987342 0.0125779 0.0125779
BinVal : 2 64 0.971014 0.0201966 0.0201966
BinVal : 2 65 0.976744 0.0229838 0.0229838
BinVal : 2 66 1 0.017632 0.017632
BinVal : 2 67 1 0.0145144 0.0145144
BinVal : 2 68 1 0.0171075 0.0171075
BinVal : 2 69 1 0.0216126 0.0216126
BinVal : 2 70 1 0.0309157 0.0309157
BinVal : 2 71 1 0.0346427 0.0346427
BinVal : 2 72 1 0.0101533 0.0101533
BinVal : 3 0 0 0 0
BinVal : 3 1 0 0 0
BinVal : 3 2 0 0 0
BinVal : 3 3 0 0 0
BinVal : 3 4 0 0 0
BinVal : 3 5 0 0 0
BinVal : 3 6 0 0 0
BinVal : 3 7 0 0 0
BinVal : 3 8 0 0 0
BinVal : 3 9 0 0 0
BinVal : 3 10 0 0 0
BinVal : 3 11 0 0 0
BinVal : 3 12 0 0 0
BinVal : 3 13 0 0 0
BinVal : 3 14 0 0 0
BinVal : 3 15 0 0 0
BinVal : 3 16 0.00392927 0.00277295 0.00277295
BinVal : 3 17 0.00369004 0.00212651 0.00212651
BinVal : 3 18 0.00220751 0.00155922 0.00155922
BinVal : 3 19 0.00441989 0.00220506 0.00220506
BinVal : 3 20 0.0061287 0.00249435 0.00249435
BinVal : 3 21 0.0081716 0.00287727 0.00287727
BinVal : 3 22 0.0173116 0.00416218 0.00416218
BinVal : 3 23 0.0258449 0.00500268 0.00500268
BinVal : 3 24 0.0269978 0.00532618 0.00532618
BinVal : 3 25 0.0338219 0.00606968 0.00606968
BinVal : 3 26 0.0782313 0.00904205 0.00904205
BinVal : 3 27 0.114713 0.0112528 0.0112528
BinVal : 3 28 0.171875 0.0130795 0.0130795
BinVal : 3 29 0.230028 0.0156192 0.0156192
BinVal : 3 30 0.355021 0.0179966 0.0179966
BinVal : 3 31 0.398507 0.0189145 0.0189145
BinVal : 3 32 0.498316 0.0205151 0.0205151
BinVal : 3 33 0.637255 0.0194349 0.0194349
BinVal : 3 34 0.696629 0.0198938 0.0198938
BinVal : 3 35 0.782435 0.0184332 0.0184332
BinVal : 3 36 0.825364 0.0173108 0.0173108
BinVal : 3 37 0.882904 0.0155602 0.0155602
BinVal : 3 38 0.912145 0.01439 0.01439
BinVal : 3 39 0.939547 0.0119612 0.0119612
BinVal : 3 40 0.935691 0.0139098 0.0139098
BinVal : 3 41 0.965517 0.0102161 0.0102161
BinVal : 3 42 0.970968 0.00953591 0.00953591
BinVal : 3 43 0.974545 0.00949768 0.00949768
BinVal : 3 44 0.991416 0.00604348 0.00604348
BinVal : 3 45 0.986784 0.00757959 0.00757959
BinVal : 3 46 0.984925 0.00863792 0.00863792
BinVal : 3 47 1 0.00283575 0.00283575
BinVal : 3 48 0.983607 0.00938686 0.00938686
BinVal : 3 49 0.989474 0.00740395 0.00740395
BinVal : 3 50 1 0.00369215 0.00369215
BinVal : 3 51 0.977612 0.0127802 0.0127802
BinVal : 3 52 0.970588 0.014488 0.014488
BinVal : 3 53 1 0.00439882 0.00439882
BinVal : 3 54 1 0.0048852 0.0048852
BinVal : 3 55 0.982906 0.0119835 0.0119835
BinVal : 3 56 1 0.0057683 0.0057683
BinVal : 3 57 0.99 0.00994987 0.00994987
BinVal : 3 58 1 0.00588655 0.00588655
BinVal : 3 59 1 0.00613832 0.00613832
BinVal : 3 60 0.997642 0.00235571 0.00235571
BinVal : 3 61 0.99322 0.00477767 0.00477767
BinVal : 3 62 1 0.00264025 0.00264025
BinVal : 3 63 1 0.00327158 0.00327158
BinVal : 3 64 0.992126 0.00784295 0.00784295
BinVal : 3 65 0.986842 0.013071 0.013071
BinVal : 3 66 1 0.00731039 0.00731039
BinVal : 3 67 1 0.00997686 0.00997686
BinVal : 3 68 1 0.0105252 0.0105252
BinVal : 3 69 1 0.0115867 0.0115867
BinVal : 3 70 1 0.0126033 0.0126033
BinVal : 3 71 1 0.0157046 0.0157046
BinVal : 3 72 1 0.00374079 0.00374079
BinVal : 4 0 0 0 0
BinVal : 4 1 0 0 0
BinVal : 4 2 0 0 0
BinVal : 4 3 0 0 0
BinVal : 4 4 0 0 0
BinVal : 4 5 0 0 0
BinVal : 4 6 0 0 0
BinVal : 4 7 0 0 0
BinVal : 4 8 0 0 0
BinVal : 4 9 0 0 0
BinVal : 4 10 0 0 0
BinVal : 4 11 0 0 0
BinVal : 4 12 0 0 0
BinVal : 4 13 0 0 0
BinVal : 4 14 0 0 0
BinVal : 4 15 0 0 0
BinVal : 4 16 0 0 0
BinVal : 4 17 0.00854701 0.0085104 0.0085104
BinVal : 4 18 0.00507614 0.00506324 0.00506324
BinVal : 4 19 0 0 0
BinVal : 4 20 0 0 0
BinVal : 4 21 0.00515464 0.00514134 0.00514134
BinVal : 4 22 0 0 0
BinVal : 4 23 0.00471698 0.00470584 0.00470584
BinVal : 4 24 0.0152284 0.00872493 0.00872493
BinVal : 4 25 0.0151515 0.00868121 0.00868121
BinVal : 4 26 0.00917431 0.00645739 0.00645739
BinVal : 4 27 0.0288462 0.0116053 0.0116053
BinVal : 4 28 0.039604 0.013722 0.013722
BinVal : 4 29 0.0618557 0.0172951 0.0172951
BinVal : 4 30 0.0903955 0.0215533 0.0215533
BinVal : 4 31 0.168675 0.0290641 0.0290641
BinVal : 4 32 0.207101 0.0311714 0.0311714
BinVal : 4 33 0.191176 0.033719 0.033719
BinVal : 4 34 0.253333 0.0355111 0.0355111
BinVal : 4 35 0.294872 0.036508 0.036508
BinVal : 4 36 0.286667 0.0369223 0.0369223
BinVal : 4 37 0.419643 0.0466314 0.0466314
BinVal : 4 38 0.504348 0.0466235 0.0466235
BinVal : 4 39 0.508772 0.0468221 0.0468221
BinVal : 4 40 0.52381 0.0487396 0.0487396
BinVal : 4 41 0.581818 0.0470305 0.0470305
BinVal : 4 42 0.547368 0.0510682 0.0510682
BinVal : 4 43 0.712766 0.0466689 0.0466689
BinVal : 4 44 0.693333 0.0532444 0.0532444
BinVal : 4 45 0.727273 0.0474757 0.0474757
BinVal : 4 46 0.75 0.0578638 0.0578638
BinVal : 4 47 0.808219 0.0460793 0.0460793
BinVal : 4 48 0.890625 0.0390136 0.0390136
BinVal : 4 49 0.803279 0.0508972 0.0508972
BinVal : 4 50 0.862069 0.0452781 0.0452781
BinVal : 4 51 0.883333 0.0414438 0.0414438
BinVal : 4 52 0.789474 0.0539989 0.0539989
BinVal : 4 53 0.829787 0.0548189 0.0548189
BinVal : 4 54 0.846154 0.0577744 0.0577744
BinVal : 4 55 1 0.0126033 0.0126033
BinVal : 4 56 0.967742 0.0317335 0.0317335
BinVal : 4 57 0.904762 0.0452948 0.0452948
BinVal : 4 58 0.904762 0.0452948 0.0452948
BinVal : 4 59 0.964286 0.0350707 0.0350707
BinVal : 4 60 0.958904 0.016429 0.016429
BinVal : 4 61 0.957627 0.0185439 0.0185439
BinVal : 4 62 0.963855 0.0204875 0.0204875
BinVal : 4 63 0.983871 0.0159984 0.0159984
BinVal : 4 64 1 0.0113578 0.0113578
BinVal : 4 65 1 0.0134912 0.0134912
BinVal : 4 66 1 0.0166125 0.0166125
BinVal : 4 67 1 0.0243611 0.0243611
BinVal : 4 68 1 0.0266185 0.0266185
BinVal : 4 69 1 0.0309157 0.0309157
BinVal : 4 70 1 0.0456491 0.0456491
BinVal : 4 71 1 0.0456491 0.0456491
BinVal : 4 72 1 0.0101533 0.0101533
BinVal : 5 0 0 0 0
BinVal : 5 1 0 0 0
BinVal : 5 2 0 0 0
BinVal : 5 3 0 0 0
BinVal : 5 4 0 0 0
BinVal : 5 5 0 0 0
BinVal : 5 6 0 0 0
BinVal : 5 7 0 0 0
BinVal : 5 8 0 0 0
BinVal : 5 9 0 0 0
BinVal : 5 10 0 0 0
BinVal : 5 11 0 0 0
BinVal : 5 12 0 0 0
BinVal : 5 13 0 0 0
BinVal : 5 14 0 0 0
BinVal : 5 15 0 0 0
BinVal : 5 16 0.00362319 0.00361662 0.00361662
BinVal : 5 17 0.00251889 0.00251572 0.00251572
BinVal : 5 18 0 0 0
BinVal : 5 19 0 0 0
BinVal : 5 20 0 0 0
BinVal : 5 21 0.00221239 0.00220994 0.00220994
BinVal : 5 22 0.00894855 0.00445421 0.00445421
BinVal : 5 23 0.00900901 0.00448417 0.00448417
BinVal : 5 24 0.0273632 0.00813665 0.00813665
BinVal : 5 25 0.0432692 0.00997557 0.00997557
BinVal : 5 26 0.0609418 0.0125907 0.0125907
BinVal : 5 27 0.0612813 0.0126586 0.0126586
BinVal : 5 28 0.174731 0.0196884 0.0196884
BinVal : 5 29 0.168091 0.0199598 0.0199598
BinVal : 5 30 0.228956 0.0243802 0.0243802
BinVal : 5 31 0.302817 0.0272649 0.0272649
BinVal : 5 32 0.376271 0.0282057 0.0282057
BinVal : 5 33 0.442308 0.0308016 0.0308016
BinVal : 5 34 0.554545 0.0335088 0.0335088
BinVal : 5 35 0.485 0.0353394 0.0353394
BinVal : 5 36 0.570681 0.0358154 0.0358154
BinVal : 5 37 0.694737 0.0334095 0.0334095
BinVal : 5 38 0.731707 0.0309454 0.0309454
BinVal : 5 39 0.795699 0.0295633 0.0295633
BinVal : 5 40 0.805755 0.0335559 0.0335559
BinVal : 5 41 0.818792 0.031556 0.031556
BinVal : 5 42 0.839695 0.0320552 0.0320552
BinVal : 5 43 0.86087 0.0322724 0.0322724
BinVal : 5 44 0.93 0.0255147 0.0255147
BinVal : 5 45 0.914894 0.0287808 0.0287808
BinVal : 5 46 0.944444 0.0241452 0.0241452
BinVal : 5 47 0.93913 0.0222953 0.0222953
BinVal : 5 48 0.986667 0.0132441 0.0132441
BinVal : 5 49 0.986667 0.0132441 0.0132441
BinVal : 5 50 0.940298 0.028946 0.028946
BinVal : 5 51 0.957143 0.0242076 0.0242076
BinVal : 5 52 0.942308 0.0323336 0.0323336
BinVal : 5 53 1 0.0103354 0.0103354
BinVal : 5 54 0.981132 0.0186891 0.0186891
BinVal : 5 55 0.972973 0.0266593 0.0266593
BinVal : 5 56 0.974359 0.0253102 0.0253102
BinVal : 5 57 1 0.0166125 0.0166125
BinVal : 5 58 1 0.0118251 0.0118251
BinVal : 5 59 0.975 0.0246855 0.0246855
BinVal : 5 60 0.986111 0.00975249 0.00975249
BinVal : 5 61 1 0.00464869 0.00464869
BinVal : 5 62 0.983333 0.0165272 0.0165272
BinVal : 5 63 1 0.0111375 0.0111375
BinVal : 5 64 1 0.0134912 0.0134912
BinVal : 5 65 1 0.018786 0.018786
BinVal : 5 66 1 0.0194201 0.0194201
BinVal : 5 67 1 0.0456491 0.0456491
BinVal : 5 68 1 0.0422902 0.0422902
BinVal : 5 69 1 0.0456491 0.0456491
BinVal : 5 70 1 0.0599198 0.0599198
BinVal : 5 71 1 0.0756803 0.0756803
BinVal : 5 72 1 0.0422902 0.0422902
BinVal : 6 0 0 0 0
BinVal : 6 1 0 0 0
BinVal : 6 2 0 0 0
BinVal : 6 3 0 0 0
BinVal : 6 4 0 0 0
BinVal : 6 5 0 0 0
BinVal : 6 6 0 0 0
BinVal : 6 7 0 0 0
BinVal : 6 8 0 0 0
BinVal : 6 9 0 0 0
BinVal : 6 10 0 0 0
BinVal : 6 11 0 0 0
BinVal : 6 12 0 0 0
BinVal : 6 13 0 0 0
BinVal : 6 14 0 0 0
BinVal : 6 15 0 0 0
BinVal : 6 16 0 0 0
BinVal : 6 17 0 0 0
BinVal : 6 18 0 0 0
BinVal : 6 19 0 0 0
BinVal : 6 20 0 0 0
BinVal : 6 21 0 0 0
BinVal : 6 22 0 0 0
BinVal : 6 23 0 0 0
BinVal : 6 24 0 0 0
BinVal : 6 25 0 0 0
BinVal : 6 26 0 0 0
BinVal : 6 27 0 0 0
BinVal : 6 28 0 0 0
BinVal : 6 29 0 0 0
BinVal : 6 30 0 0 0
BinVal : 6 31 0 0 0
BinVal : 6 32 0 0 0
BinVal : 6 33 0 0 0
BinVal : 6 34 0 0 0
BinVal : 6 35 0 0 0
BinVal : 6 36 0 0 0
BinVal : 6 37 0 0 0
BinVal : 6 38 0 0 0
BinVal : 6 39 0 0 0
BinVal : 6 40 0 0 0
BinVal : 6 41 0 0 0
BinVal : 6 42 0 0 0
BinVal : 6 43 0 0 0
BinVal : 6 44 0 0 0
BinVal : 6 45 0 0 0
BinVal : 6 46 0 0 0
BinVal : 6 47 0 0 0
BinVal : 6 48 0 0 0
BinVal : 6 49 0 0 0
BinVal : 6 50 0 0 0
BinVal : 6 51 0 0 0
BinVal : 6 52 0 0 0
BinVal : 6 53 0 0 0
BinVal : 6 54 0 0 0
BinVal : 6 55 0 0 0
BinVal : 6 56 0 0 0
BinVal : 6 57 0 0 0
BinVal : 6 58 0 0 0
BinVal : 6 59 0 0 0
BinVal : 6 60 0 0 0
BinVal : 6 61 0 0 0
BinVal : 6 62 0 0 0
BinVal : 6 63 0 0 0
BinVal : 6 64 0 0 0
BinVal : 6 65 0 0 0
BinVal : 6 66 0 0 0
BinVal : 6 67 0 0 0
BinVal : 6 68 0 0 0
BinVal : 6 69 0 0 0
BinVal : 6 70 0 0 0
BinVal : 6 71 0 0 0
BinVal : 6 72 0 0 0


