EffMethod : Ratio
EffName : TrigEff
EffType : Binned
EffVarNames : deteta pt
EffVersion : 1
ObjQuality : SC5JET_9_PV3_25
ObjRelativeTo : goodJet_CJT(2,5)_ncu_JET(0,5)_6
ObjType : Jet
TriggerVersion : v14
BinEdgesX : -5 -3.2 -1.5 -0.8 0.8 1.5 3.2 5
BinEdgesY : 0 1 2 3 4 5 6 7 8 9 10 11 12 13 14 15 16 17 18 19 20 21 22 23 24 25 26 27 28 29 30 31 32 33 34 35 36 37 38 39 40 41 42 43 44 45 46 47 48 49 50 51 52 53 54 55 56 57 58 59 60 65 70 75 80 85 90 95 100 105 110 115 120 2000
BinVal : 0 0 0 0 0
BinVal : 0 1 0 0 0
BinVal : 0 2 0 0 0
BinVal : 0 3 0 0 0
BinVal : 0 4 0 0 0
BinVal : 0 5 0 0 0
BinVal : 0 6 0 0 0
BinVal : 0 7 0 0 0
BinVal : 0 8 0 0 0
BinVal : 0 9 0 0 0
BinVal : 0 10 0 0 0
BinVal : 0 11 0 0 0
BinVal : 0 12 0 0 0
BinVal : 0 13 0 0 0
BinVal : 0 14 0 0 0
BinVal : 0 15 0 0 0
BinVal : 0 16 0 0 0
BinVal : 0 17 0 0 0
BinVal : 0 18 0 0 0
BinVal : 0 19 0 0 0
BinVal : 0 20 0 0 0
BinVal : 0 21 0 0 0
BinVal : 0 22 0 0 0
BinVal : 0 23 0 0 0
BinVal : 0 24 0 0 0
BinVal : 0 25 0 0 0
BinVal : 0 26 0 0 0
BinVal : 0 27 0 0 0
BinVal : 0 28 0 0 0
BinVal : 0 29 0 0 0
BinVal : 0 30 0 0 0
BinVal : 0 31 0 0 0
BinVal : 0 32 0 0 0
BinVal : 0 33 0 0 0
BinVal : 0 34 0 0 0
BinVal : 0 35 0 0 0
BinVal : 0 36 0 0 0
BinVal : 0 37 0 0 0
BinVal : 0 38 0 0 0
BinVal : 0 39 0 0 0
BinVal : 0 40 0 0 0
BinVal : 0 41 0 0 0
BinVal : 0 42 0 0 0
BinVal : 0 43 0 0 0
BinVal : 0 44 0 0 0
BinVal : 0 45 0 0 0
BinVal : 0 46 0 0 0
BinVal : 0 47 0 0 0
BinVal : 0 48 0 0 0
BinVal : 0 49 0 0 0
BinVal : 0 50 0 0 0
BinVal : 0 51 0 0 0
BinVal : 0 52 0 0 0
BinVal : 0 53 0 0 0
BinVal : 0 54 0 0 0
BinVal : 0 55 0 0 0
BinVal : 0 56 0 0 0
BinVal : 0 57 0 0 0
BinVal : 0 58 0 0 0
BinVal : 0 59 0 0 0
BinVal : 0 60 0 0 0
BinVal : 0 61 0 0 0
BinVal : 0 62 0 0 0
BinVal : 0 63 0 0 0
BinVal : 0 64 0 0 0
BinVal : 0 65 0 0 0
BinVal : 0 66 0 0 0
BinVal : 0 67 0 0 0
BinVal : 0 68 0 0 0
BinVal : 0 69 0 0 0
BinVal : 0 70 0 0 0
BinVal : 0 71 0 0 0
BinVal : 0 72 0 0 0
BinVal : 1 0 0 0 0
BinVal : 1 1 0 0 0
BinVal : 1 2 0 0 0
BinVal : 1 3 0 0 0
BinVal : 1 4 0 0 0
BinVal : 1 5 0 0 0
BinVal : 1 6 0 0 0
BinVal : 1 7 0 0 0
BinVal : 1 8 0 0 0
BinVal : 1 9 0 0 0
BinVal : 1 10 0 0 0
BinVal : 1 11 0 0 0
BinVal : 1 12 0 0 0
BinVal : 1 13 0 0 0
BinVal : 1 14 0 0 0
BinVal : 1 15 0 0 0
BinVal : 1 16 0 0 0
BinVal : 1 17 0 0 0
BinVal : 1 18 0 0 0
BinVal : 1 19 0 0 0
BinVal : 1 20 0 0 0
BinVal : 1 21 0 0 0
BinVal : 1 22 0 0 0
BinVal : 1 23 0.0120482 0.0119754 0.0119754
BinVal : 1 24 0 0 0
BinVal : 1 25 0 0 0
BinVal : 1 26 0.00806452 0.00803193 0.00803193
BinVal : 1 27 0 0 0
BinVal : 1 28 0.0060241 0.00600592 0.00600592
BinVal : 1 29 0.0284091 0.0125232 0.0125232
BinVal : 1 30 0.0549451 0.0168911 0.0168911
BinVal : 1 31 0.111111 0.0205445 0.0205445
BinVal : 1 32 0.230769 0.0301717 0.0301717
BinVal : 1 33 0.20202 0.0285339 0.0285339
BinVal : 1 34 0.485 0.0353394 0.0353394
BinVal : 1 35 0.582011 0.0358771 0.0358771
BinVal : 1 36 0.733333 0.0316678 0.0316678
BinVal : 1 37 0.773399 0.0293822 0.0293822
BinVal : 1 38 0.860215 0.025426 0.025426
BinVal : 1 39 0.854167 0.0254712 0.0254712
BinVal : 1 40 0.861878 0.0256457 0.0256457
BinVal : 1 41 0.929293 0.0182169 0.0182169
BinVal : 1 42 0.911602 0.0211001 0.0211001
BinVal : 1 43 0.939189 0.0196443 0.0196443
BinVal : 1 44 0.93865 0.018796 0.018796
BinVal : 1 45 0.963504 0.0160211 0.0160211
BinVal : 1 46 0.944 0.0205648 0.0205648
BinVal : 1 47 0.963504 0.0160211 0.0160211
BinVal : 1 48 0.9375 0.0201718 0.0201718
BinVal : 1 49 0.991228 0.00873337 0.00873337
BinVal : 1 50 0.957983 0.0183915 0.0183915
BinVal : 1 51 0.962617 0.0183389 0.0183389
BinVal : 1 52 0.971154 0.0164124 0.0164124
BinVal : 1 53 0.940594 0.023521 0.023521
BinVal : 1 54 0.956522 0.0212613 0.0212613
BinVal : 1 55 0.986667 0.0132441 0.0132441
BinVal : 1 56 0.985507 0.0143874 0.0143874
BinVal : 1 57 0.948052 0.0252904 0.0252904
BinVal : 1 58 0.983051 0.0168049 0.0168049
BinVal : 1 59 0.952381 0.0268303 0.0268303
BinVal : 1 60 0.984906 0.00748999 0.00748999
BinVal : 1 61 1 0.00296736 0.00296736
BinVal : 1 62 0.985507 0.0101734 0.0101734
BinVal : 1 63 1 0.00560045 0.00560045
BinVal : 1 64 1 0.0083766 0.0083766
BinVal : 1 65 0.983333 0.0165272 0.0165272
BinVal : 1 66 1 0.0141568 0.0141568
BinVal : 1 67 1 0.0152869 0.0152869
BinVal : 1 68 1 0.039392 0.039392
BinVal : 1 69 1 0.0254407 0.0254407
BinVal : 1 70 1 0.039392 0.039392
BinVal : 1 71 1 0.0599198 0.0599198
BinVal : 1 72 1 0.017632 0.017632
BinVal : 2 0 0 0 0
BinVal : 2 1 0 0 0
BinVal : 2 2 0 0 0
BinVal : 2 3 0 0 0
BinVal : 2 4 0 0 0
BinVal : 2 5 0 0 0
BinVal : 2 6 0 0 0
BinVal : 2 7 0 0 0
BinVal : 2 8 0 0 0
BinVal : 2 9 0 0 0
BinVal : 2 10 0 0 0
BinVal : 2 11 0 0 0
BinVal : 2 12 0 0 0
BinVal : 2 13 0 0 0
BinVal : 2 14 0 0 0
BinVal : 2 15 0 0 0
BinVal : 2 16 0 0 0
BinVal : 2 17 0 0 0
BinVal : 2 18 0 0 0
BinVal : 2 19 0 0 0
BinVal : 2 20 0 0 0
BinVal : 2 21 0 0 0
BinVal : 2 22 0 0 0
BinVal : 2 23 0 0 0
BinVal : 2 24 0 0 0
BinVal : 2 25 0 0 0
BinVal : 2 26 0 0 0
BinVal : 2 27 0 0 0
BinVal : 2 28 0 0 0
BinVal : 2 29 0 0 0
BinVal : 2 30 0.0163934 0.0162585 0.0162585
BinVal : 2 31 0.0266667 0.0186031 0.0186031
BinVal : 2 32 0.0819672 0.0351224 0.0351224
BinVal : 2 33 0.1625 0.0412453 0.0412453
BinVal : 2 34 0.181818 0.0474757 0.0474757
BinVal : 2 35 0.348485 0.0586519 0.0586519
BinVal : 2 36 0.358974 0.0543153 0.0543153
BinVal : 2 37 0.609195 0.0523117 0.0523117
BinVal : 2 38 0.727273 0.0474757 0.0474757
BinVal : 2 39 0.835052 0.037683 0.037683
BinVal : 2 40 0.910112 0.0303181 0.0303181
BinVal : 2 41 0.933333 0.0288033 0.0288033
BinVal : 2 42 0.892473 0.0321229 0.0321229
BinVal : 2 43 0.91954 0.0291619 0.0291619
BinVal : 2 44 0.935484 0.0254748 0.0254748
BinVal : 2 45 0.916667 0.0301561 0.0301561
BinVal : 2 46 0.962963 0.0209836 0.0209836
BinVal : 2 47 0.986667 0.0132441 0.0132441
BinVal : 2 48 0.958333 0.0235498 0.0235498
BinVal : 2 49 0.975 0.0174553 0.0174553
BinVal : 2 50 0.966667 0.0231741 0.0231741
BinVal : 2 51 0.953846 0.0260247 0.0260247
BinVal : 2 52 0.964286 0.0247988 0.0247988
BinVal : 2 53 0.980769 0.019045 0.019045
BinVal : 2 54 0.953125 0.0264214 0.0264214
BinVal : 2 55 0.984848 0.0150363 0.0150363
BinVal : 2 56 0.961538 0.0266683 0.0266683
BinVal : 2 57 0.964912 0.0243716 0.0243716
BinVal : 2 58 0.962963 0.0256996 0.0256996
BinVal : 2 59 0.983051 0.0168049 0.0168049
BinVal : 2 60 0.981735 0.00904863 0.00904863
BinVal : 2 61 0.97861 0.0105802 0.0105802
BinVal : 2 62 0.993378 0.00660055 0.00660055
BinVal : 2 63 0.992908 0.007067 0.007067
BinVal : 2 64 1 0.00627279 0.00627279
BinVal : 2 65 1 0.00813913 0.00813913
BinVal : 2 66 1 0.0134912 0.0134912
BinVal : 2 67 1 0.0131822 0.0131822
BinVal : 2 68 1 0.00932837 0.00932837
BinVal : 2 69 1 0.0161462 0.0161462
BinVal : 2 70 1 0.0216126 0.0216126
BinVal : 2 71 1 0.0216126 0.0216126
BinVal : 2 72 1 0.00620508 0.00620508
BinVal : 3 0 0 0 0
BinVal : 3 1 0 0 0
BinVal : 3 2 0 0 0
BinVal : 3 3 0 0 0
BinVal : 3 4 0 0 0
BinVal : 3 5 0 0 0
BinVal : 3 6 0 0 0
BinVal : 3 7 0 0 0
BinVal : 3 8 0 0 0
BinVal : 3 9 0 0 0
BinVal : 3 10 0 0 0
BinVal : 3 11 0 0 0
BinVal : 3 12 0 0 0
BinVal : 3 13 0 0 0
BinVal : 3 14 0 0 0
BinVal : 3 15 0 0 0
BinVal : 3 16 0 0 0
BinVal : 3 17 0 0 0
BinVal : 3 18 0 0 0
BinVal : 3 19 0 0 0
BinVal : 3 20 0 0 0
BinVal : 3 21 0 0 0
BinVal : 3 22 0 0 0
BinVal : 3 23 0 0 0
BinVal : 3 24 0 0 0
BinVal : 3 25 0 0 0
BinVal : 3 26 0.0060241 0.00424683 0.00424683
BinVal : 3 27 0.00252525 0.00252206 0.00252206
BinVal : 3 28 0.007109 0.00408977 0.00408977
BinVal : 3 29 0.0363248 0.00864856 0.00864856
BinVal : 3 30 0.0625 0.0114363 0.0114363
BinVal : 3 31 0.140288 0.0147282 0.0147282
BinVal : 3 32 0.275797 0.019358 0.019358
BinVal : 3 33 0.428829 0.0210077 0.0210077
BinVal : 3 34 0.631387 0.0206083 0.0206083
BinVal : 3 35 0.746689 0.0176961 0.0176961
BinVal : 3 36 0.841092 0.0146471 0.0146471
BinVal : 3 37 0.896875 0.0120215 0.0120215
BinVal : 3 38 0.893993 0.0129398 0.0129398
BinVal : 3 39 0.923351 0.0112319 0.0112319
BinVal : 3 40 0.911032 0.0120092 0.0120092
BinVal : 3 41 0.935728 0.0106625 0.0106625
BinVal : 3 42 0.931298 0.0110501 0.0110501
BinVal : 3 43 0.931864 0.0112802 0.0112802
BinVal : 3 44 0.917836 0.0122935 0.0122935
BinVal : 3 45 0.955056 0.00896559 0.00896559
BinVal : 3 46 0.950617 0.0107662 0.0107662
BinVal : 3 47 0.97032 0.00810877 0.00810877
BinVal : 3 48 0.961644 0.0100526 0.0100526
BinVal : 3 49 0.950649 0.0110389 0.0110389
BinVal : 3 50 0.956522 0.0106306 0.0106306
BinVal : 3 51 0.95 0.0121835 0.0121835
BinVal : 3 52 0.965838 0.0101226 0.0101226
BinVal : 3 53 0.974843 0.00878183 0.00878183
BinVal : 3 54 0.986063 0.00691991 0.00691991
BinVal : 3 55 0.975779 0.0090433 0.0090433
BinVal : 3 56 0.985663 0.00711689 0.00711689
BinVal : 3 57 0.992157 0.00552414 0.00552414
BinVal : 3 58 0.986607 0.00768042 0.00768042
BinVal : 3 59 0.995726 0.00426436 0.00426436
BinVal : 3 60 0.987764 0.0036666 0.0036666
BinVal : 3 61 0.997147 0.00201454 0.00201454
BinVal : 3 62 0.992634 0.00366965 0.00366965
BinVal : 3 63 1 0.00134993 0.00134993
BinVal : 3 64 1 0.00189829 0.00189829
BinVal : 3 65 1 0.00203276 0.00203276
BinVal : 3 66 1 0.00278044 0.00278044
BinVal : 3 67 1 0.00357771 0.00357771
BinVal : 3 68 1 0.00417566 0.00417566
BinVal : 3 69 1 0.0057683 0.0057683
BinVal : 3 70 1 0.00679159 0.00679159
BinVal : 3 71 1 0.00948286 0.00948286
BinVal : 3 72 1 0.0017066 0.0017066
BinVal : 4 0 0 0 0
BinVal : 4 1 0 0 0
BinVal : 4 2 0 0 0
BinVal : 4 3 0 0 0
BinVal : 4 4 0 0 0
BinVal : 4 5 0 0 0
BinVal : 4 6 0 0 0
BinVal : 4 7 0 0 0
BinVal : 4 8 0 0 0
BinVal : 4 9 0 0 0
BinVal : 4 10 0 0 0
BinVal : 4 11 0 0 0
BinVal : 4 12 0 0 0
BinVal : 4 13 0 0 0
BinVal : 4 14 0 0 0
BinVal : 4 15 0 0 0
BinVal : 4 16 0 0 0
BinVal : 4 17 0 0 0
BinVal : 4 18 0 0 0
BinVal : 4 19 0 0 0
BinVal : 4 20 0.111111 0.104757 0.104757
BinVal : 4 21 0 0 0
BinVal : 4 22 0 0 0
BinVal : 4 23 0 0 0
BinVal : 4 24 0 0 0
BinVal : 4 25 0 0 0
BinVal : 4 26 0.0333333 0.0327731 0.0327731
BinVal : 4 27 0 0 0
BinVal : 4 28 0 0 0
BinVal : 4 29 0.0188679 0.0186891 0.0186891
BinVal : 4 30 0.016129 0.0159984 0.0159984
BinVal : 4 31 0.0151515 0.0150363 0.0150363
BinVal : 4 32 0.0789474 0.0309317 0.0309317
BinVal : 4 33 0.05 0.024367 0.024367
BinVal : 4 34 0.0941176 0.031671 0.031671
BinVal : 4 35 0.255814 0.0470494 0.0470494
BinVal : 4 36 0.322222 0.0492606 0.0492606
BinVal : 4 37 0.453488 0.0536826 0.0536826
BinVal : 4 38 0.71875 0.045888 0.045888
BinVal : 4 39 0.764045 0.0450069 0.0450069
BinVal : 4 40 0.852273 0.0378249 0.0378249
BinVal : 4 41 0.926606 0.0249785 0.0249785
BinVal : 4 42 0.934783 0.025742 0.025742
BinVal : 4 43 0.896552 0.0326505 0.0326505
BinVal : 4 44 0.923913 0.0276425 0.0276425
BinVal : 4 45 0.878049 0.0361364 0.0361364
BinVal : 4 46 0.925373 0.0321047 0.0321047
BinVal : 4 47 0.934211 0.0284377 0.0284377
BinVal : 4 48 0.918919 0.0317309 0.0317309
BinVal : 4 49 0.987179 0.0127381 0.0127381
BinVal : 4 50 0.96 0.0226274 0.0226274
BinVal : 4 51 0.940298 0.028946 0.028946
BinVal : 4 52 0.985294 0.0145974 0.0145974
BinVal : 4 53 0.893939 0.0379017 0.0379017
BinVal : 4 54 0.964286 0.0247988 0.0247988
BinVal : 4 55 0.985075 0.0148136 0.0148136
BinVal : 4 56 0.970588 0.0204891 0.0204891
BinVal : 4 57 0.959184 0.0282664 0.0282664
BinVal : 4 58 1 0.00903559 0.00903559
BinVal : 4 59 0.980769 0.019045 0.019045
BinVal : 4 60 0.978814 0.00937396 0.00937396
BinVal : 4 61 0.994792 0.00519475 0.00519475
BinVal : 4 62 0.992308 0.00766266 0.00766266
BinVal : 4 63 0.990909 0.00904949 0.00904949
BinVal : 4 64 0.988372 0.0115601 0.0115601
BinVal : 4 65 1 0.00721884 0.00721884
BinVal : 4 66 1 0.00932837 0.00932837
BinVal : 4 67 1 0.0123324 0.0123324
BinVal : 4 68 1 0.0141568 0.0141568
BinVal : 4 69 1 0.0224566 0.0224566
BinVal : 4 70 1 0.0233703 0.0233703
BinVal : 4 71 1 0.0254407 0.0254407
BinVal : 4 72 1 0.00554609 0.00554609
BinVal : 5 0 0 0 0
BinVal : 5 1 0 0 0
BinVal : 5 2 0 0 0
BinVal : 5 3 0 0 0
BinVal : 5 4 0 0 0
BinVal : 5 5 0 0 0
BinVal : 5 6 0 0 0
BinVal : 5 7 0 0 0
BinVal : 5 8 0 0 0
BinVal : 5 9 0 0 0
BinVal : 5 10 0 0 0
BinVal : 5 11 0 0 0
BinVal : 5 12 0 0 0
BinVal : 5 13 0 0 0
BinVal : 5 14 0 0 0
BinVal : 5 15 0 0 0
BinVal : 5 16 0 0 0
BinVal : 5 17 0 0 0
BinVal : 5 18 0 0 0
BinVal : 5 19 0 0 0
BinVal : 5 20 0 0 0
BinVal : 5 21 0 0 0
BinVal : 5 22 0 0 0
BinVal : 5 23 0 0 0
BinVal : 5 24 0.0121951 0.0121205 0.0121205
BinVal : 5 25 0 0 0
BinVal : 5 26 0.00990099 0.00985185 0.00985185
BinVal : 5 27 0 0 0
BinVal : 5 28 0.0169492 0.0118829 0.0118829
BinVal : 5 29 0.0300752 0.0148097 0.0148097
BinVal : 5 30 0.0391061 0.0144888 0.0144888
BinVal : 5 31 0.0751445 0.020043 0.020043
BinVal : 5 32 0.161677 0.0284886 0.0284886
BinVal : 5 33 0.212871 0.0288009 0.0288009
BinVal : 5 34 0.32948 0.0357353 0.0357353
BinVal : 5 35 0.529101 0.036308 0.036308
BinVal : 5 36 0.682635 0.0360177 0.0360177
BinVal : 5 37 0.762626 0.0302371 0.0302371
BinVal : 5 38 0.765714 0.0320175 0.0320175
BinVal : 5 39 0.80226 0.0299377 0.0299377
BinVal : 5 40 0.87766 0.0238984 0.0238984
BinVal : 5 41 0.899498 0.0213138 0.0213138
BinVal : 5 42 0.916667 0.0221285 0.0221285
BinVal : 5 43 0.934911 0.0189756 0.0189756
BinVal : 5 44 0.946309 0.0184661 0.0184661
BinVal : 5 45 0.937063 0.0203081 0.0203081
BinVal : 5 46 0.969466 0.0150323 0.0150323
BinVal : 5 47 0.954887 0.017997 0.017997
BinVal : 5 48 0.951613 0.0192701 0.0192701
BinVal : 5 49 1 0.00549269 0.00549269
BinVal : 5 50 0.954545 0.0198605 0.0198605
BinVal : 5 51 0.970588 0.0167293 0.0167293
BinVal : 5 52 0.954545 0.0198605 0.0198605
BinVal : 5 53 0.975 0.0174553 0.0174553
BinVal : 5 54 0.988636 0.0112989 0.0112989
BinVal : 5 55 1 0.00750113 0.00750113
BinVal : 5 56 0.9375 0.0302577 0.0302577
BinVal : 5 57 0.986667 0.0132441 0.0132441
BinVal : 5 58 1 0.00780725 0.00780725
BinVal : 5 59 0.969697 0.0211003 0.0211003
BinVal : 5 60 0.992857 0.00503269 0.00503269
BinVal : 5 61 0.973684 0.0116129 0.0116129
BinVal : 5 62 0.97931 0.011821 0.011821
BinVal : 5 63 0.990196 0.00975574 0.00975574
BinVal : 5 64 1 0.00731039 0.00731039
BinVal : 5 65 1 0.0126033 0.0126033
BinVal : 5 66 1 0.0145144 0.0145144
BinVal : 5 67 1 0.017632 0.017632
BinVal : 5 68 1 0.0201001 0.0201001
BinVal : 5 69 1 0.0254407 0.0254407
BinVal : 5 70 1 0.0346427 0.0346427
BinVal : 5 71 1 0.0756803 0.0756803
BinVal : 5 72 1 0.0181909 0.0181909
BinVal : 6 0 0 0 0
BinVal : 6 1 0 0 0
BinVal : 6 2 0 0 0
BinVal : 6 3 0 0 0
BinVal : 6 4 0 0 0
BinVal : 6 5 0 0 0
BinVal : 6 6 0 0 0
BinVal : 6 7 0 0 0
BinVal : 6 8 0 0 0
BinVal : 6 9 0 0 0
BinVal : 6 10 0 0 0
BinVal : 6 11 0 0 0
BinVal : 6 12 0 0 0
BinVal : 6 13 0 0 0
BinVal : 6 14 0 0 0
BinVal : 6 15 0 0 0
BinVal : 6 16 0 0 0
BinVal : 6 17 0 0 0
BinVal : 6 18 0 0 0
BinVal : 6 19 0 0 0
BinVal : 6 20 0 0 0
BinVal : 6 21 0 0 0
BinVal : 6 22 0 0 0
BinVal : 6 23 0 0 0
BinVal : 6 24 0 0 0
BinVal : 6 25 0 0 0
BinVal : 6 26 0 0 0
BinVal : 6 27 0 0 0
BinVal : 6 28 0 0 0
BinVal : 6 29 0 0 0
BinVal : 6 30 0 0 0
BinVal : 6 31 0 0 0
BinVal : 6 32 0 0 0
BinVal : 6 33 0 0 0
BinVal : 6 34 0 0 0
BinVal : 6 35 0 0 0
BinVal : 6 36 0 0 0
BinVal : 6 37 0 0 0
BinVal : 6 38 0 0 0
BinVal : 6 39 0 0 0
BinVal : 6 40 0 0 0
BinVal : 6 41 0 0 0
BinVal : 6 42 0 0 0
BinVal : 6 43 0 0 0
BinVal : 6 44 0 0 0
BinVal : 6 45 0 0 0
BinVal : 6 46 0 0 0
BinVal : 6 47 0 0 0
BinVal : 6 48 0 0 0
BinVal : 6 49 0 0 0
BinVal : 6 50 0 0 0
BinVal : 6 51 0 0 0
BinVal : 6 52 0 0 0
BinVal : 6 53 0 0 0
BinVal : 6 54 0 0 0
BinVal : 6 55 0 0 0
BinVal : 6 56 0 0 0
BinVal : 6 57 0 0 0
BinVal : 6 58 0 0 0
BinVal : 6 59 0 0 0
BinVal : 6 60 0 0 0
BinVal : 6 61 0 0 0
BinVal : 6 62 0 0 0
BinVal : 6 63 0 0 0
BinVal : 6 64 0 0 0
BinVal : 6 65 0 0 0
BinVal : 6 66 0 0 0
BinVal : 6 67 0 0 0
BinVal : 6 68 0 0 0
BinVal : 6 69 0 0 0
BinVal : 6 70 0 0 0
BinVal : 6 71 0 0 0
BinVal : 6 72 0 0 0


