EffMethod : Ratio
EffName : TrigEff
EffType : Binned
EffVarNames : deteta pt
EffVersion : 1
ObjQuality : SC5JET_9_PV3_20
ObjRelativeTo : goodJet_CJT(2,5)_ncu_JET(0,5)_10
ObjType : Jet
TriggerVersion : v12
BinEdgesX : -5 -3.2 -1.5 -0.8 0.8 1.5 3.2 5
BinEdgesY : 0 1 2 3 4 5 6 7 8 9 10 11 12 13 14 15 16 17 18 19 20 21 22 23 24 25 26 27 28 29 30 31 32 33 34 35 36 37 38 39 40 41 42 43 44 45 46 47 48 49 50 51 52 53 54 55 56 57 58 59 60 65 70 75 80 85 90 95 100 105 110 115 120 2000
BinVal : 0 0 0 0 0
BinVal : 0 1 0 0 0
BinVal : 0 2 0 0 0
BinVal : 0 3 0 0 0
BinVal : 0 4 0 0 0
BinVal : 0 5 0 0 0
BinVal : 0 6 0 0 0
BinVal : 0 7 0 0 0
BinVal : 0 8 0 0 0
BinVal : 0 9 0 0 0
BinVal : 0 10 0 0 0
BinVal : 0 11 0 0 0
BinVal : 0 12 0 0 0
BinVal : 0 13 0 0 0
BinVal : 0 14 0 0 0
BinVal : 0 15 0 0 0
BinVal : 0 16 0 0 0
BinVal : 0 17 0 0 0
BinVal : 0 18 0 0 0
BinVal : 0 19 0 0 0
BinVal : 0 20 0 0 0
BinVal : 0 21 0 0 0
BinVal : 0 22 0 0 0
BinVal : 0 23 0 0 0
BinVal : 0 24 0 0 0
BinVal : 0 25 0 0 0
BinVal : 0 26 0 0 0
BinVal : 0 27 0 0 0
BinVal : 0 28 0 0 0
BinVal : 0 29 0 0 0
BinVal : 0 30 0 0 0
BinVal : 0 31 0 0 0
BinVal : 0 32 0 0 0
BinVal : 0 33 0 0 0
BinVal : 0 34 0 0 0
BinVal : 0 35 0 0 0
BinVal : 0 36 0 0 0
BinVal : 0 37 0 0 0
BinVal : 0 38 0 0 0
BinVal : 0 39 0 0 0
BinVal : 0 40 0 0 0
BinVal : 0 41 0 0 0
BinVal : 0 42 0 0 0
BinVal : 0 43 0 0 0
BinVal : 0 44 0 0 0
BinVal : 0 45 0 0 0
BinVal : 0 46 0 0 0
BinVal : 0 47 0 0 0
BinVal : 0 48 0 0 0
BinVal : 0 49 0 0 0
BinVal : 0 50 0 0 0
BinVal : 0 51 0 0 0
BinVal : 0 52 0 0 0
BinVal : 0 53 0 0 0
BinVal : 0 54 0 0 0
BinVal : 0 55 0 0 0
BinVal : 0 56 0 0 0
BinVal : 0 57 0 0 0
BinVal : 0 58 0 0 0
BinVal : 0 59 0 0 0
BinVal : 0 60 0 0 0
BinVal : 0 61 0 0 0
BinVal : 0 62 0 0 0
BinVal : 0 63 0 0 0
BinVal : 0 64 0 0 0
BinVal : 0 65 0 0 0
BinVal : 0 66 0 0 0
BinVal : 0 67 0 0 0
BinVal : 0 68 0 0 0
BinVal : 0 69 0 0 0
BinVal : 0 70 0 0 0
BinVal : 0 71 0 0 0
BinVal : 0 72 0 0 0
BinVal : 1 0 0 0 0
BinVal : 1 1 0 0 0
BinVal : 1 2 0 0 0
BinVal : 1 3 0 0 0
BinVal : 1 4 0 0 0
BinVal : 1 5 0 0 0
BinVal : 1 6 0 0 0
BinVal : 1 7 0 0 0
BinVal : 1 8 0 0 0
BinVal : 1 9 0 0 0
BinVal : 1 10 0 0 0
BinVal : 1 11 0 0 0
BinVal : 1 12 0 0 0
BinVal : 1 13 0 0 0
BinVal : 1 14 0 0 0
BinVal : 1 15 0 0 0
BinVal : 1 16 0.1 0.0948683 0.0948683
BinVal : 1 17 0 0 0
BinVal : 1 18 0.0526316 0.0512278 0.0512278
BinVal : 1 19 0 0 0
BinVal : 1 20 0.0350877 0.0243716 0.0243716
BinVal : 1 21 0.046875 0.0264214 0.0264214
BinVal : 1 22 0.0645161 0.0254748 0.0254748
BinVal : 1 23 0.0892857 0.0269447 0.0269447
BinVal : 1 24 0.142857 0.0275781 0.0275781
BinVal : 1 25 0.167742 0.0300112 0.0300112
BinVal : 1 26 0.270718 0.0330268 0.0330268
BinVal : 1 27 0.448276 0.0349048 0.0349048
BinVal : 1 28 0.533613 0.0323369 0.0323369
BinVal : 1 29 0.735075 0.0269563 0.0269563
BinVal : 1 30 0.827703 0.0219498 0.0219498
BinVal : 1 31 0.895349 0.0190572 0.0190572
BinVal : 1 32 0.911765 0.017198 0.017198
BinVal : 1 33 0.948 0.0140422 0.0140422
BinVal : 1 34 0.965636 0.0106786 0.0106786
BinVal : 1 35 0.980769 0.00851716 0.00851716
BinVal : 1 36 0.976303 0.0104712 0.0104712
BinVal : 1 37 0.967273 0.0107291 0.0107291
BinVal : 1 38 0.982014 0.00797075 0.00797075
BinVal : 1 39 0.981413 0.0082349 0.0082349
BinVal : 1 40 0.978182 0.00880953 0.00880953
BinVal : 1 41 0.97026 0.0103571 0.0103571
BinVal : 1 42 0.972222 0.0103522 0.0103522
BinVal : 1 43 0.995305 0.0046838 0.0046838
BinVal : 1 44 0.986842 0.00754657 0.00754657
BinVal : 1 45 0.983051 0.00970231 0.00970231
BinVal : 1 46 0.96988 0.0132659 0.0132659
BinVal : 1 47 0.9799 0.00994873 0.00994873
BinVal : 1 48 0.983607 0.00938686 0.00938686
BinVal : 1 49 0.988506 0.00808082 0.00808082
BinVal : 1 50 0.986577 0.00942745 0.00942745
BinVal : 1 51 1 0.00346899 0.00346899
BinVal : 1 52 0.976923 0.0131688 0.0131688
BinVal : 1 53 0.993151 0.00682582 0.00682582
BinVal : 1 54 0.986301 0.00961982 0.00961982
BinVal : 1 55 0.99187 0.00809697 0.00809697
BinVal : 1 56 0.983871 0.0113126 0.0113126
BinVal : 1 57 1 0.00538969 0.00538969
BinVal : 1 58 0.990099 0.00985185 0.00985185
BinVal : 1 59 1 0.0048852 0.0048852
BinVal : 1 60 0.992537 0.00429248 0.00429248
BinVal : 1 61 0.99661 0.00338408 0.00338408
BinVal : 1 62 0.995763 0.0042283 0.0042283
BinVal : 1 63 0.993865 0.00611612 0.00611612
BinVal : 1 64 1 0.00420618 0.00420618
BinVal : 1 65 1 0.00582743 0.00582743
BinVal : 1 66 1 0.0101533 0.0101533
BinVal : 1 67 1 0.0115867 0.0115867
BinVal : 1 68 1 0.0148902 0.0148902
BinVal : 1 69 0.966667 0.0327731 0.0327731
BinVal : 1 70 1 0.0254407 0.0254407
BinVal : 1 71 1 0.0254407 0.0254407
BinVal : 1 72 1 0.00964212 0.00964212
BinVal : 2 0 0 0 0
BinVal : 2 1 0 0 0
BinVal : 2 2 0 0 0
BinVal : 2 3 0 0 0
BinVal : 2 4 0 0 0
BinVal : 2 5 0 0 0
BinVal : 2 6 0 0 0
BinVal : 2 7 0 0 0
BinVal : 2 8 0 0 0
BinVal : 2 9 0 0 0
BinVal : 2 10 0 0 0
BinVal : 2 11 0 0 0
BinVal : 2 12 0 0 0
BinVal : 2 13 0 0 0
BinVal : 2 14 0 0 0
BinVal : 2 15 0 0 0
BinVal : 2 16 0 0 0
BinVal : 2 17 0 0 0
BinVal : 2 18 0 0 0
BinVal : 2 19 0 0 0
BinVal : 2 20 0 0 0
BinVal : 2 21 0 0 0
BinVal : 2 22 0 0 0
BinVal : 2 23 0 0 0
BinVal : 2 24 0.0384615 0.0377146 0.0377146
BinVal : 2 25 0.030303 0.0298404 0.0298404
BinVal : 2 26 0.0338983 0.02356 0.02356
BinVal : 2 27 0.0851064 0.0407022 0.0407022
BinVal : 2 28 0.142857 0.0440867 0.0440867
BinVal : 2 29 0.236364 0.0572865 0.0572865
BinVal : 2 30 0.41791 0.0602558 0.0602558
BinVal : 2 31 0.551282 0.0563153 0.0563153
BinVal : 2 32 0.714286 0.0492904 0.0492904
BinVal : 2 33 0.734043 0.0455725 0.0455725
BinVal : 2 34 0.819277 0.042236 0.042236
BinVal : 2 35 0.909091 0.0306454 0.0306454
BinVal : 2 36 0.961538 0.0217746 0.0217746
BinVal : 2 37 0.901099 0.0312944 0.0312944
BinVal : 2 38 0.923077 0.0301717 0.0301717
BinVal : 2 39 0.962025 0.0215044 0.0215044
BinVal : 2 40 0.91 0.0286182 0.0286182
BinVal : 2 41 0.941176 0.0255212 0.0255212
BinVal : 2 42 0.923077 0.0301717 0.0301717
BinVal : 2 43 0.940476 0.0258154 0.0258154
BinVal : 2 44 0.967033 0.0187172 0.0187172
BinVal : 2 45 0.988636 0.0112989 0.0112989
BinVal : 2 46 0.986301 0.0136045 0.0136045
BinVal : 2 47 0.967391 0.0185171 0.0185171
BinVal : 2 48 0.980198 0.0138628 0.0138628
BinVal : 2 49 0.987013 0.0129024 0.0129024
BinVal : 2 50 0.974026 0.0181263 0.0181263
BinVal : 2 51 0.955556 0.0217228 0.0217228
BinVal : 2 52 1 0.00634241 0.00634241
BinVal : 2 53 1 0.00648546 0.00648546
BinVal : 2 54 0.987952 0.0119754 0.0119754
BinVal : 2 55 1 0.00750113 0.00750113
BinVal : 2 56 0.982456 0.0173893 0.0173893
BinVal : 2 57 0.988372 0.0115601 0.0115601
BinVal : 2 58 1 0.0083766 0.0083766
BinVal : 2 59 1 0.00850058 0.00850058
BinVal : 2 60 0.989865 0.00582179 0.00582179
BinVal : 2 61 0.991304 0.00612196 0.00612196
BinVal : 2 62 0.994709 0.00527699 0.00527699
BinVal : 2 63 1 0.00408602 0.00408602
BinVal : 2 64 0.992 0.00796794 0.00796794
BinVal : 2 65 1 0.00538969 0.00538969
BinVal : 2 66 0.988095 0.0118337 0.0118337
BinVal : 2 67 0.974359 0.017897 0.017897
BinVal : 2 68 0.981132 0.0186891 0.0186891
BinVal : 2 69 1 0.0131822 0.0131822
BinVal : 2 70 1 0.0141568 0.0141568
BinVal : 2 71 1 0.0216126 0.0216126
BinVal : 2 72 1 0.00290728 0.00290728
BinVal : 3 0 0 0 0
BinVal : 3 1 0 0 0
BinVal : 3 2 0 0 0
BinVal : 3 3 0 0 0
BinVal : 3 4 0 0 0
BinVal : 3 5 0 0 0
BinVal : 3 6 0 0 0
BinVal : 3 7 0 0 0
BinVal : 3 8 0 0 0
BinVal : 3 9 0 0 0
BinVal : 3 10 0 0 0
BinVal : 3 11 0 0 0
BinVal : 3 12 0 0 0
BinVal : 3 13 0 0 0
BinVal : 3 14 0 0 0
BinVal : 3 15 0 0 0
BinVal : 3 16 0 0 0
BinVal : 3 17 0 0 0
BinVal : 3 18 0.0333333 0.0327731 0.0327731
BinVal : 3 19 0.0163934 0.0162585 0.0162585
BinVal : 3 20 0.0454545 0.0222047 0.0222047
BinVal : 3 21 0.0333333 0.0163865 0.0163865
BinVal : 3 22 0.043956 0.0151954 0.0151954
BinVal : 3 23 0.0677083 0.018132 0.018132
BinVal : 3 24 0.0985401 0.0180055 0.0180055
BinVal : 3 25 0.175497 0.0218891 0.0218891
BinVal : 3 26 0.275862 0.023019 0.023019
BinVal : 3 27 0.477855 0.0241165 0.0241165
BinVal : 3 28 0.623431 0.0221617 0.0221617
BinVal : 3 29 0.815356 0.01659 0.01659
BinVal : 3 30 0.911717 0.0113664 0.0113664
BinVal : 3 31 0.919872 0.0108684 0.0108684
BinVal : 3 32 0.953968 0.00834883 0.00834883
BinVal : 3 33 0.956391 0.00791945 0.00791945
BinVal : 3 34 0.971557 0.00643183 0.00643183
BinVal : 3 35 0.972565 0.00604988 0.00604988
BinVal : 3 36 0.978541 0.00548098 0.00548098
BinVal : 3 37 0.986706 0.00440176 0.00440176
BinVal : 3 38 0.981767 0.00501056 0.00501056
BinVal : 3 39 0.974961 0.00618091 0.00618091
BinVal : 3 40 0.983871 0.00505915 0.00505915
BinVal : 3 41 0.984756 0.00478366 0.00478366
BinVal : 3 42 0.984756 0.00478366 0.00478366
BinVal : 3 43 0.979661 0.00581134 0.00581134
BinVal : 3 44 0.978224 0.00597333 0.00597333
BinVal : 3 45 0.986038 0.00490159 0.00490159
BinVal : 3 46 0.983666 0.0054 0.0054
BinVal : 3 47 0.991197 0.00391937 0.00391937
BinVal : 3 48 0.989451 0.0046925 0.0046925
BinVal : 3 49 0.980263 0.0065137 0.0065137
BinVal : 3 50 0.99095 0.00450437 0.00450437
BinVal : 3 51 0.997555 0.002442 0.002442
BinVal : 3 52 0.985222 0.00598848 0.00598848
BinVal : 3 53 0.982456 0.00657253 0.00657253
BinVal : 3 54 0.989247 0.00534736 0.00534736
BinVal : 3 55 0.993808 0.00436479 0.00436479
BinVal : 3 56 0.996845 0.00314959 0.00314959
BinVal : 3 57 1 0.00183153 0.00183153
BinVal : 3 58 0.993056 0.00489338 0.00489338
BinVal : 3 59 1 0.00225687 0.00225687
BinVal : 3 60 0.99322 0.00238883 0.00238883
BinVal : 3 61 0.996579 0.00197159 0.00197159
BinVal : 3 62 0.994421 0.00278161 0.00278161
BinVal : 3 63 0.994393 0.00322839 0.00322839
BinVal : 3 64 0.99352 0.00372879 0.00372879
BinVal : 3 65 0.997396 0.00260077 0.00260077
BinVal : 3 66 0.996503 0.00349039 0.00349039
BinVal : 3 67 1 0.00231981 0.00231981
BinVal : 3 68 1 0.00280809 0.00280809
BinVal : 3 69 0.994048 0.00593464 0.00593464
BinVal : 3 70 0.984252 0.0110475 0.0110475
BinVal : 3 71 0.991525 0.00843859 0.00843859
BinVal : 3 72 0.98791 0.00454181 0.00454181
BinVal : 4 0 0 0 0
BinVal : 4 1 0 0 0
BinVal : 4 2 0 0 0
BinVal : 4 3 0 0 0
BinVal : 4 4 0 0 0
BinVal : 4 5 0 0 0
BinVal : 4 6 0 0 0
BinVal : 4 7 0 0 0
BinVal : 4 8 0 0 0
BinVal : 4 9 0 0 0
BinVal : 4 10 0 0 0
BinVal : 4 11 0 0 0
BinVal : 4 12 0 0 0
BinVal : 4 13 0 0 0
BinVal : 4 14 0 0 0
BinVal : 4 15 0 0 0
BinVal : 4 16 0.5 0.353553 0.353553
BinVal : 4 17 0 0 0
BinVal : 4 18 0 0 0
BinVal : 4 19 0 0 0
BinVal : 4 20 0 0 0
BinVal : 4 21 0 0 0
BinVal : 4 22 0.0555556 0.0539903 0.0539903
BinVal : 4 23 0.04 0.0391918 0.0391918
BinVal : 4 24 0 0 0
BinVal : 4 25 0.125 0.0584634 0.0584634
BinVal : 4 26 0.075 0.0416458 0.0416458
BinVal : 4 27 0.0588235 0.0403526 0.0403526
BinVal : 4 28 0.222222 0.056575 0.056575
BinVal : 4 29 0.413793 0.06467 0.06467
BinVal : 4 30 0.4 0.0632455 0.0632455
BinVal : 4 31 0.515625 0.0624695 0.0624695
BinVal : 4 32 0.728571 0.0531514 0.0531514
BinVal : 4 33 0.797297 0.046733 0.046733
BinVal : 4 34 0.860215 0.0359577 0.0359577
BinVal : 4 35 0.891892 0.0360969 0.0360969
BinVal : 4 36 0.880952 0.0353343 0.0353343
BinVal : 4 37 0.938144 0.024459 0.024459
BinVal : 4 38 0.954545 0.0222047 0.0222047
BinVal : 4 39 0.95098 0.0213782 0.0213782
BinVal : 4 40 0.929293 0.0257626 0.0257626
BinVal : 4 41 0.920792 0.0268723 0.0268723
BinVal : 4 42 0.963636 0.0178482 0.0178482
BinVal : 4 43 0.956044 0.0214896 0.0214896
BinVal : 4 44 0.970874 0.0165693 0.0165693
BinVal : 4 45 0.973913 0.0148636 0.0148636
BinVal : 4 46 0.988889 0.0110492 0.0110492
BinVal : 4 47 0.971429 0.0162584 0.0162584
BinVal : 4 48 0.987952 0.0119754 0.0119754
BinVal : 4 49 0.971831 0.019636 0.019636
BinVal : 4 50 1 0.00601053 0.00601053
BinVal : 4 51 1 0.00770235 0.00770235
BinVal : 4 52 0.97619 0.0166342 0.0166342
BinVal : 4 53 1 0.00813913 0.00813913
BinVal : 4 54 1 0.0088954 0.0088954
BinVal : 4 55 0.9875 0.0124216 0.0124216
BinVal : 4 56 0.987013 0.0129024 0.0129024
BinVal : 4 57 1 0.0115867 0.0115867
BinVal : 4 58 0.970588 0.0204891 0.0204891
BinVal : 4 59 1 0.00948286 0.00948286
BinVal : 4 60 1 0.00201845 0.00201845
BinVal : 4 61 1 0.00244856 0.00244856
BinVal : 4 62 0.99495 0.00503774 0.00503774
BinVal : 4 63 0.984252 0.0110475 0.0110475
BinVal : 4 64 1 0.0042367 0.0042367
BinVal : 4 65 1 0.00529051 0.00529051
BinVal : 4 66 1 0.00721884 0.00721884
BinVal : 4 67 1 0.00964212 0.00964212
BinVal : 4 68 0.964912 0.0243716 0.0243716
BinVal : 4 69 1 0.0115867 0.0115867
BinVal : 4 70 1 0.0181909 0.0181909
BinVal : 4 71 1 0.017632 0.017632
BinVal : 4 72 0.994253 0.00573059 0.00573059
BinVal : 5 0 0 0 0
BinVal : 5 1 0 0 0
BinVal : 5 2 0 0 0
BinVal : 5 3 0 0 0
BinVal : 5 4 0 0 0
BinVal : 5 5 0 0 0
BinVal : 5 6 0 0 0
BinVal : 5 7 0 0 0
BinVal : 5 8 0 0 0
BinVal : 5 9 0 0 0
BinVal : 5 10 0 0 0
BinVal : 5 11 0 0 0
BinVal : 5 12 0 0 0
BinVal : 5 13 0 0 0
BinVal : 5 14 0 0 0
BinVal : 5 15 0 0 0
BinVal : 5 16 0 0 0
BinVal : 5 17 0 0 0
BinVal : 5 18 0 0 0
BinVal : 5 19 0.047619 0.0464714 0.0464714
BinVal : 5 20 0.0357143 0.0350707 0.0350707
BinVal : 5 21 0.106383 0.0449741 0.0449741
BinVal : 5 22 0.104478 0.0373691 0.0373691
BinVal : 5 23 0.123596 0.0348866 0.0348866
BinVal : 5 24 0.0925926 0.0278919 0.0278919
BinVal : 5 25 0.164286 0.0313159 0.0313159
BinVal : 5 26 0.214815 0.0353469 0.0353469
BinVal : 5 27 0.342857 0.0358812 0.0358812
BinVal : 5 28 0.479381 0.0358674 0.0358674
BinVal : 5 29 0.52809 0.0374174 0.0374174
BinVal : 5 30 0.766537 0.0263882 0.0263882
BinVal : 5 31 0.832669 0.0235606 0.0235606
BinVal : 5 32 0.895582 0.0193794 0.0193794
BinVal : 5 33 0.929515 0.0169888 0.0169888
BinVal : 5 34 0.949807 0.0135672 0.0135672
BinVal : 5 35 0.946502 0.0144353 0.0144353
BinVal : 5 36 0.959184 0.0126411 0.0126411
BinVal : 5 37 0.965116 0.0114233 0.0114233
BinVal : 5 38 0.957143 0.0121038 0.0121038
BinVal : 5 39 0.974468 0.0102894 0.0102894
BinVal : 5 40 0.966418 0.0110045 0.0110045
BinVal : 5 41 0.991416 0.00604348 0.00604348
BinVal : 5 42 0.996016 0.00397612 0.00397612
BinVal : 5 43 0.990385 0.00676634 0.00676634
BinVal : 5 44 0.984925 0.00863792 0.00863792
BinVal : 5 45 0.989474 0.00740395 0.00740395
BinVal : 5 46 1 0.00282145 0.00282145
BinVal : 5 47 0.989011 0.00772759 0.00772759
BinVal : 5 48 0.988439 0.00812726 0.00812726
BinVal : 5 49 0.994186 0.00579703 0.00579703
BinVal : 5 50 0.987261 0.00895017 0.00895017
BinVal : 5 51 0.99359 0.00638968 0.00638968
BinVal : 5 52 0.993378 0.00660055 0.00660055
BinVal : 5 53 1 0.00414515 0.00414515
BinVal : 5 54 1 0.00453806 0.00453806
BinVal : 5 55 0.991736 0.00823024 0.00823024
BinVal : 5 56 0.988372 0.0115601 0.0115601
BinVal : 5 57 1 0.00538969 0.00538969
BinVal : 5 58 1 0.00565481 0.00565481
BinVal : 5 59 1 0.00663519 0.00663519
BinVal : 5 60 0.987654 0.00548697 0.00548697
BinVal : 5 61 0.986971 0.00647208 0.00647208
BinVal : 5 62 0.981481 0.00917313 0.00917313
BinVal : 5 63 0.994681 0.00530498 0.00530498
BinVal : 5 64 0.982301 0.0124039 0.0124039
BinVal : 5 65 0.988636 0.0112989 0.0112989
BinVal : 5 66 1 0.00770235 0.00770235
BinVal : 5 67 0.981132 0.0186891 0.0186891
BinVal : 5 68 1 0.0141568 0.0141568
BinVal : 5 69 1 0.0166125 0.0166125
BinVal : 5 70 1 0.0194201 0.0194201
BinVal : 5 71 1 0.0326734 0.0326734
BinVal : 5 72 0.986667 0.0132441 0.0132441
BinVal : 6 0 0 0 0
BinVal : 6 1 0 0 0
BinVal : 6 2 0 0 0
BinVal : 6 3 0 0 0
BinVal : 6 4 0 0 0
BinVal : 6 5 0 0 0
BinVal : 6 6 0 0 0
BinVal : 6 7 0 0 0
BinVal : 6 8 0 0 0
BinVal : 6 9 0 0 0
BinVal : 6 10 0 0 0
BinVal : 6 11 0 0 0
BinVal : 6 12 0 0 0
BinVal : 6 13 0 0 0
BinVal : 6 14 0 0 0
BinVal : 6 15 0 0 0
BinVal : 6 16 0 0 0
BinVal : 6 17 0 0 0
BinVal : 6 18 0 0 0
BinVal : 6 19 0 0 0
BinVal : 6 20 0 0 0
BinVal : 6 21 0 0 0
BinVal : 6 22 0 0 0
BinVal : 6 23 0 0 0
BinVal : 6 24 0 0 0
BinVal : 6 25 0 0 0
BinVal : 6 26 0 0 0
BinVal : 6 27 0 0 0
BinVal : 6 28 0 0 0
BinVal : 6 29 0 0 0
BinVal : 6 30 0 0 0
BinVal : 6 31 0 0 0
BinVal : 6 32 0 0 0
BinVal : 6 33 0 0 0
BinVal : 6 34 0 0 0
BinVal : 6 35 0 0 0
BinVal : 6 36 0 0 0
BinVal : 6 37 0 0 0
BinVal : 6 38 0 0 0
BinVal : 6 39 0 0 0
BinVal : 6 40 0 0 0
BinVal : 6 41 0 0 0
BinVal : 6 42 0 0 0
BinVal : 6 43 0 0 0
BinVal : 6 44 0 0 0
BinVal : 6 45 0 0 0
BinVal : 6 46 0 0 0
BinVal : 6 47 0 0 0
BinVal : 6 48 0 0 0
BinVal : 6 49 0 0 0
BinVal : 6 50 0 0 0
BinVal : 6 51 0 0 0
BinVal : 6 52 0 0 0
BinVal : 6 53 0 0 0
BinVal : 6 54 0 0 0
BinVal : 6 55 0 0 0
BinVal : 6 56 0 0 0
BinVal : 6 57 0 0 0
BinVal : 6 58 0 0 0
BinVal : 6 59 0 0 0
BinVal : 6 60 0 0 0
BinVal : 6 61 0 0 0
BinVal : 6 62 0 0 0
BinVal : 6 63 0 0 0
BinVal : 6 64 0 0 0
BinVal : 6 65 0 0 0
BinVal : 6 66 0 0 0
BinVal : 6 67 0 0 0
BinVal : 6 68 0 0 0
BinVal : 6 69 0 0 0
BinVal : 6 70 0 0 0
BinVal : 6 71 0 0 0
BinVal : 6 72 0 0 0


