EffMethod : Ratio
EffName : TrigEff
EffType : Binned
EffVarNames : deteta pt
EffVersion : 1
ObjQuality : JET(0,5)_6
ObjRelativeTo : goodJet_CJT(1,5)_ncu
ObjType : Jet
TriggerVersion : v13.0
BinEdgesX : -5 -3.2 -1.5 -0.8 0.8 1.5 3.2 5
BinEdgesY : 0 1 2 3 4 5 6 7 8 9 10 11 12 13 14 15 16 17 18 19 20 21 22 23 24 25 26 27 28 29 30 31 32 33 34 35 36 37 38 39 40 41 42 43 44 45 46 47 48 49 50 51 52 53 54 55 56 57 58 59 60 65 70 75 80 85 90 95 100 105 110 115 120 2000
BinVal : 0 0 0 0 0
BinVal : 0 1 0 0 0
BinVal : 0 2 0 0 0
BinVal : 0 3 0 0 0
BinVal : 0 4 0 0 0
BinVal : 0 5 0 0 0
BinVal : 0 6 0 0 0
BinVal : 0 7 0 0 0
BinVal : 0 8 0 0 0
BinVal : 0 9 0 0 0
BinVal : 0 10 0 0 0
BinVal : 0 11 0 0 0
BinVal : 0 12 0 0 0
BinVal : 0 13 0 0 0
BinVal : 0 14 0 0 0
BinVal : 0 15 0 0 0
BinVal : 0 16 0 0 0
BinVal : 0 17 0 0 0
BinVal : 0 18 0 0 0
BinVal : 0 19 0 0 0
BinVal : 0 20 0 0 0
BinVal : 0 21 0 0 0
BinVal : 0 22 0 0 0
BinVal : 0 23 0 0 0
BinVal : 0 24 0 0 0
BinVal : 0 25 0 0 0
BinVal : 0 26 0 0 0
BinVal : 0 27 0 0 0
BinVal : 0 28 0 0 0
BinVal : 0 29 0 0 0
BinVal : 0 30 0 0 0
BinVal : 0 31 0 0 0
BinVal : 0 32 0 0 0
BinVal : 0 33 0 0 0
BinVal : 0 34 0 0 0
BinVal : 0 35 0 0 0
BinVal : 0 36 0 0 0
BinVal : 0 37 0 0 0
BinVal : 0 38 0 0 0
BinVal : 0 39 0 0 0
BinVal : 0 40 0 0 0
BinVal : 0 41 0 0 0
BinVal : 0 42 0 0 0
BinVal : 0 43 0 0 0
BinVal : 0 44 0 0 0
BinVal : 0 45 0 0 0
BinVal : 0 46 0 0 0
BinVal : 0 47 0 0 0
BinVal : 0 48 0 0 0
BinVal : 0 49 0 0 0
BinVal : 0 50 0 0 0
BinVal : 0 51 0 0 0
BinVal : 0 52 0 0 0
BinVal : 0 53 0 0 0
BinVal : 0 54 0 0 0
BinVal : 0 55 0 0 0
BinVal : 0 56 0 0 0
BinVal : 0 57 0 0 0
BinVal : 0 58 0 0 0
BinVal : 0 59 0 0 0
BinVal : 0 60 0 0 0
BinVal : 0 61 0 0 0
BinVal : 0 62 0 0 0
BinVal : 0 63 0 0 0
BinVal : 0 64 0 0 0
BinVal : 0 65 0 0 0
BinVal : 0 66 0 0 0
BinVal : 0 67 0 0 0
BinVal : 0 68 0 0 0
BinVal : 0 69 0 0 0
BinVal : 0 70 0 0 0
BinVal : 0 71 0 0 0
BinVal : 0 72 0 0 0
BinVal : 1 0 0 0 0
BinVal : 1 1 0 0 0
BinVal : 1 2 0 0 0
BinVal : 1 3 0 0 0
BinVal : 1 4 0 0 0
BinVal : 1 5 0 0 0
BinVal : 1 6 0 0 0
BinVal : 1 7 0 0 0
BinVal : 1 8 0 0 0
BinVal : 1 9 0 0 0
BinVal : 1 10 0 0 0
BinVal : 1 11 0 0 0
BinVal : 1 12 0 0 0
BinVal : 1 13 0 0 0
BinVal : 1 14 0 0 0
BinVal : 1 15 0.97619 0.0042251 0.0042251
BinVal : 1 16 0.988393 0.0022631 0.0022631
BinVal : 1 17 0.988948 0.00197394 0.00197394
BinVal : 1 18 0.991979 0.00159766 0.00159766
BinVal : 1 19 0.991538 0.00159234 0.00159234
BinVal : 1 20 0.994542 0.00124878 0.00124878
BinVal : 1 21 0.995357 0.00115807 0.00115807
BinVal : 1 22 0.995546 0.0011111 0.0011111
BinVal : 1 23 0.996678 0.000957459 0.000957459
BinVal : 1 24 0.998039 0.000740587 0.000740587
BinVal : 1 25 0.996835 0.000952913 0.000952913
BinVal : 1 26 0.997243 0.00091785 0.00091785
BinVal : 1 27 0.997188 0.000935889 0.000935889
BinVal : 1 28 0.997336 0.000940612 0.000940612
BinVal : 1 29 0.998273 0.000771722 0.000771722
BinVal : 1 30 0.997838 0.000881744 0.000881744
BinVal : 1 31 0.99641 0.0011945 0.0011945
BinVal : 1 32 0.997015 0.00112657 0.00112657
BinVal : 1 33 0.997723 0.00101709 0.00101709
BinVal : 1 34 0.999048 0.000673114 0.000673114
BinVal : 1 35 0.997998 0.000999999 0.000999999
BinVal : 1 36 1 0.000323772 0.000323772
BinVal : 1 37 0.998145 0.00107016 0.00107016
BinVal : 1 38 0.99934 0.000659848 0.000659848
BinVal : 1 39 0.999316 0.000684228 0.000684228
BinVal : 1 40 0.998467 0.00108286 0.00108286
BinVal : 1 41 0.999167 0.000832293 0.000832293
BinVal : 1 42 0.999084 0.000915332 0.000915332
BinVal : 1 43 0.999068 0.000931532 0.000931532
BinVal : 1 44 1 0.000628948 0.000628948
BinVal : 1 45 0.998896 0.00110314 0.00110314
BinVal : 1 46 1 0.000682354 0.000682354
BinVal : 1 47 0.996337 0.00211096 0.00211096
BinVal : 1 48 1 0.00076437 0.00076437
BinVal : 1 49 1 0.000882626 0.000882626
BinVal : 1 50 1 0.00102472 0.00102472
BinVal : 1 51 1 0.000982761 0.000982761
BinVal : 1 52 1 0.00102472 0.00102472
BinVal : 1 53 1 0.00104856 0.00104856
BinVal : 1 54 1 0.00124979 0.00124979
BinVal : 1 55 1 0.00134325 0.00134325
BinVal : 1 56 1 0.00137854 0.00137854
BinVal : 1 57 1 0.00135279 0.00135279
BinVal : 1 58 1 0.00167227 0.00167227
BinVal : 1 59 1 0.00171137 0.00171137
BinVal : 1 60 0.999245 0.000754432 0.000754432
BinVal : 1 61 1 0.000601292 0.000601292
BinVal : 1 62 1 0.00080061 0.00080061
BinVal : 1 63 1 0.00121069 0.00121069
BinVal : 1 64 1 0.00169134 0.00169134
BinVal : 1 65 1 0.00220442 0.00220442
BinVal : 1 66 1 0.00325346 0.00325346
BinVal : 1 67 1 0.00397348 0.00397348
BinVal : 1 68 1 0.00620508 0.00620508
BinVal : 1 69 1 0.00712919 0.00712919
BinVal : 1 70 1 0.00917959 0.00917959
BinVal : 1 71 1 0.0126033 0.0126033
BinVal : 1 72 1 0.00408602 0.00408602
BinVal : 2 0 0 0 0
BinVal : 2 1 0 0 0
BinVal : 2 2 0 0 0
BinVal : 2 3 0 0 0
BinVal : 2 4 0 0 0
BinVal : 2 5 0 0 0
BinVal : 2 6 0 0 0
BinVal : 2 7 0 0 0
BinVal : 2 8 0 0 0
BinVal : 2 9 0 0 0
BinVal : 2 10 0 0 0
BinVal : 2 11 0 0 0
BinVal : 2 12 0 0 0
BinVal : 2 13 0 0 0
BinVal : 2 14 0 0 0
BinVal : 2 15 0.877756 0.014664 0.014664
BinVal : 2 16 0.898387 0.0121342 0.0121342
BinVal : 2 17 0.926 0.00827792 0.00827792
BinVal : 2 18 0.947301 0.00566423 0.00566423
BinVal : 2 19 0.949942 0.00523068 0.00523068
BinVal : 2 20 0.95657 0.00480949 0.00480949
BinVal : 2 21 0.962176 0.00434242 0.00434242
BinVal : 2 22 0.969031 0.00387169 0.00387169
BinVal : 2 23 0.975321 0.00344683 0.00344683
BinVal : 2 24 0.977811 0.00330774 0.00330774
BinVal : 2 25 0.983748 0.00276452 0.00276452
BinVal : 2 26 0.984558 0.00266731 0.00266731
BinVal : 2 27 0.987885 0.00245796 0.00245796
BinVal : 2 28 0.981772 0.00301016 0.00301016
BinVal : 2 29 0.988205 0.00244485 0.00244485
BinVal : 2 30 0.992761 0.00192766 0.00192766
BinVal : 2 31 0.993989 0.00180691 0.00180691
BinVal : 2 32 0.990899 0.00226494 0.00226494
BinVal : 2 33 0.991841 0.00217154 0.00217154
BinVal : 2 34 0.990848 0.00235218 0.00235218
BinVal : 2 35 0.990974 0.0024015 0.0024015
BinVal : 2 36 0.994667 0.00188058 0.00188058
BinVal : 2 37 0.993348 0.00220991 0.00220991
BinVal : 2 38 0.995516 0.0018266 0.0018266
BinVal : 2 39 0.99375 0.00220279 0.00220279
BinVal : 2 40 0.996454 0.0017699 0.0017699
BinVal : 2 41 0.991304 0.00273782 0.00273782
BinVal : 2 42 0.992502 0.00264087 0.00264087
BinVal : 2 43 0.995117 0.00217832 0.00217832
BinVal : 2 44 0.995859 0.0020661 0.0020661
BinVal : 2 45 0.99472 0.00235497 0.00235497
BinVal : 2 46 0.998778 0.00122175 0.00122175
BinVal : 2 47 0.998791 0.00120846 0.00120846
BinVal : 2 48 0.997481 0.00177888 0.00177888
BinVal : 2 49 0.995957 0.00232958 0.00232958
BinVal : 2 50 0.995973 0.00232021 0.00232021
BinVal : 2 51 0.99373 0.00312495 0.00312495
BinVal : 2 52 0.990415 0.00389413 0.00389413
BinVal : 2 53 0.998369 0.00162999 0.00162999
BinVal : 2 54 0.998031 0.00196657 0.00196657
BinVal : 2 55 0.996226 0.00266329 0.00266329
BinVal : 2 56 0.998088 0.00191022 0.00191022
BinVal : 2 57 0.995565 0.00312877 0.00312877
BinVal : 2 58 0.997877 0.00212089 0.00212089
BinVal : 2 59 1 0.00147486 0.00147486
BinVal : 2 60 0.997726 0.00113572 0.00113572
BinVal : 2 61 0.997095 0.00145032 0.00145032
BinVal : 2 62 0.999026 0.000973236 0.000973236
BinVal : 2 63 0.997642 0.00166574 0.00166574
BinVal : 2 64 1 0.000935078 0.000935078
BinVal : 2 65 1 0.0011096 0.0011096
BinVal : 2 66 0.99495 0.00356222 0.00356222
BinVal : 2 67 1 0.00180864 0.00180864
BinVal : 2 68 1 0.00248098 0.00248098
BinVal : 2 69 0.995327 0.00466197 0.00466197
BinVal : 2 70 1 0.00330973 0.00330973
BinVal : 2 71 1 0.00468588 0.00468588
BinVal : 2 72 0.998178 0.00181983 0.00181983
BinVal : 3 0 0 0 0
BinVal : 3 1 0 0 0
BinVal : 3 2 0 0 0
BinVal : 3 3 0 0 0
BinVal : 3 4 0 0 0
BinVal : 3 5 0 0 0
BinVal : 3 6 0 0 0
BinVal : 3 7 0 0 0
BinVal : 3 8 0 0 0
BinVal : 3 9 0 0 0
BinVal : 3 10 0 0 0
BinVal : 3 11 0 0 0
BinVal : 3 12 0 0 0
BinVal : 3 13 0 0 0
BinVal : 3 14 0 0 0
BinVal : 3 15 0.944019 0.00428662 0.00428662
BinVal : 3 16 0.957642 0.00278204 0.00278204
BinVal : 3 17 0.960826 0.00224711 0.00224711
BinVal : 3 18 0.970889 0.00185541 0.00185541
BinVal : 3 19 0.978603 0.00155199 0.00155199
BinVal : 3 20 0.984809 0.00129744 0.00129744
BinVal : 3 21 0.984791 0.00127103 0.00127103
BinVal : 3 22 0.988288 0.00111518 0.00111518
BinVal : 3 23 0.990035 0.00102812 0.00102812
BinVal : 3 24 0.993775 0.000821918 0.000821918
BinVal : 3 25 0.992606 0.000899916 0.000899916
BinVal : 3 26 0.993153 0.000888337 0.000888337
BinVal : 3 27 0.996669 0.000628517 0.000628517
BinVal : 3 28 0.995123 0.000769217 0.000769217
BinVal : 3 29 0.994852 0.000811873 0.000811873
BinVal : 3 30 0.995015 0.000817513 0.000817513
BinVal : 3 31 0.997131 0.000640705 0.000640705
BinVal : 3 32 0.996093 0.00076481 0.00076481
BinVal : 3 33 0.997446 0.000637652 0.000637652
BinVal : 3 34 0.996687 0.000758792 0.000758792
BinVal : 3 35 0.997289 0.000699029 0.000699029
BinVal : 3 36 0.998021 0.000625202 0.000625202
BinVal : 3 37 0.997446 0.000736258 0.000736258
BinVal : 3 38 0.997048 0.00081749 0.00081749
BinVal : 3 39 0.998269 0.000653675 0.000653675
BinVal : 3 40 0.997417 0.000815649 0.000815649
BinVal : 3 41 0.999163 0.000482801 0.000482801
BinVal : 3 42 0.999095 0.00052241 0.00052241
BinVal : 3 43 0.999365 0.000449099 0.000449099
BinVal : 3 44 0.997264 0.00096599 0.00096599
BinVal : 3 45 0.997516 0.000937709 0.000937709
BinVal : 3 46 0.998841 0.000668616 0.000668616
BinVal : 3 47 0.998726 0.000735009 0.000735009
BinVal : 3 48 0.998697 0.000751921 0.000751921
BinVal : 3 49 0.997597 0.00107322 0.00107322
BinVal : 3 50 0.999489 0.000510595 0.000510595
BinVal : 3 51 0.999463 0.000536913 0.000536913
BinVal : 3 52 1 0.000328541 0.000328541
BinVal : 3 53 0.998074 0.00111064 0.00111064
BinVal : 3 54 1 0.000366688 0.000366688
BinVal : 3 55 0.998513 0.00105068 0.00105068
BinVal : 3 56 1 0.00042963 0.00042963
BinVal : 3 57 0.999192 0.000807428 0.000807428
BinVal : 3 58 0.999123 0.000876808 0.000876808
BinVal : 3 59 1 0.000487804 0.000487804
BinVal : 3 60 0.99893 0.000478047 0.000478047
BinVal : 3 61 0.998597 0.00062714 0.00062714
BinVal : 3 62 0.998874 0.000649803 0.000649803
BinVal : 3 63 0.998568 0.000826162 0.000826162
BinVal : 3 64 0.999391 0.000609199 0.000609199
BinVal : 3 65 1 0.000452518 0.000452518
BinVal : 3 66 1 0.000586033 0.000586033
BinVal : 3 67 1 0.000739574 0.000739574
BinVal : 3 68 1 0.000967503 0.000967503
BinVal : 3 69 1 0.00123644 0.00123644
BinVal : 3 70 1 0.00141668 0.00141668
BinVal : 3 71 1 0.00172186 0.00172186
BinVal : 3 72 1 0.000337124 0.000337124
BinVal : 4 0 0 0 0
BinVal : 4 1 0 0 0
BinVal : 4 2 0 0 0
BinVal : 4 3 0 0 0
BinVal : 4 4 0 0 0
BinVal : 4 5 0 0 0
BinVal : 4 6 0 0 0
BinVal : 4 7 0 0 0
BinVal : 4 8 0 0 0
BinVal : 4 9 0 0 0
BinVal : 4 10 0 0 0
BinVal : 4 11 0 0 0
BinVal : 4 12 0 0 0
BinVal : 4 13 0 0 0
BinVal : 4 14 0 0 0
BinVal : 4 15 0.921756 0.0117319 0.0117319
BinVal : 4 16 0.950525 0.00839678 0.00839678
BinVal : 4 17 0.955343 0.00583279 0.00583279
BinVal : 4 18 0.965741 0.00442066 0.00442066
BinVal : 4 19 0.964049 0.00437832 0.00437832
BinVal : 4 20 0.977528 0.00342831 0.00342831
BinVal : 4 21 0.981016 0.0030912 0.0030912
BinVal : 4 22 0.984711 0.00268201 0.00268201
BinVal : 4 23 0.989632 0.00219889 0.00219889
BinVal : 4 24 0.987701 0.00239715 0.00239715
BinVal : 4 25 0.991191 0.0020119 0.0020119
BinVal : 4 26 0.986667 0.00250291 0.00250291
BinVal : 4 27 0.990503 0.00211341 0.00211341
BinVal : 4 28 0.990143 0.00219322 0.00219322
BinVal : 4 29 0.990186 0.00224042 0.00224042
BinVal : 4 30 0.991189 0.0020675 0.0020675
BinVal : 4 31 0.99532 0.00155641 0.00155641
BinVal : 4 32 0.993649 0.00190882 0.00190882
BinVal : 4 33 0.995657 0.00153218 0.00153218
BinVal : 4 34 0.993902 0.00192233 0.00192233
BinVal : 4 35 0.995737 0.00160786 0.00160786
BinVal : 4 36 0.997401 0.00129786 0.00129786
BinVal : 4 37 0.994695 0.00187063 0.00187063
BinVal : 4 38 0.998507 0.0010546 0.0010546
BinVal : 4 39 0.990909 0.00261236 0.00261236
BinVal : 4 40 0.997555 0.00140989 0.00140989
BinVal : 4 41 0.991722 0.00260692 0.00260692
BinVal : 4 42 0.996438 0.00177777 0.00177777
BinVal : 4 43 0.998016 0.0014016 0.0014016
BinVal : 4 44 0.997067 0.00169062 0.00169062
BinVal : 4 45 0.996951 0.00175753 0.00175753
BinVal : 4 46 0.997838 0.00152723 0.00152723
BinVal : 4 47 0.996441 0.00205097 0.00205097
BinVal : 4 48 1 0.000676632 0.000676632
BinVal : 4 49 0.996159 0.00221347 0.00221347
BinVal : 4 50 0.996063 0.00226855 0.00226855
BinVal : 4 51 0.998532 0.00146735 0.00146735
BinVal : 4 52 1 0.000888348 0.000888348
BinVal : 4 53 0.99685 0.0022236 0.0022236
BinVal : 4 54 1 0.0010438 0.0010438
BinVal : 4 55 0.998117 0.00188147 0.00188147
BinVal : 4 56 0.998012 0.00198609 0.00198609
BinVal : 4 57 0.991667 0.00414927 0.00414927
BinVal : 4 58 0.997658 0.00233918 0.00233918
BinVal : 4 59 0.997494 0.00250312 0.00250312
BinVal : 4 60 0.997811 0.00109349 0.00109349
BinVal : 4 61 0.997209 0.00139372 0.00139372
BinVal : 4 62 0.99811 0.00133542 0.00133542
BinVal : 4 63 0.997433 0.00181309 0.00181309
BinVal : 4 64 1 0.000911236 0.000911236
BinVal : 4 65 1 0.00114965 0.00114965
BinVal : 4 66 0.997355 0.002642 0.002642
BinVal : 4 67 1 0.00189829 0.00189829
BinVal : 4 68 1 0.00225687 0.00225687
BinVal : 4 69 1 0.0030303 0.0030303
BinVal : 4 70 1 0.00364542 0.00364542
BinVal : 4 71 1 0.00443316 0.00443316
BinVal : 4 72 1 0.00109339 0.00109339
BinVal : 5 0 0 0 0
BinVal : 5 1 0 0 0
BinVal : 5 2 0 0 0
BinVal : 5 3 0 0 0
BinVal : 5 4 0 0 0
BinVal : 5 5 0 0 0
BinVal : 5 6 0 0 0
BinVal : 5 7 0 0 0
BinVal : 5 8 0 0 0
BinVal : 5 9 0 0 0
BinVal : 5 10 0 0 0
BinVal : 5 11 0 0 0
BinVal : 5 12 0 0 0
BinVal : 5 13 0 0 0
BinVal : 5 14 0 0 0
BinVal : 5 15 0.989309 0.0029492 0.0029492
BinVal : 5 16 0.991952 0.00200396 0.00200396
BinVal : 5 17 0.992743 0.00161679 0.00161679
BinVal : 5 18 0.991259 0.00174059 0.00174059
BinVal : 5 19 0.98546 0.00215162 0.00215162
BinVal : 5 20 0.987287 0.0019728 0.0019728
BinVal : 5 21 0.986944 0.00195543 0.00195543
BinVal : 5 22 0.986807 0.00197582 0.00197582
BinVal : 5 23 0.987073 0.00191459 0.00191459
BinVal : 5 24 0.986717 0.00194546 0.00194546
BinVal : 5 25 0.98704 0.00196347 0.00196347
BinVal : 5 26 0.988423 0.00189219 0.00189219
BinVal : 5 27 0.986427 0.0020558 0.0020558
BinVal : 5 28 0.987097 0.00207963 0.00207963
BinVal : 5 29 0.983922 0.00235148 0.00235148
BinVal : 5 30 0.98473 0.0023665 0.0023665
BinVal : 5 31 0.988627 0.00209979 0.00209979
BinVal : 5 32 0.99118 0.00191614 0.00191614
BinVal : 5 33 0.988018 0.00233566 0.00233566
BinVal : 5 34 0.990637 0.00208387 0.00208387
BinVal : 5 35 0.990409 0.00218978 0.00218978
BinVal : 5 36 0.992509 0.00199444 0.00199444
BinVal : 5 37 0.992529 0.0020644 0.0020644
BinVal : 5 38 0.988272 0.00267485 0.00267485
BinVal : 5 39 0.991453 0.00245674 0.00245674
BinVal : 5 40 0.990845 0.00252747 0.00252747
BinVal : 5 41 0.986633 0.00331928 0.00331928
BinVal : 5 42 0.98917 0.00310947 0.00310947
BinVal : 5 43 0.990893 0.00286689 0.00286689
BinVal : 5 44 0.99005 0.00313085 0.00313085
BinVal : 5 45 0.992179 0.00294456 0.00294456
BinVal : 5 46 0.987327 0.00379671 0.00379671
BinVal : 5 47 0.996073 0.00226263 0.00226263
BinVal : 5 48 0.992228 0.00316056 0.00316056
BinVal : 5 49 0.99431 0.00283684 0.00283684
BinVal : 5 50 0.997055 0.00207972 0.00207972
BinVal : 5 51 0.988095 0.00447271 0.00447271
BinVal : 5 52 0.992565 0.00370363 0.00370363
BinVal : 5 53 0.996047 0.00278936 0.00278936
BinVal : 5 54 1 0.00119734 0.00119734
BinVal : 5 55 0.993318 0.00384467 0.00384467
BinVal : 5 56 1 0.0015378 0.0015378
BinVal : 5 57 1 0.001513 0.001513
BinVal : 5 58 0.997416 0.00258064 0.00258064
BinVal : 5 59 1 0.00178671 0.00178671
BinVal : 5 60 0.995495 0.00183481 0.00183481
BinVal : 5 61 0.998984 0.00101574 0.00101574
BinVal : 5 62 0.998514 0.00148478 0.00148478
BinVal : 5 63 0.998051 0.00194742 0.00194742
BinVal : 5 64 1 0.00166178 0.00166178
BinVal : 5 65 0.996377 0.00361662 0.00361662
BinVal : 5 66 1 0.00256968 0.00256968
BinVal : 5 67 1 0.00464869 0.00464869
BinVal : 5 68 1 0.00514841 0.00514841
BinVal : 5 69 0.988636 0.0112989 0.0112989
BinVal : 5 70 1 0.00997686 0.00997686
BinVal : 5 71 1 0.0103354 0.0103354
BinVal : 5 72 1 0.00338697 0.00338697
BinVal : 6 0 0 0 0
BinVal : 6 1 0 0 0
BinVal : 6 2 0 0 0
BinVal : 6 3 0 0 0
BinVal : 6 4 0 0 0
BinVal : 6 5 0 0 0
BinVal : 6 6 0 0 0
BinVal : 6 7 0 0 0
BinVal : 6 8 0 0 0
BinVal : 6 9 0 0 0
BinVal : 6 10 0 0 0
BinVal : 6 11 0 0 0
BinVal : 6 12 0 0 0
BinVal : 6 13 0 0 0
BinVal : 6 14 0 0 0
BinVal : 6 15 0 0 0
BinVal : 6 16 0 0 0
BinVal : 6 17 0 0 0
BinVal : 6 18 0 0 0
BinVal : 6 19 0 0 0
BinVal : 6 20 0 0 0
BinVal : 6 21 0 0 0
BinVal : 6 22 0 0 0
BinVal : 6 23 0 0 0
BinVal : 6 24 0 0 0
BinVal : 6 25 0 0 0
BinVal : 6 26 0 0 0
BinVal : 6 27 0 0 0
BinVal : 6 28 0 0 0
BinVal : 6 29 0 0 0
BinVal : 6 30 0 0 0
BinVal : 6 31 0 0 0
BinVal : 6 32 0 0 0
BinVal : 6 33 0 0 0
BinVal : 6 34 0 0 0
BinVal : 6 35 0 0 0
BinVal : 6 36 0 0 0
BinVal : 6 37 0 0 0
BinVal : 6 38 0 0 0
BinVal : 6 39 0 0 0
BinVal : 6 40 0 0 0
BinVal : 6 41 0 0 0
BinVal : 6 42 0 0 0
BinVal : 6 43 0 0 0
BinVal : 6 44 0 0 0
BinVal : 6 45 0 0 0
BinVal : 6 46 0 0 0
BinVal : 6 47 0 0 0
BinVal : 6 48 0 0 0
BinVal : 6 49 0 0 0
BinVal : 6 50 0 0 0
BinVal : 6 51 0 0 0
BinVal : 6 52 0 0 0
BinVal : 6 53 0 0 0
BinVal : 6 54 0 0 0
BinVal : 6 55 0 0 0
BinVal : 6 56 0 0 0
BinVal : 6 57 0 0 0
BinVal : 6 58 0 0 0
BinVal : 6 59 0 0 0
BinVal : 6 60 0 0 0
BinVal : 6 61 0 0 0
BinVal : 6 62 0 0 0
BinVal : 6 63 0 0 0
BinVal : 6 64 0 0 0
BinVal : 6 65 0 0 0
BinVal : 6 66 0 0 0
BinVal : 6 67 0 0 0
BinVal : 6 68 0 0 0
BinVal : 6 69 0 0 0
BinVal : 6 70 0 0 0
BinVal : 6 71 0 0 0
BinVal : 6 72 0 0 0


EffMethod : Ratio
EffName : TrigEff
EffType : Binned
EffVarNames : deteta pt
EffVersion : 1
ObjQuality : JET(0,5)_6
ObjRelativeTo : goodJet_CJT(1,5)_ncu
ObjType : Jet
TriggerVersion : v13.3
BinEdgesX : -5 -3.2 -1.5 -0.8 0.8 1.5 3.2 5
BinEdgesY : 0 1 2 3 4 5 6 7 8 9 10 11 12 13 14 15 16 17 18 19 20 21 22 23 24 25 26 27 28 29 30 31 32 33 34 35 36 37 38 39 40 41 42 43 44 45 46 47 48 49 50 51 52 53 54 55 56 57 58 59 60 65 70 75 80 85 90 95 100 105 110 115 120 2000
BinVal : 0 0 0 0 0
BinVal : 0 1 0 0 0
BinVal : 0 2 0 0 0
BinVal : 0 3 0 0 0
BinVal : 0 4 0 0 0
BinVal : 0 5 0 0 0
BinVal : 0 6 0 0 0
BinVal : 0 7 0 0 0
BinVal : 0 8 0 0 0
BinVal : 0 9 0 0 0
BinVal : 0 10 0 0 0
BinVal : 0 11 0 0 0
BinVal : 0 12 0 0 0
BinVal : 0 13 0 0 0
BinVal : 0 14 0 0 0
BinVal : 0 15 0 0 0
BinVal : 0 16 0 0 0
BinVal : 0 17 0 0 0
BinVal : 0 18 0 0 0
BinVal : 0 19 0 0 0
BinVal : 0 20 0 0 0
BinVal : 0 21 0 0 0
BinVal : 0 22 0 0 0
BinVal : 0 23 0 0 0
BinVal : 0 24 0 0 0
BinVal : 0 25 0 0 0
BinVal : 0 26 0 0 0
BinVal : 0 27 0 0 0
BinVal : 0 28 0 0 0
BinVal : 0 29 0 0 0
BinVal : 0 30 0 0 0
BinVal : 0 31 0 0 0
BinVal : 0 32 0 0 0
BinVal : 0 33 0 0 0
BinVal : 0 34 0 0 0
BinVal : 0 35 0 0 0
BinVal : 0 36 0 0 0
BinVal : 0 37 0 0 0
BinVal : 0 38 0 0 0
BinVal : 0 39 0 0 0
BinVal : 0 40 0 0 0
BinVal : 0 41 0 0 0
BinVal : 0 42 0 0 0
BinVal : 0 43 0 0 0
BinVal : 0 44 0 0 0
BinVal : 0 45 0 0 0
BinVal : 0 46 0 0 0
BinVal : 0 47 0 0 0
BinVal : 0 48 0 0 0
BinVal : 0 49 0 0 0
BinVal : 0 50 0 0 0
BinVal : 0 51 0 0 0
BinVal : 0 52 0 0 0
BinVal : 0 53 0 0 0
BinVal : 0 54 0 0 0
BinVal : 0 55 0 0 0
BinVal : 0 56 0 0 0
BinVal : 0 57 0 0 0
BinVal : 0 58 0 0 0
BinVal : 0 59 0 0 0
BinVal : 0 60 0 0 0
BinVal : 0 61 0 0 0
BinVal : 0 62 0 0 0
BinVal : 0 63 0 0 0
BinVal : 0 64 0 0 0
BinVal : 0 65 0 0 0
BinVal : 0 66 0 0 0
BinVal : 0 67 0 0 0
BinVal : 0 68 0 0 0
BinVal : 0 69 0 0 0
BinVal : 0 70 0 0 0
BinVal : 0 71 0 0 0
BinVal : 0 72 0 0 0
BinVal : 1 0 0 0 0
BinVal : 1 1 0 0 0
BinVal : 1 2 0 0 0
BinVal : 1 3 0 0 0
BinVal : 1 4 0 0 0
BinVal : 1 5 0 0 0
BinVal : 1 6 0 0 0
BinVal : 1 7 0 0 0
BinVal : 1 8 0 0 0
BinVal : 1 9 0 0 0
BinVal : 1 10 0 0 0
BinVal : 1 11 0 0 0
BinVal : 1 12 0 0 0
BinVal : 1 13 0 0 0
BinVal : 1 14 0 0 0
BinVal : 1 15 0.985138 0.00557541 0.00557541
BinVal : 1 16 0.983071 0.00448591 0.00448591
BinVal : 1 17 0.992188 0.00275133 0.00275133
BinVal : 1 18 0.996719 0.001638 0.001638
BinVal : 1 19 0.994108 0.00222049 0.00222049
BinVal : 1 20 0.99674 0.00162733 0.00162733
BinVal : 1 21 0.995819 0.00186571 0.00186571
BinVal : 1 22 0.998434 0.00110658 0.00110658
BinVal : 1 23 0.996029 0.00177254 0.00177254
BinVal : 1 24 0.994281 0.00215537 0.00215537
BinVal : 1 25 0.997434 0.00147975 0.00147975
BinVal : 1 26 0.993243 0.00238079 0.00238079
BinVal : 1 27 0.999084 0.000915332 0.000915332
BinVal : 1 28 0.997324 0.00154303 0.00154303
BinVal : 1 29 0.99703 0.00171235 0.00171235
BinVal : 1 30 0.997895 0.00148708 0.00148708
BinVal : 1 31 0.998855 0.00114482 0.00114482
BinVal : 1 32 0.996269 0.00215027 0.00215027
BinVal : 1 33 0.998728 0.00127146 0.00127146
BinVal : 1 34 0.995575 0.00254899 0.00254899
BinVal : 1 35 0.998403 0.00159617 0.00159617
BinVal : 1 36 0.998282 0.00171674 0.00171674
BinVal : 1 37 1 0.000993252 0.000993252
BinVal : 1 38 1 0.00118017 0.00118017
BinVal : 1 39 1 0.00120306 0.00120306
BinVal : 1 40 0.997613 0.00238379 0.00238379
BinVal : 1 41 0.997543 0.00245398 0.00245398
BinVal : 1 42 1 0.00144815 0.00144815
BinVal : 1 43 1 0.00174284 0.00174284
BinVal : 1 44 1 0.00191069 0.00191069
BinVal : 1 45 1 0.00204706 0.00204706
BinVal : 1 46 1 0.00224733 0.00224733
BinVal : 1 47 1 0.00209188 0.00209188
BinVal : 1 48 0.995968 0.00402412 0.00402412
BinVal : 1 49 1 0.00270224 0.00270224
BinVal : 1 50 1 0.00268984 0.00268984
BinVal : 1 51 1 0.00280809 0.00280809
BinVal : 1 52 1 0.00348997 0.00348997
BinVal : 1 53 1 0.00394583 0.00394583
BinVal : 1 54 1 0.00420618 0.00420618
BinVal : 1 55 1 0.00439882 0.00439882
BinVal : 1 56 1 0.00510263 0.00510263
BinVal : 1 57 1 0.00514841 0.00514841
BinVal : 1 58 1 0.0057683 0.0057683
BinVal : 1 59 1 0.00594759 0.00594759
BinVal : 1 60 1 0.00145578 0.00145578
BinVal : 1 61 1 0.00220442 0.00220442
BinVal : 1 62 1 0.00268984 0.00268984
BinVal : 1 63 1 0.00355482 0.00355482
BinVal : 1 64 1 0.00594759 0.00594759
BinVal : 1 65 1 0.00695658 0.00695658
BinVal : 1 66 1 0.0103354 0.0103354
BinVal : 1 67 1 0.0134912 0.0134912
BinVal : 1 68 1 0.0166125 0.0166125
BinVal : 1 69 1 0.0346427 0.0346427
BinVal : 1 70 1 0.0368657 0.0368657
BinVal : 1 71 1 0.0599198 0.0599198
BinVal : 1 72 1 0.017632 0.017632
BinVal : 2 0 0 0 0
BinVal : 2 1 0 0 0
BinVal : 2 2 0 0 0
BinVal : 2 3 0 0 0
BinVal : 2 4 0 0 0
BinVal : 2 5 0 0 0
BinVal : 2 6 0 0 0
BinVal : 2 7 0 0 0
BinVal : 2 8 0 0 0
BinVal : 2 9 0 0 0
BinVal : 2 10 0 0 0
BinVal : 2 11 0 0 0
BinVal : 2 12 0 0 0
BinVal : 2 13 0 0 0
BinVal : 2 14 0 0 0
BinVal : 2 15 0.842697 0.0272894 0.0272894
BinVal : 2 16 0.921933 0.0163571 0.0163571
BinVal : 2 17 0.92654 0.0126999 0.0126999
BinVal : 2 18 0.944631 0.00936789 0.00936789
BinVal : 2 19 0.946319 0.00882684 0.00882684
BinVal : 2 20 0.961367 0.00742876 0.00742876
BinVal : 2 21 0.966176 0.00693239 0.00693239
BinVal : 2 22 0.970238 0.00655518 0.00655518
BinVal : 2 23 0.980114 0.00526174 0.00526174
BinVal : 2 24 0.978523 0.00531116 0.00531116
BinVal : 2 25 0.986068 0.0046115 0.0046115
BinVal : 2 26 0.984756 0.00478366 0.00478366
BinVal : 2 27 0.983402 0.00475136 0.00475136
BinVal : 2 28 0.989796 0.00383705 0.00383705
BinVal : 2 29 0.987138 0.00451797 0.00451797
BinVal : 2 30 0.987159 0.00451077 0.00451077
BinVal : 2 31 0.991135 0.00394705 0.00394705
BinVal : 2 32 0.993031 0.00347216 0.00347216
BinVal : 2 33 0.994485 0.00317513 0.00317513
BinVal : 2 34 0.993697 0.00362728 0.00362728
BinVal : 2 35 0.997817 0.00218102 0.00218102
BinVal : 2 36 1 0.00128317 0.00128317
BinVal : 2 37 0.990868 0.00454531 0.00454531
BinVal : 2 38 0.997549 0.00244797 0.00244797
BinVal : 2 39 1 0.00154161 0.00154161
BinVal : 2 40 0.994366 0.00397246 0.00397246
BinVal : 2 41 0.99697 0.00302571 0.00302571
BinVal : 2 42 0.99361 0.0045038 0.0045038
BinVal : 2 43 0.993548 0.00454724 0.00454724
BinVal : 2 44 0.99631 0.00368322 0.00368322
BinVal : 2 45 1 0.00193644 0.00193644
BinVal : 2 46 0.995726 0.00426436 0.00426436
BinVal : 2 47 0.996296 0.00369684 0.00369684
BinVal : 2 48 1 0.00251341 0.00251341
BinVal : 2 49 1 0.00236845 0.00236845
BinVal : 2 50 1 0.00282145 0.00282145
BinVal : 2 51 0.994152 0.00583083 0.00583083
BinVal : 2 52 0.994186 0.00579703 0.00579703
BinVal : 2 53 1 0.00397348 0.00397348
BinVal : 2 54 1 0.00342798 0.00342798
BinVal : 2 55 0.992537 0.00743479 0.00743479
BinVal : 2 56 1 0.00411558 0.00411558
BinVal : 2 57 1 0.00501394 0.00501394
BinVal : 2 58 1 0.00433302 0.00433302
BinVal : 2 59 1 0.00594759 0.00594759
BinVal : 2 60 0.995671 0.00305444 0.00305444
BinVal : 2 61 0.994152 0.00412302 0.00412302
BinVal : 2 62 1 0.00202608 0.00202608
BinVal : 2 63 1 0.00274134 0.00274134
BinVal : 2 64 0.993711 0.0062695 0.0062695
BinVal : 2 65 1 0.00420618 0.00420618
BinVal : 2 66 1 0.00613832 0.00613832
BinVal : 2 67 1 0.0107217 0.0107217
BinVal : 2 68 1 0.0107217 0.0107217
BinVal : 2 69 1 0.0141568 0.0141568
BinVal : 2 70 1 0.0141568 0.0141568
BinVal : 2 71 1 0.0422902 0.0422902
BinVal : 2 72 1 0.00391912 0.00391912
BinVal : 3 0 0 0 0
BinVal : 3 1 0 0 0
BinVal : 3 2 0 0 0
BinVal : 3 3 0 0 0
BinVal : 3 4 0 0 0
BinVal : 3 5 0 0 0
BinVal : 3 6 0 0 0
BinVal : 3 7 0 0 0
BinVal : 3 8 0 0 0
BinVal : 3 9 0 0 0
BinVal : 3 10 0 0 0
BinVal : 3 11 0 0 0
BinVal : 3 12 0 0 0
BinVal : 3 13 0 0 0
BinVal : 3 14 0 0 0
BinVal : 3 15 0.92526 0.00808855 0.00808855
BinVal : 3 16 0.936541 0.00560612 0.00560612
BinVal : 3 17 0.943452 0.00445505 0.00445505
BinVal : 3 18 0.965975 0.00334413 0.00334413
BinVal : 3 19 0.9711 0.00303589 0.00303589
BinVal : 3 20 0.976628 0.00266702 0.00266702
BinVal : 3 21 0.978921 0.00252909 0.00252909
BinVal : 3 22 0.985354 0.00212068 0.00212068
BinVal : 3 23 0.986448 0.00205259 0.00205259
BinVal : 3 24 0.991883 0.00161677 0.00161677
BinVal : 3 25 0.993308 0.00145545 0.00145545
BinVal : 3 26 0.994705 0.00132012 0.00132012
BinVal : 3 27 0.992766 0.00157285 0.00157285
BinVal : 3 28 0.994969 0.00134108 0.00134108
BinVal : 3 29 0.996431 0.00118741 0.00118741
BinVal : 3 30 0.996377 0.00120554 0.00120554
BinVal : 3 31 0.995704 0.00135545 0.00135545
BinVal : 3 32 0.997693 0.00103068 0.00103068
BinVal : 3 33 0.99562 0.00145665 0.00145665
BinVal : 3 34 0.997424 0.00115053 0.00115053
BinVal : 3 35 0.997746 0.00112549 0.00112549
BinVal : 3 36 0.996243 0.00153092 0.00153092
BinVal : 3 37 0.99734 0.00132802 0.00132802
BinVal : 3 38 0.998596 0.000991734 0.000991734
BinVal : 3 39 0.996255 0.00167182 0.00167182
BinVal : 3 40 0.997481 0.00145245 0.00145245
BinVal : 3 41 1 0.000544071 0.000544071
BinVal : 3 42 0.998082 0.00135461 0.00135461
BinVal : 3 43 0.997974 0.00143139 0.00143139
BinVal : 3 44 0.997788 0.00156266 0.00156266
BinVal : 3 45 0.996583 0.00196935 0.00196935
BinVal : 3 46 1 0.000770092 0.000770092
BinVal : 3 47 1 0.000813007 0.000813007
BinVal : 3 48 0.998523 0.00147601 0.00147601
BinVal : 3 49 1 0.000902653 0.000902653
BinVal : 3 50 1 0.00106859 0.00106859
BinVal : 3 51 0.998185 0.00181323 0.00181323
BinVal : 3 52 1 0.00118017 0.00118017
BinVal : 3 53 0.993197 0.00391417 0.00391417
BinVal : 3 54 0.997585 0.00241254 0.00241254
BinVal : 3 55 1 0.0013566 0.0013566
BinVal : 3 56 0.997573 0.00242424 0.00242424
BinVal : 3 57 0.997389 0.00260756 0.00260756
BinVal : 3 58 1 0.00163889 0.00163889
BinVal : 3 59 1 0.00177526 0.00177526
BinVal : 3 60 1 0.000422955 0.000422955
BinVal : 3 61 1 0.000594616 0.000594616
BinVal : 3 62 0.998549 0.00145033 0.00145033
BinVal : 3 63 1 0.000989437 0.000989437
BinVal : 3 64 1 0.00130701 0.00130701
BinVal : 3 65 1 0.00163889 0.00163889
BinVal : 3 66 1 0.00202608 0.00202608
BinVal : 3 67 1 0.00276709 0.00276709
BinVal : 3 68 1 0.00381517 0.00381517
BinVal : 3 69 1 0.00446749 0.00446749
BinVal : 3 70 1 0.00549269 0.00549269
BinVal : 3 71 1 0.00663519 0.00663519
BinVal : 3 72 1 0.00132799 0.00132799
BinVal : 4 0 0 0 0
BinVal : 4 1 0 0 0
BinVal : 4 2 0 0 0
BinVal : 4 3 0 0 0
BinVal : 4 4 0 0 0
BinVal : 4 5 0 0 0
BinVal : 4 6 0 0 0
BinVal : 4 7 0 0 0
BinVal : 4 8 0 0 0
BinVal : 4 9 0 0 0
BinVal : 4 10 0 0 0
BinVal : 4 11 0 0 0
BinVal : 4 12 0 0 0
BinVal : 4 13 0 0 0
BinVal : 4 14 0 0 0
BinVal : 4 15 0.906977 0.0221478 0.0221478
BinVal : 4 16 0.905579 0.0191566 0.0191566
BinVal : 4 17 0.925926 0.012224 0.012224
BinVal : 4 18 0.948845 0.00894965 0.00894965
BinVal : 4 19 0.952607 0.00844527 0.00844527
BinVal : 4 20 0.959701 0.00759758 0.00759758
BinVal : 4 21 0.96748 0.00715255 0.00715255
BinVal : 4 22 0.974359 0.00596566 0.00596566
BinVal : 4 23 0.985836 0.00444731 0.00444731
BinVal : 4 24 0.987306 0.00420437 0.00420437
BinVal : 4 25 0.987552 0.00412347 0.00412347
BinVal : 4 26 0.982409 0.00483586 0.00483586
BinVal : 4 27 0.98827 0.00412286 0.00412286
BinVal : 4 28 0.992138 0.00350198 0.00350198
BinVal : 4 29 0.994039 0.00297173 0.00297173
BinVal : 4 30 1 0.000864506 0.000864506
BinVal : 4 31 0.994915 0.00292821 0.00292821
BinVal : 4 32 0.993243 0.00336695 0.00336695
BinVal : 4 33 0.988095 0.00483108 0.00483108
BinVal : 4 34 0.994555 0.0031349 0.0031349
BinVal : 4 35 0.992634 0.00366965 0.00366965
BinVal : 4 36 0.993535 0.00372078 0.00372078
BinVal : 4 37 0.995671 0.00305444 0.00305444
BinVal : 4 38 0.997573 0.00242424 0.00242424
BinVal : 4 39 0.990499 0.00472797 0.00472797
BinVal : 4 40 0.994429 0.00392833 0.00392833
BinVal : 4 41 0.991667 0.00479116 0.00479116
BinVal : 4 42 0.996875 0.00312011 0.00312011
BinVal : 4 43 0.996815 0.00317964 0.00317964
BinVal : 4 44 0.993174 0.00481017 0.00481017
BinVal : 4 45 0.993174 0.00481017 0.00481017
BinVal : 4 46 1 0.00217104 0.00217104
BinVal : 4 47 0.991968 0.00565672 0.00565672
BinVal : 4 48 0.987069 0.00741731 0.00741731
BinVal : 4 49 0.995614 0.00437634 0.00437634
BinVal : 4 50 0.995122 0.00486614 0.00486614
BinVal : 4 51 1 0.00266504 0.00266504
BinVal : 4 52 0.989418 0.00744292 0.00744292
BinVal : 4 53 0.993421 0.00655727 0.00655727
BinVal : 4 54 0.993827 0.00615376 0.00615376
BinVal : 4 55 0.99375 0.00623044 0.00623044
BinVal : 4 56 1 0.00394583 0.00394583
BinVal : 4 57 1 0.0048852 0.0048852
BinVal : 4 58 1 0.00480413 0.00480413
BinVal : 4 59 1 0.00480413 0.00480413
BinVal : 4 60 0.997854 0.00214362 0.00214362
BinVal : 4 61 1 0.00173807 0.00173807
BinVal : 4 62 1 0.00196981 0.00196981
BinVal : 4 63 1 0.0033679 0.0033679
BinVal : 4 64 0.993789 0.00619186 0.00619186
BinVal : 4 65 1 0.00436544 0.00436544
BinVal : 4 66 1 0.00571108 0.00571108
BinVal : 4 67 1 0.00648546 0.00648546
BinVal : 4 68 1 0.00750113 0.00750113
BinVal : 4 69 1 0.0118251 0.0118251
BinVal : 4 70 1 0.0157046 0.0157046
BinVal : 4 71 1 0.0161462 0.0161462
BinVal : 4 72 1 0.00378942 0.00378942
BinVal : 5 0 0 0 0
BinVal : 5 1 0 0 0
BinVal : 5 2 0 0 0
BinVal : 5 3 0 0 0
BinVal : 5 4 0 0 0
BinVal : 5 5 0 0 0
BinVal : 5 6 0 0 0
BinVal : 5 7 0 0 0
BinVal : 5 8 0 0 0
BinVal : 5 9 0 0 0
BinVal : 5 10 0 0 0
BinVal : 5 11 0 0 0
BinVal : 5 12 0 0 0
BinVal : 5 13 0 0 0
BinVal : 5 14 0 0 0
BinVal : 5 15 0.992788 0.00414854 0.00414854
BinVal : 5 16 0.983003 0.00486478 0.00486478
BinVal : 5 17 0.995976 0.00200802 0.00200802
BinVal : 5 18 0.992293 0.00271436 0.00271436
BinVal : 5 19 0.995362 0.00206946 0.00206946
BinVal : 5 20 0.993783 0.00234238 0.00234238
BinVal : 5 21 0.994932 0.00206358 0.00206358
BinVal : 5 22 0.997462 0.0014635 0.0014635
BinVal : 5 23 0.999164 0.000835771 0.000835771
BinVal : 5 24 0.998309 0.00119444 0.00119444
BinVal : 5 25 0.996531 0.00173159 0.00173159
BinVal : 5 26 0.994676 0.00216767 0.00216767
BinVal : 5 27 0.999045 0.000954654 0.000954654
BinVal : 5 28 0.997143 0.00164721 0.00164721
BinVal : 5 29 0.996991 0.00173465 0.00173465
BinVal : 5 30 1 0.000615597 0.000615597
BinVal : 5 31 0.995116 0.00243603 0.00243603
BinVal : 5 32 0.998711 0.00128783 0.00128783
BinVal : 5 33 0.998665 0.00133422 0.00133422
BinVal : 5 34 0.997163 0.00200313 0.00200313
BinVal : 5 35 0.996933 0.00216571 0.00216571
BinVal : 5 36 0.998224 0.00177462 0.00177462
BinVal : 5 37 1 0.0010047 0.0010047
BinVal : 5 38 0.998148 0.00185014 0.00185014
BinVal : 5 39 1 0.00129461 0.00129461
BinVal : 5 40 1 0.0012641 0.0012641
BinVal : 5 41 1 0.00134706 0.00134706
BinVal : 5 42 1 0.00158834 0.00158834
BinVal : 5 43 1 0.00152922 0.00152922
BinVal : 5 44 0.996785 0.00321026 0.00321026
BinVal : 5 45 1 0.00180292 0.00180292
BinVal : 5 46 1 0.00240755 0.00240755
BinVal : 5 47 1 0.0025239 0.0025239
BinVal : 5 48 1 0.00250196 0.00250196
BinVal : 5 49 1 0.00283575 0.00283575
BinVal : 5 50 1 0.00330973 0.00330973
BinVal : 5 51 1 0.00325346 0.00325346
BinVal : 5 52 0.994475 0.00550958 0.00550958
BinVal : 5 53 0.99359 0.00638968 0.00638968
BinVal : 5 54 1 0.00366831 0.00366831
BinVal : 5 55 1 0.00397348 0.00397348
BinVal : 5 56 1 0.00492716 0.00492716
BinVal : 5 57 1 0.00529051 0.00529051
BinVal : 5 58 1 0.00554609 0.00554609
BinVal : 5 59 1 0.00601053 0.00601053
BinVal : 5 60 1 0.00137568 0.00137568
BinVal : 5 61 1 0.00204039 0.00204039
BinVal : 5 62 1 0.00287867 0.00287867
BinVal : 5 63 1 0.00378942 0.00378942
BinVal : 5 64 1 0.00514841 0.00514841
BinVal : 5 65 1 0.0074048 0.0074048
BinVal : 5 66 1 0.00875998 0.00875998
BinVal : 5 67 1 0.0166125 0.0166125
BinVal : 5 68 1 0.0148902 0.0148902
BinVal : 5 69 1 0.0224566 0.0224566
BinVal : 5 70 1 0.0224566 0.0224566
BinVal : 5 71 1 0.0368657 0.0368657
BinVal : 5 72 1 0.0233703 0.0233703
BinVal : 6 0 0 0 0
BinVal : 6 1 0 0 0
BinVal : 6 2 0 0 0
BinVal : 6 3 0 0 0
BinVal : 6 4 0 0 0
BinVal : 6 5 0 0 0
BinVal : 6 6 0 0 0
BinVal : 6 7 0 0 0
BinVal : 6 8 0 0 0
BinVal : 6 9 0 0 0
BinVal : 6 10 0 0 0
BinVal : 6 11 0 0 0
BinVal : 6 12 0 0 0
BinVal : 6 13 0 0 0
BinVal : 6 14 0 0 0
BinVal : 6 15 0 0 0
BinVal : 6 16 0 0 0
BinVal : 6 17 0 0 0
BinVal : 6 18 0 0 0
BinVal : 6 19 0 0 0
BinVal : 6 20 0 0 0
BinVal : 6 21 0 0 0
BinVal : 6 22 0 0 0
BinVal : 6 23 0 0 0
BinVal : 6 24 0 0 0
BinVal : 6 25 0 0 0
BinVal : 6 26 0 0 0
BinVal : 6 27 0 0 0
BinVal : 6 28 0 0 0
BinVal : 6 29 0 0 0
BinVal : 6 30 0 0 0
BinVal : 6 31 0 0 0
BinVal : 6 32 0 0 0
BinVal : 6 33 0 0 0
BinVal : 6 34 0 0 0
BinVal : 6 35 0 0 0
BinVal : 6 36 0 0 0
BinVal : 6 37 0 0 0
BinVal : 6 38 0 0 0
BinVal : 6 39 0 0 0
BinVal : 6 40 0 0 0
BinVal : 6 41 0 0 0
BinVal : 6 42 0 0 0
BinVal : 6 43 0 0 0
BinVal : 6 44 0 0 0
BinVal : 6 45 0 0 0
BinVal : 6 46 0 0 0
BinVal : 6 47 0 0 0
BinVal : 6 48 0 0 0
BinVal : 6 49 0 0 0
BinVal : 6 50 0 0 0
BinVal : 6 51 0 0 0
BinVal : 6 52 0 0 0
BinVal : 6 53 0 0 0
BinVal : 6 54 0 0 0
BinVal : 6 55 0 0 0
BinVal : 6 56 0 0 0
BinVal : 6 57 0 0 0
BinVal : 6 58 0 0 0
BinVal : 6 59 0 0 0
BinVal : 6 60 0 0 0
BinVal : 6 61 0 0 0
BinVal : 6 62 0 0 0
BinVal : 6 63 0 0 0
BinVal : 6 64 0 0 0
BinVal : 6 65 0 0 0
BinVal : 6 66 0 0 0
BinVal : 6 67 0 0 0
BinVal : 6 68 0 0 0
BinVal : 6 69 0 0 0
BinVal : 6 70 0 0 0
BinVal : 6 71 0 0 0
BinVal : 6 72 0 0 0


EffMethod : Ratio
EffName : TrigEff
EffType : Binned
EffVarNames : deteta pt
EffVersion : 1
ObjQuality : JET(0,5)_6
ObjRelativeTo : goodJet_CJT(1,5)_ncu
ObjType : Jet
TriggerVersion : v14
BinEdgesX : -5 -3.2 -1.5 -0.8 0.8 1.5 3.2 5
BinEdgesY : 0 1 2 3 4 5 6 7 8 9 10 11 12 13 14 15 16 17 18 19 20 21 22 23 24 25 26 27 28 29 30 31 32 33 34 35 36 37 38 39 40 41 42 43 44 45 46 47 48 49 50 51 52 53 54 55 56 57 58 59 60 65 70 75 80 85 90 95 100 105 110 115 120 2000
BinVal : 0 0 0 0 0
BinVal : 0 1 0 0 0
BinVal : 0 2 0 0 0
BinVal : 0 3 0 0 0
BinVal : 0 4 0 0 0
BinVal : 0 5 0 0 0
BinVal : 0 6 0 0 0
BinVal : 0 7 0 0 0
BinVal : 0 8 0 0 0
BinVal : 0 9 0 0 0
BinVal : 0 10 0 0 0
BinVal : 0 11 0 0 0
BinVal : 0 12 0 0 0
BinVal : 0 13 0 0 0
BinVal : 0 14 0 0 0
BinVal : 0 15 0 0 0
BinVal : 0 16 0 0 0
BinVal : 0 17 0 0 0
BinVal : 0 18 0 0 0
BinVal : 0 19 0 0 0
BinVal : 0 20 0 0 0
BinVal : 0 21 0 0 0
BinVal : 0 22 0 0 0
BinVal : 0 23 0 0 0
BinVal : 0 24 0 0 0
BinVal : 0 25 0 0 0
BinVal : 0 26 0 0 0
BinVal : 0 27 0 0 0
BinVal : 0 28 0 0 0
BinVal : 0 29 0 0 0
BinVal : 0 30 0 0 0
BinVal : 0 31 0 0 0
BinVal : 0 32 0 0 0
BinVal : 0 33 0 0 0
BinVal : 0 34 0 0 0
BinVal : 0 35 0 0 0
BinVal : 0 36 0 0 0
BinVal : 0 37 0 0 0
BinVal : 0 38 0 0 0
BinVal : 0 39 0 0 0
BinVal : 0 40 0 0 0
BinVal : 0 41 0 0 0
BinVal : 0 42 0 0 0
BinVal : 0 43 0 0 0
BinVal : 0 44 0 0 0
BinVal : 0 45 0 0 0
BinVal : 0 46 0 0 0
BinVal : 0 47 0 0 0
BinVal : 0 48 0 0 0
BinVal : 0 49 0 0 0
BinVal : 0 50 0 0 0
BinVal : 0 51 0 0 0
BinVal : 0 52 0 0 0
BinVal : 0 53 0 0 0
BinVal : 0 54 0 0 0
BinVal : 0 55 0 0 0
BinVal : 0 56 0 0 0
BinVal : 0 57 0 0 0
BinVal : 0 58 0 0 0
BinVal : 0 59 0 0 0
BinVal : 0 60 0 0 0
BinVal : 0 61 0 0 0
BinVal : 0 62 0 0 0
BinVal : 0 63 0 0 0
BinVal : 0 64 0 0 0
BinVal : 0 65 0 0 0
BinVal : 0 66 0 0 0
BinVal : 0 67 0 0 0
BinVal : 0 68 0 0 0
BinVal : 0 69 0 0 0
BinVal : 0 70 0 0 0
BinVal : 0 71 0 0 0
BinVal : 0 72 0 0 0
BinVal : 1 0 0 0 0
BinVal : 1 1 0 0 0
BinVal : 1 2 0 0 0
BinVal : 1 3 0 0 0
BinVal : 1 4 0 0 0
BinVal : 1 5 0 0 0
BinVal : 1 6 0 0 0
BinVal : 1 7 0 0 0
BinVal : 1 8 0 0 0
BinVal : 1 9 0 0 0
BinVal : 1 10 0 0 0
BinVal : 1 11 0 0 0
BinVal : 1 12 0 0 0
BinVal : 1 13 0 0 0
BinVal : 1 14 0 0 0
BinVal : 1 15 0.984444 0.00583354 0.00583354
BinVal : 1 16 0.994924 0.00253162 0.00253162
BinVal : 1 17 0.991237 0.0029083 0.0029083
BinVal : 1 18 0.991636 0.00277642 0.00277642
BinVal : 1 19 0.990849 0.0027466 0.0027466
BinVal : 1 20 0.995094 0.00199793 0.00199793
BinVal : 1 21 0.994505 0.00207101 0.00207101
BinVal : 1 22 0.995871 0.00184265 0.00184265
BinVal : 1 23 0.996823 0.00158604 0.00158604
BinVal : 1 24 0.995847 0.00185334 0.00185334
BinVal : 1 25 1 0.00049448 0.00049448
BinVal : 1 26 0.997331 0.00153891 0.00153891
BinVal : 1 27 0.99814 0.00131432 0.00131432
BinVal : 1 28 0.998984 0.00101574 0.00101574
BinVal : 1 29 1 0.000631809 0.000631809
BinVal : 1 30 0.998817 0.00118273 0.00118273
BinVal : 1 31 1 0.000671864 0.000671864
BinVal : 1 32 1 0.000795841 0.000795841
BinVal : 1 33 0.99696 0.00214599 0.00214599
BinVal : 1 34 1 0.000917912 0.000917912
BinVal : 1 35 0.998243 0.00175592 0.00175592
BinVal : 1 36 0.997996 0.002002 0.002002
BinVal : 1 37 1 0.00110769 0.00110769
BinVal : 1 38 0.997613 0.00238379 0.00238379
BinVal : 1 39 1 0.00130415 0.00130415
BinVal : 1 40 1 0.00155878 0.00155878
BinVal : 1 41 1 0.00147486 0.00147486
BinVal : 1 42 1 0.00174856 0.00174856
BinVal : 1 43 1 0.00206232 0.00206232
BinVal : 1 44 1 0.00219584 0.00219584
BinVal : 1 45 1 0.00237799 0.00237799
BinVal : 1 46 1 0.00256968 0.00256968
BinVal : 1 47 1 0.0025239 0.0025239
BinVal : 1 48 1 0.00267744 0.00267744
BinVal : 1 49 1 0.0031991 0.0031991
BinVal : 1 50 1 0.00334787 0.00334787
BinVal : 1 51 0.987654 0.00867566 0.00867566
BinVal : 1 52 1 0.00386667 0.00386667
BinVal : 1 53 1 0.00394583 0.00394583
BinVal : 1 54 1 0.0045743 0.0045743
BinVal : 1 55 1 0.00554609 0.00554609
BinVal : 1 56 1 0.00620508 0.00620508
BinVal : 1 57 1 0.00538969 0.00538969
BinVal : 1 58 1 0.00671244 0.00671244
BinVal : 1 59 1 0.00687265 0.00687265
BinVal : 1 60 1 0.00174284 0.00174284
BinVal : 1 61 1 0.00248098 0.00248098
BinVal : 1 62 1 0.00364542 0.00364542
BinVal : 1 63 1 0.00480413 0.00480413
BinVal : 1 64 1 0.00731039 0.00731039
BinVal : 1 65 1 0.0088954 0.0088954
BinVal : 1 66 1 0.0128865 0.0128865
BinVal : 1 67 1 0.0145144 0.0145144
BinVal : 1 68 1 0.0346427 0.0346427
BinVal : 1 69 1 0.0254407 0.0254407
BinVal : 1 70 1 0.039392 0.039392
BinVal : 1 71 1 0.0599198 0.0599198
BinVal : 1 72 1 0.0171075 0.0171075
BinVal : 2 0 0 0 0
BinVal : 2 1 0 0 0
BinVal : 2 2 0 0 0
BinVal : 2 3 0 0 0
BinVal : 2 4 0 0 0
BinVal : 2 5 0 0 0
BinVal : 2 6 0 0 0
BinVal : 2 7 0 0 0
BinVal : 2 8 0 0 0
BinVal : 2 9 0 0 0
BinVal : 2 10 0 0 0
BinVal : 2 11 0 0 0
BinVal : 2 12 0 0 0
BinVal : 2 13 0 0 0
BinVal : 2 14 0 0 0
BinVal : 2 15 0.931818 0.0189996 0.0189996
BinVal : 2 16 0.895238 0.021133 0.021133
BinVal : 2 17 0.95202 0.01074 0.01074
BinVal : 2 18 0.933798 0.0103778 0.0103778
BinVal : 2 19 0.95768 0.00797024 0.00797024
BinVal : 2 20 0.964006 0.00736891 0.00736891
BinVal : 2 21 0.972344 0.00625648 0.00625648
BinVal : 2 22 0.985465 0.00456281 0.00456281
BinVal : 2 23 0.977433 0.00557773 0.00557773
BinVal : 2 24 0.981994 0.00494868 0.00494868
BinVal : 2 25 0.992013 0.0035577 0.0035577
BinVal : 2 26 0.992272 0.00344268 0.00344268
BinVal : 2 27 0.987842 0.00427231 0.00427231
BinVal : 2 28 0.988746 0.00422962 0.00422962
BinVal : 2 29 0.991319 0.00386518 0.00386518
BinVal : 2 30 0.99115 0.00394009 0.00394009
BinVal : 2 31 0.996255 0.00264338 0.00264338
BinVal : 2 32 1 0.00117826 0.00117826
BinVal : 2 33 0.986328 0.00513204 0.00513204
BinVal : 2 34 0.995238 0.00335915 0.00335915
BinVal : 2 35 0.992647 0.00422959 0.00422959
BinVal : 2 36 0.997506 0.00249065 0.00249065
BinVal : 2 37 0.990196 0.00487787 0.00487787
BinVal : 2 38 0.994709 0.00373139 0.00373139
BinVal : 2 39 1 0.00161505 0.00161505
BinVal : 2 40 0.996764 0.00323101 0.00323101
BinVal : 2 41 0.996324 0.00366971 0.00366971
BinVal : 2 42 1 0.00209951 0.00209951
BinVal : 2 43 0.988095 0.00683218 0.00683218
BinVal : 2 44 0.988679 0.00649894 0.00649894
BinVal : 2 45 1 0.00228357 0.00228357
BinVal : 2 46 0.995327 0.00466197 0.00466197
BinVal : 2 47 0.995098 0.00488993 0.00488993
BinVal : 2 48 1 0.0033288 0.0033288
BinVal : 2 49 1 0.0030303 0.0030303
BinVal : 2 50 1 0.00389242 0.00389242
BinVal : 2 51 0.984615 0.0107946 0.0107946
BinVal : 2 52 0.992248 0.00772183 0.00772183
BinVal : 2 53 1 0.00497007 0.00497007
BinVal : 2 54 0.992366 0.0076044 0.0076044
BinVal : 2 55 1 0.00484419 0.00484419
BinVal : 2 56 1 0.00505781 0.00505781
BinVal : 2 57 1 0.00565481 0.00565481
BinVal : 2 58 0.990196 0.00975574 0.00975574
BinVal : 2 59 1 0.00524187 0.00524187
BinVal : 2 60 0.995134 0.00343253 0.00343253
BinVal : 2 61 1 0.00199747 0.00199747
BinVal : 2 62 1 0.00239801 0.00239801
BinVal : 2 63 0.995122 0.00486614 0.00486614
BinVal : 2 64 1 0.00411558 0.00411558
BinVal : 2 65 0.979798 0.01414 0.01414
BinVal : 2 66 1 0.00903559 0.00903559
BinVal : 2 67 0.982143 0.017697 0.017697
BinVal : 2 68 1 0.00875998 0.00875998
BinVal : 2 69 1 0.0138164 0.0138164
BinVal : 2 70 1 0.0171075 0.0171075
BinVal : 2 71 1 0.018786 0.018786
BinVal : 2 72 1 0.00519514 0.00519514
BinVal : 3 0 0 0 0
BinVal : 3 1 0 0 0
BinVal : 3 2 0 0 0
BinVal : 3 3 0 0 0
BinVal : 3 4 0 0 0
BinVal : 3 5 0 0 0
BinVal : 3 6 0 0 0
BinVal : 3 7 0 0 0
BinVal : 3 8 0 0 0
BinVal : 3 9 0 0 0
BinVal : 3 10 0 0 0
BinVal : 3 11 0 0 0
BinVal : 3 12 0 0 0
BinVal : 3 13 0 0 0
BinVal : 3 14 0 0 0
BinVal : 3 15 0.920164 0.00867132 0.00867132
BinVal : 3 16 0.941972 0.00554931 0.00554931
BinVal : 3 17 0.95173 0.00429879 0.00429879
BinVal : 3 18 0.961729 0.00361145 0.00361145
BinVal : 3 19 0.976389 0.00282926 0.00282926
BinVal : 3 20 0.977318 0.0027192 0.0027192
BinVal : 3 21 0.981157 0.0024941 0.0024941
BinVal : 3 22 0.9844 0.00223398 0.00223398
BinVal : 3 23 0.990666 0.00172513 0.00172513
BinVal : 3 24 0.993037 0.00151412 0.00151412
BinVal : 3 25 0.992028 0.00165569 0.00165569
BinVal : 3 26 0.992553 0.00161896 0.00161896
BinVal : 3 27 0.996647 0.00111586 0.00111586
BinVal : 3 28 0.995259 0.00136542 0.00136542
BinVal : 3 29 0.99666 0.001179 0.001179
BinVal : 3 30 0.995368 0.0014613 0.0014613
BinVal : 3 31 0.99705 0.00120249 0.00120249
BinVal : 3 32 0.99384 0.0017728 0.0017728
BinVal : 3 33 0.997815 0.00109111 0.00109111
BinVal : 3 34 0.999369 0.000631114 0.000631114
BinVal : 3 35 0.998066 0.00111565 0.00111565
BinVal : 3 36 0.998636 0.000964017 0.000964017
BinVal : 3 37 0.997039 0.00147819 0.00147819
BinVal : 3 38 0.995958 0.001804 0.001804
BinVal : 3 39 0.999124 0.00087604 0.00087604
BinVal : 3 40 0.999022 0.000977039 0.000977039
BinVal : 3 41 0.998928 0.00107124 0.00107124
BinVal : 3 42 0.996552 0.00198743 0.00198743
BinVal : 3 43 0.998786 0.00121286 0.00121286
BinVal : 3 44 0.99625 0.002161 0.002161
BinVal : 3 45 0.996324 0.00211871 0.00211871
BinVal : 3 46 0.998418 0.00158103 0.00158103
BinVal : 3 47 0.996667 0.00235309 0.00235309
BinVal : 3 48 0.998148 0.00185014 0.00185014
BinVal : 3 49 0.998172 0.00182648 0.00182648
BinVal : 3 50 1 0.00116587 0.00116587
BinVal : 3 51 1 0.00130415 0.00130415
BinVal : 3 52 1 0.00134993 0.00134993
BinVal : 3 53 1 0.00138903 0.00138903
BinVal : 3 54 0.997268 0.00272851 0.00272851
BinVal : 3 55 1 0.00157976 0.00157976
BinVal : 3 56 1 0.00165224 0.00165224
BinVal : 3 57 1 0.00181437 0.00181437
BinVal : 3 58 1 0.00211477 0.00211477
BinVal : 3 59 1 0.00207663 0.00207663
BinVal : 3 60 1 0.000547886 0.000547886
BinVal : 3 61 0.997494 0.00176998 0.00176998
BinVal : 3 62 1 0.0009408 0.0009408
BinVal : 3 63 1 0.00124693 0.00124693
BinVal : 3 64 1 0.00175333 0.00175333
BinVal : 3 65 1 0.00188017 0.00188017
BinVal : 3 66 1 0.00260401 0.00260401
BinVal : 3 67 1 0.00338697 0.00338697
BinVal : 3 68 1 0.00408602 0.00408602
BinVal : 3 69 1 0.00560045 0.00560045
BinVal : 3 70 1 0.00620508 0.00620508
BinVal : 3 71 1 0.00948286 0.00948286
BinVal : 3 72 1 0.00169134 0.00169134
BinVal : 4 0 0 0 0
BinVal : 4 1 0 0 0
BinVal : 4 2 0 0 0
BinVal : 4 3 0 0 0
BinVal : 4 4 0 0 0
BinVal : 4 5 0 0 0
BinVal : 4 6 0 0 0
BinVal : 4 7 0 0 0
BinVal : 4 8 0 0 0
BinVal : 4 9 0 0 0
BinVal : 4 10 0 0 0
BinVal : 4 11 0 0 0
BinVal : 4 12 0 0 0
BinVal : 4 13 0 0 0
BinVal : 4 14 0 0 0
BinVal : 4 15 0.928571 0.0190901 0.0190901
BinVal : 4 16 0.924779 0.0175443 0.0175443
BinVal : 4 17 0.950249 0.0108445 0.0108445
BinVal : 4 18 0.95082 0.00922908 0.00922908
BinVal : 4 19 0.961656 0.00752025 0.00752025
BinVal : 4 20 0.968896 0.00684609 0.00684609
BinVal : 4 21 0.974852 0.00602209 0.00602209
BinVal : 4 22 0.98433 0.00468737 0.00468737
BinVal : 4 23 0.986667 0.00441472 0.00441472
BinVal : 4 24 0.988042 0.00420249 0.00420249
BinVal : 4 25 0.985775 0.00446615 0.00446615
BinVal : 4 26 0.996899 0.00218918 0.00218918
BinVal : 4 27 0.990431 0.00388795 0.00388795
BinVal : 4 28 0.993779 0.00310073 0.00310073
BinVal : 4 29 0.993344 0.00331669 0.00331669
BinVal : 4 30 0.992793 0.00359059 0.00359059
BinVal : 4 31 0.994231 0.00332124 0.00332124
BinVal : 4 32 0.998073 0.00192493 0.00192493
BinVal : 4 33 0.991111 0.00442465 0.00442465
BinVal : 4 34 0.997812 0.00218579 0.00218579
BinVal : 4 35 0.986111 0.0056306 0.0056306
BinVal : 4 36 0.988662 0.00504162 0.00504162
BinVal : 4 37 0.997416 0.00258064 0.00258064
BinVal : 4 38 0.994709 0.00373139 0.00373139
BinVal : 4 39 1 0.00159788 0.00159788
BinVal : 4 40 0.994012 0.00422148 0.00422148
BinVal : 4 41 0.996667 0.00332777 0.00332777
BinVal : 4 42 0.993197 0.00479386 0.00479386
BinVal : 4 43 1 0.00211477 0.00211477
BinVal : 4 44 1 0.00217104 0.00217104
BinVal : 4 45 0.995868 0.00412368 0.00412368
BinVal : 4 46 0.995652 0.00433836 0.00433836
BinVal : 4 47 0.994475 0.00550958 0.00550958
BinVal : 4 48 1 0.00321627 0.00321627
BinVal : 4 49 1 0.00299883 0.00299883
BinVal : 4 50 1 0.00348997 0.00348997
BinVal : 4 51 1 0.00376463 0.00376463
BinVal : 4 52 0.993243 0.00673389 0.00673389
BinVal : 4 53 1 0.00394583 0.00394583
BinVal : 4 54 0.991597 0.00836798 0.00836798
BinVal : 4 55 1 0.00439882 0.00439882
BinVal : 4 56 1 0.00443316 0.00443316
BinVal : 4 57 1 0.00620508 0.00620508
BinVal : 4 58 1 0.00519514 0.00519514
BinVal : 4 59 1 0.00582743 0.00582743
BinVal : 4 60 1 0.001369 0.001369
BinVal : 4 61 0.996825 0.00316956 0.00316956
BinVal : 4 62 1 0.00292253 0.00292253
BinVal : 4 63 1 0.00340796 0.00340796
BinVal : 4 64 1 0.0045743 0.0045743
BinVal : 4 65 0.991379 0.00858345 0.00858345
BinVal : 4 66 0.988506 0.011428 0.011428
BinVal : 4 67 1 0.00917959 0.00917959
BinVal : 4 68 1 0.0118251 0.0118251
BinVal : 4 69 1 0.0128865 0.0128865
BinVal : 4 70 1 0.0161462 0.0161462
BinVal : 4 71 1 0.0216126 0.0216126
BinVal : 4 72 1 0.00453806 0.00453806
BinVal : 5 0 0 0 0
BinVal : 5 1 0 0 0
BinVal : 5 2 0 0 0
BinVal : 5 3 0 0 0
BinVal : 5 4 0 0 0
BinVal : 5 5 0 0 0
BinVal : 5 6 0 0 0
BinVal : 5 7 0 0 0
BinVal : 5 8 0 0 0
BinVal : 5 9 0 0 0
BinVal : 5 10 0 0 0
BinVal : 5 11 0 0 0
BinVal : 5 12 0 0 0
BinVal : 5 13 0 0 0
BinVal : 5 14 0 0 0
BinVal : 5 15 0.988814 0.00497433 0.00497433
BinVal : 5 16 0.991202 0.00357579 0.00357579
BinVal : 5 17 0.997961 0.00144013 0.00144013
BinVal : 5 18 0.988701 0.00324338 0.00324338
BinVal : 5 19 0.994614 0.00219289 0.00219289
BinVal : 5 20 0.996584 0.00170502 0.00170502
BinVal : 5 21 0.998318 0.00118841 0.00118841
BinVal : 5 22 0.994828 0.00210616 0.00210616
BinVal : 5 23 0.994205 0.00218384 0.00218384
BinVal : 5 24 0.996593 0.00170067 0.00170067
BinVal : 5 25 0.997445 0.00147346 0.00147346
BinVal : 5 26 0.996248 0.00187265 0.00187265
BinVal : 5 27 0.99905 0.000949217 0.000949217
BinVal : 5 28 0.996743 0.00187755 0.00187755
BinVal : 5 29 1 0.000654697 0.000654697
BinVal : 5 30 0.997706 0.00161994 0.00161994
BinVal : 5 31 1 0.000714779 0.000714779
BinVal : 5 32 0.997315 0.00189572 0.00189572
BinVal : 5 33 0.997155 0.00200882 0.00200882
BinVal : 5 34 1 0.000903606 0.000903606
BinVal : 5 35 1 0.000971317 0.000971317
BinVal : 5 36 0.998138 0.00186046 0.00186046
BinVal : 5 37 1 0.0011344 0.0011344
BinVal : 5 38 1 0.00133085 0.00133085
BinVal : 5 39 1 0.00149012 0.00149012
BinVal : 5 40 0.997487 0.0025094 0.0025094
BinVal : 5 41 0.997468 0.00252844 0.00252844
BinVal : 5 42 1 0.00184965 0.00184965
BinVal : 5 43 1 0.00188017 0.00188017
BinVal : 5 44 0.996441 0.00355238 0.00355238
BinVal : 5 45 1 0.00228357 0.00228357
BinVal : 5 46 1 0.00244856 0.00244856
BinVal : 5 47 1 0.00250196 0.00250196
BinVal : 5 48 1 0.00289297 0.00289297
BinVal : 5 49 0.993827 0.00615376 0.00615376
BinVal : 5 50 1 0.00357771 0.00357771
BinVal : 5 51 1 0.00346899 0.00346899
BinVal : 5 52 1 0.00389242 0.00389242
BinVal : 5 53 1 0.00468588 0.00468588
BinVal : 5 54 1 0.00453806 0.00453806
BinVal : 5 55 1 0.00524187 0.00524187
BinVal : 5 56 1 0.0057683 0.0057683
BinVal : 5 57 1 0.00634241 0.00634241
BinVal : 5 58 1 0.00613832 0.00613832
BinVal : 5 59 1 0.00641298 0.00641298
BinVal : 5 60 1 0.00155878 0.00155878
BinVal : 5 61 1 0.00249147 0.00249147
BinVal : 5 62 1 0.0033288 0.0033288
BinVal : 5 63 1 0.00468588 0.00468588
BinVal : 5 64 1 0.00679159 0.00679159
BinVal : 5 65 1 0.0113578 0.0113578
BinVal : 5 66 1 0.0126033 0.0126033
BinVal : 5 67 1 0.0152869 0.0152869
BinVal : 5 68 1 0.0194201 0.0194201
BinVal : 5 69 1 0.0243611 0.0243611
BinVal : 5 70 1 0.0326734 0.0326734
BinVal : 5 71 1 0.0756803 0.0756803
BinVal : 5 72 1 0.0171075 0.0171075
BinVal : 6 0 0 0 0
BinVal : 6 1 0 0 0
BinVal : 6 2 0 0 0
BinVal : 6 3 0 0 0
BinVal : 6 4 0 0 0
BinVal : 6 5 0 0 0
BinVal : 6 6 0 0 0
BinVal : 6 7 0 0 0
BinVal : 6 8 0 0 0
BinVal : 6 9 0 0 0
BinVal : 6 10 0 0 0
BinVal : 6 11 0 0 0
BinVal : 6 12 0 0 0
BinVal : 6 13 0 0 0
BinVal : 6 14 0 0 0
BinVal : 6 15 0 0 0
BinVal : 6 16 0 0 0
BinVal : 6 17 0 0 0
BinVal : 6 18 0 0 0
BinVal : 6 19 0 0 0
BinVal : 6 20 0 0 0
BinVal : 6 21 0 0 0
BinVal : 6 22 0 0 0
BinVal : 6 23 0 0 0
BinVal : 6 24 0 0 0
BinVal : 6 25 0 0 0
BinVal : 6 26 0 0 0
BinVal : 6 27 0 0 0
BinVal : 6 28 0 0 0
BinVal : 6 29 0 0 0
BinVal : 6 30 0 0 0
BinVal : 6 31 0 0 0
BinVal : 6 32 0 0 0
BinVal : 6 33 0 0 0
BinVal : 6 34 0 0 0
BinVal : 6 35 0 0 0
BinVal : 6 36 0 0 0
BinVal : 6 37 0 0 0
BinVal : 6 38 0 0 0
BinVal : 6 39 0 0 0
BinVal : 6 40 0 0 0
BinVal : 6 41 0 0 0
BinVal : 6 42 0 0 0
BinVal : 6 43 0 0 0
BinVal : 6 44 0 0 0
BinVal : 6 45 0 0 0
BinVal : 6 46 0 0 0
BinVal : 6 47 0 0 0
BinVal : 6 48 0 0 0
BinVal : 6 49 0 0 0
BinVal : 6 50 0 0 0
BinVal : 6 51 0 0 0
BinVal : 6 52 0 0 0
BinVal : 6 53 0 0 0
BinVal : 6 54 0 0 0
BinVal : 6 55 0 0 0
BinVal : 6 56 0 0 0
BinVal : 6 57 0 0 0
BinVal : 6 58 0 0 0
BinVal : 6 59 0 0 0
BinVal : 6 60 0 0 0
BinVal : 6 61 0 0 0
BinVal : 6 62 0 0 0
BinVal : 6 63 0 0 0
BinVal : 6 64 0 0 0
BinVal : 6 65 0 0 0
BinVal : 6 66 0 0 0
BinVal : 6 67 0 0 0
BinVal : 6 68 0 0 0
BinVal : 6 69 0 0 0
BinVal : 6 70 0 0 0
BinVal : 6 71 0 0 0
BinVal : 6 72 0 0 0


