08   8.00  8.99
811_1 8.00 8.99
811_2 9.00 9.99
811_3 10.00 11.99
8-10.3 8.00 10.29

09   9.00  9.99 
9a  9.00  9.49
9b  9.50  9.99
09a  9.00  9.49
09b  9.49  9.99

10  10.00 10.99
10.3-12 10.3 11.99

11  11.00 11.99
12  12.00 12.99

13a 13.00 13.19
13b 13.20 13.29
13c 13.30 13.99

13-13.2 13.00 13.19
13.2-14 13.2 13.99

14  14.00 14.99
14a 14.00 14.19
14b 14.20 14.29
14c 14.30 14.99
14-14.6 14.00 14.59
14.6-15 14.60 14.99

15a 15.00 15.49
15b 15.50 15.89
15c 15.90 15.99

15a1 15.00 15.21
15b1 15.22 15.49
15c1 15.50 15.89
15d1 15.90 15.99

15a2 15.00 15.21
15b2 15.22 15.49
15c2 15.50 15.59
15d2 15.60 15.89
15e2 15.90 15.99

16  16.00 16.99

16a 16.00 16.07
16b 16.08 16.21
16c 16.22 16.23
16d 16.30 16.33
16e 16.50 16.64

