237505
237506
237509
238037
238040
238045
238138
238139
238370
238455
238475
238750
238939
239038
239041
239042
239071
239532
239637
239638
239813
239994
240097
240290
240659
240728
240729
240730
241040
241041
241123
241125
241679
242107
242110
242112
242144
242191
242192
242193
242194
242196
242197
242198
242744
242905
242992
242995
243114
243154
243194
243196
243323
243364
243366
243368
243394
243395
243443
243449
243522
243524
243526
244111
244112
244393
244396
244497
244498
245009
245010
245456
245457
245458
245459
245461
245475
245525
245526
245653
245669
245686
245767
245769
245771
245902
245903
245904
245905
245980
246043
246044
246428
246433
246448
246476
246481	
246482	
246483	
246484	
246485	
246486	
246487
246491
246927
246928
246929
247013
247014
247015
247016
247018
247019
247020
247303
247801
247804
247830
248278
248324
248332
248349
248353
248453
248621
248696
248707
248708
248709
248840
248911
249361
249365
249368
249369
249639
249641
249644
249667
249668
249669
249670
249672
249674
249738
249739
249740
249741
249821
249825
249855
249858
249859
249910
250014
250290
250351
250405
250448
250450
250452
250580
250582
250584
250709
250711
250813
251019
251024
251026
251166
251469
251480
251751
251753
251984
251985
251986
251987
252280
252348
252451
252479
252480
252645
