Comments : includes prescale inefficiency, cosmic veto applied 
EffMethod : TagAndProbe 
EffName : eff 
EffType : Binned 
EffVarNames : phi deteta 
EffVersion : 3 
ObjQuality : SingleMuonTriggersOR-AND-MuFromMuJets 
ObjRelativeTo : tight_trackmedium_iso_TopScaledTight 
ObjType : MuANDSingleMuonOR 
ObjVersion : 1 
RunRangeHigh : -1 
RunRangeLow : -1 
TriggerVersionHigh : 15.21 
TriggerVersionLow : 15 
BinEdgesX : 0 0.3927 0.7854 1.1781 1.5708 1.9635 2.3562 2.7489 3.1416 3.5343 3.927 4.3197 4.7124 5.1051 5.4978 5.8905 6.2832 
BinEdgesY : -3 -2.8 -2.6 -2.4 -2.2 -2 -1.8 -1.6 -1.4 -1.2 -1 -0.8 -0.6 -0.4 -0.2 0 0.2 0.4 0.6 0.8 1 1.2 1.4 1.6 1.8 2 2.2 2.4 2.6 2.8 3 
BinVal : 0 0 0 0 0
BinVal : 0 1 0 0 0
BinVal : 0 2 0 0 0
BinVal : 0 3 0 0 0
BinVal : 0 4 0 0 0
BinVal : 0 5 0 0 0
BinVal : 0 6 0 0 0
BinVal : 0 7 0.714286 0.0697071 0.0697071
BinVal : 0 8 0.884615 0.0443047 0.0443047
BinVal : 0 9 0.701754 0.0605958 0.0605958
BinVal : 0 10 0.655738 0.0608338 0.0608338
BinVal : 0 11 0.72549 0.0624899 0.0624899
BinVal : 0 12 0.72549 0.0624899 0.0624899
BinVal : 0 13 0.642857 0.0572703 0.0572703
BinVal : 0 14 0.636364 0.0592126 0.0592126
BinVal : 0 15 0.76 0.0493153 0.0493153
BinVal : 0 16 0.59322 0.0639531 0.0639531
BinVal : 0 17 0.870968 0.042575 0.042575
BinVal : 0 18 0.767442 0.064425 0.064425
BinVal : 0 19 0.837209 0.0562986 0.0562986
BinVal : 0 20 0.741379 0.057496 0.057496
BinVal : 0 21 0.9 0.0424264 0.0424264
BinVal : 0 22 0.787234 0.0596972 0.0596972
BinVal : 0 23 0 0 0
BinVal : 0 24 0 0 0
BinVal : 0 25 0 0 0
BinVal : 0 26 0 0 0
BinVal : 0 27 0 0 0
BinVal : 0 28 0 0 0
BinVal : 0 29 0 0 0
BinVal : 1 0 0 0 0
BinVal : 1 1 0 0 0
BinVal : 1 2 0 0 0
BinVal : 1 3 0 0 0
BinVal : 1 4 0 0 0
BinVal : 1 5 0 0 0
BinVal : 1 6 0 0 0
BinVal : 1 7 0.617021 0.0709069 0.0709069
BinVal : 1 8 0.552632 0.0806601 0.0806601
BinVal : 1 9 0.8125 0.0563367 0.0563367
BinVal : 1 10 0.627451 0.0677012 0.0677012
BinVal : 1 11 0.6 0.0660578 0.0660578
BinVal : 1 12 0.5 0.0680414 0.0680414
BinVal : 1 13 0.557377 0.0635955 0.0635955
BinVal : 1 14 0.701493 0.0559051 0.0559051
BinVal : 1 15 0.625 0.0605154 0.0605154
BinVal : 1 16 0.509434 0.0686681 0.0686681
BinVal : 1 17 0.589286 0.0657414 0.0657414
BinVal : 1 18 0.722222 0.0609519 0.0609519
BinVal : 1 19 0.72973 0.0730095 0.0730095
BinVal : 1 20 0.769231 0.0584273 0.0584273
BinVal : 1 21 0.873016 0.0419484 0.0419484
BinVal : 1 22 0.657143 0.0802329 0.0802329
BinVal : 1 23 0 0 0
BinVal : 1 24 0 0 0
BinVal : 1 25 0 0 0
BinVal : 1 26 0 0 0
BinVal : 1 27 0 0 0
BinVal : 1 28 0 0 0
BinVal : 1 29 0 0 0
BinVal : 2 0 0 0 0
BinVal : 2 1 0 0 0
BinVal : 2 2 0 0 0
BinVal : 2 3 0 0 0
BinVal : 2 4 0 0 0
BinVal : 2 5 0 0 0
BinVal : 2 6 0 0 0
BinVal : 2 7 0.71875 0.0794804 0.0794804
BinVal : 2 8 0.870968 0.0602101 0.0602101
BinVal : 2 9 0.790698 0.062038 0.062038
BinVal : 2 10 0.791667 0.0828982 0.0828982
BinVal : 2 11 0.763158 0.0689676 0.0689676
BinVal : 2 12 0.71875 0.0794804 0.0794804
BinVal : 2 13 0.666667 0.0785674 0.0785674
BinVal : 2 14 0.8 0.0596285 0.0596285
BinVal : 2 15 0.82 0.0543323 0.0543323
BinVal : 2 16 0.761905 0.0657205 0.0657205
BinVal : 2 17 0.885714 0.0537785 0.0537785
BinVal : 2 18 0.653846 0.0933009 0.0933009
BinVal : 2 19 0.384615 0.0954113 0.0954113
BinVal : 2 20 0.911765 0.0486433 0.0486433
BinVal : 2 21 0.857143 0.0591485 0.0591485
BinVal : 2 22 0.7 0.10247 0.10247
BinVal : 2 23 0 0 0
BinVal : 2 24 0 0 0
BinVal : 2 25 0 0 0
BinVal : 2 26 0 0 0
BinVal : 2 27 0 0 0
BinVal : 2 28 0 0 0
BinVal : 2 29 0 0 0
BinVal : 3 0 0 0 0
BinVal : 3 1 0 0 0
BinVal : 3 2 0 0 0
BinVal : 3 3 0 0 0
BinVal : 3 4 0 0 0
BinVal : 3 5 0 0 0
BinVal : 3 6 0 0 0
BinVal : 3 7 0.928571 0.0688303 0.0688303
BinVal : 3 8 0.736842 0.101023 0.101023
BinVal : 3 9 0.866667 0.0877707 0.0877707
BinVal : 3 10 0.722222 0.105572 0.105572
BinVal : 3 11 0.846154 0.100068 0.100068
BinVal : 3 12 0.73913 0.0915605 0.0915605
BinVal : 3 13 0.826087 0.0790342 0.0790342
BinVal : 3 14 0.592593 0.0945607 0.0945607
BinVal : 3 15 0.882353 0.0781425 0.0781425
BinVal : 3 16 0.892857 0.0584512 0.0584512
BinVal : 3 17 0.882353 0.0781425 0.0781425
BinVal : 3 18 0.842105 0.0836547 0.0836547
BinVal : 3 19 0.8 0.126491 0.126491
BinVal : 3 20 0.823529 0.0924594 0.0924594
BinVal : 3 21 1 0.0309157 0.0309157
BinVal : 3 22 0.736842 0.101023 0.101023
BinVal : 3 23 0 0 0
BinVal : 3 24 0 0 0
BinVal : 3 25 0 0 0
BinVal : 3 26 0 0 0
BinVal : 3 27 0 0 0
BinVal : 3 28 0 0 0
BinVal : 3 29 0 0 0
BinVal : 4 0 0 0 0
BinVal : 4 1 0 0 0
BinVal : 4 2 0 0 0
BinVal : 4 3 0 0 0
BinVal : 4 4 0 0 0
BinVal : 4 5 0 0 0
BinVal : 4 6 0 0 0
BinVal : 4 7 0.916667 0.0797856 0.0797856
BinVal : 4 8 0.933333 0.0644061 0.0644061
BinVal : 4 9 0.769231 0.116855 0.116855
BinVal : 4 10 0.571429 0.13226 0.13226
BinVal : 4 11 0.736842 0.101023 0.101023
BinVal : 4 12 0.7 0.10247 0.10247
BinVal : 4 13 0.789474 0.0935288 0.0935288
BinVal : 4 14 0.740741 0.084337 0.084337
BinVal : 4 15 0.681818 0.0993026 0.0993026
BinVal : 4 16 0.705882 0.11051 0.11051
BinVal : 4 17 0.681818 0.0993026 0.0993026
BinVal : 4 18 0.736842 0.101023 0.101023
BinVal : 4 19 0.727273 0.134282 0.134282
BinVal : 4 20 0.65 0.106654 0.106654
BinVal : 4 21 0.863636 0.073165 0.073165
BinVal : 4 22 0.866667 0.0877707 0.0877707
BinVal : 4 23 0 0 0
BinVal : 4 24 0 0 0
BinVal : 4 25 0 0 0
BinVal : 4 26 0 0 0
BinVal : 4 27 0 0 0
BinVal : 4 28 0 0 0
BinVal : 4 29 0 0 0
BinVal : 5 0 0 0 0
BinVal : 5 1 0 0 0
BinVal : 5 2 0 0 0
BinVal : 5 3 0 0 0
BinVal : 5 4 0 0 0
BinVal : 5 5 0 0 0
BinVal : 5 6 0 0 0
BinVal : 5 7 0.758621 0.0794627 0.0794627
BinVal : 5 8 0.95 0.0344601 0.0344601
BinVal : 5 9 0.972973 0.0266593 0.0266593
BinVal : 5 10 0.789474 0.0935288 0.0935288
BinVal : 5 11 0.692308 0.0739053 0.0739053
BinVal : 5 12 0.72973 0.0730095 0.0730095
BinVal : 5 13 0.755556 0.0640644 0.0640644
BinVal : 5 14 0.755102 0.0614324 0.0614324
BinVal : 5 15 0.672414 0.0616264 0.0616264
BinVal : 5 16 0.724138 0.0829961 0.0829961
BinVal : 5 17 0.808511 0.057394 0.057394
BinVal : 5 18 0.771429 0.0709782 0.0709782
BinVal : 5 19 0.735294 0.0756611 0.0756611
BinVal : 5 20 0.756098 0.0670664 0.0670664
BinVal : 5 21 0.939394 0.041536 0.041536
BinVal : 5 22 0.863636 0.073165 0.073165
BinVal : 5 23 0 0 0
BinVal : 5 24 0 0 0
BinVal : 5 25 0 0 0
BinVal : 5 26 0 0 0
BinVal : 5 27 0 0 0
BinVal : 5 28 0 0 0
BinVal : 5 29 0 0 0
BinVal : 6 0 0 0 0
BinVal : 6 1 0 0 0
BinVal : 6 2 0 0 0
BinVal : 6 3 0 0 0
BinVal : 6 4 0 0 0
BinVal : 6 5 0 0 0
BinVal : 6 6 0 0 0
BinVal : 6 7 0.8 0.0596285 0.0596285
BinVal : 6 8 0.88 0.0459565 0.0459565
BinVal : 6 9 0.955556 0.0307207 0.0307207
BinVal : 6 10 0.638889 0.0800538 0.0800538
BinVal : 6 11 0.685185 0.0632026 0.0632026
BinVal : 6 12 0.885714 0.0537785 0.0537785
BinVal : 6 13 0.764706 0.0593974 0.0593974
BinVal : 6 14 0.692308 0.0640039 0.0640039
BinVal : 6 15 0.666667 0.0702728 0.0702728
BinVal : 6 16 0.707317 0.0710581 0.0710581
BinVal : 6 17 0.717391 0.0663884 0.0663884
BinVal : 6 18 0.636364 0.0648642 0.0648642
BinVal : 6 19 0.685714 0.0784693 0.0784693
BinVal : 6 20 0.816327 0.0553168 0.0553168
BinVal : 6 21 0.906977 0.0442955 0.0442955
BinVal : 6 22 0.638889 0.0800538 0.0800538
BinVal : 6 23 0 0 0
BinVal : 6 24 0 0 0
BinVal : 6 25 0 0 0
BinVal : 6 26 0 0 0
BinVal : 6 27 0 0 0
BinVal : 6 28 0 0 0
BinVal : 6 29 0 0 0
BinVal : 7 0 0 0 0
BinVal : 7 1 0 0 0
BinVal : 7 2 0 0 0
BinVal : 7 3 0 0 0
BinVal : 7 4 0 0 0
BinVal : 7 5 0 0 0
BinVal : 7 6 0 0 0
BinVal : 7 7 0.619048 0.0749329 0.0749329
BinVal : 7 8 0.891304 0.0458923 0.0458923
BinVal : 7 9 0.647059 0.0669172 0.0669172
BinVal : 7 10 0.711538 0.0628263 0.0628263
BinVal : 7 11 0.513514 0.0821695 0.0821695
BinVal : 7 12 0.654545 0.0641186 0.0641186
BinVal : 7 13 0.733333 0.0570899 0.0570899
BinVal : 7 14 0.660377 0.0650514 0.0650514
BinVal : 7 15 0.709091 0.0612418 0.0612418
BinVal : 7 16 0.72973 0.0730095 0.0730095
BinVal : 7 17 0.72093 0.068402 0.068402
BinVal : 7 18 0.3125 0.115878 0.115878
BinVal : 7 19 0.681818 0.0993026 0.0993026
BinVal : 7 20 0.754717 0.0591001 0.0591001
BinVal : 7 21 0.840909 0.0551405 0.0551405
BinVal : 7 22 0.729167 0.0641422 0.0641422
BinVal : 7 23 0 0 0
BinVal : 7 24 0 0 0
BinVal : 7 25 0 0 0
BinVal : 7 26 0 0 0
BinVal : 7 27 0 0 0
BinVal : 7 28 0 0 0
BinVal : 7 29 0 0 0
BinVal : 8 0 0 0 0
BinVal : 8 1 0 0 0
BinVal : 8 2 0 0 0
BinVal : 8 3 0 0 0
BinVal : 8 4 0 0 0
BinVal : 8 5 0 0 0
BinVal : 8 6 0 0 0
BinVal : 8 7 0.785714 0.0633147 0.0633147
BinVal : 8 8 0.933333 0.0322031 0.0322031
BinVal : 8 9 0.642857 0.0739356 0.0739356
BinVal : 8 10 0.775 0.0660256 0.0660256
BinVal : 8 11 0.837209 0.0562986 0.0562986
BinVal : 8 12 0.884615 0.0443047 0.0443047
BinVal : 8 13 0.878378 0.0379953 0.0379953
BinVal : 8 14 0.756757 0.049875 0.049875
BinVal : 8 15 0.806452 0.0501751 0.0501751
BinVal : 8 16 0.793103 0.0531897 0.0531897
BinVal : 8 17 0.877551 0.0468291 0.0468291
BinVal : 8 18 0.5 0.133631 0.133631
BinVal : 8 19 0.678571 0.0882594 0.0882594
BinVal : 8 20 0.844444 0.0540284 0.0540284
BinVal : 8 21 0.901961 0.0416398 0.0416398
BinVal : 8 22 0.701754 0.0605958 0.0605958
BinVal : 8 23 0 0 0
BinVal : 8 24 0 0 0
BinVal : 8 25 0 0 0
BinVal : 8 26 0 0 0
BinVal : 8 27 0 0 0
BinVal : 8 28 0 0 0
BinVal : 8 29 0 0 0
BinVal : 9 0 0 0 0
BinVal : 9 1 0 0 0
BinVal : 9 2 0 0 0
BinVal : 9 3 0 0 0
BinVal : 9 4 0 0 0
BinVal : 9 5 0 0 0
BinVal : 9 6 0 0 0
BinVal : 9 7 0.617647 0.0833418 0.0833418
BinVal : 9 8 0.95 0.0344601 0.0344601
BinVal : 9 9 0.9375 0.0302577 0.0302577
BinVal : 9 10 0.9 0.0547723 0.0547723
BinVal : 9 11 0.648649 0.0784828 0.0784828
BinVal : 9 12 0.793103 0.0531897 0.0531897
BinVal : 9 13 0.724138 0.0586871 0.0586871
BinVal : 9 14 0.716981 0.0618762 0.0618762
BinVal : 9 15 0.779412 0.0502829 0.0502829
BinVal : 9 16 0.745098 0.0610251 0.0610251
BinVal : 9 17 0.78 0.0585833 0.0585833
BinVal : 9 18 0.806452 0.0709583 0.0709583
BinVal : 9 19 0.882353 0.0552551 0.0552551
BinVal : 9 20 0.854167 0.0509424 0.0509424
BinVal : 9 21 0.898551 0.0363472 0.0363472
BinVal : 9 22 0.7 0.083666 0.083666
BinVal : 9 23 0 0 0
BinVal : 9 24 0 0 0
BinVal : 9 25 0 0 0
BinVal : 9 26 0 0 0
BinVal : 9 27 0 0 0
BinVal : 9 28 0 0 0
BinVal : 9 29 0 0 0
BinVal : 10 0 0 0 0
BinVal : 10 1 0 0 0
BinVal : 10 2 0 0 0
BinVal : 10 3 0 0 0
BinVal : 10 4 0 0 0
BinVal : 10 5 0 0 0
BinVal : 10 6 0 0 0
BinVal : 10 7 0.815789 0.0628861 0.0628861
BinVal : 10 8 0.9375 0.0427908 0.0427908
BinVal : 10 9 0.454545 0.150131 0.150131
BinVal : 10 10 0.583333 0.100635 0.100635
BinVal : 10 11 0.833333 0.152145 0.152145
BinVal : 10 12 0.625 0.0765466 0.0765466
BinVal : 10 13 0.754717 0.0591001 0.0591001
BinVal : 10 14 0.773585 0.0574869 0.0574869
BinVal : 10 15 0.823529 0.0533815 0.0533815
BinVal : 10 16 0.864865 0.0562027 0.0562027
BinVal : 10 17 0.783784 0.0676771 0.0676771
BinVal : 10 18 0.583333 0.142319 0.142319
BinVal : 10 19 0.666667 0.096225 0.096225
BinVal : 10 20 1 0.0326734 0.0326734
BinVal : 10 21 0.836364 0.0498834 0.0498834
BinVal : 10 22 0.648649 0.0784828 0.0784828
BinVal : 10 23 0 0 0
BinVal : 10 24 0 0 0
BinVal : 10 25 0 0 0
BinVal : 10 26 0 0 0
BinVal : 10 27 0 0 0
BinVal : 10 28 0 0 0
BinVal : 10 29 0 0 0
BinVal : 11 0 0 0 0
BinVal : 11 1 0 0 0
BinVal : 11 2 0 0 0
BinVal : 11 3 0 0 0
BinVal : 11 4 0 0 0
BinVal : 11 5 0 0 0
BinVal : 11 6 0 0 0
BinVal : 11 7 0.763636 0.0572865 0.0572865
BinVal : 11 8 0.860465 0.0528413 0.0528413
BinVal : 11 9 0 0 0
BinVal : 11 10 0 0 0
BinVal : 11 11 0 0 0
BinVal : 11 12 0 0 0
BinVal : 11 13 0 0 0
BinVal : 11 14 0 0 0
BinVal : 11 15 0 0 0
BinVal : 11 16 0 0 0
BinVal : 11 17 0 0 0
BinVal : 11 18 0 0 0
BinVal : 11 19 0 0 0
BinVal : 11 20 0 0 0
BinVal : 11 21 0.697674 0.0700373 0.0700373
BinVal : 11 22 0.7 0.0648074 0.0648074
BinVal : 11 23 0 0 0
BinVal : 11 24 0 0 0
BinVal : 11 25 0 0 0
BinVal : 11 26 0 0 0
BinVal : 11 27 0 0 0
BinVal : 11 28 0 0 0
BinVal : 11 29 0 0 0
BinVal : 12 0 0 0 0
BinVal : 12 1 0 0 0
BinVal : 12 2 0 0 0
BinVal : 12 3 0 0 0
BinVal : 12 4 0 0 0
BinVal : 12 5 0 0 0
BinVal : 12 6 0 0 0
BinVal : 12 7 0.842105 0.0591528 0.0591528
BinVal : 12 8 0.633333 0.0879815 0.0879815
BinVal : 12 9 1 0.218486 0.218486
BinVal : 12 10 0 0 0
BinVal : 12 11 0 0 0
BinVal : 12 12 0 0 0
BinVal : 12 13 0 0 0
BinVal : 12 14 0 0 0
BinVal : 12 15 0 0 0
BinVal : 12 16 0 0 0
BinVal : 12 17 0 0 0
BinVal : 12 18 0 0 0
BinVal : 12 19 0 0 0
BinVal : 12 20 0 0 0
BinVal : 12 21 0.742857 0.0738764 0.0738764
BinVal : 12 22 0.644444 0.0713576 0.0713576
BinVal : 12 23 0 0 0
BinVal : 12 24 0 0 0
BinVal : 12 25 0 0 0
BinVal : 12 26 0 0 0
BinVal : 12 27 0 0 0
BinVal : 12 28 0 0 0
BinVal : 12 29 0 0 0
BinVal : 13 0 0 0 0
BinVal : 13 1 0 0 0
BinVal : 13 2 0 0 0
BinVal : 13 3 0 0 0
BinVal : 13 4 0 0 0
BinVal : 13 5 0 0 0
BinVal : 13 6 0 0 0
BinVal : 13 7 0.65625 0.0839617 0.0839617
BinVal : 13 8 0.934783 0.0364048 0.0364048
BinVal : 13 9 0.947368 0.0512278 0.0512278
BinVal : 13 10 0.652174 0.0993113 0.0993113
BinVal : 13 11 0.555556 0.165635 0.165635
BinVal : 13 12 0.717391 0.0663884 0.0663884
BinVal : 13 13 0.774194 0.0531003 0.0531003
BinVal : 13 14 0.895833 0.0440918 0.0440918
BinVal : 13 15 0.842857 0.0434986 0.0434986
BinVal : 13 16 0.87931 0.0427752 0.0427752
BinVal : 13 17 0.866667 0.0506745 0.0506745
BinVal : 13 18 0.428571 0.187044 0.187044
BinVal : 13 19 0.666667 0.121716 0.121716
BinVal : 13 20 0.882353 0.0781425 0.0781425
BinVal : 13 21 0.933333 0.0371849 0.0371849
BinVal : 13 22 0.756098 0.0670664 0.0670664
BinVal : 13 23 0 0 0
BinVal : 13 24 0 0 0
BinVal : 13 25 0 0 0
BinVal : 13 26 0 0 0
BinVal : 13 27 0 0 0
BinVal : 13 28 0 0 0
BinVal : 13 29 0 0 0
BinVal : 14 0 0 0 0
BinVal : 14 1 0 0 0
BinVal : 14 2 0 0 0
BinVal : 14 3 0 0 0
BinVal : 14 4 0 0 0
BinVal : 14 5 0 0 0
BinVal : 14 6 0 0 0
BinVal : 14 7 0.774194 0.0750952 0.0750952
BinVal : 14 8 0.83871 0.0660586 0.0660586
BinVal : 14 9 0.966102 0.02356 0.02356
BinVal : 14 10 0.894737 0.0497845 0.0497845
BinVal : 14 11 0.655172 0.0624115 0.0624115
BinVal : 14 12 0.741379 0.057496 0.057496
BinVal : 14 13 0.783784 0.0676771 0.0676771
BinVal : 14 14 0.814815 0.052861 0.052861
BinVal : 14 15 0.673913 0.0691178 0.0691178
BinVal : 14 16 0.594595 0.080715 0.080715
BinVal : 14 17 0.774194 0.0750952 0.0750952
BinVal : 14 18 0.625 0.0855817 0.0855817
BinVal : 14 19 0.791667 0.0828982 0.0828982
BinVal : 14 20 0.9 0.0474342 0.0474342
BinVal : 14 21 0.972222 0.0273893 0.0273893
BinVal : 14 22 0.717391 0.0663884 0.0663884
BinVal : 14 23 0 0 0
BinVal : 14 24 0 0 0
BinVal : 14 25 0 0 0
BinVal : 14 26 0 0 0
BinVal : 14 27 0 0 0
BinVal : 14 28 0 0 0
BinVal : 14 29 0 0 0
BinVal : 15 0 0 0 0
BinVal : 15 1 0 0 0
BinVal : 15 2 0 0 0
BinVal : 15 3 0 0 0
BinVal : 15 4 0 0 0
BinVal : 15 5 0 0 0
BinVal : 15 6 0 0 0
BinVal : 15 7 0.722222 0.0746505 0.0746505
BinVal : 15 8 1 0.0141568 0.0141568
BinVal : 15 9 0.627451 0.0677012 0.0677012
BinVal : 15 10 0.806452 0.0709583 0.0709583
BinVal : 15 11 0.794872 0.064659 0.064659
BinVal : 15 12 0.769231 0.067466 0.067466
BinVal : 15 13 0.75 0.0578638 0.0578638
BinVal : 15 14 0.783333 0.0531856 0.0531856
BinVal : 15 15 0.847222 0.0423997 0.0423997
BinVal : 15 16 0.548387 0.063202 0.063202
BinVal : 15 17 0.827586 0.0495997 0.0495997
BinVal : 15 18 0.793103 0.0752216 0.0752216
BinVal : 15 19 0.769231 0.0826286 0.0826286
BinVal : 15 20 0.605263 0.0792929 0.0792929
BinVal : 15 21 0.906977 0.0442955 0.0442955
BinVal : 15 22 0.826087 0.0558856 0.0558856
BinVal : 15 23 0 0 0
BinVal : 15 24 0 0 0
BinVal : 15 25 0 0 0
BinVal : 15 26 0 0 0
BinVal : 15 27 0 0 0
BinVal : 15 28 0 0 0
BinVal : 15 29 0 0 0


Comments : includes prescale inefficiency, cosmic veto applied 
EffMethod : TagAndProbe 
EffName : eff 
EffType : Binned 
EffVarNames : phi deteta 
EffVersion : 3 
ObjQuality : SingleMuonTriggersOR-AND-MuFromMuJets 
ObjRelativeTo : tight_trackmedium_iso_TopScaledTight 
ObjType : MuANDSingleMuonOR 
ObjVersion : 1 
RunRangeHigh : -1 
RunRangeLow : -1 
TriggerVersionHigh : 15.49 
TriggerVersionLow : 15.22 
BinEdgesX : 0 0.3927 0.7854 1.1781 1.5708 1.9635 2.3562 2.7489 3.1416 3.5343 3.927 4.3197 4.7124 5.1051 5.4978 5.8905 6.2832 
BinEdgesY : -3 -2.8 -2.6 -2.4 -2.2 -2 -1.8 -1.6 -1.4 -1.2 -1 -0.8 -0.6 -0.4 -0.2 0 0.2 0.4 0.6 0.8 1 1.2 1.4 1.6 1.8 2 2.2 2.4 2.6 2.8 3 
BinVal : 0 0 0 0 0
BinVal : 0 1 0 0 0
BinVal : 0 2 0 0 0
BinVal : 0 3 0 0 0
BinVal : 0 4 0 0 0
BinVal : 0 5 0 0 0
BinVal : 0 6 0 0 0
BinVal : 0 7 0.703704 0.0621386 0.0621386
BinVal : 0 8 0.8375 0.0412453 0.0412453
BinVal : 0 9 0.772727 0.051584 0.051584
BinVal : 0 10 0.592593 0.0668645 0.0668645
BinVal : 0 11 0.654545 0.0641186 0.0641186
BinVal : 0 12 0.810345 0.0514758 0.0514758
BinVal : 0 13 0.772152 0.0471911 0.0471911
BinVal : 0 14 0.744681 0.0449741 0.0449741
BinVal : 0 15 0.65 0.0533268 0.0533268
BinVal : 0 16 0.571429 0.0591485 0.0591485
BinVal : 0 17 0.807018 0.0522713 0.0522713
BinVal : 0 18 0.761194 0.0520874 0.0520874
BinVal : 0 19 0.676923 0.0580051 0.0580051
BinVal : 0 20 0.828125 0.047159 0.047159
BinVal : 0 21 0.913793 0.0368537 0.0368537
BinVal : 0 22 0.653846 0.0659737 0.0659737
BinVal : 0 23 0 0 0
BinVal : 0 24 0 0 0
BinVal : 0 25 0 0 0
BinVal : 0 26 0 0 0
BinVal : 0 27 0 0 0
BinVal : 0 28 0 0 0
BinVal : 0 29 0 0 0
BinVal : 1 0 0 0 0
BinVal : 1 1 0 0 0
BinVal : 1 2 0 0 0
BinVal : 1 3 0 0 0
BinVal : 1 4 0 0 0
BinVal : 1 5 0 0 0
BinVal : 1 6 0 0 0
BinVal : 1 7 0.74 0.0620322 0.0620322
BinVal : 1 8 0.814815 0.052861 0.052861
BinVal : 1 9 0.925926 0.0356389 0.0356389
BinVal : 1 10 0.74359 0.0699201 0.0699201
BinVal : 1 11 0.654321 0.0528432 0.0528432
BinVal : 1 12 0.605263 0.0560685 0.0560685
BinVal : 1 13 0.660714 0.0632697 0.0632697
BinVal : 1 14 0.73494 0.0484461 0.0484461
BinVal : 1 15 0.655172 0.0509588 0.0509588
BinVal : 1 16 0.484848 0.0615175 0.0615175
BinVal : 1 17 0.695652 0.0553932 0.0553932
BinVal : 1 18 0.71831 0.0533842 0.0533842
BinVal : 1 19 0.675 0.0740566 0.0740566
BinVal : 1 20 0.897436 0.034352 0.034352
BinVal : 1 21 0.909091 0.0387638 0.0387638
BinVal : 1 22 0.644444 0.0713576 0.0713576
BinVal : 1 23 0 0 0
BinVal : 1 24 0 0 0
BinVal : 1 25 0 0 0
BinVal : 1 26 0 0 0
BinVal : 1 27 0 0 0
BinVal : 1 28 0 0 0
BinVal : 1 29 0 0 0
BinVal : 2 0 0 0 0
BinVal : 2 1 0 0 0
BinVal : 2 2 0 0 0
BinVal : 2 3 0 0 0
BinVal : 2 4 0 0 0
BinVal : 2 5 0 0 0
BinVal : 2 6 0 0 0
BinVal : 2 7 0.685714 0.0784693 0.0784693
BinVal : 2 8 0.8 0.0596285 0.0596285
BinVal : 2 9 0.842105 0.048298 0.048298
BinVal : 2 10 0.710526 0.0735703 0.0735703
BinVal : 2 11 0.616667 0.0627679 0.0627679
BinVal : 2 12 0.711864 0.0589618 0.0589618
BinVal : 2 13 0.632653 0.0688689 0.0688689
BinVal : 2 14 0.621212 0.0597099 0.0597099
BinVal : 2 15 0.685185 0.0632026 0.0632026
BinVal : 2 16 0.404255 0.0715829 0.0715829
BinVal : 2 17 0.826923 0.0524627 0.0524627
BinVal : 2 18 0.777778 0.0619748 0.0619748
BinVal : 2 19 0.625 0.0988212 0.0988212
BinVal : 2 20 0.904762 0.0452948 0.0452948
BinVal : 2 21 0.909091 0.0433392 0.0433392
BinVal : 2 22 0.783784 0.0676771 0.0676771
BinVal : 2 23 0 0 0
BinVal : 2 24 0 0 0
BinVal : 2 25 0 0 0
BinVal : 2 26 0 0 0
BinVal : 2 27 0 0 0
BinVal : 2 28 0 0 0
BinVal : 2 29 0 0 0
BinVal : 3 0 0 0 0
BinVal : 3 1 0 0 0
BinVal : 3 2 0 0 0
BinVal : 3 3 0 0 0
BinVal : 3 4 0 0 0
BinVal : 3 5 0 0 0
BinVal : 3 6 0 0 0
BinVal : 3 7 0.75 0.0883883 0.0883883
BinVal : 3 8 1 0.0309157 0.0309157
BinVal : 3 9 0.619048 0.105971 0.105971
BinVal : 3 10 0.866667 0.0877707 0.0877707
BinVal : 3 11 0.588235 0.119365 0.119365
BinVal : 3 12 0.764706 0.102879 0.102879
BinVal : 3 13 0.586207 0.0914572 0.0914572
BinVal : 3 14 0.764706 0.0727467 0.0727467
BinVal : 3 15 0.75 0.0765466 0.0765466
BinVal : 3 16 0.5 0.0857493 0.0857493
BinVal : 3 17 0.766667 0.0772202 0.0772202
BinVal : 3 18 0.966667 0.0327731 0.0327731
BinVal : 3 19 0.636364 0.145041 0.145041
BinVal : 3 20 0.6 0.126491 0.126491
BinVal : 3 21 0.842105 0.0836547 0.0836547
BinVal : 3 22 0.869565 0.0702237 0.0702237
BinVal : 3 23 0 0 0
BinVal : 3 24 0 0 0
BinVal : 3 25 0 0 0
BinVal : 3 26 0 0 0
BinVal : 3 27 0 0 0
BinVal : 3 28 0 0 0
BinVal : 3 29 0 0 0
BinVal : 4 0 0 0 0
BinVal : 4 1 0 0 0
BinVal : 4 2 0 0 0
BinVal : 4 3 0 0 0
BinVal : 4 4 0 0 0
BinVal : 4 5 0 0 0
BinVal : 4 6 0 0 0
BinVal : 4 7 0.607143 0.0922962 0.0922962
BinVal : 4 8 0.862069 0.0640329 0.0640329
BinVal : 4 9 0.84 0.0733212 0.0733212
BinVal : 4 10 0.409091 0.104824 0.104824
BinVal : 4 11 0.944444 0.0539903 0.0539903
BinVal : 4 12 0.6875 0.0819382 0.0819382
BinVal : 4 13 0.642857 0.0905522 0.0905522
BinVal : 4 14 0.483871 0.0897559 0.0897559
BinVal : 4 15 0.689655 0.0859091 0.0859091
BinVal : 4 16 0.277778 0.105572 0.105572
BinVal : 4 17 0.741935 0.0785898 0.0785898
BinVal : 4 18 0.833333 0.087841 0.087841
BinVal : 4 19 0.555556 0.117121 0.117121
BinVal : 4 20 0.84 0.0733212 0.0733212
BinVal : 4 21 1 0.0293374 0.0293374
BinVal : 4 22 0.619048 0.105971 0.105971
BinVal : 4 23 0 0 0
BinVal : 4 24 0 0 0
BinVal : 4 25 0 0 0
BinVal : 4 26 0 0 0
BinVal : 4 27 0 0 0
BinVal : 4 28 0 0 0
BinVal : 4 29 0 0 0
BinVal : 5 0 0 0 0
BinVal : 5 1 0 0 0
BinVal : 5 2 0 0 0
BinVal : 5 3 0 0 0
BinVal : 5 4 0 0 0
BinVal : 5 5 0 0 0
BinVal : 5 6 0 0 0
BinVal : 5 7 0.742857 0.0738764 0.0738764
BinVal : 5 8 0.981132 0.0186891 0.0186891
BinVal : 5 9 0.903846 0.0408817 0.0408817
BinVal : 5 10 0.625 0.0765466 0.0765466
BinVal : 5 11 0.530612 0.0712946 0.0712946
BinVal : 5 12 0.714286 0.0603682 0.0603682
BinVal : 5 13 0.510204 0.0714137 0.0714137
BinVal : 5 14 0.671429 0.0561391 0.0561391
BinVal : 5 15 0.666667 0.0593914 0.0593914
BinVal : 5 16 0.490196 0.0700005 0.0700005
BinVal : 5 17 0.72093 0.068402 0.068402
BinVal : 5 18 0.675 0.0740566 0.0740566
BinVal : 5 19 0.793103 0.0752216 0.0752216
BinVal : 5 20 0.833333 0.0537914 0.0537914
BinVal : 5 21 0.951219 0.0336412 0.0336412
BinVal : 5 22 0.71875 0.0794804 0.0794804
BinVal : 5 23 0 0 0
BinVal : 5 24 0 0 0
BinVal : 5 25 0 0 0
BinVal : 5 26 0 0 0
BinVal : 5 27 0 0 0
BinVal : 5 28 0 0 0
BinVal : 5 29 0 0 0
BinVal : 6 0 0 0 0
BinVal : 6 1 0 0 0
BinVal : 6 2 0 0 0
BinVal : 6 3 0 0 0
BinVal : 6 4 0 0 0
BinVal : 6 5 0 0 0
BinVal : 6 6 0 0 0
BinVal : 6 7 0.66 0.0669925 0.0669925
BinVal : 6 8 0.846154 0.0447519 0.0447519
BinVal : 6 9 0.9 0.0358569 0.0358569
BinVal : 6 10 0.510204 0.0714137 0.0714137
BinVal : 6 11 0.305085 0.0599446 0.0599446
BinVal : 6 12 0.4 0.0660578 0.0660578
BinVal : 6 13 0.631579 0.0553324 0.0553324
BinVal : 6 14 0.633333 0.0507961 0.0507961
BinVal : 6 15 0.538462 0.0522589 0.0522589
BinVal : 6 16 0.5625 0.0620098 0.0620098
BinVal : 6 17 0.808824 0.0476859 0.0476859
BinVal : 6 18 0.657534 0.0555401 0.0555401
BinVal : 6 19 0.673469 0.066992 0.066992
BinVal : 6 20 0.847222 0.0423997 0.0423997
BinVal : 6 21 0.863636 0.0517355 0.0517355
BinVal : 6 22 0.6 0.069282 0.069282
BinVal : 6 23 0 0 0
BinVal : 6 24 0 0 0
BinVal : 6 25 0 0 0
BinVal : 6 26 0 0 0
BinVal : 6 27 0 0 0
BinVal : 6 28 0 0 0
BinVal : 6 29 0 0 0
BinVal : 7 0 0 0 0
BinVal : 7 1 0 0 0
BinVal : 7 2 0 0 0
BinVal : 7 3 0 0 0
BinVal : 7 4 0 0 0
BinVal : 7 5 0 0 0
BinVal : 7 6 0 0 0
BinVal : 7 7 0.709091 0.0612418 0.0612418
BinVal : 7 8 0.941176 0.0285336 0.0285336
BinVal : 7 9 0.607143 0.0652633 0.0652633
BinVal : 7 10 0.341463 0.0740577 0.0740577
BinVal : 7 11 0.222222 0.0619748 0.0619748
BinVal : 7 12 0.486111 0.0589028 0.0589028
BinVal : 7 13 0.601942 0.0482316 0.0482316
BinVal : 7 14 0.594059 0.0488636 0.0488636
BinVal : 7 15 0.813953 0.0419625 0.0419625
BinVal : 7 16 0.742574 0.0435046 0.0435046
BinVal : 7 17 0.77381 0.0456472 0.0456472
BinVal : 7 18 0.692308 0.0572468 0.0572468
BinVal : 7 19 0.651515 0.0586519 0.0586519
BinVal : 7 20 0.712121 0.0557327 0.0557327
BinVal : 7 21 0.866667 0.0438854 0.0438854
BinVal : 7 22 0.625 0.0698771 0.0698771
BinVal : 7 23 0 0 0
BinVal : 7 24 0 0 0
BinVal : 7 25 0 0 0
BinVal : 7 26 0 0 0
BinVal : 7 27 0 0 0
BinVal : 7 28 0 0 0
BinVal : 7 29 0 0 0
BinVal : 8 0 0 0 0
BinVal : 8 1 0 0 0
BinVal : 8 2 0 0 0
BinVal : 8 3 0 0 0
BinVal : 8 4 0 0 0
BinVal : 8 5 0 0 0
BinVal : 8 6 0 0 0
BinVal : 8 7 0.759259 0.0581799 0.0581799
BinVal : 8 8 0.875 0.0389756 0.0389756
BinVal : 8 9 0.610169 0.0634947 0.0634947
BinVal : 8 10 0.267857 0.0591774 0.0591774
BinVal : 8 11 0.403226 0.0622993 0.0622993
BinVal : 8 12 0.361111 0.0566066 0.0566066
BinVal : 8 13 0.784091 0.0438609 0.0438609
BinVal : 8 14 0.691589 0.0446475 0.0446475
BinVal : 8 15 0.815534 0.0382174 0.0382174
BinVal : 8 16 0.797753 0.0425775 0.0425775
BinVal : 8 17 0.865672 0.0416604 0.0416604
BinVal : 8 18 0.691176 0.0560267 0.0560267
BinVal : 8 19 0.696429 0.0614433 0.0614433
BinVal : 8 20 0.666667 0.0593914 0.0593914
BinVal : 8 21 0.865672 0.0416604 0.0416604
BinVal : 8 22 0.792453 0.0557067 0.0557067
BinVal : 8 23 0 0 0
BinVal : 8 24 0 0 0
BinVal : 8 25 0 0 0
BinVal : 8 26 0 0 0
BinVal : 8 27 0 0 0
BinVal : 8 28 0 0 0
BinVal : 8 29 0 0 0
BinVal : 9 0 0 0 0
BinVal : 9 1 0 0 0
BinVal : 9 2 0 0 0
BinVal : 9 3 0 0 0
BinVal : 9 4 0 0 0
BinVal : 9 5 0 0 0
BinVal : 9 6 0 0 0
BinVal : 9 7 0.77193 0.0555758 0.0555758
BinVal : 9 8 0.857143 0.0418243 0.0418243
BinVal : 9 9 0.909091 0.0327614 0.0327614
BinVal : 9 10 0.393939 0.0850581 0.0850581
BinVal : 9 11 0.305085 0.0599446 0.0599446
BinVal : 9 12 0.357143 0.0572703 0.0572703
BinVal : 9 13 0.554054 0.0577832 0.0577832
BinVal : 9 14 0.666667 0.0555556 0.0555556
BinVal : 9 15 0.734694 0.0445978 0.0445978
BinVal : 9 16 0.692308 0.0522589 0.0522589
BinVal : 9 17 0.764706 0.0514397 0.0514397
BinVal : 9 18 0.628571 0.0577519 0.0577519
BinVal : 9 19 0.783333 0.0531856 0.0531856
BinVal : 9 20 0.957143 0.0242076 0.0242076
BinVal : 9 21 0.884615 0.0443047 0.0443047
BinVal : 9 22 0.731707 0.069196 0.069196
BinVal : 9 23 0 0 0
BinVal : 9 24 0 0 0
BinVal : 9 25 0 0 0
BinVal : 9 26 0 0 0
BinVal : 9 27 0 0 0
BinVal : 9 28 0 0 0
BinVal : 9 29 0 0 0
BinVal : 10 0 0 0 0
BinVal : 10 1 0 0 0
BinVal : 10 2 0 0 0
BinVal : 10 3 0 0 0
BinVal : 10 4 0 0 0
BinVal : 10 5 0 0 0
BinVal : 10 6 0 0 0
BinVal : 10 7 0.795918 0.0575756 0.0575756
BinVal : 10 8 0.876923 0.0407486 0.0407486
BinVal : 10 9 0.904762 0.0640564 0.0640564
BinVal : 10 10 0.708333 0.0927805 0.0927805
BinVal : 10 11 0.5 0.25 0.25
BinVal : 10 12 0.66129 0.0601055 0.0601055
BinVal : 10 13 0.818182 0.052007 0.052007
BinVal : 10 14 0.728395 0.0494208 0.0494208
BinVal : 10 15 0.851485 0.0353845 0.0353845
BinVal : 10 16 0.782609 0.0496557 0.0496557
BinVal : 10 17 0.72093 0.068402 0.068402
BinVal : 10 18 0.5 0.125 0.125
BinVal : 10 19 0.730769 0.0869893 0.0869893
BinVal : 10 20 0.636364 0.145041 0.145041
BinVal : 10 21 0.909091 0.0387638 0.0387638
BinVal : 10 22 0.705882 0.0638031 0.0638031
BinVal : 10 23 0 0 0
BinVal : 10 24 0 0 0
BinVal : 10 25 0 0 0
BinVal : 10 26 0 0 0
BinVal : 10 27 0 0 0
BinVal : 10 28 0 0 0
BinVal : 10 29 0 0 0
BinVal : 11 0 0 0 0
BinVal : 11 1 0 0 0
BinVal : 11 2 0 0 0
BinVal : 11 3 0 0 0
BinVal : 11 4 0 0 0
BinVal : 11 5 0 0 0
BinVal : 11 6 0 0 0
BinVal : 11 7 0.761905 0.0657205 0.0657205
BinVal : 11 8 0.805556 0.0659621 0.0659621
BinVal : 11 9 1 0.159077 0.159077
BinVal : 11 10 0 0 0
BinVal : 11 11 0 0 0
BinVal : 11 12 0 0 0
BinVal : 11 13 0 0 0
BinVal : 11 14 0 0 0
BinVal : 11 15 0 0 0
BinVal : 11 16 0 0 0
BinVal : 11 17 0 0 0
BinVal : 11 18 0 0 0
BinVal : 11 19 0 0 0
BinVal : 11 20 0 0 0
BinVal : 11 21 0.604167 0.0705853 0.0705853
BinVal : 11 22 0.65625 0.0593699 0.0593699
BinVal : 11 23 0 0 0
BinVal : 11 24 0 0 0
BinVal : 11 25 0 0 0
BinVal : 11 26 0 0 0
BinVal : 11 27 0 0 0
BinVal : 11 28 0 0 0
BinVal : 11 29 0 0 0
BinVal : 12 0 0 0 0
BinVal : 12 1 0 0 0
BinVal : 12 2 0 0 0
BinVal : 12 3 0 0 0
BinVal : 12 4 0 0 0
BinVal : 12 5 0 0 0
BinVal : 12 6 0 0 0
BinVal : 12 7 0.814815 0.052861 0.052861
BinVal : 12 8 0.878049 0.0511047 0.0511047
BinVal : 12 9 0 0 0
BinVal : 12 10 0 0 0
BinVal : 12 11 0 0 0
BinVal : 12 12 0 0 0
BinVal : 12 13 0 0 0
BinVal : 12 14 0 0 0
BinVal : 12 15 0 0 0
BinVal : 12 16 0 0 0
BinVal : 12 17 1 0.218486 0.218486
BinVal : 12 18 0 0 0
BinVal : 12 19 0 0 0
BinVal : 12 20 0 0 0
BinVal : 12 21 0.878049 0.0511047 0.0511047
BinVal : 12 22 0.848485 0.0441345 0.0441345
BinVal : 12 23 0 0 0
BinVal : 12 24 0 0 0
BinVal : 12 25 0 0 0
BinVal : 12 26 0 0 0
BinVal : 12 27 0 0 0
BinVal : 12 28 0 0 0
BinVal : 12 29 0 0 0
BinVal : 13 0 0 0 0
BinVal : 13 1 0 0 0
BinVal : 13 2 0 0 0
BinVal : 13 3 0 0 0
BinVal : 13 4 0 0 0
BinVal : 13 5 0 0 0
BinVal : 13 6 0 0 0
BinVal : 13 7 0.75 0.0559017 0.0559017
BinVal : 13 8 0.928571 0.0307818 0.0307818
BinVal : 13 9 0.769231 0.0826286 0.0826286
BinVal : 13 10 0.757576 0.0746009 0.0746009
BinVal : 13 11 0.666667 0.157135 0.157135
BinVal : 13 12 0.765625 0.0529509 0.0529509
BinVal : 13 13 0.659091 0.0714604 0.0714604
BinVal : 13 14 0.723404 0.0652476 0.0652476
BinVal : 13 15 0.777778 0.0619748 0.0619748
BinVal : 13 16 0.787234 0.0596972 0.0596972
BinVal : 13 17 0.803922 0.0555951 0.0555951
BinVal : 13 18 0.285714 0.170747 0.170747
BinVal : 13 19 0.714286 0.0853735 0.0853735
BinVal : 13 20 0.65 0.106654 0.106654
BinVal : 13 21 0.929825 0.0338342 0.0338342
BinVal : 13 22 0.822222 0.0569937 0.0569937
BinVal : 13 23 0 0 0
BinVal : 13 24 0 0 0
BinVal : 13 25 0 0 0
BinVal : 13 26 0 0 0
BinVal : 13 27 0 0 0
BinVal : 13 28 0 0 0
BinVal : 13 29 0 0 0
BinVal : 14 0 0 0 0
BinVal : 14 1 0 0 0
BinVal : 14 2 0 0 0
BinVal : 14 3 0 0 0
BinVal : 14 4 0 0 0
BinVal : 14 5 0 0 0
BinVal : 14 6 0 0 0
BinVal : 14 7 0.775 0.0660256 0.0660256
BinVal : 14 8 0.941176 0.0329478 0.0329478
BinVal : 14 9 0.913043 0.0339213 0.0339213
BinVal : 14 10 0.586957 0.0725975 0.0725975
BinVal : 14 11 0.672131 0.0601052 0.0601052
BinVal : 14 12 0.8 0.0516398 0.0516398
BinVal : 14 13 0.716667 0.0581744 0.0581744
BinVal : 14 14 0.657534 0.0555401 0.0555401
BinVal : 14 15 0.704225 0.0541635 0.0541635
BinVal : 14 16 0.566038 0.0680786 0.0680786
BinVal : 14 17 0.727273 0.0548202 0.0548202
BinVal : 14 18 0.775 0.0660256 0.0660256
BinVal : 14 19 0.694444 0.0767737 0.0767737
BinVal : 14 20 0.909091 0.0327614 0.0327614
BinVal : 14 21 0.926829 0.0406702 0.0406702
BinVal : 14 22 0.804348 0.0584905 0.0584905
BinVal : 14 23 0 0 0
BinVal : 14 24 0 0 0
BinVal : 14 25 0 0 0
BinVal : 14 26 0 0 0
BinVal : 14 27 0 0 0
BinVal : 14 28 0 0 0
BinVal : 14 29 0 0 0
BinVal : 15 0 0 0 0
BinVal : 15 1 0 0 0
BinVal : 15 2 0 0 0
BinVal : 15 3 0 0 0
BinVal : 15 4 0 0 0
BinVal : 15 5 0 0 0
BinVal : 15 6 0 0 0
BinVal : 15 7 0.877551 0.0468291 0.0468291
BinVal : 15 8 0.966102 0.02356 0.02356
BinVal : 15 9 0.674419 0.0714596 0.0714596
BinVal : 15 10 0.706667 0.0525723 0.0525723
BinVal : 15 11 0.796875 0.0502906 0.0502906
BinVal : 15 12 0.815789 0.0444672 0.0444672
BinVal : 15 13 0.771429 0.0501891 0.0501891
BinVal : 15 14 0.731183 0.0459727 0.0459727
BinVal : 15 15 0.738636 0.0468378 0.0468378
BinVal : 15 16 0.553846 0.0616567 0.0616567
BinVal : 15 17 0.866667 0.0438854 0.0438854
BinVal : 15 18 0.648148 0.0649861 0.0649861
BinVal : 15 19 0.72093 0.068402 0.068402
BinVal : 15 20 0.688525 0.0592934 0.0592934
BinVal : 15 21 0.903226 0.0375476 0.0375476
BinVal : 15 22 0.757143 0.0512525 0.0512525
BinVal : 15 23 0 0 0
BinVal : 15 24 0 0 0
BinVal : 15 25 0 0 0
BinVal : 15 26 0 0 0
BinVal : 15 27 0 0 0
BinVal : 15 28 0 0 0
BinVal : 15 29 0 0 0


Comments : includes prescale inefficiency, cosmic veto applied 
EffMethod : TagAndProbe 
EffName : eff 
EffType : Binned 
EffVarNames : phi deteta 
EffVersion : 3 
ObjQuality : SingleMuonTriggersOR-AND-MuFromMuJets 
ObjRelativeTo : tight_trackmedium_iso_TopScaledTight 
ObjType : MuANDSingleMuonOR 
ObjVersion : 1 
RunRangeHigh : -1 
RunRangeLow : -1 
TriggerVersionHigh : 15.59 
TriggerVersionLow : 15.5 
BinEdgesX : 0 0.3927 0.7854 1.1781 1.5708 1.9635 2.3562 2.7489 3.1416 3.5343 3.927 4.3197 4.7124 5.1051 5.4978 5.8905 6.2832 
BinEdgesY : -3 -2.8 -2.6 -2.4 -2.2 -2 -1.8 -1.6 -1.4 -1.2 -1 -0.8 -0.6 -0.4 -0.2 0 0.2 0.4 0.6 0.8 1 1.2 1.4 1.6 1.8 2 2.2 2.4 2.6 2.8 3 
BinVal : 0 0 0 0 0
BinVal : 0 1 0 0 0
BinVal : 0 2 0 0 0
BinVal : 0 3 0 0 0
BinVal : 0 4 0 0 0
BinVal : 0 5 0 0 0
BinVal : 0 6 0 0 0
BinVal : 0 7 0.5 0.0771517 0.0771517
BinVal : 0 8 0.767857 0.0564188 0.0564188
BinVal : 0 9 0.740741 0.0596353 0.0596353
BinVal : 0 10 0.742424 0.0538278 0.0538278
BinVal : 0 11 0.686275 0.0649739 0.0649739
BinVal : 0 12 0.733333 0.0659218 0.0659218
BinVal : 0 13 0.666667 0.0580259 0.0580259
BinVal : 0 14 0.616667 0.0627679 0.0627679
BinVal : 0 15 0.657534 0.0555401 0.0555401
BinVal : 0 16 0.568965 0.0650257 0.0650257
BinVal : 0 17 0.619048 0.0749329 0.0749329
BinVal : 0 18 0.826923 0.0524627 0.0524627
BinVal : 0 19 0.717949 0.0720574 0.0720574
BinVal : 0 20 0.706897 0.0597688 0.0597688
BinVal : 0 21 0.818182 0.0581456 0.0581456
BinVal : 0 22 0.6 0.0894427 0.0894427
BinVal : 0 23 0 0 0
BinVal : 0 24 0 0 0
BinVal : 0 25 0 0 0
BinVal : 0 26 0 0 0
BinVal : 0 27 0 0 0
BinVal : 0 28 0 0 0
BinVal : 0 29 0 0 0
BinVal : 1 0 0 0 0
BinVal : 1 1 0 0 0
BinVal : 1 2 0 0 0
BinVal : 1 3 0 0 0
BinVal : 1 4 0 0 0
BinVal : 1 5 0 0 0
BinVal : 1 6 0 0 0
BinVal : 1 7 0.705882 0.0781425 0.0781425
BinVal : 1 8 0.735849 0.0605595 0.0605595
BinVal : 1 9 0.880952 0.0499703 0.0499703
BinVal : 1 10 0.583333 0.0821678 0.0821678
BinVal : 1 11 0.753425 0.0504468 0.0504468
BinVal : 1 12 0.74 0.0620322 0.0620322
BinVal : 1 13 0.68254 0.058646 0.058646
BinVal : 1 14 0.7 0.0512348 0.0512348
BinVal : 1 15 0.729167 0.0641422 0.0641422
BinVal : 1 16 0.413043 0.0725975 0.0725975
BinVal : 1 17 0.716981 0.0618762 0.0618762
BinVal : 1 18 0.784314 0.0575932 0.0575932
BinVal : 1 19 0.6 0.0894427 0.0894427
BinVal : 1 20 0.761905 0.0657205 0.0657205
BinVal : 1 21 0.9 0.0474342 0.0474342
BinVal : 1 22 0.6 0.0774597 0.0774597
BinVal : 1 23 0 0 0
BinVal : 1 24 0 0 0
BinVal : 1 25 0 0 0
BinVal : 1 26 0 0 0
BinVal : 1 27 0 0 0
BinVal : 1 28 0 0 0
BinVal : 1 29 0 0 0
BinVal : 2 0 0 0 0
BinVal : 2 1 0 0 0
BinVal : 2 2 0 0 0
BinVal : 2 3 0 0 0
BinVal : 2 4 0 0 0
BinVal : 2 5 0 0 0
BinVal : 2 6 0 0 0
BinVal : 2 7 0.578947 0.113269 0.113269
BinVal : 2 8 0.875 0.0675077 0.0675077
BinVal : 2 9 0.709677 0.0815249 0.0815249
BinVal : 2 10 0.65 0.106654 0.106654
BinVal : 2 11 0.62963 0.0929349 0.0929349
BinVal : 2 12 0.666667 0.096225 0.096225
BinVal : 2 13 0.567568 0.0814455 0.0814455
BinVal : 2 14 0.625 0.0698771 0.0698771
BinVal : 2 15 0.571429 0.0763604 0.0763604
BinVal : 2 16 0.592593 0.0945607 0.0945607
BinVal : 2 17 0.714286 0.0985808 0.0985808
BinVal : 2 18 0.565217 0.103367 0.103367
BinVal : 2 19 0.458333 0.101707 0.101707
BinVal : 2 20 0.939394 0.041536 0.041536
BinVal : 2 21 0.925926 0.050401 0.050401
BinVal : 2 22 0.833333 0.0760726 0.0760726
BinVal : 2 23 0 0 0
BinVal : 2 24 0 0 0
BinVal : 2 25 0 0 0
BinVal : 2 26 0 0 0
BinVal : 2 27 0 0 0
BinVal : 2 28 0 0 0
BinVal : 2 29 0 0 0
BinVal : 3 0 0 0 0
BinVal : 3 1 0 0 0
BinVal : 3 2 0 0 0
BinVal : 3 3 0 0 0
BinVal : 3 4 0 0 0
BinVal : 3 5 0 0 0
BinVal : 3 6 0 0 0
BinVal : 3 7 0.625 0.171163 0.171163
BinVal : 3 8 0.888889 0.0740741 0.0740741
BinVal : 3 9 0.583333 0.142319 0.142319
BinVal : 3 10 0.764706 0.102879 0.102879
BinVal : 3 11 0.5 0.125 0.125
BinVal : 3 12 0.846154 0.100068 0.100068
BinVal : 3 13 0.52381 0.108985 0.108985
BinVal : 3 14 0.636364 0.102559 0.102559
BinVal : 3 15 0.526316 0.114549 0.114549
BinVal : 3 16 0.52381 0.108985 0.108985
BinVal : 3 17 0.928571 0.0688303 0.0688303
BinVal : 3 18 0.727273 0.134282 0.134282
BinVal : 3 19 0.333333 0.157135 0.157135
BinVal : 3 20 0.615385 0.134932 0.134932
BinVal : 3 21 0.928571 0.0688303 0.0688303
BinVal : 3 22 0.611111 0.114904 0.114904
BinVal : 3 23 0 0 0
BinVal : 3 24 0 0 0
BinVal : 3 25 0 0 0
BinVal : 3 26 0 0 0
BinVal : 3 27 0 0 0
BinVal : 3 28 0 0 0
BinVal : 3 29 0 0 0
BinVal : 4 0 0 0 0
BinVal : 4 1 0 0 0
BinVal : 4 2 0 0 0
BinVal : 4 3 0 0 0
BinVal : 4 4 0 0 0
BinVal : 4 5 0 0 0
BinVal : 4 6 0 0 0
BinVal : 4 7 0.916667 0.0797856 0.0797856
BinVal : 4 8 1 0.0346427 0.0346427
BinVal : 4 9 0.857143 0.13226 0.13226
BinVal : 4 10 0.545455 0.150131 0.150131
BinVal : 4 11 0.588235 0.119365 0.119365
BinVal : 4 12 0.583333 0.142319 0.142319
BinVal : 4 13 0.73913 0.0915605 0.0915605
BinVal : 4 14 0.52381 0.108985 0.108985
BinVal : 4 15 0.52 0.09992 0.09992
BinVal : 4 16 0.285714 0.120736 0.120736
BinVal : 4 17 0.625 0.121031 0.121031
BinVal : 4 18 0.55 0.111243 0.111243
BinVal : 4 19 0.764706 0.102879 0.102879
BinVal : 4 20 0.7 0.10247 0.10247
BinVal : 4 21 0.904762 0.0640564 0.0640564
BinVal : 4 22 0.764706 0.102879 0.102879
BinVal : 4 23 0 0 0
BinVal : 4 24 0 0 0
BinVal : 4 25 0 0 0
BinVal : 4 26 0 0 0
BinVal : 4 27 0 0 0
BinVal : 4 28 0 0 0
BinVal : 4 29 0 0 0
BinVal : 5 0 0 0 0
BinVal : 5 1 0 0 0
BinVal : 5 2 0 0 0
BinVal : 5 3 0 0 0
BinVal : 5 4 0 0 0
BinVal : 5 5 0 0 0
BinVal : 5 6 0 0 0
BinVal : 5 7 0.8 0.10328 0.10328
BinVal : 5 8 0.903226 0.0531003 0.0531003
BinVal : 5 9 0.677419 0.083959 0.083959
BinVal : 5 10 0.851852 0.0683673 0.0683673
BinVal : 5 11 0.657143 0.0802329 0.0802329
BinVal : 5 12 0.833333 0.0680414 0.0680414
BinVal : 5 13 0.627451 0.0677012 0.0677012
BinVal : 5 14 0.488372 0.0762287 0.0762287
BinVal : 5 15 0.634146 0.075224 0.075224
BinVal : 5 16 0.555556 0.0956292 0.0956292
BinVal : 5 17 0.722222 0.0746505 0.0746505
BinVal : 5 18 0.804348 0.0584905 0.0584905
BinVal : 5 19 0.710526 0.0735703 0.0735703
BinVal : 5 20 0.769231 0.067466 0.067466
BinVal : 5 21 0.818182 0.0822304 0.0822304
BinVal : 5 22 0.45 0.111243 0.111243
BinVal : 5 23 0 0 0
BinVal : 5 24 0 0 0
BinVal : 5 25 0 0 0
BinVal : 5 26 0 0 0
BinVal : 5 27 0 0 0
BinVal : 5 28 0 0 0
BinVal : 5 29 0 0 0
BinVal : 6 0 0 0 0
BinVal : 6 1 0 0 0
BinVal : 6 2 0 0 0
BinVal : 6 3 0 0 0
BinVal : 6 4 0 0 0
BinVal : 6 5 0 0 0
BinVal : 6 6 0 0 0
BinVal : 6 7 0.694444 0.0767737 0.0767737
BinVal : 6 8 0.808511 0.057394 0.057394
BinVal : 6 9 0.736842 0.0714338 0.0714338
BinVal : 6 10 0.769231 0.067466 0.067466
BinVal : 6 11 0.697674 0.0700373 0.0700373
BinVal : 6 12 0.638298 0.0700871 0.0700871
BinVal : 6 13 0.692308 0.0640039 0.0640039
BinVal : 6 14 0.540984 0.063803 0.063803
BinVal : 6 15 0.69697 0.0565689 0.0565689
BinVal : 6 16 0.675 0.0740566 0.0740566
BinVal : 6 17 0.727273 0.0671408 0.0671408
BinVal : 6 18 0.517857 0.0667727 0.0667727
BinVal : 6 19 0.707317 0.0710581 0.0710581
BinVal : 6 20 0.816327 0.0553168 0.0553168
BinVal : 6 21 0.736842 0.0714338 0.0714338
BinVal : 6 22 0.6875 0.0819382 0.0819382
BinVal : 6 23 0 0 0
BinVal : 6 24 0 0 0
BinVal : 6 25 0 0 0
BinVal : 6 26 0 0 0
BinVal : 6 27 0 0 0
BinVal : 6 28 0 0 0
BinVal : 6 29 0 0 0
BinVal : 7 0 0 0 0
BinVal : 7 1 0 0 0
BinVal : 7 2 0 0 0
BinVal : 7 3 0 0 0
BinVal : 7 4 0 0 0
BinVal : 7 5 0 0 0
BinVal : 7 6 0 0 0
BinVal : 7 7 0.657143 0.0802329 0.0802329
BinVal : 7 8 0.904762 0.0452948 0.0452948
BinVal : 7 9 0.733333 0.0659218 0.0659218
BinVal : 7 10 0.707317 0.0710581 0.0710581
BinVal : 7 11 0.62963 0.0929349 0.0929349
BinVal : 7 12 0.808511 0.057394 0.057394
BinVal : 7 13 0.61039 0.0555742 0.0555742
BinVal : 7 14 0.548387 0.063202 0.063202
BinVal : 7 15 0.567164 0.0605311 0.0605311
BinVal : 7 16 0.647059 0.0669172 0.0669172
BinVal : 7 17 0.697674 0.0700373 0.0700373
BinVal : 7 18 0.541667 0.0719178 0.0719178
BinVal : 7 19 0.68 0.0659697 0.0659697
BinVal : 7 20 0.738095 0.0678427 0.0678427
BinVal : 7 21 0.866667 0.0506745 0.0506745
BinVal : 7 22 0.7 0.0724569 0.0724569
BinVal : 7 23 0 0 0
BinVal : 7 24 0 0 0
BinVal : 7 25 0 0 0
BinVal : 7 26 0 0 0
BinVal : 7 27 0 0 0
BinVal : 7 28 0 0 0
BinVal : 7 29 0 0 0
BinVal : 8 0 0 0 0
BinVal : 8 1 0 0 0
BinVal : 8 2 0 0 0
BinVal : 8 3 0 0 0
BinVal : 8 4 0 0 0
BinVal : 8 5 0 0 0
BinVal : 8 6 0 0 0
BinVal : 8 7 0.75 0.0765466 0.0765466
BinVal : 8 8 0.926829 0.0406702 0.0406702
BinVal : 8 9 0.6 0.0774597 0.0774597
BinVal : 8 10 0.735294 0.0756611 0.0756611
BinVal : 8 11 0.676471 0.0802309 0.0802309
BinVal : 8 12 0.786885 0.0524321 0.0524321
BinVal : 8 13 0.853333 0.0408502 0.0408502
BinVal : 8 14 0.772727 0.051584 0.051584
BinVal : 8 15 0.783784 0.0478549 0.0478549
BinVal : 8 16 0.754098 0.0551353 0.0551353
BinVal : 8 17 0.8 0.0565685 0.0565685
BinVal : 8 18 0.512195 0.0780637 0.0780637
BinVal : 8 19 0.738095 0.0678427 0.0678427
BinVal : 8 20 0.74359 0.0699201 0.0699201
BinVal : 8 21 0.847826 0.0529596 0.0529596
BinVal : 8 22 0.71875 0.0794804 0.0794804
BinVal : 8 23 0 0 0
BinVal : 8 24 0 0 0
BinVal : 8 25 0 0 0
BinVal : 8 26 0 0 0
BinVal : 8 27 0 0 0
BinVal : 8 28 0 0 0
BinVal : 8 29 0 0 0
BinVal : 9 0 0 0 0
BinVal : 9 1 0 0 0
BinVal : 9 2 0 0 0
BinVal : 9 3 0 0 0
BinVal : 9 4 0 0 0
BinVal : 9 5 0 0 0
BinVal : 9 6 0 0 0
BinVal : 9 7 0.755102 0.0614324 0.0614324
BinVal : 9 8 0.911111 0.0424232 0.0424232
BinVal : 9 9 0.804348 0.0584905 0.0584905
BinVal : 9 10 0.675676 0.0769588 0.0769588
BinVal : 9 11 0.744186 0.0665378 0.0665378
BinVal : 9 12 0.792453 0.0557067 0.0557067
BinVal : 9 13 0.568182 0.0746737 0.0746737
BinVal : 9 14 0.575758 0.0608352 0.0608352
BinVal : 9 15 0.75 0.0541266 0.0541266
BinVal : 9 16 0.717391 0.0663884 0.0663884
BinVal : 9 17 0.672414 0.0616264 0.0616264
BinVal : 9 18 0.585366 0.0769404 0.0769404
BinVal : 9 19 0.75 0.0765466 0.0765466
BinVal : 9 20 0.894737 0.0406489 0.0406489
BinVal : 9 21 0.886364 0.0478452 0.0478452
BinVal : 9 22 0.763158 0.0689676 0.0689676
BinVal : 9 23 0 0 0
BinVal : 9 24 0 0 0
BinVal : 9 25 0 0 0
BinVal : 9 26 0 0 0
BinVal : 9 27 0 0 0
BinVal : 9 28 0 0 0
BinVal : 9 29 0 0 0
BinVal : 10 0 0 0 0
BinVal : 10 1 0 0 0
BinVal : 10 2 0 0 0
BinVal : 10 3 0 0 0
BinVal : 10 4 0 0 0
BinVal : 10 5 0 0 0
BinVal : 10 6 0 0 0
BinVal : 10 7 0.675676 0.0769588 0.0769588
BinVal : 10 8 0.857143 0.06613 0.06613
BinVal : 10 9 0.642857 0.12806 0.12806
BinVal : 10 10 0.470588 0.121058 0.121058
BinVal : 10 11 1 0.0668855 0.0668855
BinVal : 10 12 0.645161 0.0859347 0.0859347
BinVal : 10 13 0.744681 0.063603 0.063603
BinVal : 10 14 0.770492 0.0538416 0.0538416
BinVal : 10 15 0.803571 0.053091 0.053091
BinVal : 10 16 0.545455 0.0866784 0.0866784
BinVal : 10 17 0.6 0.0979796 0.0979796
BinVal : 10 18 0.583333 0.142319 0.142319
BinVal : 10 19 0.833333 0.107583 0.107583
BinVal : 10 20 0.666667 0.111111 0.111111
BinVal : 10 21 0.97619 0.0235244 0.0235244
BinVal : 10 22 0.651163 0.0726812 0.0726812
BinVal : 10 23 0 0 0
BinVal : 10 24 0 0 0
BinVal : 10 25 0 0 0
BinVal : 10 26 0 0 0
BinVal : 10 27 0 0 0
BinVal : 10 28 0 0 0
BinVal : 10 29 0 0 0
BinVal : 11 0 0 0 0
BinVal : 11 1 0 0 0
BinVal : 11 2 0 0 0
BinVal : 11 3 0 0 0
BinVal : 11 4 0 0 0
BinVal : 11 5 0 0 0
BinVal : 11 6 0 0 0
BinVal : 11 7 0.848485 0.0624156 0.0624156
BinVal : 11 8 0.714286 0.0763604 0.0763604
BinVal : 11 9 0 0 0
BinVal : 11 10 0 0 0
BinVal : 11 11 0 0 0
BinVal : 11 12 0 0 0
BinVal : 11 13 0 0 0
BinVal : 11 14 0 0 0
BinVal : 11 15 0 0 0
BinVal : 11 16 0 0 0
BinVal : 11 17 0 0 0
BinVal : 11 18 0 0 0
BinVal : 11 19 0 0 0
BinVal : 11 20 0 0 0
BinVal : 11 21 0.923077 0.0426692 0.0426692
BinVal : 11 22 0.787879 0.0711647 0.0711647
BinVal : 11 23 0 0 0
BinVal : 11 24 0 0 0
BinVal : 11 25 0 0 0
BinVal : 11 26 0 0 0
BinVal : 11 27 0 0 0
BinVal : 11 28 0 0 0
BinVal : 11 29 0 0 0
BinVal : 12 0 0 0 0
BinVal : 12 1 0 0 0
BinVal : 12 2 0 0 0
BinVal : 12 3 0 0 0
BinVal : 12 4 0 0 0
BinVal : 12 5 0 0 0
BinVal : 12 6 0 0 0
BinVal : 12 7 0.742857 0.0738764 0.0738764
BinVal : 12 8 0.772727 0.0893461 0.0893461
BinVal : 12 9 0 0 0
BinVal : 12 10 0 0 0
BinVal : 12 11 0 0 0
BinVal : 12 12 0 0 0
BinVal : 12 13 0 0 0
BinVal : 12 14 0 0 0
BinVal : 12 15 0 0 0
BinVal : 12 16 0 0 0
BinVal : 12 17 0 0 0
BinVal : 12 18 0 0 0
BinVal : 12 19 0 0 0
BinVal : 12 20 0 0 0
BinVal : 12 21 0.875 0.0584634 0.0584634
BinVal : 12 22 0.880952 0.0499703 0.0499703
BinVal : 12 23 0 0 0
BinVal : 12 24 0 0 0
BinVal : 12 25 0 0 0
BinVal : 12 26 0 0 0
BinVal : 12 27 0 0 0
BinVal : 12 28 0 0 0
BinVal : 12 29 0 0 0
BinVal : 13 0 0 0 0
BinVal : 13 1 0 0 0
BinVal : 13 2 0 0 0
BinVal : 13 3 0 0 0
BinVal : 13 4 0 0 0
BinVal : 13 5 0 0 0
BinVal : 13 6 0 0 0
BinVal : 13 7 0.638889 0.0800538 0.0800538
BinVal : 13 8 0.938776 0.0342488 0.0342488
BinVal : 13 9 0.714286 0.170747 0.170747
BinVal : 13 10 0.666667 0.121716 0.121716
BinVal : 13 11 0.666667 0.19245 0.19245
BinVal : 13 12 0.666667 0.0754851 0.0754851
BinVal : 13 13 0.674419 0.0714596 0.0714596
BinVal : 13 14 0.77193 0.0555758 0.0555758
BinVal : 13 15 0.759259 0.0581799 0.0581799
BinVal : 13 16 0.659574 0.0691185 0.0691185
BinVal : 13 17 0.6875 0.0819382 0.0819382
BinVal : 13 18 0.857143 0.13226 0.13226
BinVal : 13 19 0.7 0.144914 0.144914
BinVal : 13 20 0.8125 0.0975781 0.0975781
BinVal : 13 21 0.875 0.0522913 0.0522913
BinVal : 13 22 0.807692 0.077292 0.077292
BinVal : 13 23 0 0 0
BinVal : 13 24 0 0 0
BinVal : 13 25 0 0 0
BinVal : 13 26 0 0 0
BinVal : 13 27 0 0 0
BinVal : 13 28 0 0 0
BinVal : 13 29 0 0 0
BinVal : 14 0 0 0 0
BinVal : 14 1 0 0 0
BinVal : 14 2 0 0 0
BinVal : 14 3 0 0 0
BinVal : 14 4 0 0 0
BinVal : 14 5 0 0 0
BinVal : 14 6 0 0 0
BinVal : 14 7 0.612903 0.0874832 0.0874832
BinVal : 14 8 0.904762 0.0452948 0.0452948
BinVal : 14 9 0.911111 0.0424232 0.0424232
BinVal : 14 10 0.731707 0.069196 0.069196
BinVal : 14 11 0.685714 0.0784693 0.0784693
BinVal : 14 12 0.731707 0.069196 0.069196
BinVal : 14 13 0.666667 0.06415 0.06415
BinVal : 14 14 0.610169 0.0634947 0.0634947
BinVal : 14 15 0.678571 0.0624088 0.0624088
BinVal : 14 16 0.4 0.0828079 0.0828079
BinVal : 14 17 0.777778 0.056575 0.056575
BinVal : 14 18 0.692308 0.0739053 0.0739053
BinVal : 14 19 0.735294 0.0756611 0.0756611
BinVal : 14 20 0.860465 0.0528413 0.0528413
BinVal : 14 21 0.952381 0.0328603 0.0328603
BinVal : 14 22 0.605263 0.0792929 0.0792929
BinVal : 14 23 0 0 0
BinVal : 14 24 0 0 0
BinVal : 14 25 0 0 0
BinVal : 14 26 0 0 0
BinVal : 14 27 0 0 0
BinVal : 14 28 0 0 0
BinVal : 14 29 0 0 0
BinVal : 15 0 0 0 0
BinVal : 15 1 0 0 0
BinVal : 15 2 0 0 0
BinVal : 15 3 0 0 0
BinVal : 15 4 0 0 0
BinVal : 15 5 0 0 0
BinVal : 15 6 0 0 0
BinVal : 15 7 0.842105 0.0591528 0.0591528
BinVal : 15 8 0.918367 0.0391149 0.0391149
BinVal : 15 9 0.555556 0.0828173 0.0828173
BinVal : 15 10 0.644444 0.0713576 0.0713576
BinVal : 15 11 0.659091 0.0714604 0.0714604
BinVal : 15 12 0.590909 0.0741215 0.0741215
BinVal : 15 13 0.703704 0.0621386 0.0621386
BinVal : 15 14 0.738462 0.0545099 0.0545099
BinVal : 15 15 0.838235 0.044655 0.044655
BinVal : 15 16 0.381818 0.0655096 0.0655096
BinVal : 15 17 0.803922 0.0555951 0.0555951
BinVal : 15 18 0.625 0.0855817 0.0855817
BinVal : 15 19 0.675676 0.0769588 0.0769588
BinVal : 15 20 0.595238 0.0757392 0.0757392
BinVal : 15 21 0.848485 0.0624156 0.0624156
BinVal : 15 22 0.724138 0.0829961 0.0829961
BinVal : 15 23 0 0 0
BinVal : 15 24 0 0 0
BinVal : 15 25 0 0 0
BinVal : 15 26 0 0 0
BinVal : 15 27 0 0 0
BinVal : 15 28 0 0 0
BinVal : 15 29 0 0 0


Comments : includes prescale inefficiency, cosmic veto applied 
EffMethod : TagAndProbe 
EffName : eff 
EffType : Binned 
EffVarNames : phi deteta 
EffVersion : 3 
ObjQuality : SingleMuonTriggersOR-AND-MuFromMuJets 
ObjRelativeTo : tight_trackmedium_iso_TopScaledTight 
ObjType : MuANDSingleMuonOR 
ObjVersion : 1 
RunRangeHigh : -1 
RunRangeLow : -1 
TriggerVersionHigh : 15.89 
TriggerVersionLow : 15.6 
BinEdgesX : 0 0.3927 0.7854 1.1781 1.5708 1.9635 2.3562 2.7489 3.1416 3.5343 3.927 4.3197 4.7124 5.1051 5.4978 5.8905 6.2832 
BinEdgesY : -3 -2.8 -2.6 -2.4 -2.2 -2 -1.8 -1.6 -1.4 -1.2 -1 -0.8 -0.6 -0.4 -0.2 0 0.2 0.4 0.6 0.8 1 1.2 1.4 1.6 1.8 2 2.2 2.4 2.6 2.8 3 
BinVal : 0 0 0 0 0
BinVal : 0 1 0 0 0
BinVal : 0 2 0 0 0
BinVal : 0 3 0 0 0
BinVal : 0 4 0 0 0
BinVal : 0 5 0 0 0
BinVal : 0 6 0 0 0
BinVal : 0 7 0.605263 0.0560685 0.0560685
BinVal : 0 8 0.819277 0.042236 0.042236
BinVal : 0 9 0.704082 0.0461089 0.0461089
BinVal : 0 10 0.711111 0.0390092 0.0390092
BinVal : 0 11 0.720721 0.0425835 0.0425835
BinVal : 0 12 0.766667 0.0386101 0.0386101
BinVal : 0 13 0.624204 0.0386536 0.0386536
BinVal : 0 14 0.688742 0.0376791 0.0376791
BinVal : 0 15 0.662252 0.0384875 0.0384875
BinVal : 0 16 0.587786 0.0430066 0.0430066
BinVal : 0 17 0.712121 0.0394089 0.0394089
BinVal : 0 18 0.795699 0.0418089 0.0418089
BinVal : 0 19 0.616279 0.0524381 0.0524381
BinVal : 0 20 0.7 0.0458258 0.0458258
BinVal : 0 21 0.844828 0.0336173 0.0336173
BinVal : 0 22 0.678161 0.0500871 0.0500871
BinVal : 0 23 0 0 0
BinVal : 0 24 0 0 0
BinVal : 0 25 0 0 0
BinVal : 0 26 0 0 0
BinVal : 0 27 0 0 0
BinVal : 0 28 0 0 0
BinVal : 0 29 0 0 0
BinVal : 1 0 0 0 0
BinVal : 1 1 0 0 0
BinVal : 1 2 0 0 0
BinVal : 1 3 0 0 0
BinVal : 1 4 0 0 0
BinVal : 1 5 0 0 0
BinVal : 1 6 0 0 0
BinVal : 1 7 0.64557 0.0538175 0.0538175
BinVal : 1 8 0.863158 0.0352609 0.0352609
BinVal : 1 9 0.867257 0.0319184 0.0319184
BinVal : 1 10 0.804878 0.0437634 0.0437634
BinVal : 1 11 0.756303 0.039355 0.039355
BinVal : 1 12 0.764151 0.0412338 0.0412338
BinVal : 1 13 0.683333 0.0424646 0.0424646
BinVal : 1 14 0.810219 0.0335017 0.0335017
BinVal : 1 15 0.75817 0.0346173 0.0346173
BinVal : 1 16 0.619469 0.0456736 0.0456736
BinVal : 1 17 0.794872 0.0373309 0.0373309
BinVal : 1 18 0.759399 0.0370645 0.0370645
BinVal : 1 19 0.707865 0.0482028 0.0482028
BinVal : 1 20 0.869159 0.0326009 0.0326009
BinVal : 1 21 0.878788 0.0328018 0.0328018
BinVal : 1 22 0.7 0.0483046 0.0483046
BinVal : 1 23 0 0 0
BinVal : 1 24 0 0 0
BinVal : 1 25 0 0 0
BinVal : 1 26 0 0 0
BinVal : 1 27 0 0 0
BinVal : 1 28 0 0 0
BinVal : 1 29 0 0 0
BinVal : 2 0 0 0 0
BinVal : 2 1 0 0 0
BinVal : 2 2 0 0 0
BinVal : 2 3 0 0 0
BinVal : 2 4 0 0 0
BinVal : 2 5 0 0 0
BinVal : 2 6 0 0 0
BinVal : 2 7 0.626667 0.0558517 0.0558517
BinVal : 2 8 0.880597 0.0396149 0.0396149
BinVal : 2 9 0.882353 0.0390712 0.0390712
BinVal : 2 10 0.659574 0.0691185 0.0691185
BinVal : 2 11 0.714286 0.0473567 0.0473567
BinVal : 2 12 0.569767 0.0533889 0.0533889
BinVal : 2 13 0.525641 0.0565394 0.0565394
BinVal : 2 14 0.585106 0.0508185 0.0508185
BinVal : 2 15 0.618557 0.0493195 0.0493195
BinVal : 2 16 0.607595 0.0549365 0.0549365
BinVal : 2 17 0.757143 0.0512525 0.0512525
BinVal : 2 18 0.74026 0.0499708 0.0499708
BinVal : 2 19 0.666667 0.0660098 0.0660098
BinVal : 2 20 0.858974 0.0394087 0.0394087
BinVal : 2 21 0.859375 0.0434543 0.0434543
BinVal : 2 22 0.630435 0.0711683 0.0711683
BinVal : 2 23 0 0 0
BinVal : 2 24 0 0 0
BinVal : 2 25 0 0 0
BinVal : 2 26 0 0 0
BinVal : 2 27 0 0 0
BinVal : 2 28 0 0 0
BinVal : 2 29 0 0 0
BinVal : 3 0 0 0 0
BinVal : 3 1 0 0 0
BinVal : 3 2 0 0 0
BinVal : 3 3 0 0 0
BinVal : 3 4 0 0 0
BinVal : 3 5 0 0 0
BinVal : 3 6 0 0 0
BinVal : 3 7 0.724138 0.0829961 0.0829961
BinVal : 3 8 0.928571 0.0486704 0.0486704
BinVal : 3 9 0.636364 0.0837393 0.0837393
BinVal : 3 10 0.733333 0.0807373 0.0807373
BinVal : 3 11 0.736842 0.0714338 0.0714338
BinVal : 3 12 0.774194 0.0750952 0.0750952
BinVal : 3 13 0.547619 0.076801 0.076801
BinVal : 3 14 0.613636 0.0734053 0.0734053
BinVal : 3 15 0.666667 0.0680414 0.0680414
BinVal : 3 16 0.596154 0.0680433 0.0680433
BinVal : 3 17 0.733333 0.0807373 0.0807373
BinVal : 3 18 0.794872 0.064659 0.064659
BinVal : 3 19 0.617021 0.0709069 0.0709069
BinVal : 3 20 0.666667 0.096225 0.096225
BinVal : 3 21 0.921053 0.0437441 0.0437441
BinVal : 3 22 0.785714 0.0775443 0.0775443
BinVal : 3 23 0 0 0
BinVal : 3 24 0 0 0
BinVal : 3 25 0 0 0
BinVal : 3 26 0 0 0
BinVal : 3 27 0 0 0
BinVal : 3 28 0 0 0
BinVal : 3 29 0 0 0
BinVal : 4 0 0 0 0
BinVal : 4 1 0 0 0
BinVal : 4 2 0 0 0
BinVal : 4 3 0 0 0
BinVal : 4 4 0 0 0
BinVal : 4 5 0 0 0
BinVal : 4 6 0 0 0
BinVal : 4 7 0.62963 0.0929349 0.0929349
BinVal : 4 8 0.825 0.0600781 0.0600781
BinVal : 4 9 0.565217 0.103367 0.103367
BinVal : 4 10 0.535714 0.0942498 0.0942498
BinVal : 4 11 0.622222 0.0722744 0.0722744
BinVal : 4 12 0.756757 0.0705339 0.0705339
BinVal : 4 13 0.595238 0.0757392 0.0757392
BinVal : 4 14 0.521739 0.0736513 0.0736513
BinVal : 4 15 0.708333 0.0656057 0.0656057
BinVal : 4 16 0.48 0.09992 0.09992
BinVal : 4 17 0.756757 0.0705339 0.0705339
BinVal : 4 18 0.766667 0.0772202 0.0772202
BinVal : 4 19 0.761905 0.0929429 0.0929429
BinVal : 4 20 0.64 0.096 0.096
BinVal : 4 21 0.935484 0.0441237 0.0441237
BinVal : 4 22 0.705882 0.0781425 0.0781425
BinVal : 4 23 0 0 0
BinVal : 4 24 0 0 0
BinVal : 4 25 0 0 0
BinVal : 4 26 0 0 0
BinVal : 4 27 0 0 0
BinVal : 4 28 0 0 0
BinVal : 4 29 0 0 0
BinVal : 5 0 0 0 0
BinVal : 5 1 0 0 0
BinVal : 5 2 0 0 0
BinVal : 5 3 0 0 0
BinVal : 5 4 0 0 0
BinVal : 5 5 0 0 0
BinVal : 5 6 0 0 0
BinVal : 5 7 0.734694 0.0630709 0.0630709
BinVal : 5 8 0.940298 0.028946 0.028946
BinVal : 5 9 0.864198 0.0380643 0.0380643
BinVal : 5 10 0.75 0.0559017 0.0559017
BinVal : 5 11 0.670103 0.0477391 0.0477391
BinVal : 5 12 0.727273 0.0507537 0.0507537
BinVal : 5 13 0.760563 0.0506447 0.0506447
BinVal : 5 14 0.728155 0.0438383 0.0438383
BinVal : 5 15 0.731183 0.0459727 0.0459727
BinVal : 5 16 0.721519 0.0504322 0.0504322
BinVal : 5 17 0.793651 0.0509854 0.0509854
BinVal : 5 18 0.712963 0.0435302 0.0435302
BinVal : 5 19 0.740741 0.0596353 0.0596353
BinVal : 5 20 0.714286 0.0473567 0.0473567
BinVal : 5 21 0.864407 0.044571 0.044571
BinVal : 5 22 0.630769 0.0598587 0.0598587
BinVal : 5 23 0 0 0
BinVal : 5 24 0 0 0
BinVal : 5 25 0 0 0
BinVal : 5 26 0 0 0
BinVal : 5 27 0 0 0
BinVal : 5 28 0 0 0
BinVal : 5 29 0 0 0
BinVal : 6 0 0 0 0
BinVal : 6 1 0 0 0
BinVal : 6 2 0 0 0
BinVal : 6 3 0 0 0
BinVal : 6 4 0 0 0
BinVal : 6 5 0 0 0
BinVal : 6 6 0 0 0
BinVal : 6 7 0.641026 0.0543153 0.0543153
BinVal : 6 8 0.883721 0.0345668 0.0345668
BinVal : 6 9 0.872093 0.0360147 0.0360147
BinVal : 6 10 0.714286 0.045634 0.045634
BinVal : 6 11 0.718447 0.0443158 0.0443158
BinVal : 6 12 0.699115 0.0431455 0.0431455
BinVal : 6 13 0.519231 0.0489928 0.0489928
BinVal : 6 14 0.595745 0.0413284 0.0413284
BinVal : 6 15 0.697479 0.0421085 0.0421085
BinVal : 6 16 0.711864 0.0416923 0.0416923
BinVal : 6 17 0.702381 0.0498858 0.0498858
BinVal : 6 18 0.766355 0.0409073 0.0409073
BinVal : 6 19 0.695122 0.0508378 0.0508378
BinVal : 6 20 0.873418 0.0374097 0.0374097
BinVal : 6 21 0.929412 0.0277818 0.0277818
BinVal : 6 22 0.816901 0.0458985 0.0458985
BinVal : 6 23 0 0 0
BinVal : 6 24 0 0 0
BinVal : 6 25 0 0 0
BinVal : 6 26 0 0 0
BinVal : 6 27 0 0 0
BinVal : 6 28 0 0 0
BinVal : 6 29 0 0 0
BinVal : 7 0 0 0 0
BinVal : 7 1 0 0 0
BinVal : 7 2 0 0 0
BinVal : 7 3 0 0 0
BinVal : 7 4 0 0 0
BinVal : 7 5 0 0 0
BinVal : 7 6 0 0 0
BinVal : 7 7 0.793103 0.0434292 0.0434292
BinVal : 7 8 0.908257 0.0276489 0.0276489
BinVal : 7 9 0.722222 0.0472131 0.0472131
BinVal : 7 10 0.772277 0.0417282 0.0417282
BinVal : 7 11 0.630137 0.0565036 0.0565036
BinVal : 7 12 0.744 0.0390348 0.0390348
BinVal : 7 13 0.703704 0.0439386 0.0439386
BinVal : 7 14 0.604839 0.0439032 0.0439032
BinVal : 7 15 0.714286 0.039172 0.039172
BinVal : 7 16 0.741259 0.0366226 0.0366226
BinVal : 7 17 0.824561 0.0356223 0.0356223
BinVal : 7 18 0.737864 0.0433344 0.0433344
BinVal : 7 19 0.719101 0.0476404 0.0476404
BinVal : 7 20 0.678161 0.0500871 0.0500871
BinVal : 7 21 0.94382 0.0244084 0.0244084
BinVal : 7 22 0.714286 0.0473567 0.0473567
BinVal : 7 23 0 0 0
BinVal : 7 24 0 0 0
BinVal : 7 25 0 0 0
BinVal : 7 26 0 0 0
BinVal : 7 27 0 0 0
BinVal : 7 28 0 0 0
BinVal : 7 29 0 0 0
BinVal : 8 0 0 0 0
BinVal : 8 1 0 0 0
BinVal : 8 2 0 0 0
BinVal : 8 3 0 0 0
BinVal : 8 4 0 0 0
BinVal : 8 5 0 0 0
BinVal : 8 6 0 0 0
BinVal : 8 7 0.746269 0.0531615 0.0531615
BinVal : 8 8 0.969072 0.0175779 0.0175779
BinVal : 8 9 0.729167 0.0453554 0.0453554
BinVal : 8 10 0.770642 0.0402689 0.0402689
BinVal : 8 11 0.857143 0.035348 0.035348
BinVal : 8 12 0.876033 0.0299585 0.0299585
BinVal : 8 13 0.776316 0.0337999 0.0337999
BinVal : 8 14 0.725926 0.0383896 0.0383896
BinVal : 8 15 0.845679 0.028383 0.028383
BinVal : 8 16 0.834483 0.0308636 0.0308636
BinVal : 8 17 0.867257 0.0319184 0.0319184
BinVal : 8 18 0.701299 0.0521585 0.0521585
BinVal : 8 19 0.782178 0.0410717 0.0410717
BinVal : 8 20 0.742857 0.0426526 0.0426526
BinVal : 8 21 0.884211 0.0328285 0.0328285
BinVal : 8 22 0.655556 0.0500891 0.0500891
BinVal : 8 23 0 0 0
BinVal : 8 24 0 0 0
BinVal : 8 25 0 0 0
BinVal : 8 26 0 0 0
BinVal : 8 27 0 0 0
BinVal : 8 28 0 0 0
BinVal : 8 29 0 0 0
BinVal : 9 0 0 0 0
BinVal : 9 1 0 0 0
BinVal : 9 2 0 0 0
BinVal : 9 3 0 0 0
BinVal : 9 4 0 0 0
BinVal : 9 5 0 0 0
BinVal : 9 6 0 0 0
BinVal : 9 7 0.76087 0.0444712 0.0444712
BinVal : 9 8 0.917526 0.0279307 0.0279307
BinVal : 9 9 0.852273 0.0378249 0.0378249
BinVal : 9 10 0.76087 0.0444712 0.0444712
BinVal : 9 11 0.825581 0.0409192 0.0409192
BinVal : 9 12 0.769231 0.0389515 0.0389515
BinVal : 9 13 0.598131 0.0473967 0.0473967
BinVal : 9 14 0.730263 0.0359988 0.0359988
BinVal : 9 15 0.847826 0.0305762 0.0305762
BinVal : 9 16 0.84 0.0327902 0.0327902
BinVal : 9 17 0.700855 0.0423314 0.0423314
BinVal : 9 18 0.769231 0.0477057 0.0477057
BinVal : 9 19 0.734177 0.049703 0.049703
BinVal : 9 20 0.836207 0.0343618 0.0343618
BinVal : 9 21 0.843373 0.0398936 0.0398936
BinVal : 9 22 0.752809 0.0457261 0.0457261
BinVal : 9 23 0 0 0
BinVal : 9 24 0 0 0
BinVal : 9 25 0 0 0
BinVal : 9 26 0 0 0
BinVal : 9 27 0 0 0
BinVal : 9 28 0 0 0
BinVal : 9 29 0 0 0
BinVal : 10 0 0 0 0
BinVal : 10 1 0 0 0
BinVal : 10 2 0 0 0
BinVal : 10 3 0 0 0
BinVal : 10 4 0 0 0
BinVal : 10 5 0 0 0
BinVal : 10 6 0 0 0
BinVal : 10 7 0.602941 0.0593349 0.0593349
BinVal : 10 8 0.841463 0.0403344 0.0403344
BinVal : 10 9 0.741935 0.0785898 0.0785898
BinVal : 10 10 0.705882 0.0781425 0.0781425
BinVal : 10 11 0.722222 0.105572 0.105572
BinVal : 10 12 0.775281 0.044244 0.044244
BinVal : 10 13 0.793478 0.0422043 0.0422043
BinVal : 10 14 0.801802 0.0378375 0.0378375
BinVal : 10 15 0.758333 0.0390794 0.0390794
BinVal : 10 16 0.757282 0.0422437 0.0422437
BinVal : 10 17 0.72973 0.0516255 0.0516255
BinVal : 10 18 0.636364 0.102559 0.102559
BinVal : 10 19 0.711111 0.0675659 0.0675659
BinVal : 10 20 0.814815 0.0747568 0.0747568
BinVal : 10 21 0.831579 0.0383962 0.0383962
BinVal : 10 22 0.701493 0.0559051 0.0559051
BinVal : 10 23 0 0 0
BinVal : 10 24 0 0 0
BinVal : 10 25 0 0 0
BinVal : 10 26 0 0 0
BinVal : 10 27 0 0 0
BinVal : 10 28 0 0 0
BinVal : 10 29 0 0 0
BinVal : 11 0 0 0 0
BinVal : 11 1 0 0 0
BinVal : 11 2 0 0 0
BinVal : 11 3 0 0 0
BinVal : 11 4 0 0 0
BinVal : 11 5 0 0 0
BinVal : 11 6 0 0 0
BinVal : 11 7 0.810811 0.0455294 0.0455294
BinVal : 11 8 0.876712 0.0384793 0.0384793
BinVal : 11 9 0.5 0.353553 0.353553
BinVal : 11 10 0 0 0
BinVal : 11 11 0 0 0
BinVal : 11 12 1 0.218486 0.218486
BinVal : 11 13 0 0 0
BinVal : 11 14 0 0 0
BinVal : 11 15 0 0 0
BinVal : 11 16 0 0 0
BinVal : 11 17 0 0 0
BinVal : 11 18 0 0 0
BinVal : 11 19 0 0 0
BinVal : 11 20 0 0 0
BinVal : 11 21 0.876712 0.0384793 0.0384793
BinVal : 11 22 0.714286 0.0539949 0.0539949
BinVal : 11 23 0 0 0
BinVal : 11 24 0 0 0
BinVal : 11 25 0 0 0
BinVal : 11 26 0 0 0
BinVal : 11 27 0 0 0
BinVal : 11 28 0 0 0
BinVal : 11 29 0 0 0
BinVal : 12 0 0 0 0
BinVal : 12 1 0 0 0
BinVal : 12 2 0 0 0
BinVal : 12 3 0 0 0
BinVal : 12 4 0 0 0
BinVal : 12 5 0 0 0
BinVal : 12 6 0 0 0
BinVal : 12 7 0.636364 0.0592126 0.0592126
BinVal : 12 8 0.786885 0.0524321 0.0524321
BinVal : 12 9 0 0 0
BinVal : 12 10 0 0 0
BinVal : 12 11 0 0 0
BinVal : 12 12 0 0 0
BinVal : 12 13 0 0 0
BinVal : 12 14 0 0 0
BinVal : 12 15 0 0 0
BinVal : 12 16 0 0 0
BinVal : 12 17 0 0 0
BinVal : 12 18 0 0 0
BinVal : 12 19 0 0 0
BinVal : 12 20 0 0 0
BinVal : 12 21 0.696429 0.0614433 0.0614433
BinVal : 12 22 0.740741 0.048692 0.048692
BinVal : 12 23 0 0 0
BinVal : 12 24 0 0 0
BinVal : 12 25 0 0 0
BinVal : 12 26 0 0 0
BinVal : 12 27 0 0 0
BinVal : 12 28 0 0 0
BinVal : 12 29 0 0 0
BinVal : 13 0 0 0 0
BinVal : 13 1 0 0 0
BinVal : 13 2 0 0 0
BinVal : 13 3 0 0 0
BinVal : 13 4 0 0 0
BinVal : 13 5 0 0 0
BinVal : 13 6 0 0 0
BinVal : 13 7 0.702703 0.0531331 0.0531331
BinVal : 13 8 0.901099 0.0312944 0.0312944
BinVal : 13 9 0.903226 0.0531003 0.0531003
BinVal : 13 10 0.560976 0.077504 0.077504
BinVal : 13 11 0.466667 0.128812 0.128812
BinVal : 13 12 0.691489 0.0476391 0.0476391
BinVal : 13 13 0.76 0.0427083 0.0427083
BinVal : 13 14 0.816 0.0346576 0.0346576
BinVal : 13 15 0.813953 0.0342622 0.0342622
BinVal : 13 16 0.80303 0.0346161 0.0346161
BinVal : 13 17 0.75 0.0484123 0.0484123
BinVal : 13 18 0.666667 0.157135 0.157135
BinVal : 13 19 0.673469 0.066992 0.066992
BinVal : 13 20 0.833333 0.0575055 0.0575055
BinVal : 13 21 0.892473 0.0321229 0.0321229
BinVal : 13 22 0.787879 0.0503211 0.0503211
BinVal : 13 23 0 0 0
BinVal : 13 24 0 0 0
BinVal : 13 25 0 0 0
BinVal : 13 26 0 0 0
BinVal : 13 27 0 0 0
BinVal : 13 28 0 0 0
BinVal : 13 29 0 0 0
BinVal : 14 0 0 0 0
BinVal : 14 1 0 0 0
BinVal : 14 2 0 0 0
BinVal : 14 3 0 0 0
BinVal : 14 4 0 0 0
BinVal : 14 5 0 0 0
BinVal : 14 6 0 0 0
BinVal : 14 7 0.661538 0.0586915 0.0586915
BinVal : 14 8 0.945205 0.0266361 0.0266361
BinVal : 14 9 0.896907 0.0308746 0.0308746
BinVal : 14 10 0.785714 0.0490433 0.0490433
BinVal : 14 11 0.712644 0.0485162 0.0485162
BinVal : 14 12 0.718182 0.0428949 0.0428949
BinVal : 14 13 0.712766 0.0466689 0.0466689
BinVal : 14 14 0.723684 0.0362707 0.0362707
BinVal : 14 15 0.592857 0.0415226 0.0415226
BinVal : 14 16 0.607595 0.0549365 0.0549365
BinVal : 14 17 0.777778 0.0400046 0.0400046
BinVal : 14 18 0.753247 0.0491309 0.0491309
BinVal : 14 19 0.683544 0.052327 0.052327
BinVal : 14 20 0.908163 0.0291727 0.0291727
BinVal : 14 21 0.90099 0.0297193 0.0297193
BinVal : 14 22 0.71831 0.0533842 0.0533842
BinVal : 14 23 0 0 0
BinVal : 14 24 0 0 0
BinVal : 14 25 0 0 0
BinVal : 14 26 0 0 0
BinVal : 14 27 0 0 0
BinVal : 14 28 0 0 0
BinVal : 14 29 0 0 0
BinVal : 15 0 0 0 0
BinVal : 15 1 0 0 0
BinVal : 15 2 0 0 0
BinVal : 15 3 0 0 0
BinVal : 15 4 0 0 0
BinVal : 15 5 0 0 0
BinVal : 15 6 0 0 0
BinVal : 15 7 0.75 0.04967 0.04967
BinVal : 15 8 0.878505 0.0315835 0.0315835
BinVal : 15 9 0.606383 0.0503903 0.0503903
BinVal : 15 10 0.806452 0.0409678 0.0409678
BinVal : 15 11 0.705263 0.0467769 0.0467769
BinVal : 15 12 0.878788 0.0328018 0.0328018
BinVal : 15 13 0.755556 0.0369876 0.0369876
BinVal : 15 14 0.768657 0.0364286 0.0364286
BinVal : 15 15 0.74 0.0358143 0.0358143
BinVal : 15 16 0.675439 0.043852 0.043852
BinVal : 15 17 0.843137 0.0360088 0.0360088
BinVal : 15 18 0.792683 0.0447672 0.0447672
BinVal : 15 19 0.795455 0.0429993 0.0429993
BinVal : 15 20 0.674157 0.0496809 0.0496809
BinVal : 15 21 0.93 0.0255147 0.0255147
BinVal : 15 22 0.72619 0.048653 0.048653
BinVal : 15 23 0 0 0
BinVal : 15 24 0 0 0
BinVal : 15 25 0 0 0
BinVal : 15 26 0 0 0
BinVal : 15 27 0 0 0
BinVal : 15 28 0 0 0
BinVal : 15 29 0 0 0


Comments : includes prescale inefficiency, cosmic veto applied 
EffMethod : TagAndProbe 
EffName : eff 
EffType : Binned 
EffVarNames : phi deteta 
EffVersion : 3 
ObjQuality : SingleMuonTriggersOR-AND-MuFromMuJets 
ObjRelativeTo : tight_trackmedium_iso_TopScaledTight 
ObjType : MuANDSingleMuonOR 
ObjVersion : 1 
RunRangeHigh : -1 
RunRangeLow : -1 
TriggerVersionHigh : 15.99 
TriggerVersionLow : 15.9 
BinEdgesX : 0 0.3927 0.7854 1.1781 1.5708 1.9635 2.3562 2.7489 3.1416 3.5343 3.927 4.3197 4.7124 5.1051 5.4978 5.8905 6.2832 
BinEdgesY : -3 -2.8 -2.6 -2.4 -2.2 -2 -1.8 -1.6 -1.4 -1.2 -1 -0.8 -0.6 -0.4 -0.2 0 0.2 0.4 0.6 0.8 1 1.2 1.4 1.6 1.8 2 2.2 2.4 2.6 2.8 3 
BinVal : 0 0 0 0 0
BinVal : 0 1 0 0 0
BinVal : 0 2 0 0 0
BinVal : 0 3 0 0 0
BinVal : 0 4 0 0 0
BinVal : 0 5 0 0 0
BinVal : 0 6 0 0 0
BinVal : 0 7 0.644737 0.0548984 0.0548984
BinVal : 0 8 0.926829 0.0287582 0.0287582
BinVal : 0 9 0.693182 0.0491612 0.0491612
BinVal : 0 10 0.607595 0.0549365 0.0549365
BinVal : 0 11 0.551724 0.053318 0.053318
BinVal : 0 12 0.587156 0.0471581 0.0471581
BinVal : 0 13 0.554688 0.043929 0.043929
BinVal : 0 14 0.554545 0.0473886 0.0473886
BinVal : 0 15 0.54386 0.0466488 0.0466488
BinVal : 0 16 0.504854 0.0492641 0.0492641
BinVal : 0 17 0.576471 0.0535946 0.0535946
BinVal : 0 18 0.64557 0.0538175 0.0538175
BinVal : 0 19 0.637681 0.0578659 0.0578659
BinVal : 0 20 0.666667 0.0514344 0.0514344
BinVal : 0 21 0.948052 0.0252904 0.0252904
BinVal : 0 22 0.714286 0.0569156 0.0569156
BinVal : 0 23 0 0 0
BinVal : 0 24 0 0 0
BinVal : 0 25 0 0 0
BinVal : 0 26 0 0 0
BinVal : 0 27 0 0 0
BinVal : 0 28 0 0 0
BinVal : 0 29 0 0 0
BinVal : 1 0 0 0 0
BinVal : 1 1 0 0 0
BinVal : 1 2 0 0 0
BinVal : 1 3 0 0 0
BinVal : 1 4 0 0 0
BinVal : 1 5 0 0 0
BinVal : 1 6 0 0 0
BinVal : 1 7 0.632653 0.0688689 0.0688689
BinVal : 1 8 0.982456 0.0173893 0.0173893
BinVal : 1 9 0.913043 0.0339213 0.0339213
BinVal : 1 10 0.62069 0.0637119 0.0637119
BinVal : 1 11 0.723077 0.0555028 0.0555028
BinVal : 1 12 0.590164 0.062969 0.062969
BinVal : 1 13 0.631579 0.0638923 0.0638923
BinVal : 1 14 0.561224 0.0501275 0.0501275
BinVal : 1 15 0.632184 0.0516984 0.0516984
BinVal : 1 16 0.585714 0.0588768 0.0588768
BinVal : 1 17 0.604938 0.0543182 0.0543182
BinVal : 1 18 0.709677 0.0576468 0.0576468
BinVal : 1 19 0.62963 0.0657149 0.0657149
BinVal : 1 20 0.893939 0.0379017 0.0379017
BinVal : 1 21 0.9 0.0424264 0.0424264
BinVal : 1 22 0.659574 0.0691185 0.0691185
BinVal : 1 23 0 0 0
BinVal : 1 24 0 0 0
BinVal : 1 25 0 0 0
BinVal : 1 26 0 0 0
BinVal : 1 27 0 0 0
BinVal : 1 28 0 0 0
BinVal : 1 29 0 0 0
BinVal : 2 0 0 0 0
BinVal : 2 1 0 0 0
BinVal : 2 2 0 0 0
BinVal : 2 3 0 0 0
BinVal : 2 4 0 0 0
BinVal : 2 5 0 0 0
BinVal : 2 6 0 0 0
BinVal : 2 7 0.68 0.0932952 0.0932952
BinVal : 2 8 0.966667 0.0327731 0.0327731
BinVal : 2 9 0.861111 0.0576384 0.0576384
BinVal : 2 10 0.730769 0.0869893 0.0869893
BinVal : 2 11 0.74359 0.0699201 0.0699201
BinVal : 2 12 0.8 0.0730297 0.0730297
BinVal : 2 13 0.548387 0.0893812 0.0893812
BinVal : 2 14 0.634615 0.0667773 0.0667773
BinVal : 2 15 0.52 0.0706541 0.0706541
BinVal : 2 16 0.717391 0.0663884 0.0663884
BinVal : 2 17 0.794118 0.0693446 0.0693446
BinVal : 2 18 0.809524 0.0605913 0.0605913
BinVal : 2 19 0.733333 0.0807373 0.0807373
BinVal : 2 20 0.848485 0.0624156 0.0624156
BinVal : 2 21 0.805556 0.0659621 0.0659621
BinVal : 2 22 0.59375 0.0868207 0.0868207
BinVal : 2 23 0 0 0
BinVal : 2 24 0 0 0
BinVal : 2 25 0 0 0
BinVal : 2 26 0 0 0
BinVal : 2 27 0 0 0
BinVal : 2 28 0 0 0
BinVal : 2 29 0 0 0
BinVal : 3 0 0 0 0
BinVal : 3 1 0 0 0
BinVal : 3 2 0 0 0
BinVal : 3 3 0 0 0
BinVal : 3 4 0 0 0
BinVal : 3 5 0 0 0
BinVal : 3 6 0 0 0
BinVal : 3 7 0.9375 0.0605154 0.0605154
BinVal : 3 8 0.846154 0.100068 0.100068
BinVal : 3 9 0.529412 0.121058 0.121058
BinVal : 3 10 0.8 0.126491 0.126491
BinVal : 3 11 0.692308 0.128008 0.128008
BinVal : 3 12 0.8 0.126491 0.126491
BinVal : 3 13 0.545455 0.150131 0.150131
BinVal : 3 14 0.684211 0.106639 0.106639
BinVal : 3 15 0.857143 0.093522 0.093522
BinVal : 3 16 0.666667 0.157135 0.157135
BinVal : 3 17 0.578947 0.113269 0.113269
BinVal : 3 18 0.9 0.0948683 0.0948683
BinVal : 3 19 0.5 0.133631 0.133631
BinVal : 3 20 0.7 0.144914 0.144914
BinVal : 3 21 0.875 0.0826797 0.0826797
BinVal : 3 22 0.692308 0.128008 0.128008
BinVal : 3 23 0 0 0
BinVal : 3 24 0 0 0
BinVal : 3 25 0 0 0
BinVal : 3 26 0 0 0
BinVal : 3 27 0 0 0
BinVal : 3 28 0 0 0
BinVal : 3 29 0 0 0
BinVal : 4 0 0 0 0
BinVal : 4 1 0 0 0
BinVal : 4 2 0 0 0
BinVal : 4 3 0 0 0
BinVal : 4 4 0 0 0
BinVal : 4 5 0 0 0
BinVal : 4 6 0 0 0
BinVal : 4 7 0.666667 0.19245 0.19245
BinVal : 4 8 0.928571 0.0688303 0.0688303
BinVal : 4 9 0.916667 0.0797856 0.0797856
BinVal : 4 10 0.5 0.204124 0.204124
BinVal : 4 11 0.714286 0.170747 0.170747
BinVal : 4 12 0.8 0.178885 0.178885
BinVal : 4 13 0.75 0.0883883 0.0883883
BinVal : 4 14 0.785714 0.109664 0.109664
BinVal : 4 15 0.555556 0.117121 0.117121
BinVal : 4 16 0.625 0.171163 0.171163
BinVal : 4 17 0.857143 0.093522 0.093522
BinVal : 4 18 0.545455 0.150131 0.150131
BinVal : 4 19 0.875 0.116927 0.116927
BinVal : 4 20 0.8 0.126491 0.126491
BinVal : 4 21 0.8 0.178885 0.178885
BinVal : 4 22 0.75 0.108253 0.108253
BinVal : 4 23 0 0 0
BinVal : 4 24 0 0 0
BinVal : 4 25 0 0 0
BinVal : 4 26 0 0 0
BinVal : 4 27 0 0 0
BinVal : 4 28 0 0 0
BinVal : 4 29 0 0 0
BinVal : 5 0 0 0 0
BinVal : 5 1 0 0 0
BinVal : 5 2 0 0 0
BinVal : 5 3 0 0 0
BinVal : 5 4 0 0 0
BinVal : 5 5 0 0 0
BinVal : 5 6 0 0 0
BinVal : 5 7 0.85 0.0798436 0.0798436
BinVal : 5 8 0.826087 0.0790342 0.0790342
BinVal : 5 9 0.758621 0.0794627 0.0794627
BinVal : 5 10 0.666667 0.102869 0.102869
BinVal : 5 11 0.619048 0.105971 0.105971
BinVal : 5 12 0.78125 0.0730792 0.0730792
BinVal : 5 13 0.710526 0.0735703 0.0735703
BinVal : 5 14 0.666667 0.082061 0.082061
BinVal : 5 15 0.697674 0.0700373 0.0700373
BinVal : 5 16 0.76 0.0854166 0.0854166
BinVal : 5 17 0.958333 0.0407894 0.0407894
BinVal : 5 18 0.605263 0.0792929 0.0792929
BinVal : 5 19 0.636364 0.102559 0.102559
BinVal : 5 20 0.892857 0.0584512 0.0584512
BinVal : 5 21 0.916667 0.0797856 0.0797856
BinVal : 5 22 0.823529 0.0924594 0.0924594
BinVal : 5 23 0 0 0
BinVal : 5 24 0 0 0
BinVal : 5 25 0 0 0
BinVal : 5 26 0 0 0
BinVal : 5 27 0 0 0
BinVal : 5 28 0 0 0
BinVal : 5 29 0 0 0
BinVal : 6 0 0 0 0
BinVal : 6 1 0 0 0
BinVal : 6 2 0 0 0
BinVal : 6 3 0 0 0
BinVal : 6 4 0 0 0
BinVal : 6 5 0 0 0
BinVal : 6 6 0 0 0
BinVal : 6 7 0.678571 0.0624088 0.0624088
BinVal : 6 8 0.943396 0.0317418 0.0317418
BinVal : 6 9 0.87013 0.038309 0.038309
BinVal : 6 10 0.653061 0.0679994 0.0679994
BinVal : 6 11 0.652174 0.0573374 0.0573374
BinVal : 6 12 0.672131 0.0601052 0.0601052
BinVal : 6 13 0.696203 0.0517424 0.0517424
BinVal : 6 14 0.620253 0.0546032 0.0546032
BinVal : 6 15 0.693333 0.0532444 0.0532444
BinVal : 6 16 0.681818 0.0573324 0.0573324
BinVal : 6 17 0.766667 0.0546029 0.0546029
BinVal : 6 18 0.714286 0.0514821 0.0514821
BinVal : 6 19 0.62 0.068644 0.068644
BinVal : 6 20 0.8125 0.048789 0.048789
BinVal : 6 21 0.734694 0.0630709 0.0630709
BinVal : 6 22 0.625 0.0698771 0.0698771
BinVal : 6 23 0 0 0
BinVal : 6 24 0 0 0
BinVal : 6 25 0 0 0
BinVal : 6 26 0 0 0
BinVal : 6 27 0 0 0
BinVal : 6 28 0 0 0
BinVal : 6 29 0 0 0
BinVal : 7 0 0 0 0
BinVal : 7 1 0 0 0
BinVal : 7 2 0 0 0
BinVal : 7 3 0 0 0
BinVal : 7 4 0 0 0
BinVal : 7 5 0 0 0
BinVal : 7 6 0 0 0
BinVal : 7 7 0.8 0.0496139 0.0496139
BinVal : 7 8 0.905405 0.0340204 0.0340204
BinVal : 7 9 0.677419 0.059368 0.059368
BinVal : 7 10 0.753247 0.0491309 0.0491309
BinVal : 7 11 0.710145 0.0546185 0.0546185
BinVal : 7 12 0.765625 0.0529509 0.0529509
BinVal : 7 13 0.757895 0.0439486 0.0439486
BinVal : 7 14 0.674074 0.040341 0.040341
BinVal : 7 15 0.666667 0.0435814 0.0435814
BinVal : 7 16 0.729167 0.0453554 0.0453554
BinVal : 7 17 0.769231 0.0477057 0.0477057
BinVal : 7 18 0.796875 0.0502906 0.0502906
BinVal : 7 19 0.791667 0.0478613 0.0478613
BinVal : 7 20 0.702381 0.0498858 0.0498858
BinVal : 7 21 0.974684 0.0176734 0.0176734
BinVal : 7 22 0.683333 0.060054 0.060054
BinVal : 7 23 0 0 0
BinVal : 7 24 0 0 0
BinVal : 7 25 0 0 0
BinVal : 7 26 0 0 0
BinVal : 7 27 0 0 0
BinVal : 7 28 0 0 0
BinVal : 7 29 0 0 0
BinVal : 8 0 0 0 0
BinVal : 8 1 0 0 0
BinVal : 8 2 0 0 0
BinVal : 8 3 0 0 0
BinVal : 8 4 0 0 0
BinVal : 8 5 0 0 0
BinVal : 8 6 0 0 0
BinVal : 8 7 0.77193 0.0555758 0.0555758
BinVal : 8 8 0.955882 0.0249031 0.0249031
BinVal : 8 9 0.777778 0.056575 0.056575
BinVal : 8 10 0.865385 0.0473315 0.0473315
BinVal : 8 11 0.873239 0.0394848 0.0394848
BinVal : 8 12 0.776119 0.0509255 0.0509255
BinVal : 8 13 0.821429 0.041788 0.041788
BinVal : 8 14 0.709091 0.0433045 0.0433045
BinVal : 8 15 0.790909 0.0387735 0.0387735
BinVal : 8 16 0.842697 0.0385931 0.0385931
BinVal : 8 17 0.865672 0.0416604 0.0416604
BinVal : 8 18 0.903614 0.0323935 0.0323935
BinVal : 8 19 0.765625 0.0529509 0.0529509
BinVal : 8 20 0.681159 0.0561031 0.0561031
BinVal : 8 21 0.853333 0.0408502 0.0408502
BinVal : 8 22 0.706897 0.0597688 0.0597688
BinVal : 8 23 0 0 0
BinVal : 8 24 0 0 0
BinVal : 8 25 0 0 0
BinVal : 8 26 0 0 0
BinVal : 8 27 0 0 0
BinVal : 8 28 0 0 0
BinVal : 8 29 0 0 0
BinVal : 9 0 0 0 0
BinVal : 9 1 0 0 0
BinVal : 9 2 0 0 0
BinVal : 9 3 0 0 0
BinVal : 9 4 0 0 0
BinVal : 9 5 0 0 0
BinVal : 9 6 0 0 0
BinVal : 9 7 0.711864 0.0589618 0.0589618
BinVal : 9 8 0.90566 0.0401506 0.0401506
BinVal : 9 9 0.925373 0.0321047 0.0321047
BinVal : 9 10 0.74359 0.0699201 0.0699201
BinVal : 9 11 0.810811 0.0643883 0.0643883
BinVal : 9 12 0.828125 0.047159 0.047159
BinVal : 9 13 0.559322 0.0646347 0.0646347
BinVal : 9 14 0.707317 0.0502457 0.0502457
BinVal : 9 15 0.780488 0.0457094 0.0457094
BinVal : 9 16 0.816327 0.0553168 0.0553168
BinVal : 9 17 0.761905 0.0536606 0.0536606
BinVal : 9 18 0.698113 0.063059 0.063059
BinVal : 9 19 0.684211 0.0754053 0.0754053
BinVal : 9 20 0.970149 0.0207902 0.0207902
BinVal : 9 21 0.82 0.0543323 0.0543323
BinVal : 9 22 0.745455 0.058737 0.058737
BinVal : 9 23 0 0 0
BinVal : 9 24 0 0 0
BinVal : 9 25 0 0 0
BinVal : 9 26 0 0 0
BinVal : 9 27 0 0 0
BinVal : 9 28 0 0 0
BinVal : 9 29 0 0 0
BinVal : 10 0 0 0 0
BinVal : 10 1 0 0 0
BinVal : 10 2 0 0 0
BinVal : 10 3 0 0 0
BinVal : 10 4 0 0 0
BinVal : 10 5 0 0 0
BinVal : 10 6 0 0 0
BinVal : 10 7 0.645161 0.0859347 0.0859347
BinVal : 10 8 0.93617 0.0356566 0.0356566
BinVal : 10 9 0.866667 0.0877707 0.0877707
BinVal : 10 10 0.428571 0.10799 0.10799
BinVal : 10 11 0.25 0.216506 0.216506
BinVal : 10 12 0.62069 0.0901022 0.0901022
BinVal : 10 13 0.733333 0.0570899 0.0570899
BinVal : 10 14 0.786885 0.0524321 0.0524321
BinVal : 10 15 0.794118 0.049034 0.049034
BinVal : 10 16 0.641026 0.0768134 0.0768134
BinVal : 10 17 0.68 0.0932952 0.0932952
BinVal : 10 18 0.777778 0.13858 0.13858
BinVal : 10 19 0.666667 0.102869 0.102869
BinVal : 10 20 0.727273 0.0949515 0.0949515
BinVal : 10 21 0.977778 0.0219739 0.0219739
BinVal : 10 22 0.714286 0.0853735 0.0853735
BinVal : 10 23 0 0 0
BinVal : 10 24 0 0 0
BinVal : 10 25 0 0 0
BinVal : 10 26 0 0 0
BinVal : 10 27 0 0 0
BinVal : 10 28 0 0 0
BinVal : 10 29 0 0 0
BinVal : 11 0 0 0 0
BinVal : 11 1 0 0 0
BinVal : 11 2 0 0 0
BinVal : 11 3 0 0 0
BinVal : 11 4 0 0 0
BinVal : 11 5 0 0 0
BinVal : 11 6 0 0 0
BinVal : 11 7 0.790698 0.062038 0.062038
BinVal : 11 8 0.68 0.0932952 0.0932952
BinVal : 11 9 0 0 0
BinVal : 11 10 0 0 0
BinVal : 11 11 0 0 0
BinVal : 11 12 0 0 0
BinVal : 11 13 0 0 0
BinVal : 11 14 0 0 0
BinVal : 11 15 0 0 0
BinVal : 11 16 0 0 0
BinVal : 11 17 0 0 0
BinVal : 11 18 0 0 0
BinVal : 11 19 0 0 0
BinVal : 11 20 0 0 0
BinVal : 11 21 0.766667 0.0772202 0.0772202
BinVal : 11 22 0.714286 0.0853735 0.0853735
BinVal : 11 23 0 0 0
BinVal : 11 24 0 0 0
BinVal : 11 25 0 0 0
BinVal : 11 26 0 0 0
BinVal : 11 27 0 0 0
BinVal : 11 28 0 0 0
BinVal : 11 29 0 0 0
BinVal : 12 0 0 0 0
BinVal : 12 1 0 0 0
BinVal : 12 2 0 0 0
BinVal : 12 3 0 0 0
BinVal : 12 4 0 0 0
BinVal : 12 5 0 0 0
BinVal : 12 6 0 0 0
BinVal : 12 7 0.916667 0.0797856 0.0797856
BinVal : 12 8 0.764706 0.102879 0.102879
BinVal : 12 9 0 0 0
BinVal : 12 10 0 0 0
BinVal : 12 11 0 0 0
BinVal : 12 12 0 0 0
BinVal : 12 13 0 0 0
BinVal : 12 14 0 0 0
BinVal : 12 15 0 0 0
BinVal : 12 16 0 0 0
BinVal : 12 17 0 0 0
BinVal : 12 18 0 0 0
BinVal : 12 19 0 0 0
BinVal : 12 20 0 0 0
BinVal : 12 21 0.714286 0.0985808 0.0985808
BinVal : 12 22 0.758621 0.0794627 0.0794627
BinVal : 12 23 0 0 0
BinVal : 12 24 0 0 0
BinVal : 12 25 0 0 0
BinVal : 12 26 0 0 0
BinVal : 12 27 0 0 0
BinVal : 12 28 0 0 0
BinVal : 12 29 0 0 0
BinVal : 13 0 0 0 0
BinVal : 13 1 0 0 0
BinVal : 13 2 0 0 0
BinVal : 13 3 0 0 0
BinVal : 13 4 0 0 0
BinVal : 13 5 0 0 0
BinVal : 13 6 0 0 0
BinVal : 13 7 0.611111 0.0812497 0.0812497
BinVal : 13 8 0.9375 0.0427908 0.0427908
BinVal : 13 9 0.875 0.116927 0.116927
BinVal : 13 10 0.882353 0.0781425 0.0781425
BinVal : 13 11 1 0.0871301 0.0871301
BinVal : 13 12 0.666667 0.102869 0.102869
BinVal : 13 13 0.785714 0.0633147 0.0633147
BinVal : 13 14 0.789474 0.0661348 0.0661348
BinVal : 13 15 0.805556 0.0659621 0.0659621
BinVal : 13 16 0.806452 0.0709583 0.0709583
BinVal : 13 17 0.619048 0.105971 0.105971
BinVal : 13 18 0.666667 0.272166 0.272166
BinVal : 13 19 0.714286 0.0985808 0.0985808
BinVal : 13 20 1 0.0668855 0.0668855
BinVal : 13 21 0.914286 0.0473188 0.0473188
BinVal : 13 22 0.83871 0.0660586 0.0660586
BinVal : 13 23 0 0 0
BinVal : 13 24 0 0 0
BinVal : 13 25 0 0 0
BinVal : 13 26 0 0 0
BinVal : 13 27 0 0 0
BinVal : 13 28 0 0 0
BinVal : 13 29 0 0 0
BinVal : 14 0 0 0 0
BinVal : 14 1 0 0 0
BinVal : 14 2 0 0 0
BinVal : 14 3 0 0 0
BinVal : 14 4 0 0 0
BinVal : 14 5 0 0 0
BinVal : 14 6 0 0 0
BinVal : 14 7 0.695652 0.0678426 0.0678426
BinVal : 14 8 0.854545 0.047539 0.047539
BinVal : 14 9 0.836735 0.0528011 0.0528011
BinVal : 14 10 0.758621 0.0561886 0.0561886
BinVal : 14 11 0.723077 0.0555028 0.0555028
BinVal : 14 12 0.716418 0.0550662 0.0550662
BinVal : 14 13 0.761905 0.0536606 0.0536606
BinVal : 14 14 0.747126 0.0466003 0.0466003
BinVal : 14 15 0.744186 0.0470494 0.0470494
BinVal : 14 16 0.603774 0.0671848 0.0671848
BinVal : 14 17 0.683333 0.060054 0.060054
BinVal : 14 18 0.755102 0.0614324 0.0614324
BinVal : 14 19 0.702128 0.0667074 0.0667074
BinVal : 14 20 0.863636 0.0422418 0.0422418
BinVal : 14 21 0.907407 0.039445 0.039445
BinVal : 14 22 0.693878 0.0658402 0.0658402
BinVal : 14 23 0 0 0
BinVal : 14 24 0 0 0
BinVal : 14 25 0 0 0
BinVal : 14 26 0 0 0
BinVal : 14 27 0 0 0
BinVal : 14 28 0 0 0
BinVal : 14 29 0 0 0
BinVal : 15 0 0 0 0
BinVal : 15 1 0 0 0
BinVal : 15 2 0 0 0
BinVal : 15 3 0 0 0
BinVal : 15 4 0 0 0
BinVal : 15 5 0 0 0
BinVal : 15 6 0 0 0
BinVal : 15 7 0.733333 0.0570899 0.0570899
BinVal : 15 8 0.927536 0.0312105 0.0312105
BinVal : 15 9 0.588235 0.0596823 0.0596823
BinVal : 15 10 0.779412 0.0502829 0.0502829
BinVal : 15 11 0.886598 0.032195 0.032195
BinVal : 15 12 0.806818 0.0420852 0.0420852
BinVal : 15 13 0.72973 0.042152 0.042152
BinVal : 15 14 0.816901 0.0324551 0.0324551
BinVal : 15 15 0.8 0.0381385 0.0381385
BinVal : 15 16 0.554455 0.0494559 0.0494559
BinVal : 15 17 0.876543 0.0365512 0.0365512
BinVal : 15 18 0.768293 0.0465936 0.0465936
BinVal : 15 19 0.894737 0.0406489 0.0406489
BinVal : 15 20 0.684211 0.0533196 0.0533196
BinVal : 15 21 0.9125 0.0315919 0.0315919
BinVal : 15 22 0.645161 0.060765 0.060765
BinVal : 15 23 0 0 0
BinVal : 15 24 0 0 0
BinVal : 15 25 0 0 0
BinVal : 15 26 0 0 0
BinVal : 15 27 0 0 0
BinVal : 15 28 0 0 0
BinVal : 15 29 0 0 0


Comments : includes prescale inefficiency, cosmic veto applied 
EffMethod : TagAndProbe 
EffName : eff 
EffType : Binned 
EffVarNames : phi deteta 
EffVersion : 3 
ObjQuality : SingleMuonTriggersOR-AND-MuFromMuJets 
ObjRelativeTo : tight_trackmedium_iso_TopScaledTight 
ObjType : MuANDSingleMuonOR 
ObjVersion : 1 
RunRangeHigh : -1 
RunRangeLow : -1 
TriggerVersionHigh : 16.1 
TriggerVersionLow : 16 
BinEdgesX : 0 0.3927 0.7854 1.1781 1.5708 1.9635 2.3562 2.7489 3.1416 3.5343 3.927 4.3197 4.7124 5.1051 5.4978 5.8905 6.2832 
BinEdgesY : -3 -2.8 -2.6 -2.4 -2.2 -2 -1.8 -1.6 -1.4 -1.2 -1 -0.8 -0.6 -0.4 -0.2 0 0.2 0.4 0.6 0.8 1 1.2 1.4 1.6 1.8 2 2.2 2.4 2.6 2.8 3 
BinVal : 0 0 0 0 0
BinVal : 0 1 0 0 0
BinVal : 0 2 0 0 0
BinVal : 0 3 0 0 0
BinVal : 0 4 0 0 0
BinVal : 0 5 0 0 0
BinVal : 0 6 0 0 0
BinVal : 0 7 0.672414 0.0435765 0.0435765
BinVal : 0 8 0.915888 0.0268323 0.0268323
BinVal : 0 9 0.818182 0.0350631 0.0350631
BinVal : 0 10 0.834586 0.0322178 0.0322178
BinVal : 0 11 0.833333 0.0310565 0.0310565
BinVal : 0 12 0.835938 0.0327331 0.0327331
BinVal : 0 13 0.725389 0.0321267 0.0321267
BinVal : 0 14 0.756614 0.0312143 0.0312143
BinVal : 0 15 0.810256 0.0280787 0.0280787
BinVal : 0 16 0.761006 0.0338212 0.0338212
BinVal : 0 17 0.798319 0.036783 0.036783
BinVal : 0 18 0.864865 0.0324487 0.0324487
BinVal : 0 19 0.864078 0.0337678 0.0337678
BinVal : 0 20 0.872 0.0298819 0.0298819
BinVal : 0 21 0.940171 0.0219264 0.0219264
BinVal : 0 22 0.78022 0.0434092 0.0434092
BinVal : 0 23 0 0 0
BinVal : 0 24 0 0 0
BinVal : 0 25 0 0 0
BinVal : 0 26 0 0 0
BinVal : 0 27 0 0 0
BinVal : 0 28 0 0 0
BinVal : 0 29 0 0 0
BinVal : 1 0 0 0 0
BinVal : 1 1 0 0 0
BinVal : 1 2 0 0 0
BinVal : 1 3 0 0 0
BinVal : 1 4 0 0 0
BinVal : 1 5 0 0 0
BinVal : 1 6 0 0 0
BinVal : 1 7 0.775862 0.0387187 0.0387187
BinVal : 1 8 0.938053 0.0226769 0.0226769
BinVal : 1 9 0.92 0.022151 0.022151
BinVal : 1 10 0.836538 0.0362605 0.0362605
BinVal : 1 11 0.854167 0.0294116 0.0294116
BinVal : 1 12 0.713333 0.0369223 0.0369223
BinVal : 1 13 0.707006 0.0363238 0.0363238
BinVal : 1 14 0.722222 0.0333847 0.0333847
BinVal : 1 15 0.719388 0.0320927 0.0320927
BinVal : 1 16 0.72028 0.0375357 0.0375357
BinVal : 1 17 0.789062 0.0360602 0.0360602
BinVal : 1 18 0.786207 0.0340472 0.0340472
BinVal : 1 19 0.817308 0.037891 0.037891
BinVal : 1 20 0.943262 0.0194824 0.0194824
BinVal : 1 21 0.962406 0.0164935 0.0164935
BinVal : 1 22 0.726415 0.0432998 0.0432998
BinVal : 1 23 0 0 0
BinVal : 1 24 0 0 0
BinVal : 1 25 0 0 0
BinVal : 1 26 0 0 0
BinVal : 1 27 0 0 0
BinVal : 1 28 0 0 0
BinVal : 1 29 0 0 0
BinVal : 2 0 0 0 0
BinVal : 2 1 0 0 0
BinVal : 2 2 0 0 0
BinVal : 2 3 0 0 0
BinVal : 2 4 0 0 0
BinVal : 2 5 0 0 0
BinVal : 2 6 0 0 0
BinVal : 2 7 0.759036 0.0469427 0.0469427
BinVal : 2 8 0.946237 0.0233885 0.0233885
BinVal : 2 9 0.894737 0.0314865 0.0314865
BinVal : 2 10 0.760563 0.0506447 0.0506447
BinVal : 2 11 0.752137 0.0399173 0.0399173
BinVal : 2 12 0.706422 0.0436195 0.0436195
BinVal : 2 13 0.604167 0.0499113 0.0499113
BinVal : 2 14 0.632353 0.0413453 0.0413453
BinVal : 2 15 0.603604 0.0464279 0.0464279
BinVal : 2 16 0.585366 0.0544051 0.0544051
BinVal : 2 17 0.752688 0.0447392 0.0447392
BinVal : 2 18 0.802326 0.0429439 0.0429439
BinVal : 2 19 0.733333 0.0570899 0.0570899
BinVal : 2 20 0.897196 0.02936 0.02936
BinVal : 2 21 0.936709 0.0273943 0.0273943
BinVal : 2 22 0.868421 0.038775 0.038775
BinVal : 2 23 0 0 0
BinVal : 2 24 0 0 0
BinVal : 2 25 0 0 0
BinVal : 2 26 0 0 0
BinVal : 2 27 0 0 0
BinVal : 2 28 0 0 0
BinVal : 2 29 0 0 0
BinVal : 3 0 0 0 0
BinVal : 3 1 0 0 0
BinVal : 3 2 0 0 0
BinVal : 3 3 0 0 0
BinVal : 3 4 0 0 0
BinVal : 3 5 0 0 0
BinVal : 3 6 0 0 0
BinVal : 3 7 0.795455 0.0608102 0.0608102
BinVal : 3 8 0.896552 0.0399885 0.0399885
BinVal : 3 9 0.516129 0.0897559 0.0897559
BinVal : 3 10 0.722222 0.0746505 0.0746505
BinVal : 3 11 0.818182 0.0671408 0.0671408
BinVal : 3 12 0.558824 0.0851538 0.0851538
BinVal : 3 13 0.612245 0.0696055 0.0696055
BinVal : 3 14 0.52381 0.0770641 0.0770641
BinVal : 3 15 0.5 0.0707107 0.0707107
BinVal : 3 16 0.625 0.0698771 0.0698771
BinVal : 3 17 0.794872 0.064659 0.064659
BinVal : 3 18 0.757576 0.0746009 0.0746009
BinVal : 3 19 0.848485 0.0624156 0.0624156
BinVal : 3 20 0.821429 0.0723789 0.0723789
BinVal : 3 21 0.930233 0.0388497 0.0388497
BinVal : 3 22 0.8 0.0676123 0.0676123
BinVal : 3 23 0 0 0
BinVal : 3 24 0 0 0
BinVal : 3 25 0 0 0
BinVal : 3 26 0 0 0
BinVal : 3 27 0 0 0
BinVal : 3 28 0 0 0
BinVal : 3 29 0 0 0
BinVal : 4 0 0 0 0
BinVal : 4 1 0 0 0
BinVal : 4 2 0 0 0
BinVal : 4 3 0 0 0
BinVal : 4 4 0 0 0
BinVal : 4 5 0 0 0
BinVal : 4 6 0 0 0
BinVal : 4 7 0.727273 0.0949515 0.0949515
BinVal : 4 8 1 0.0208287 0.0208287
BinVal : 4 9 0.875 0.0675077 0.0675077
BinVal : 4 10 0.7 0.10247 0.10247
BinVal : 4 11 0.814815 0.0747568 0.0747568
BinVal : 4 12 0.772727 0.0893461 0.0893461
BinVal : 4 13 0.62963 0.0929349 0.0929349
BinVal : 4 14 0.657143 0.0802329 0.0802329
BinVal : 4 15 0.742857 0.0738764 0.0738764
BinVal : 4 16 0.64 0.096 0.096
BinVal : 4 17 0.789474 0.0935288 0.0935288
BinVal : 4 18 0.954545 0.0444095 0.0444095
BinVal : 4 19 0.772727 0.0893461 0.0893461
BinVal : 4 20 0.882353 0.0781425 0.0781425
BinVal : 4 21 1 0.0279117 0.0279117
BinVal : 4 22 0.75 0.0968246 0.0968246
BinVal : 4 23 0 0 0
BinVal : 4 24 0 0 0
BinVal : 4 25 0 0 0
BinVal : 4 26 0 0 0
BinVal : 4 27 0 0 0
BinVal : 4 28 0 0 0
BinVal : 4 29 0 0 0
BinVal : 5 0 0 0 0
BinVal : 5 1 0 0 0
BinVal : 5 2 0 0 0
BinVal : 5 3 0 0 0
BinVal : 5 4 0 0 0
BinVal : 5 5 0 0 0
BinVal : 5 6 0.0588235 0.0403526 0.0403526
BinVal : 5 7 0.619048 0.0749329 0.0749329
BinVal : 5 8 0.925926 0.0356389 0.0356389
BinVal : 5 9 0.898305 0.0393492 0.0393492
BinVal : 5 10 0.785714 0.0633147 0.0633147
BinVal : 5 11 0.735849 0.0605595 0.0605595
BinVal : 5 12 0.842105 0.048298 0.048298
BinVal : 5 13 0.701299 0.0521585 0.0521585
BinVal : 5 14 0.802632 0.0456552 0.0456552
BinVal : 5 15 0.650602 0.0523334 0.0523334
BinVal : 5 16 0.704918 0.058395 0.058395
BinVal : 5 17 0.828571 0.0637049 0.0637049
BinVal : 5 18 0.823529 0.0462297 0.0462297
BinVal : 5 19 0.852941 0.0607387 0.0607387
BinVal : 5 20 0.909091 0.0433392 0.0433392
BinVal : 5 21 0.894737 0.0406489 0.0406489
BinVal : 5 22 0.771429 0.0709782 0.0709782
BinVal : 5 23 0 0 0
BinVal : 5 24 0 0 0
BinVal : 5 25 0 0 0
BinVal : 5 26 0 0 0
BinVal : 5 27 0 0 0
BinVal : 5 28 0 0 0
BinVal : 5 29 0 0 0
BinVal : 6 0 0 0 0
BinVal : 6 1 0 0 0
BinVal : 6 2 0 0 0
BinVal : 6 3 0 0 0
BinVal : 6 4 0 0 0
BinVal : 6 5 0 0 0
BinVal : 6 6 0 0 0
BinVal : 6 7 0.688889 0.0690122 0.0690122
BinVal : 6 8 0.866667 0.0392523 0.0392523
BinVal : 6 9 0.9 0.0316228 0.0316228
BinVal : 6 10 0.819444 0.0453314 0.0453314
BinVal : 6 11 0.785714 0.0490433 0.0490433
BinVal : 6 12 0.72619 0.048653 0.048653
BinVal : 6 13 0.763158 0.0487674 0.0487674
BinVal : 6 14 0.609195 0.0523117 0.0523117
BinVal : 6 15 0.645833 0.0488122 0.0488122
BinVal : 6 16 0.74359 0.049441 0.049441
BinVal : 6 17 0.828947 0.0431938 0.0431938
BinVal : 6 18 0.835165 0.0388947 0.0388947
BinVal : 6 19 0.787879 0.0503211 0.0503211
BinVal : 6 20 0.807229 0.0432992 0.0432992
BinVal : 6 21 0.859155 0.0412836 0.0412836
BinVal : 6 22 0.681159 0.0561031 0.0561031
BinVal : 6 23 0 0 0
BinVal : 6 24 0 0 0
BinVal : 6 25 0 0 0
BinVal : 6 26 0 0 0
BinVal : 6 27 0 0 0
BinVal : 6 28 0 0 0
BinVal : 6 29 0 0 0
BinVal : 7 0 0 0 0
BinVal : 7 1 0 0 0
BinVal : 7 2 0 0 0
BinVal : 7 3 0 0 0
BinVal : 7 4 0 0 0
BinVal : 7 5 0 0 0
BinVal : 7 6 0 0 0
BinVal : 7 7 0.783133 0.0452351 0.0452351
BinVal : 7 8 0.964286 0.0202481 0.0202481
BinVal : 7 9 0.860465 0.0373645 0.0373645
BinVal : 7 10 0.85 0.0399218 0.0399218
BinVal : 7 11 0.633803 0.0571749 0.0571749
BinVal : 7 12 0.732558 0.0477295 0.0477295
BinVal : 7 13 0.72 0.0401597 0.0401597
BinVal : 7 14 0.636364 0.0418697 0.0418697
BinVal : 7 15 0.795455 0.0351088 0.0351088
BinVal : 7 16 0.685714 0.0392347 0.0392347
BinVal : 7 17 0.792453 0.0393906 0.0393906
BinVal : 7 18 0.857143 0.0366823 0.0366823
BinVal : 7 19 0.844444 0.0382038 0.0382038
BinVal : 7 20 0.822785 0.0429616 0.0429616
BinVal : 7 21 0.95 0.024367 0.024367
BinVal : 7 22 0.75 0.0525105 0.0525105
BinVal : 7 23 0 0 0
BinVal : 7 24 0 0 0
BinVal : 7 25 0 0 0
BinVal : 7 26 0 0 0
BinVal : 7 27 0 0 0
BinVal : 7 28 0 0 0
BinVal : 7 29 0 0 0
BinVal : 8 0 0 0 0
BinVal : 8 1 0 0 0
BinVal : 8 2 0 0 0
BinVal : 8 3 0 0 0
BinVal : 8 4 0 0 0
BinVal : 8 5 0 0 0
BinVal : 8 6 0.0138889 0.0137921 0.0137921
BinVal : 8 7 0.744898 0.0440344 0.0440344
BinVal : 8 8 0.958904 0.016429 0.016429
BinVal : 8 9 0.801802 0.0378375 0.0378375
BinVal : 8 10 0.902913 0.0291733 0.0291733
BinVal : 8 11 0.932773 0.0229555 0.0229555
BinVal : 8 12 0.89916 0.0276034 0.0276034
BinVal : 8 13 0.84106 0.0297538 0.0297538
BinVal : 8 14 0.757576 0.0333625 0.0333625
BinVal : 8 15 0.883871 0.0257335 0.0257335
BinVal : 8 16 0.918239 0.0217296 0.0217296
BinVal : 8 17 0.845528 0.0325864 0.0325864
BinVal : 8 18 0.915094 0.0270737 0.0270737
BinVal : 8 19 0.873786 0.0327218 0.0327218
BinVal : 8 20 0.808 0.0352291 0.0352291
BinVal : 8 21 0.932584 0.0265785 0.0265785
BinVal : 8 22 0.697917 0.0468629 0.0468629
BinVal : 8 23 0 0 0
BinVal : 8 24 0 0 0
BinVal : 8 25 0 0 0
BinVal : 8 26 0 0 0
BinVal : 8 27 0 0 0
BinVal : 8 28 0 0 0
BinVal : 8 29 0 0 0
BinVal : 9 0 0 0 0
BinVal : 9 1 0 0 0
BinVal : 9 2 0 0 0
BinVal : 9 3 0 0 0
BinVal : 9 4 0 0 0
BinVal : 9 5 0 0 0
BinVal : 9 6 0 0 0
BinVal : 9 7 0.781513 0.0378798 0.0378798
BinVal : 9 8 0.965517 0.0169415 0.0169415
BinVal : 9 9 0.912791 0.0215131 0.0215131
BinVal : 9 10 0.850467 0.0344751 0.0344751
BinVal : 9 11 0.867769 0.0307947 0.0307947
BinVal : 9 12 0.845238 0.027904 0.027904
BinVal : 9 13 0.755725 0.0375393 0.0375393
BinVal : 9 14 0.808219 0.032583 0.032583
BinVal : 9 15 0.85443 0.0280573 0.0280573
BinVal : 9 16 0.810219 0.0335017 0.0335017
BinVal : 9 17 0.754839 0.0345531 0.0345531
BinVal : 9 18 0.8125 0.0344991 0.0344991
BinVal : 9 19 0.836364 0.0352729 0.0352729
BinVal : 9 20 0.963235 0.0161366 0.0161366
BinVal : 9 21 0.772727 0.0399568 0.0399568
BinVal : 9 22 0.768519 0.0405857 0.0405857
BinVal : 9 23 0 0 0
BinVal : 9 24 0 0 0
BinVal : 9 25 0 0 0
BinVal : 9 26 0 0 0
BinVal : 9 27 0 0 0
BinVal : 9 28 0 0 0
BinVal : 9 29 0 0 0
BinVal : 10 0 0 0 0
BinVal : 10 1 0 0 0
BinVal : 10 2 0 0 0
BinVal : 10 3 0 0 0
BinVal : 10 4 0 0 0
BinVal : 10 5 0 0 0
BinVal : 10 6 0 0 0
BinVal : 10 7 0.787611 0.0384754 0.0384754
BinVal : 10 8 0.97619 0.0135818 0.0135818
BinVal : 10 9 0.97619 0.0235244 0.0235244
BinVal : 10 10 0.819444 0.0453314 0.0453314
BinVal : 10 11 0.666667 0.102869 0.102869
BinVal : 10 12 0.777778 0.0400046 0.0400046
BinVal : 10 13 0.841667 0.0333247 0.0333247
BinVal : 10 14 0.808333 0.0359317 0.0359317
BinVal : 10 15 0.840336 0.0335781 0.0335781
BinVal : 10 16 0.853211 0.033897 0.033897
BinVal : 10 17 0.771429 0.0409793 0.0409793
BinVal : 10 18 0.863636 0.073165 0.073165
BinVal : 10 19 0.842105 0.048298 0.048298
BinVal : 10 20 0.923077 0.0426692 0.0426692
BinVal : 10 21 0.976923 0.0131688 0.0131688
BinVal : 10 22 0.738095 0.047972 0.047972
BinVal : 10 23 0 0 0
BinVal : 10 24 0 0 0
BinVal : 10 25 0 0 0
BinVal : 10 26 0 0 0
BinVal : 10 27 0 0 0
BinVal : 10 28 0 0 0
BinVal : 10 29 0 0 0
BinVal : 11 0 0 0 0
BinVal : 11 1 0 0 0
BinVal : 11 2 0 0 0
BinVal : 11 3 0 0 0
BinVal : 11 4 0 0 0
BinVal : 11 5 0 0 0
BinVal : 11 6 0.0153846 0.0152658 0.0152658
BinVal : 11 7 0.850575 0.0382216 0.0382216
BinVal : 11 8 0.961538 0.0188573 0.0188573
BinVal : 11 9 0 0 0
BinVal : 11 10 0 0 0
BinVal : 11 11 0 0 0
BinVal : 11 12 0 0 0
BinVal : 11 13 0 0 0
BinVal : 11 14 0 0 0
BinVal : 11 15 0 0 0
BinVal : 11 16 0 0 0
BinVal : 11 17 0 0 0
BinVal : 11 18 0 0 0
BinVal : 11 19 0 0 0
BinVal : 11 20 0 0 0
BinVal : 11 21 0.96 0.0226274 0.0226274
BinVal : 11 22 0.8 0.0447214 0.0447214
BinVal : 11 23 0 0 0
BinVal : 11 24 0 0 0
BinVal : 11 25 0 0 0
BinVal : 11 26 0 0 0
BinVal : 11 27 0 0 0
BinVal : 11 28 0 0 0
BinVal : 11 29 0 0 0
BinVal : 12 0 0 0 0
BinVal : 12 1 0 0 0
BinVal : 12 2 0 0 0
BinVal : 12 3 0 0 0
BinVal : 12 4 0 0 0
BinVal : 12 5 0 0 0
BinVal : 12 6 0 0 0
BinVal : 12 7 0.76087 0.0628917 0.0628917
BinVal : 12 8 0.967742 0.022439 0.022439
BinVal : 12 9 0 0 0
BinVal : 12 10 0 0 0
BinVal : 12 11 0 0 0
BinVal : 12 12 0 0 0
BinVal : 12 13 0 0 0
BinVal : 12 14 0 0 0
BinVal : 12 15 0 0 0
BinVal : 12 16 0 0 0
BinVal : 12 17 0 0 0
BinVal : 12 18 0 0 0
BinVal : 12 19 0 0 0
BinVal : 12 20 0 0 0
BinVal : 12 21 0.891892 0.0510487 0.0510487
BinVal : 12 22 0.765957 0.0617591 0.0617591
BinVal : 12 23 0 0 0
BinVal : 12 24 0 0 0
BinVal : 12 25 0 0 0
BinVal : 12 26 0 0 0
BinVal : 12 27 0 0 0
BinVal : 12 28 0 0 0
BinVal : 12 29 0 0 0
BinVal : 13 0 0 0 0
BinVal : 13 1 0 0 0
BinVal : 13 2 0 0 0
BinVal : 13 3 0 0 0
BinVal : 13 4 0 0 0
BinVal : 13 5 0 0 0
BinVal : 13 6 0 0 0
BinVal : 13 7 0.672727 0.0632693 0.0632693
BinVal : 13 8 0.935484 0.0312001 0.0312001
BinVal : 13 9 0.862069 0.0640329 0.0640329
BinVal : 13 10 0.95 0.0344601 0.0344601
BinVal : 13 11 0.923077 0.0739053 0.0739053
BinVal : 13 12 0.903226 0.0375476 0.0375476
BinVal : 13 13 0.932432 0.0291784 0.0291784
BinVal : 13 14 0.946809 0.0231467 0.0231467
BinVal : 13 15 0.831858 0.0351822 0.0351822
BinVal : 13 16 0.904762 0.0320282 0.0320282
BinVal : 13 17 0.759259 0.0581799 0.0581799
BinVal : 13 18 0.625 0.171163 0.171163
BinVal : 13 19 0.857143 0.06613 0.06613
BinVal : 13 20 0.88 0.0649923 0.0649923
BinVal : 13 21 0.974026 0.0181263 0.0181263
BinVal : 13 22 0.777778 0.056575 0.056575
BinVal : 13 23 0 0 0
BinVal : 13 24 0 0 0
BinVal : 13 25 0 0 0
BinVal : 13 26 0 0 0
BinVal : 13 27 0 0 0
BinVal : 13 28 0 0 0
BinVal : 13 29 0 0 0
BinVal : 14 0 0 0 0
BinVal : 14 1 0 0 0
BinVal : 14 2 0 0 0
BinVal : 14 3 0 0 0
BinVal : 14 4 0 0 0
BinVal : 14 5 0 0 0
BinVal : 14 6 0 0 0
BinVal : 14 7 0.75 0.051031 0.051031
BinVal : 14 8 0.934426 0.0316937 0.0316937
BinVal : 14 9 0.954545 0.0256398 0.0256398
BinVal : 14 10 0.857143 0.0440867 0.0440867
BinVal : 14 11 0.777778 0.0523783 0.0523783
BinVal : 14 12 0.731183 0.0459727 0.0459727
BinVal : 14 13 0.740741 0.048692 0.048692
BinVal : 14 14 0.747664 0.0419905 0.0419905
BinVal : 14 15 0.752577 0.0438137 0.0438137
BinVal : 14 16 0.779412 0.0502829 0.0502829
BinVal : 14 17 0.75 0.0525105 0.0525105
BinVal : 14 18 0.896552 0.0399885 0.0399885
BinVal : 14 19 0.823529 0.0533815 0.0533815
BinVal : 14 20 0.946237 0.0233885 0.0233885
BinVal : 14 21 0.985714 0.0141833 0.0141833
BinVal : 14 22 0.848485 0.0441345 0.0441345
BinVal : 14 23 0 0 0
BinVal : 14 24 0 0 0
BinVal : 14 25 0 0 0
BinVal : 14 26 0 0 0
BinVal : 14 27 0 0 0
BinVal : 14 28 0 0 0
BinVal : 14 29 0 0 0
BinVal : 15 0 0 0 0
BinVal : 15 1 0 0 0
BinVal : 15 2 0 0 0
BinVal : 15 3 0 0 0
BinVal : 15 4 0 0 0
BinVal : 15 5 0 0 0
BinVal : 15 6 0 0 0
BinVal : 15 7 0.784314 0.0575932 0.0575932
BinVal : 15 8 0.976744 0.016252 0.016252
BinVal : 15 9 0.870588 0.0364069 0.0364069
BinVal : 15 10 0.873418 0.0374097 0.0374097
BinVal : 15 11 0.872727 0.0317768 0.0317768
BinVal : 15 12 0.83871 0.0381389 0.0381389
BinVal : 15 13 0.708333 0.0414927 0.0414927
BinVal : 15 14 0.729323 0.0385265 0.0385265
BinVal : 15 15 0.676692 0.0405581 0.0405581
BinVal : 15 16 0.707547 0.0441827 0.0441827
BinVal : 15 17 0.908163 0.0291727 0.0291727
BinVal : 15 18 0.910448 0.0348842 0.0348842
BinVal : 15 19 0.877193 0.0434732 0.0434732
BinVal : 15 20 0.692308 0.0483824 0.0483824
BinVal : 15 21 0.918367 0.0276584 0.0276584
BinVal : 15 22 0.808824 0.0476859 0.0476859
BinVal : 15 23 0 0 0
BinVal : 15 24 0 0 0
BinVal : 15 25 0 0 0
BinVal : 15 26 0 0 0
BinVal : 15 27 0 0 0
BinVal : 15 28 0 0 0
BinVal : 15 29 0 0 0


