Comments : cosmic veto applied 
EffMethod : TagAndProbe 
EffName : eff 
EffType : Binned 
EffVarNames : phi deteta 
EffVersion : 5 
ObjQuality : l3l6 
ObjRelativeTo : tight_l2m5 
ObjType : Muon 
ObjVersion : 1 
RunRangeHigh : 216000 
RunRangeLow : 194600 
TriggerVersionHigh : 14.99 
TriggerVersionLow : 13 
BinEdgesX : 0 0.19635 0.3927 0.58905 0.7854 0.98175 1.1781 1.37445 1.5708 1.76715 1.9635 2.15985 2.3562 2.55255 2.7489 2.94525 3.1416 3.33795 3.5343 3.73065 3.927 4.12335 4.3197 4.51605 4.7124 4.90875 5.1051 5.30145 5.4978 5.69415 5.8905 6.08685 6.2832 
BinEdgesY : -4.2 -4.00909 -3.81818 -3.62727 -3.43636 -3.24545 -3.05455 -2.86364 -2.67273 -2.48182 -2.29091 -2.1 -1.90909 -1.71818 -1.52727 -1.33636 -1.14545 -0.954545 -0.763636 -0.572727 -0.381818 -0.190909 0 0.190909 0.381818 0.572727 0.763636 0.954545 1.14545 1.33636 1.52727 1.71818 1.90909 2.1 2.29091 2.48182 2.67273 2.86364 3.05455 3.24545 3.43636 3.62727 3.81818 4.00909 4.2 
BinVal : 0 0 0 0 0
BinVal : 0 1 0 0 0
BinVal : 0 2 0 0 0
BinVal : 0 3 0 0 0
BinVal : 0 4 0 0 0
BinVal : 0 5 0 0 0
BinVal : 0 6 0 0 0
BinVal : 0 7 0 0 0
BinVal : 0 8 0 0 0
BinVal : 0 9 0 0 0
BinVal : 0 10 0 0 0
BinVal : 0 11 1 0.0495858 0.0495858
BinVal : 0 12 0.926829 0.0406702 0.0406702
BinVal : 0 13 0.982759 0.0170921 0.0170921
BinVal : 0 14 0.949153 0.0286007 0.0286007
BinVal : 0 15 0.954545 0.0256398 0.0256398
BinVal : 0 16 0.913793 0.0368537 0.0368537
BinVal : 0 17 0.724638 0.053776 0.053776
BinVal : 0 18 0.923077 0.0426692 0.0426692
BinVal : 0 19 0.984848 0.0150363 0.0150363
BinVal : 0 20 0.886364 0.0338317 0.0338317
BinVal : 0 21 0.909091 0.0288928 0.0288928
BinVal : 0 22 0.888889 0.0331269 0.0331269
BinVal : 0 23 0.913043 0.0339213 0.0339213
BinVal : 0 24 0.946667 0.0259458 0.0259458
BinVal : 0 25 0.867925 0.0465066 0.0465066
BinVal : 0 26 0.809524 0.0428445 0.0428445
BinVal : 0 27 0.840909 0.0551405 0.0551405
BinVal : 0 28 0.987952 0.0119754 0.0119754
BinVal : 0 29 0.961538 0.0266683 0.0266683
BinVal : 0 30 0.88 0.0459565 0.0459565
BinVal : 0 31 0.911765 0.0486433 0.0486433
BinVal : 0 32 0.909091 0.0866784 0.0866784
BinVal : 0 33 0 0 0
BinVal : 0 34 0 0 0
BinVal : 0 35 0 0 0
BinVal : 0 36 0 0 0
BinVal : 0 37 0 0 0
BinVal : 0 38 0 0 0
BinVal : 0 39 0 0 0
BinVal : 0 40 0 0 0
BinVal : 0 41 0 0 0
BinVal : 0 42 0 0 0
BinVal : 0 43 0 0 0
BinVal : 1 0 0 0 0
BinVal : 1 1 0 0 0
BinVal : 1 2 0 0 0
BinVal : 1 3 0 0 0
BinVal : 1 4 0 0 0
BinVal : 1 5 0 0 0
BinVal : 1 6 0 0 0
BinVal : 1 7 0 0 0
BinVal : 1 8 0 0 0
BinVal : 1 9 0 0 0
BinVal : 1 10 0 0 0
BinVal : 1 11 0.9375 0.0605154 0.0605154
BinVal : 1 12 0.928571 0.0344151 0.0344151
BinVal : 1 13 0.901639 0.0381296 0.0381296
BinVal : 1 14 0.927083 0.0265361 0.0265361
BinVal : 1 15 0.963855 0.0204875 0.0204875
BinVal : 1 16 0.926829 0.0287582 0.0287582
BinVal : 1 17 0.8 0.0410391 0.0410391
BinVal : 1 18 0.803922 0.0555951 0.0555951
BinVal : 1 19 0.989011 0.0109285 0.0109285
BinVal : 1 20 0.884298 0.0290789 0.0290789
BinVal : 1 21 0.931818 0.0219388 0.0219388
BinVal : 1 22 0.926471 0.0223809 0.0223809
BinVal : 1 23 0.80303 0.0489546 0.0489546
BinVal : 1 24 0.960784 0.0192195 0.0192195
BinVal : 1 25 0.873239 0.0394848 0.0394848
BinVal : 1 26 0.791667 0.0478613 0.0478613
BinVal : 1 27 0.936508 0.0307217 0.0307217
BinVal : 1 28 0.933333 0.0262937 0.0262937
BinVal : 1 29 0.968254 0.0220886 0.0220886
BinVal : 1 30 0.918033 0.0351224 0.0351224
BinVal : 1 31 0.916667 0.0398928 0.0398928
BinVal : 1 32 0.882353 0.0552551 0.0552551
BinVal : 1 33 0 0 0
BinVal : 1 34 0 0 0
BinVal : 1 35 0 0 0
BinVal : 1 36 0 0 0
BinVal : 1 37 0 0 0
BinVal : 1 38 0 0 0
BinVal : 1 39 0 0 0
BinVal : 1 40 0 0 0
BinVal : 1 41 0 0 0
BinVal : 1 42 0 0 0
BinVal : 1 43 0 0 0
BinVal : 2 0 0 0 0
BinVal : 2 1 0 0 0
BinVal : 2 2 0 0 0
BinVal : 2 3 0 0 0
BinVal : 2 4 0 0 0
BinVal : 2 5 0 0 0
BinVal : 2 6 0 0 0
BinVal : 2 7 0 0 0
BinVal : 2 8 0 0 0
BinVal : 2 9 0 0 0
BinVal : 2 10 0 0 0
BinVal : 2 11 1 0.039392 0.039392
BinVal : 2 12 0.863636 0.0517355 0.0517355
BinVal : 2 13 0.967742 0.0317335 0.0317335
BinVal : 2 14 0.963855 0.0204875 0.0204875
BinVal : 2 15 0.967391 0.0185171 0.0185171
BinVal : 2 16 0.972973 0.018851 0.018851
BinVal : 2 17 0.835443 0.041716 0.041716
BinVal : 2 18 0.827586 0.0495997 0.0495997
BinVal : 2 19 0.949367 0.0246672 0.0246672
BinVal : 2 20 0.875 0.0324297 0.0324297
BinVal : 2 21 0.938053 0.0226769 0.0226769
BinVal : 2 22 0.941176 0.0232976 0.0232976
BinVal : 2 23 0.844828 0.047542 0.047542
BinVal : 2 24 0.969697 0.0172283 0.0172283
BinVal : 2 25 0.927711 0.0284252 0.0284252
BinVal : 2 26 0.850746 0.0435337 0.0435337
BinVal : 2 27 0.947368 0.0256139 0.0256139
BinVal : 2 28 0.947917 0.0226777 0.0226777
BinVal : 2 29 0.935897 0.0277335 0.0277335
BinVal : 2 30 0.966667 0.0231741 0.0231741
BinVal : 2 31 0.897959 0.0432431 0.0432431
BinVal : 2 32 1 0.0309157 0.0309157
BinVal : 2 33 0 0 0
BinVal : 2 34 0 0 0
BinVal : 2 35 0 0 0
BinVal : 2 36 0 0 0
BinVal : 2 37 0 0 0
BinVal : 2 38 0 0 0
BinVal : 2 39 0 0 0
BinVal : 2 40 0 0 0
BinVal : 2 41 0 0 0
BinVal : 2 42 0 0 0
BinVal : 2 43 0 0 0
BinVal : 3 0 0 0 0
BinVal : 3 1 0 0 0
BinVal : 3 2 0 0 0
BinVal : 3 3 0 0 0
BinVal : 3 4 0 0 0
BinVal : 3 5 0 0 0
BinVal : 3 6 0 0 0
BinVal : 3 7 0 0 0
BinVal : 3 8 0 0 0
BinVal : 3 9 0 0 0
BinVal : 3 10 0 0 0
BinVal : 3 11 0 0 0
BinVal : 3 12 0.944444 0.0539903 0.0539903
BinVal : 3 13 0.857143 0.0539949 0.0539949
BinVal : 3 14 0.955556 0.0307207 0.0307207
BinVal : 3 15 0.967742 0.022439 0.022439
BinVal : 3 16 0.972222 0.0193671 0.0193671
BinVal : 3 17 0.954545 0.0314022 0.0314022
BinVal : 3 18 0.714286 0.0569156 0.0569156
BinVal : 3 19 0.928571 0.0344151 0.0344151
BinVal : 3 20 0.982759 0.0170921 0.0170921
BinVal : 3 21 0.9125 0.0315919 0.0315919
BinVal : 3 22 0.925373 0.0321047 0.0321047
BinVal : 3 23 0.909091 0.0433392 0.0433392
BinVal : 3 24 0.953846 0.0260247 0.0260247
BinVal : 3 25 0.894737 0.0406489 0.0406489
BinVal : 3 26 0.954545 0.0314022 0.0314022
BinVal : 3 27 1 0.00917959 0.00917959
BinVal : 3 28 0.935484 0.0312001 0.0312001
BinVal : 3 29 0.885714 0.0537785 0.0537785
BinVal : 3 30 0.978261 0.0215015 0.0215015
BinVal : 3 31 0.9375 0.0427908 0.0427908
BinVal : 3 32 0 0 0
BinVal : 3 33 0 0 0
BinVal : 3 34 0 0 0
BinVal : 3 35 0 0 0
BinVal : 3 36 0 0 0
BinVal : 3 37 0 0 0
BinVal : 3 38 0 0 0
BinVal : 3 39 0 0 0
BinVal : 3 40 0 0 0
BinVal : 3 41 0 0 0
BinVal : 3 42 0 0 0
BinVal : 3 43 0 0 0
BinVal : 4 0 0 0 0
BinVal : 4 1 0 0 0
BinVal : 4 2 0 0 0
BinVal : 4 3 0 0 0
BinVal : 4 4 0 0 0
BinVal : 4 5 0 0 0
BinVal : 4 6 0 0 0
BinVal : 4 7 0 0 0
BinVal : 4 8 0 0 0
BinVal : 4 9 0 0 0
BinVal : 4 10 0 0 0
BinVal : 4 11 0 0 0
BinVal : 4 12 0.909091 0.0612909 0.0612909
BinVal : 4 13 0.928571 0.0486704 0.0486704
BinVal : 4 14 0.965517 0.033883 0.033883
BinVal : 4 15 0.978261 0.0215015 0.0215015
BinVal : 4 16 0.897959 0.0432431 0.0432431
BinVal : 4 17 0.96875 0.0307578 0.0307578
BinVal : 4 18 0.848101 0.040382 0.040382
BinVal : 4 19 0.96875 0.0217491 0.0217491
BinVal : 4 20 0.880952 0.0499703 0.0499703
BinVal : 4 21 0.946429 0.0300896 0.0300896
BinVal : 4 22 0.972603 0.0191056 0.0191056
BinVal : 4 23 0.960784 0.0271805 0.0271805
BinVal : 4 24 0.928571 0.0397392 0.0397392
BinVal : 4 25 0.84 0.0518459 0.0518459
BinVal : 4 26 0.96 0.0391918 0.0391918
BinVal : 4 27 0.909091 0.0387638 0.0387638
BinVal : 4 28 0.971429 0.0281603 0.0281603
BinVal : 4 29 0.9375 0.0427908 0.0427908
BinVal : 4 30 0.862069 0.0640329 0.0640329
BinVal : 4 31 0.916667 0.0564169 0.0564169
BinVal : 4 32 0 0 0
BinVal : 4 33 0 0 0
BinVal : 4 34 0 0 0
BinVal : 4 35 0 0 0
BinVal : 4 36 0 0 0
BinVal : 4 37 0 0 0
BinVal : 4 38 0 0 0
BinVal : 4 39 0 0 0
BinVal : 4 40 0 0 0
BinVal : 4 41 0 0 0
BinVal : 4 42 0 0 0
BinVal : 4 43 0 0 0
BinVal : 5 0 0 0 0
BinVal : 5 1 0 0 0
BinVal : 5 2 0 0 0
BinVal : 5 3 0 0 0
BinVal : 5 4 0 0 0
BinVal : 5 5 0 0 0
BinVal : 5 6 0 0 0
BinVal : 5 7 0 0 0
BinVal : 5 8 0 0 0
BinVal : 5 9 0 0 0
BinVal : 5 10 0 0 0
BinVal : 5 11 1 0.0668855 0.0668855
BinVal : 5 12 0.875 0.0675077 0.0675077
BinVal : 5 13 1 0.0141568 0.0141568
BinVal : 5 14 0.822222 0.0569937 0.0569937
BinVal : 5 15 0.98 0.019799 0.019799
BinVal : 5 16 0.962963 0.0256996 0.0256996
BinVal : 5 17 0.861111 0.0576384 0.0576384
BinVal : 5 18 0.862745 0.0481859 0.0481859
BinVal : 5 19 1 0.0118251 0.0118251
BinVal : 5 20 0.886792 0.0435222 0.0435222
BinVal : 5 21 0.921875 0.033546 0.033546
BinVal : 5 22 0.975904 0.0168322 0.0168322
BinVal : 5 23 0.927273 0.0350164 0.0350164
BinVal : 5 24 1 0.0134912 0.0134912
BinVal : 5 25 0.77551 0.0596066 0.0596066
BinVal : 5 26 0.837838 0.0605974 0.0605974
BinVal : 5 27 0.95 0.0281366 0.0281366
BinVal : 5 28 0.880952 0.0499703 0.0499703
BinVal : 5 29 0.92 0.0383667 0.0383667
BinVal : 5 30 0.842105 0.0591528 0.0591528
BinVal : 5 31 0.857143 0.06613 0.06613
BinVal : 5 32 1 0.102643 0.102643
BinVal : 5 33 0 0 0
BinVal : 5 34 0 0 0
BinVal : 5 35 0 0 0
BinVal : 5 36 0 0 0
BinVal : 5 37 0 0 0
BinVal : 5 38 0 0 0
BinVal : 5 39 0 0 0
BinVal : 5 40 0 0 0
BinVal : 5 41 0 0 0
BinVal : 5 42 0 0 0
BinVal : 5 43 0 0 0
BinVal : 6 0 0 0 0
BinVal : 6 1 0 0 0
BinVal : 6 2 0 0 0
BinVal : 6 3 0 0 0
BinVal : 6 4 0 0 0
BinVal : 6 5 0 0 0
BinVal : 6 6 0 0 0
BinVal : 6 7 0 0 0
BinVal : 6 8 0 0 0
BinVal : 6 9 0 0 0
BinVal : 6 10 0 0 0
BinVal : 6 11 1 0.0422902 0.0422902
BinVal : 6 12 0.928571 0.0688303 0.0688303
BinVal : 6 13 0.903226 0.0531003 0.0531003
BinVal : 6 14 0.961538 0.0377146 0.0377146
BinVal : 6 15 0.965517 0.033883 0.033883
BinVal : 6 16 1 0.0201001 0.0201001
BinVal : 6 17 0.756098 0.0670664 0.0670664
BinVal : 6 18 0.878788 0.0568144 0.0568144
BinVal : 6 19 0.95 0.048734 0.048734
BinVal : 6 20 0.9 0.0474342 0.0474342
BinVal : 6 21 1 0.0145144 0.0145144
BinVal : 6 22 1 0.00964212 0.00964212
BinVal : 6 23 0.972222 0.0273893 0.0273893
BinVal : 6 24 0.970588 0.028976 0.028976
BinVal : 6 25 0.970588 0.028976 0.028976
BinVal : 6 26 0.886364 0.0478452 0.0478452
BinVal : 6 27 0.833333 0.0760726 0.0760726
BinVal : 6 28 0.952381 0.0328603 0.0328603
BinVal : 6 29 0.92 0.0542586 0.0542586
BinVal : 6 30 0.85 0.0798436 0.0798436
BinVal : 6 31 0.909091 0.0612909 0.0612909
BinVal : 6 32 1 0.0756803 0.0756803
BinVal : 6 33 0 0 0
BinVal : 6 34 0 0 0
BinVal : 6 35 0 0 0
BinVal : 6 36 0 0 0
BinVal : 6 37 0 0 0
BinVal : 6 38 0 0 0
BinVal : 6 39 0 0 0
BinVal : 6 40 0 0 0
BinVal : 6 41 0 0 0
BinVal : 6 42 0 0 0
BinVal : 6 43 0 0 0
BinVal : 7 0 0 0 0
BinVal : 7 1 0 0 0
BinVal : 7 2 0 0 0
BinVal : 7 3 0 0 0
BinVal : 7 4 0 0 0
BinVal : 7 5 0 0 0
BinVal : 7 6 0 0 0
BinVal : 7 7 0 0 0
BinVal : 7 8 0 0 0
BinVal : 7 9 0 0 0
BinVal : 7 10 0 0 0
BinVal : 7 11 0.857143 0.13226 0.13226
BinVal : 7 12 0.777778 0.13858 0.13858
BinVal : 7 13 1 0.0346427 0.0346427
BinVal : 7 14 0.9375 0.0605154 0.0605154
BinVal : 7 15 0.974359 0.0253102 0.0253102
BinVal : 7 16 1 0.0368657 0.0368657
BinVal : 7 17 0.857143 0.0591485 0.0591485
BinVal : 7 18 0.884615 0.0626563 0.0626563
BinVal : 7 19 0.964286 0.0350707 0.0350707
BinVal : 7 20 0.925926 0.050401 0.050401
BinVal : 7 21 1 0.018786 0.018786
BinVal : 7 22 1 0.0148902 0.0148902
BinVal : 7 23 0.85 0.0798436 0.0798436
BinVal : 7 24 1 0.0243611 0.0243611
BinVal : 7 25 0.956522 0.0425226 0.0425226
BinVal : 7 26 0.814815 0.0747568 0.0747568
BinVal : 7 27 1 0.0422902 0.0422902
BinVal : 7 28 0.882353 0.0781425 0.0781425
BinVal : 7 29 0.933333 0.0644061 0.0644061
BinVal : 7 30 1 0.0309157 0.0309157
BinVal : 7 31 0.818182 0.0822304 0.0822304
BinVal : 7 32 1 0.0756803 0.0756803
BinVal : 7 33 0 0 0
BinVal : 7 34 0 0 0
BinVal : 7 35 0 0 0
BinVal : 7 36 0 0 0
BinVal : 7 37 0 0 0
BinVal : 7 38 0 0 0
BinVal : 7 39 0 0 0
BinVal : 7 40 0 0 0
BinVal : 7 41 0 0 0
BinVal : 7 42 0 0 0
BinVal : 7 43 0 0 0
BinVal : 8 0 0 0 0
BinVal : 8 1 0 0 0
BinVal : 8 2 0 0 0
BinVal : 8 3 0 0 0
BinVal : 8 4 0 0 0
BinVal : 8 5 0 0 0
BinVal : 8 6 0 0 0
BinVal : 8 7 0 0 0
BinVal : 8 8 0 0 0
BinVal : 8 9 0 0 0
BinVal : 8 10 0 0 0
BinVal : 8 11 1 0.159077 0.159077
BinVal : 8 12 1 0.0495858 0.0495858
BinVal : 8 13 1 0.0368657 0.0368657
BinVal : 8 14 0.952381 0.0464714 0.0464714
BinVal : 8 15 1 0.0224566 0.0224566
BinVal : 8 16 0.764706 0.102879 0.102879
BinVal : 8 17 0.740741 0.084337 0.084337
BinVal : 8 18 0.947368 0.0512278 0.0512278
BinVal : 8 19 0.95 0.048734 0.048734
BinVal : 8 20 0.961538 0.0377146 0.0377146
BinVal : 8 21 1 0.0166125 0.0166125
BinVal : 8 22 0.869565 0.0702237 0.0702237
BinVal : 8 23 1 0.039392 0.039392
BinVal : 8 24 1 0.0293374 0.0293374
BinVal : 8 25 0.928571 0.0688303 0.0688303
BinVal : 8 26 0.791667 0.0828982 0.0828982
BinVal : 8 27 0.909091 0.0866784 0.0866784
BinVal : 8 28 0.92 0.0542586 0.0542586
BinVal : 8 29 0.928571 0.0688303 0.0688303
BinVal : 8 30 0.944444 0.0539903 0.0539903
BinVal : 8 31 0.909091 0.0866784 0.0866784
BinVal : 8 32 1 0.0871301 0.0871301
BinVal : 8 33 0 0 0
BinVal : 8 34 0 0 0
BinVal : 8 35 0 0 0
BinVal : 8 36 0 0 0
BinVal : 8 37 0 0 0
BinVal : 8 38 0 0 0
BinVal : 8 39 0 0 0
BinVal : 8 40 0 0 0
BinVal : 8 41 0 0 0
BinVal : 8 42 0 0 0
BinVal : 8 43 0 0 0
BinVal : 9 0 0 0 0
BinVal : 9 1 0 0 0
BinVal : 9 2 0 0 0
BinVal : 9 3 0 0 0
BinVal : 9 4 0 0 0
BinVal : 9 5 0 0 0
BinVal : 9 6 0 0 0
BinVal : 9 7 0 0 0
BinVal : 9 8 0 0 0
BinVal : 9 9 0 0 0
BinVal : 9 10 0 0 0
BinVal : 9 11 1 0.124824 0.124824
BinVal : 9 12 1 0.0346427 0.0346427
BinVal : 9 13 1 0.0208287 0.0208287
BinVal : 9 14 0.869565 0.0702237 0.0702237
BinVal : 9 15 0.931035 0.0470544 0.0470544
BinVal : 9 16 0.833333 0.087841 0.087841
BinVal : 9 17 0.875 0.0584634 0.0584634
BinVal : 9 18 0.833333 0.0680414 0.0680414
BinVal : 9 19 1 0.0194201 0.0194201
BinVal : 9 20 0.967742 0.0317335 0.0317335
BinVal : 9 21 0.888889 0.0523783 0.0523783
BinVal : 9 22 0.925926 0.050401 0.050401
BinVal : 9 23 0.866667 0.0877707 0.0877707
BinVal : 9 24 0.9 0.0547723 0.0547723
BinVal : 9 25 0.962963 0.0363447 0.0363447
BinVal : 9 26 0.964286 0.0350707 0.0350707
BinVal : 9 27 1 0.0279117 0.0279117
BinVal : 9 28 0.970588 0.028976 0.028976
BinVal : 9 29 1 0.0224566 0.0224566
BinVal : 9 30 0.851852 0.0683673 0.0683673
BinVal : 9 31 0.916667 0.0797856 0.0797856
BinVal : 9 32 1 0.0871301 0.0871301
BinVal : 9 33 0 0 0
BinVal : 9 34 0 0 0
BinVal : 9 35 0 0 0
BinVal : 9 36 0 0 0
BinVal : 9 37 0 0 0
BinVal : 9 38 0 0 0
BinVal : 9 39 0 0 0
BinVal : 9 40 0 0 0
BinVal : 9 41 0 0 0
BinVal : 9 42 0 0 0
BinVal : 9 43 0 0 0
BinVal : 10 0 0 0 0
BinVal : 10 1 0 0 0
BinVal : 10 2 0 0 0
BinVal : 10 3 0 0 0
BinVal : 10 4 0 0 0
BinVal : 10 5 0 0 0
BinVal : 10 6 0 0 0
BinVal : 10 7 0 0 0
BinVal : 10 8 0 0 0
BinVal : 10 9 0 0 0
BinVal : 10 10 0 0 0
BinVal : 10 11 1 0.124824 0.124824
BinVal : 10 12 0.863636 0.073165 0.073165
BinVal : 10 13 0.833333 0.0575055 0.0575055
BinVal : 10 14 0.913793 0.0368537 0.0368537
BinVal : 10 15 0.959184 0.0282664 0.0282664
BinVal : 10 16 0.914894 0.0407022 0.0407022
BinVal : 10 17 0.833333 0.062113 0.062113
BinVal : 10 18 0.884615 0.0443047 0.0443047
BinVal : 10 19 0.983051 0.0168049 0.0168049
BinVal : 10 20 0.9375 0.0349386 0.0349386
BinVal : 10 21 1 0.0152869 0.0152869
BinVal : 10 22 0.97561 0.024091 0.024091
BinVal : 10 23 0.944444 0.0539903 0.0539903
BinVal : 10 24 0.97561 0.024091 0.024091
BinVal : 10 25 0.890909 0.0420368 0.0420368
BinVal : 10 26 0.878788 0.0568144 0.0568144
BinVal : 10 27 0.98 0.019799 0.019799
BinVal : 10 28 0.931818 0.0379991 0.0379991
BinVal : 10 29 0.972222 0.0273893 0.0273893
BinVal : 10 30 0.972222 0.0273893 0.0273893
BinVal : 10 31 0.913043 0.0587534 0.0587534
BinVal : 10 32 1 0.0871301 0.0871301
BinVal : 10 33 0 0 0
BinVal : 10 34 0 0 0
BinVal : 10 35 0 0 0
BinVal : 10 36 0 0 0
BinVal : 10 37 0 0 0
BinVal : 10 38 0 0 0
BinVal : 10 39 0 0 0
BinVal : 10 40 0 0 0
BinVal : 10 41 0 0 0
BinVal : 10 42 0 0 0
BinVal : 10 43 0 0 0
BinVal : 11 0 0 0 0
BinVal : 11 1 0 0 0
BinVal : 11 2 0 0 0
BinVal : 11 3 0 0 0
BinVal : 11 4 0 0 0
BinVal : 11 5 0 0 0
BinVal : 11 6 0 0 0
BinVal : 11 7 0 0 0
BinVal : 11 8 0 0 0
BinVal : 11 9 0 0 0
BinVal : 11 10 0 0 0
BinVal : 11 11 0 0 0
BinVal : 11 12 1 0.0309157 0.0309157
BinVal : 11 13 1 0.0194201 0.0194201
BinVal : 11 14 0.944444 0.0381769 0.0381769
BinVal : 11 15 1 0.0141568 0.0141568
BinVal : 11 16 1 0.0118251 0.0118251
BinVal : 11 17 0.928571 0.0486704 0.0486704
BinVal : 11 18 0.933333 0.0322031 0.0322031
BinVal : 11 19 0.891304 0.0458923 0.0458923
BinVal : 11 20 0.947368 0.0362235 0.0362235
BinVal : 11 21 0.938776 0.0342488 0.0342488
BinVal : 11 22 0.98 0.019799 0.019799
BinVal : 11 23 0.92 0.0542586 0.0542586
BinVal : 11 24 0.914286 0.0473188 0.0473188
BinVal : 11 25 0.836364 0.0498834 0.0498834
BinVal : 11 26 0.851852 0.0683673 0.0683673
BinVal : 11 27 1 0.0107217 0.0107217
BinVal : 11 28 0.977273 0.0224675 0.0224675
BinVal : 11 29 0.928571 0.0397392 0.0397392
BinVal : 11 30 1 0.0216126 0.0216126
BinVal : 11 31 1 0.0346427 0.0346427
BinVal : 11 32 0 0 0
BinVal : 11 33 0 0 0
BinVal : 11 34 0 0 0
BinVal : 11 35 0 0 0
BinVal : 11 36 0 0 0
BinVal : 11 37 0 0 0
BinVal : 11 38 0 0 0
BinVal : 11 39 0 0 0
BinVal : 11 40 0 0 0
BinVal : 11 41 0 0 0
BinVal : 11 42 0 0 0
BinVal : 11 43 0 0 0
BinVal : 12 0 0 0 0
BinVal : 12 1 0 0 0
BinVal : 12 2 0 0 0
BinVal : 12 3 0 0 0
BinVal : 12 4 0 0 0
BinVal : 12 5 0 0 0
BinVal : 12 6 0 0 0
BinVal : 12 7 0 0 0
BinVal : 12 8 0 0 0
BinVal : 12 9 0 0 0
BinVal : 12 10 0 0 0
BinVal : 12 11 0 0 0
BinVal : 12 12 0.875 0.0826797 0.0826797
BinVal : 12 13 0.944444 0.0539903 0.0539903
BinVal : 12 14 0.969697 0.0298404 0.0298404
BinVal : 12 15 0.962963 0.0256996 0.0256996
BinVal : 12 16 0.962963 0.0256996 0.0256996
BinVal : 12 17 0.977273 0.0224675 0.0224675
BinVal : 12 18 0.807692 0.0546537 0.0546537
BinVal : 12 19 0.958333 0.0288424 0.0288424
BinVal : 12 20 0.893617 0.0449741 0.0449741
BinVal : 12 21 0.894737 0.0497845 0.0497845
BinVal : 12 22 0.958333 0.0288424 0.0288424
BinVal : 12 23 0.911765 0.0486433 0.0486433
BinVal : 12 24 0.918919 0.0448743 0.0448743
BinVal : 12 25 0.896552 0.0399885 0.0399885
BinVal : 12 26 0.941176 0.0403526 0.0403526
BinVal : 12 27 0.966667 0.0231741 0.0231741
BinVal : 12 28 0.980392 0.0194147 0.0194147
BinVal : 12 29 0.958333 0.0288424 0.0288424
BinVal : 12 30 0.967742 0.0317335 0.0317335
BinVal : 12 31 1 0.0368657 0.0368657
BinVal : 12 32 0 0 0
BinVal : 12 33 0 0 0
BinVal : 12 34 0 0 0
BinVal : 12 35 0 0 0
BinVal : 12 36 0 0 0
BinVal : 12 37 0 0 0
BinVal : 12 38 0 0 0
BinVal : 12 39 0 0 0
BinVal : 12 40 0 0 0
BinVal : 12 41 0 0 0
BinVal : 12 42 0 0 0
BinVal : 12 43 0 0 0
BinVal : 13 0 0 0 0
BinVal : 13 1 0 0 0
BinVal : 13 2 0 0 0
BinVal : 13 3 0 0 0
BinVal : 13 4 0 0 0
BinVal : 13 5 0 0 0
BinVal : 13 6 0 0 0
BinVal : 13 7 0 0 0
BinVal : 13 8 0 0 0
BinVal : 13 9 0 0 0
BinVal : 13 10 0 0 0
BinVal : 13 11 1 0.0756803 0.0756803
BinVal : 13 12 0.916667 0.0460642 0.0460642
BinVal : 13 13 0.914894 0.0407022 0.0407022
BinVal : 13 14 0.953846 0.0260247 0.0260247
BinVal : 13 15 0.981481 0.0183463 0.0183463
BinVal : 13 16 0.954545 0.0256398 0.0256398
BinVal : 13 17 0.804348 0.0584905 0.0584905
BinVal : 13 18 0.885246 0.0408085 0.0408085
BinVal : 13 19 0.959459 0.0229267 0.0229267
BinVal : 13 20 0.898551 0.0363472 0.0363472
BinVal : 13 21 0.959184 0.0282664 0.0282664
BinVal : 13 22 0.916667 0.0325723 0.0325723
BinVal : 13 23 0.861538 0.0428396 0.0428396
BinVal : 13 24 0.923077 0.0330515 0.0330515
BinVal : 13 25 0.815385 0.0481236 0.0481236
BinVal : 13 26 0.827586 0.0495997 0.0495997
BinVal : 13 27 0.942308 0.0323336 0.0323336
BinVal : 13 28 0.947368 0.0256139 0.0256139
BinVal : 13 29 0.952381 0.0328603 0.0328603
BinVal : 13 30 1 0.0123324 0.0123324
BinVal : 13 31 0.92 0.0542586 0.0542586
BinVal : 13 32 1 0.218486 0.218486
BinVal : 13 33 0 0 0
BinVal : 13 34 0 0 0
BinVal : 13 35 0 0 0
BinVal : 13 36 0 0 0
BinVal : 13 37 0 0 0
BinVal : 13 38 0 0 0
BinVal : 13 39 0 0 0
BinVal : 13 40 0 0 0
BinVal : 13 41 0 0 0
BinVal : 13 42 0 0 0
BinVal : 13 43 0 0 0
BinVal : 14 0 0 0 0
BinVal : 14 1 0 0 0
BinVal : 14 2 0 0 0
BinVal : 14 3 0 0 0
BinVal : 14 4 0 0 0
BinVal : 14 5 0 0 0
BinVal : 14 6 0 0 0
BinVal : 14 7 0 0 0
BinVal : 14 8 0 0 0
BinVal : 14 9 0 0 0
BinVal : 14 10 0 0 0
BinVal : 14 11 1 0.0368657 0.0368657
BinVal : 14 12 0.875 0.0522913 0.0522913
BinVal : 14 13 0.919355 0.0345808 0.0345808
BinVal : 14 14 0.951613 0.027252 0.027252
BinVal : 14 15 0.9625 0.0212408 0.0212408
BinVal : 14 16 0.90566 0.0401506 0.0401506
BinVal : 14 17 0.806452 0.0501751 0.0501751
BinVal : 14 18 0.902778 0.0349146 0.0349146
BinVal : 14 19 0.953125 0.0264214 0.0264214
BinVal : 14 20 0.926829 0.0287582 0.0287582
BinVal : 14 21 0.931507 0.0295635 0.0295635
BinVal : 14 22 0.973684 0.0183616 0.0183616
BinVal : 14 23 0.851852 0.0394719 0.0394719
BinVal : 14 24 0.923077 0.0330515 0.0330515
BinVal : 14 25 0.833333 0.0439205 0.0439205
BinVal : 14 26 0.757576 0.0527508 0.0527508
BinVal : 14 27 0.910714 0.0381055 0.0381055
BinVal : 14 28 0.978022 0.0153691 0.0153691
BinVal : 14 29 0.946667 0.0259458 0.0259458
BinVal : 14 30 0.897959 0.0432431 0.0432431
BinVal : 14 31 0.95 0.0344601 0.0344601
BinVal : 14 32 0.909091 0.0866784 0.0866784
BinVal : 14 33 0 0 0
BinVal : 14 34 0 0 0
BinVal : 14 35 0 0 0
BinVal : 14 36 0 0 0
BinVal : 14 37 0 0 0
BinVal : 14 38 0 0 0
BinVal : 14 39 0 0 0
BinVal : 14 40 0 0 0
BinVal : 14 41 0 0 0
BinVal : 14 42 0 0 0
BinVal : 14 43 0 0 0
BinVal : 15 0 0 0 0
BinVal : 15 1 0 0 0
BinVal : 15 2 0 0 0
BinVal : 15 3 0 0 0
BinVal : 15 4 0 0 0
BinVal : 15 5 0 0 0
BinVal : 15 6 0 0 0
BinVal : 15 7 0 0 0
BinVal : 15 8 0 0 0
BinVal : 15 9 0 0 0
BinVal : 15 10 0 0 0
BinVal : 15 11 1 0.102643 0.102643
BinVal : 15 12 0.928571 0.0486704 0.0486704
BinVal : 15 13 0.904762 0.0452948 0.0452948
BinVal : 15 14 0.977778 0.0219739 0.0219739
BinVal : 15 15 0.953125 0.0264214 0.0264214
BinVal : 15 16 0.893617 0.0449741 0.0449741
BinVal : 15 17 0.76 0.0603987 0.0603987
BinVal : 15 18 0.918367 0.0391149 0.0391149
BinVal : 15 19 0.958333 0.0235498 0.0235498
BinVal : 15 20 0.918919 0.0317309 0.0317309
BinVal : 15 21 0.942308 0.0323336 0.0323336
BinVal : 15 22 0.962264 0.0185085 0.0185085
BinVal : 15 23 0.876923 0.0407486 0.0407486
BinVal : 15 24 0.953846 0.0260247 0.0260247
BinVal : 15 25 0.780488 0.0646428 0.0646428
BinVal : 15 26 0.692308 0.0522589 0.0522589
BinVal : 15 27 0.90625 0.051527 0.051527
BinVal : 15 28 0.961538 0.0217746 0.0217746
BinVal : 15 29 0.982456 0.0173893 0.0173893
BinVal : 15 30 0.82 0.0543323 0.0543323
BinVal : 15 31 0.945946 0.0371746 0.0371746
BinVal : 15 32 1 0.0309157 0.0309157
BinVal : 15 33 0 0 0
BinVal : 15 34 0 0 0
BinVal : 15 35 0 0 0
BinVal : 15 36 0 0 0
BinVal : 15 37 0 0 0
BinVal : 15 38 0 0 0
BinVal : 15 39 0 0 0
BinVal : 15 40 0 0 0
BinVal : 15 41 0 0 0
BinVal : 15 42 0 0 0
BinVal : 15 43 0 0 0
BinVal : 16 0 0 0 0
BinVal : 16 1 0 0 0
BinVal : 16 2 0 0 0
BinVal : 16 3 0 0 0
BinVal : 16 4 0 0 0
BinVal : 16 5 0 0 0
BinVal : 16 6 0 0 0
BinVal : 16 7 0 0 0
BinVal : 16 8 0 0 0
BinVal : 16 9 0 0 0
BinVal : 16 10 0 0 0
BinVal : 16 11 0.941176 0.0570672 0.0570672
BinVal : 16 12 0.941176 0.0570672 0.0570672
BinVal : 16 13 0.888889 0.0468486 0.0468486
BinVal : 16 14 0.932203 0.032729 0.032729
BinVal : 16 15 0.966102 0.02356 0.02356
BinVal : 16 16 0.877551 0.0468291 0.0468291
BinVal : 16 17 0.709677 0.0576468 0.0576468
BinVal : 16 18 0.870968 0.042575 0.042575
BinVal : 16 19 0.972973 0.018851 0.018851
BinVal : 16 20 0.871795 0.0378541 0.0378541
BinVal : 16 21 0.892308 0.0384497 0.0384497
BinVal : 16 22 0.943396 0.0224449 0.0224449
BinVal : 16 23 0.869048 0.0368077 0.0368077
BinVal : 16 24 0.92 0.0383667 0.0383667
BinVal : 16 25 0.929825 0.0338342 0.0338342
BinVal : 16 26 0.635135 0.0559607 0.0559607
BinVal : 16 27 0.904762 0.0452948 0.0452948
BinVal : 16 28 0.969697 0.0211003 0.0211003
BinVal : 16 29 0.961538 0.0266683 0.0266683
BinVal : 16 30 0.938776 0.0342488 0.0342488
BinVal : 16 31 0.951219 0.0336412 0.0336412
BinVal : 16 32 0.833333 0.107583 0.107583
BinVal : 16 33 0 0 0
BinVal : 16 34 0 0 0
BinVal : 16 35 0 0 0
BinVal : 16 36 0 0 0
BinVal : 16 37 0 0 0
BinVal : 16 38 0 0 0
BinVal : 16 39 0 0 0
BinVal : 16 40 0 0 0
BinVal : 16 41 0 0 0
BinVal : 16 42 0 0 0
BinVal : 16 43 0 0 0
BinVal : 17 0 0 0 0
BinVal : 17 1 0 0 0
BinVal : 17 2 0 0 0
BinVal : 17 3 0 0 0
BinVal : 17 4 0 0 0
BinVal : 17 5 0 0 0
BinVal : 17 6 0 0 0
BinVal : 17 7 0 0 0
BinVal : 17 8 0 0 0
BinVal : 17 9 0 0 0
BinVal : 17 10 0 0 0
BinVal : 17 11 1 0.0326734 0.0326734
BinVal : 17 12 0.906977 0.0442955 0.0442955
BinVal : 17 13 0.983051 0.0168049 0.0168049
BinVal : 17 14 0.985507 0.0143874 0.0143874
BinVal : 17 15 0.959596 0.0197897 0.0197897
BinVal : 17 16 0.932203 0.032729 0.032729
BinVal : 17 17 0.818182 0.043954 0.043954
BinVal : 17 18 0.893333 0.0356443 0.0356443
BinVal : 17 19 0.975309 0.0172425 0.0172425
BinVal : 17 20 0.950413 0.0197354 0.0197354
BinVal : 17 21 0.86747 0.0372173 0.0372173
BinVal : 17 22 0.967213 0.0161225 0.0161225
BinVal : 17 23 0.912621 0.0278246 0.0278246
BinVal : 17 24 0.955224 0.0252661 0.0252661
BinVal : 17 25 0.816327 0.0553168 0.0553168
BinVal : 17 26 0.658537 0.0523667 0.0523667
BinVal : 17 27 0.934426 0.0316937 0.0316937
BinVal : 17 28 1 0.00648546 0.00648546
BinVal : 17 29 0.963855 0.0204875 0.0204875
BinVal : 17 30 0.927536 0.0312105 0.0312105
BinVal : 17 31 0.931035 0.0332725 0.0332725
BinVal : 17 32 0.954545 0.0444095 0.0444095
BinVal : 17 33 0 0 0
BinVal : 17 34 0 0 0
BinVal : 17 35 0 0 0
BinVal : 17 36 0 0 0
BinVal : 17 37 0 0 0
BinVal : 17 38 0 0 0
BinVal : 17 39 0 0 0
BinVal : 17 40 0 0 0
BinVal : 17 41 0 0 0
BinVal : 17 42 0 0 0
BinVal : 17 43 0 0 0
BinVal : 18 0 0 0 0
BinVal : 18 1 0 0 0
BinVal : 18 2 0 0 0
BinVal : 18 3 0 0 0
BinVal : 18 4 0 0 0
BinVal : 18 5 0 0 0
BinVal : 18 6 0 0 0
BinVal : 18 7 0 0 0
BinVal : 18 8 0 0 0
BinVal : 18 9 0 0 0
BinVal : 18 10 0 0 0
BinVal : 18 11 1 0.0599198 0.0599198
BinVal : 18 12 0.978261 0.0215015 0.0215015
BinVal : 18 13 0.913043 0.0415449 0.0415449
BinVal : 18 14 0.96875 0.017758 0.017758
BinVal : 18 15 0.943182 0.0246774 0.0246774
BinVal : 18 16 0.913793 0.0368537 0.0368537
BinVal : 18 17 0.847458 0.0468089 0.0468089
BinVal : 18 18 0.8 0.0478091 0.0478091
BinVal : 18 19 0.971429 0.0199123 0.0199123
BinVal : 18 20 0.942308 0.0228633 0.0228633
BinVal : 18 21 0.905405 0.0340204 0.0340204
BinVal : 18 22 0.914286 0.0273195 0.0273195
BinVal : 18 23 0.917647 0.0298173 0.0298173
BinVal : 18 24 0.957747 0.0238741 0.0238741
BinVal : 18 25 0.882353 0.0390712 0.0390712
BinVal : 18 26 0.872727 0.0449392 0.0449392
BinVal : 18 27 0.972973 0.018851 0.018851
BinVal : 18 28 0.96 0.0226274 0.0226274
BinVal : 18 29 0.944444 0.0269951 0.0269951
BinVal : 18 30 0.984127 0.0157465 0.0157465
BinVal : 18 31 0.963636 0.0252411 0.0252411
BinVal : 18 32 0.875 0.116927 0.116927
BinVal : 18 33 0 0 0
BinVal : 18 34 0 0 0
BinVal : 18 35 0 0 0
BinVal : 18 36 0 0 0
BinVal : 18 37 0 0 0
BinVal : 18 38 0 0 0
BinVal : 18 39 0 0 0
BinVal : 18 40 0 0 0
BinVal : 18 41 0 0 0
BinVal : 18 42 0 0 0
BinVal : 18 43 0 0 0
BinVal : 19 0 0 0 0
BinVal : 19 1 0 0 0
BinVal : 19 2 0 0 0
BinVal : 19 3 0 0 0
BinVal : 19 4 0 0 0
BinVal : 19 5 0 0 0
BinVal : 19 6 0 0 0
BinVal : 19 7 0 0 0
BinVal : 19 8 0 0 0
BinVal : 19 9 0 0 0
BinVal : 19 10 0 0 0
BinVal : 19 11 0 0 0
BinVal : 19 12 0.842105 0.0836547 0.0836547
BinVal : 19 13 0.976744 0.0229838 0.0229838
BinVal : 19 14 0.964286 0.0247988 0.0247988
BinVal : 19 15 1 0.0109258 0.0109258
BinVal : 19 16 0.932203 0.032729 0.032729
BinVal : 19 17 0.8 0.08 0.08
BinVal : 19 18 0.88 0.0649923 0.0649923
BinVal : 19 19 0.824324 0.0442373 0.0442373
BinVal : 19 20 0.744186 0.0665378 0.0665378
BinVal : 19 21 0.860465 0.0528413 0.0528413
BinVal : 19 22 0.830769 0.0465075 0.0465075
BinVal : 19 23 0.714286 0.0853735 0.0853735
BinVal : 19 24 0.833333 0.0760726 0.0760726
BinVal : 19 25 0.83871 0.0660586 0.0660586
BinVal : 19 26 0.842105 0.0591528 0.0591528
BinVal : 19 27 0.981481 0.0183463 0.0183463
BinVal : 19 28 0.963636 0.0252411 0.0252411
BinVal : 19 29 0.918919 0.0448743 0.0448743
BinVal : 19 30 0.909091 0.0500438 0.0500438
BinVal : 19 31 0.894737 0.0704059 0.0704059
BinVal : 19 32 0 0 0
BinVal : 19 33 0 0 0
BinVal : 19 34 0 0 0
BinVal : 19 35 0 0 0
BinVal : 19 36 0 0 0
BinVal : 19 37 0 0 0
BinVal : 19 38 0 0 0
BinVal : 19 39 0 0 0
BinVal : 19 40 0 0 0
BinVal : 19 41 0 0 0
BinVal : 19 42 0 0 0
BinVal : 19 43 0 0 0
BinVal : 20 0 0 0 0
BinVal : 20 1 0 0 0
BinVal : 20 2 0 0 0
BinVal : 20 3 0 0 0
BinVal : 20 4 0 0 0
BinVal : 20 5 0 0 0
BinVal : 20 6 0 0 0
BinVal : 20 7 0 0 0
BinVal : 20 8 0 0 0
BinVal : 20 9 0 0 0
BinVal : 20 10 0 0 0
BinVal : 20 11 0 0 0
BinVal : 20 12 0.888889 0.0740741 0.0740741
BinVal : 20 13 0.931818 0.0379991 0.0379991
BinVal : 20 14 0.964912 0.0243716 0.0243716
BinVal : 20 15 0.921875 0.033546 0.033546
BinVal : 20 16 0.904762 0.0640564 0.0640564
BinVal : 20 17 0.909091 0.0866784 0.0866784
BinVal : 20 18 1 0.0599198 0.0599198
BinVal : 20 19 0.733333 0.0659218 0.0659218
BinVal : 20 20 0.826667 0.0437095 0.0437095
BinVal : 20 21 0.825581 0.0409192 0.0409192
BinVal : 20 22 0.826087 0.0456304 0.0456304
BinVal : 20 23 0.913043 0.0587534 0.0587534
BinVal : 20 24 0.625 0.0988212 0.0988212
BinVal : 20 25 0.454545 0.150131 0.150131
BinVal : 20 26 0.538462 0.138264 0.138264
BinVal : 20 27 0.894737 0.0704059 0.0704059
BinVal : 20 28 0.979167 0.0206152 0.0206152
BinVal : 20 29 0.976744 0.0229838 0.0229838
BinVal : 20 30 0.975 0.0246855 0.0246855
BinVal : 20 31 1 0.0208287 0.0208287
BinVal : 20 32 0 0 0
BinVal : 20 33 0 0 0
BinVal : 20 34 0 0 0
BinVal : 20 35 0 0 0
BinVal : 20 36 0 0 0
BinVal : 20 37 0 0 0
BinVal : 20 38 0 0 0
BinVal : 20 39 0 0 0
BinVal : 20 40 0 0 0
BinVal : 20 41 0 0 0
BinVal : 20 42 0 0 0
BinVal : 20 43 0 0 0
BinVal : 21 0 0 0 0
BinVal : 21 1 0 0 0
BinVal : 21 2 0 0 0
BinVal : 21 3 0 0 0
BinVal : 21 4 0 0 0
BinVal : 21 5 0 0 0
BinVal : 21 6 0 0 0
BinVal : 21 7 0 0 0
BinVal : 21 8 0 0 0
BinVal : 21 9 0 0 0
BinVal : 21 10 0 0 0
BinVal : 21 11 1 0.0871301 0.0871301
BinVal : 21 12 0.903226 0.0531003 0.0531003
BinVal : 21 13 0.952381 0.0328603 0.0328603
BinVal : 21 14 0.915493 0.0330099 0.0330099
BinVal : 21 15 0.921569 0.0376464 0.0376464
BinVal : 21 16 0.4 0.219089 0.219089
BinVal : 21 17 0.631579 0.0638923 0.0638923
BinVal : 21 18 0.666667 0.096225 0.096225
BinVal : 21 19 0.797468 0.0452157 0.0452157
BinVal : 21 20 0.829545 0.0400851 0.0400851
BinVal : 21 21 0.933333 0.0243432 0.0243432
BinVal : 21 22 0.942308 0.0228633 0.0228633
BinVal : 21 23 0.847826 0.0529596 0.0529596
BinVal : 21 24 0.694444 0.0767737 0.0767737
BinVal : 21 25 0.575758 0.086034 0.086034
BinVal : 21 26 0.607143 0.0652633 0.0652633
BinVal : 21 27 0.833333 0.152145 0.152145
BinVal : 21 28 0.863636 0.0422418 0.0422418
BinVal : 21 29 0.960526 0.0223358 0.0223358
BinVal : 21 30 0.864407 0.044571 0.044571
BinVal : 21 31 0.840909 0.0551405 0.0551405
BinVal : 21 32 0.833333 0.152145 0.152145
BinVal : 21 33 0 0 0
BinVal : 21 34 0 0 0
BinVal : 21 35 0 0 0
BinVal : 21 36 0 0 0
BinVal : 21 37 0 0 0
BinVal : 21 38 0 0 0
BinVal : 21 39 0 0 0
BinVal : 21 40 0 0 0
BinVal : 21 41 0 0 0
BinVal : 21 42 0 0 0
BinVal : 21 43 0 0 0
BinVal : 22 0 0 0 0
BinVal : 22 1 0 0 0
BinVal : 22 2 0 0 0
BinVal : 22 3 0 0 0
BinVal : 22 4 0 0 0
BinVal : 22 5 0 0 0
BinVal : 22 6 0 0 0
BinVal : 22 7 0 0 0
BinVal : 22 8 0 0 0
BinVal : 22 9 0 0 0
BinVal : 22 10 0 0 0
BinVal : 22 11 1 0.039392 0.039392
BinVal : 22 12 0.93617 0.0356566 0.0356566
BinVal : 22 13 0.913793 0.0368537 0.0368537
BinVal : 22 14 0.935065 0.0280812 0.0280812
BinVal : 22 15 0.837838 0.0605974 0.0605974
BinVal : 22 16 0 0 0
BinVal : 22 17 0 0 0
BinVal : 22 18 0 0 0
BinVal : 22 19 0 0 0
BinVal : 22 20 0 0 0
BinVal : 22 21 0 0 0
BinVal : 22 22 1 0.218486 0.218486
BinVal : 22 23 0 0 0
BinVal : 22 24 0 0 0
BinVal : 22 25 0 0 0
BinVal : 22 26 0 0 0
BinVal : 22 27 0 0 0
BinVal : 22 28 0.897436 0.0485811 0.0485811
BinVal : 22 29 0.952381 0.0268303 0.0268303
BinVal : 22 30 0.942308 0.0323336 0.0323336
BinVal : 22 31 0.942857 0.0392347 0.0392347
BinVal : 22 32 0.956522 0.0425226 0.0425226
BinVal : 22 33 0 0 0
BinVal : 22 34 0 0 0
BinVal : 22 35 0 0 0
BinVal : 22 36 0 0 0
BinVal : 22 37 0 0 0
BinVal : 22 38 0 0 0
BinVal : 22 39 0 0 0
BinVal : 22 40 0 0 0
BinVal : 22 41 0 0 0
BinVal : 22 42 0 0 0
BinVal : 22 43 0 0 0
BinVal : 23 0 0 0 0
BinVal : 23 1 0 0 0
BinVal : 23 2 0 0 0
BinVal : 23 3 0 0 0
BinVal : 23 4 0 0 0
BinVal : 23 5 0 0 0
BinVal : 23 6 0 0 0
BinVal : 23 7 0 0 0
BinVal : 23 8 0 0 0
BinVal : 23 9 0 0 0
BinVal : 23 10 0 0 0
BinVal : 23 11 0.705882 0.11051 0.11051
BinVal : 23 12 0.914286 0.0473188 0.0473188
BinVal : 23 13 0.925 0.0416458 0.0416458
BinVal : 23 14 0.933333 0.0322031 0.0322031
BinVal : 23 15 0.826087 0.0790342 0.0790342
BinVal : 23 16 0 0 0
BinVal : 23 17 0 0 0
BinVal : 23 18 0 0 0
BinVal : 23 19 0 0 0
BinVal : 23 20 0 0 0
BinVal : 23 21 0 0 0
BinVal : 23 22 0 0 0
BinVal : 23 23 0 0 0
BinVal : 23 24 0 0 0
BinVal : 23 25 0 0 0
BinVal : 23 26 0 0 0
BinVal : 23 27 0 0 0
BinVal : 23 28 0.821429 0.0723789 0.0723789
BinVal : 23 29 0.927273 0.0350164 0.0350164
BinVal : 23 30 0.974359 0.0253102 0.0253102
BinVal : 23 31 0.916667 0.0564169 0.0564169
BinVal : 23 32 1 0.0368657 0.0368657
BinVal : 23 33 0 0 0
BinVal : 23 34 0 0 0
BinVal : 23 35 0 0 0
BinVal : 23 36 0 0 0
BinVal : 23 37 0 0 0
BinVal : 23 38 0 0 0
BinVal : 23 39 0 0 0
BinVal : 23 40 0 0 0
BinVal : 23 41 0 0 0
BinVal : 23 42 0 0 0
BinVal : 23 43 0 0 0
BinVal : 24 0 0 0 0
BinVal : 24 1 0 0 0
BinVal : 24 2 0 0 0
BinVal : 24 3 0 0 0
BinVal : 24 4 0 0 0
BinVal : 24 5 0 0 0
BinVal : 24 6 0 0 0
BinVal : 24 7 0 0 0
BinVal : 24 8 0 0 0
BinVal : 24 9 0 0 0
BinVal : 24 10 0 0 0
BinVal : 24 11 0.928571 0.0688303 0.0688303
BinVal : 24 12 0.826087 0.0790342 0.0790342
BinVal : 24 13 0.974359 0.0253102 0.0253102
BinVal : 24 14 1 0.012074 0.012074
BinVal : 24 15 0.75 0.0883883 0.0883883
BinVal : 24 16 0 0 0
BinVal : 24 17 0 0 0
BinVal : 24 18 0 0 0
BinVal : 24 19 0 0 0
BinVal : 24 20 0 0 0
BinVal : 24 21 0 0 0
BinVal : 24 22 0 0 0
BinVal : 24 23 0 0 0
BinVal : 24 24 0 0 0
BinVal : 24 25 0 0 0
BinVal : 24 26 0 0 0
BinVal : 24 27 0 0 0
BinVal : 24 28 0.772727 0.0893461 0.0893461
BinVal : 24 29 0.964912 0.0243716 0.0243716
BinVal : 24 30 0.941176 0.0403526 0.0403526
BinVal : 24 31 0.885714 0.0537785 0.0537785
BinVal : 24 32 0.923077 0.0739053 0.0739053
BinVal : 24 33 0 0 0
BinVal : 24 34 0 0 0
BinVal : 24 35 0 0 0
BinVal : 24 36 0 0 0
BinVal : 24 37 0 0 0
BinVal : 24 38 0 0 0
BinVal : 24 39 0 0 0
BinVal : 24 40 0 0 0
BinVal : 24 41 0 0 0
BinVal : 24 42 0 0 0
BinVal : 24 43 0 0 0
BinVal : 25 0 0 0 0
BinVal : 25 1 0 0 0
BinVal : 25 2 0 0 0
BinVal : 25 3 0 0 0
BinVal : 25 4 0 0 0
BinVal : 25 5 0 0 0
BinVal : 25 6 0 0 0
BinVal : 25 7 0 0 0
BinVal : 25 8 0 0 0
BinVal : 25 9 0 0 0
BinVal : 25 10 0 0 0
BinVal : 25 11 1 0.0243611 0.0243611
BinVal : 25 12 0.894737 0.0497845 0.0497845
BinVal : 25 13 0.93617 0.0356566 0.0356566
BinVal : 25 14 0.969697 0.0211003 0.0211003
BinVal : 25 15 0.833333 0.0760726 0.0760726
BinVal : 25 16 0 0 0
BinVal : 25 17 0 0 0
BinVal : 25 18 0 0 0
BinVal : 25 19 0 0 0
BinVal : 25 20 0 0 0
BinVal : 25 21 0 0 0
BinVal : 25 22 0 0 0
BinVal : 25 23 0 0 0
BinVal : 25 24 0 0 0
BinVal : 25 25 0 0 0
BinVal : 25 26 0 0 0
BinVal : 25 27 0 0 0
BinVal : 25 28 0.883721 0.0488848 0.0488848
BinVal : 25 29 0.945455 0.0306209 0.0306209
BinVal : 25 30 0.959184 0.0282664 0.0282664
BinVal : 25 31 0.92 0.0383667 0.0383667
BinVal : 25 32 0.947368 0.0512278 0.0512278
BinVal : 25 33 0 0 0
BinVal : 25 34 0 0 0
BinVal : 25 35 0 0 0
BinVal : 25 36 0 0 0
BinVal : 25 37 0 0 0
BinVal : 25 38 0 0 0
BinVal : 25 39 0 0 0
BinVal : 25 40 0 0 0
BinVal : 25 41 0 0 0
BinVal : 25 42 0 0 0
BinVal : 25 43 0 0 0
BinVal : 26 0 0 0 0
BinVal : 26 1 0 0 0
BinVal : 26 2 0 0 0
BinVal : 26 3 0 0 0
BinVal : 26 4 0 0 0
BinVal : 26 5 0 0 0
BinVal : 26 6 0 0 0
BinVal : 26 7 0 0 0
BinVal : 26 8 0 0 0
BinVal : 26 9 0 0 0
BinVal : 26 10 0 0 0
BinVal : 26 11 1 0.102643 0.102643
BinVal : 26 12 0.973684 0.0259672 0.0259672
BinVal : 26 13 0.938776 0.0342488 0.0342488
BinVal : 26 14 0.949153 0.0286007 0.0286007
BinVal : 26 15 0.916667 0.0398928 0.0398928
BinVal : 26 16 1 0.218486 0.218486
BinVal : 26 17 0.870968 0.0602101 0.0602101
BinVal : 26 18 0.677419 0.083959 0.083959
BinVal : 26 19 0.666667 0.0555556 0.0555556
BinVal : 26 20 0.797297 0.046733 0.046733
BinVal : 26 21 0.914286 0.0334594 0.0334594
BinVal : 26 22 0.872093 0.0360147 0.0360147
BinVal : 26 23 0.957447 0.0294425 0.0294425
BinVal : 26 24 0.804348 0.0584905 0.0584905
BinVal : 26 25 0.882353 0.0781425 0.0781425
BinVal : 26 26 0.62963 0.0929349 0.0929349
BinVal : 26 27 1 0.102643 0.102643
BinVal : 26 28 0.957447 0.0294425 0.0294425
BinVal : 26 29 0.966102 0.02356 0.02356
BinVal : 26 30 0.913043 0.0415449 0.0415449
BinVal : 26 31 0.916667 0.0398928 0.0398928
BinVal : 26 32 1 0.0668855 0.0668855
BinVal : 26 33 0 0 0
BinVal : 26 34 0 0 0
BinVal : 26 35 0 0 0
BinVal : 26 36 0 0 0
BinVal : 26 37 0 0 0
BinVal : 26 38 0 0 0
BinVal : 26 39 0 0 0
BinVal : 26 40 0 0 0
BinVal : 26 41 0 0 0
BinVal : 26 42 0 0 0
BinVal : 26 43 0 0 0
BinVal : 27 0 0 0 0
BinVal : 27 1 0 0 0
BinVal : 27 2 0 0 0
BinVal : 27 3 0 0 0
BinVal : 27 4 0 0 0
BinVal : 27 5 0 0 0
BinVal : 27 6 0 0 0
BinVal : 27 7 0 0 0
BinVal : 27 8 0 0 0
BinVal : 27 9 0 0 0
BinVal : 27 10 0 0 0
BinVal : 27 11 0 0 0
BinVal : 27 12 0.941176 0.0570672 0.0570672
BinVal : 27 13 0.948718 0.0353199 0.0353199
BinVal : 27 14 0.939394 0.041536 0.041536
BinVal : 27 15 0.965517 0.0239589 0.0239589
BinVal : 27 16 0.888889 0.0740741 0.0740741
BinVal : 27 17 0.727273 0.134282 0.134282
BinVal : 27 18 0.666667 0.19245 0.19245
BinVal : 27 19 0.702703 0.0751416 0.0751416
BinVal : 27 20 0.657895 0.0544191 0.0544191
BinVal : 27 21 0.848837 0.0386265 0.0386265
BinVal : 27 22 0.876543 0.0365512 0.0365512
BinVal : 27 23 0.714286 0.0985808 0.0985808
BinVal : 27 24 0.590909 0.104824 0.104824
BinVal : 27 25 0.857143 0.13226 0.13226
BinVal : 27 26 0.714286 0.170747 0.170747
BinVal : 27 27 0.806452 0.0709583 0.0709583
BinVal : 27 28 0.964286 0.0247988 0.0247988
BinVal : 27 29 1 0.0109258 0.0109258
BinVal : 27 30 0.904762 0.0452948 0.0452948
BinVal : 27 31 1 0.0346427 0.0346427
BinVal : 27 32 0 0 0
BinVal : 27 33 0 0 0
BinVal : 27 34 0 0 0
BinVal : 27 35 0 0 0
BinVal : 27 36 0 0 0
BinVal : 27 37 0 0 0
BinVal : 27 38 0 0 0
BinVal : 27 39 0 0 0
BinVal : 27 40 0 0 0
BinVal : 27 41 0 0 0
BinVal : 27 42 0 0 0
BinVal : 27 43 0 0 0
BinVal : 28 0 0 0 0
BinVal : 28 1 0 0 0
BinVal : 28 2 0 0 0
BinVal : 28 3 0 0 0
BinVal : 28 4 0 0 0
BinVal : 28 5 0 0 0
BinVal : 28 6 0 0 0
BinVal : 28 7 0 0 0
BinVal : 28 8 0 0 0
BinVal : 28 9 0 0 0
BinVal : 28 10 0 0 0
BinVal : 28 11 0 0 0
BinVal : 28 12 1 0.0254407 0.0254407
BinVal : 28 13 0.96875 0.0307578 0.0307578
BinVal : 28 14 0.975 0.0246855 0.0246855
BinVal : 28 15 0.980392 0.0194147 0.0194147
BinVal : 28 16 0.920635 0.0340556 0.0340556
BinVal : 28 17 0.916667 0.0460642 0.0460642
BinVal : 28 18 0.791667 0.0828982 0.0828982
BinVal : 28 19 0.870968 0.042575 0.042575
BinVal : 28 20 0.666667 0.082061 0.082061
BinVal : 28 21 0.779661 0.0539601 0.0539601
BinVal : 28 22 0.742857 0.0522385 0.0522385
BinVal : 28 23 0.965517 0.033883 0.033883
BinVal : 28 24 0.9 0.067082 0.067082
BinVal : 28 25 0.807692 0.077292 0.077292
BinVal : 28 26 0.896552 0.0565523 0.0565523
BinVal : 28 27 0.883333 0.0414438 0.0414438
BinVal : 28 28 0.964912 0.0243716 0.0243716
BinVal : 28 29 0.981132 0.0186891 0.0186891
BinVal : 28 30 0.970588 0.028976 0.028976
BinVal : 28 31 1 0.0254407 0.0254407
BinVal : 28 32 0 0 0
BinVal : 28 33 0 0 0
BinVal : 28 34 0 0 0
BinVal : 28 35 0 0 0
BinVal : 28 36 0 0 0
BinVal : 28 37 0 0 0
BinVal : 28 38 0 0 0
BinVal : 28 39 0 0 0
BinVal : 28 40 0 0 0
BinVal : 28 41 0 0 0
BinVal : 28 42 0 0 0
BinVal : 28 43 0 0 0
BinVal : 29 0 0 0 0
BinVal : 29 1 0 0 0
BinVal : 29 2 0 0 0
BinVal : 29 3 0 0 0
BinVal : 29 4 0 0 0
BinVal : 29 5 0 0 0
BinVal : 29 6 0 0 0
BinVal : 29 7 0 0 0
BinVal : 29 8 0 0 0
BinVal : 29 9 0 0 0
BinVal : 29 10 0 0 0
BinVal : 29 11 0.9375 0.0605154 0.0605154
BinVal : 29 12 0.885714 0.0537785 0.0537785
BinVal : 29 13 0.98 0.019799 0.019799
BinVal : 29 14 0.927273 0.0350164 0.0350164
BinVal : 29 15 0.943396 0.0317418 0.0317418
BinVal : 29 16 0.952381 0.0268303 0.0268303
BinVal : 29 17 0.933333 0.0322031 0.0322031
BinVal : 29 18 0.823529 0.0533815 0.0533815
BinVal : 29 19 0.974026 0.0181263 0.0181263
BinVal : 29 20 0.902778 0.0349146 0.0349146
BinVal : 29 21 0.97619 0.0166342 0.0166342
BinVal : 29 22 0.97561 0.0170349 0.0170349
BinVal : 29 23 0.80597 0.0483121 0.0483121
BinVal : 29 24 0.94382 0.0244084 0.0244084
BinVal : 29 25 0.881579 0.0370628 0.0370628
BinVal : 29 26 0.84 0.0518459 0.0518459
BinVal : 29 27 0.971429 0.0199123 0.0199123
BinVal : 29 28 0.973333 0.0186031 0.0186031
BinVal : 29 29 0.9375 0.0302577 0.0302577
BinVal : 29 30 0.903846 0.0408817 0.0408817
BinVal : 29 31 0.864865 0.0562027 0.0562027
BinVal : 29 32 0.9 0.0948683 0.0948683
BinVal : 29 33 0 0 0
BinVal : 29 34 0 0 0
BinVal : 29 35 0 0 0
BinVal : 29 36 0 0 0
BinVal : 29 37 0 0 0
BinVal : 29 38 0 0 0
BinVal : 29 39 0 0 0
BinVal : 29 40 0 0 0
BinVal : 29 41 0 0 0
BinVal : 29 42 0 0 0
BinVal : 29 43 0 0 0
BinVal : 30 0 0 0 0
BinVal : 30 1 0 0 0
BinVal : 30 2 0 0 0
BinVal : 30 3 0 0 0
BinVal : 30 4 0 0 0
BinVal : 30 5 0 0 0
BinVal : 30 6 0 0 0
BinVal : 30 7 0 0 0
BinVal : 30 8 0 0 0
BinVal : 30 9 0 0 0
BinVal : 30 10 0 0 0
BinVal : 30 11 0.894737 0.0704059 0.0704059
BinVal : 30 12 0.871795 0.0535337 0.0535337
BinVal : 30 13 0.932203 0.032729 0.032729
BinVal : 30 14 0.955882 0.0249031 0.0249031
BinVal : 30 15 0.985075 0.0148136 0.0148136
BinVal : 30 16 0.944444 0.0311713 0.0311713
BinVal : 30 17 0.8125 0.048789 0.048789
BinVal : 30 18 0.886364 0.0478452 0.0478452
BinVal : 30 19 0.970149 0.0207902 0.0207902
BinVal : 30 20 0.904255 0.0303486 0.0303486
BinVal : 30 21 0.954545 0.0198605 0.0198605
BinVal : 30 22 0.910714 0.0269447 0.0269447
BinVal : 30 23 0.873786 0.0327218 0.0327218
BinVal : 30 24 0.973684 0.0183616 0.0183616
BinVal : 30 25 0.901961 0.0416398 0.0416398
BinVal : 30 26 0.712121 0.0557327 0.0557327
BinVal : 30 27 0.927273 0.0350164 0.0350164
BinVal : 30 28 0.973684 0.0183616 0.0183616
BinVal : 30 29 0.970149 0.0207902 0.0207902
BinVal : 30 30 0.982759 0.0170921 0.0170921
BinVal : 30 31 0.92 0.0383667 0.0383667
BinVal : 30 32 0.863636 0.073165 0.073165
BinVal : 30 33 0 0 0
BinVal : 30 34 0 0 0
BinVal : 30 35 0 0 0
BinVal : 30 36 0 0 0
BinVal : 30 37 0 0 0
BinVal : 30 38 0 0 0
BinVal : 30 39 0 0 0
BinVal : 30 40 0 0 0
BinVal : 30 41 0 0 0
BinVal : 30 42 0 0 0
BinVal : 30 43 0 0 0
BinVal : 31 0 0 0 0
BinVal : 31 1 0 0 0
BinVal : 31 2 0 0 0
BinVal : 31 3 0 0 0
BinVal : 31 4 0 0 0
BinVal : 31 5 0 0 0
BinVal : 31 6 0 0 0
BinVal : 31 7 0 0 0
BinVal : 31 8 0 0 0
BinVal : 31 9 0 0 0
BinVal : 31 10 0 0 0
BinVal : 31 11 1 0.0599198 0.0599198
BinVal : 31 12 0.956522 0.0425226 0.0425226
BinVal : 31 13 0.962264 0.026175 0.026175
BinVal : 31 14 0.958333 0.0288424 0.0288424
BinVal : 31 15 0.905405 0.0340204 0.0340204
BinVal : 31 16 0.961538 0.0266683 0.0266683
BinVal : 31 17 0.8 0.0516398 0.0516398
BinVal : 31 18 0.877551 0.0468291 0.0468291
BinVal : 31 19 0.972973 0.018851 0.018851
BinVal : 31 20 0.911392 0.0319724 0.0319724
BinVal : 31 21 0.931507 0.0295635 0.0295635
BinVal : 31 22 0.96 0.0195959 0.0195959
BinVal : 31 23 0.898734 0.0339417 0.0339417
BinVal : 31 24 0.969231 0.0214198 0.0214198
BinVal : 31 25 0.916667 0.0398928 0.0398928
BinVal : 31 26 0.836364 0.0498834 0.0498834
BinVal : 31 27 0.880952 0.0499703 0.0499703
BinVal : 31 28 0.954023 0.0224538 0.0224538
BinVal : 31 29 0.967742 0.022439 0.022439
BinVal : 31 30 0.958333 0.0288424 0.0288424
BinVal : 31 31 0.948718 0.0353199 0.0353199
BinVal : 31 32 1 0.0422902 0.0422902
BinVal : 31 33 0 0 0
BinVal : 31 34 0 0 0
BinVal : 31 35 0 0 0
BinVal : 31 36 0 0 0
BinVal : 31 37 0 0 0
BinVal : 31 38 0 0 0
BinVal : 31 39 0 0 0
BinVal : 31 40 0 0 0
BinVal : 31 41 0 0 0
BinVal : 31 42 0 0 0
BinVal : 31 43 0 0 0
