Comments : includes prescale inefficiency, cosmic veto applied 
EffMethod : TagAndProbe 
EffName : eff 
EffType : Binned 
EffVarNames : phi deteta 
EffVersion : 3 
ObjQuality : MuFromMuJetsOR 
ObjRelativeTo : mediumnseg3_tracktight_iso_NPTight 
ObjType : Muon 
ObjVersion : 1 
RunRangeHigh : -1 
RunRangeLow : -1 
TriggerVersionHigh : 15.21 
TriggerVersionLow : 15 
BinEdgesX : 0 0.3927 0.7854 1.1781 1.5708 1.9635 2.3562 2.7489 3.1416 3.5343 3.927 4.3197 4.7124 5.1051 5.4978 5.8905 6.2832 
BinEdgesY : -3 -2.8 -2.6 -2.4 -2.2 -2 -1.8 -1.6 -1.4 -1.2 -1 -0.8 -0.6 -0.4 -0.2 0 0.2 0.4 0.6 0.8 1 1.2 1.4 1.6 1.8 2 2.2 2.4 2.6 2.8 3 
BinVal : 0 0 0 0 0
BinVal : 0 1 0 0 0
BinVal : 0 2 0 0 0
BinVal : 0 3 0 0 0
BinVal : 0 4 0 0 0
BinVal : 0 5 0 0 0
BinVal : 0 6 0 0 0
BinVal : 0 7 0.714286 0.0697071 0.0697071
BinVal : 0 8 0.98 0.019799 0.019799
BinVal : 0 9 0.7 0.0591608 0.0591608
BinVal : 0 10 0.689655 0.0607469 0.0607469
BinVal : 0 11 0.74 0.0620322 0.0620322
BinVal : 0 12 0.702128 0.0667074 0.0667074
BinVal : 0 13 0.68254 0.058646 0.058646
BinVal : 0 14 0.642857 0.0640301 0.0640301
BinVal : 0 15 0.826087 0.0456304 0.0456304
BinVal : 0 16 0.685185 0.0632026 0.0632026
BinVal : 0 17 0.948276 0.0290804 0.0290804
BinVal : 0 18 0.618182 0.0655096 0.0655096
BinVal : 0 19 0.767442 0.064425 0.064425
BinVal : 0 20 0.814815 0.052861 0.052861
BinVal : 0 21 0.93617 0.0356566 0.0356566
BinVal : 0 22 0.826087 0.0558856 0.0558856
BinVal : 0 23 0 0 0
BinVal : 0 24 0 0 0
BinVal : 0 25 0 0 0
BinVal : 0 26 0 0 0
BinVal : 0 27 0 0 0
BinVal : 0 28 0 0 0
BinVal : 0 29 0 0 0
BinVal : 1 0 0 0 0
BinVal : 1 1 0 0 0
BinVal : 1 2 0 0 0
BinVal : 1 3 0 0 0
BinVal : 1 4 0 0 0
BinVal : 1 5 0 0 0
BinVal : 1 6 0 0 0
BinVal : 1 7 0.674419 0.0714596 0.0714596
BinVal : 1 8 0.589744 0.0787639 0.0787639
BinVal : 1 9 0.863636 0.0517355 0.0517355
BinVal : 1 10 0.707317 0.0710581 0.0710581
BinVal : 1 11 0.66 0.0669925 0.0669925
BinVal : 1 12 0.435484 0.0629692 0.0629692
BinVal : 1 13 0.611111 0.0663401 0.0663401
BinVal : 1 14 0.7 0.0591608 0.0591608
BinVal : 1 15 0.616667 0.0627679 0.0627679
BinVal : 1 16 0.607843 0.0683661 0.0683661
BinVal : 1 17 0.540984 0.063803 0.063803
BinVal : 1 18 0.72 0.063498 0.063498
BinVal : 1 19 0.735294 0.0756611 0.0756611
BinVal : 1 20 0.765957 0.0617591 0.0617591
BinVal : 1 21 0.903226 0.0375476 0.0375476
BinVal : 1 22 0.69697 0.0800006 0.0800006
BinVal : 1 23 0 0 0
BinVal : 1 24 0 0 0
BinVal : 1 25 0 0 0
BinVal : 1 26 0 0 0
BinVal : 1 27 0 0 0
BinVal : 1 28 0 0 0
BinVal : 1 29 0 0 0
BinVal : 2 0 0 0 0
BinVal : 2 1 0 0 0
BinVal : 2 2 0 0 0
BinVal : 2 3 0 0 0
BinVal : 2 4 0 0 0
BinVal : 2 5 0 0 0
BinVal : 2 6 0 0 0
BinVal : 2 7 0.75 0.0818317 0.0818317
BinVal : 2 8 0.96875 0.0307578 0.0307578
BinVal : 2 9 0.857143 0.0539949 0.0539949
BinVal : 2 10 0.72 0.0897998 0.0897998
BinVal : 2 11 0.833333 0.062113 0.062113
BinVal : 2 12 0.606061 0.0850581 0.0850581
BinVal : 2 13 0.694444 0.0767737 0.0767737
BinVal : 2 14 0.829268 0.0587642 0.0587642
BinVal : 2 15 0.784314 0.0575932 0.0575932
BinVal : 2 16 0.767442 0.064425 0.064425
BinVal : 2 17 0.777778 0.06929 0.06929
BinVal : 2 18 0.615385 0.0954113 0.0954113
BinVal : 2 19 0.413793 0.0914572 0.0914572
BinVal : 2 20 0.903226 0.0531003 0.0531003
BinVal : 2 21 0.882353 0.0552551 0.0552551
BinVal : 2 22 0.7 0.10247 0.10247
BinVal : 2 23 0 0 0
BinVal : 2 24 0 0 0
BinVal : 2 25 0 0 0
BinVal : 2 26 0 0 0
BinVal : 2 27 0 0 0
BinVal : 2 28 0 0 0
BinVal : 2 29 0 0 0
BinVal : 3 0 0 0 0
BinVal : 3 1 0 0 0
BinVal : 3 2 0 0 0
BinVal : 3 3 0 0 0
BinVal : 3 4 0 0 0
BinVal : 3 5 0 0 0
BinVal : 3 6 0 0 0
BinVal : 3 7 0.866667 0.0877707 0.0877707
BinVal : 3 8 0.823529 0.0924594 0.0924594
BinVal : 3 9 0.8 0.10328 0.10328
BinVal : 3 10 0.777778 0.0979908 0.0979908
BinVal : 3 11 0.8 0.10328 0.10328
BinVal : 3 12 0.8125 0.0975781 0.0975781
BinVal : 3 13 0.944444 0.0539903 0.0539903
BinVal : 3 14 0.761905 0.0929429 0.0929429
BinVal : 3 15 0.928571 0.0688303 0.0688303
BinVal : 3 16 0.833333 0.0760726 0.0760726
BinVal : 3 17 0.833333 0.087841 0.087841
BinVal : 3 18 0.722222 0.105572 0.105572
BinVal : 3 19 0.8 0.126491 0.126491
BinVal : 3 20 0.9375 0.0605154 0.0605154
BinVal : 3 21 1 0.0326734 0.0326734
BinVal : 3 22 0.722222 0.105572 0.105572
BinVal : 3 23 0 0 0
BinVal : 3 24 0 0 0
BinVal : 3 25 0 0 0
BinVal : 3 26 0 0 0
BinVal : 3 27 0 0 0
BinVal : 3 28 0 0 0
BinVal : 3 29 0 0 0
BinVal : 4 0 0 0 0
BinVal : 4 1 0 0 0
BinVal : 4 2 0 0 0
BinVal : 4 3 0 0 0
BinVal : 4 4 0 0 0
BinVal : 4 5 0 0 0
BinVal : 4 6 0 0 0
BinVal : 4 7 0.916667 0.0797856 0.0797856
BinVal : 4 8 0.928571 0.0688303 0.0688303
BinVal : 4 9 0.833333 0.107583 0.107583
BinVal : 4 10 0.5625 0.12402 0.12402
BinVal : 4 11 0.789474 0.0935288 0.0935288
BinVal : 4 12 0.75 0.0968246 0.0968246
BinVal : 4 13 0.9375 0.0605154 0.0605154
BinVal : 4 14 0.782609 0.0860061 0.0860061
BinVal : 4 15 0.75 0.0968246 0.0968246
BinVal : 4 16 0.722222 0.105572 0.105572
BinVal : 4 17 0.722222 0.105572 0.105572
BinVal : 4 18 0.6 0.109545 0.109545
BinVal : 4 19 0.714286 0.120736 0.120736
BinVal : 4 20 0.666667 0.111111 0.111111
BinVal : 4 21 0.947368 0.0512278 0.0512278
BinVal : 4 22 0.866667 0.0877707 0.0877707
BinVal : 4 23 0 0 0
BinVal : 4 24 0 0 0
BinVal : 4 25 0 0 0
BinVal : 4 26 0 0 0
BinVal : 4 27 0 0 0
BinVal : 4 28 0 0 0
BinVal : 4 29 0 0 0
BinVal : 5 0 0 0 0
BinVal : 5 1 0 0 0
BinVal : 5 2 0 0 0
BinVal : 5 3 0 0 0
BinVal : 5 4 0 0 0
BinVal : 5 5 0 0 0
BinVal : 5 6 0 0 0
BinVal : 5 7 0.75 0.0818317 0.0818317
BinVal : 5 8 0.973684 0.0259672 0.0259672
BinVal : 5 9 1 0.0157046 0.0157046
BinVal : 5 10 0.888889 0.0740741 0.0740741
BinVal : 5 11 0.794118 0.0693446 0.0693446
BinVal : 5 12 0.627907 0.0737122 0.0737122
BinVal : 5 13 0.810811 0.0643883 0.0643883
BinVal : 5 14 0.8 0.0676123 0.0676123
BinVal : 5 15 0.807692 0.0546537 0.0546537
BinVal : 5 16 0.703704 0.0878772 0.0878772
BinVal : 5 17 0.780488 0.0646428 0.0646428
BinVal : 5 18 0.882353 0.0552551 0.0552551
BinVal : 5 19 0.84375 0.0641862 0.0641862
BinVal : 5 20 0.789474 0.0661348 0.0661348
BinVal : 5 21 0.965517 0.033883 0.033883
BinVal : 5 22 0.9 0.067082 0.067082
BinVal : 5 23 0 0 0
BinVal : 5 24 0 0 0
BinVal : 5 25 0 0 0
BinVal : 5 26 0 0 0
BinVal : 5 27 0 0 0
BinVal : 5 28 0 0 0
BinVal : 5 29 0 0 0
BinVal : 6 0 0 0 0
BinVal : 6 1 0 0 0
BinVal : 6 2 0 0 0
BinVal : 6 3 0 0 0
BinVal : 6 4 0 0 0
BinVal : 6 5 0 0 0
BinVal : 6 6 0 0 0
BinVal : 6 7 0.813953 0.0593439 0.0593439
BinVal : 6 8 0.918367 0.0391149 0.0391149
BinVal : 6 9 0.95 0.0344601 0.0344601
BinVal : 6 10 0.787879 0.0711647 0.0711647
BinVal : 6 11 0.754717 0.0591001 0.0591001
BinVal : 6 12 0.769231 0.067466 0.067466
BinVal : 6 13 0.847826 0.0529596 0.0529596
BinVal : 6 14 0.795918 0.0575756 0.0575756
BinVal : 6 15 0.75 0.0721688 0.0721688
BinVal : 6 16 0.837838 0.0605974 0.0605974
BinVal : 6 17 0.733333 0.0659218 0.0659218
BinVal : 6 18 0.75 0.0652791 0.0652791
BinVal : 6 19 0.705882 0.0781425 0.0781425
BinVal : 6 20 0.891304 0.0458923 0.0458923
BinVal : 6 21 0.891892 0.0510487 0.0510487
BinVal : 6 22 0.676471 0.0802309 0.0802309
BinVal : 6 23 0 0 0
BinVal : 6 24 0 0 0
BinVal : 6 25 0 0 0
BinVal : 6 26 0 0 0
BinVal : 6 27 0 0 0
BinVal : 6 28 0 0 0
BinVal : 6 29 0 0 0
BinVal : 7 0 0 0 0
BinVal : 7 1 0 0 0
BinVal : 7 2 0 0 0
BinVal : 7 3 0 0 0
BinVal : 7 4 0 0 0
BinVal : 7 5 0 0 0
BinVal : 7 6 0 0 0
BinVal : 7 7 0.717949 0.0720574 0.0720574
BinVal : 7 8 0.933333 0.0371849 0.0371849
BinVal : 7 9 0.653846 0.0659737 0.0659737
BinVal : 7 10 0.829787 0.0548189 0.0548189
BinVal : 7 11 0.4375 0.0716027 0.0716027
BinVal : 7 12 0.77551 0.0596066 0.0596066
BinVal : 7 13 0.842105 0.048298 0.048298
BinVal : 7 14 0.77551 0.0596066 0.0596066
BinVal : 7 15 0.788462 0.0566348 0.0566348
BinVal : 7 16 0.756757 0.0705339 0.0705339
BinVal : 7 17 0.805556 0.0659621 0.0659621
BinVal : 7 18 0.230769 0.0826286 0.0826286
BinVal : 7 19 0.705882 0.11051 0.11051
BinVal : 7 20 0.755102 0.0614324 0.0614324
BinVal : 7 21 0.894737 0.0497845 0.0497845
BinVal : 7 22 0.765957 0.0617591 0.0617591
BinVal : 7 23 0 0 0
BinVal : 7 24 0 0 0
BinVal : 7 25 0 0 0
BinVal : 7 26 0 0 0
BinVal : 7 27 0 0 0
BinVal : 7 28 0 0 0
BinVal : 7 29 0 0 0
BinVal : 8 0 0 0 0
BinVal : 8 1 0 0 0
BinVal : 8 2 0 0 0
BinVal : 8 3 0 0 0
BinVal : 8 4 0 0 0
BinVal : 8 5 0 0 0
BinVal : 8 6 0 0 0
BinVal : 8 7 0.775 0.0660256 0.0660256
BinVal : 8 8 0.982456 0.0173893 0.0173893
BinVal : 8 9 0.666667 0.0754851 0.0754851
BinVal : 8 10 0.84375 0.0641862 0.0641862
BinVal : 8 11 0.72549 0.0624899 0.0624899
BinVal : 8 12 0.88 0.0459565 0.0459565
BinVal : 8 13 0.939394 0.0293704 0.0293704
BinVal : 8 14 0.857143 0.0440867 0.0440867
BinVal : 8 15 0.888889 0.0427667 0.0427667
BinVal : 8 16 0.849057 0.0491742 0.0491742
BinVal : 8 17 0.891304 0.0458923 0.0458923
BinVal : 8 18 0.26087 0.0915605 0.0915605
BinVal : 8 19 0.777778 0.0800091 0.0800091
BinVal : 8 20 0.826087 0.0558856 0.0558856
BinVal : 8 21 0.918367 0.0391149 0.0391149
BinVal : 8 22 0.732143 0.0591774 0.0591774
BinVal : 8 23 0 0 0
BinVal : 8 24 0 0 0
BinVal : 8 25 0 0 0
BinVal : 8 26 0 0 0
BinVal : 8 27 0 0 0
BinVal : 8 28 0 0 0
BinVal : 8 29 0 0 0
BinVal : 9 0 0 0 0
BinVal : 9 1 0 0 0
BinVal : 9 2 0 0 0
BinVal : 9 3 0 0 0
BinVal : 9 4 0 0 0
BinVal : 9 5 0 0 0
BinVal : 9 6 0 0 0
BinVal : 9 7 0.741935 0.0785898 0.0785898
BinVal : 9 8 0.948718 0.0353199 0.0353199
BinVal : 9 9 0.965517 0.0239589 0.0239589
BinVal : 9 10 0.9 0.0547723 0.0547723
BinVal : 9 11 0.675676 0.0769588 0.0769588
BinVal : 9 12 0.728814 0.0578784 0.0578784
BinVal : 9 13 0.740741 0.0596353 0.0596353
BinVal : 9 14 0.76 0.0603987 0.0603987
BinVal : 9 15 0.833333 0.0481125 0.0481125
BinVal : 9 16 0.851064 0.0519317 0.0519317
BinVal : 9 17 0.735849 0.0605595 0.0605595
BinVal : 9 18 0.8 0.0730297 0.0730297
BinVal : 9 19 0.933333 0.045542 0.045542
BinVal : 9 20 0.909091 0.0433392 0.0433392
BinVal : 9 21 0.966667 0.0231741 0.0231741
BinVal : 9 22 0.8 0.0730297 0.0730297
BinVal : 9 23 0 0 0
BinVal : 9 24 0 0 0
BinVal : 9 25 0 0 0
BinVal : 9 26 0 0 0
BinVal : 9 27 0 0 0
BinVal : 9 28 0 0 0
BinVal : 9 29 0 0 0
BinVal : 10 0 0 0 0
BinVal : 10 1 0 0 0
BinVal : 10 2 0 0 0
BinVal : 10 3 0 0 0
BinVal : 10 4 0 0 0
BinVal : 10 5 0 0 0
BinVal : 10 6 0 0 0
BinVal : 10 7 0.842105 0.0591528 0.0591528
BinVal : 10 8 0.96875 0.0307578 0.0307578
BinVal : 10 9 0.8 0.126491 0.126491
BinVal : 10 10 0.708333 0.0927805 0.0927805
BinVal : 10 11 0.8 0.126491 0.126491
BinVal : 10 12 0.775 0.0660256 0.0660256
BinVal : 10 13 0.847826 0.0529596 0.0529596
BinVal : 10 14 0.8 0.053936 0.053936
BinVal : 10 15 0.882353 0.0451156 0.0451156
BinVal : 10 16 0.877551 0.0468291 0.0468291
BinVal : 10 17 0.682927 0.0726733 0.0726733
BinVal : 10 18 0.411765 0.119365 0.119365
BinVal : 10 19 0.75 0.0968246 0.0968246
BinVal : 10 20 0.941176 0.0570672 0.0570672
BinVal : 10 21 0.867925 0.0465066 0.0465066
BinVal : 10 22 0.638889 0.0800538 0.0800538
BinVal : 10 23 0 0 0
BinVal : 10 24 0 0 0
BinVal : 10 25 0 0 0
BinVal : 10 26 0 0 0
BinVal : 10 27 0 0 0
BinVal : 10 28 0 0 0
BinVal : 10 29 0 0 0
BinVal : 11 0 0 0 0
BinVal : 11 1 0 0 0
BinVal : 11 2 0 0 0
BinVal : 11 3 0 0 0
BinVal : 11 4 0 0 0
BinVal : 11 5 0 0 0
BinVal : 11 6 0 0 0
BinVal : 11 7 0.807692 0.0546537 0.0546537
BinVal : 11 8 0.951219 0.0336412 0.0336412
BinVal : 11 9 0 0 0
BinVal : 11 10 1 0.218486 0.218486
BinVal : 11 11 0 0 0
BinVal : 11 12 0 0 0
BinVal : 11 13 0 0 0
BinVal : 11 14 0 0 0
BinVal : 11 15 0 0 0
BinVal : 11 16 0 0 0
BinVal : 11 17 0 0 0
BinVal : 11 18 0 0 0
BinVal : 11 19 0 0 0
BinVal : 11 20 0 0 0
BinVal : 11 21 0.777778 0.0619748 0.0619748
BinVal : 11 22 0.714286 0.0645363 0.0645363
BinVal : 11 23 0 0 0
BinVal : 11 24 0 0 0
BinVal : 11 25 0 0 0
BinVal : 11 26 0 0 0
BinVal : 11 27 0 0 0
BinVal : 11 28 0 0 0
BinVal : 11 29 0 0 0
BinVal : 12 0 0 0 0
BinVal : 12 1 0 0 0
BinVal : 12 2 0 0 0
BinVal : 12 3 0 0 0
BinVal : 12 4 0 0 0
BinVal : 12 5 0 0 0
BinVal : 12 6 0 0 0
BinVal : 12 7 0.837838 0.0605974 0.0605974
BinVal : 12 8 0.833333 0.0680414 0.0680414
BinVal : 12 9 0 0 0
BinVal : 12 10 0 0 0
BinVal : 12 11 0 0 0
BinVal : 12 12 0 0 0
BinVal : 12 13 0 0 0
BinVal : 12 14 0 0 0
BinVal : 12 15 0 0 0
BinVal : 12 16 0 0 0
BinVal : 12 17 0 0 0
BinVal : 12 18 0 0 0
BinVal : 12 19 0 0 0
BinVal : 12 20 0 0 0
BinVal : 12 21 0.794118 0.0693446 0.0693446
BinVal : 12 22 0.697674 0.0700373 0.0700373
BinVal : 12 23 0 0 0
BinVal : 12 24 0 0 0
BinVal : 12 25 0 0 0
BinVal : 12 26 0 0 0
BinVal : 12 27 0 0 0
BinVal : 12 28 0 0 0
BinVal : 12 29 0 0 0
BinVal : 13 0 0 0 0
BinVal : 13 1 0 0 0
BinVal : 13 2 0 0 0
BinVal : 13 3 0 0 0
BinVal : 13 4 0 0 0
BinVal : 13 5 0 0 0
BinVal : 13 6 0 0 0
BinVal : 13 7 0.6875 0.0819382 0.0819382
BinVal : 13 8 0.954545 0.0314022 0.0314022
BinVal : 13 9 0.952381 0.0464714 0.0464714
BinVal : 13 10 0.727273 0.0949515 0.0949515
BinVal : 13 11 0.428571 0.13226 0.13226
BinVal : 13 12 0.816327 0.0553168 0.0553168
BinVal : 13 13 0.892857 0.0413313 0.0413313
BinVal : 13 14 0.954545 0.0314022 0.0314022
BinVal : 13 15 0.890625 0.0390136 0.0390136
BinVal : 13 16 0.890909 0.0420368 0.0420368
BinVal : 13 17 0.833333 0.0537914 0.0537914
BinVal : 13 18 0.3 0.144914 0.144914
BinVal : 13 19 0.666667 0.111111 0.111111
BinVal : 13 20 0.9375 0.0605154 0.0605154
BinVal : 13 21 0.926829 0.0406702 0.0406702
BinVal : 13 22 0.769231 0.067466 0.067466
BinVal : 13 23 0 0 0
BinVal : 13 24 0 0 0
BinVal : 13 25 0 0 0
BinVal : 13 26 0 0 0
BinVal : 13 27 0 0 0
BinVal : 13 28 0 0 0
BinVal : 13 29 0 0 0
BinVal : 14 0 0 0 0
BinVal : 14 1 0 0 0
BinVal : 14 2 0 0 0
BinVal : 14 3 0 0 0
BinVal : 14 4 0 0 0
BinVal : 14 5 0 0 0
BinVal : 14 6 0 0 0
BinVal : 14 7 0.821429 0.0723789 0.0723789
BinVal : 14 8 0.931035 0.0470544 0.0470544
BinVal : 14 9 0.95 0.0281366 0.0281366
BinVal : 14 10 1 0.0152869 0.0152869
BinVal : 14 11 0.75 0.0600481 0.0600481
BinVal : 14 12 0.732143 0.0591774 0.0591774
BinVal : 14 13 0.828571 0.0637049 0.0637049
BinVal : 14 14 0.830189 0.0515744 0.0515744
BinVal : 14 15 0.690476 0.071334 0.071334
BinVal : 14 16 0.735294 0.0756611 0.0756611
BinVal : 14 17 0.615385 0.077903 0.077903
BinVal : 14 18 0.606061 0.0850581 0.0850581
BinVal : 14 19 0.708333 0.0927805 0.0927805
BinVal : 14 20 0.948718 0.0353199 0.0353199
BinVal : 14 21 0.972222 0.0273893 0.0273893
BinVal : 14 22 0.733333 0.0659218 0.0659218
BinVal : 14 23 0 0 0
BinVal : 14 24 0 0 0
BinVal : 14 25 0 0 0
BinVal : 14 26 0 0 0
BinVal : 14 27 0 0 0
BinVal : 14 28 0 0 0
BinVal : 14 29 0 0 0
BinVal : 15 0 0 0 0
BinVal : 15 1 0 0 0
BinVal : 15 2 0 0 0
BinVal : 15 3 0 0 0
BinVal : 15 4 0 0 0
BinVal : 15 5 0 0 0
BinVal : 15 6 0 0 0
BinVal : 15 7 0.794118 0.0693446 0.0693446
BinVal : 15 8 0.973684 0.0259672 0.0259672
BinVal : 15 9 0.673913 0.0691178 0.0691178
BinVal : 15 10 0.823529 0.0653787 0.0653787
BinVal : 15 11 0.645833 0.0690309 0.0690309
BinVal : 15 12 0.805556 0.0659621 0.0659621
BinVal : 15 13 0.851064 0.0519317 0.0519317
BinVal : 15 14 0.833333 0.0507151 0.0507151
BinVal : 15 15 0.868852 0.0432203 0.0432203
BinVal : 15 16 0.745098 0.0610251 0.0610251
BinVal : 15 17 0.807018 0.0522713 0.0522713
BinVal : 15 18 0.6 0.0828079 0.0828079
BinVal : 15 19 0.6875 0.0819382 0.0819382
BinVal : 15 20 0.558824 0.0851538 0.0851538
BinVal : 15 21 0.948718 0.0353199 0.0353199
BinVal : 15 22 0.844444 0.0540284 0.0540284
BinVal : 15 23 0 0 0
BinVal : 15 24 0 0 0
BinVal : 15 25 0 0 0
BinVal : 15 26 0 0 0
BinVal : 15 27 0 0 0
BinVal : 15 28 0 0 0
BinVal : 15 29 0 0 0


Comments : includes prescale inefficiency, cosmic veto applied 
EffMethod : TagAndProbe 
EffName : eff 
EffType : Binned 
EffVarNames : phi deteta 
EffVersion : 3 
ObjQuality : MuFromMuJetsOR 
ObjRelativeTo : mediumnseg3_tracktight_iso_NPTight 
ObjType : Muon 
ObjVersion : 1 
RunRangeHigh : -1 
RunRangeLow : -1 
TriggerVersionHigh : 15.49 
TriggerVersionLow : 15.22 
BinEdgesX : 0 0.3927 0.7854 1.1781 1.5708 1.9635 2.3562 2.7489 3.1416 3.5343 3.927 4.3197 4.7124 5.1051 5.4978 5.8905 6.2832 
BinEdgesY : -3 -2.8 -2.6 -2.4 -2.2 -2 -1.8 -1.6 -1.4 -1.2 -1 -0.8 -0.6 -0.4 -0.2 0 0.2 0.4 0.6 0.8 1 1.2 1.4 1.6 1.8 2 2.2 2.4 2.6 2.8 3 
BinVal : 0 0 0 0 0
BinVal : 0 1 0 0 0
BinVal : 0 2 0 0 0
BinVal : 0 3 0 0 0
BinVal : 0 4 1 0.218486 0.218486
BinVal : 0 5 0.964286 0.0350707 0.0350707
BinVal : 0 6 0.966667 0.0327731 0.0327731
BinVal : 0 7 0.961538 0.0266683 0.0266683
BinVal : 0 8 0.883117 0.0366134 0.0366134
BinVal : 0 9 0.83871 0.0467105 0.0467105
BinVal : 0 10 0.851852 0.048343 0.048343
BinVal : 0 11 0.666667 0.0608581 0.0608581
BinVal : 0 12 0.946429 0.0300896 0.0300896
BinVal : 0 13 0.945205 0.0266361 0.0266361
BinVal : 0 14 0.963855 0.0204875 0.0204875
BinVal : 0 15 0.940298 0.028946 0.028946
BinVal : 0 16 0.887097 0.0401923 0.0401923
BinVal : 0 17 0.890909 0.0420368 0.0420368
BinVal : 0 18 0.689189 0.0538024 0.0538024
BinVal : 0 19 0.887097 0.0401923 0.0401923
BinVal : 0 20 0.833333 0.0458735 0.0458735
BinVal : 0 21 0.982143 0.017697 0.017697
BinVal : 0 22 0.943396 0.0317418 0.0317418
BinVal : 0 23 0.833333 0.062113 0.062113
BinVal : 0 24 0.852941 0.0607387 0.0607387
BinVal : 0 25 0 0 0
BinVal : 0 26 0 0 0
BinVal : 0 27 0 0 0
BinVal : 0 28 0 0 0
BinVal : 0 29 0 0 0
BinVal : 1 0 0 0 0
BinVal : 1 1 0 0 0
BinVal : 1 2 0 0 0
BinVal : 1 3 0 0 0
BinVal : 1 4 0 0 0
BinVal : 1 5 0.941176 0.0570672 0.0570672
BinVal : 1 6 0.966667 0.0327731 0.0327731
BinVal : 1 7 0.93617 0.0356566 0.0356566
BinVal : 1 8 0.921569 0.0376464 0.0376464
BinVal : 1 9 0.96 0.0277128 0.0277128
BinVal : 1 10 0.810811 0.0643883 0.0643883
BinVal : 1 11 0.866667 0.0392523 0.0392523
BinVal : 1 12 0.77381 0.0456472 0.0456472
BinVal : 1 13 0.943396 0.0317418 0.0317418
BinVal : 1 14 0.948052 0.0252904 0.0252904
BinVal : 1 15 0.963855 0.0204875 0.0204875
BinVal : 1 16 0.868852 0.0432203 0.0432203
BinVal : 1 17 0.766234 0.048231 0.048231
BinVal : 1 18 0.84507 0.0429422 0.0429422
BinVal : 1 19 0.857143 0.0591485 0.0591485
BinVal : 1 20 0.973333 0.0186031 0.0186031
BinVal : 1 21 0.918367 0.0391149 0.0391149
BinVal : 1 22 0.97619 0.0235244 0.0235244
BinVal : 1 23 0.939394 0.041536 0.041536
BinVal : 1 24 0.913043 0.0587534 0.0587534
BinVal : 1 25 0 0 0
BinVal : 1 26 0 0 0
BinVal : 1 27 0 0 0
BinVal : 1 28 0 0 0
BinVal : 1 29 0 0 0
BinVal : 2 0 0 0 0
BinVal : 2 1 0 0 0
BinVal : 2 2 0 0 0
BinVal : 2 3 0 0 0
BinVal : 2 4 0 0 0
BinVal : 2 5 1 0.0542655 0.0542655
BinVal : 2 6 1 0.0309157 0.0309157
BinVal : 2 7 0.941176 0.0403526 0.0403526
BinVal : 2 8 0.977778 0.0219739 0.0219739
BinVal : 2 9 0.959184 0.0282664 0.0282664
BinVal : 2 10 0.857143 0.0591485 0.0591485
BinVal : 2 11 0.851852 0.048343 0.048343
BinVal : 2 12 0.897959 0.0432431 0.0432431
BinVal : 2 13 0.952381 0.0328603 0.0328603
BinVal : 2 14 0.978261 0.0215015 0.0215015
BinVal : 2 15 0.85 0.0564579 0.0564579
BinVal : 2 16 0.684211 0.0754053 0.0754053
BinVal : 2 17 0.759259 0.0581799 0.0581799
BinVal : 2 18 0.809524 0.0605913 0.0605913
BinVal : 2 19 0.8 0.0894427 0.0894427
BinVal : 2 20 0.971429 0.0281603 0.0281603
BinVal : 2 21 1 0.0138164 0.0138164
BinVal : 2 22 0.972222 0.0273893 0.0273893
BinVal : 2 23 1 0.0216126 0.0216126
BinVal : 2 24 1 0.102643 0.102643
BinVal : 2 25 0 0 0
BinVal : 2 26 0 0 0
BinVal : 2 27 0 0 0
BinVal : 2 28 0 0 0
BinVal : 2 29 0 0 0
BinVal : 3 0 0 0 0
BinVal : 3 1 0 0 0
BinVal : 3 2 0 0 0
BinVal : 3 3 0 0 0
BinVal : 3 4 1 0.218486 0.218486
BinVal : 3 5 0.8 0.178885 0.178885
BinVal : 3 6 0.928571 0.0688303 0.0688303
BinVal : 3 7 1 0.0254407 0.0254407
BinVal : 3 8 1 0.0309157 0.0309157
BinVal : 3 9 0.684211 0.106639 0.106639
BinVal : 3 10 0.8 0.10328 0.10328
BinVal : 3 11 0.736842 0.101023 0.101023
BinVal : 3 12 0.9375 0.0605154 0.0605154
BinVal : 3 13 0.913043 0.0587534 0.0587534
BinVal : 3 14 0.896552 0.0565523 0.0565523
BinVal : 3 15 0.966667 0.0327731 0.0327731
BinVal : 3 16 0.758621 0.0794627 0.0794627
BinVal : 3 17 0.90625 0.051527 0.051527
BinVal : 3 18 0.961538 0.0377146 0.0377146
BinVal : 3 19 0.818182 0.116291 0.116291
BinVal : 3 20 0.714286 0.120736 0.120736
BinVal : 3 21 1 0.0293374 0.0293374
BinVal : 3 22 0.954545 0.0444095 0.0444095
BinVal : 3 23 1 0.0279117 0.0279117
BinVal : 3 24 0.833333 0.107583 0.107583
BinVal : 3 25 0 0 0
BinVal : 3 26 0 0 0
BinVal : 3 27 0 0 0
BinVal : 3 28 0 0 0
BinVal : 3 29 0 0 0
BinVal : 4 0 0 0 0
BinVal : 4 1 0 0 0
BinVal : 4 2 0 0 0
BinVal : 4 3 0 0 0
BinVal : 4 4 0 0 0
BinVal : 4 5 1 0.0542655 0.0542655
BinVal : 4 6 0.928571 0.0688303 0.0688303
BinVal : 4 7 0.923077 0.0522589 0.0522589
BinVal : 4 8 0.962963 0.0363447 0.0363447
BinVal : 4 9 0.92 0.0542586 0.0542586
BinVal : 4 10 0.565217 0.103367 0.103367
BinVal : 4 11 0.818182 0.0822304 0.0822304
BinVal : 4 12 0.83871 0.0660586 0.0660586
BinVal : 4 13 0.909091 0.0612909 0.0612909
BinVal : 4 14 0.896552 0.0565523 0.0565523
BinVal : 4 15 0.846154 0.0707589 0.0707589
BinVal : 4 16 0.666667 0.111111 0.111111
BinVal : 4 17 0.931035 0.0470544 0.0470544
BinVal : 4 18 0.823529 0.0924594 0.0924594
BinVal : 4 19 0.75 0.0968246 0.0968246
BinVal : 4 20 0.88 0.0649923 0.0649923
BinVal : 4 21 1 0.0293374 0.0293374
BinVal : 4 22 0.947368 0.0512278 0.0512278
BinVal : 4 23 0.923077 0.0739053 0.0739053
BinVal : 4 24 0.888889 0.104757 0.104757
BinVal : 4 25 0 0 0
BinVal : 4 26 0 0 0
BinVal : 4 27 0 0 0
BinVal : 4 28 0 0 0
BinVal : 4 29 0 0 0
BinVal : 5 0 0 0 0
BinVal : 5 1 0 0 0
BinVal : 5 2 0 0 0
BinVal : 5 3 0 0 0
BinVal : 5 4 0 0 0
BinVal : 5 5 1 0.0668855 0.0668855
BinVal : 5 6 0.88 0.0649923 0.0649923
BinVal : 5 7 0.9375 0.0427908 0.0427908
BinVal : 5 8 1 0.0113578 0.0113578
BinVal : 5 9 0.895833 0.0440918 0.0440918
BinVal : 5 10 0.75 0.0765466 0.0765466
BinVal : 5 11 0.675 0.0740566 0.0740566
BinVal : 5 12 0.881356 0.0420991 0.0420991
BinVal : 5 13 0.741935 0.0785898 0.0785898
BinVal : 5 14 0.944444 0.0311713 0.0311713
BinVal : 5 15 0.865385 0.0473315 0.0473315
BinVal : 5 16 0.674419 0.0714596 0.0714596
BinVal : 5 17 0.7 0.0724569 0.0724569
BinVal : 5 18 0.789474 0.0661348 0.0661348
BinVal : 5 19 0.92 0.0542586 0.0542586
BinVal : 5 20 0.885714 0.0537785 0.0537785
BinVal : 5 21 0.973684 0.0259672 0.0259672
BinVal : 5 22 0.931035 0.0470544 0.0470544
BinVal : 5 23 0.941176 0.0570672 0.0570672
BinVal : 5 24 1 0.102643 0.102643
BinVal : 5 25 0 0 0
BinVal : 5 26 0 0 0
BinVal : 5 27 0 0 0
BinVal : 5 28 0 0 0
BinVal : 5 29 0 0 0
BinVal : 6 0 0 0 0
BinVal : 6 1 0 0 0
BinVal : 6 2 0 0 0
BinVal : 6 3 0 0 0
BinVal : 6 4 0 0 0
BinVal : 6 5 1 0.0756803 0.0756803
BinVal : 6 6 0.9 0.0547723 0.0547723
BinVal : 6 7 0.954545 0.0314022 0.0314022
BinVal : 6 8 0.983051 0.0168049 0.0168049
BinVal : 6 9 0.984375 0.0155024 0.0155024
BinVal : 6 10 0.682927 0.0726733 0.0726733
BinVal : 6 11 0.4 0.069282 0.069282
BinVal : 6 12 0.431373 0.0693514 0.0693514
BinVal : 6 13 0.771429 0.0501891 0.0501891
BinVal : 6 14 0.918919 0.0317309 0.0317309
BinVal : 6 15 0.969697 0.0211003 0.0211003
BinVal : 6 16 0.847458 0.0468089 0.0468089
BinVal : 6 17 0.825397 0.0478285 0.0478285
BinVal : 6 18 0.830986 0.0444763 0.0444763
BinVal : 6 19 0.904762 0.0452948 0.0452948
BinVal : 6 20 0.969697 0.0211003 0.0211003
BinVal : 6 21 0.871795 0.0535337 0.0535337
BinVal : 6 22 0.955556 0.0307207 0.0307207
BinVal : 6 23 1 0.018786 0.018786
BinVal : 6 24 1 0.0756803 0.0756803
BinVal : 6 25 0 0 0
BinVal : 6 26 0 0 0
BinVal : 6 27 0 0 0
BinVal : 6 28 0 0 0
BinVal : 6 29 0 0 0
BinVal : 7 0 0 0 0
BinVal : 7 1 0 0 0
BinVal : 7 2 0 0 0
BinVal : 7 3 0 0 0
BinVal : 7 4 0 0 0
BinVal : 7 5 1 0.0224566 0.0224566
BinVal : 7 6 0.957447 0.0294425 0.0294425
BinVal : 7 7 0.942308 0.0323336 0.0323336
BinVal : 7 8 0.967742 0.022439 0.022439
BinVal : 7 9 0.64 0.0678822 0.0678822
BinVal : 7 10 0.4 0.0774597 0.0774597
BinVal : 7 11 0.226415 0.0574869 0.0574869
BinVal : 7 12 0.548387 0.063202 0.063202
BinVal : 7 13 0.918605 0.0294859 0.0294859
BinVal : 7 14 0.931035 0.0271668 0.0271668
BinVal : 7 15 0.973333 0.0186031 0.0186031
BinVal : 7 16 0.921348 0.0285345 0.0285345
BinVal : 7 17 0.894737 0.035203 0.035203
BinVal : 7 18 0.692308 0.0572468 0.0572468
BinVal : 7 19 0.75 0.0578638 0.0578638
BinVal : 7 20 0.796875 0.0502906 0.0502906
BinVal : 7 21 0.92 0.0383667 0.0383667
BinVal : 7 22 0.977778 0.0219739 0.0219739
BinVal : 7 23 1 0.0148902 0.0148902
BinVal : 7 24 1 0.0279117 0.0279117
BinVal : 7 25 0 0 0
BinVal : 7 26 0 0 0
BinVal : 7 27 0 0 0
BinVal : 7 28 0 0 0
BinVal : 7 29 0 0 0
BinVal : 8 0 0 0 0
BinVal : 8 1 0 0 0
BinVal : 8 2 0 0 0
BinVal : 8 3 0 0 0
BinVal : 8 4 1 0.218486 0.218486
BinVal : 8 5 0.916667 0.0564169 0.0564169
BinVal : 8 6 0.981818 0.0180158 0.0180158
BinVal : 8 7 1 0.0113578 0.0113578
BinVal : 8 8 0.969231 0.0214198 0.0214198
BinVal : 8 9 0.666667 0.0660098 0.0660098
BinVal : 8 10 0.320755 0.0641153 0.0641153
BinVal : 8 11 0.369231 0.0598587 0.0598587
BinVal : 8 12 0.405797 0.0591149 0.0591149
BinVal : 8 13 0.916667 0.0301561 0.0301561
BinVal : 8 14 0.943182 0.0246774 0.0246774
BinVal : 8 15 0.968085 0.0181297 0.0181297
BinVal : 8 16 0.901235 0.0331496 0.0331496
BinVal : 8 17 0.892857 0.0413313 0.0413313
BinVal : 8 18 0.693333 0.0532444 0.0532444
BinVal : 8 19 0.830189 0.0515744 0.0515744
BinVal : 8 20 0.758621 0.0561886 0.0561886
BinVal : 8 21 0.934426 0.0316937 0.0316937
BinVal : 8 22 1 0.0111375 0.0111375
BinVal : 8 23 0.96875 0.0307578 0.0307578
BinVal : 8 24 0.88 0.0649923 0.0649923
BinVal : 8 25 0 0 0
BinVal : 8 26 0 0 0
BinVal : 8 27 0 0 0
BinVal : 8 28 0 0 0
BinVal : 8 29 0 0 0
BinVal : 9 0 0 0 0
BinVal : 9 1 0 0 0
BinVal : 9 2 0 0 0
BinVal : 9 3 0 0 0
BinVal : 9 4 0 0 0
BinVal : 9 5 1 0.0326734 0.0326734
BinVal : 9 6 1 0.0166125 0.0166125
BinVal : 9 7 0.962963 0.0256996 0.0256996
BinVal : 9 8 0.935484 0.0312001 0.0312001
BinVal : 9 9 0.970588 0.0204891 0.0204891
BinVal : 9 10 0.53125 0.0882155 0.0882155
BinVal : 9 11 0.392857 0.0652633 0.0652633
BinVal : 9 12 0.307692 0.0572468 0.0572468
BinVal : 9 13 0.7 0.0547723 0.0547723
BinVal : 9 14 0.833333 0.0458735 0.0458735
BinVal : 9 15 0.94382 0.0244084 0.0244084
BinVal : 9 16 0.849315 0.0418705 0.0418705
BinVal : 9 17 0.725 0.0499218 0.0499218
BinVal : 9 18 0.779412 0.0502829 0.0502829
BinVal : 9 19 0.846154 0.0500341 0.0500341
BinVal : 9 20 1 0.0088954 0.0088954
BinVal : 9 21 0.976744 0.0229838 0.0229838
BinVal : 9 22 0.948718 0.0353199 0.0353199
BinVal : 9 23 0.90625 0.051527 0.051527
BinVal : 9 24 0.923077 0.0739053 0.0739053
BinVal : 9 25 0 0 0
BinVal : 9 26 0 0 0
BinVal : 9 27 0 0 0
BinVal : 9 28 0 0 0
BinVal : 9 29 0 0 0
BinVal : 10 0 0 0 0
BinVal : 10 1 0 0 0
BinVal : 10 2 0 0 0
BinVal : 10 3 0 0 0
BinVal : 10 4 0 0 0
BinVal : 10 5 1 0.0422902 0.0422902
BinVal : 10 6 1 0.0243611 0.0243611
BinVal : 10 7 0.978261 0.0215015 0.0215015
BinVal : 10 8 0.983871 0.0159984 0.0159984
BinVal : 10 9 0.818182 0.0822304 0.0822304
BinVal : 10 10 0.75 0.0765466 0.0765466
BinVal : 10 11 0.375 0.121031 0.121031
BinVal : 10 12 0.819672 0.0492251 0.0492251
BinVal : 10 13 0.864407 0.044571 0.044571
BinVal : 10 14 0.942857 0.0277431 0.0277431
BinVal : 10 15 0.955056 0.0219611 0.0219611
BinVal : 10 16 0.90625 0.0364351 0.0364351
BinVal : 10 17 0.829787 0.0548189 0.0548189
BinVal : 10 18 0.545455 0.106159 0.106159
BinVal : 10 19 0.826087 0.0790342 0.0790342
BinVal : 10 20 0.666667 0.136083 0.136083
BinVal : 10 21 0.961538 0.0266683 0.0266683
BinVal : 10 22 0.957447 0.0294425 0.0294425
BinVal : 10 23 0.833333 0.062113 0.062113
BinVal : 10 24 0.8125 0.0975781 0.0975781
BinVal : 10 25 1 0.159077 0.159077
BinVal : 10 26 0 0 0
BinVal : 10 27 0 0 0
BinVal : 10 28 0 0 0
BinVal : 10 29 0 0 0
BinVal : 11 0 0 0 0
BinVal : 11 1 0 0 0
BinVal : 11 2 0 0 0
BinVal : 11 3 0 0 0
BinVal : 11 4 0.714286 0.170747 0.170747
BinVal : 11 5 0.846154 0.0707589 0.0707589
BinVal : 11 6 0.939394 0.041536 0.041536
BinVal : 11 7 0.948718 0.0353199 0.0353199
BinVal : 11 8 0.967742 0.0317335 0.0317335
BinVal : 11 9 1 0.159077 0.159077
BinVal : 11 10 0 0 0
BinVal : 11 11 0 0 0
BinVal : 11 12 0 0 0
BinVal : 11 13 0 0 0
BinVal : 11 14 0 0 0
BinVal : 11 15 1 0.218486 0.218486
BinVal : 11 16 0 0 0
BinVal : 11 17 0 0 0
BinVal : 11 18 0 0 0
BinVal : 11 19 0 0 0
BinVal : 11 20 1 0.218486 0.218486
BinVal : 11 21 0.755102 0.0614324 0.0614324
BinVal : 11 22 0.920635 0.0340556 0.0340556
BinVal : 11 23 0.944444 0.0381769 0.0381769
BinVal : 11 24 1 0.0181909 0.0181909
BinVal : 11 25 0.5 0.353553 0.353553
BinVal : 11 26 0 0 0
BinVal : 11 27 0 0 0
BinVal : 11 28 0 0 0
BinVal : 11 29 0 0 0
BinVal : 12 0 0 0 0
BinVal : 12 1 0 0 0
BinVal : 12 2 0 0 0
BinVal : 12 3 0 0 0
BinVal : 12 4 1 0.218486 0.218486
BinVal : 12 5 1 0.0224566 0.0224566
BinVal : 12 6 0.906977 0.0442955 0.0442955
BinVal : 12 7 0.925926 0.0356389 0.0356389
BinVal : 12 8 0.893617 0.0449741 0.0449741
BinVal : 12 9 0 0 0
BinVal : 12 10 0 0 0
BinVal : 12 11 0 0 0
BinVal : 12 12 0 0 0
BinVal : 12 13 0 0 0
BinVal : 12 14 0 0 0
BinVal : 12 15 0 0 0
BinVal : 12 16 0 0 0
BinVal : 12 17 1 0.218486 0.218486
BinVal : 12 18 0 0 0
BinVal : 12 19 0 0 0
BinVal : 12 20 0 0 0
BinVal : 12 21 0.923077 0.0426692 0.0426692
BinVal : 12 22 0.984848 0.0150363 0.0150363
BinVal : 12 23 0.9375 0.0427908 0.0427908
BinVal : 12 24 0.92 0.0542586 0.0542586
BinVal : 12 25 1 0.159077 0.159077
BinVal : 12 26 0 0 0
BinVal : 12 27 0 0 0
BinVal : 12 28 0 0 0
BinVal : 12 29 0 0 0
BinVal : 13 0 0 0 0
BinVal : 13 1 0 0 0
BinVal : 13 2 0 0 0
BinVal : 13 3 0 0 0
BinVal : 13 4 0 0 0
BinVal : 13 5 0.894737 0.0704059 0.0704059
BinVal : 13 6 0.928571 0.0397392 0.0397392
BinVal : 13 7 0.877193 0.0434732 0.0434732
BinVal : 13 8 0.970588 0.0204891 0.0204891
BinVal : 13 9 0.862069 0.0640329 0.0640329
BinVal : 13 10 0.783784 0.0676771 0.0676771
BinVal : 13 11 0.333333 0.102869 0.102869
BinVal : 13 12 0.857143 0.0440867 0.0440867
BinVal : 13 13 0.975 0.0246855 0.0246855
BinVal : 13 14 0.860465 0.0528413 0.0528413
BinVal : 13 15 0.930233 0.0388497 0.0388497
BinVal : 13 16 0.923077 0.0426692 0.0426692
BinVal : 13 17 0.785714 0.0548321 0.0548321
BinVal : 13 18 0.5 0.176777 0.176777
BinVal : 13 19 0.65625 0.0839617 0.0839617
BinVal : 13 20 0.777778 0.0979908 0.0979908
BinVal : 13 21 0.964912 0.0243716 0.0243716
BinVal : 13 22 0.976744 0.0229838 0.0229838
BinVal : 13 23 0.971429 0.0281603 0.0281603
BinVal : 13 24 0.9 0.0948683 0.0948683
BinVal : 13 25 0 0 0
BinVal : 13 26 0 0 0
BinVal : 13 27 0 0 0
BinVal : 13 28 0 0 0
BinVal : 13 29 0 0 0
BinVal : 14 0 0 0 0
BinVal : 14 1 0 0 0
BinVal : 14 2 0 0 0
BinVal : 14 3 0 0 0
BinVal : 14 4 0 0 0
BinVal : 14 5 0.833333 0.152145 0.152145
BinVal : 14 6 0.884615 0.0626563 0.0626563
BinVal : 14 7 0.888889 0.0523783 0.0523783
BinVal : 14 8 0.956522 0.030068 0.030068
BinVal : 14 9 0.95082 0.0276873 0.0276873
BinVal : 14 10 0.72973 0.0730095 0.0730095
BinVal : 14 11 0.807018 0.0522713 0.0522713
BinVal : 14 12 0.913793 0.0368537 0.0368537
BinVal : 14 13 0.925926 0.0356389 0.0356389
BinVal : 14 14 0.878788 0.0401738 0.0401738
BinVal : 14 15 0.80303 0.0489546 0.0489546
BinVal : 14 16 0.860465 0.0528413 0.0528413
BinVal : 14 17 0.666667 0.0580259 0.0580259
BinVal : 14 18 0.675 0.0740566 0.0740566
BinVal : 14 19 0.709677 0.0815249 0.0815249
BinVal : 14 20 0.973333 0.0186031 0.0186031
BinVal : 14 21 0.944444 0.0381769 0.0381769
BinVal : 14 22 0.928571 0.0397392 0.0397392
BinVal : 14 23 0.935484 0.0441237 0.0441237
BinVal : 14 24 1 0.0309157 0.0309157
BinVal : 14 25 0 0 0
BinVal : 14 26 0 0 0
BinVal : 14 27 0 0 0
BinVal : 14 28 0 0 0
BinVal : 14 29 0 0 0
BinVal : 15 0 0 0 0
BinVal : 15 1 0 0 0
BinVal : 15 2 0 0 0
BinVal : 15 3 0 0 0
BinVal : 15 4 0 0 0
BinVal : 15 5 1 0.0326734 0.0326734
BinVal : 15 6 0.888889 0.0604812 0.0604812
BinVal : 15 7 1 0.0123324 0.0123324
BinVal : 15 8 1 0.00980616 0.00980616
BinVal : 15 9 0.659574 0.0691185 0.0691185
BinVal : 15 10 0.890411 0.0365609 0.0365609
BinVal : 15 11 0.84058 0.0440694 0.0440694
BinVal : 15 12 0.970588 0.0204891 0.0204891
BinVal : 15 13 0.984127 0.0157465 0.0157465
BinVal : 15 14 0.96 0.0226274 0.0226274
BinVal : 15 15 0.959459 0.0229267 0.0229267
BinVal : 15 16 0.827586 0.0495997 0.0495997
BinVal : 15 17 0.962264 0.026175 0.026175
BinVal : 15 18 0.636364 0.0592126 0.0592126
BinVal : 15 19 0.75 0.0652791 0.0652791
BinVal : 15 20 0.646154 0.0593087 0.0593087
BinVal : 15 21 0.964286 0.0247988 0.0247988
BinVal : 15 22 1 0.00862837 0.00862837
BinVal : 15 23 1 0.0138164 0.0138164
BinVal : 15 24 0.92 0.0542586 0.0542586
BinVal : 15 25 1 0.124824 0.124824
BinVal : 15 26 0 0 0
BinVal : 15 27 0 0 0
BinVal : 15 28 0 0 0
BinVal : 15 29 0 0 0


Comments : includes prescale inefficiency, cosmic veto applied 
EffMethod : TagAndProbe 
EffName : eff 
EffType : Binned 
EffVarNames : phi deteta 
EffVersion : 3 
ObjQuality : MuFromMuJetsOR 
ObjRelativeTo : mediumnseg3_tracktight_iso_NPTight 
ObjType : Muon 
ObjVersion : 1 
RunRangeHigh : -1 
RunRangeLow : -1 
TriggerVersionHigh : 15.89 
TriggerVersionLow : 15.5 
BinEdgesX : 0 0.3927 0.7854 1.1781 1.5708 1.9635 2.3562 2.7489 3.1416 3.5343 3.927 4.3197 4.7124 5.1051 5.4978 5.8905 6.2832 
BinEdgesY : -3 -2.8 -2.6 -2.4 -2.2 -2 -1.8 -1.6 -1.4 -1.2 -1 -0.8 -0.6 -0.4 -0.2 0 0.2 0.4 0.6 0.8 1 1.2 1.4 1.6 1.8 2 2.2 2.4 2.6 2.8 3 
BinVal : 0 0 0 0 0
BinVal : 0 1 0 0 0
BinVal : 0 2 0 0 0
BinVal : 0 3 0 0 0
BinVal : 0 4 1 0.159077 0.159077
BinVal : 0 5 0.95082 0.0276873 0.0276873
BinVal : 0 6 0.970874 0.0165693 0.0165693
BinVal : 0 7 0.889831 0.0288233 0.0288233
BinVal : 0 8 0.931818 0.0219388 0.0219388
BinVal : 0 9 0.823529 0.0308198 0.0308198
BinVal : 0 10 0.862434 0.0250546 0.0250546
BinVal : 0 11 0.773256 0.0319275 0.0319275
BinVal : 0 12 0.934641 0.0199816 0.0199816
BinVal : 0 13 0.944162 0.0163589 0.0163589
BinVal : 0 14 0.967391 0.0130936 0.0130936
BinVal : 0 15 0.974874 0.0110945 0.0110945
BinVal : 0 16 0.843931 0.0275924 0.0275924
BinVal : 0 17 0.919255 0.0214716 0.0214716
BinVal : 0 18 0.765823 0.0336905 0.0336905
BinVal : 0 19 0.748031 0.038524 0.038524
BinVal : 0 20 0.767296 0.0335108 0.0335108
BinVal : 0 21 0.966887 0.0145612 0.0145612
BinVal : 0 22 0.938596 0.0224845 0.0224845
BinVal : 0 23 0.952941 0.0229691 0.0229691
BinVal : 0 24 0.971831 0.019636 0.019636
BinVal : 0 25 1 0.102643 0.102643
BinVal : 0 26 0 0 0
BinVal : 0 27 0 0 0
BinVal : 0 28 0 0 0
BinVal : 0 29 0 0 0
BinVal : 1 0 0 0 0
BinVal : 1 1 0 0 0
BinVal : 1 2 0 0 0
BinVal : 1 3 0 0 0
BinVal : 1 4 1 0.218486 0.218486
BinVal : 1 5 0.853659 0.0551993 0.0551993
BinVal : 1 6 0.813333 0.0449922 0.0449922
BinVal : 1 7 0.901786 0.0281209 0.0281209
BinVal : 1 8 0.866197 0.0285691 0.0285691
BinVal : 1 9 0.965986 0.0149504 0.0149504
BinVal : 1 10 0.839286 0.0347035 0.0347035
BinVal : 1 11 0.857143 0.0259383 0.0259383
BinVal : 1 12 0.775758 0.0324698 0.0324698
BinVal : 1 13 0.894118 0.0235985 0.0235985
BinVal : 1 14 0.94898 0.0157171 0.0157171
BinVal : 1 15 0.930108 0.018695 0.018695
BinVal : 1 16 0.861111 0.0288192 0.0288192
BinVal : 1 17 0.801136 0.0300867 0.0300867
BinVal : 1 18 0.862275 0.0266668 0.0266668
BinVal : 1 19 0.72973 0.042152 0.042152
BinVal : 1 20 0.912409 0.0241526 0.0241526
BinVal : 1 21 0.961538 0.0168665 0.0168665
BinVal : 1 22 0.945736 0.0199455 0.0199455
BinVal : 1 23 0.930693 0.0252715 0.0252715
BinVal : 1 24 0.921053 0.0437441 0.0437441
BinVal : 1 25 1 0.218486 0.218486
BinVal : 1 26 0 0 0
BinVal : 1 27 0 0 0
BinVal : 1 28 0 0 0
BinVal : 1 29 0 0 0
BinVal : 2 0 0 0 0
BinVal : 2 1 0 0 0
BinVal : 2 2 0 0 0
BinVal : 2 3 0 0 0
BinVal : 2 4 0 0 0
BinVal : 2 5 0.894737 0.0704059 0.0704059
BinVal : 2 6 0.916667 0.0398928 0.0398928
BinVal : 2 7 0.943182 0.0246774 0.0246774
BinVal : 2 8 0.926829 0.0287582 0.0287582
BinVal : 2 9 0.930233 0.0274709 0.0274709
BinVal : 2 10 0.8 0.0516398 0.0516398
BinVal : 2 11 0.877778 0.034526 0.034526
BinVal : 2 12 0.857143 0.035348 0.035348
BinVal : 2 13 0.792079 0.0403806 0.0403806
BinVal : 2 14 0.966102 0.0166594 0.0166594
BinVal : 2 15 0.932773 0.0229555 0.0229555
BinVal : 2 16 0.910112 0.0303181 0.0303181
BinVal : 2 17 0.741573 0.0464035 0.0464035
BinVal : 2 18 0.816092 0.0415346 0.0415346
BinVal : 2 19 0.594203 0.0591149 0.0591149
BinVal : 2 20 0.969388 0.0174014 0.0174014
BinVal : 2 21 0.95 0.024367 0.024367
BinVal : 2 22 0.924242 0.0325712 0.0325712
BinVal : 2 23 0.875 0.0477352 0.0477352
BinVal : 2 24 1 0.0309157 0.0309157
BinVal : 2 25 0 0 0
BinVal : 2 26 0 0 0
BinVal : 2 27 0 0 0
BinVal : 2 28 0 0 0
BinVal : 2 29 0 0 0
BinVal : 3 0 0 0 0
BinVal : 3 1 0 0 0
BinVal : 3 2 0 0 0
BinVal : 3 3 0 0 0
BinVal : 3 4 0 0 0
BinVal : 3 5 0.954545 0.0444095 0.0444095
BinVal : 3 6 0.921053 0.0437441 0.0437441
BinVal : 3 7 1 0.0166125 0.0166125
BinVal : 3 8 1 0.0131822 0.0131822
BinVal : 3 9 0.7 0.0724569 0.0724569
BinVal : 3 10 0.840909 0.0551405 0.0551405
BinVal : 3 11 0.709091 0.0612418 0.0612418
BinVal : 3 12 0.973684 0.0259672 0.0259672
BinVal : 3 13 0.779661 0.0539601 0.0539601
BinVal : 3 14 0.960784 0.0271805 0.0271805
BinVal : 3 15 1 0.00980616 0.00980616
BinVal : 3 16 0.875 0.0413399 0.0413399
BinVal : 3 17 0.928571 0.0397392 0.0397392
BinVal : 3 18 0.769231 0.0584273 0.0584273
BinVal : 3 19 0.781818 0.0556905 0.0556905
BinVal : 3 20 0.75 0.0721688 0.0721688
BinVal : 3 21 0.979167 0.0206152 0.0206152
BinVal : 3 22 1 0.0131822 0.0131822
BinVal : 3 23 0.939394 0.041536 0.041536
BinVal : 3 24 0.888889 0.0604812 0.0604812
BinVal : 3 25 0 0 0
BinVal : 3 26 0 0 0
BinVal : 3 27 0 0 0
BinVal : 3 28 0 0 0
BinVal : 3 29 0 0 0
BinVal : 4 0 0 0 0
BinVal : 4 1 0 0 0
BinVal : 4 2 0 0 0
BinVal : 4 3 0 0 0
BinVal : 4 4 0.75 0.216506 0.216506
BinVal : 4 5 0.923077 0.0522589 0.0522589
BinVal : 4 6 1 0.018786 0.018786
BinVal : 4 7 0.945946 0.0371746 0.0371746
BinVal : 4 8 0.942308 0.0323336 0.0323336
BinVal : 4 9 0.666667 0.0860663 0.0860663
BinVal : 4 10 0.804878 0.0618908 0.0618908
BinVal : 4 11 0.742424 0.0538278 0.0538278
BinVal : 4 12 0.787234 0.0596972 0.0596972
BinVal : 4 13 0.964912 0.0243716 0.0243716
BinVal : 4 14 0.883333 0.0414438 0.0414438
BinVal : 4 15 0.928571 0.0307818 0.0307818
BinVal : 4 16 0.794872 0.064659 0.064659
BinVal : 4 17 0.943396 0.0317418 0.0317418
BinVal : 4 18 0.709091 0.0612418 0.0612418
BinVal : 4 19 0.828571 0.0637049 0.0637049
BinVal : 4 20 0.75 0.0652791 0.0652791
BinVal : 4 21 0.980769 0.019045 0.019045
BinVal : 4 22 0.978723 0.021049 0.021049
BinVal : 4 23 1 0.0224566 0.0224566
BinVal : 4 24 0.944444 0.0539903 0.0539903
BinVal : 4 25 0 0 0
BinVal : 4 26 0 0 0
BinVal : 4 27 0 0 0
BinVal : 4 28 0 0 0
BinVal : 4 29 0 0 0
BinVal : 5 0 0 0 0
BinVal : 5 1 0 0 0
BinVal : 5 2 0 0 0
BinVal : 5 3 0 0 0
BinVal : 5 4 0 0 0
BinVal : 5 5 0.928571 0.0688303 0.0688303
BinVal : 5 6 0.90566 0.0401506 0.0401506
BinVal : 5 7 0.947368 0.0295764 0.0295764
BinVal : 5 8 0.964286 0.0202481 0.0202481
BinVal : 5 9 0.891089 0.0309981 0.0309981
BinVal : 5 10 0.857143 0.0398779 0.0398779
BinVal : 5 11 0.816667 0.0353226 0.0353226
BinVal : 5 12 0.836538 0.0362605 0.0362605
BinVal : 5 13 0.898876 0.0319581 0.0319581
BinVal : 5 14 0.9 0.0273861 0.0273861
BinVal : 5 15 0.891892 0.029473 0.029473
BinVal : 5 16 0.873563 0.0356307 0.0356307
BinVal : 5 17 0.770833 0.0428964 0.0428964
BinVal : 5 18 0.834483 0.0308636 0.0308636
BinVal : 5 19 0.814815 0.0431609 0.0431609
BinVal : 5 20 0.809091 0.0374728 0.0374728
BinVal : 5 21 0.882353 0.0390712 0.0390712
BinVal : 5 22 0.776316 0.0478002 0.0478002
BinVal : 5 23 0.895833 0.0440918 0.0440918
BinVal : 5 24 0.666667 0.19245 0.19245
BinVal : 5 25 1 0.218486 0.218486
BinVal : 5 26 0 0 0
BinVal : 5 27 0 0 0
BinVal : 5 28 0 0 0
BinVal : 5 29 0 0 0
BinVal : 6 0 0 0 0
BinVal : 6 1 0 0 0
BinVal : 6 2 0 0 0
BinVal : 6 3 0 0 0
BinVal : 6 4 0 0 0
BinVal : 6 5 1 0.0161462 0.0161462
BinVal : 6 6 0.912281 0.0374692 0.0374692
BinVal : 6 7 0.945946 0.0214628 0.0214628
BinVal : 6 8 0.952 0.0191198 0.0191198
BinVal : 6 9 0.918182 0.0261332 0.0261332
BinVal : 6 10 0.865546 0.0312722 0.0312722
BinVal : 6 11 0.801418 0.0335962 0.0335962
BinVal : 6 12 0.785276 0.0321631 0.0321631
BinVal : 6 13 0.896 0.0273033 0.0273033
BinVal : 6 14 0.837662 0.0297156 0.0297156
BinVal : 6 15 0.909091 0.0231658 0.0231658
BinVal : 6 16 0.875 0.0275599 0.0275599
BinVal : 6 17 0.765625 0.037442 0.037442
BinVal : 6 18 0.832168 0.0312518 0.0312518
BinVal : 6 19 0.839623 0.0356419 0.0356419
BinVal : 6 20 0.931624 0.0233335 0.0233335
BinVal : 6 21 0.953271 0.0204037 0.0204037
BinVal : 6 22 0.932584 0.0265785 0.0265785
BinVal : 6 23 0.886792 0.0435222 0.0435222
BinVal : 6 24 0.9 0.0948683 0.0948683
BinVal : 6 25 0 0 0
BinVal : 6 26 0 0 0
BinVal : 6 27 0 0 0
BinVal : 6 28 0 0 0
BinVal : 6 29 0 0 0
BinVal : 7 0 0 0 0
BinVal : 7 1 0 0 0
BinVal : 7 2 0 0 0
BinVal : 7 3 0 0 0
BinVal : 7 4 1 0.159077 0.159077
BinVal : 7 5 0.980769 0.019045 0.019045
BinVal : 7 6 0.972222 0.0193671 0.0193671
BinVal : 7 7 0.962963 0.0181723 0.0181723
BinVal : 7 8 0.971014 0.0142812 0.0142812
BinVal : 7 9 0.780488 0.0373216 0.0373216
BinVal : 7 10 0.836207 0.0343618 0.0343618
BinVal : 7 11 0.586538 0.0482891 0.0482891
BinVal : 7 12 0.917808 0.0227307 0.0227307
BinVal : 7 13 0.903614 0.0229057 0.0229057
BinVal : 7 14 0.870968 0.0269268 0.0269268
BinVal : 7 15 0.952096 0.016526 0.016526
BinVal : 7 16 0.872093 0.0254662 0.0254662
BinVal : 7 17 0.914894 0.0234994 0.0234994
BinVal : 7 18 0.673759 0.0394832 0.0394832
BinVal : 7 19 0.821138 0.0345553 0.0345553
BinVal : 7 20 0.77193 0.039298 0.039298
BinVal : 7 21 0.966387 0.0165218 0.0165218
BinVal : 7 22 0.984127 0.0111345 0.0111345
BinVal : 7 23 0.934211 0.0284377 0.0284377
BinVal : 7 24 0.952381 0.0328603 0.0328603
BinVal : 7 25 0 0 0
BinVal : 7 26 0 0 0
BinVal : 7 27 0 0 0
BinVal : 7 28 0 0 0
BinVal : 7 29 0 0 0
BinVal : 8 0 0 0 0
BinVal : 8 1 0 0 0
BinVal : 8 2 0 0 0
BinVal : 8 3 0 0 0
BinVal : 8 4 1 0.159077 0.159077
BinVal : 8 5 0.945946 0.0371746 0.0371746
BinVal : 8 6 0.932432 0.0291784 0.0291784
BinVal : 8 7 0.988764 0.0111727 0.0111727
BinVal : 8 8 0.984615 0.0107946 0.0107946
BinVal : 8 9 0.725191 0.0390037 0.0390037
BinVal : 8 10 0.783217 0.0344577 0.0344577
BinVal : 8 11 0.696774 0.0369201 0.0369201
BinVal : 8 12 0.904192 0.0227758 0.0227758
BinVal : 8 13 0.898058 0.0210812 0.0210812
BinVal : 8 14 0.886228 0.0245716 0.0245716
BinVal : 8 15 0.941748 0.0163189 0.0163189
BinVal : 8 16 0.923497 0.0196486 0.0196486
BinVal : 8 17 0.918367 0.022583 0.022583
BinVal : 8 18 0.528986 0.0424912 0.0424912
BinVal : 8 19 0.741722 0.0356185 0.0356185
BinVal : 8 20 0.73913 0.0373794 0.0373794
BinVal : 8 21 0.884615 0.0280207 0.0280207
BinVal : 8 22 0.974138 0.0147371 0.0147371
BinVal : 8 23 0.913043 0.0339213 0.0339213
BinVal : 8 24 0.955556 0.0307207 0.0307207
BinVal : 8 25 0 0 0
BinVal : 8 26 0 0 0
BinVal : 8 27 0 0 0
BinVal : 8 28 0 0 0
BinVal : 8 29 0 0 0
BinVal : 9 0 0 0 0
BinVal : 9 1 0 0 0
BinVal : 9 2 0 0 0
BinVal : 9 3 0 0 0
BinVal : 9 4 0 0 0
BinVal : 9 5 1 0.0157046 0.0157046
BinVal : 9 6 0.971014 0.0201966 0.0201966
BinVal : 9 7 0.954887 0.017997 0.017997
BinVal : 9 8 0.94697 0.0195049 0.0195049
BinVal : 9 9 0.886179 0.0286365 0.0286365
BinVal : 9 10 0.811475 0.0354113 0.0354113
BinVal : 9 11 0.767442 0.0371958 0.0371958
BinVal : 9 12 0.826087 0.0298721 0.0298721
BinVal : 9 13 0.710145 0.0386211 0.0386211
BinVal : 9 14 0.877551 0.0234145 0.0234145
BinVal : 9 15 0.913514 0.0206655 0.0206655
BinVal : 9 16 0.90566 0.0231809 0.0231809
BinVal : 9 17 0.694444 0.0343343 0.0343343
BinVal : 9 18 0.694215 0.0418854 0.0418854
BinVal : 9 19 0.862745 0.0340726 0.0340726
BinVal : 9 20 0.898734 0.0240004 0.0240004
BinVal : 9 21 0.942149 0.0212238 0.0212238
BinVal : 9 22 0.92562 0.0238535 0.0238535
BinVal : 9 23 0.951613 0.027252 0.027252
BinVal : 9 24 0.862069 0.0640329 0.0640329
BinVal : 9 25 0 0 0
BinVal : 9 26 0 0 0
BinVal : 9 27 0 0 0
BinVal : 9 28 0 0 0
BinVal : 9 29 0 0 0
BinVal : 10 0 0 0 0
BinVal : 10 1 0 0 0
BinVal : 10 2 0 0 0
BinVal : 10 3 0 0 0
BinVal : 10 4 0 0 0
BinVal : 10 5 0.869565 0.0702237 0.0702237
BinVal : 10 6 0.932203 0.032729 0.032729
BinVal : 10 7 0.865979 0.0345903 0.0345903
BinVal : 10 8 0.96 0.0195959 0.0195959
BinVal : 10 9 0.782609 0.0608155 0.0608155
BinVal : 10 10 0.736842 0.0583254 0.0583254
BinVal : 10 11 0.636364 0.0837393 0.0837393
BinVal : 10 12 0.875 0.03125 0.03125
BinVal : 10 13 0.906977 0.025574 0.025574
BinVal : 10 14 0.911392 0.0226079 0.0226079
BinVal : 10 15 0.896774 0.0244382 0.0244382
BinVal : 10 16 0.898551 0.0257014 0.0257014
BinVal : 10 17 0.777778 0.0400046 0.0400046
BinVal : 10 18 0.53125 0.0882155 0.0882155
BinVal : 10 19 0.711864 0.0589618 0.0589618
BinVal : 10 20 0.878049 0.0511047 0.0511047
BinVal : 10 21 0.903704 0.0253893 0.0253893
BinVal : 10 22 0.891089 0.0309981 0.0309981
BinVal : 10 23 0.894737 0.0406489 0.0406489
BinVal : 10 24 0.9375 0.0427908 0.0427908
BinVal : 10 25 0 0 0
BinVal : 10 26 0 0 0
BinVal : 10 27 0 0 0
BinVal : 10 28 0 0 0
BinVal : 10 29 0 0 0
BinVal : 11 0 0 0 0
BinVal : 11 1 0 0 0
BinVal : 11 2 0 0 0
BinVal : 11 3 0 0 0
BinVal : 11 4 0.75 0.216506 0.216506
BinVal : 11 5 0.938776 0.0342488 0.0342488
BinVal : 11 6 0.985507 0.0143874 0.0143874
BinVal : 11 7 0.98 0.014 0.014
BinVal : 11 8 0.961165 0.0190367 0.0190367
BinVal : 11 9 0.5 0.353553 0.353553
BinVal : 11 10 0 0 0
BinVal : 11 11 0 0 0
BinVal : 11 12 1 0.218486 0.218486
BinVal : 11 13 0 0 0
BinVal : 11 14 0 0 0
BinVal : 11 15 0 0 0
BinVal : 11 16 0 0 0
BinVal : 11 17 0 0 0
BinVal : 11 18 0 0 0
BinVal : 11 19 0 0 0
BinVal : 11 20 0 0 0
BinVal : 11 21 0.897436 0.0280483 0.0280483
BinVal : 11 22 0.919192 0.0273913 0.0273913
BinVal : 11 23 0.976744 0.0229838 0.0229838
BinVal : 11 24 0.883721 0.0488848 0.0488848
BinVal : 11 25 1 0.0871301 0.0871301
BinVal : 11 26 0 0 0
BinVal : 11 27 0 0 0
BinVal : 11 28 0 0 0
BinVal : 11 29 0 0 0
BinVal : 12 0 0 0 0
BinVal : 12 1 0 0 0
BinVal : 12 2 0 0 0
BinVal : 12 3 0 0 0
BinVal : 12 4 1 0.0756803 0.0756803
BinVal : 12 5 0.946429 0.0300896 0.0300896
BinVal : 12 6 0.840909 0.0389902 0.0389902
BinVal : 12 7 0.885417 0.0325087 0.0325087
BinVal : 12 8 0.845238 0.0394623 0.0394623
BinVal : 12 9 0 0 0
BinVal : 12 10 0 0 0
BinVal : 12 11 0 0 0
BinVal : 12 12 0 0 0
BinVal : 12 13 0 0 0
BinVal : 12 14 0 0 0
BinVal : 12 15 1 0.218486 0.218486
BinVal : 12 16 0 0 0
BinVal : 12 17 0 0 0
BinVal : 12 18 0 0 0
BinVal : 12 19 0 0 0
BinVal : 12 20 0 0 0
BinVal : 12 21 0.875 0.0352548 0.0352548
BinVal : 12 22 0.958333 0.0182416 0.0182416
BinVal : 12 23 0.963855 0.0204875 0.0204875
BinVal : 12 24 0.942308 0.0323336 0.0323336
BinVal : 12 25 1 0.0756803 0.0756803
BinVal : 12 26 0 0 0
BinVal : 12 27 0 0 0
BinVal : 12 28 0 0 0
BinVal : 12 29 0 0 0
BinVal : 13 0 0 0 0
BinVal : 13 1 0 0 0
BinVal : 13 2 0 0 0
BinVal : 13 3 0 0 0
BinVal : 13 4 1 0.218486 0.218486
BinVal : 13 5 0.886364 0.0478452 0.0478452
BinVal : 13 6 0.896104 0.0347723 0.0347723
BinVal : 13 7 0.803922 0.0393117 0.0393117
BinVal : 13 8 0.912409 0.0241526 0.0241526
BinVal : 13 9 0.894737 0.0497845 0.0497845
BinVal : 13 10 0.654545 0.0641186 0.0641186
BinVal : 13 11 0.419355 0.0886269 0.0886269
BinVal : 13 12 0.700787 0.0406332 0.0406332
BinVal : 13 13 0.854962 0.0307666 0.0307666
BinVal : 13 14 0.920245 0.0212195 0.0212195
BinVal : 13 15 0.913043 0.0222067 0.0222067
BinVal : 13 16 0.886076 0.0252764 0.0252764
BinVal : 13 17 0.747826 0.040495 0.040495
BinVal : 13 18 0.481481 0.096159 0.096159
BinVal : 13 19 0.7 0.0547723 0.0547723
BinVal : 13 20 0.903846 0.0408817 0.0408817
BinVal : 13 21 0.937984 0.021235 0.021235
BinVal : 13 22 0.916667 0.0301561 0.0301561
BinVal : 13 23 0.968254 0.0220886 0.0220886
BinVal : 13 24 0.9 0.0547723 0.0547723
BinVal : 13 25 1 0.218486 0.218486
BinVal : 13 26 0 0 0
BinVal : 13 27 0 0 0
BinVal : 13 28 0 0 0
BinVal : 13 29 0 0 0
BinVal : 14 0 0 0 0
BinVal : 14 1 0 0 0
BinVal : 14 2 0 0 0
BinVal : 14 3 0 0 0
BinVal : 14 4 0 0 0
BinVal : 14 5 0.904762 0.0640564 0.0640564
BinVal : 14 6 0.964286 0.0247988 0.0247988
BinVal : 14 7 0.855556 0.0370556 0.0370556
BinVal : 14 8 0.989474 0.0104708 0.0104708
BinVal : 14 9 0.942149 0.0212238 0.0212238
BinVal : 14 10 0.857143 0.035348 0.035348
BinVal : 14 11 0.764228 0.0382741 0.0382741
BinVal : 14 12 0.7 0.0374166 0.0374166
BinVal : 14 13 0.875 0.0292317 0.0292317
BinVal : 14 14 0.933333 0.0185924 0.0185924
BinVal : 14 15 0.773256 0.0319275 0.0319275
BinVal : 14 16 0.787037 0.0393947 0.0393947
BinVal : 14 17 0.730769 0.0328789 0.0328789
BinVal : 14 18 0.66187 0.0401255 0.0401255
BinVal : 14 19 0.796296 0.0387548 0.0387548
BinVal : 14 20 0.959677 0.0176655 0.0176655
BinVal : 14 21 0.927419 0.023299 0.023299
BinVal : 14 22 0.959184 0.0199873 0.0199873
BinVal : 14 23 0.914634 0.0308574 0.0308574
BinVal : 14 24 0.90625 0.051527 0.051527
BinVal : 14 25 1 0.218486 0.218486
BinVal : 14 26 0 0 0
BinVal : 14 27 0 0 0
BinVal : 14 28 0 0 0
BinVal : 14 29 0 0 0
BinVal : 15 0 0 0 0
BinVal : 15 1 0 0 0
BinVal : 15 2 0 0 0
BinVal : 15 3 0 0 0
BinVal : 15 4 1 0.102643 0.102643
BinVal : 15 5 0.981132 0.0186891 0.0186891
BinVal : 15 6 0.975904 0.0168322 0.0168322
BinVal : 15 7 0.963636 0.0178482 0.0178482
BinVal : 15 8 0.952381 0.0175646 0.0175646
BinVal : 15 9 0.682927 0.041958 0.041958
BinVal : 15 10 0.834586 0.0322178 0.0322178
BinVal : 15 11 0.787671 0.0338455 0.0338455
BinVal : 15 12 0.923077 0.0233709 0.0233709
BinVal : 15 13 0.911243 0.0218764 0.0218764
BinVal : 15 14 0.970588 0.0129585 0.0129585
BinVal : 15 15 0.978495 0.0106364 0.0106364
BinVal : 15 16 0.868966 0.0280227 0.0280227
BinVal : 15 17 0.868966 0.0280227 0.0280227
BinVal : 15 18 0.560241 0.0385248 0.0385248
BinVal : 15 19 0.735294 0.0378306 0.0378306
BinVal : 15 20 0.688 0.0414397 0.0414397
BinVal : 15 21 0.951219 0.0194228 0.0194228
BinVal : 15 22 0.925234 0.0254265 0.0254265
BinVal : 15 23 0.928571 0.0260154 0.0260154
BinVal : 15 24 0.836364 0.0498834 0.0498834
BinVal : 15 25 1 0.218486 0.218486
BinVal : 15 26 0 0 0
BinVal : 15 27 0 0 0
BinVal : 15 28 0 0 0
BinVal : 15 29 0 0 0


Comments : includes prescale inefficiency, cosmic veto applied 
EffMethod : TagAndProbe 
EffName : eff 
EffType : Binned 
EffVarNames : phi deteta 
EffVersion : 3 
ObjQuality : MuFromMuJetsOR 
ObjRelativeTo : mediumnseg3_tracktight_iso_NPTight 
ObjType : Muon 
ObjVersion : 1 
RunRangeHigh : -1 
RunRangeLow : -1 
TriggerVersionHigh : 15.99 
TriggerVersionLow : 15.9 
BinEdgesX : 0 0.3927 0.7854 1.1781 1.5708 1.9635 2.3562 2.7489 3.1416 3.5343 3.927 4.3197 4.7124 5.1051 5.4978 5.8905 6.2832 
BinEdgesY : -3 -2.8 -2.6 -2.4 -2.2 -2 -1.8 -1.6 -1.4 -1.2 -1 -0.8 -0.6 -0.4 -0.2 0 0.2 0.4 0.6 0.8 1 1.2 1.4 1.6 1.8 2 2.2 2.4 2.6 2.8 3 
BinVal : 0 0 0 0 0
BinVal : 0 1 0 0 0
BinVal : 0 2 0 0 0
BinVal : 0 3 0 0 0
BinVal : 0 4 1 0.218486 0.218486
BinVal : 0 5 0.972222 0.0273893 0.0273893
BinVal : 0 6 0.98 0.019799 0.019799
BinVal : 0 7 0.986111 0.0137921 0.0137921
BinVal : 0 8 1 0.00731039 0.00731039
BinVal : 0 9 0.744186 0.0470494 0.0470494
BinVal : 0 10 0.666667 0.0544331 0.0544331
BinVal : 0 11 0.577778 0.0520631 0.0520631
BinVal : 0 12 0.747475 0.043665 0.043665
BinVal : 0 13 0.765766 0.0401987 0.0401987
BinVal : 0 14 0.733333 0.0431559 0.0431559
BinVal : 0 15 0.696078 0.0455418 0.0455418
BinVal : 0 16 0.793478 0.0422043 0.0422043
BinVal : 0 17 0.6 0.0531369 0.0531369
BinVal : 0 18 0.622222 0.0511057 0.0511057
BinVal : 0 19 0.695652 0.0553932 0.0553932
BinVal : 0 20 0.7125 0.0506018 0.0506018
BinVal : 0 21 0.986486 0.0134219 0.0134219
BinVal : 0 22 0.967213 0.0228006 0.0228006
BinVal : 0 23 0.959184 0.0282664 0.0282664
BinVal : 0 24 0.96875 0.0307578 0.0307578
BinVal : 0 25 1 0.159077 0.159077
BinVal : 0 26 0 0 0
BinVal : 0 27 0 0 0
BinVal : 0 28 0 0 0
BinVal : 0 29 0 0 0
BinVal : 1 0 0 0 0
BinVal : 1 1 0 0 0
BinVal : 1 2 0 0 0
BinVal : 1 3 0 0 0
BinVal : 1 4 0 0 0
BinVal : 1 5 1 0.039392 0.039392
BinVal : 1 6 0.951219 0.0336412 0.0336412
BinVal : 1 7 0.958333 0.0288424 0.0288424
BinVal : 1 8 0.981818 0.0180158 0.0180158
BinVal : 1 9 0.984615 0.0152658 0.0152658
BinVal : 1 10 0.714286 0.0645363 0.0645363
BinVal : 1 11 0.8 0.0516398 0.0516398
BinVal : 1 12 0.703125 0.0571101 0.0571101
BinVal : 1 13 0.735849 0.0605595 0.0605595
BinVal : 1 14 0.793103 0.0434292 0.0434292
BinVal : 1 15 0.772152 0.0471911 0.0471911
BinVal : 1 16 0.8 0.0516398 0.0516398
BinVal : 1 17 0.779221 0.0472676 0.0472676
BinVal : 1 18 0.676923 0.0580051 0.0580051
BinVal : 1 19 0.791667 0.0586179 0.0586179
BinVal : 1 20 0.90625 0.0364351 0.0364351
BinVal : 1 21 0.978723 0.021049 0.021049
BinVal : 1 22 0.977778 0.0219739 0.0219739
BinVal : 1 23 0.9 0.0547723 0.0547723
BinVal : 1 24 1 0.0233703 0.0233703
BinVal : 1 25 0 0 0
BinVal : 1 26 0 0 0
BinVal : 1 27 0 0 0
BinVal : 1 28 0 0 0
BinVal : 1 29 0 0 0
BinVal : 2 0 0 0 0
BinVal : 2 1 0 0 0
BinVal : 2 2 0 0 0
BinVal : 2 3 0 0 0
BinVal : 2 4 0 0 0
BinVal : 2 5 1 0.0495858 0.0495858
BinVal : 2 6 0.9375 0.0605154 0.0605154
BinVal : 2 7 0.904762 0.0640564 0.0640564
BinVal : 2 8 0.931035 0.0470544 0.0470544
BinVal : 2 9 0.9375 0.0427908 0.0427908
BinVal : 2 10 0.869565 0.0702237 0.0702237
BinVal : 2 11 0.921053 0.0437441 0.0437441
BinVal : 2 12 0.870968 0.0602101 0.0602101
BinVal : 2 13 0.766667 0.0772202 0.0772202
BinVal : 2 14 0.945946 0.0371746 0.0371746
BinVal : 2 15 0.878049 0.0511047 0.0511047
BinVal : 2 16 0.918919 0.0448743 0.0448743
BinVal : 2 17 0.756757 0.0705339 0.0705339
BinVal : 2 18 0.861111 0.0576384 0.0576384
BinVal : 2 19 0.884615 0.0626563 0.0626563
BinVal : 2 20 0.935484 0.0441237 0.0441237
BinVal : 2 21 0.857143 0.06613 0.06613
BinVal : 2 22 0.846154 0.0707589 0.0707589
BinVal : 2 23 0.923077 0.0739053 0.0739053
BinVal : 2 24 0.75 0.216506 0.216506
BinVal : 2 25 0 0 0
BinVal : 2 26 0 0 0
BinVal : 2 27 0 0 0
BinVal : 2 28 0 0 0
BinVal : 2 29 0 0 0
BinVal : 3 0 0 0 0
BinVal : 3 1 0 0 0
BinVal : 3 2 0 0 0
BinVal : 3 3 0 0 0
BinVal : 3 4 0 0 0
BinVal : 3 5 1 0.124824 0.124824
BinVal : 3 6 0.75 0.216506 0.216506
BinVal : 3 7 1 0.0346427 0.0346427
BinVal : 3 8 1 0.039392 0.039392
BinVal : 3 9 0.625 0.121031 0.121031
BinVal : 3 10 1 0.0756803 0.0756803
BinVal : 3 11 0.916667 0.0797856 0.0797856
BinVal : 3 12 1 0.0599198 0.0599198
BinVal : 3 13 0.8 0.126491 0.126491
BinVal : 3 14 0.941176 0.0570672 0.0570672
BinVal : 3 15 1 0.0456491 0.0456491
BinVal : 3 16 0.875 0.116927 0.116927
BinVal : 3 17 1 0.0326734 0.0326734
BinVal : 3 18 0.818182 0.116291 0.116291
BinVal : 3 19 0.636364 0.145041 0.145041
BinVal : 3 20 0.75 0.153093 0.153093
BinVal : 3 21 0.866667 0.0877707 0.0877707
BinVal : 3 22 1 0.0368657 0.0368657
BinVal : 3 23 1 0.0668855 0.0668855
BinVal : 3 24 1 0.0495858 0.0495858
BinVal : 3 25 0 0 0
BinVal : 3 26 0 0 0
BinVal : 3 27 0 0 0
BinVal : 3 28 0 0 0
BinVal : 3 29 0 0 0
BinVal : 4 0 0 0 0
BinVal : 4 1 0 0 0
BinVal : 4 2 0 0 0
BinVal : 4 3 0 0 0
BinVal : 4 4 0 0 0
BinVal : 4 5 0.666667 0.272166 0.272166
BinVal : 4 6 1 0.159077 0.159077
BinVal : 4 7 1 0.0756803 0.0756803
BinVal : 4 8 0.909091 0.0866784 0.0866784
BinVal : 4 9 0.923077 0.0739053 0.0739053
BinVal : 4 10 1 0.0871301 0.0871301
BinVal : 4 11 1 0.0756803 0.0756803
BinVal : 4 12 0.833333 0.152145 0.152145
BinVal : 4 13 0.904762 0.0640564 0.0640564
BinVal : 4 14 1 0.0456491 0.0456491
BinVal : 4 15 0.923077 0.0739053 0.0739053
BinVal : 4 16 1 0.0756803 0.0756803
BinVal : 4 17 0.888889 0.104757 0.104757
BinVal : 4 18 0.666667 0.157135 0.157135
BinVal : 4 19 0.75 0.153093 0.153093
BinVal : 4 20 0.888889 0.104757 0.104757
BinVal : 4 21 1 0.124824 0.124824
BinVal : 4 22 0.909091 0.0866784 0.0866784
BinVal : 4 23 0.857143 0.13226 0.13226
BinVal : 4 24 1 0.159077 0.159077
BinVal : 4 25 0 0 0
BinVal : 4 26 0 0 0
BinVal : 4 27 0 0 0
BinVal : 4 28 0 0 0
BinVal : 4 29 0 0 0
BinVal : 5 0 0 0 0
BinVal : 5 1 0 0 0
BinVal : 5 2 0 0 0
BinVal : 5 3 0 0 0
BinVal : 5 4 0 0 0
BinVal : 5 5 1 0.0756803 0.0756803
BinVal : 5 6 0.833333 0.107583 0.107583
BinVal : 5 7 1 0.0293374 0.0293374
BinVal : 5 8 0.941176 0.0570672 0.0570672
BinVal : 5 9 0.913043 0.0587534 0.0587534
BinVal : 5 10 0.789474 0.0935288 0.0935288
BinVal : 5 11 0.85 0.0798436 0.0798436
BinVal : 5 12 0.852941 0.0607387 0.0607387
BinVal : 5 13 0.896552 0.0565523 0.0565523
BinVal : 5 14 0.928571 0.0486704 0.0486704
BinVal : 5 15 0.972973 0.0266593 0.0266593
BinVal : 5 16 0.958333 0.0407894 0.0407894
BinVal : 5 17 0.666667 0.096225 0.096225
BinVal : 5 18 0.78125 0.0730792 0.0730792
BinVal : 5 19 0.705882 0.11051 0.11051
BinVal : 5 20 1 0.0233703 0.0233703
BinVal : 5 21 1 0.0542655 0.0542655
BinVal : 5 22 1 0.0346427 0.0346427
BinVal : 5 23 0.777778 0.13858 0.13858
BinVal : 5 24 1 0.159077 0.159077
BinVal : 5 25 0 0 0
BinVal : 5 26 0 0 0
BinVal : 5 27 0 0 0
BinVal : 5 28 0 0 0
BinVal : 5 29 0 0 0
BinVal : 6 0 0 0 0
BinVal : 6 1 0 0 0
BinVal : 6 2 0 0 0
BinVal : 6 3 0 0 0
BinVal : 6 4 0 0 0
BinVal : 6 5 0.85 0.0798436 0.0798436
BinVal : 6 6 0.96875 0.0307578 0.0307578
BinVal : 6 7 0.96 0.0277128 0.0277128
BinVal : 6 8 1 0.0118251 0.0118251
BinVal : 6 9 0.939394 0.0293704 0.0293704
BinVal : 6 10 0.736842 0.0714338 0.0714338
BinVal : 6 11 0.868852 0.0432203 0.0432203
BinVal : 6 12 0.704918 0.058395 0.058395
BinVal : 6 13 0.893939 0.0379017 0.0379017
BinVal : 6 14 0.850746 0.0435337 0.0435337
BinVal : 6 15 0.964286 0.0247988 0.0247988
BinVal : 6 16 0.947368 0.0295764 0.0295764
BinVal : 6 17 0.815385 0.0481236 0.0481236
BinVal : 6 18 0.833333 0.0439205 0.0439205
BinVal : 6 19 0.767442 0.064425 0.064425
BinVal : 6 20 0.963636 0.0252411 0.0252411
BinVal : 6 21 0.930233 0.0388497 0.0388497
BinVal : 6 22 1 0.0131822 0.0131822
BinVal : 6 23 0.84 0.0733212 0.0733212
BinVal : 6 24 1 0.0668855 0.0668855
BinVal : 6 25 0 0 0
BinVal : 6 26 0 0 0
BinVal : 6 27 0 0 0
BinVal : 6 28 0 0 0
BinVal : 6 29 0 0 0
BinVal : 7 0 0 0 0
BinVal : 7 1 0 0 0
BinVal : 7 2 0 0 0
BinVal : 7 3 0 0 0
BinVal : 7 4 0 0 0
BinVal : 7 5 0.962963 0.0363447 0.0363447
BinVal : 7 6 1 0.0128865 0.0128865
BinVal : 7 7 0.983607 0.0162585 0.0162585
BinVal : 7 8 0.969697 0.0211003 0.0211003
BinVal : 7 9 0.721311 0.0574058 0.0574058
BinVal : 7 10 0.828571 0.0450461 0.0450461
BinVal : 7 11 0.708333 0.0535668 0.0535668
BinVal : 7 12 0.910714 0.0381055 0.0381055
BinVal : 7 13 0.918605 0.0294859 0.0294859
BinVal : 7 14 0.92437 0.024238 0.024238
BinVal : 7 15 0.95283 0.0205914 0.0205914
BinVal : 7 16 0.894118 0.0333733 0.0333733
BinVal : 7 17 0.942029 0.0281328 0.0281328
BinVal : 7 18 0.809524 0.0494726 0.0494726
BinVal : 7 19 0.852459 0.0454076 0.0454076
BinVal : 7 20 0.73494 0.0484461 0.0484461
BinVal : 7 21 0.958333 0.0235498 0.0235498
BinVal : 7 22 0.963636 0.0252411 0.0252411
BinVal : 7 23 0.911765 0.0486433 0.0486433
BinVal : 7 24 1 0.0216126 0.0216126
BinVal : 7 25 1 0.218486 0.218486
BinVal : 7 26 0 0 0
BinVal : 7 27 0 0 0
BinVal : 7 28 0 0 0
BinVal : 7 29 0 0 0
BinVal : 8 0 0 0 0
BinVal : 8 1 0 0 0
BinVal : 8 2 0 0 0
BinVal : 8 3 0 0 0
BinVal : 8 4 0 0 0
BinVal : 8 5 1 0.0243611 0.0243611
BinVal : 8 6 1 0.0111375 0.0111375
BinVal : 8 7 0.964912 0.0243716 0.0243716
BinVal : 8 8 1 0.00917959 0.00917959
BinVal : 8 9 0.8 0.053936 0.053936
BinVal : 8 10 0.918367 0.0391149 0.0391149
BinVal : 8 11 0.786667 0.0473036 0.0473036
BinVal : 8 12 0.85 0.0460977 0.0460977
BinVal : 8 13 0.891892 0.0360969 0.0360969
BinVal : 8 14 0.84375 0.0370579 0.0370579
BinVal : 8 15 0.918367 0.0276584 0.0276584
BinVal : 8 16 0.890244 0.0345193 0.0345193
BinVal : 8 17 0.893939 0.0379017 0.0379017
BinVal : 8 18 0.744898 0.0440344 0.0440344
BinVal : 8 19 0.816667 0.0499537 0.0499537
BinVal : 8 20 0.75 0.0541266 0.0541266
BinVal : 8 21 0.901408 0.0353795 0.0353795
BinVal : 8 22 0.943396 0.0317418 0.0317418
BinVal : 8 23 0.979167 0.0206152 0.0206152
BinVal : 8 24 1 0.0254407 0.0254407
BinVal : 8 25 0 0 0
BinVal : 8 26 0 0 0
BinVal : 8 27 0 0 0
BinVal : 8 28 0 0 0
BinVal : 8 29 0 0 0
BinVal : 9 0 0 0 0
BinVal : 9 1 0 0 0
BinVal : 9 2 0 0 0
BinVal : 9 3 0 0 0
BinVal : 9 4 0 0 0
BinVal : 9 5 1 0.0599198 0.0599198
BinVal : 9 6 1 0.0181909 0.0181909
BinVal : 9 7 0.941176 0.0329478 0.0329478
BinVal : 9 8 0.955556 0.0307207 0.0307207
BinVal : 9 9 0.901639 0.0381296 0.0381296
BinVal : 9 10 0.787879 0.0711647 0.0711647
BinVal : 9 11 0.735294 0.0756611 0.0756611
BinVal : 9 12 0.80597 0.0483121 0.0483121
BinVal : 9 13 0.607843 0.0683661 0.0683661
BinVal : 9 14 0.880597 0.0396149 0.0396149
BinVal : 9 15 0.907895 0.0331706 0.0331706
BinVal : 9 16 0.822222 0.0569937 0.0569937
BinVal : 9 17 0.728814 0.0578784 0.0578784
BinVal : 9 18 0.684211 0.0615682 0.0615682
BinVal : 9 19 0.735294 0.0756611 0.0756611
BinVal : 9 20 0.964286 0.0247988 0.0247988
BinVal : 9 21 0.909091 0.0433392 0.0433392
BinVal : 9 22 0.958333 0.0288424 0.0288424
BinVal : 9 23 1 0.0279117 0.0279117
BinVal : 9 24 0.833333 0.152145 0.152145
BinVal : 9 25 0 0 0
BinVal : 9 26 0 0 0
BinVal : 9 27 0 0 0
BinVal : 9 28 0 0 0
BinVal : 9 29 0 0 0
BinVal : 10 0 0 0 0
BinVal : 10 1 0 0 0
BinVal : 10 2 0 0 0
BinVal : 10 3 0 0 0
BinVal : 10 4 0 0 0
BinVal : 10 5 1 0.0871301 0.0871301
BinVal : 10 6 1 0.0309157 0.0309157
BinVal : 10 7 0.966667 0.0327731 0.0327731
BinVal : 10 8 0.951219 0.0336412 0.0336412
BinVal : 10 9 1 0.0422902 0.0422902
BinVal : 10 10 0.5 0.1066 0.1066
BinVal : 10 11 0.333333 0.19245 0.19245
BinVal : 10 12 0.758621 0.0794627 0.0794627
BinVal : 10 13 0.911111 0.0424232 0.0424232
BinVal : 10 14 0.907407 0.039445 0.039445
BinVal : 10 15 0.924528 0.0362839 0.0362839
BinVal : 10 16 0.885714 0.0537785 0.0537785
BinVal : 10 17 0.761905 0.0929429 0.0929429
BinVal : 10 18 0.6 0.154919 0.154919
BinVal : 10 19 0.727273 0.0949515 0.0949515
BinVal : 10 20 0.904762 0.0640564 0.0640564
BinVal : 10 21 1 0.0128865 0.0128865
BinVal : 10 22 0.925926 0.050401 0.050401
BinVal : 10 23 1 0.0201001 0.0201001
BinVal : 10 24 0.923077 0.0739053 0.0739053
BinVal : 10 25 0 0 0
BinVal : 10 26 0 0 0
BinVal : 10 27 0 0 0
BinVal : 10 28 0 0 0
BinVal : 10 29 0 0 0
BinVal : 11 0 0 0 0
BinVal : 11 1 0 0 0
BinVal : 11 2 0 0 0
BinVal : 11 3 0 0 0
BinVal : 11 4 1 0.218486 0.218486
BinVal : 11 5 0.888889 0.104757 0.104757
BinVal : 11 6 1 0.0542655 0.0542655
BinVal : 11 7 1 0.0141568 0.0141568
BinVal : 11 8 1 0.0279117 0.0279117
BinVal : 11 9 0 0 0
BinVal : 11 10 0 0 0
BinVal : 11 11 0 0 0
BinVal : 11 12 0 0 0
BinVal : 11 13 0 0 0
BinVal : 11 14 0 0 0
BinVal : 11 15 0 0 0
BinVal : 11 16 0 0 0
BinVal : 11 17 0 0 0
BinVal : 11 18 0 0 0
BinVal : 11 19 0 0 0
BinVal : 11 20 0 0 0
BinVal : 11 21 1 0.0224566 0.0224566
BinVal : 11 22 0.964286 0.0350707 0.0350707
BinVal : 11 23 0.909091 0.0866784 0.0866784
BinVal : 11 24 1 0.0542655 0.0542655
BinVal : 11 25 1 0.218486 0.218486
BinVal : 11 26 0 0 0
BinVal : 11 27 0 0 0
BinVal : 11 28 0 0 0
BinVal : 11 29 0 0 0
BinVal : 12 0 0 0 0
BinVal : 12 1 0 0 0
BinVal : 12 2 0 0 0
BinVal : 12 3 0 0 0
BinVal : 12 4 0 0 0
BinVal : 12 5 0.923077 0.0739053 0.0739053
BinVal : 12 6 1 0.0326734 0.0326734
BinVal : 12 7 0.923077 0.0739053 0.0739053
BinVal : 12 8 0.933333 0.0644061 0.0644061
BinVal : 12 9 0 0 0
BinVal : 12 10 0 0 0
BinVal : 12 11 0 0 0
BinVal : 12 12 0 0 0
BinVal : 12 13 0 0 0
BinVal : 12 14 0 0 0
BinVal : 12 15 0 0 0
BinVal : 12 16 0 0 0
BinVal : 12 17 0 0 0
BinVal : 12 18 0 0 0
BinVal : 12 19 0 0 0
BinVal : 12 20 0 0 0
BinVal : 12 21 0.823529 0.0924594 0.0924594
BinVal : 12 22 0.884615 0.0626563 0.0626563
BinVal : 12 23 0.916667 0.0797856 0.0797856
BinVal : 12 24 1 0.0599198 0.0599198
BinVal : 12 25 1 0.218486 0.218486
BinVal : 12 26 0 0 0
BinVal : 12 27 0 0 0
BinVal : 12 28 0 0 0
BinVal : 12 29 0 0 0
BinVal : 13 0 0 0 0
BinVal : 13 1 0 0 0
BinVal : 13 2 0 0 0
BinVal : 13 3 0 0 0
BinVal : 13 4 0 0 0
BinVal : 13 5 1 0.0756803 0.0756803
BinVal : 13 6 0.944444 0.0539903 0.0539903
BinVal : 13 7 0.911765 0.0486433 0.0486433
BinVal : 13 8 0.931035 0.0470544 0.0470544
BinVal : 13 9 1 0.0668855 0.0668855
BinVal : 13 10 0.875 0.0826797 0.0826797
BinVal : 13 11 0.625 0.171163 0.171163
BinVal : 13 12 0.705882 0.11051 0.11051
BinVal : 13 13 0.911765 0.0486433 0.0486433
BinVal : 13 14 0.875 0.0584634 0.0584634
BinVal : 13 15 0.882353 0.0552551 0.0552551
BinVal : 13 16 0.962963 0.0363447 0.0363447
BinVal : 13 17 0.6 0.0894427 0.0894427
BinVal : 13 18 0.625 0.171163 0.171163
BinVal : 13 19 0.791667 0.0828982 0.0828982
BinVal : 13 20 1 0.0871301 0.0871301
BinVal : 13 21 0.911765 0.0486433 0.0486433
BinVal : 13 22 0.964286 0.0350707 0.0350707
BinVal : 13 23 1 0.0422902 0.0422902
BinVal : 13 24 0.75 0.216506 0.216506
BinVal : 13 25 0 0 0
BinVal : 13 26 0 0 0
BinVal : 13 27 0 0 0
BinVal : 13 28 0 0 0
BinVal : 13 29 0 0 0
BinVal : 14 0 0 0 0
BinVal : 14 1 0 0 0
BinVal : 14 2 0 0 0
BinVal : 14 3 0 0 0
BinVal : 14 4 0 0 0
BinVal : 14 5 1 0.0495858 0.0495858
BinVal : 14 6 0.891892 0.0510487 0.0510487
BinVal : 14 7 0.952381 0.0328603 0.0328603
BinVal : 14 8 0.88 0.0459565 0.0459565
BinVal : 14 9 0.893617 0.0449741 0.0449741
BinVal : 14 10 0.877551 0.0468291 0.0468291
BinVal : 14 11 0.746032 0.0548401 0.0548401
BinVal : 14 12 0.722222 0.0609519 0.0609519
BinVal : 14 13 0.923077 0.0369527 0.0369527
BinVal : 14 14 0.888889 0.037037 0.037037
BinVal : 14 15 0.873239 0.0394848 0.0394848
BinVal : 14 16 0.902439 0.0463399 0.0463399
BinVal : 14 17 0.722222 0.0609519 0.0609519
BinVal : 14 18 0.697674 0.0700373 0.0700373
BinVal : 14 19 0.769231 0.067466 0.067466
BinVal : 14 20 0.929825 0.0338342 0.0338342
BinVal : 14 21 0.959184 0.0282664 0.0282664
BinVal : 14 22 0.957447 0.0294425 0.0294425
BinVal : 14 23 0.875 0.0584634 0.0584634
BinVal : 14 24 0.923077 0.0739053 0.0739053
BinVal : 14 25 0 0 0
BinVal : 14 26 0 0 0
BinVal : 14 27 0 0 0
BinVal : 14 28 0 0 0
BinVal : 14 29 0 0 0
BinVal : 15 0 0 0 0
BinVal : 15 1 0 0 0
BinVal : 15 2 0 0 0
BinVal : 15 3 0 0 0
BinVal : 15 4 0 0 0
BinVal : 15 5 1 0.0194201 0.0194201
BinVal : 15 6 0.913043 0.0415449 0.0415449
BinVal : 15 7 0.983051 0.0168049 0.0168049
BinVal : 15 8 0.938462 0.0298075 0.0298075
BinVal : 15 9 0.612903 0.06186 0.06186
BinVal : 15 10 0.892308 0.0384497 0.0384497
BinVal : 15 11 0.759615 0.0419019 0.0419019
BinVal : 15 12 0.927711 0.0284252 0.0284252
BinVal : 15 13 0.89899 0.030286 0.030286
BinVal : 15 14 0.992188 0.00778192 0.00778192
BinVal : 15 15 0.92381 0.0258909 0.0258909
BinVal : 15 16 0.898876 0.0319581 0.0319581
BinVal : 15 17 0.926471 0.0316513 0.0316513
BinVal : 15 18 0.708738 0.0447678 0.0447678
BinVal : 15 19 0.877193 0.0434732 0.0434732
BinVal : 15 20 0.710526 0.0520221 0.0520221
BinVal : 15 21 0.972222 0.0193671 0.0193671
BinVal : 15 22 0.965517 0.0239589 0.0239589
BinVal : 15 23 1 0.0148902 0.0148902
BinVal : 15 24 0.971429 0.0281603 0.0281603
BinVal : 15 25 1 0.159077 0.159077
BinVal : 15 26 0 0 0
BinVal : 15 27 0 0 0
BinVal : 15 28 0 0 0
BinVal : 15 29 0 0 0


Comments : includes prescale inefficiency, cosmic veto applied 
EffMethod : TagAndProbe 
EffName : eff 
EffType : Binned 
EffVarNames : phi deteta 
EffVersion : 3 
ObjQuality : MuFromMuJetsOR 
ObjRelativeTo : mediumnseg3_tracktight_iso_NPTight 
ObjType : Muon 
ObjVersion : 1 
RunRangeHigh : -1 
RunRangeLow : -1 
TriggerVersionHigh : 16.1 
TriggerVersionLow : 16 
BinEdgesX : 0 0.3927 0.7854 1.1781 1.5708 1.9635 2.3562 2.7489 3.1416 3.5343 3.927 4.3197 4.7124 5.1051 5.4978 5.8905 6.2832 
BinEdgesY : -3 -2.8 -2.6 -2.4 -2.2 -2 -1.8 -1.6 -1.4 -1.2 -1 -0.8 -0.6 -0.4 -0.2 0 0.2 0.4 0.6 0.8 1 1.2 1.4 1.6 1.8 2 2.2 2.4 2.6 2.8 3 
BinVal : 0 0 0 0 0
BinVal : 0 1 0 0 0
BinVal : 0 2 0 0 0
BinVal : 0 3 0 0 0
BinVal : 0 4 1 0.218486 0.218486
BinVal : 0 5 0.96 0.0277128 0.0277128
BinVal : 0 6 0.945652 0.0236354 0.0236354
BinVal : 0 7 0.982143 0.0125137 0.0125137
BinVal : 0 8 0.989899 0.0100499 0.0100499
BinVal : 0 9 0.915254 0.0256383 0.0256383
BinVal : 0 10 0.806202 0.0348018 0.0348018
BinVal : 0 11 0.751773 0.0363796 0.0363796
BinVal : 0 12 0.806723 0.0361975 0.0361975
BinVal : 0 13 0.730994 0.0339109 0.0339109
BinVal : 0 14 0.722222 0.0351906 0.0351906
BinVal : 0 15 0.782353 0.0316485 0.0316485
BinVal : 0 16 0.724138 0.037117 0.037117
BinVal : 0 17 0.783784 0.0390734 0.0390734
BinVal : 0 18 0.723577 0.0403252 0.0403252
BinVal : 0 19 0.810526 0.0402065 0.0402065
BinVal : 0 20 0.917355 0.0250313 0.0250313
BinVal : 0 21 0.982143 0.0125137 0.0125137
BinVal : 0 22 1 0.00627279 0.00627279
BinVal : 0 23 0.984848 0.0150363 0.0150363
BinVal : 0 24 0.983333 0.0165272 0.0165272
BinVal : 0 25 1 0.124824 0.124824
BinVal : 0 26 0 0 0
BinVal : 0 27 0 0 0
BinVal : 0 28 0 0 0
BinVal : 0 29 0 0 0
BinVal : 1 0 0 0 0
BinVal : 1 1 0 0 0
BinVal : 1 2 0 0 0
BinVal : 1 3 0 0 0
BinVal : 1 4 0 0 0
BinVal : 1 5 0.972222 0.0273893 0.0273893
BinVal : 1 6 0.939759 0.0261165 0.0261165
BinVal : 1 7 0.962617 0.0183389 0.0183389
BinVal : 1 8 0.970297 0.0168924 0.0168924
BinVal : 1 9 0.992248 0.00772183 0.00772183
BinVal : 1 10 0.872093 0.0360147 0.0360147
BinVal : 1 11 0.816794 0.033798 0.033798
BinVal : 1 12 0.614379 0.0393507 0.0393507
BinVal : 1 13 0.697842 0.0389483 0.0389483
BinVal : 1 14 0.682927 0.0363367 0.0363367
BinVal : 1 15 0.670455 0.0354312 0.0354312
BinVal : 1 16 0.703125 0.040383 0.040383
BinVal : 1 17 0.641791 0.0414202 0.0414202
BinVal : 1 18 0.713287 0.0378171 0.0378171
BinVal : 1 19 0.826531 0.0382497 0.0382497
BinVal : 1 20 0.984733 0.0107128 0.0107128
BinVal : 1 21 0.984 0.0112228 0.0112228
BinVal : 1 22 0.980769 0.0134668 0.0134668
BinVal : 1 23 0.944444 0.0269951 0.0269951
BinVal : 1 24 0.872727 0.0449392 0.0449392
BinVal : 1 25 0 0 0
BinVal : 1 26 0 0 0
BinVal : 1 27 0 0 0
BinVal : 1 28 0 0 0
BinVal : 1 29 0 0 0
BinVal : 2 0 0 0 0
BinVal : 2 1 0 0 0
BinVal : 2 2 0 0 0
BinVal : 2 3 0 0 0
BinVal : 2 4 0 0 0
BinVal : 2 5 0.909091 0.0866784 0.0866784
BinVal : 2 6 0.967742 0.0317335 0.0317335
BinVal : 2 7 0.941176 0.0285336 0.0285336
BinVal : 2 8 0.972222 0.0193671 0.0193671
BinVal : 2 9 0.971831 0.019636 0.019636
BinVal : 2 10 0.795918 0.0575756 0.0575756
BinVal : 2 11 0.72449 0.0451307 0.0451307
BinVal : 2 12 0.59596 0.0493177 0.0493177
BinVal : 2 13 0.545455 0.0567443 0.0567443
BinVal : 2 14 0.686047 0.0500449 0.0500449
BinVal : 2 15 0.617284 0.0540055 0.0540055
BinVal : 2 16 0.569444 0.0583545 0.0583545
BinVal : 2 17 0.659091 0.0505302 0.0505302
BinVal : 2 18 0.75 0.0484123 0.0484123
BinVal : 2 19 0.76 0.0603987 0.0603987
BinVal : 2 20 0.979381 0.0144284 0.0144284
BinVal : 2 21 0.986301 0.0136045 0.0136045
BinVal : 2 22 1 0.00802565 0.00802565
BinVal : 2 23 0.906977 0.0442955 0.0442955
BinVal : 2 24 1 0.0293374 0.0293374
BinVal : 2 25 0 0 0
BinVal : 2 26 0 0 0
BinVal : 2 27 0 0 0
BinVal : 2 28 0 0 0
BinVal : 2 29 0 0 0
BinVal : 3 0 0 0 0
BinVal : 3 1 0 0 0
BinVal : 3 2 0 0 0
BinVal : 3 3 0 0 0
BinVal : 3 4 1 0.124824 0.124824
BinVal : 3 5 0.9375 0.0605154 0.0605154
BinVal : 3 6 0.909091 0.0612909 0.0612909
BinVal : 3 7 0.973684 0.0259672 0.0259672
BinVal : 3 8 0.980769 0.019045 0.019045
BinVal : 3 9 1 0.0208287 0.0208287
BinVal : 3 10 0.7 0.083666 0.083666
BinVal : 3 11 0.6875 0.0819382 0.0819382
BinVal : 3 12 0.551724 0.0923495 0.0923495
BinVal : 3 13 0.652174 0.0702237 0.0702237
BinVal : 3 14 0.542857 0.0842044 0.0842044
BinVal : 3 15 0.52381 0.0770641 0.0770641
BinVal : 3 16 0.595238 0.0757392 0.0757392
BinVal : 3 17 0.757576 0.0746009 0.0746009
BinVal : 3 18 0.705882 0.0781425 0.0781425
BinVal : 3 19 0.875 0.0584634 0.0584634
BinVal : 3 20 0.96 0.0391918 0.0391918
BinVal : 3 21 0.930233 0.0388497 0.0388497
BinVal : 3 22 0.96875 0.0307578 0.0307578
BinVal : 3 23 0.821429 0.0723789 0.0723789
BinVal : 3 24 0.818182 0.116291 0.116291
BinVal : 3 25 1 0.218486 0.218486
BinVal : 3 26 0 0 0
BinVal : 3 27 0 0 0
BinVal : 3 28 0 0 0
BinVal : 3 29 0 0 0
BinVal : 4 0 0 0 0
BinVal : 4 1 0 0 0
BinVal : 4 2 0 0 0
BinVal : 4 3 0 0 0
BinVal : 4 4 0 0 0
BinVal : 4 5 0.944444 0.0539903 0.0539903
BinVal : 4 6 0.916667 0.0797856 0.0797856
BinVal : 4 7 0.9 0.067082 0.067082
BinVal : 4 8 1 0.0233703 0.0233703
BinVal : 4 9 1 0.0224566 0.0224566
BinVal : 4 10 0.727273 0.0949515 0.0949515
BinVal : 4 11 0.76 0.0854166 0.0854166
BinVal : 4 12 0.764706 0.102879 0.102879
BinVal : 4 13 0.576923 0.0968907 0.0968907
BinVal : 4 14 0.642857 0.0905522 0.0905522
BinVal : 4 15 0.64 0.096 0.096
BinVal : 4 16 0.608696 0.101764 0.101764
BinVal : 4 17 0.75 0.108253 0.108253
BinVal : 4 18 0.73913 0.0915605 0.0915605
BinVal : 4 19 0.75 0.0968246 0.0968246
BinVal : 4 20 1 0.039392 0.039392
BinVal : 4 21 1 0.0326734 0.0326734
BinVal : 4 22 1 0.0293374 0.0293374
BinVal : 4 23 0.818182 0.116291 0.116291
BinVal : 4 24 1 0.0542655 0.0542655
BinVal : 4 25 0 0 0
BinVal : 4 26 0 0 0
BinVal : 4 27 0 0 0
BinVal : 4 28 0 0 0
BinVal : 4 29 0 0 0
BinVal : 5 0 0 0 0
BinVal : 5 1 0 0 0
BinVal : 5 2 0 0 0
BinVal : 5 3 0 0 0
BinVal : 5 4 0 0 0
BinVal : 5 5 0.888889 0.104757 0.104757
BinVal : 5 6 0.96875 0.0307578 0.0307578
BinVal : 5 7 0.942857 0.0392347 0.0392347
BinVal : 5 8 0.979592 0.0201988 0.0201988
BinVal : 5 9 0.931818 0.0379991 0.0379991
BinVal : 5 10 0.756098 0.0670664 0.0670664
BinVal : 5 11 0.673913 0.0691178 0.0691178
BinVal : 5 12 0.730769 0.0615107 0.0615107
BinVal : 5 13 0.6875 0.057939 0.057939
BinVal : 5 14 0.78125 0.0516748 0.0516748
BinVal : 5 15 0.705882 0.0552551 0.0552551
BinVal : 5 16 0.729167 0.0641422 0.0641422
BinVal : 5 17 0.666667 0.0754851 0.0754851
BinVal : 5 18 0.80303 0.0489546 0.0489546
BinVal : 5 19 0.928571 0.0486704 0.0486704
BinVal : 5 20 0.948718 0.0353199 0.0353199
BinVal : 5 21 0.938776 0.0342488 0.0342488
BinVal : 5 22 1 0.0181909 0.0181909
BinVal : 5 23 1 0.0216126 0.0216126
BinVal : 5 24 1 0.0668855 0.0668855
BinVal : 5 25 0 0 0
BinVal : 5 26 0 0 0
BinVal : 5 27 0 0 0
BinVal : 5 28 0 0 0
BinVal : 5 29 0 0 0
BinVal : 6 0 0 0 0
BinVal : 6 1 0 0 0
BinVal : 6 2 0 0 0
BinVal : 6 3 0 0 0
BinVal : 6 4 0 0 0
BinVal : 6 5 0.944444 0.0539903 0.0539903
BinVal : 6 6 0.970588 0.028976 0.028976
BinVal : 6 7 0.97561 0.024091 0.024091
BinVal : 6 8 0.957747 0.0238741 0.0238741
BinVal : 6 9 0.987342 0.0125779 0.0125779
BinVal : 6 10 0.870968 0.042575 0.042575
BinVal : 6 11 0.742424 0.0538278 0.0538278
BinVal : 6 12 0.593023 0.0529751 0.0529751
BinVal : 6 13 0.777778 0.0523783 0.0523783
BinVal : 6 14 0.565217 0.0596787 0.0596787
BinVal : 6 15 0.614458 0.0534248 0.0534248
BinVal : 6 16 0.739726 0.0513558 0.0513558
BinVal : 6 17 0.652778 0.0561074 0.0561074
BinVal : 6 18 0.777778 0.0489954 0.0489954
BinVal : 6 19 0.859649 0.0460077 0.0460077
BinVal : 6 20 0.972222 0.0193671 0.0193671
BinVal : 6 21 0.966667 0.0231741 0.0231741
BinVal : 6 22 0.919355 0.0345808 0.0345808
BinVal : 6 23 0.891892 0.0510487 0.0510487
BinVal : 6 24 0.833333 0.107583 0.107583
BinVal : 6 25 0 0 0
BinVal : 6 26 0 0 0
BinVal : 6 27 0 0 0
BinVal : 6 28 0 0 0
BinVal : 6 29 0 0 0
BinVal : 7 0 0 0 0
BinVal : 7 1 0 0 0
BinVal : 7 2 0 0 0
BinVal : 7 3 0 0 0
BinVal : 7 4 1 0.159077 0.159077
BinVal : 7 5 0.965517 0.033883 0.033883
BinVal : 7 6 0.951613 0.027252 0.027252
BinVal : 7 7 1 0.00791502 0.00791502
BinVal : 7 8 1 0.00791502 0.00791502
BinVal : 7 9 0.875 0.0369755 0.0369755
BinVal : 7 10 0.811594 0.0470752 0.0470752
BinVal : 7 11 0.536585 0.0550678 0.0550678
BinVal : 7 12 0.746667 0.0502203 0.0502203
BinVal : 7 13 0.644231 0.0469449 0.0469449
BinVal : 7 14 0.617391 0.045322 0.045322
BinVal : 7 15 0.761468 0.0408212 0.0408212
BinVal : 7 16 0.68 0.0417229 0.0417229
BinVal : 7 17 0.714286 0.0473567 0.0473567
BinVal : 7 18 0.72619 0.048653 0.048653
BinVal : 7 19 0.8125 0.0436383 0.0436383
BinVal : 7 20 0.875 0.0389756 0.0389756
BinVal : 7 21 0.984127 0.0157465 0.0157465
BinVal : 7 22 1 0.00917959 0.00917959
BinVal : 7 23 0.964286 0.0247988 0.0247988
BinVal : 7 24 0.896552 0.0565523 0.0565523
BinVal : 7 25 0 0 0
BinVal : 7 26 0 0 0
BinVal : 7 27 0 0 0
BinVal : 7 28 0 0 0
BinVal : 7 29 0 0 0
BinVal : 8 0 0 0 0
BinVal : 8 1 0 0 0
BinVal : 8 2 0 0 0
BinVal : 8 3 0 0 0
BinVal : 8 4 1 0.159077 0.159077
BinVal : 8 5 0.925 0.0416458 0.0416458
BinVal : 8 6 0.970588 0.0204891 0.0204891
BinVal : 8 7 1 0.00601053 0.00601053
BinVal : 8 8 0.985185 0.0103978 0.0103978
BinVal : 8 9 0.857143 0.0341494 0.0341494
BinVal : 8 10 0.903226 0.0306575 0.0306575
BinVal : 8 11 0.788618 0.0368142 0.0368142
BinVal : 8 12 0.862385 0.0329966 0.0329966
BinVal : 8 13 0.817518 0.0329988 0.0329988
BinVal : 8 14 0.725352 0.0374557 0.0374557
BinVal : 8 15 0.88806 0.0272372 0.0272372
BinVal : 8 16 0.880282 0.0272425 0.0272425
BinVal : 8 17 0.72807 0.0416738 0.0416738
BinVal : 8 18 0.650406 0.0429954 0.0429954
BinVal : 8 19 0.840426 0.0377718 0.0377718
BinVal : 8 20 0.865546 0.0312722 0.0312722
BinVal : 8 21 0.946667 0.0259458 0.0259458
BinVal : 8 22 0.873563 0.0356307 0.0356307
BinVal : 8 23 0.985507 0.0143874 0.0143874
BinVal : 8 24 0.914286 0.0473188 0.0473188
BinVal : 8 25 0 0 0
BinVal : 8 26 0 0 0
BinVal : 8 27 0 0 0
BinVal : 8 28 0 0 0
BinVal : 8 29 0 0 0
BinVal : 9 0 0 0 0
BinVal : 9 1 0 0 0
BinVal : 9 2 0 0 0
BinVal : 9 3 0 0 0
BinVal : 9 4 0 0 0
BinVal : 9 5 0.965517 0.033883 0.033883
BinVal : 9 6 0.875 0.0369755 0.0369755
BinVal : 9 7 0.965812 0.0167993 0.0167993
BinVal : 9 8 0.972477 0.0156702 0.0156702
BinVal : 9 9 0.948718 0.0176599 0.0176599
BinVal : 9 10 0.894737 0.0314865 0.0314865
BinVal : 9 11 0.786325 0.0378953 0.0378953
BinVal : 9 12 0.745455 0.0339118 0.0339118
BinVal : 9 13 0.709091 0.0433045 0.0433045
BinVal : 9 14 0.75188 0.0374524 0.0374524
BinVal : 9 15 0.826389 0.0315646 0.0315646
BinVal : 9 16 0.8125 0.0368811 0.0368811
BinVal : 9 17 0.671141 0.0384874 0.0384874
BinVal : 9 18 0.744 0.0390348 0.0390348
BinVal : 9 19 0.833333 0.0380363 0.0380363
BinVal : 9 20 0.983607 0.0114965 0.0114965
BinVal : 9 21 0.828283 0.0379034 0.0379034
BinVal : 9 22 0.919192 0.0273913 0.0273913
BinVal : 9 23 0.821429 0.0511796 0.0511796
BinVal : 9 24 1 0.0216126 0.0216126
BinVal : 9 25 0 0 0
BinVal : 9 26 0 0 0
BinVal : 9 27 0 0 0
BinVal : 9 28 0 0 0
BinVal : 9 29 0 0 0
BinVal : 10 0 0 0 0
BinVal : 10 1 0 0 0
BinVal : 10 2 0 0 0
BinVal : 10 3 0 0 0
BinVal : 10 4 0 0 0
BinVal : 10 5 0.884615 0.0626563 0.0626563
BinVal : 10 6 0.931035 0.0332725 0.0332725
BinVal : 10 7 0.972477 0.0156702 0.0156702
BinVal : 10 8 0.990826 0.00913213 0.00913213
BinVal : 10 9 0.952381 0.0328603 0.0328603
BinVal : 10 10 0.794872 0.0457208 0.0457208
BinVal : 10 11 0.7 0.083666 0.083666
BinVal : 10 12 0.711712 0.0429936 0.0429936
BinVal : 10 13 0.822581 0.0343067 0.0343067
BinVal : 10 14 0.781818 0.0393791 0.0393791
BinVal : 10 15 0.83 0.0375633 0.0375633
BinVal : 10 16 0.836364 0.0352729 0.0352729
BinVal : 10 17 0.76378 0.0376913 0.0376913
BinVal : 10 18 0.733333 0.0807373 0.0807373
BinVal : 10 19 0.830189 0.0515744 0.0515744
BinVal : 10 20 0.951219 0.0336412 0.0336412
BinVal : 10 21 0.984127 0.0111345 0.0111345
BinVal : 10 22 0.975 0.0174553 0.0174553
BinVal : 10 23 0.959459 0.0229267 0.0229267
BinVal : 10 24 0.935484 0.0441237 0.0441237
BinVal : 10 25 0 0 0
BinVal : 10 26 0 0 0
BinVal : 10 27 0 0 0
BinVal : 10 28 0 0 0
BinVal : 10 29 0 0 0
BinVal : 11 0 0 0 0
BinVal : 11 1 0 0 0
BinVal : 11 2 0 0 0
BinVal : 11 3 0 0 0
BinVal : 11 4 1 0.124824 0.124824
BinVal : 11 5 0.941176 0.0403526 0.0403526
BinVal : 11 6 0.966667 0.0231741 0.0231741
BinVal : 11 7 0.987342 0.0125779 0.0125779
BinVal : 11 8 0.960396 0.0194059 0.0194059
BinVal : 11 9 0 0 0
BinVal : 11 10 0 0 0
BinVal : 11 11 0 0 0
BinVal : 11 12 0 0 0
BinVal : 11 13 0 0 0
BinVal : 11 14 0 0 0
BinVal : 11 15 0 0 0
BinVal : 11 16 0 0 0
BinVal : 11 17 0 0 0
BinVal : 11 18 0 0 0
BinVal : 11 19 0 0 0
BinVal : 11 20 0 0 0
BinVal : 11 21 0.969697 0.0211003 0.0211003
BinVal : 11 22 1 0.0074048 0.0074048
BinVal : 11 23 0.914894 0.0407022 0.0407022
BinVal : 11 24 0.96 0.0391918 0.0391918
BinVal : 11 25 1 0.218486 0.218486
BinVal : 11 26 0 0 0
BinVal : 11 27 0 0 0
BinVal : 11 28 0 0 0
BinVal : 11 29 0 0 0
BinVal : 12 0 0 0 0
BinVal : 12 1 0 0 0
BinVal : 12 2 0 0 0
BinVal : 12 3 0 0 0
BinVal : 12 4 0.666667 0.272166 0.272166
BinVal : 12 5 0.913043 0.0587534 0.0587534
BinVal : 12 6 0.952381 0.0328603 0.0328603
BinVal : 12 7 1 0.0123324 0.0123324
BinVal : 12 8 0.95 0.0281366 0.0281366
BinVal : 12 9 0 0 0
BinVal : 12 10 0 0 0
BinVal : 12 11 0 0 0
BinVal : 12 12 0 0 0
BinVal : 12 13 0 0 0
BinVal : 12 14 0 0 0
BinVal : 12 15 0 0 0
BinVal : 12 16 0 0 0
BinVal : 12 17 0 0 0
BinVal : 12 18 0 0 0
BinVal : 12 19 0 0 0
BinVal : 12 20 0 0 0
BinVal : 12 21 0.974359 0.0253102 0.0253102
BinVal : 12 22 0.977778 0.0219739 0.0219739
BinVal : 12 23 0.885714 0.0537785 0.0537785
BinVal : 12 24 0.966667 0.0327731 0.0327731
BinVal : 12 25 1 0.102643 0.102643
BinVal : 12 26 0 0 0
BinVal : 12 27 0 0 0
BinVal : 12 28 0 0 0
BinVal : 12 29 0 0 0
BinVal : 13 0 0 0 0
BinVal : 13 1 0 0 0
BinVal : 13 2 0 0 0
BinVal : 13 3 0 0 0
BinVal : 13 4 0 0 0
BinVal : 13 5 0.7 0.144914 0.144914
BinVal : 13 6 0.857143 0.0539949 0.0539949
BinVal : 13 7 0.942308 0.0323336 0.0323336
BinVal : 13 8 0.966102 0.02356 0.02356
BinVal : 13 9 0.862069 0.0640329 0.0640329
BinVal : 13 10 0.909091 0.0433392 0.0433392
BinVal : 13 11 0.8 0.10328 0.10328
BinVal : 13 12 0.85 0.0460977 0.0460977
BinVal : 13 13 0.923077 0.0330515 0.0330515
BinVal : 13 14 0.907895 0.0331706 0.0331706
BinVal : 13 15 0.824742 0.0386022 0.0386022
BinVal : 13 16 0.905405 0.0340204 0.0340204
BinVal : 13 17 0.694915 0.0599446 0.0599446
BinVal : 13 18 0.571429 0.13226 0.13226
BinVal : 13 19 0.8125 0.0689981 0.0689981
BinVal : 13 20 0.913043 0.0587534 0.0587534
BinVal : 13 21 0.955882 0.0249031 0.0249031
BinVal : 13 22 0.962264 0.026175 0.026175
BinVal : 13 23 0.909091 0.0500438 0.0500438
BinVal : 13 24 0.846154 0.100068 0.100068
BinVal : 13 25 0 0 0
BinVal : 13 26 0 0 0
BinVal : 13 27 0 0 0
BinVal : 13 28 0 0 0
BinVal : 13 29 0 0 0
BinVal : 14 0 0 0 0
BinVal : 14 1 0 0 0
BinVal : 14 2 0 0 0
BinVal : 14 3 0 0 0
BinVal : 14 4 0 0 0
BinVal : 14 5 0.7 0.144914 0.144914
BinVal : 14 6 0.9 0.0474342 0.0474342
BinVal : 14 7 0.984375 0.0155024 0.0155024
BinVal : 14 8 0.981481 0.0183463 0.0183463
BinVal : 14 9 1 0.0101533 0.0101533
BinVal : 14 10 0.895833 0.0440918 0.0440918
BinVal : 14 11 0.75 0.0600481 0.0600481
BinVal : 14 12 0.6375 0.0537464 0.0537464
BinVal : 14 13 0.612903 0.06186 0.06186
BinVal : 14 14 0.717647 0.048825 0.048825
BinVal : 14 15 0.646341 0.0527978 0.0527978
BinVal : 14 16 0.763636 0.0572865 0.0572865
BinVal : 14 17 0.56338 0.0588604 0.0588604
BinVal : 14 18 0.714286 0.0603682 0.0603682
BinVal : 14 19 0.875 0.0477352 0.0477352
BinVal : 14 20 0.947368 0.0256139 0.0256139
BinVal : 14 21 1 0.00948286 0.00948286
BinVal : 14 22 0.95082 0.0276873 0.0276873
BinVal : 14 23 0.794118 0.0693446 0.0693446
BinVal : 14 24 0.785714 0.109664 0.109664
BinVal : 14 25 0 0 0
BinVal : 14 26 0 0 0
BinVal : 14 27 0 0 0
BinVal : 14 28 0 0 0
BinVal : 14 29 0 0 0
BinVal : 15 0 0 0 0
BinVal : 15 1 0 0 0
BinVal : 15 2 0 0 0
BinVal : 15 3 0 0 0
BinVal : 15 4 0.5 0.353553 0.353553
BinVal : 15 5 0.857143 0.0591485 0.0591485
BinVal : 15 6 0.952381 0.0328603 0.0328603
BinVal : 15 7 1 0.0118251 0.0118251
BinVal : 15 8 0.974684 0.0176734 0.0176734
BinVal : 15 9 0.9 0.033541 0.033541
BinVal : 15 10 0.866667 0.0392523 0.0392523
BinVal : 15 11 0.765306 0.042811 0.042811
BinVal : 15 12 0.825 0.0424816 0.0424816
BinVal : 15 13 0.723404 0.046137 0.046137
BinVal : 15 14 0.742857 0.0426526 0.0426526
BinVal : 15 15 0.657895 0.044433 0.044433
BinVal : 15 16 0.659574 0.0488741 0.0488741
BinVal : 15 17 0.877778 0.034526 0.034526
BinVal : 15 18 0.678161 0.0500871 0.0500871
BinVal : 15 19 0.779661 0.0539601 0.0539601
BinVal : 15 20 0.847059 0.03904 0.03904
BinVal : 15 21 0.963415 0.0207326 0.0207326
BinVal : 15 22 0.984127 0.0157465 0.0157465
BinVal : 15 23 0.890625 0.0390136 0.0390136
BinVal : 15 24 1 0.0224566 0.0224566
BinVal : 15 25 1 0.218486 0.218486
BinVal : 15 26 0 0 0
BinVal : 15 27 0 0 0
BinVal : 15 28 0 0 0
BinVal : 15 29 0 0 0


