Comments : cosmic veto applied 
EffMethod : TagAndProbe 
EffName : eff 
EffType : Binned 
EffVarNames : phi deteta 
EffVersion : 5 
ObjQuality : l3l6 
ObjRelativeTo : loose_l1wtlx_l2m5 
ObjType : Muon 
ObjVersion : 1 
RunRangeHigh : 216000 
RunRangeLow : 194600 
TriggerVersionHigh : 14.99 
TriggerVersionLow : 13 
BinEdgesX : 0 0.19635 0.3927 0.58905 0.7854 0.98175 1.1781 1.37445 1.5708 1.76715 1.9635 2.15985 2.3562 2.55255 2.7489 2.94525 3.1416 3.33795 3.5343 3.73065 3.927 4.12335 4.3197 4.51605 4.7124 4.90875 5.1051 5.30145 5.4978 5.69415 5.8905 6.08685 6.2832 
BinEdgesY : -4.2 -4.00909 -3.81818 -3.62727 -3.43636 -3.24545 -3.05455 -2.86364 -2.67273 -2.48182 -2.29091 -2.1 -1.90909 -1.71818 -1.52727 -1.33636 -1.14545 -0.954545 -0.763636 -0.572727 -0.381818 -0.190909 0 0.190909 0.381818 0.572727 0.763636 0.954545 1.14545 1.33636 1.52727 1.71818 1.90909 2.1 2.29091 2.48182 2.67273 2.86364 3.05455 3.24545 3.43636 3.62727 3.81818 4.00909 4.2 
BinVal : 0 0 0 0 0
BinVal : 0 1 0 0 0
BinVal : 0 2 0 0 0
BinVal : 0 3 0 0 0
BinVal : 0 4 0 0 0
BinVal : 0 5 0 0 0
BinVal : 0 6 0 0 0
BinVal : 0 7 0 0 0
BinVal : 0 8 0 0 0
BinVal : 0 9 0 0 0
BinVal : 0 10 0 0 0
BinVal : 0 11 0 0 0
BinVal : 0 12 0 0 0
BinVal : 0 13 0.95 0.048734 0.048734
BinVal : 0 14 0.95 0.0281366 0.0281366
BinVal : 0 15 0.954545 0.0256398 0.0256398
BinVal : 0 16 0.904762 0.036983 0.036983
BinVal : 0 17 0.72973 0.0516255 0.0516255
BinVal : 0 18 0.857143 0.0539949 0.0539949
BinVal : 0 19 0.955224 0.0252661 0.0252661
BinVal : 0 20 0.886364 0.0338317 0.0338317
BinVal : 0 21 0.909091 0.0288928 0.0288928
BinVal : 0 22 0.901099 0.0312944 0.0312944
BinVal : 0 23 0.90411 0.0344617 0.0344617
BinVal : 0 24 0.959459 0.0229267 0.0229267
BinVal : 0 25 0.872727 0.0449392 0.0449392
BinVal : 0 26 0.777778 0.0438228 0.0438228
BinVal : 0 27 0.782609 0.0608155 0.0608155
BinVal : 0 28 0.987952 0.0119754 0.0119754
BinVal : 0 29 0.961538 0.0266683 0.0266683
BinVal : 0 30 0.916667 0.0797856 0.0797856
BinVal : 0 31 0 0 0
BinVal : 0 32 0 0 0
BinVal : 0 33 0 0 0
BinVal : 0 34 0 0 0
BinVal : 0 35 0 0 0
BinVal : 0 36 0 0 0
BinVal : 0 37 0 0 0
BinVal : 0 38 0 0 0
BinVal : 0 39 0 0 0
BinVal : 0 40 0 0 0
BinVal : 0 41 0 0 0
BinVal : 0 42 0 0 0
BinVal : 0 43 0 0 0
BinVal : 1 0 0 0 0
BinVal : 1 1 0 0 0
BinVal : 1 2 0 0 0
BinVal : 1 3 0 0 0
BinVal : 1 4 0 0 0
BinVal : 1 5 0 0 0
BinVal : 1 6 0 0 0
BinVal : 1 7 0 0 0
BinVal : 1 8 0 0 0
BinVal : 1 9 0 0 0
BinVal : 1 10 0 0 0
BinVal : 1 11 0 0 0
BinVal : 1 12 0 0 0
BinVal : 1 13 0.916667 0.0797856 0.0797856
BinVal : 1 14 0.917526 0.0279307 0.0279307
BinVal : 1 15 0.951807 0.0235086 0.0235086
BinVal : 1 16 0.904762 0.0320282 0.0320282
BinVal : 1 17 0.804124 0.0402964 0.0402964
BinVal : 1 18 0.792453 0.0557067 0.0557067
BinVal : 1 19 0.988764 0.0111727 0.0111727
BinVal : 1 20 0.885246 0.028856 0.028856
BinVal : 1 21 0.932331 0.0217798 0.0217798
BinVal : 1 22 0.926471 0.0223809 0.0223809
BinVal : 1 23 0.779412 0.0502829 0.0502829
BinVal : 1 24 0.970588 0.0167293 0.0167293
BinVal : 1 25 0.851351 0.0413541 0.0413541
BinVal : 1 26 0.773333 0.0483444 0.0483444
BinVal : 1 27 0.909091 0.0353863 0.0353863
BinVal : 1 28 0.933333 0.0262937 0.0262937
BinVal : 1 29 0.953846 0.0260247 0.0260247
BinVal : 1 30 1 0.0326734 0.0326734
BinVal : 1 31 0 0 0
BinVal : 1 32 0 0 0
BinVal : 1 33 0 0 0
BinVal : 1 34 0 0 0
BinVal : 1 35 0 0 0
BinVal : 1 36 0 0 0
BinVal : 1 37 0 0 0
BinVal : 1 38 0 0 0
BinVal : 1 39 0 0 0
BinVal : 1 40 0 0 0
BinVal : 1 41 0 0 0
BinVal : 1 42 0 0 0
BinVal : 1 43 0 0 0
BinVal : 2 0 0 0 0
BinVal : 2 1 0 0 0
BinVal : 2 2 0 0 0
BinVal : 2 3 0 0 0
BinVal : 2 4 0 0 0
BinVal : 2 5 0 0 0
BinVal : 2 6 0 0 0
BinVal : 2 7 0 0 0
BinVal : 2 8 0 0 0
BinVal : 2 9 0 0 0
BinVal : 2 10 0 0 0
BinVal : 2 11 0 0 0
BinVal : 2 12 0 0 0
BinVal : 2 13 0.857143 0.13226 0.13226
BinVal : 2 14 0.964706 0.0200142 0.0200142
BinVal : 2 15 0.967742 0.0183214 0.0183214
BinVal : 2 16 0.972603 0.0191056 0.0191056
BinVal : 2 17 0.823529 0.0413491 0.0413491
BinVal : 2 18 0.790323 0.051699 0.051699
BinVal : 2 19 0.9375 0.0270633 0.0270633
BinVal : 2 20 0.875 0.0324297 0.0324297
BinVal : 2 21 0.938053 0.0226769 0.0226769
BinVal : 2 22 0.941176 0.0232976 0.0232976
BinVal : 2 23 0.847458 0.0468089 0.0468089
BinVal : 2 24 0.979592 0.0142827 0.0142827
BinVal : 2 25 0.914634 0.0308574 0.0308574
BinVal : 2 26 0.820895 0.0468446 0.0468446
BinVal : 2 27 0.948052 0.0252904 0.0252904
BinVal : 2 28 0.947917 0.0226777 0.0226777
BinVal : 2 29 0.935065 0.0280812 0.0280812
BinVal : 2 30 1 0.0346427 0.0346427
BinVal : 2 31 0 0 0
BinVal : 2 32 0 0 0
BinVal : 2 33 0 0 0
BinVal : 2 34 0 0 0
BinVal : 2 35 0 0 0
BinVal : 2 36 0 0 0
BinVal : 2 37 0 0 0
BinVal : 2 38 0 0 0
BinVal : 2 39 0 0 0
BinVal : 2 40 0 0 0
BinVal : 2 41 0 0 0
BinVal : 2 42 0 0 0
BinVal : 2 43 0 0 0
BinVal : 3 0 0 0 0
BinVal : 3 1 0 0 0
BinVal : 3 2 0 0 0
BinVal : 3 3 0 0 0
BinVal : 3 4 0 0 0
BinVal : 3 5 0 0 0
BinVal : 3 6 0 0 0
BinVal : 3 7 0 0 0
BinVal : 3 8 0 0 0
BinVal : 3 9 0 0 0
BinVal : 3 10 0 0 0
BinVal : 3 11 0 0 0
BinVal : 3 12 0 0 0
BinVal : 3 13 0.833333 0.152145 0.152145
BinVal : 3 14 0.955556 0.0307207 0.0307207
BinVal : 3 15 0.966102 0.02356 0.02356
BinVal : 3 16 0.971831 0.019636 0.019636
BinVal : 3 17 0.954545 0.0314022 0.0314022
BinVal : 3 18 0.693548 0.0585495 0.0585495
BinVal : 3 19 0.928571 0.0344151 0.0344151
BinVal : 3 20 0.983051 0.0168049 0.0168049
BinVal : 3 21 0.91358 0.0312203 0.0312203
BinVal : 3 22 0.927536 0.0312105 0.0312105
BinVal : 3 23 0.914894 0.0407022 0.0407022
BinVal : 3 24 0.953846 0.0260247 0.0260247
BinVal : 3 25 0.87931 0.0427752 0.0427752
BinVal : 3 26 0.952381 0.0328603 0.0328603
BinVal : 3 27 1 0.00917959 0.00917959
BinVal : 3 28 0.936508 0.0307217 0.0307217
BinVal : 3 29 0.885714 0.0537785 0.0537785
BinVal : 3 30 1 0.102643 0.102643
BinVal : 3 31 0 0 0
BinVal : 3 32 0 0 0
BinVal : 3 33 0 0 0
BinVal : 3 34 0 0 0
BinVal : 3 35 0 0 0
BinVal : 3 36 0 0 0
BinVal : 3 37 0 0 0
BinVal : 3 38 0 0 0
BinVal : 3 39 0 0 0
BinVal : 3 40 0 0 0
BinVal : 3 41 0 0 0
BinVal : 3 42 0 0 0
BinVal : 3 43 0 0 0
BinVal : 4 0 0 0 0
BinVal : 4 1 0 0 0
BinVal : 4 2 0 0 0
BinVal : 4 3 0 0 0
BinVal : 4 4 0 0 0
BinVal : 4 5 0 0 0
BinVal : 4 6 0 0 0
BinVal : 4 7 0 0 0
BinVal : 4 8 0 0 0
BinVal : 4 9 0 0 0
BinVal : 4 10 0 0 0
BinVal : 4 11 0 0 0
BinVal : 4 12 0 0 0
BinVal : 4 13 1 0.0599198 0.0599198
BinVal : 4 14 0.96 0.0391918 0.0391918
BinVal : 4 15 0.977273 0.0224675 0.0224675
BinVal : 4 16 0.904762 0.0452948 0.0452948
BinVal : 4 17 0.9375 0.0427908 0.0427908
BinVal : 4 18 0.848101 0.040382 0.040382
BinVal : 4 19 0.952381 0.0268303 0.0268303
BinVal : 4 20 0.857143 0.0539949 0.0539949
BinVal : 4 21 0.946429 0.0300896 0.0300896
BinVal : 4 22 0.972603 0.0191056 0.0191056
BinVal : 4 23 0.96 0.0277128 0.0277128
BinVal : 4 24 0.930233 0.0388497 0.0388497
BinVal : 4 25 0.811321 0.0537428 0.0537428
BinVal : 4 26 0.875 0.0675077 0.0675077
BinVal : 4 27 0.901961 0.0416398 0.0416398
BinVal : 4 28 0.971429 0.0281603 0.0281603
BinVal : 4 29 0.935484 0.0441237 0.0441237
BinVal : 4 30 0.75 0.153093 0.153093
BinVal : 4 31 0 0 0
BinVal : 4 32 0 0 0
BinVal : 4 33 0 0 0
BinVal : 4 34 0 0 0
BinVal : 4 35 0 0 0
BinVal : 4 36 0 0 0
BinVal : 4 37 0 0 0
BinVal : 4 38 0 0 0
BinVal : 4 39 0 0 0
BinVal : 4 40 0 0 0
BinVal : 4 41 0 0 0
BinVal : 4 42 0 0 0
BinVal : 4 43 0 0 0
BinVal : 5 0 0 0 0
BinVal : 5 1 0 0 0
BinVal : 5 2 0 0 0
BinVal : 5 3 0 0 0
BinVal : 5 4 0 0 0
BinVal : 5 5 0 0 0
BinVal : 5 6 0 0 0
BinVal : 5 7 0 0 0
BinVal : 5 8 0 0 0
BinVal : 5 9 0 0 0
BinVal : 5 10 0 0 0
BinVal : 5 11 0 0 0
BinVal : 5 12 0 0 0
BinVal : 5 13 1 0.0668855 0.0668855
BinVal : 5 14 0.813953 0.0593439 0.0593439
BinVal : 5 15 0.979592 0.0201988 0.0201988
BinVal : 5 16 0.960784 0.0271805 0.0271805
BinVal : 5 17 0.864865 0.0562027 0.0562027
BinVal : 5 18 0.862745 0.0481859 0.0481859
BinVal : 5 19 1 0.0115867 0.0115867
BinVal : 5 20 0.886792 0.0435222 0.0435222
BinVal : 5 21 0.920635 0.0340556 0.0340556
BinVal : 5 22 0.975904 0.0168322 0.0168322
BinVal : 5 23 0.896552 0.0399885 0.0399885
BinVal : 5 24 1 0.0138164 0.0138164
BinVal : 5 25 0.730769 0.0615107 0.0615107
BinVal : 5 26 0.842105 0.0591528 0.0591528
BinVal : 5 27 0.95 0.0281366 0.0281366
BinVal : 5 28 0.857143 0.0539949 0.0539949
BinVal : 5 29 0.92 0.0383667 0.0383667
BinVal : 5 30 0.8 0.178885 0.178885
BinVal : 5 31 0 0 0
BinVal : 5 32 0 0 0
BinVal : 5 33 0 0 0
BinVal : 5 34 0 0 0
BinVal : 5 35 0 0 0
BinVal : 5 36 0 0 0
BinVal : 5 37 0 0 0
BinVal : 5 38 0 0 0
BinVal : 5 39 0 0 0
BinVal : 5 40 0 0 0
BinVal : 5 41 0 0 0
BinVal : 5 42 0 0 0
BinVal : 5 43 0 0 0
BinVal : 6 0 0 0 0
BinVal : 6 1 0 0 0
BinVal : 6 2 0 0 0
BinVal : 6 3 0 0 0
BinVal : 6 4 0 0 0
BinVal : 6 5 0 0 0
BinVal : 6 6 0 0 0
BinVal : 6 7 0 0 0
BinVal : 6 8 0 0 0
BinVal : 6 9 0 0 0
BinVal : 6 10 0 0 0
BinVal : 6 11 0 0 0
BinVal : 6 12 0 0 0
BinVal : 6 13 1 0.0756803 0.0756803
BinVal : 6 14 0.96 0.0391918 0.0391918
BinVal : 6 15 0.964286 0.0350707 0.0350707
BinVal : 6 16 0.92 0.0542586 0.0542586
BinVal : 6 17 0.704545 0.0687818 0.0687818
BinVal : 6 18 0.90625 0.051527 0.051527
BinVal : 6 19 0.95 0.048734 0.048734
BinVal : 6 20 0.9 0.0474342 0.0474342
BinVal : 6 21 1 0.0145144 0.0145144
BinVal : 6 22 1 0.00964212 0.00964212
BinVal : 6 23 0.972222 0.0273893 0.0273893
BinVal : 6 24 0.969697 0.0298404 0.0298404
BinVal : 6 25 0.971429 0.0281603 0.0281603
BinVal : 6 26 0.883721 0.0488848 0.0488848
BinVal : 6 27 0.833333 0.0760726 0.0760726
BinVal : 6 28 0.952381 0.0328603 0.0328603
BinVal : 6 29 0.92 0.0542586 0.0542586
BinVal : 6 30 0.6 0.219089 0.219089
BinVal : 6 31 0 0 0
BinVal : 6 32 0 0 0
BinVal : 6 33 0 0 0
BinVal : 6 34 0 0 0
BinVal : 6 35 0 0 0
BinVal : 6 36 0 0 0
BinVal : 6 37 0 0 0
BinVal : 6 38 0 0 0
BinVal : 6 39 0 0 0
BinVal : 6 40 0 0 0
BinVal : 6 41 0 0 0
BinVal : 6 42 0 0 0
BinVal : 6 43 0 0 0
BinVal : 7 0 0 0 0
BinVal : 7 1 0 0 0
BinVal : 7 2 0 0 0
BinVal : 7 3 0 0 0
BinVal : 7 4 0 0 0
BinVal : 7 5 0 0 0
BinVal : 7 6 0 0 0
BinVal : 7 7 0 0 0
BinVal : 7 8 0 0 0
BinVal : 7 9 0 0 0
BinVal : 7 10 0 0 0
BinVal : 7 11 0 0 0
BinVal : 7 12 0 0 0
BinVal : 7 13 1 0.0871301 0.0871301
BinVal : 7 14 1 0.0346427 0.0346427
BinVal : 7 15 0.973684 0.0259672 0.0259672
BinVal : 7 16 0.823529 0.0924594 0.0924594
BinVal : 7 17 0.857143 0.0591485 0.0591485
BinVal : 7 18 0.857143 0.06613 0.06613
BinVal : 7 19 0.964286 0.0350707 0.0350707
BinVal : 7 20 0.892857 0.0584512 0.0584512
BinVal : 7 21 1 0.018786 0.018786
BinVal : 7 22 1 0.0148902 0.0148902
BinVal : 7 23 0.85 0.0798436 0.0798436
BinVal : 7 24 1 0.0243611 0.0243611
BinVal : 7 25 0.956522 0.0425226 0.0425226
BinVal : 7 26 0.821429 0.0723789 0.0723789
BinVal : 7 27 1 0.0542655 0.0542655
BinVal : 7 28 0.882353 0.0781425 0.0781425
BinVal : 7 29 0.9375 0.0605154 0.0605154
BinVal : 7 30 1 0.102643 0.102643
BinVal : 7 31 0 0 0
BinVal : 7 32 0 0 0
BinVal : 7 33 0 0 0
BinVal : 7 34 0 0 0
BinVal : 7 35 0 0 0
BinVal : 7 36 0 0 0
BinVal : 7 37 0 0 0
BinVal : 7 38 0 0 0
BinVal : 7 39 0 0 0
BinVal : 7 40 0 0 0
BinVal : 7 41 0 0 0
BinVal : 7 42 0 0 0
BinVal : 7 43 0 0 0
BinVal : 8 0 0 0 0
BinVal : 8 1 0 0 0
BinVal : 8 2 0 0 0
BinVal : 8 3 0 0 0
BinVal : 8 4 0 0 0
BinVal : 8 5 0 0 0
BinVal : 8 6 0 0 0
BinVal : 8 7 0 0 0
BinVal : 8 8 0 0 0
BinVal : 8 9 0 0 0
BinVal : 8 10 0 0 0
BinVal : 8 11 0 0 0
BinVal : 8 12 0 0 0
BinVal : 8 13 0.8 0.178885 0.178885
BinVal : 8 14 0.952381 0.0464714 0.0464714
BinVal : 8 15 0.96 0.0391918 0.0391918
BinVal : 8 16 0.823529 0.0924594 0.0924594
BinVal : 8 17 0.724138 0.0829961 0.0829961
BinVal : 8 18 0.95 0.048734 0.048734
BinVal : 8 19 0.95 0.048734 0.048734
BinVal : 8 20 0.961538 0.0377146 0.0377146
BinVal : 8 21 1 0.0166125 0.0166125
BinVal : 8 22 0.869565 0.0702237 0.0702237
BinVal : 8 23 1 0.039392 0.039392
BinVal : 8 24 1 0.0309157 0.0309157
BinVal : 8 25 0.866667 0.0877707 0.0877707
BinVal : 8 26 0.741935 0.0785898 0.0785898
BinVal : 8 27 0.857143 0.13226 0.13226
BinVal : 8 28 0.92 0.0542586 0.0542586
BinVal : 8 29 0.933333 0.0644061 0.0644061
BinVal : 8 30 1 0.159077 0.159077
BinVal : 8 31 0 0 0
BinVal : 8 32 0 0 0
BinVal : 8 33 0 0 0
BinVal : 8 34 0 0 0
BinVal : 8 35 0 0 0
BinVal : 8 36 0 0 0
BinVal : 8 37 0 0 0
BinVal : 8 38 0 0 0
BinVal : 8 39 0 0 0
BinVal : 8 40 0 0 0
BinVal : 8 41 0 0 0
BinVal : 8 42 0 0 0
BinVal : 8 43 0 0 0
BinVal : 9 0 0 0 0
BinVal : 9 1 0 0 0
BinVal : 9 2 0 0 0
BinVal : 9 3 0 0 0
BinVal : 9 4 0 0 0
BinVal : 9 5 0 0 0
BinVal : 9 6 0 0 0
BinVal : 9 7 0 0 0
BinVal : 9 8 0 0 0
BinVal : 9 9 0 0 0
BinVal : 9 10 0 0 0
BinVal : 9 11 0 0 0
BinVal : 9 12 0 0 0
BinVal : 9 13 1 0.0668855 0.0668855
BinVal : 9 14 0.88 0.0649923 0.0649923
BinVal : 9 15 0.9 0.0547723 0.0547723
BinVal : 9 16 0.833333 0.087841 0.087841
BinVal : 9 17 0.8 0.0676123 0.0676123
BinVal : 9 18 0.83871 0.0660586 0.0660586
BinVal : 9 19 1 0.0201001 0.0201001
BinVal : 9 20 0.967742 0.0317335 0.0317335
BinVal : 9 21 0.891892 0.0510487 0.0510487
BinVal : 9 22 0.925926 0.050401 0.050401
BinVal : 9 23 0.857143 0.093522 0.093522
BinVal : 9 24 0.9 0.0547723 0.0547723
BinVal : 9 25 0.964286 0.0350707 0.0350707
BinVal : 9 26 0.966667 0.0327731 0.0327731
BinVal : 9 27 1 0.0279117 0.0279117
BinVal : 9 28 0.941176 0.0403526 0.0403526
BinVal : 9 29 1 0.0224566 0.0224566
BinVal : 9 30 0.7 0.144914 0.144914
BinVal : 9 31 0 0 0
BinVal : 9 32 0 0 0
BinVal : 9 33 0 0 0
BinVal : 9 34 0 0 0
BinVal : 9 35 0 0 0
BinVal : 9 36 0 0 0
BinVal : 9 37 0 0 0
BinVal : 9 38 0 0 0
BinVal : 9 39 0 0 0
BinVal : 9 40 0 0 0
BinVal : 9 41 0 0 0
BinVal : 9 42 0 0 0
BinVal : 9 43 0 0 0
BinVal : 10 0 0 0 0
BinVal : 10 1 0 0 0
BinVal : 10 2 0 0 0
BinVal : 10 3 0 0 0
BinVal : 10 4 0 0 0
BinVal : 10 5 0 0 0
BinVal : 10 6 0 0 0
BinVal : 10 7 0 0 0
BinVal : 10 8 0 0 0
BinVal : 10 9 0 0 0
BinVal : 10 10 0 0 0
BinVal : 10 11 0 0 0
BinVal : 10 12 0 0 0
BinVal : 10 13 0.666667 0.19245 0.19245
BinVal : 10 14 0.912281 0.0374692 0.0374692
BinVal : 10 15 0.94 0.0335857 0.0335857
BinVal : 10 16 0.913043 0.0415449 0.0415449
BinVal : 10 17 0.8 0.0632455 0.0632455
BinVal : 10 18 0.886792 0.0435222 0.0435222
BinVal : 10 19 0.983051 0.0168049 0.0168049
BinVal : 10 20 0.9375 0.0349386 0.0349386
BinVal : 10 21 1 0.0157046 0.0157046
BinVal : 10 22 0.975 0.0246855 0.0246855
BinVal : 10 23 0.944444 0.0539903 0.0539903
BinVal : 10 24 0.97561 0.024091 0.024091
BinVal : 10 25 0.877193 0.0434732 0.0434732
BinVal : 10 26 0.837838 0.0605974 0.0605974
BinVal : 10 27 0.977778 0.0219739 0.0219739
BinVal : 10 28 0.926829 0.0406702 0.0406702
BinVal : 10 29 0.972973 0.0266593 0.0266593
BinVal : 10 30 1 0.0495858 0.0495858
BinVal : 10 31 0 0 0
BinVal : 10 32 0 0 0
BinVal : 10 33 0 0 0
BinVal : 10 34 0 0 0
BinVal : 10 35 0 0 0
BinVal : 10 36 0 0 0
BinVal : 10 37 0 0 0
BinVal : 10 38 0 0 0
BinVal : 10 39 0 0 0
BinVal : 10 40 0 0 0
BinVal : 10 41 0 0 0
BinVal : 10 42 0 0 0
BinVal : 10 43 0 0 0
BinVal : 11 0 0 0 0
BinVal : 11 1 0 0 0
BinVal : 11 2 0 0 0
BinVal : 11 3 0 0 0
BinVal : 11 4 0 0 0
BinVal : 11 5 0 0 0
BinVal : 11 6 0 0 0
BinVal : 11 7 0 0 0
BinVal : 11 8 0 0 0
BinVal : 11 9 0 0 0
BinVal : 11 10 0 0 0
BinVal : 11 11 0 0 0
BinVal : 11 12 0 0 0
BinVal : 11 13 1 0.0668855 0.0668855
BinVal : 11 14 0.894737 0.0497845 0.0497845
BinVal : 11 15 1 0.0141568 0.0141568
BinVal : 11 16 1 0.0126033 0.0126033
BinVal : 11 17 0.892857 0.0584512 0.0584512
BinVal : 11 18 0.918033 0.0351224 0.0351224
BinVal : 11 19 0.891304 0.0458923 0.0458923
BinVal : 11 20 0.948718 0.0353199 0.0353199
BinVal : 11 21 0.938776 0.0342488 0.0342488
BinVal : 11 22 0.98 0.019799 0.019799
BinVal : 11 23 0.92 0.0542586 0.0542586
BinVal : 11 24 0.891892 0.0510487 0.0510487
BinVal : 11 25 0.827586 0.0495997 0.0495997
BinVal : 11 26 0.862069 0.0640329 0.0640329
BinVal : 11 27 1 0.0118251 0.0118251
BinVal : 11 28 0.97561 0.024091 0.024091
BinVal : 11 29 0.928571 0.0397392 0.0397392
BinVal : 11 30 1 0.0456491 0.0456491
BinVal : 11 31 0 0 0
BinVal : 11 32 0 0 0
BinVal : 11 33 0 0 0
BinVal : 11 34 0 0 0
BinVal : 11 35 0 0 0
BinVal : 11 36 0 0 0
BinVal : 11 37 0 0 0
BinVal : 11 38 0 0 0
BinVal : 11 39 0 0 0
BinVal : 11 40 0 0 0
BinVal : 11 41 0 0 0
BinVal : 11 42 0 0 0
BinVal : 11 43 0 0 0
BinVal : 12 0 0 0 0
BinVal : 12 1 0 0 0
BinVal : 12 2 0 0 0
BinVal : 12 3 0 0 0
BinVal : 12 4 0 0 0
BinVal : 12 5 0 0 0
BinVal : 12 6 0 0 0
BinVal : 12 7 0 0 0
BinVal : 12 8 0 0 0
BinVal : 12 9 0 0 0
BinVal : 12 10 0 0 0
BinVal : 12 11 0 0 0
BinVal : 12 12 0 0 0
BinVal : 12 13 1 0.102643 0.102643
BinVal : 12 14 0.962963 0.0363447 0.0363447
BinVal : 12 15 0.947368 0.0295764 0.0295764
BinVal : 12 16 0.962963 0.0256996 0.0256996
BinVal : 12 17 0.976744 0.0229838 0.0229838
BinVal : 12 18 0.816327 0.0553168 0.0553168
BinVal : 12 19 0.952381 0.0328603 0.0328603
BinVal : 12 20 0.891304 0.0458923 0.0458923
BinVal : 12 21 0.891892 0.0510487 0.0510487
BinVal : 12 22 0.979167 0.0206152 0.0206152
BinVal : 12 23 0.914286 0.0473188 0.0473188
BinVal : 12 24 0.918919 0.0448743 0.0448743
BinVal : 12 25 0.868852 0.0432203 0.0432203
BinVal : 12 26 0.928571 0.0486704 0.0486704
BinVal : 12 27 0.964286 0.0247988 0.0247988
BinVal : 12 28 0.98 0.019799 0.019799
BinVal : 12 29 0.956522 0.030068 0.030068
BinVal : 12 30 0.857143 0.13226 0.13226
BinVal : 12 31 0 0 0
BinVal : 12 32 0 0 0
BinVal : 12 33 0 0 0
BinVal : 12 34 0 0 0
BinVal : 12 35 0 0 0
BinVal : 12 36 0 0 0
BinVal : 12 37 0 0 0
BinVal : 12 38 0 0 0
BinVal : 12 39 0 0 0
BinVal : 12 40 0 0 0
BinVal : 12 41 0 0 0
BinVal : 12 42 0 0 0
BinVal : 12 43 0 0 0
BinVal : 13 0 0 0 0
BinVal : 13 1 0 0 0
BinVal : 13 2 0 0 0
BinVal : 13 3 0 0 0
BinVal : 13 4 0 0 0
BinVal : 13 5 0 0 0
BinVal : 13 6 0 0 0
BinVal : 13 7 0 0 0
BinVal : 13 8 0 0 0
BinVal : 13 9 0 0 0
BinVal : 13 10 0 0 0
BinVal : 13 11 0 0 0
BinVal : 13 12 0 0 0
BinVal : 13 13 0.846154 0.100068 0.100068
BinVal : 13 14 0.933333 0.0322031 0.0322031
BinVal : 13 15 0.982143 0.017697 0.017697
BinVal : 13 16 0.940298 0.028946 0.028946
BinVal : 13 17 0.770833 0.0606646 0.0606646
BinVal : 13 18 0.885246 0.0408085 0.0408085
BinVal : 13 19 0.959459 0.0229267 0.0229267
BinVal : 13 20 0.898551 0.0363472 0.0363472
BinVal : 13 21 0.959184 0.0282664 0.0282664
BinVal : 13 22 0.916667 0.0325723 0.0325723
BinVal : 13 23 0.865672 0.0416604 0.0416604
BinVal : 13 24 0.923077 0.0330515 0.0330515
BinVal : 13 25 0.80303 0.0489546 0.0489546
BinVal : 13 26 0.753846 0.0534303 0.0534303
BinVal : 13 27 0.923077 0.0369527 0.0369527
BinVal : 13 28 0.934211 0.0284377 0.0284377
BinVal : 13 29 0.953488 0.0321147 0.0321147
BinVal : 13 30 1 0.0871301 0.0871301
BinVal : 13 31 0 0 0
BinVal : 13 32 0 0 0
BinVal : 13 33 0 0 0
BinVal : 13 34 0 0 0
BinVal : 13 35 0 0 0
BinVal : 13 36 0 0 0
BinVal : 13 37 0 0 0
BinVal : 13 38 0 0 0
BinVal : 13 39 0 0 0
BinVal : 13 40 0 0 0
BinVal : 13 41 0 0 0
BinVal : 13 42 0 0 0
BinVal : 13 43 0 0 0
BinVal : 14 0 0 0 0
BinVal : 14 1 0 0 0
BinVal : 14 2 0 0 0
BinVal : 14 3 0 0 0
BinVal : 14 4 0 0 0
BinVal : 14 5 0 0 0
BinVal : 14 6 0 0 0
BinVal : 14 7 0 0 0
BinVal : 14 8 0 0 0
BinVal : 14 9 0 0 0
BinVal : 14 10 0 0 0
BinVal : 14 11 0 0 0
BinVal : 14 12 0 0 0
BinVal : 14 13 0.882353 0.0781425 0.0781425
BinVal : 14 14 0.95 0.0281366 0.0281366
BinVal : 14 15 0.95 0.024367 0.024367
BinVal : 14 16 0.816667 0.0499537 0.0499537
BinVal : 14 17 0.771429 0.0501891 0.0501891
BinVal : 14 18 0.865854 0.0376361 0.0376361
BinVal : 14 19 0.953125 0.0264214 0.0264214
BinVal : 14 20 0.926829 0.0287582 0.0287582
BinVal : 14 21 0.931507 0.0295635 0.0295635
BinVal : 14 22 0.961039 0.0220516 0.0220516
BinVal : 14 23 0.831325 0.0411028 0.0411028
BinVal : 14 24 0.952381 0.0268303 0.0268303
BinVal : 14 25 0.833333 0.0439205 0.0439205
BinVal : 14 26 0.702703 0.0531331 0.0531331
BinVal : 14 27 0.912281 0.0374692 0.0374692
BinVal : 14 28 0.978723 0.0148839 0.0148839
BinVal : 14 29 0.946667 0.0259458 0.0259458
BinVal : 14 30 1 0.102643 0.102643
BinVal : 14 31 0 0 0
BinVal : 14 32 0 0 0
BinVal : 14 33 0 0 0
BinVal : 14 34 0 0 0
BinVal : 14 35 0 0 0
BinVal : 14 36 0 0 0
BinVal : 14 37 0 0 0
BinVal : 14 38 0 0 0
BinVal : 14 39 0 0 0
BinVal : 14 40 0 0 0
BinVal : 14 41 0 0 0
BinVal : 14 42 0 0 0
BinVal : 14 43 0 0 0
BinVal : 15 0 0 0 0
BinVal : 15 1 0 0 0
BinVal : 15 2 0 0 0
BinVal : 15 3 0 0 0
BinVal : 15 4 0 0 0
BinVal : 15 5 0 0 0
BinVal : 15 6 0 0 0
BinVal : 15 7 0 0 0
BinVal : 15 8 0 0 0
BinVal : 15 9 0 0 0
BinVal : 15 10 0 0 0
BinVal : 15 11 0 0 0
BinVal : 15 12 0 0 0
BinVal : 15 13 1 0.0756803 0.0756803
BinVal : 15 14 0.976744 0.0229838 0.0229838
BinVal : 15 15 0.953125 0.0264214 0.0264214
BinVal : 15 16 0.888889 0.0468486 0.0468486
BinVal : 15 17 0.754717 0.0591001 0.0591001
BinVal : 15 18 0.928571 0.0397392 0.0397392
BinVal : 15 19 0.943662 0.027364 0.027364
BinVal : 15 20 0.906667 0.0335901 0.0335901
BinVal : 15 21 0.941176 0.0329478 0.0329478
BinVal : 15 22 0.93578 0.0234806 0.0234806
BinVal : 15 23 0.863636 0.0422418 0.0422418
BinVal : 15 24 0.954545 0.0256398 0.0256398
BinVal : 15 25 0.780488 0.0646428 0.0646428
BinVal : 15 26 0.662791 0.0509787 0.0509787
BinVal : 15 27 0.851852 0.0683673 0.0683673
BinVal : 15 28 0.960526 0.0223358 0.0223358
BinVal : 15 29 0.982456 0.0173893 0.0173893
BinVal : 15 30 1 0.0871301 0.0871301
BinVal : 15 31 0 0 0
BinVal : 15 32 0 0 0
BinVal : 15 33 0 0 0
BinVal : 15 34 0 0 0
BinVal : 15 35 0 0 0
BinVal : 15 36 0 0 0
BinVal : 15 37 0 0 0
BinVal : 15 38 0 0 0
BinVal : 15 39 0 0 0
BinVal : 15 40 0 0 0
BinVal : 15 41 0 0 0
BinVal : 15 42 0 0 0
BinVal : 15 43 0 0 0
BinVal : 16 0 0 0 0
BinVal : 16 1 0 0 0
BinVal : 16 2 0 0 0
BinVal : 16 3 0 0 0
BinVal : 16 4 0 0 0
BinVal : 16 5 0 0 0
BinVal : 16 6 0 0 0
BinVal : 16 7 0 0 0
BinVal : 16 8 0 0 0
BinVal : 16 9 0 0 0
BinVal : 16 10 0 0 0
BinVal : 16 11 0 0 0
BinVal : 16 12 0 0 0
BinVal : 16 13 1 0.0871301 0.0871301
BinVal : 16 14 0.933333 0.0322031 0.0322031
BinVal : 16 15 0.949153 0.0286007 0.0286007
BinVal : 16 16 0.895833 0.0440918 0.0440918
BinVal : 16 17 0.703125 0.0571101 0.0571101
BinVal : 16 18 0.818182 0.0474757 0.0474757
BinVal : 16 19 0.971831 0.019636 0.019636
BinVal : 16 20 0.871795 0.0378541 0.0378541
BinVal : 16 21 0.895522 0.0373691 0.0373691
BinVal : 16 22 0.934579 0.0239042 0.0239042
BinVal : 16 23 0.870588 0.0364069 0.0364069
BinVal : 16 24 0.94 0.0335857 0.0335857
BinVal : 16 25 0.918033 0.0351224 0.0351224
BinVal : 16 26 0.594937 0.055231 0.055231
BinVal : 16 27 0.863636 0.0517355 0.0517355
BinVal : 16 28 0.970588 0.0204891 0.0204891
BinVal : 16 29 0.961538 0.0266683 0.0266683
BinVal : 16 30 1 0.0599198 0.0599198
BinVal : 16 31 0 0 0
BinVal : 16 32 0 0 0
BinVal : 16 33 0 0 0
BinVal : 16 34 0 0 0
BinVal : 16 35 0 0 0
BinVal : 16 36 0 0 0
BinVal : 16 37 0 0 0
BinVal : 16 38 0 0 0
BinVal : 16 39 0 0 0
BinVal : 16 40 0 0 0
BinVal : 16 41 0 0 0
BinVal : 16 42 0 0 0
BinVal : 16 43 0 0 0
BinVal : 17 0 0 0 0
BinVal : 17 1 0 0 0
BinVal : 17 2 0 0 0
BinVal : 17 3 0 0 0
BinVal : 17 4 0 0 0
BinVal : 17 5 0 0 0
BinVal : 17 6 0 0 0
BinVal : 17 7 0 0 0
BinVal : 17 8 0 0 0
BinVal : 17 9 0 0 0
BinVal : 17 10 0 0 0
BinVal : 17 11 0 0 0
BinVal : 17 12 0 0 0
BinVal : 17 13 1 0.0422902 0.0422902
BinVal : 17 14 0.985714 0.0141833 0.0141833
BinVal : 17 15 0.958763 0.020189 0.020189
BinVal : 17 16 0.903226 0.0375476 0.0375476
BinVal : 17 17 0.810127 0.044126 0.044126
BinVal : 17 18 0.881579 0.0370628 0.0370628
BinVal : 17 19 0.97561 0.0170349 0.0170349
BinVal : 17 20 0.950413 0.0197354 0.0197354
BinVal : 17 21 0.857143 0.0381802 0.0381802
BinVal : 17 22 0.967213 0.0161225 0.0161225
BinVal : 17 23 0.92233 0.0263725 0.0263725
BinVal : 17 24 0.969697 0.0211003 0.0211003
BinVal : 17 25 0.8125 0.0563367 0.0563367
BinVal : 17 26 0.633333 0.0507961 0.0507961
BinVal : 17 27 0.935484 0.0312001 0.0312001
BinVal : 17 28 1 0.00648546 0.00648546
BinVal : 17 29 0.964286 0.0202481 0.0202481
BinVal : 17 30 0.9375 0.0605154 0.0605154
BinVal : 17 31 0 0 0
BinVal : 17 32 0 0 0
BinVal : 17 33 0 0 0
BinVal : 17 34 0 0 0
BinVal : 17 35 0 0 0
BinVal : 17 36 0 0 0
BinVal : 17 37 0 0 0
BinVal : 17 38 0 0 0
BinVal : 17 39 0 0 0
BinVal : 17 40 0 0 0
BinVal : 17 41 0 0 0
BinVal : 17 42 0 0 0
BinVal : 17 43 0 0 0
BinVal : 18 0 0 0 0
BinVal : 18 1 0 0 0
BinVal : 18 2 0 0 0
BinVal : 18 3 0 0 0
BinVal : 18 4 0 0 0
BinVal : 18 5 0 0 0
BinVal : 18 6 0 0 0
BinVal : 18 7 0 0 0
BinVal : 18 8 0 0 0
BinVal : 18 9 0 0 0
BinVal : 18 10 0 0 0
BinVal : 18 11 0 0 0
BinVal : 18 12 0 0 0
BinVal : 18 13 1 0.0456491 0.0456491
BinVal : 18 14 0.968085 0.0181297 0.0181297
BinVal : 18 15 0.94382 0.0244084 0.0244084
BinVal : 18 16 0.898305 0.0393492 0.0393492
BinVal : 18 17 0.84127 0.0460391 0.0460391
BinVal : 18 18 0.785714 0.0490433 0.0490433
BinVal : 18 19 0.971831 0.019636 0.019636
BinVal : 18 20 0.932692 0.0245689 0.0245689
BinVal : 18 21 0.907895 0.0331706 0.0331706
BinVal : 18 22 0.906542 0.0281391 0.0281391
BinVal : 18 23 0.9 0.0316228 0.0316228
BinVal : 18 24 0.957747 0.0238741 0.0238741
BinVal : 18 25 0.871429 0.0400073 0.0400073
BinVal : 18 26 0.827586 0.0495997 0.0495997
BinVal : 18 27 0.972222 0.0193671 0.0193671
BinVal : 18 28 0.960526 0.0223358 0.0223358
BinVal : 18 29 0.943662 0.027364 0.027364
BinVal : 18 30 1 0.0495858 0.0495858
BinVal : 18 31 0 0 0
BinVal : 18 32 0 0 0
BinVal : 18 33 0 0 0
BinVal : 18 34 0 0 0
BinVal : 18 35 0 0 0
BinVal : 18 36 0 0 0
BinVal : 18 37 0 0 0
BinVal : 18 38 0 0 0
BinVal : 18 39 0 0 0
BinVal : 18 40 0 0 0
BinVal : 18 41 0 0 0
BinVal : 18 42 0 0 0
BinVal : 18 43 0 0 0
BinVal : 19 0 0 0 0
BinVal : 19 1 0 0 0
BinVal : 19 2 0 0 0
BinVal : 19 3 0 0 0
BinVal : 19 4 0 0 0
BinVal : 19 5 0 0 0
BinVal : 19 6 0 0 0
BinVal : 19 7 0 0 0
BinVal : 19 8 0 0 0
BinVal : 19 9 0 0 0
BinVal : 19 10 0 0 0
BinVal : 19 11 0 0 0
BinVal : 19 12 0 0 0
BinVal : 19 13 1 0.0422902 0.0422902
BinVal : 19 14 0.962963 0.0256996 0.0256996
BinVal : 19 15 1 0.0113578 0.0113578
BinVal : 19 16 0.949153 0.0286007 0.0286007
BinVal : 19 17 0.814815 0.0747568 0.0747568
BinVal : 19 18 0.8 0.0730297 0.0730297
BinVal : 19 19 0.824324 0.0442373 0.0442373
BinVal : 19 20 0.72 0.0897998 0.0897998
BinVal : 19 21 0.840909 0.0551405 0.0551405
BinVal : 19 22 0.830769 0.0465075 0.0465075
BinVal : 19 23 0.666667 0.0860663 0.0860663
BinVal : 19 24 0.791667 0.0828982 0.0828982
BinVal : 19 25 0.771429 0.0709782 0.0709782
BinVal : 19 26 0.833333 0.0575055 0.0575055
BinVal : 19 27 0.980769 0.019045 0.019045
BinVal : 19 28 0.963636 0.0252411 0.0252411
BinVal : 19 29 0.911765 0.0486433 0.0486433
BinVal : 19 30 0.833333 0.152145 0.152145
BinVal : 19 31 0 0 0
BinVal : 19 32 0 0 0
BinVal : 19 33 0 0 0
BinVal : 19 34 0 0 0
BinVal : 19 35 0 0 0
BinVal : 19 36 0 0 0
BinVal : 19 37 0 0 0
BinVal : 19 38 0 0 0
BinVal : 19 39 0 0 0
BinVal : 19 40 0 0 0
BinVal : 19 41 0 0 0
BinVal : 19 42 0 0 0
BinVal : 19 43 0 0 0
BinVal : 20 0 0 0 0
BinVal : 20 1 0 0 0
BinVal : 20 2 0 0 0
BinVal : 20 3 0 0 0
BinVal : 20 4 0 0 0
BinVal : 20 5 0 0 0
BinVal : 20 6 0 0 0
BinVal : 20 7 0 0 0
BinVal : 20 8 0 0 0
BinVal : 20 9 0 0 0
BinVal : 20 10 0 0 0
BinVal : 20 11 0 0 0
BinVal : 20 12 0 0 0
BinVal : 20 13 0.9 0.0948683 0.0948683
BinVal : 20 14 0.963636 0.0252411 0.0252411
BinVal : 20 15 0.923077 0.0330515 0.0330515
BinVal : 20 16 0.909091 0.0612909 0.0612909
BinVal : 20 17 0.857143 0.093522 0.093522
BinVal : 20 18 0.692308 0.128008 0.128008
BinVal : 20 19 0.673469 0.066992 0.066992
BinVal : 20 20 0.744186 0.0470494 0.0470494
BinVal : 20 21 0.829545 0.0400851 0.0400851
BinVal : 20 22 0.767123 0.0494691 0.0494691
BinVal : 20 23 0.913043 0.0587534 0.0587534
BinVal : 20 24 0.457143 0.0842044 0.0842044
BinVal : 20 25 0.384615 0.134932 0.134932
BinVal : 20 26 0.5 0.125 0.125
BinVal : 20 27 0.9 0.067082 0.067082
BinVal : 20 28 0.979592 0.0201988 0.0201988
BinVal : 20 29 0.97619 0.0235244 0.0235244
BinVal : 20 30 0.875 0.116927 0.116927
BinVal : 20 31 0 0 0
BinVal : 20 32 0 0 0
BinVal : 20 33 0 0 0
BinVal : 20 34 0 0 0
BinVal : 20 35 0 0 0
BinVal : 20 36 0 0 0
BinVal : 20 37 0 0 0
BinVal : 20 38 0 0 0
BinVal : 20 39 0 0 0
BinVal : 20 40 0 0 0
BinVal : 20 41 0 0 0
BinVal : 20 42 0 0 0
BinVal : 20 43 0 0 0
BinVal : 21 0 0 0 0
BinVal : 21 1 0 0 0
BinVal : 21 2 0 0 0
BinVal : 21 3 0 0 0
BinVal : 21 4 0 0 0
BinVal : 21 5 0 0 0
BinVal : 21 6 0 0 0
BinVal : 21 7 0 0 0
BinVal : 21 8 0 0 0
BinVal : 21 9 0 0 0
BinVal : 21 10 0 0 0
BinVal : 21 11 0 0 0
BinVal : 21 12 0 0 0
BinVal : 21 13 1 0.0346427 0.0346427
BinVal : 21 14 0.915493 0.0330099 0.0330099
BinVal : 21 15 0.909091 0.0387638 0.0387638
BinVal : 21 16 0.695652 0.0959439 0.0959439
BinVal : 21 17 0.539474 0.0571749 0.0571749
BinVal : 21 18 0.638889 0.0800538 0.0800538
BinVal : 21 19 0.764706 0.0460091 0.0460091
BinVal : 21 20 0.744898 0.0440344 0.0440344
BinVal : 21 21 0.916667 0.0265952 0.0265952
BinVal : 21 22 0.933333 0.0243432 0.0243432
BinVal : 21 23 0.829787 0.0548189 0.0548189
BinVal : 21 24 0.586957 0.0725975 0.0725975
BinVal : 21 25 0.527778 0.0832046 0.0832046
BinVal : 21 26 0.59375 0.0613915 0.0613915
BinVal : 21 27 0.888889 0.104757 0.104757
BinVal : 21 28 0.859155 0.0412836 0.0412836
BinVal : 21 29 0.962025 0.0215044 0.0215044
BinVal : 21 30 0.846154 0.100068 0.100068
BinVal : 21 31 0 0 0
BinVal : 21 32 0 0 0
BinVal : 21 33 0 0 0
BinVal : 21 34 0 0 0
BinVal : 21 35 0 0 0
BinVal : 21 36 0 0 0
BinVal : 21 37 0 0 0
BinVal : 21 38 0 0 0
BinVal : 21 39 0 0 0
BinVal : 21 40 0 0 0
BinVal : 21 41 0 0 0
BinVal : 21 42 0 0 0
BinVal : 21 43 0 0 0
BinVal : 22 0 0 0 0
BinVal : 22 1 0 0 0
BinVal : 22 2 0 0 0
BinVal : 22 3 0 0 0
BinVal : 22 4 0 0 0
BinVal : 22 5 0 0 0
BinVal : 22 6 0 0 0
BinVal : 22 7 0 0 0
BinVal : 22 8 0 0 0
BinVal : 22 9 0 0 0
BinVal : 22 10 0 0 0
BinVal : 22 11 0 0 0
BinVal : 22 12 0 0 0
BinVal : 22 13 0.9375 0.0605154 0.0605154
BinVal : 22 14 0.935065 0.0280812 0.0280812
BinVal : 22 15 0.842105 0.0591528 0.0591528
BinVal : 22 16 0 0 0
BinVal : 22 17 0 0 0
BinVal : 22 18 0 0 0
BinVal : 22 19 0 0 0
BinVal : 22 20 0 0 0
BinVal : 22 21 0 0 0
BinVal : 22 22 0.5 0.353553 0.353553
BinVal : 22 23 0 0 0
BinVal : 22 24 0 0 0
BinVal : 22 25 0 0 0
BinVal : 22 26 0 0 0
BinVal : 22 27 0.5 0.353553 0.353553
BinVal : 22 28 0.9 0.0474342 0.0474342
BinVal : 22 29 0.953125 0.0264214 0.0264214
BinVal : 22 30 1 0.0346427 0.0346427
BinVal : 22 31 0 0 0
BinVal : 22 32 0 0 0
BinVal : 22 33 0 0 0
BinVal : 22 34 0 0 0
BinVal : 22 35 0 0 0
BinVal : 22 36 0 0 0
BinVal : 22 37 0 0 0
BinVal : 22 38 0 0 0
BinVal : 22 39 0 0 0
BinVal : 22 40 0 0 0
BinVal : 22 41 0 0 0
BinVal : 22 42 0 0 0
BinVal : 22 43 0 0 0
BinVal : 23 0 0 0 0
BinVal : 23 1 0 0 0
BinVal : 23 2 0 0 0
BinVal : 23 3 0 0 0
BinVal : 23 4 0 0 0
BinVal : 23 5 0 0 0
BinVal : 23 6 0 0 0
BinVal : 23 7 0 0 0
BinVal : 23 8 0 0 0
BinVal : 23 9 0 0 0
BinVal : 23 10 0 0 0
BinVal : 23 11 0 0 0
BinVal : 23 12 0 0 0
BinVal : 23 13 1 0.039392 0.039392
BinVal : 23 14 0.933333 0.0322031 0.0322031
BinVal : 23 15 0.826087 0.0790342 0.0790342
BinVal : 23 16 0 0 0
BinVal : 23 17 0 0 0
BinVal : 23 18 0 0 0
BinVal : 23 19 0 0 0
BinVal : 23 20 1 0.218486 0.218486
BinVal : 23 21 0 0 0
BinVal : 23 22 0 0 0
BinVal : 23 23 0 0 0
BinVal : 23 24 0 0 0
BinVal : 23 25 0 0 0
BinVal : 23 26 0 0 0
BinVal : 23 27 0 0 0
BinVal : 23 28 0.83871 0.0660586 0.0660586
BinVal : 23 29 0.909091 0.0387638 0.0387638
BinVal : 23 30 1 0.0346427 0.0346427
BinVal : 23 31 0 0 0
BinVal : 23 32 0 0 0
BinVal : 23 33 0 0 0
BinVal : 23 34 0 0 0
BinVal : 23 35 0 0 0
BinVal : 23 36 0 0 0
BinVal : 23 37 0 0 0
BinVal : 23 38 0 0 0
BinVal : 23 39 0 0 0
BinVal : 23 40 0 0 0
BinVal : 23 41 0 0 0
BinVal : 23 42 0 0 0
BinVal : 23 43 0 0 0
BinVal : 24 0 0 0 0
BinVal : 24 1 0 0 0
BinVal : 24 2 0 0 0
BinVal : 24 3 0 0 0
BinVal : 24 4 0 0 0
BinVal : 24 5 0 0 0
BinVal : 24 6 0 0 0
BinVal : 24 7 0 0 0
BinVal : 24 8 0 0 0
BinVal : 24 9 0 0 0
BinVal : 24 10 0 0 0
BinVal : 24 11 0 0 0
BinVal : 24 12 0 0 0
BinVal : 24 13 0.916667 0.0797856 0.0797856
BinVal : 24 14 1 0.0123324 0.0123324
BinVal : 24 15 0.730769 0.0869893 0.0869893
BinVal : 24 16 0 0 0
BinVal : 24 17 0 0 0
BinVal : 24 18 0 0 0
BinVal : 24 19 0 0 0
BinVal : 24 20 1 0.218486 0.218486
BinVal : 24 21 0 0 0
BinVal : 24 22 0 0 0
BinVal : 24 23 0 0 0
BinVal : 24 24 0 0 0
BinVal : 24 25 0 0 0
BinVal : 24 26 0 0 0
BinVal : 24 27 0 0 0
BinVal : 24 28 0.772727 0.0893461 0.0893461
BinVal : 24 29 0.965517 0.0239589 0.0239589
BinVal : 24 30 0.857143 0.13226 0.13226
BinVal : 24 31 0 0 0
BinVal : 24 32 0 0 0
BinVal : 24 33 0 0 0
BinVal : 24 34 0 0 0
BinVal : 24 35 0 0 0
BinVal : 24 36 0 0 0
BinVal : 24 37 0 0 0
BinVal : 24 38 0 0 0
BinVal : 24 39 0 0 0
BinVal : 24 40 0 0 0
BinVal : 24 41 0 0 0
BinVal : 24 42 0 0 0
BinVal : 24 43 0 0 0
BinVal : 25 0 0 0 0
BinVal : 25 1 0 0 0
BinVal : 25 2 0 0 0
BinVal : 25 3 0 0 0
BinVal : 25 4 0 0 0
BinVal : 25 5 0 0 0
BinVal : 25 6 0 0 0
BinVal : 25 7 0 0 0
BinVal : 25 8 0 0 0
BinVal : 25 9 0 0 0
BinVal : 25 10 0 0 0
BinVal : 25 11 0 0 0
BinVal : 25 12 0 0 0
BinVal : 25 13 0.9 0.067082 0.067082
BinVal : 25 14 0.970588 0.0204891 0.0204891
BinVal : 25 15 0.833333 0.0760726 0.0760726
BinVal : 25 16 1 0.218486 0.218486
BinVal : 25 17 0 0 0
BinVal : 25 18 0 0 0
BinVal : 25 19 0 0 0
BinVal : 25 20 0 0 0
BinVal : 25 21 0 0 0
BinVal : 25 22 0 0 0
BinVal : 25 23 1 0.218486 0.218486
BinVal : 25 24 0 0 0
BinVal : 25 25 0 0 0
BinVal : 25 26 0 0 0
BinVal : 25 27 0 0 0
BinVal : 25 28 0.866667 0.0506745 0.0506745
BinVal : 25 29 0.945455 0.0306209 0.0306209
BinVal : 25 30 1 0.0542655 0.0542655
BinVal : 25 31 0 0 0
BinVal : 25 32 0 0 0
BinVal : 25 33 0 0 0
BinVal : 25 34 0 0 0
BinVal : 25 35 0 0 0
BinVal : 25 36 0 0 0
BinVal : 25 37 0 0 0
BinVal : 25 38 0 0 0
BinVal : 25 39 0 0 0
BinVal : 25 40 0 0 0
BinVal : 25 41 0 0 0
BinVal : 25 42 0 0 0
BinVal : 25 43 0 0 0
BinVal : 26 0 0 0 0
BinVal : 26 1 0 0 0
BinVal : 26 2 0 0 0
BinVal : 26 3 0 0 0
BinVal : 26 4 0 0 0
BinVal : 26 5 0 0 0
BinVal : 26 6 0 0 0
BinVal : 26 7 0 0 0
BinVal : 26 8 0 0 0
BinVal : 26 9 0 0 0
BinVal : 26 10 0 0 0
BinVal : 26 11 0 0 0
BinVal : 26 12 0 0 0
BinVal : 26 13 0.933333 0.0644061 0.0644061
BinVal : 26 14 0.95 0.0281366 0.0281366
BinVal : 26 15 0.913043 0.0415449 0.0415449
BinVal : 26 16 1 0.0756803 0.0756803
BinVal : 26 17 0.632653 0.0688689 0.0688689
BinVal : 26 18 0.666667 0.082061 0.082061
BinVal : 26 19 0.641026 0.0543153 0.0543153
BinVal : 26 20 0.809524 0.0428445 0.0428445
BinVal : 26 21 0.915493 0.0330099 0.0330099
BinVal : 26 22 0.86747 0.0372173 0.0372173
BinVal : 26 23 0.954545 0.0314022 0.0314022
BinVal : 26 24 0.72549 0.0624899 0.0624899
BinVal : 26 25 0.59375 0.0868207 0.0868207
BinVal : 26 26 0.6 0.0828079 0.0828079
BinVal : 26 27 0.888889 0.104757 0.104757
BinVal : 26 28 0.955556 0.0307207 0.0307207
BinVal : 26 29 0.965517 0.0239589 0.0239589
BinVal : 26 30 0.8125 0.0975781 0.0975781
BinVal : 26 31 0 0 0
BinVal : 26 32 0 0 0
BinVal : 26 33 0 0 0
BinVal : 26 34 0 0 0
BinVal : 26 35 0 0 0
BinVal : 26 36 0 0 0
BinVal : 26 37 0 0 0
BinVal : 26 38 0 0 0
BinVal : 26 39 0 0 0
BinVal : 26 40 0 0 0
BinVal : 26 41 0 0 0
BinVal : 26 42 0 0 0
BinVal : 26 43 0 0 0
BinVal : 27 0 0 0 0
BinVal : 27 1 0 0 0
BinVal : 27 2 0 0 0
BinVal : 27 3 0 0 0
BinVal : 27 4 0 0 0
BinVal : 27 5 0 0 0
BinVal : 27 6 0 0 0
BinVal : 27 7 0 0 0
BinVal : 27 8 0 0 0
BinVal : 27 9 0 0 0
BinVal : 27 10 0 0 0
BinVal : 27 11 0 0 0
BinVal : 27 12 0 0 0
BinVal : 27 13 1 0.0422902 0.0422902
BinVal : 27 14 0.9375 0.0427908 0.0427908
BinVal : 27 15 0.945455 0.0306209 0.0306209
BinVal : 27 16 0.888889 0.0740741 0.0740741
BinVal : 27 17 0.647059 0.115904 0.115904
BinVal : 27 18 0.625 0.171163 0.171163
BinVal : 27 19 0.642857 0.0739356 0.0739356
BinVal : 27 20 0.616279 0.0524381 0.0524381
BinVal : 27 21 0.833333 0.0392837 0.0392837
BinVal : 27 22 0.825581 0.0409192 0.0409192
BinVal : 27 23 0.705882 0.11051 0.11051
BinVal : 27 24 0.566667 0.090472 0.090472
BinVal : 27 25 0.5 0.133631 0.133631
BinVal : 27 26 0.75 0.153093 0.153093
BinVal : 27 27 0.793103 0.0752216 0.0752216
BinVal : 27 28 0.944444 0.0311713 0.0311713
BinVal : 27 29 1 0.0111375 0.0111375
BinVal : 27 30 1 0.0293374 0.0293374
BinVal : 27 31 0 0 0
BinVal : 27 32 0 0 0
BinVal : 27 33 0 0 0
BinVal : 27 34 0 0 0
BinVal : 27 35 0 0 0
BinVal : 27 36 0 0 0
BinVal : 27 37 0 0 0
BinVal : 27 38 0 0 0
BinVal : 27 39 0 0 0
BinVal : 27 40 0 0 0
BinVal : 27 41 0 0 0
BinVal : 27 42 0 0 0
BinVal : 27 43 0 0 0
BinVal : 28 0 0 0 0
BinVal : 28 1 0 0 0
BinVal : 28 2 0 0 0
BinVal : 28 3 0 0 0
BinVal : 28 4 0 0 0
BinVal : 28 5 0 0 0
BinVal : 28 6 0 0 0
BinVal : 28 7 0 0 0
BinVal : 28 8 0 0 0
BinVal : 28 9 0 0 0
BinVal : 28 10 0 0 0
BinVal : 28 11 0 0 0
BinVal : 28 12 0 0 0
BinVal : 28 13 1 0.0495858 0.0495858
BinVal : 28 14 0.973684 0.0259672 0.0259672
BinVal : 28 15 0.98 0.019799 0.019799
BinVal : 28 16 0.903226 0.0375476 0.0375476
BinVal : 28 17 0.886364 0.0478452 0.0478452
BinVal : 28 18 0.75 0.0968246 0.0968246
BinVal : 28 19 0.852459 0.0454076 0.0454076
BinVal : 28 20 0.676471 0.0802309 0.0802309
BinVal : 28 21 0.766667 0.0546029 0.0546029
BinVal : 28 22 0.792453 0.0557067 0.0557067
BinVal : 28 23 0.913043 0.0587534 0.0587534
BinVal : 28 24 0.857143 0.0763604 0.0763604
BinVal : 28 25 0.678571 0.0882594 0.0882594
BinVal : 28 26 0.818182 0.0671408 0.0671408
BinVal : 28 27 0.887097 0.0401923 0.0401923
BinVal : 28 28 0.964912 0.0243716 0.0243716
BinVal : 28 29 0.98 0.019799 0.019799
BinVal : 28 30 1 0.0871301 0.0871301
BinVal : 28 31 0 0 0
BinVal : 28 32 0 0 0
BinVal : 28 33 0 0 0
BinVal : 28 34 0 0 0
BinVal : 28 35 0 0 0
BinVal : 28 36 0 0 0
BinVal : 28 37 0 0 0
BinVal : 28 38 0 0 0
BinVal : 28 39 0 0 0
BinVal : 28 40 0 0 0
BinVal : 28 41 0 0 0
BinVal : 28 42 0 0 0
BinVal : 28 43 0 0 0
BinVal : 29 0 0 0 0
BinVal : 29 1 0 0 0
BinVal : 29 2 0 0 0
BinVal : 29 3 0 0 0
BinVal : 29 4 0 0 0
BinVal : 29 5 0 0 0
BinVal : 29 6 0 0 0
BinVal : 29 7 0 0 0
BinVal : 29 8 0 0 0
BinVal : 29 9 0 0 0
BinVal : 29 10 0 0 0
BinVal : 29 11 0 0 0
BinVal : 29 12 0 0 0
BinVal : 29 13 1 0.0668855 0.0668855
BinVal : 29 14 0.912281 0.0374692 0.0374692
BinVal : 29 15 0.962264 0.026175 0.026175
BinVal : 29 16 0.952381 0.0268303 0.0268303
BinVal : 29 17 0.934426 0.0316937 0.0316937
BinVal : 29 18 0.792453 0.0557067 0.0557067
BinVal : 29 19 0.973684 0.0183616 0.0183616
BinVal : 29 20 0.902778 0.0349146 0.0349146
BinVal : 29 21 0.97619 0.0166342 0.0166342
BinVal : 29 22 0.97561 0.0170349 0.0170349
BinVal : 29 23 0.805556 0.0466422 0.0466422
BinVal : 29 24 0.932584 0.0265785 0.0265785
BinVal : 29 25 0.791209 0.042607 0.042607
BinVal : 29 26 0.725806 0.0566556 0.0566556
BinVal : 29 27 0.971014 0.0201966 0.0201966
BinVal : 29 28 0.973333 0.0186031 0.0186031
BinVal : 29 29 0.9375 0.0302577 0.0302577
BinVal : 29 30 1 0.0668855 0.0668855
BinVal : 29 31 0 0 0
BinVal : 29 32 0 0 0
BinVal : 29 33 0 0 0
BinVal : 29 34 0 0 0
BinVal : 29 35 0 0 0
BinVal : 29 36 0 0 0
BinVal : 29 37 0 0 0
BinVal : 29 38 0 0 0
BinVal : 29 39 0 0 0
BinVal : 29 40 0 0 0
BinVal : 29 41 0 0 0
BinVal : 29 42 0 0 0
BinVal : 29 43 0 0 0
BinVal : 30 0 0 0 0
BinVal : 30 1 0 0 0
BinVal : 30 2 0 0 0
BinVal : 30 3 0 0 0
BinVal : 30 4 0 0 0
BinVal : 30 5 0 0 0
BinVal : 30 6 0 0 0
BinVal : 30 7 0 0 0
BinVal : 30 8 0 0 0
BinVal : 30 9 0 0 0
BinVal : 30 10 0 0 0
BinVal : 30 11 0 0 0
BinVal : 30 12 0 0 0
BinVal : 30 13 0.916667 0.0797856 0.0797856
BinVal : 30 14 0.955882 0.0249031 0.0249031
BinVal : 30 15 0.984848 0.0150363 0.0150363
BinVal : 30 16 0.912281 0.0374692 0.0374692
BinVal : 30 17 0.825397 0.0478285 0.0478285
BinVal : 30 18 0.869565 0.0496557 0.0496557
BinVal : 30 19 0.969231 0.0214198 0.0214198
BinVal : 30 20 0.904255 0.0303486 0.0303486
BinVal : 30 21 0.954955 0.0196858 0.0196858
BinVal : 30 22 0.893805 0.0289824 0.0289824
BinVal : 30 23 0.886792 0.0307748 0.0307748
BinVal : 30 24 0.973333 0.0186031 0.0186031
BinVal : 30 25 0.824561 0.0503775 0.0503775
BinVal : 30 26 0.658537 0.0523667 0.0523667
BinVal : 30 27 0.928571 0.0344151 0.0344151
BinVal : 30 28 0.973684 0.0183616 0.0183616
BinVal : 30 29 0.955224 0.0252661 0.0252661
BinVal : 30 30 1 0.0309157 0.0309157
BinVal : 30 31 0 0 0
BinVal : 30 32 0 0 0
BinVal : 30 33 0 0 0
BinVal : 30 34 0 0 0
BinVal : 30 35 0 0 0
BinVal : 30 36 0 0 0
BinVal : 30 37 0 0 0
BinVal : 30 38 0 0 0
BinVal : 30 39 0 0 0
BinVal : 30 40 0 0 0
BinVal : 30 41 0 0 0
BinVal : 30 42 0 0 0
BinVal : 30 43 0 0 0
BinVal : 31 0 0 0 0
BinVal : 31 1 0 0 0
BinVal : 31 2 0 0 0
BinVal : 31 3 0 0 0
BinVal : 31 4 0 0 0
BinVal : 31 5 0 0 0
BinVal : 31 6 0 0 0
BinVal : 31 7 0 0 0
BinVal : 31 8 0 0 0
BinVal : 31 9 0 0 0
BinVal : 31 10 0 0 0
BinVal : 31 11 0 0 0
BinVal : 31 12 0 0 0
BinVal : 31 13 1 0.0368657 0.0368657
BinVal : 31 14 0.957447 0.0294425 0.0294425
BinVal : 31 15 0.905405 0.0340204 0.0340204
BinVal : 31 16 0.942308 0.0323336 0.0323336
BinVal : 31 17 0.803279 0.0508972 0.0508972
BinVal : 31 18 0.88 0.0459565 0.0459565
BinVal : 31 19 0.959459 0.0229267 0.0229267
BinVal : 31 20 0.9125 0.0315919 0.0315919
BinVal : 31 21 0.92 0.0313262 0.0313262
BinVal : 31 22 0.950495 0.0215843 0.0215843
BinVal : 31 23 0.902439 0.0327673 0.0327673
BinVal : 31 24 0.984127 0.0157465 0.0157465
BinVal : 31 25 0.875 0.0441942 0.0441942
BinVal : 31 26 0.8 0.046188 0.046188
BinVal : 31 27 0.875 0.0522913 0.0522913
BinVal : 31 28 0.952941 0.0229691 0.0229691
BinVal : 31 29 0.968254 0.0220886 0.0220886
BinVal : 31 30 1 0.039392 0.039392
BinVal : 31 31 0 0 0
BinVal : 31 32 0 0 0
BinVal : 31 33 0 0 0
BinVal : 31 34 0 0 0
BinVal : 31 35 0 0 0
BinVal : 31 36 0 0 0
BinVal : 31 37 0 0 0
BinVal : 31 38 0 0 0
BinVal : 31 39 0 0 0
BinVal : 31 40 0 0 0
BinVal : 31 41 0 0 0
BinVal : 31 42 0 0 0
BinVal : 31 43 0 0 0


