Comments : cosmic veto applied 
EffMethod : TagAndProbe 
EffName : eff 
EffType : Binned 
EffVarNames : phi deteta 
EffVersion : 5 
ObjQuality : l3l6 
ObjRelativeTo : loose_l1wtlx_l2m3 
ObjType : Muon 
ObjVersion : 1 
RunRangeHigh : 216000 
RunRangeLow : 194600 
TriggerVersionHigh : 14.99 
TriggerVersionLow : 13 
BinEdgesX : 0 0.19635 0.3927 0.58905 0.7854 0.98175 1.1781 1.37445 1.5708 1.76715 1.9635 2.15985 2.3562 2.55255 2.7489 2.94525 3.1416 3.33795 3.5343 3.73065 3.927 4.12335 4.3197 4.51605 4.7124 4.90875 5.1051 5.30145 5.4978 5.69415 5.8905 6.08685 6.2832 
BinEdgesY : -4.2 -4.00909 -3.81818 -3.62727 -3.43636 -3.24545 -3.05455 -2.86364 -2.67273 -2.48182 -2.29091 -2.1 -1.90909 -1.71818 -1.52727 -1.33636 -1.14545 -0.954545 -0.763636 -0.572727 -0.381818 -0.190909 0 0.190909 0.381818 0.572727 0.763636 0.954545 1.14545 1.33636 1.52727 1.71818 1.90909 2.1 2.29091 2.48182 2.67273 2.86364 3.05455 3.24545 3.43636 3.62727 3.81818 4.00909 4.2 
BinVal : 0 0 0 0 0
BinVal : 0 1 0 0 0
BinVal : 0 2 0 0 0
BinVal : 0 3 0 0 0
BinVal : 0 4 0 0 0
BinVal : 0 5 0 0 0
BinVal : 0 6 0 0 0
BinVal : 0 7 0 0 0
BinVal : 0 8 0 0 0
BinVal : 0 9 0 0 0
BinVal : 0 10 0 0 0
BinVal : 0 11 0 0 0
BinVal : 0 12 0 0 0
BinVal : 0 13 0.95 0.048734 0.048734
BinVal : 0 14 0.951613 0.027252 0.027252
BinVal : 0 15 0.955224 0.0252661 0.0252661
BinVal : 0 16 0.863636 0.0422418 0.0422418
BinVal : 0 17 0.733333 0.0510628 0.0510628
BinVal : 0 18 0.857143 0.0539949 0.0539949
BinVal : 0 19 0.955224 0.0252661 0.0252661
BinVal : 0 20 0.87234 0.0344196 0.0344196
BinVal : 0 21 0.903846 0.0289077 0.0289077
BinVal : 0 22 0.905263 0.0300459 0.0300459
BinVal : 0 23 0.844037 0.0347519 0.0347519
BinVal : 0 24 0.947368 0.0256139 0.0256139
BinVal : 0 25 0.854839 0.0447375 0.0447375
BinVal : 0 26 0.777778 0.0438228 0.0438228
BinVal : 0 27 0.8 0.0565685 0.0565685
BinVal : 0 28 0.987952 0.0119754 0.0119754
BinVal : 0 29 0.961538 0.0266683 0.0266683
BinVal : 0 30 0.916667 0.0797856 0.0797856
BinVal : 0 31 0 0 0
BinVal : 0 32 0 0 0
BinVal : 0 33 0 0 0
BinVal : 0 34 0 0 0
BinVal : 0 35 0 0 0
BinVal : 0 36 0 0 0
BinVal : 0 37 0 0 0
BinVal : 0 38 0 0 0
BinVal : 0 39 0 0 0
BinVal : 0 40 0 0 0
BinVal : 0 41 0 0 0
BinVal : 0 42 0 0 0
BinVal : 0 43 0 0 0
BinVal : 1 0 0 0 0
BinVal : 1 1 0 0 0
BinVal : 1 2 0 0 0
BinVal : 1 3 0 0 0
BinVal : 1 4 0 0 0
BinVal : 1 5 0 0 0
BinVal : 1 6 0 0 0
BinVal : 1 7 0 0 0
BinVal : 1 8 0 0 0
BinVal : 1 9 0 0 0
BinVal : 1 10 0 0 0
BinVal : 1 11 0 0 0
BinVal : 1 12 0 0 0
BinVal : 1 13 0.916667 0.0797856 0.0797856
BinVal : 1 14 0.919192 0.0273913 0.0273913
BinVal : 1 15 0.952381 0.0232357 0.0232357
BinVal : 1 16 0.905882 0.031671 0.031671
BinVal : 1 17 0.806122 0.0399348 0.0399348
BinVal : 1 18 0.792453 0.0557067 0.0557067
BinVal : 1 19 0.988889 0.0110492 0.0110492
BinVal : 1 20 0.893939 0.0268006 0.0268006
BinVal : 1 21 0.938356 0.0199045 0.0199045
BinVal : 1 22 0.929078 0.0216176 0.0216176
BinVal : 1 23 0.808081 0.0395794 0.0395794
BinVal : 1 24 0.971154 0.0164124 0.0164124
BinVal : 1 25 0.833333 0.0406625 0.0406625
BinVal : 1 26 0.773333 0.0483444 0.0483444
BinVal : 1 27 0.917808 0.0321461 0.0321461
BinVal : 1 28 0.934066 0.026015 0.026015
BinVal : 1 29 0.953846 0.0260247 0.0260247
BinVal : 1 30 1 0.0326734 0.0326734
BinVal : 1 31 0 0 0
BinVal : 1 32 0 0 0
BinVal : 1 33 0 0 0
BinVal : 1 34 0 0 0
BinVal : 1 35 0 0 0
BinVal : 1 36 0 0 0
BinVal : 1 37 0 0 0
BinVal : 1 38 0 0 0
BinVal : 1 39 0 0 0
BinVal : 1 40 0 0 0
BinVal : 1 41 0 0 0
BinVal : 1 42 0 0 0
BinVal : 1 43 0 0 0
BinVal : 2 0 0 0 0
BinVal : 2 1 0 0 0
BinVal : 2 2 0 0 0
BinVal : 2 3 0 0 0
BinVal : 2 4 0 0 0
BinVal : 2 5 0 0 0
BinVal : 2 6 0 0 0
BinVal : 2 7 0 0 0
BinVal : 2 8 0 0 0
BinVal : 2 9 0 0 0
BinVal : 2 10 0 0 0
BinVal : 2 11 0 0 0
BinVal : 2 12 0 0 0
BinVal : 2 13 0.857143 0.13226 0.13226
BinVal : 2 14 0.964706 0.0200142 0.0200142
BinVal : 2 15 0.967742 0.0183214 0.0183214
BinVal : 2 16 0.936709 0.0273943 0.0273943
BinVal : 2 17 0.816092 0.0415346 0.0415346
BinVal : 2 18 0.790323 0.051699 0.051699
BinVal : 2 19 0.926829 0.0287582 0.0287582
BinVal : 2 20 0.87963 0.0313111 0.0313111
BinVal : 2 21 0.928 0.0231199 0.0231199
BinVal : 2 22 0.935185 0.0236905 0.0236905
BinVal : 2 23 0.829545 0.0400851 0.0400851
BinVal : 2 24 0.941748 0.0230784 0.0230784
BinVal : 2 25 0.88172 0.0334872 0.0334872
BinVal : 2 26 0.826087 0.0456304 0.0456304
BinVal : 2 27 0.926829 0.0287582 0.0287582
BinVal : 2 28 0.94898 0.0222273 0.0222273
BinVal : 2 29 0.935065 0.0280812 0.0280812
BinVal : 2 30 1 0.0346427 0.0346427
BinVal : 2 31 0 0 0
BinVal : 2 32 0 0 0
BinVal : 2 33 0 0 0
BinVal : 2 34 0 0 0
BinVal : 2 35 0 0 0
BinVal : 2 36 0 0 0
BinVal : 2 37 0 0 0
BinVal : 2 38 0 0 0
BinVal : 2 39 0 0 0
BinVal : 2 40 0 0 0
BinVal : 2 41 0 0 0
BinVal : 2 42 0 0 0
BinVal : 2 43 0 0 0
BinVal : 3 0 0 0 0
BinVal : 3 1 0 0 0
BinVal : 3 2 0 0 0
BinVal : 3 3 0 0 0
BinVal : 3 4 0 0 0
BinVal : 3 5 0 0 0
BinVal : 3 6 0 0 0
BinVal : 3 7 0 0 0
BinVal : 3 8 0 0 0
BinVal : 3 9 0 0 0
BinVal : 3 10 0 0 0
BinVal : 3 11 0 0 0
BinVal : 3 12 0 0 0
BinVal : 3 13 0.833333 0.152145 0.152145
BinVal : 3 14 0.955556 0.0307207 0.0307207
BinVal : 3 15 0.966667 0.0231741 0.0231741
BinVal : 3 16 0.971831 0.019636 0.019636
BinVal : 3 17 0.928571 0.0344151 0.0344151
BinVal : 3 18 0.693548 0.0585495 0.0585495
BinVal : 3 19 0.928571 0.0344151 0.0344151
BinVal : 3 20 0.984127 0.0157465 0.0157465
BinVal : 3 21 0.922222 0.0282309 0.0282309
BinVal : 3 22 0.930556 0.0299587 0.0299587
BinVal : 3 23 0.932203 0.032729 0.032729
BinVal : 3 24 0.955224 0.0252661 0.0252661
BinVal : 3 25 0.881356 0.0420991 0.0420991
BinVal : 3 26 0.9375 0.0349386 0.0349386
BinVal : 3 27 1 0.00917959 0.00917959
BinVal : 3 28 0.936508 0.0307217 0.0307217
BinVal : 3 29 0.885714 0.0537785 0.0537785
BinVal : 3 30 1 0.102643 0.102643
BinVal : 3 31 0 0 0
BinVal : 3 32 0 0 0
BinVal : 3 33 0 0 0
BinVal : 3 34 0 0 0
BinVal : 3 35 0 0 0
BinVal : 3 36 0 0 0
BinVal : 3 37 0 0 0
BinVal : 3 38 0 0 0
BinVal : 3 39 0 0 0
BinVal : 3 40 0 0 0
BinVal : 3 41 0 0 0
BinVal : 3 42 0 0 0
BinVal : 3 43 0 0 0
BinVal : 4 0 0 0 0
BinVal : 4 1 0 0 0
BinVal : 4 2 0 0 0
BinVal : 4 3 0 0 0
BinVal : 4 4 0 0 0
BinVal : 4 5 0 0 0
BinVal : 4 6 0 0 0
BinVal : 4 7 0 0 0
BinVal : 4 8 0 0 0
BinVal : 4 9 0 0 0
BinVal : 4 10 0 0 0
BinVal : 4 11 0 0 0
BinVal : 4 12 0 0 0
BinVal : 4 13 1 0.0599198 0.0599198
BinVal : 4 14 0.923077 0.0522589 0.0522589
BinVal : 4 15 0.977273 0.0224675 0.0224675
BinVal : 4 16 0.904762 0.0452948 0.0452948
BinVal : 4 17 0.918919 0.0448743 0.0448743
BinVal : 4 18 0.8375 0.0412453 0.0412453
BinVal : 4 19 0.953125 0.0264214 0.0264214
BinVal : 4 20 0.851064 0.0519317 0.0519317
BinVal : 4 21 0.942029 0.0281328 0.0281328
BinVal : 4 22 0.972603 0.0191056 0.0191056
BinVal : 4 23 0.909091 0.0387638 0.0387638
BinVal : 4 24 0.914894 0.0407022 0.0407022
BinVal : 4 25 0.811321 0.0537428 0.0537428
BinVal : 4 26 0.807692 0.077292 0.077292
BinVal : 4 27 0.901961 0.0416398 0.0416398
BinVal : 4 28 0.972973 0.0266593 0.0266593
BinVal : 4 29 0.9375 0.0427908 0.0427908
BinVal : 4 30 0.75 0.153093 0.153093
BinVal : 4 31 0 0 0
BinVal : 4 32 0 0 0
BinVal : 4 33 0 0 0
BinVal : 4 34 0 0 0
BinVal : 4 35 0 0 0
BinVal : 4 36 0 0 0
BinVal : 4 37 0 0 0
BinVal : 4 38 0 0 0
BinVal : 4 39 0 0 0
BinVal : 4 40 0 0 0
BinVal : 4 41 0 0 0
BinVal : 4 42 0 0 0
BinVal : 4 43 0 0 0
BinVal : 5 0 0 0 0
BinVal : 5 1 0 0 0
BinVal : 5 2 0 0 0
BinVal : 5 3 0 0 0
BinVal : 5 4 0 0 0
BinVal : 5 5 0 0 0
BinVal : 5 6 0 0 0
BinVal : 5 7 0 0 0
BinVal : 5 8 0 0 0
BinVal : 5 9 0 0 0
BinVal : 5 10 0 0 0
BinVal : 5 11 0 0 0
BinVal : 5 12 0 0 0
BinVal : 5 13 1 0.0668855 0.0668855
BinVal : 5 14 0.813953 0.0593439 0.0593439
BinVal : 5 15 0.979592 0.0201988 0.0201988
BinVal : 5 16 0.943396 0.0317418 0.0317418
BinVal : 5 17 0.829268 0.0587642 0.0587642
BinVal : 5 18 0.846154 0.0500341 0.0500341
BinVal : 5 19 1 0.0113578 0.0113578
BinVal : 5 20 0.9 0.0387298 0.0387298
BinVal : 5 21 0.924051 0.0298055 0.0298055
BinVal : 5 22 0.975904 0.0168322 0.0168322
BinVal : 5 23 0.903226 0.0375476 0.0375476
BinVal : 5 24 0.931818 0.0379991 0.0379991
BinVal : 5 25 0.709091 0.0612418 0.0612418
BinVal : 5 26 0.857143 0.0539949 0.0539949
BinVal : 5 27 0.951613 0.027252 0.027252
BinVal : 5 28 0.857143 0.0539949 0.0539949
BinVal : 5 29 0.92 0.0383667 0.0383667
BinVal : 5 30 0.8 0.178885 0.178885
BinVal : 5 31 0 0 0
BinVal : 5 32 0 0 0
BinVal : 5 33 0 0 0
BinVal : 5 34 0 0 0
BinVal : 5 35 0 0 0
BinVal : 5 36 0 0 0
BinVal : 5 37 0 0 0
BinVal : 5 38 0 0 0
BinVal : 5 39 0 0 0
BinVal : 5 40 0 0 0
BinVal : 5 41 0 0 0
BinVal : 5 42 0 0 0
BinVal : 5 43 0 0 0
BinVal : 6 0 0 0 0
BinVal : 6 1 0 0 0
BinVal : 6 2 0 0 0
BinVal : 6 3 0 0 0
BinVal : 6 4 0 0 0
BinVal : 6 5 0 0 0
BinVal : 6 6 0 0 0
BinVal : 6 7 0 0 0
BinVal : 6 8 0 0 0
BinVal : 6 9 0 0 0
BinVal : 6 10 0 0 0
BinVal : 6 11 0 0 0
BinVal : 6 12 0 0 0
BinVal : 6 13 0.857143 0.13226 0.13226
BinVal : 6 14 0.96 0.0391918 0.0391918
BinVal : 6 15 0.964286 0.0350707 0.0350707
BinVal : 6 16 0.92 0.0542586 0.0542586
BinVal : 6 17 0.688889 0.0690122 0.0690122
BinVal : 6 18 0.90625 0.051527 0.051527
BinVal : 6 19 0.952381 0.0464714 0.0464714
BinVal : 6 20 0.916667 0.0398928 0.0398928
BinVal : 6 21 1 0.0118251 0.0118251
BinVal : 6 22 1 0.00964212 0.00964212
BinVal : 6 23 0.977273 0.0224675 0.0224675
BinVal : 6 24 0.972222 0.0273893 0.0273893
BinVal : 6 25 0.972222 0.0273893 0.0273893
BinVal : 6 26 0.883721 0.0488848 0.0488848
BinVal : 6 27 0.814815 0.0747568 0.0747568
BinVal : 6 28 0.952381 0.0328603 0.0328603
BinVal : 6 29 0.923077 0.0522589 0.0522589
BinVal : 6 30 0.6 0.219089 0.219089
BinVal : 6 31 0 0 0
BinVal : 6 32 0 0 0
BinVal : 6 33 0 0 0
BinVal : 6 34 0 0 0
BinVal : 6 35 0 0 0
BinVal : 6 36 0 0 0
BinVal : 6 37 0 0 0
BinVal : 6 38 0 0 0
BinVal : 6 39 0 0 0
BinVal : 6 40 0 0 0
BinVal : 6 41 0 0 0
BinVal : 6 42 0 0 0
BinVal : 6 43 0 0 0
BinVal : 7 0 0 0 0
BinVal : 7 1 0 0 0
BinVal : 7 2 0 0 0
BinVal : 7 3 0 0 0
BinVal : 7 4 0 0 0
BinVal : 7 5 0 0 0
BinVal : 7 6 0 0 0
BinVal : 7 7 0 0 0
BinVal : 7 8 0 0 0
BinVal : 7 9 0 0 0
BinVal : 7 10 0 0 0
BinVal : 7 11 0 0 0
BinVal : 7 12 0 0 0
BinVal : 7 13 1 0.0871301 0.0871301
BinVal : 7 14 1 0.0346427 0.0346427
BinVal : 7 15 0.973684 0.0259672 0.0259672
BinVal : 7 16 0.789474 0.0935288 0.0935288
BinVal : 7 17 0.857143 0.0591485 0.0591485
BinVal : 7 18 0.857143 0.06613 0.06613
BinVal : 7 19 0.966667 0.0327731 0.0327731
BinVal : 7 20 0.896552 0.0565523 0.0565523
BinVal : 7 21 1 0.0148902 0.0148902
BinVal : 7 22 1 0.0148902 0.0148902
BinVal : 7 23 0.875 0.0675077 0.0675077
BinVal : 7 24 0.916667 0.0564169 0.0564169
BinVal : 7 25 0.958333 0.0407894 0.0407894
BinVal : 7 26 0.827586 0.0701445 0.0701445
BinVal : 7 27 1 0.0495858 0.0495858
BinVal : 7 28 0.894737 0.0704059 0.0704059
BinVal : 7 29 0.9375 0.0605154 0.0605154
BinVal : 7 30 1 0.102643 0.102643
BinVal : 7 31 0 0 0
BinVal : 7 32 0 0 0
BinVal : 7 33 0 0 0
BinVal : 7 34 0 0 0
BinVal : 7 35 0 0 0
BinVal : 7 36 0 0 0
BinVal : 7 37 0 0 0
BinVal : 7 38 0 0 0
BinVal : 7 39 0 0 0
BinVal : 7 40 0 0 0
BinVal : 7 41 0 0 0
BinVal : 7 42 0 0 0
BinVal : 7 43 0 0 0
BinVal : 8 0 0 0 0
BinVal : 8 1 0 0 0
BinVal : 8 2 0 0 0
BinVal : 8 3 0 0 0
BinVal : 8 4 0 0 0
BinVal : 8 5 0 0 0
BinVal : 8 6 0 0 0
BinVal : 8 7 0 0 0
BinVal : 8 8 0 0 0
BinVal : 8 9 0 0 0
BinVal : 8 10 0 0 0
BinVal : 8 11 0 0 0
BinVal : 8 12 0 0 0
BinVal : 8 13 0.8 0.178885 0.178885
BinVal : 8 14 0.952381 0.0464714 0.0464714
BinVal : 8 15 0.96 0.0391918 0.0391918
BinVal : 8 16 0.823529 0.0924594 0.0924594
BinVal : 8 17 0.724138 0.0829961 0.0829961
BinVal : 8 18 0.95 0.048734 0.048734
BinVal : 8 19 0.95 0.048734 0.048734
BinVal : 8 20 0.964286 0.0350707 0.0350707
BinVal : 8 21 1 0.0157046 0.0157046
BinVal : 8 22 0.869565 0.0702237 0.0702237
BinVal : 8 23 1 0.0309157 0.0309157
BinVal : 8 24 1 0.0254407 0.0254407
BinVal : 8 25 0.8125 0.0975781 0.0975781
BinVal : 8 26 0.741935 0.0785898 0.0785898
BinVal : 8 27 0.857143 0.13226 0.13226
BinVal : 8 28 0.923077 0.0522589 0.0522589
BinVal : 8 29 0.933333 0.0644061 0.0644061
BinVal : 8 30 1 0.159077 0.159077
BinVal : 8 31 0 0 0
BinVal : 8 32 0 0 0
BinVal : 8 33 0 0 0
BinVal : 8 34 0 0 0
BinVal : 8 35 0 0 0
BinVal : 8 36 0 0 0
BinVal : 8 37 0 0 0
BinVal : 8 38 0 0 0
BinVal : 8 39 0 0 0
BinVal : 8 40 0 0 0
BinVal : 8 41 0 0 0
BinVal : 8 42 0 0 0
BinVal : 8 43 0 0 0
BinVal : 9 0 0 0 0
BinVal : 9 1 0 0 0
BinVal : 9 2 0 0 0
BinVal : 9 3 0 0 0
BinVal : 9 4 0 0 0
BinVal : 9 5 0 0 0
BinVal : 9 6 0 0 0
BinVal : 9 7 0 0 0
BinVal : 9 8 0 0 0
BinVal : 9 9 0 0 0
BinVal : 9 10 0 0 0
BinVal : 9 11 0 0 0
BinVal : 9 12 0 0 0
BinVal : 9 13 1 0.0599198 0.0599198
BinVal : 9 14 0.846154 0.0707589 0.0707589
BinVal : 9 15 0.903226 0.0531003 0.0531003
BinVal : 9 16 0.833333 0.087841 0.087841
BinVal : 9 17 0.763158 0.0689676 0.0689676
BinVal : 9 18 0.83871 0.0660586 0.0660586
BinVal : 9 19 1 0.0201001 0.0201001
BinVal : 9 20 0.970588 0.028976 0.028976
BinVal : 9 21 0.878049 0.0511047 0.0511047
BinVal : 9 22 0.925926 0.050401 0.050401
BinVal : 9 23 0.842105 0.0836547 0.0836547
BinVal : 9 24 0.911765 0.0486433 0.0486433
BinVal : 9 25 0.931035 0.0470544 0.0470544
BinVal : 9 26 0.96875 0.0307578 0.0307578
BinVal : 9 27 0.913043 0.0587534 0.0587534
BinVal : 9 28 0.941176 0.0403526 0.0403526
BinVal : 9 29 1 0.0224566 0.0224566
BinVal : 9 30 0.727273 0.134282 0.134282
BinVal : 9 31 0 0 0
BinVal : 9 32 0 0 0
BinVal : 9 33 0 0 0
BinVal : 9 34 0 0 0
BinVal : 9 35 0 0 0
BinVal : 9 36 0 0 0
BinVal : 9 37 0 0 0
BinVal : 9 38 0 0 0
BinVal : 9 39 0 0 0
BinVal : 9 40 0 0 0
BinVal : 9 41 0 0 0
BinVal : 9 42 0 0 0
BinVal : 9 43 0 0 0
BinVal : 10 0 0 0 0
BinVal : 10 1 0 0 0
BinVal : 10 2 0 0 0
BinVal : 10 3 0 0 0
BinVal : 10 4 0 0 0
BinVal : 10 5 0 0 0
BinVal : 10 6 0 0 0
BinVal : 10 7 0 0 0
BinVal : 10 8 0 0 0
BinVal : 10 9 0 0 0
BinVal : 10 10 0 0 0
BinVal : 10 11 0 0 0
BinVal : 10 12 0 0 0
BinVal : 10 13 0.666667 0.19245 0.19245
BinVal : 10 14 0.912281 0.0374692 0.0374692
BinVal : 10 15 0.921569 0.0376464 0.0376464
BinVal : 10 16 0.916667 0.0398928 0.0398928
BinVal : 10 17 0.809524 0.0605913 0.0605913
BinVal : 10 18 0.886792 0.0435222 0.0435222
BinVal : 10 19 0.983333 0.0165272 0.0165272
BinVal : 10 20 0.921569 0.0376464 0.0376464
BinVal : 10 21 0.977273 0.0224675 0.0224675
BinVal : 10 22 0.975 0.0246855 0.0246855
BinVal : 10 23 0.947368 0.0512278 0.0512278
BinVal : 10 24 0.942308 0.0323336 0.0323336
BinVal : 10 25 0.857143 0.0440867 0.0440867
BinVal : 10 26 0.837838 0.0605974 0.0605974
BinVal : 10 27 0.94 0.0335857 0.0335857
BinVal : 10 28 0.926829 0.0406702 0.0406702
BinVal : 10 29 0.972973 0.0266593 0.0266593
BinVal : 10 30 1 0.0495858 0.0495858
BinVal : 10 31 0 0 0
BinVal : 10 32 0 0 0
BinVal : 10 33 0 0 0
BinVal : 10 34 0 0 0
BinVal : 10 35 0 0 0
BinVal : 10 36 0 0 0
BinVal : 10 37 0 0 0
BinVal : 10 38 0 0 0
BinVal : 10 39 0 0 0
BinVal : 10 40 0 0 0
BinVal : 10 41 0 0 0
BinVal : 10 42 0 0 0
BinVal : 10 43 0 0 0
BinVal : 11 0 0 0 0
BinVal : 11 1 0 0 0
BinVal : 11 2 0 0 0
BinVal : 11 3 0 0 0
BinVal : 11 4 0 0 0
BinVal : 11 5 0 0 0
BinVal : 11 6 0 0 0
BinVal : 11 7 0 0 0
BinVal : 11 8 0 0 0
BinVal : 11 9 0 0 0
BinVal : 11 10 0 0 0
BinVal : 11 11 0 0 0
BinVal : 11 12 0 0 0
BinVal : 11 13 1 0.0668855 0.0668855
BinVal : 11 14 0.897436 0.0485811 0.0485811
BinVal : 11 15 1 0.0138164 0.0138164
BinVal : 11 16 1 0.0126033 0.0126033
BinVal : 11 17 0.848485 0.0624156 0.0624156
BinVal : 11 18 0.918033 0.0351224 0.0351224
BinVal : 11 19 0.893617 0.0449741 0.0449741
BinVal : 11 20 0.953488 0.0321147 0.0321147
BinVal : 11 21 0.919355 0.0345808 0.0345808
BinVal : 11 22 0.981132 0.0186891 0.0186891
BinVal : 11 23 0.892857 0.0584512 0.0584512
BinVal : 11 24 0.891304 0.0458923 0.0458923
BinVal : 11 25 0.813559 0.0507036 0.0507036
BinVal : 11 26 0.852941 0.0607387 0.0607387
BinVal : 11 27 1 0.0118251 0.0118251
BinVal : 11 28 0.97619 0.0235244 0.0235244
BinVal : 11 29 0.928571 0.0397392 0.0397392
BinVal : 11 30 1 0.0456491 0.0456491
BinVal : 11 31 0 0 0
BinVal : 11 32 0 0 0
BinVal : 11 33 0 0 0
BinVal : 11 34 0 0 0
BinVal : 11 35 0 0 0
BinVal : 11 36 0 0 0
BinVal : 11 37 0 0 0
BinVal : 11 38 0 0 0
BinVal : 11 39 0 0 0
BinVal : 11 40 0 0 0
BinVal : 11 41 0 0 0
BinVal : 11 42 0 0 0
BinVal : 11 43 0 0 0
BinVal : 12 0 0 0 0
BinVal : 12 1 0 0 0
BinVal : 12 2 0 0 0
BinVal : 12 3 0 0 0
BinVal : 12 4 0 0 0
BinVal : 12 5 0 0 0
BinVal : 12 6 0 0 0
BinVal : 12 7 0 0 0
BinVal : 12 8 0 0 0
BinVal : 12 9 0 0 0
BinVal : 12 10 0 0 0
BinVal : 12 11 0 0 0
BinVal : 12 12 0 0 0
BinVal : 12 13 1 0.102643 0.102643
BinVal : 12 14 0.962963 0.0363447 0.0363447
BinVal : 12 15 0.948276 0.0290804 0.0290804
BinVal : 12 16 0.946429 0.0300896 0.0300896
BinVal : 12 17 0.977273 0.0224675 0.0224675
BinVal : 12 18 0.807692 0.0546537 0.0546537
BinVal : 12 19 0.930233 0.0388497 0.0388497
BinVal : 12 20 0.857143 0.0499896 0.0499896
BinVal : 12 21 0.888889 0.0468486 0.0468486
BinVal : 12 22 0.960784 0.0271805 0.0271805
BinVal : 12 23 0.820513 0.0614507 0.0614507
BinVal : 12 24 0.926829 0.0406702 0.0406702
BinVal : 12 25 0.868852 0.0432203 0.0432203
BinVal : 12 26 0.9375 0.0427908 0.0427908
BinVal : 12 27 0.964286 0.0247988 0.0247988
BinVal : 12 28 0.980392 0.0194147 0.0194147
BinVal : 12 29 0.956522 0.030068 0.030068
BinVal : 12 30 0.857143 0.13226 0.13226
BinVal : 12 31 0 0 0
BinVal : 12 32 0 0 0
BinVal : 12 33 0 0 0
BinVal : 12 34 0 0 0
BinVal : 12 35 0 0 0
BinVal : 12 36 0 0 0
BinVal : 12 37 0 0 0
BinVal : 12 38 0 0 0
BinVal : 12 39 0 0 0
BinVal : 12 40 0 0 0
BinVal : 12 41 0 0 0
BinVal : 12 42 0 0 0
BinVal : 12 43 0 0 0
BinVal : 13 0 0 0 0
BinVal : 13 1 0 0 0
BinVal : 13 2 0 0 0
BinVal : 13 3 0 0 0
BinVal : 13 4 0 0 0
BinVal : 13 5 0 0 0
BinVal : 13 6 0 0 0
BinVal : 13 7 0 0 0
BinVal : 13 8 0 0 0
BinVal : 13 9 0 0 0
BinVal : 13 10 0 0 0
BinVal : 13 11 0 0 0
BinVal : 13 12 0 0 0
BinVal : 13 13 0.846154 0.100068 0.100068
BinVal : 13 14 0.918033 0.0351224 0.0351224
BinVal : 13 15 0.964912 0.0243716 0.0243716
BinVal : 13 16 0.942857 0.0277431 0.0277431
BinVal : 13 17 0.773585 0.0574869 0.0574869
BinVal : 13 18 0.885246 0.0408085 0.0408085
BinVal : 13 19 0.960526 0.0223358 0.0223358
BinVal : 13 20 0.860465 0.0373645 0.0373645
BinVal : 13 21 0.948276 0.0290804 0.0290804
BinVal : 13 22 0.918919 0.0317309 0.0317309
BinVal : 13 23 0.826667 0.0437095 0.0437095
BinVal : 13 24 0.925373 0.0321047 0.0321047
BinVal : 13 25 0.791667 0.0478613 0.0478613
BinVal : 13 26 0.768116 0.0508071 0.0508071
BinVal : 13 27 0.909091 0.0387638 0.0387638
BinVal : 13 28 0.934211 0.0284377 0.0284377
BinVal : 13 29 0.931818 0.0379991 0.0379991
BinVal : 13 30 1 0.0871301 0.0871301
BinVal : 13 31 0 0 0
BinVal : 13 32 0 0 0
BinVal : 13 33 0 0 0
BinVal : 13 34 0 0 0
BinVal : 13 35 0 0 0
BinVal : 13 36 0 0 0
BinVal : 13 37 0 0 0
BinVal : 13 38 0 0 0
BinVal : 13 39 0 0 0
BinVal : 13 40 0 0 0
BinVal : 13 41 0 0 0
BinVal : 13 42 0 0 0
BinVal : 13 43 0 0 0
BinVal : 14 0 0 0 0
BinVal : 14 1 0 0 0
BinVal : 14 2 0 0 0
BinVal : 14 3 0 0 0
BinVal : 14 4 0 0 0
BinVal : 14 5 0 0 0
BinVal : 14 6 0 0 0
BinVal : 14 7 0 0 0
BinVal : 14 8 0 0 0
BinVal : 14 9 0 0 0
BinVal : 14 10 0 0 0
BinVal : 14 11 0 0 0
BinVal : 14 12 0 0 0
BinVal : 14 13 0.882353 0.0781425 0.0781425
BinVal : 14 14 0.934426 0.0316937 0.0316937
BinVal : 14 15 0.950617 0.024074 0.024074
BinVal : 14 16 0.796875 0.0502906 0.0502906
BinVal : 14 17 0.774648 0.0495854 0.0495854
BinVal : 14 18 0.855422 0.0386014 0.0386014
BinVal : 14 19 0.954545 0.0256398 0.0256398
BinVal : 14 20 0.921569 0.02662 0.02662
BinVal : 14 21 0.935065 0.0280812 0.0280812
BinVal : 14 22 0.962025 0.0215044 0.0215044
BinVal : 14 23 0.813187 0.0408581 0.0408581
BinVal : 14 24 0.953125 0.0264214 0.0264214
BinVal : 14 25 0.825 0.0424816 0.0424816
BinVal : 14 26 0.710526 0.0520221 0.0520221
BinVal : 14 27 0.883333 0.0414438 0.0414438
BinVal : 14 28 0.978723 0.0148839 0.0148839
BinVal : 14 29 0.946667 0.0259458 0.0259458
BinVal : 14 30 1 0.102643 0.102643
BinVal : 14 31 0 0 0
BinVal : 14 32 0 0 0
BinVal : 14 33 0 0 0
BinVal : 14 34 0 0 0
BinVal : 14 35 0 0 0
BinVal : 14 36 0 0 0
BinVal : 14 37 0 0 0
BinVal : 14 38 0 0 0
BinVal : 14 39 0 0 0
BinVal : 14 40 0 0 0
BinVal : 14 41 0 0 0
BinVal : 14 42 0 0 0
BinVal : 14 43 0 0 0
BinVal : 15 0 0 0 0
BinVal : 15 1 0 0 0
BinVal : 15 2 0 0 0
BinVal : 15 3 0 0 0
BinVal : 15 4 0 0 0
BinVal : 15 5 0 0 0
BinVal : 15 6 0 0 0
BinVal : 15 7 0 0 0
BinVal : 15 8 0 0 0
BinVal : 15 9 0 0 0
BinVal : 15 10 0 0 0
BinVal : 15 11 0 0 0
BinVal : 15 12 0 0 0
BinVal : 15 13 1 0.0756803 0.0756803
BinVal : 15 14 0.976744 0.0229838 0.0229838
BinVal : 15 15 0.953125 0.0264214 0.0264214
BinVal : 15 16 0.867925 0.0465066 0.0465066
BinVal : 15 17 0.767857 0.0564188 0.0564188
BinVal : 15 18 0.909091 0.0433392 0.0433392
BinVal : 15 19 0.943662 0.027364 0.027364
BinVal : 15 20 0.911111 0.0299977 0.0299977
BinVal : 15 21 0.929825 0.0338342 0.0338342
BinVal : 15 22 0.9375 0.0228727 0.0228727
BinVal : 15 23 0.825581 0.0409192 0.0409192
BinVal : 15 24 0.956522 0.0245504 0.0245504
BinVal : 15 25 0.788462 0.0566348 0.0566348
BinVal : 15 26 0.662791 0.0509787 0.0509787
BinVal : 15 27 0.83871 0.0660586 0.0660586
BinVal : 15 28 0.960526 0.0223358 0.0223358
BinVal : 15 29 0.982456 0.0173893 0.0173893
BinVal : 15 30 1 0.0871301 0.0871301
BinVal : 15 31 0 0 0
BinVal : 15 32 0 0 0
BinVal : 15 33 0 0 0
BinVal : 15 34 0 0 0
BinVal : 15 35 0 0 0
BinVal : 15 36 0 0 0
BinVal : 15 37 0 0 0
BinVal : 15 38 0 0 0
BinVal : 15 39 0 0 0
BinVal : 15 40 0 0 0
BinVal : 15 41 0 0 0
BinVal : 15 42 0 0 0
BinVal : 15 43 0 0 0
BinVal : 16 0 0 0 0
BinVal : 16 1 0 0 0
BinVal : 16 2 0 0 0
BinVal : 16 3 0 0 0
BinVal : 16 4 0 0 0
BinVal : 16 5 0 0 0
BinVal : 16 6 0 0 0
BinVal : 16 7 0 0 0
BinVal : 16 8 0 0 0
BinVal : 16 9 0 0 0
BinVal : 16 10 0 0 0
BinVal : 16 11 0 0 0
BinVal : 16 12 0 0 0
BinVal : 16 13 1 0.0871301 0.0871301
BinVal : 16 14 0.933333 0.0322031 0.0322031
BinVal : 16 15 0.949153 0.0286007 0.0286007
BinVal : 16 16 0.884615 0.0443047 0.0443047
BinVal : 16 17 0.707692 0.0564138 0.0564138
BinVal : 16 18 0.818182 0.0474757 0.0474757
BinVal : 16 19 0.971831 0.019636 0.019636
BinVal : 16 20 0.853933 0.0374363 0.0374363
BinVal : 16 21 0.9125 0.0315919 0.0315919
BinVal : 16 22 0.934579 0.0239042 0.0239042
BinVal : 16 23 0.855556 0.0370556 0.0370556
BinVal : 16 24 0.944444 0.0311713 0.0311713
BinVal : 16 25 0.888889 0.037037 0.037037
BinVal : 16 26 0.597561 0.0541545 0.0541545
BinVal : 16 27 0.862745 0.0481859 0.0481859
BinVal : 16 28 0.970588 0.0204891 0.0204891
BinVal : 16 29 0.962963 0.0256996 0.0256996
BinVal : 16 30 1 0.0599198 0.0599198
BinVal : 16 31 0 0 0
BinVal : 16 32 0 0 0
BinVal : 16 33 0 0 0
BinVal : 16 34 0 0 0
BinVal : 16 35 0 0 0
BinVal : 16 36 0 0 0
BinVal : 16 37 0 0 0
BinVal : 16 38 0 0 0
BinVal : 16 39 0 0 0
BinVal : 16 40 0 0 0
BinVal : 16 41 0 0 0
BinVal : 16 42 0 0 0
BinVal : 16 43 0 0 0
BinVal : 17 0 0 0 0
BinVal : 17 1 0 0 0
BinVal : 17 2 0 0 0
BinVal : 17 3 0 0 0
BinVal : 17 4 0 0 0
BinVal : 17 5 0 0 0
BinVal : 17 6 0 0 0
BinVal : 17 7 0 0 0
BinVal : 17 8 0 0 0
BinVal : 17 9 0 0 0
BinVal : 17 10 0 0 0
BinVal : 17 11 0 0 0
BinVal : 17 12 0 0 0
BinVal : 17 13 1 0.0422902 0.0422902
BinVal : 17 14 0.985714 0.0141833 0.0141833
BinVal : 17 15 0.959596 0.0197897 0.0197897
BinVal : 17 16 0.916667 0.0325723 0.0325723
BinVal : 17 17 0.814815 0.0431609 0.0431609
BinVal : 17 18 0.881579 0.0370628 0.0370628
BinVal : 17 19 0.97619 0.0166342 0.0166342
BinVal : 17 20 0.944 0.0205648 0.0205648
BinVal : 17 21 0.878788 0.0328018 0.0328018
BinVal : 17 22 0.96748 0.0159936 0.0159936
BinVal : 17 23 0.909091 0.0274101 0.0274101
BinVal : 17 24 0.974359 0.017897 0.017897
BinVal : 17 25 0.82 0.0543323 0.0543323
BinVal : 17 26 0.637363 0.0503975 0.0503975
BinVal : 17 27 0.928571 0.0307818 0.0307818
BinVal : 17 28 1 0.00648546 0.00648546
BinVal : 17 29 0.952941 0.0229691 0.0229691
BinVal : 17 30 0.9375 0.0605154 0.0605154
BinVal : 17 31 0 0 0
BinVal : 17 32 0 0 0
BinVal : 17 33 0 0 0
BinVal : 17 34 0 0 0
BinVal : 17 35 0 0 0
BinVal : 17 36 0 0 0
BinVal : 17 37 0 0 0
BinVal : 17 38 0 0 0
BinVal : 17 39 0 0 0
BinVal : 17 40 0 0 0
BinVal : 17 41 0 0 0
BinVal : 17 42 0 0 0
BinVal : 17 43 0 0 0
BinVal : 18 0 0 0 0
BinVal : 18 1 0 0 0
BinVal : 18 2 0 0 0
BinVal : 18 3 0 0 0
BinVal : 18 4 0 0 0
BinVal : 18 5 0 0 0
BinVal : 18 6 0 0 0
BinVal : 18 7 0 0 0
BinVal : 18 8 0 0 0
BinVal : 18 9 0 0 0
BinVal : 18 10 0 0 0
BinVal : 18 11 0 0 0
BinVal : 18 12 0 0 0
BinVal : 18 13 1 0.0456491 0.0456491
BinVal : 18 14 0.968421 0.0179419 0.0179419
BinVal : 18 15 0.94382 0.0244084 0.0244084
BinVal : 18 16 0.885246 0.0408085 0.0408085
BinVal : 18 17 0.84127 0.0460391 0.0460391
BinVal : 18 18 0.780822 0.0484187 0.0484187
BinVal : 18 19 0.972222 0.0193671 0.0193671
BinVal : 18 20 0.90991 0.0271754 0.0271754
BinVal : 18 21 0.89011 0.0327854 0.0327854
BinVal : 18 22 0.909091 0.0274101 0.0274101
BinVal : 18 23 0.878788 0.0328018 0.0328018
BinVal : 18 24 0.94382 0.0244084 0.0244084
BinVal : 18 25 0.851351 0.0413541 0.0413541
BinVal : 18 26 0.836066 0.0474013 0.0474013
BinVal : 18 27 0.975904 0.0168322 0.0168322
BinVal : 18 28 0.960526 0.0223358 0.0223358
BinVal : 18 29 0.944444 0.0269951 0.0269951
BinVal : 18 30 1 0.0495858 0.0495858
BinVal : 18 31 0 0 0
BinVal : 18 32 0 0 0
BinVal : 18 33 0 0 0
BinVal : 18 34 0 0 0
BinVal : 18 35 0 0 0
BinVal : 18 36 0 0 0
BinVal : 18 37 0 0 0
BinVal : 18 38 0 0 0
BinVal : 18 39 0 0 0
BinVal : 18 40 0 0 0
BinVal : 18 41 0 0 0
BinVal : 18 42 0 0 0
BinVal : 18 43 0 0 0
BinVal : 19 0 0 0 0
BinVal : 19 1 0 0 0
BinVal : 19 2 0 0 0
BinVal : 19 3 0 0 0
BinVal : 19 4 0 0 0
BinVal : 19 5 0 0 0
BinVal : 19 6 0 0 0
BinVal : 19 7 0 0 0
BinVal : 19 8 0 0 0
BinVal : 19 9 0 0 0
BinVal : 19 10 0 0 0
BinVal : 19 11 0 0 0
BinVal : 19 12 0 0 0
BinVal : 19 13 1 0.0422902 0.0422902
BinVal : 19 14 0.962963 0.0256996 0.0256996
BinVal : 19 15 1 0.0113578 0.0113578
BinVal : 19 16 0.933333 0.0322031 0.0322031
BinVal : 19 17 0.820513 0.0614507 0.0614507
BinVal : 19 18 0.794118 0.0693446 0.0693446
BinVal : 19 19 0.807692 0.0446246 0.0446246
BinVal : 19 20 0.694444 0.0767737 0.0767737
BinVal : 19 21 0.803279 0.0508972 0.0508972
BinVal : 19 22 0.773333 0.0483444 0.0483444
BinVal : 19 23 0.627119 0.0629556 0.0629556
BinVal : 19 24 0.730769 0.0615107 0.0615107
BinVal : 19 25 0.771429 0.0709782 0.0709782
BinVal : 19 26 0.847826 0.0529596 0.0529596
BinVal : 19 27 0.981818 0.0180158 0.0180158
BinVal : 19 28 0.963636 0.0252411 0.0252411
BinVal : 19 29 0.911765 0.0486433 0.0486433
BinVal : 19 30 0.833333 0.152145 0.152145
BinVal : 19 31 0 0 0
BinVal : 19 32 0 0 0
BinVal : 19 33 0 0 0
BinVal : 19 34 0 0 0
BinVal : 19 35 0 0 0
BinVal : 19 36 0 0 0
BinVal : 19 37 0 0 0
BinVal : 19 38 0 0 0
BinVal : 19 39 0 0 0
BinVal : 19 40 0 0 0
BinVal : 19 41 0 0 0
BinVal : 19 42 0 0 0
BinVal : 19 43 0 0 0
BinVal : 20 0 0 0 0
BinVal : 20 1 0 0 0
BinVal : 20 2 0 0 0
BinVal : 20 3 0 0 0
BinVal : 20 4 0 0 0
BinVal : 20 5 0 0 0
BinVal : 20 6 0 0 0
BinVal : 20 7 0 0 0
BinVal : 20 8 0 0 0
BinVal : 20 9 0 0 0
BinVal : 20 10 0 0 0
BinVal : 20 11 0 0 0
BinVal : 20 12 0 0 0
BinVal : 20 13 0.909091 0.0866784 0.0866784
BinVal : 20 14 0.963636 0.0252411 0.0252411
BinVal : 20 15 0.923077 0.0330515 0.0330515
BinVal : 20 16 0.875 0.0675077 0.0675077
BinVal : 20 17 0.857143 0.093522 0.093522
BinVal : 20 18 0.692308 0.128008 0.128008
BinVal : 20 19 0.673077 0.0650509 0.0650509
BinVal : 20 20 0.730337 0.0470411 0.0470411
BinVal : 20 21 0.831461 0.0396804 0.0396804
BinVal : 20 22 0.752941 0.0467812 0.0467812
BinVal : 20 23 0.691358 0.0513259 0.0513259
BinVal : 20 24 0.568627 0.0693514 0.0693514
BinVal : 20 25 0.384615 0.134932 0.134932
BinVal : 20 26 0.5 0.125 0.125
BinVal : 20 27 0.84 0.0733212 0.0733212
BinVal : 20 28 0.979592 0.0201988 0.0201988
BinVal : 20 29 0.97619 0.0235244 0.0235244
BinVal : 20 30 0.875 0.116927 0.116927
BinVal : 20 31 0 0 0
BinVal : 20 32 0 0 0
BinVal : 20 33 0 0 0
BinVal : 20 34 0 0 0
BinVal : 20 35 0 0 0
BinVal : 20 36 0 0 0
BinVal : 20 37 0 0 0
BinVal : 20 38 0 0 0
BinVal : 20 39 0 0 0
BinVal : 20 40 0 0 0
BinVal : 20 41 0 0 0
BinVal : 20 42 0 0 0
BinVal : 20 43 0 0 0
BinVal : 21 0 0 0 0
BinVal : 21 1 0 0 0
BinVal : 21 2 0 0 0
BinVal : 21 3 0 0 0
BinVal : 21 4 0 0 0
BinVal : 21 5 0 0 0
BinVal : 21 6 0 0 0
BinVal : 21 7 0 0 0
BinVal : 21 8 0 0 0
BinVal : 21 9 0 0 0
BinVal : 21 10 0 0 0
BinVal : 21 11 0 0 0
BinVal : 21 12 0 0 0
BinVal : 21 13 1 0.0326734 0.0326734
BinVal : 21 14 0.915493 0.0330099 0.0330099
BinVal : 21 15 0.894737 0.0406489 0.0406489
BinVal : 21 16 0.72 0.0897998 0.0897998
BinVal : 21 17 0.536585 0.0550678 0.0550678
BinVal : 21 18 0.621622 0.0797307 0.0797307
BinVal : 21 19 0.755814 0.0463253 0.0463253
BinVal : 21 20 0.747475 0.043665 0.043665
BinVal : 21 21 0.917431 0.0263622 0.0263622
BinVal : 21 22 0.933962 0.0241217 0.0241217
BinVal : 21 23 0.644444 0.0504574 0.0504574
BinVal : 21 24 0.619565 0.0506162 0.0506162
BinVal : 21 25 0.527778 0.0832046 0.0832046
BinVal : 21 26 0.581081 0.0573545 0.0573545
BinVal : 21 27 0.8 0.10328 0.10328
BinVal : 21 28 0.835616 0.0433782 0.0433782
BinVal : 21 29 0.9625 0.0212408 0.0212408
BinVal : 21 30 0.846154 0.100068 0.100068
BinVal : 21 31 0 0 0
BinVal : 21 32 0 0 0
BinVal : 21 33 0 0 0
BinVal : 21 34 0 0 0
BinVal : 21 35 0 0 0
BinVal : 21 36 0 0 0
BinVal : 21 37 0 0 0
BinVal : 21 38 0 0 0
BinVal : 21 39 0 0 0
BinVal : 21 40 0 0 0
BinVal : 21 41 0 0 0
BinVal : 21 42 0 0 0
BinVal : 21 43 0 0 0
BinVal : 22 0 0 0 0
BinVal : 22 1 0 0 0
BinVal : 22 2 0 0 0
BinVal : 22 3 0 0 0
BinVal : 22 4 0 0 0
BinVal : 22 5 0 0 0
BinVal : 22 6 0 0 0
BinVal : 22 7 0 0 0
BinVal : 22 8 0 0 0
BinVal : 22 9 0 0 0
BinVal : 22 10 0 0 0
BinVal : 22 11 0 0 0
BinVal : 22 12 0 0 0
BinVal : 22 13 0.9375 0.0605154 0.0605154
BinVal : 22 14 0.935065 0.0280812 0.0280812
BinVal : 22 15 0.825 0.0600781 0.0600781
BinVal : 22 16 0 0 0
BinVal : 22 17 0 0 0
BinVal : 22 18 0 0 0
BinVal : 22 19 0 0 0
BinVal : 22 20 0 0 0
BinVal : 22 21 0 0 0
BinVal : 22 22 0.5 0.353553 0.353553
BinVal : 22 23 0 0 0
BinVal : 22 24 0 0 0
BinVal : 22 25 0 0 0
BinVal : 22 26 0 0 0
BinVal : 22 27 0.666667 0.272166 0.272166
BinVal : 22 28 0.857143 0.0539949 0.0539949
BinVal : 22 29 0.953846 0.0260247 0.0260247
BinVal : 22 30 1 0.0346427 0.0346427
BinVal : 22 31 0 0 0
BinVal : 22 32 0 0 0
BinVal : 22 33 0 0 0
BinVal : 22 34 0 0 0
BinVal : 22 35 0 0 0
BinVal : 22 36 0 0 0
BinVal : 22 37 0 0 0
BinVal : 22 38 0 0 0
BinVal : 22 39 0 0 0
BinVal : 22 40 0 0 0
BinVal : 22 41 0 0 0
BinVal : 22 42 0 0 0
BinVal : 22 43 0 0 0
BinVal : 23 0 0 0 0
BinVal : 23 1 0 0 0
BinVal : 23 2 0 0 0
BinVal : 23 3 0 0 0
BinVal : 23 4 0 0 0
BinVal : 23 5 0 0 0
BinVal : 23 6 0 0 0
BinVal : 23 7 0 0 0
BinVal : 23 8 0 0 0
BinVal : 23 9 0 0 0
BinVal : 23 10 0 0 0
BinVal : 23 11 0 0 0
BinVal : 23 12 0 0 0
BinVal : 23 13 1 0.0368657 0.0368657
BinVal : 23 14 0.935484 0.0312001 0.0312001
BinVal : 23 15 0.769231 0.0826286 0.0826286
BinVal : 23 16 0 0 0
BinVal : 23 17 0 0 0
BinVal : 23 18 0 0 0
BinVal : 23 19 0 0 0
BinVal : 23 20 0.5 0.353553 0.353553
BinVal : 23 21 1 0.218486 0.218486
BinVal : 23 22 0 0 0
BinVal : 23 23 0 0 0
BinVal : 23 24 0 0 0
BinVal : 23 25 0 0 0
BinVal : 23 26 0 0 0
BinVal : 23 27 0 0 0
BinVal : 23 28 0.818182 0.0671408 0.0671408
BinVal : 23 29 0.892857 0.0413313 0.0413313
BinVal : 23 30 1 0.0346427 0.0346427
BinVal : 23 31 0 0 0
BinVal : 23 32 0 0 0
BinVal : 23 33 0 0 0
BinVal : 23 34 0 0 0
BinVal : 23 35 0 0 0
BinVal : 23 36 0 0 0
BinVal : 23 37 0 0 0
BinVal : 23 38 0 0 0
BinVal : 23 39 0 0 0
BinVal : 23 40 0 0 0
BinVal : 23 41 0 0 0
BinVal : 23 42 0 0 0
BinVal : 23 43 0 0 0
BinVal : 24 0 0 0 0
BinVal : 24 1 0 0 0
BinVal : 24 2 0 0 0
BinVal : 24 3 0 0 0
BinVal : 24 4 0 0 0
BinVal : 24 5 0 0 0
BinVal : 24 6 0 0 0
BinVal : 24 7 0 0 0
BinVal : 24 8 0 0 0
BinVal : 24 9 0 0 0
BinVal : 24 10 0 0 0
BinVal : 24 11 0 0 0
BinVal : 24 12 0 0 0
BinVal : 24 13 0.916667 0.0797856 0.0797856
BinVal : 24 14 1 0.0123324 0.0123324
BinVal : 24 15 0.740741 0.084337 0.084337
BinVal : 24 16 0 0 0
BinVal : 24 17 0 0 0
BinVal : 24 18 0 0 0
BinVal : 24 19 0 0 0
BinVal : 24 20 1 0.159077 0.159077
BinVal : 24 21 0 0 0
BinVal : 24 22 0 0 0
BinVal : 24 23 0 0 0
BinVal : 24 24 0 0 0
BinVal : 24 25 0 0 0
BinVal : 24 26 0 0 0
BinVal : 24 27 0 0 0
BinVal : 24 28 0.791667 0.0828982 0.0828982
BinVal : 24 29 0.949153 0.0286007 0.0286007
BinVal : 24 30 0.857143 0.13226 0.13226
BinVal : 24 31 0 0 0
BinVal : 24 32 0 0 0
BinVal : 24 33 0 0 0
BinVal : 24 34 0 0 0
BinVal : 24 35 0 0 0
BinVal : 24 36 0 0 0
BinVal : 24 37 0 0 0
BinVal : 24 38 0 0 0
BinVal : 24 39 0 0 0
BinVal : 24 40 0 0 0
BinVal : 24 41 0 0 0
BinVal : 24 42 0 0 0
BinVal : 24 43 0 0 0
BinVal : 25 0 0 0 0
BinVal : 25 1 0 0 0
BinVal : 25 2 0 0 0
BinVal : 25 3 0 0 0
BinVal : 25 4 0 0 0
BinVal : 25 5 0 0 0
BinVal : 25 6 0 0 0
BinVal : 25 7 0 0 0
BinVal : 25 8 0 0 0
BinVal : 25 9 0 0 0
BinVal : 25 10 0 0 0
BinVal : 25 11 0 0 0
BinVal : 25 12 0 0 0
BinVal : 25 13 0.9 0.067082 0.067082
BinVal : 25 14 0.956522 0.0245504 0.0245504
BinVal : 25 15 0.793103 0.0752216 0.0752216
BinVal : 25 16 1 0.218486 0.218486
BinVal : 25 17 0 0 0
BinVal : 25 18 0 0 0
BinVal : 25 19 0 0 0
BinVal : 25 20 0 0 0
BinVal : 25 21 0 0 0
BinVal : 25 22 0 0 0
BinVal : 25 23 1 0.218486 0.218486
BinVal : 25 24 0 0 0
BinVal : 25 25 0 0 0
BinVal : 25 26 0 0 0
BinVal : 25 27 0 0 0
BinVal : 25 28 0.836735 0.0528011 0.0528011
BinVal : 25 29 0.945455 0.0306209 0.0306209
BinVal : 25 30 1 0.0542655 0.0542655
BinVal : 25 31 0 0 0
BinVal : 25 32 0 0 0
BinVal : 25 33 0 0 0
BinVal : 25 34 0 0 0
BinVal : 25 35 0 0 0
BinVal : 25 36 0 0 0
BinVal : 25 37 0 0 0
BinVal : 25 38 0 0 0
BinVal : 25 39 0 0 0
BinVal : 25 40 0 0 0
BinVal : 25 41 0 0 0
BinVal : 25 42 0 0 0
BinVal : 25 43 0 0 0
BinVal : 26 0 0 0 0
BinVal : 26 1 0 0 0
BinVal : 26 2 0 0 0
BinVal : 26 3 0 0 0
BinVal : 26 4 0 0 0
BinVal : 26 5 0 0 0
BinVal : 26 6 0 0 0
BinVal : 26 7 0 0 0
BinVal : 26 8 0 0 0
BinVal : 26 9 0 0 0
BinVal : 26 10 0 0 0
BinVal : 26 11 0 0 0
BinVal : 26 12 0 0 0
BinVal : 26 13 0.882353 0.0781425 0.0781425
BinVal : 26 14 0.934426 0.0316937 0.0316937
BinVal : 26 15 0.914894 0.0407022 0.0407022
BinVal : 26 16 0.875 0.116927 0.116927
BinVal : 26 17 0.6 0.0632455 0.0632455
BinVal : 26 18 0.676471 0.0802309 0.0802309
BinVal : 26 19 0.65 0.0533268 0.0533268
BinVal : 26 20 0.809524 0.0428445 0.0428445
BinVal : 26 21 0.915493 0.0330099 0.0330099
BinVal : 26 22 0.86747 0.0372173 0.0372173
BinVal : 26 23 0.893333 0.0356443 0.0356443
BinVal : 26 24 0.75 0.0525105 0.0525105
BinVal : 26 25 0.59375 0.0868207 0.0868207
BinVal : 26 26 0.552632 0.0806601 0.0806601
BinVal : 26 27 0.8 0.126491 0.126491
BinVal : 26 28 0.955556 0.0307207 0.0307207
BinVal : 26 29 0.965517 0.0239589 0.0239589
BinVal : 26 30 0.8125 0.0975781 0.0975781
BinVal : 26 31 0 0 0
BinVal : 26 32 0 0 0
BinVal : 26 33 0 0 0
BinVal : 26 34 0 0 0
BinVal : 26 35 0 0 0
BinVal : 26 36 0 0 0
BinVal : 26 37 0 0 0
BinVal : 26 38 0 0 0
BinVal : 26 39 0 0 0
BinVal : 26 40 0 0 0
BinVal : 26 41 0 0 0
BinVal : 26 42 0 0 0
BinVal : 26 43 0 0 0
BinVal : 27 0 0 0 0
BinVal : 27 1 0 0 0
BinVal : 27 2 0 0 0
BinVal : 27 3 0 0 0
BinVal : 27 4 0 0 0
BinVal : 27 5 0 0 0
BinVal : 27 6 0 0 0
BinVal : 27 7 0 0 0
BinVal : 27 8 0 0 0
BinVal : 27 9 0 0 0
BinVal : 27 10 0 0 0
BinVal : 27 11 0 0 0
BinVal : 27 12 0 0 0
BinVal : 27 13 1 0.0422902 0.0422902
BinVal : 27 14 0.9375 0.0427908 0.0427908
BinVal : 27 15 0.913793 0.0368537 0.0368537
BinVal : 27 16 0.9 0.067082 0.067082
BinVal : 27 17 0.684211 0.106639 0.106639
BinVal : 27 18 0.625 0.171163 0.171163
BinVal : 27 19 0.644444 0.0713576 0.0713576
BinVal : 27 20 0.609195 0.0523117 0.0523117
BinVal : 27 21 0.819149 0.0396989 0.0396989
BinVal : 27 22 0.76 0.0427083 0.0427083
BinVal : 27 23 0.651515 0.0586519 0.0586519
BinVal : 27 24 0.64 0.0678822 0.0678822
BinVal : 27 25 0.5 0.133631 0.133631
BinVal : 27 26 0.6 0.154919 0.154919
BinVal : 27 27 0.71875 0.0794804 0.0794804
BinVal : 27 28 0.944444 0.0311713 0.0311713
BinVal : 27 29 1 0.0111375 0.0111375
BinVal : 27 30 1 0.0293374 0.0293374
BinVal : 27 31 0 0 0
BinVal : 27 32 0 0 0
BinVal : 27 33 0 0 0
BinVal : 27 34 0 0 0
BinVal : 27 35 0 0 0
BinVal : 27 36 0 0 0
BinVal : 27 37 0 0 0
BinVal : 27 38 0 0 0
BinVal : 27 39 0 0 0
BinVal : 27 40 0 0 0
BinVal : 27 41 0 0 0
BinVal : 27 42 0 0 0
BinVal : 27 43 0 0 0
BinVal : 28 0 0 0 0
BinVal : 28 1 0 0 0
BinVal : 28 2 0 0 0
BinVal : 28 3 0 0 0
BinVal : 28 4 0 0 0
BinVal : 28 5 0 0 0
BinVal : 28 6 0 0 0
BinVal : 28 7 0 0 0
BinVal : 28 8 0 0 0
BinVal : 28 9 0 0 0
BinVal : 28 10 0 0 0
BinVal : 28 11 0 0 0
BinVal : 28 12 0 0 0
BinVal : 28 13 1 0.0495858 0.0495858
BinVal : 28 14 0.975 0.0246855 0.0246855
BinVal : 28 15 0.960784 0.0271805 0.0271805
BinVal : 28 16 0.888889 0.0395943 0.0395943
BinVal : 28 17 0.893617 0.0449741 0.0449741
BinVal : 28 18 0.782609 0.0860061 0.0860061
BinVal : 28 19 0.838235 0.044655 0.044655
BinVal : 28 20 0.659091 0.0714604 0.0714604
BinVal : 28 21 0.73494 0.0484461 0.0484461
BinVal : 28 22 0.792453 0.0557067 0.0557067
BinVal : 28 23 0.709091 0.0612418 0.0612418
BinVal : 28 24 0.652174 0.0573374 0.0573374
BinVal : 28 25 0.655172 0.0882632 0.0882632
BinVal : 28 26 0.846154 0.0577744 0.0577744
BinVal : 28 27 0.888889 0.0395943 0.0395943
BinVal : 28 28 0.966102 0.02356 0.02356
BinVal : 28 29 0.98 0.019799 0.019799
BinVal : 28 30 1 0.0871301 0.0871301
BinVal : 28 31 0 0 0
BinVal : 28 32 0 0 0
BinVal : 28 33 0 0 0
BinVal : 28 34 0 0 0
BinVal : 28 35 0 0 0
BinVal : 28 36 0 0 0
BinVal : 28 37 0 0 0
BinVal : 28 38 0 0 0
BinVal : 28 39 0 0 0
BinVal : 28 40 0 0 0
BinVal : 28 41 0 0 0
BinVal : 28 42 0 0 0
BinVal : 28 43 0 0 0
BinVal : 29 0 0 0 0
BinVal : 29 1 0 0 0
BinVal : 29 2 0 0 0
BinVal : 29 3 0 0 0
BinVal : 29 4 0 0 0
BinVal : 29 5 0 0 0
BinVal : 29 6 0 0 0
BinVal : 29 7 0 0 0
BinVal : 29 8 0 0 0
BinVal : 29 9 0 0 0
BinVal : 29 10 0 0 0
BinVal : 29 11 0 0 0
BinVal : 29 12 0 0 0
BinVal : 29 13 1 0.0668855 0.0668855
BinVal : 29 14 0.9 0.0387298 0.0387298
BinVal : 29 15 0.962963 0.0256996 0.0256996
BinVal : 29 16 0.939394 0.0293704 0.0293704
BinVal : 29 17 0.938462 0.0298075 0.0298075
BinVal : 29 18 0.777778 0.056575 0.056575
BinVal : 29 19 0.973684 0.0183616 0.0183616
BinVal : 29 20 0.909091 0.0327614 0.0327614
BinVal : 29 21 0.978947 0.0147289 0.0147289
BinVal : 29 22 0.976744 0.016252 0.016252
BinVal : 29 23 0.790123 0.0452467 0.0452467
BinVal : 29 24 0.926316 0.0268043 0.0268043
BinVal : 29 25 0.795699 0.0418089 0.0418089
BinVal : 29 26 0.714286 0.0569156 0.0569156
BinVal : 29 27 0.972222 0.0193671 0.0193671
BinVal : 29 28 0.974026 0.0181263 0.0181263
BinVal : 29 29 0.9375 0.0302577 0.0302577
BinVal : 29 30 1 0.0668855 0.0668855
BinVal : 29 31 0 0 0
BinVal : 29 32 0 0 0
BinVal : 29 33 0 0 0
BinVal : 29 34 0 0 0
BinVal : 29 35 0 0 0
BinVal : 29 36 0 0 0
BinVal : 29 37 0 0 0
BinVal : 29 38 0 0 0
BinVal : 29 39 0 0 0
BinVal : 29 40 0 0 0
BinVal : 29 41 0 0 0
BinVal : 29 42 0 0 0
BinVal : 29 43 0 0 0
BinVal : 30 0 0 0 0
BinVal : 30 1 0 0 0
BinVal : 30 2 0 0 0
BinVal : 30 3 0 0 0
BinVal : 30 4 0 0 0
BinVal : 30 5 0 0 0
BinVal : 30 6 0 0 0
BinVal : 30 7 0 0 0
BinVal : 30 8 0 0 0
BinVal : 30 9 0 0 0
BinVal : 30 10 0 0 0
BinVal : 30 11 0 0 0
BinVal : 30 12 0 0 0
BinVal : 30 13 0.916667 0.0797856 0.0797856
BinVal : 30 14 0.955882 0.0249031 0.0249031
BinVal : 30 15 0.984848 0.0150363 0.0150363
BinVal : 30 16 0.904762 0.036983 0.036983
BinVal : 30 17 0.828125 0.047159 0.047159
BinVal : 30 18 0.87234 0.0486767 0.0486767
BinVal : 30 19 0.969231 0.0214198 0.0214198
BinVal : 30 20 0.888889 0.0315853 0.0315853
BinVal : 30 21 0.957265 0.0186989 0.0186989
BinVal : 30 22 0.897436 0.0280483 0.0280483
BinVal : 30 23 0.885965 0.0297697 0.0297697
BinVal : 30 24 0.973333 0.0186031 0.0186031
BinVal : 30 25 0.79661 0.0524037 0.0524037
BinVal : 30 26 0.658537 0.0523667 0.0523667
BinVal : 30 27 0.903226 0.0375476 0.0375476
BinVal : 30 28 0.973684 0.0183616 0.0183616
BinVal : 30 29 0.955224 0.0252661 0.0252661
BinVal : 30 30 1 0.0293374 0.0293374
BinVal : 30 31 0 0 0
BinVal : 30 32 0 0 0
BinVal : 30 33 0 0 0
BinVal : 30 34 0 0 0
BinVal : 30 35 0 0 0
BinVal : 30 36 0 0 0
BinVal : 30 37 0 0 0
BinVal : 30 38 0 0 0
BinVal : 30 39 0 0 0
BinVal : 30 40 0 0 0
BinVal : 30 41 0 0 0
BinVal : 30 42 0 0 0
BinVal : 30 43 0 0 0
BinVal : 31 0 0 0 0
BinVal : 31 1 0 0 0
BinVal : 31 2 0 0 0
BinVal : 31 3 0 0 0
BinVal : 31 4 0 0 0
BinVal : 31 5 0 0 0
BinVal : 31 6 0 0 0
BinVal : 31 7 0 0 0
BinVal : 31 8 0 0 0
BinVal : 31 9 0 0 0
BinVal : 31 10 0 0 0
BinVal : 31 11 0 0 0
BinVal : 31 12 0 0 0
BinVal : 31 13 1 0.0368657 0.0368657
BinVal : 31 14 0.957447 0.0294425 0.0294425
BinVal : 31 15 0.907895 0.0331706 0.0331706
BinVal : 31 16 0.946429 0.0300896 0.0300896
BinVal : 31 17 0.793651 0.0509854 0.0509854
BinVal : 31 18 0.88 0.0459565 0.0459565
BinVal : 31 19 0.947368 0.0256139 0.0256139
BinVal : 31 20 0.895349 0.033008 0.033008
BinVal : 31 21 0.925 0.029448 0.029448
BinVal : 31 22 0.942857 0.0226521 0.0226521
BinVal : 31 23 0.881188 0.0321961 0.0321961
BinVal : 31 24 0.970149 0.0207902 0.0207902
BinVal : 31 25 0.852459 0.0454076 0.0454076
BinVal : 31 26 0.802632 0.0456552 0.0456552
BinVal : 31 27 0.880952 0.0499703 0.0499703
BinVal : 31 28 0.952941 0.0229691 0.0229691
BinVal : 31 29 0.96875 0.0217491 0.0217491
BinVal : 31 30 1 0.039392 0.039392
BinVal : 31 31 0 0 0
BinVal : 31 32 0 0 0
BinVal : 31 33 0 0 0
BinVal : 31 34 0 0 0
BinVal : 31 35 0 0 0
BinVal : 31 36 0 0 0
BinVal : 31 37 0 0 0
BinVal : 31 38 0 0 0
BinVal : 31 39 0 0 0
BinVal : 31 40 0 0 0
BinVal : 31 41 0 0 0
BinVal : 31 42 0 0 0
BinVal : 31 43 0 0 0


