Comments : includes prescale inefficiency, cosmic veto applied 
EffMethod : TagAndProbe 
EffName : eff 
EffType : Binned 
EffVarNames : phi deteta 
EffVersion : 3 
ObjQuality : SingleMuonTriggersOR-AND-MuFromMuJets 
ObjRelativeTo : tight_trackmedium_iso_NPTight 
ObjType : MuANDSingleMuonOR 
ObjVersion : 1 
RunRangeHigh : -1 
RunRangeLow : -1 
TriggerVersionHigh : 15.21 
TriggerVersionLow : 15 
BinEdgesX : 0 0.3927 0.7854 1.1781 1.5708 1.9635 2.3562 2.7489 3.1416 3.5343 3.927 4.3197 4.7124 5.1051 5.4978 5.8905 6.2832 
BinEdgesY : -3 -2.8 -2.6 -2.4 -2.2 -2 -1.8 -1.6 -1.4 -1.2 -1 -0.8 -0.6 -0.4 -0.2 0 0.2 0.4 0.6 0.8 1 1.2 1.4 1.6 1.8 2 2.2 2.4 2.6 2.8 3 
BinVal : 0 0 0 0 0
BinVal : 0 1 0 0 0
BinVal : 0 2 0 0 0
BinVal : 0 3 0 0 0
BinVal : 0 4 0 0 0
BinVal : 0 5 0 0 0
BinVal : 0 6 0 0 0
BinVal : 0 7 0.714286 0.0697071 0.0697071
BinVal : 0 8 0.882353 0.0451156 0.0451156
BinVal : 0 9 0.701754 0.0605958 0.0605958
BinVal : 0 10 0.661017 0.0616268 0.0616268
BinVal : 0 11 0.72549 0.0624899 0.0624899
BinVal : 0 12 0.72549 0.0624899 0.0624899
BinVal : 0 13 0.651515 0.0586519 0.0586519
BinVal : 0 14 0.634921 0.0606573 0.0606573
BinVal : 0 15 0.76 0.0493153 0.0493153
BinVal : 0 16 0.578947 0.0653959 0.0653959
BinVal : 0 17 0.868852 0.0432203 0.0432203
BinVal : 0 18 0.785714 0.0633147 0.0633147
BinVal : 0 19 0.837209 0.0562986 0.0562986
BinVal : 0 20 0.732143 0.0591774 0.0591774
BinVal : 0 21 0.9 0.0424264 0.0424264
BinVal : 0 22 0.782609 0.0608155 0.0608155
BinVal : 0 23 0 0 0
BinVal : 0 24 0 0 0
BinVal : 0 25 0 0 0
BinVal : 0 26 0 0 0
BinVal : 0 27 0 0 0
BinVal : 0 28 0 0 0
BinVal : 0 29 0 0 0
BinVal : 1 0 0 0 0
BinVal : 1 1 0 0 0
BinVal : 1 2 0 0 0
BinVal : 1 3 0 0 0
BinVal : 1 4 0 0 0
BinVal : 1 5 0 0 0
BinVal : 1 6 0 0 0
BinVal : 1 7 0.636364 0.0725204 0.0725204
BinVal : 1 8 0.564103 0.0794034 0.0794034
BinVal : 1 9 0.826087 0.0558856 0.0558856
BinVal : 1 10 0.62 0.068644 0.068644
BinVal : 1 11 0.584906 0.0676828 0.0676828
BinVal : 1 12 0.490566 0.0686681 0.0686681
BinVal : 1 13 0.557377 0.0635955 0.0635955
BinVal : 1 14 0.71875 0.0562012 0.0562012
BinVal : 1 15 0.619048 0.0611825 0.0611825
BinVal : 1 16 0.509434 0.0686681 0.0686681
BinVal : 1 17 0.589286 0.0657414 0.0657414
BinVal : 1 18 0.7 0.0648074 0.0648074
BinVal : 1 19 0.722222 0.0746505 0.0746505
BinVal : 1 20 0.769231 0.0584273 0.0584273
BinVal : 1 21 0.859375 0.0434543 0.0434543
BinVal : 1 22 0.666667 0.082061 0.082061
BinVal : 1 23 0 0 0
BinVal : 1 24 0 0 0
BinVal : 1 25 0 0 0
BinVal : 1 26 0 0 0
BinVal : 1 27 0 0 0
BinVal : 1 28 0 0 0
BinVal : 1 29 0 0 0
BinVal : 2 0 0 0 0
BinVal : 2 1 0 0 0
BinVal : 2 2 0 0 0
BinVal : 2 3 0 0 0
BinVal : 2 4 0 0 0
BinVal : 2 5 0 0 0
BinVal : 2 6 0 0 0
BinVal : 2 7 0.741935 0.0785898 0.0785898
BinVal : 2 8 0.84375 0.0641862 0.0641862
BinVal : 2 9 0.790698 0.062038 0.062038
BinVal : 2 10 0.772727 0.0893461 0.0893461
BinVal : 2 11 0.75 0.0721688 0.0721688
BinVal : 2 12 0.71875 0.0794804 0.0794804
BinVal : 2 13 0.666667 0.0785674 0.0785674
BinVal : 2 14 0.8 0.0596285 0.0596285
BinVal : 2 15 0.82 0.0543323 0.0543323
BinVal : 2 16 0.761905 0.0657205 0.0657205
BinVal : 2 17 0.885714 0.0537785 0.0537785
BinVal : 2 18 0.625 0.0988212 0.0988212
BinVal : 2 19 0.407407 0.0945607 0.0945607
BinVal : 2 20 0.911765 0.0486433 0.0486433
BinVal : 2 21 0.857143 0.0591485 0.0591485
BinVal : 2 22 0.7 0.10247 0.10247
BinVal : 2 23 0 0 0
BinVal : 2 24 0 0 0
BinVal : 2 25 0 0 0
BinVal : 2 26 0 0 0
BinVal : 2 27 0 0 0
BinVal : 2 28 0 0 0
BinVal : 2 29 0 0 0
BinVal : 3 0 0 0 0
BinVal : 3 1 0 0 0
BinVal : 3 2 0 0 0
BinVal : 3 3 0 0 0
BinVal : 3 4 0 0 0
BinVal : 3 5 0 0 0
BinVal : 3 6 0 0 0
BinVal : 3 7 0.928571 0.0688303 0.0688303
BinVal : 3 8 0.736842 0.101023 0.101023
BinVal : 3 9 0.857143 0.093522 0.093522
BinVal : 3 10 0.722222 0.105572 0.105572
BinVal : 3 11 0.846154 0.100068 0.100068
BinVal : 3 12 0.727273 0.0949515 0.0949515
BinVal : 3 13 0.826087 0.0790342 0.0790342
BinVal : 3 14 0.592593 0.0945607 0.0945607
BinVal : 3 15 0.882353 0.0781425 0.0781425
BinVal : 3 16 0.884615 0.0626563 0.0626563
BinVal : 3 17 0.882353 0.0781425 0.0781425
BinVal : 3 18 0.833333 0.087841 0.087841
BinVal : 3 19 0.8 0.126491 0.126491
BinVal : 3 20 0.823529 0.0924594 0.0924594
BinVal : 3 21 1 0.0309157 0.0309157
BinVal : 3 22 0.736842 0.101023 0.101023
BinVal : 3 23 0 0 0
BinVal : 3 24 0 0 0
BinVal : 3 25 0 0 0
BinVal : 3 26 0 0 0
BinVal : 3 27 0 0 0
BinVal : 3 28 0 0 0
BinVal : 3 29 0 0 0
BinVal : 4 0 0 0 0
BinVal : 4 1 0 0 0
BinVal : 4 2 0 0 0
BinVal : 4 3 0 0 0
BinVal : 4 4 0 0 0
BinVal : 4 5 0 0 0
BinVal : 4 6 0 0 0
BinVal : 4 7 0.916667 0.0797856 0.0797856
BinVal : 4 8 0.933333 0.0644061 0.0644061
BinVal : 4 9 0.769231 0.116855 0.116855
BinVal : 4 10 0.571429 0.13226 0.13226
BinVal : 4 11 0.736842 0.101023 0.101023
BinVal : 4 12 0.7 0.10247 0.10247
BinVal : 4 13 0.789474 0.0935288 0.0935288
BinVal : 4 14 0.740741 0.084337 0.084337
BinVal : 4 15 0.681818 0.0993026 0.0993026
BinVal : 4 16 0.705882 0.11051 0.11051
BinVal : 4 17 0.666667 0.102869 0.102869
BinVal : 4 18 0.764706 0.102879 0.102879
BinVal : 4 19 0.727273 0.134282 0.134282
BinVal : 4 20 0.631579 0.110665 0.110665
BinVal : 4 21 0.85 0.0798436 0.0798436
BinVal : 4 22 0.866667 0.0877707 0.0877707
BinVal : 4 23 0 0 0
BinVal : 4 24 0 0 0
BinVal : 4 25 0 0 0
BinVal : 4 26 0 0 0
BinVal : 4 27 0 0 0
BinVal : 4 28 0 0 0
BinVal : 4 29 0 0 0
BinVal : 5 0 0 0 0
BinVal : 5 1 0 0 0
BinVal : 5 2 0 0 0
BinVal : 5 3 0 0 0
BinVal : 5 4 0 0 0
BinVal : 5 5 0 0 0
BinVal : 5 6 0 0 0
BinVal : 5 7 0.758621 0.0794627 0.0794627
BinVal : 5 8 0.95 0.0344601 0.0344601
BinVal : 5 9 0.972973 0.0266593 0.0266593
BinVal : 5 10 0.823529 0.0924594 0.0924594
BinVal : 5 11 0.692308 0.0739053 0.0739053
BinVal : 5 12 0.72973 0.0730095 0.0730095
BinVal : 5 13 0.755556 0.0640644 0.0640644
BinVal : 5 14 0.755102 0.0614324 0.0614324
BinVal : 5 15 0.666667 0.0624391 0.0624391
BinVal : 5 16 0.724138 0.0829961 0.0829961
BinVal : 5 17 0.795455 0.0608102 0.0608102
BinVal : 5 18 0.771429 0.0709782 0.0709782
BinVal : 5 19 0.735294 0.0756611 0.0756611
BinVal : 5 20 0.75 0.0684653 0.0684653
BinVal : 5 21 0.939394 0.041536 0.041536
BinVal : 5 22 0.857143 0.0763604 0.0763604
BinVal : 5 23 0 0 0
BinVal : 5 24 0 0 0
BinVal : 5 25 0 0 0
BinVal : 5 26 0 0 0
BinVal : 5 27 0 0 0
BinVal : 5 28 0 0 0
BinVal : 5 29 0 0 0
BinVal : 6 0 0 0 0
BinVal : 6 1 0 0 0
BinVal : 6 2 0 0 0
BinVal : 6 3 0 0 0
BinVal : 6 4 0 0 0
BinVal : 6 5 0 0 0
BinVal : 6 6 0 0 0
BinVal : 6 7 0.818182 0.0581456 0.0581456
BinVal : 6 8 0.877551 0.0468291 0.0468291
BinVal : 6 9 0.931818 0.0379991 0.0379991
BinVal : 6 10 0.611111 0.0812497 0.0812497
BinVal : 6 11 0.673077 0.0650509 0.0650509
BinVal : 6 12 0.885714 0.0537785 0.0537785
BinVal : 6 13 0.764706 0.0593974 0.0593974
BinVal : 6 14 0.692308 0.0640039 0.0640039
BinVal : 6 15 0.666667 0.0702728 0.0702728
BinVal : 6 16 0.707317 0.0710581 0.0710581
BinVal : 6 17 0.711111 0.0675659 0.0675659
BinVal : 6 18 0.636364 0.0648642 0.0648642
BinVal : 6 19 0.685714 0.0784693 0.0784693
BinVal : 6 20 0.8125 0.0563367 0.0563367
BinVal : 6 21 0.906977 0.0442955 0.0442955
BinVal : 6 22 0.638889 0.0800538 0.0800538
BinVal : 6 23 0 0 0
BinVal : 6 24 0 0 0
BinVal : 6 25 0 0 0
BinVal : 6 26 0 0 0
BinVal : 6 27 0 0 0
BinVal : 6 28 0 0 0
BinVal : 6 29 0 0 0
BinVal : 7 0 0 0 0
BinVal : 7 1 0 0 0
BinVal : 7 2 0 0 0
BinVal : 7 3 0 0 0
BinVal : 7 4 0 0 0
BinVal : 7 5 0 0 0
BinVal : 7 6 0 0 0
BinVal : 7 7 0.619048 0.0749329 0.0749329
BinVal : 7 8 0.888889 0.0468486 0.0468486
BinVal : 7 9 0.66 0.0669925 0.0669925
BinVal : 7 10 0.711538 0.0628263 0.0628263
BinVal : 7 11 0.527778 0.0832046 0.0832046
BinVal : 7 12 0.666667 0.06415 0.06415
BinVal : 7 13 0.733333 0.0570899 0.0570899
BinVal : 7 14 0.666667 0.0660098 0.0660098
BinVal : 7 15 0.709091 0.0612418 0.0612418
BinVal : 7 16 0.72973 0.0730095 0.0730095
BinVal : 7 17 0.714286 0.0697071 0.0697071
BinVal : 7 18 0.3125 0.115878 0.115878
BinVal : 7 19 0.666667 0.102869 0.102869
BinVal : 7 20 0.745098 0.0610251 0.0610251
BinVal : 7 21 0.833333 0.0575055 0.0575055
BinVal : 7 22 0.75 0.0625 0.0625
BinVal : 7 23 0 0 0
BinVal : 7 24 0 0 0
BinVal : 7 25 0 0 0
BinVal : 7 26 0 0 0
BinVal : 7 27 0 0 0
BinVal : 7 28 0 0 0
BinVal : 7 29 0 0 0
BinVal : 8 0 0 0 0
BinVal : 8 1 0 0 0
BinVal : 8 2 0 0 0
BinVal : 8 3 0 0 0
BinVal : 8 4 0 0 0
BinVal : 8 5 0 0 0
BinVal : 8 6 0 0 0
BinVal : 8 7 0.780488 0.0646428 0.0646428
BinVal : 8 8 0.932203 0.032729 0.032729
BinVal : 8 9 0.65 0.0754155 0.0754155
BinVal : 8 10 0.763158 0.0689676 0.0689676
BinVal : 8 11 0.829268 0.0587642 0.0587642
BinVal : 8 12 0.882353 0.0451156 0.0451156
BinVal : 8 13 0.876712 0.0384793 0.0384793
BinVal : 8 14 0.756757 0.049875 0.049875
BinVal : 8 15 0.819672 0.0492251 0.0492251
BinVal : 8 16 0.789474 0.0539989 0.0539989
BinVal : 8 17 0.877551 0.0468291 0.0468291
BinVal : 8 18 0.5 0.133631 0.133631
BinVal : 8 19 0.678571 0.0882594 0.0882594
BinVal : 8 20 0.844444 0.0540284 0.0540284
BinVal : 8 21 0.9 0.0424264 0.0424264
BinVal : 8 22 0.701754 0.0605958 0.0605958
BinVal : 8 23 0 0 0
BinVal : 8 24 0 0 0
BinVal : 8 25 0 0 0
BinVal : 8 26 0 0 0
BinVal : 8 27 0 0 0
BinVal : 8 28 0 0 0
BinVal : 8 29 0 0 0
BinVal : 9 0 0 0 0
BinVal : 9 1 0 0 0
BinVal : 9 2 0 0 0
BinVal : 9 3 0 0 0
BinVal : 9 4 0 0 0
BinVal : 9 5 0 0 0
BinVal : 9 6 0 0 0
BinVal : 9 7 0.617647 0.0833418 0.0833418
BinVal : 9 8 0.95 0.0344601 0.0344601
BinVal : 9 9 0.923077 0.0330515 0.0330515
BinVal : 9 10 0.896552 0.0565523 0.0565523
BinVal : 9 11 0.648649 0.0784828 0.0784828
BinVal : 9 12 0.789474 0.0539989 0.0539989
BinVal : 9 13 0.724138 0.0586871 0.0586871
BinVal : 9 14 0.716981 0.0618762 0.0618762
BinVal : 9 15 0.776119 0.0509255 0.0509255
BinVal : 9 16 0.74 0.0620322 0.0620322
BinVal : 9 17 0.77551 0.0596066 0.0596066
BinVal : 9 18 0.806452 0.0709583 0.0709583
BinVal : 9 19 0.882353 0.0552551 0.0552551
BinVal : 9 20 0.851064 0.0519317 0.0519317
BinVal : 9 21 0.897059 0.0368511 0.0368511
BinVal : 9 22 0.7 0.083666 0.083666
BinVal : 9 23 0 0 0
BinVal : 9 24 0 0 0
BinVal : 9 25 0 0 0
BinVal : 9 26 0 0 0
BinVal : 9 27 0 0 0
BinVal : 9 28 0 0 0
BinVal : 9 29 0 0 0
BinVal : 10 0 0 0 0
BinVal : 10 1 0 0 0
BinVal : 10 2 0 0 0
BinVal : 10 3 0 0 0
BinVal : 10 4 0 0 0
BinVal : 10 5 0 0 0
BinVal : 10 6 0 0 0
BinVal : 10 7 0.815789 0.0628861 0.0628861
BinVal : 10 8 0.939394 0.041536 0.041536
BinVal : 10 9 0.454545 0.150131 0.150131
BinVal : 10 10 0.583333 0.100635 0.100635
BinVal : 10 11 0.833333 0.152145 0.152145
BinVal : 10 12 0.625 0.0765466 0.0765466
BinVal : 10 13 0.764706 0.0593974 0.0593974
BinVal : 10 14 0.773585 0.0574869 0.0574869
BinVal : 10 15 0.823529 0.0533815 0.0533815
BinVal : 10 16 0.864865 0.0562027 0.0562027
BinVal : 10 17 0.777778 0.06929 0.06929
BinVal : 10 18 0.583333 0.142319 0.142319
BinVal : 10 19 0.652174 0.0993113 0.0993113
BinVal : 10 20 1 0.0326734 0.0326734
BinVal : 10 21 0.836364 0.0498834 0.0498834
BinVal : 10 22 0.638889 0.0800538 0.0800538
BinVal : 10 23 0 0 0
BinVal : 10 24 0 0 0
BinVal : 10 25 0 0 0
BinVal : 10 26 0 0 0
BinVal : 10 27 0 0 0
BinVal : 10 28 0 0 0
BinVal : 10 29 0 0 0
BinVal : 11 0 0 0 0
BinVal : 11 1 0 0 0
BinVal : 11 2 0 0 0
BinVal : 11 3 0 0 0
BinVal : 11 4 0 0 0
BinVal : 11 5 0 0 0
BinVal : 11 6 0 0 0
BinVal : 11 7 0.763636 0.0572865 0.0572865
BinVal : 11 8 0.857143 0.0539949 0.0539949
BinVal : 11 9 0 0 0
BinVal : 11 10 1 0.218486 0.218486
BinVal : 11 11 0 0 0
BinVal : 11 12 0 0 0
BinVal : 11 13 0 0 0
BinVal : 11 14 0 0 0
BinVal : 11 15 0 0 0
BinVal : 11 16 0 0 0
BinVal : 11 17 0 0 0
BinVal : 11 18 0 0 0
BinVal : 11 19 0 0 0
BinVal : 11 20 0 0 0
BinVal : 11 21 0.690476 0.071334 0.071334
BinVal : 11 22 0.693878 0.0658402 0.0658402
BinVal : 11 23 0 0 0
BinVal : 11 24 0 0 0
BinVal : 11 25 0 0 0
BinVal : 11 26 0 0 0
BinVal : 11 27 0 0 0
BinVal : 11 28 0 0 0
BinVal : 11 29 0 0 0
BinVal : 12 0 0 0 0
BinVal : 12 1 0 0 0
BinVal : 12 2 0 0 0
BinVal : 12 3 0 0 0
BinVal : 12 4 0 0 0
BinVal : 12 5 0 0 0
BinVal : 12 6 0 0 0
BinVal : 12 7 0.837838 0.0605974 0.0605974
BinVal : 12 8 0.607143 0.0922962 0.0922962
BinVal : 12 9 0 0 0
BinVal : 12 10 0 0 0
BinVal : 12 11 0 0 0
BinVal : 12 12 0 0 0
BinVal : 12 13 0 0 0
BinVal : 12 14 0 0 0
BinVal : 12 15 0 0 0
BinVal : 12 16 0 0 0
BinVal : 12 17 0 0 0
BinVal : 12 18 0 0 0
BinVal : 12 19 0 0 0
BinVal : 12 20 0 0 0
BinVal : 12 21 0.742857 0.0738764 0.0738764
BinVal : 12 22 0.636364 0.0725204 0.0725204
BinVal : 12 23 0 0 0
BinVal : 12 24 0 0 0
BinVal : 12 25 0 0 0
BinVal : 12 26 0 0 0
BinVal : 12 27 0 0 0
BinVal : 12 28 0 0 0
BinVal : 12 29 0 0 0
BinVal : 13 0 0 0 0
BinVal : 13 1 0 0 0
BinVal : 13 2 0 0 0
BinVal : 13 3 0 0 0
BinVal : 13 4 0 0 0
BinVal : 13 5 0 0 0
BinVal : 13 6 0 0 0
BinVal : 13 7 0.65625 0.0839617 0.0839617
BinVal : 13 8 0.933333 0.0371849 0.0371849
BinVal : 13 9 0.947368 0.0512278 0.0512278
BinVal : 13 10 0.652174 0.0993113 0.0993113
BinVal : 13 11 0.5 0.176777 0.176777
BinVal : 13 12 0.711111 0.0675659 0.0675659
BinVal : 13 13 0.783333 0.0531856 0.0531856
BinVal : 13 14 0.893617 0.0449741 0.0449741
BinVal : 13 15 0.84058 0.0440694 0.0440694
BinVal : 13 16 0.875 0.0441942 0.0441942
BinVal : 13 17 0.863636 0.0517355 0.0517355
BinVal : 13 18 0.428571 0.187044 0.187044
BinVal : 13 19 0.666667 0.121716 0.121716
BinVal : 13 20 0.882353 0.0781425 0.0781425
BinVal : 13 21 0.930233 0.0388497 0.0388497
BinVal : 13 22 0.769231 0.067466 0.067466
BinVal : 13 23 0 0 0
BinVal : 13 24 0 0 0
BinVal : 13 25 0 0 0
BinVal : 13 26 0 0 0
BinVal : 13 27 0 0 0
BinVal : 13 28 0 0 0
BinVal : 13 29 0 0 0
BinVal : 14 0 0 0 0
BinVal : 14 1 0 0 0
BinVal : 14 2 0 0 0
BinVal : 14 3 0 0 0
BinVal : 14 4 0 0 0
BinVal : 14 5 0 0 0
BinVal : 14 6 0 0 0
BinVal : 14 7 0.766667 0.0772202 0.0772202
BinVal : 14 8 0.833333 0.0680414 0.0680414
BinVal : 14 9 0.966102 0.02356 0.02356
BinVal : 14 10 0.894737 0.0497845 0.0497845
BinVal : 14 11 0.649123 0.0632126 0.0632126
BinVal : 14 12 0.741379 0.057496 0.057496
BinVal : 14 13 0.783784 0.0676771 0.0676771
BinVal : 14 14 0.814815 0.052861 0.052861
BinVal : 14 15 0.666667 0.0702728 0.0702728
BinVal : 14 16 0.611111 0.0812497 0.0812497
BinVal : 14 17 0.774194 0.0750952 0.0750952
BinVal : 14 18 0.625 0.0855817 0.0855817
BinVal : 14 19 0.782609 0.0860061 0.0860061
BinVal : 14 20 0.9 0.0474342 0.0474342
BinVal : 14 21 0.972222 0.0273893 0.0273893
BinVal : 14 22 0.717391 0.0663884 0.0663884
BinVal : 14 23 0 0 0
BinVal : 14 24 0 0 0
BinVal : 14 25 0 0 0
BinVal : 14 26 0 0 0
BinVal : 14 27 0 0 0
BinVal : 14 28 0 0 0
BinVal : 14 29 0 0 0
BinVal : 15 0 0 0 0
BinVal : 15 1 0 0 0
BinVal : 15 2 0 0 0
BinVal : 15 3 0 0 0
BinVal : 15 4 0 0 0
BinVal : 15 5 0 0 0
BinVal : 15 6 0 0 0
BinVal : 15 7 0.702703 0.0751416 0.0751416
BinVal : 15 8 1 0.0141568 0.0141568
BinVal : 15 9 0.62 0.068644 0.068644
BinVal : 15 10 0.806452 0.0709583 0.0709583
BinVal : 15 11 0.794872 0.064659 0.064659
BinVal : 15 12 0.769231 0.067466 0.067466
BinVal : 15 13 0.740741 0.0596353 0.0596353
BinVal : 15 14 0.775862 0.0547565 0.0547565
BinVal : 15 15 0.84507 0.0429422 0.0429422
BinVal : 15 16 0.557377 0.0635955 0.0635955
BinVal : 15 17 0.821429 0.0511796 0.0511796
BinVal : 15 18 0.793103 0.0752216 0.0752216
BinVal : 15 19 0.76 0.0854166 0.0854166
BinVal : 15 20 0.628571 0.0816735 0.0816735
BinVal : 15 21 0.906977 0.0442955 0.0442955
BinVal : 15 22 0.826087 0.0558856 0.0558856
BinVal : 15 23 0 0 0
BinVal : 15 24 0 0 0
BinVal : 15 25 0 0 0
BinVal : 15 26 0 0 0
BinVal : 15 27 0 0 0
BinVal : 15 28 0 0 0
BinVal : 15 29 0 0 0


Comments : includes prescale inefficiency, cosmic veto applied 
EffMethod : TagAndProbe 
EffName : eff 
EffType : Binned 
EffVarNames : phi deteta 
EffVersion : 3 
ObjQuality : SingleMuonTriggersOR-AND-MuFromMuJets 
ObjRelativeTo : tight_trackmedium_iso_NPTight 
ObjType : MuANDSingleMuonOR 
ObjVersion : 1 
RunRangeHigh : -1 
RunRangeLow : -1 
TriggerVersionHigh : 15.49 
TriggerVersionLow : 15.22 
BinEdgesX : 0 0.3927 0.7854 1.1781 1.5708 1.9635 2.3562 2.7489 3.1416 3.5343 3.927 4.3197 4.7124 5.1051 5.4978 5.8905 6.2832 
BinEdgesY : -3 -2.8 -2.6 -2.4 -2.2 -2 -1.8 -1.6 -1.4 -1.2 -1 -0.8 -0.6 -0.4 -0.2 0 0.2 0.4 0.6 0.8 1 1.2 1.4 1.6 1.8 2 2.2 2.4 2.6 2.8 3 
BinVal : 0 0 0 0 0
BinVal : 0 1 0 0 0
BinVal : 0 2 0 0 0
BinVal : 0 3 0 0 0
BinVal : 0 4 0 0 0
BinVal : 0 5 0 0 0
BinVal : 0 6 0 0 0
BinVal : 0 7 0.716981 0.0618762 0.0618762
BinVal : 0 8 0.8375 0.0412453 0.0412453
BinVal : 0 9 0.78125 0.0516748 0.0516748
BinVal : 0 10 0.592593 0.0668645 0.0668645
BinVal : 0 11 0.648148 0.0649861 0.0649861
BinVal : 0 12 0.810345 0.0514758 0.0514758
BinVal : 0 13 0.766234 0.048231 0.048231
BinVal : 0 14 0.744681 0.0449741 0.0449741
BinVal : 0 15 0.649351 0.0543789 0.0543789
BinVal : 0 16 0.573529 0.0599747 0.0599747
BinVal : 0 17 0.807018 0.0522713 0.0522713
BinVal : 0 18 0.753846 0.0534303 0.0534303
BinVal : 0 19 0.676923 0.0580051 0.0580051
BinVal : 0 20 0.830769 0.0465075 0.0465075
BinVal : 0 21 0.912281 0.0374692 0.0374692
BinVal : 0 22 0.641509 0.0658722 0.0658722
BinVal : 0 23 0 0 0
BinVal : 0 24 0 0 0
BinVal : 0 25 0 0 0
BinVal : 0 26 0 0 0
BinVal : 0 27 0 0 0
BinVal : 0 28 0 0 0
BinVal : 0 29 0 0 0
BinVal : 1 0 0 0 0
BinVal : 1 1 0 0 0
BinVal : 1 2 0 0 0
BinVal : 1 3 0 0 0
BinVal : 1 4 0 0 0
BinVal : 1 5 0 0 0
BinVal : 1 6 0 0 0
BinVal : 1 7 0.734694 0.0630709 0.0630709
BinVal : 1 8 0.830189 0.0515744 0.0515744
BinVal : 1 9 0.924528 0.0362839 0.0362839
BinVal : 1 10 0.75 0.0721688 0.0721688
BinVal : 1 11 0.6625 0.052867 0.052867
BinVal : 1 12 0.589041 0.0575852 0.0575852
BinVal : 1 13 0.685185 0.0632026 0.0632026
BinVal : 1 14 0.740741 0.048692 0.048692
BinVal : 1 15 0.647059 0.0518339 0.0518339
BinVal : 1 16 0.5 0.0625 0.0625
BinVal : 1 17 0.676056 0.0555389 0.0555389
BinVal : 1 18 0.71831 0.0533842 0.0533842
BinVal : 1 19 0.692308 0.0739053 0.0739053
BinVal : 1 20 0.897436 0.034352 0.034352
BinVal : 1 21 0.903846 0.0408817 0.0408817
BinVal : 1 22 0.627907 0.0737122 0.0737122
BinVal : 1 23 0 0 0
BinVal : 1 24 0 0 0
BinVal : 1 25 0 0 0
BinVal : 1 26 0 0 0
BinVal : 1 27 0 0 0
BinVal : 1 28 0 0 0
BinVal : 1 29 0 0 0
BinVal : 2 0 0 0 0
BinVal : 2 1 0 0 0
BinVal : 2 2 0 0 0
BinVal : 2 3 0 0 0
BinVal : 2 4 0 0 0
BinVal : 2 5 0 0 0
BinVal : 2 6 0 0 0
BinVal : 2 7 0.676471 0.0802309 0.0802309
BinVal : 2 8 0.8 0.0596285 0.0596285
BinVal : 2 9 0.857143 0.046761 0.046761
BinVal : 2 10 0.710526 0.0735703 0.0735703
BinVal : 2 11 0.596491 0.0649817 0.0649817
BinVal : 2 12 0.706897 0.0597688 0.0597688
BinVal : 2 13 0.632653 0.0688689 0.0688689
BinVal : 2 14 0.612903 0.06186 0.06186
BinVal : 2 15 0.685185 0.0632026 0.0632026
BinVal : 2 16 0.413043 0.0725975 0.0725975
BinVal : 2 17 0.823529 0.0533815 0.0533815
BinVal : 2 18 0.795455 0.0608102 0.0608102
BinVal : 2 19 0.625 0.0988212 0.0988212
BinVal : 2 20 0.897436 0.0485811 0.0485811
BinVal : 2 21 0.904762 0.0452948 0.0452948
BinVal : 2 22 0.783784 0.0676771 0.0676771
BinVal : 2 23 0 0 0
BinVal : 2 24 0 0 0
BinVal : 2 25 0 0 0
BinVal : 2 26 0 0 0
BinVal : 2 27 0 0 0
BinVal : 2 28 0 0 0
BinVal : 2 29 0 0 0
BinVal : 3 0 0 0 0
BinVal : 3 1 0 0 0
BinVal : 3 2 0 0 0
BinVal : 3 3 0 0 0
BinVal : 3 4 0 0 0
BinVal : 3 5 0 0 0
BinVal : 3 6 0 0 0
BinVal : 3 7 0.782609 0.0860061 0.0860061
BinVal : 3 8 1 0.0309157 0.0309157
BinVal : 3 9 0.666667 0.102869 0.102869
BinVal : 3 10 0.866667 0.0877707 0.0877707
BinVal : 3 11 0.529412 0.121058 0.121058
BinVal : 3 12 0.764706 0.102879 0.102879
BinVal : 3 13 0.555556 0.0956292 0.0956292
BinVal : 3 14 0.757576 0.0746009 0.0746009
BinVal : 3 15 0.741935 0.0785898 0.0785898
BinVal : 3 16 0.5 0.0857493 0.0857493
BinVal : 3 17 0.741935 0.0785898 0.0785898
BinVal : 3 18 0.965517 0.033883 0.033883
BinVal : 3 19 0.636364 0.145041 0.145041
BinVal : 3 20 0.6 0.126491 0.126491
BinVal : 3 21 0.842105 0.0836547 0.0836547
BinVal : 3 22 0.863636 0.073165 0.073165
BinVal : 3 23 0 0 0
BinVal : 3 24 0 0 0
BinVal : 3 25 0 0 0
BinVal : 3 26 0 0 0
BinVal : 3 27 0 0 0
BinVal : 3 28 0 0 0
BinVal : 3 29 0 0 0
BinVal : 4 0 0 0 0
BinVal : 4 1 0 0 0
BinVal : 4 2 0 0 0
BinVal : 4 3 0 0 0
BinVal : 4 4 0 0 0
BinVal : 4 5 0 0 0
BinVal : 4 6 0 0 0
BinVal : 4 7 0.592593 0.0945607 0.0945607
BinVal : 4 8 0.857143 0.06613 0.06613
BinVal : 4 9 0.84 0.0733212 0.0733212
BinVal : 4 10 0.409091 0.104824 0.104824
BinVal : 4 11 0.944444 0.0539903 0.0539903
BinVal : 4 12 0.6875 0.0819382 0.0819382
BinVal : 4 13 0.666667 0.0907218 0.0907218
BinVal : 4 14 0.483871 0.0897559 0.0897559
BinVal : 4 15 0.689655 0.0859091 0.0859091
BinVal : 4 16 0.277778 0.105572 0.105572
BinVal : 4 17 0.766667 0.0772202 0.0772202
BinVal : 4 18 0.823529 0.0924594 0.0924594
BinVal : 4 19 0.529412 0.121058 0.121058
BinVal : 4 20 0.84 0.0733212 0.0733212
BinVal : 4 21 1 0.0293374 0.0293374
BinVal : 4 22 0.619048 0.105971 0.105971
BinVal : 4 23 0 0 0
BinVal : 4 24 0 0 0
BinVal : 4 25 0 0 0
BinVal : 4 26 0 0 0
BinVal : 4 27 0 0 0
BinVal : 4 28 0 0 0
BinVal : 4 29 0 0 0
BinVal : 5 0 0 0 0
BinVal : 5 1 0 0 0
BinVal : 5 2 0 0 0
BinVal : 5 3 0 0 0
BinVal : 5 4 0 0 0
BinVal : 5 5 0 0 0
BinVal : 5 6 0 0 0
BinVal : 5 7 0.742857 0.0738764 0.0738764
BinVal : 5 8 0.981481 0.0183463 0.0183463
BinVal : 5 9 0.903846 0.0408817 0.0408817
BinVal : 5 10 0.625 0.0765466 0.0765466
BinVal : 5 11 0.541667 0.0719178 0.0719178
BinVal : 5 12 0.727273 0.0600526 0.0600526
BinVal : 5 13 0.477273 0.0752999 0.0752999
BinVal : 5 14 0.666667 0.0567504 0.0567504
BinVal : 5 15 0.66129 0.0601055 0.0601055
BinVal : 5 16 0.469388 0.0712946 0.0712946
BinVal : 5 17 0.707317 0.0710581 0.0710581
BinVal : 5 18 0.682927 0.0726733 0.0726733
BinVal : 5 19 0.793103 0.0752216 0.0752216
BinVal : 5 20 0.826087 0.0558856 0.0558856
BinVal : 5 21 0.951219 0.0336412 0.0336412
BinVal : 5 22 0.71875 0.0794804 0.0794804
BinVal : 5 23 0 0 0
BinVal : 5 24 0 0 0
BinVal : 5 25 0 0 0
BinVal : 5 26 0 0 0
BinVal : 5 27 0 0 0
BinVal : 5 28 0 0 0
BinVal : 5 29 0 0 0
BinVal : 6 0 0 0 0
BinVal : 6 1 0 0 0
BinVal : 6 2 0 0 0
BinVal : 6 3 0 0 0
BinVal : 6 4 0 0 0
BinVal : 6 5 0 0 0
BinVal : 6 6 0 0 0
BinVal : 6 7 0.66 0.0669925 0.0669925
BinVal : 6 8 0.857143 0.0440867 0.0440867
BinVal : 6 9 0.898551 0.0363472 0.0363472
BinVal : 6 10 0.520833 0.0721061 0.0721061
BinVal : 6 11 0.327273 0.0632693 0.0632693
BinVal : 6 12 0.4 0.0660578 0.0660578
BinVal : 6 13 0.631579 0.0553324 0.0553324
BinVal : 6 14 0.636364 0.0512796 0.0512796
BinVal : 6 15 0.556818 0.0529549 0.0529549
BinVal : 6 16 0.571429 0.062348 0.062348
BinVal : 6 17 0.797101 0.0484141 0.0484141
BinVal : 6 18 0.657534 0.0555401 0.0555401
BinVal : 6 19 0.673469 0.066992 0.066992
BinVal : 6 20 0.84507 0.0429422 0.0429422
BinVal : 6 21 0.860465 0.0528413 0.0528413
BinVal : 6 22 0.6 0.069282 0.069282
BinVal : 6 23 0 0 0
BinVal : 6 24 0 0 0
BinVal : 6 25 0 0 0
BinVal : 6 26 0 0 0
BinVal : 6 27 0 0 0
BinVal : 6 28 0 0 0
BinVal : 6 29 0 0 0
BinVal : 7 0 0 0 0
BinVal : 7 1 0 0 0
BinVal : 7 2 0 0 0
BinVal : 7 3 0 0 0
BinVal : 7 4 0 0 0
BinVal : 7 5 0 0 0
BinVal : 7 6 0 0 0
BinVal : 7 7 0.703704 0.0621386 0.0621386
BinVal : 7 8 0.941176 0.0285336 0.0285336
BinVal : 7 9 0.607143 0.0652633 0.0652633
BinVal : 7 10 0.341463 0.0740577 0.0740577
BinVal : 7 11 0.222222 0.0619748 0.0619748
BinVal : 7 12 0.492958 0.0593332 0.0593332
BinVal : 7 13 0.60396 0.0486646 0.0486646
BinVal : 7 14 0.59 0.0491833 0.0491833
BinVal : 7 15 0.813953 0.0419625 0.0419625
BinVal : 7 16 0.744898 0.0440344 0.0440344
BinVal : 7 17 0.783133 0.0452351 0.0452351
BinVal : 7 18 0.68254 0.058646 0.058646
BinVal : 7 19 0.66129 0.0601055 0.0601055
BinVal : 7 20 0.723077 0.0555028 0.0555028
BinVal : 7 21 0.862069 0.0452781 0.0452781
BinVal : 7 22 0.617021 0.0709069 0.0709069
BinVal : 7 23 0 0 0
BinVal : 7 24 0 0 0
BinVal : 7 25 0 0 0
BinVal : 7 26 0 0 0
BinVal : 7 27 0 0 0
BinVal : 7 28 0 0 0
BinVal : 7 29 0 0 0
BinVal : 8 0 0 0 0
BinVal : 8 1 0 0 0
BinVal : 8 2 0 0 0
BinVal : 8 3 0 0 0
BinVal : 8 4 0 0 0
BinVal : 8 5 0 0 0
BinVal : 8 6 0 0 0
BinVal : 8 7 0.754717 0.0591001 0.0591001
BinVal : 8 8 0.871429 0.0400073 0.0400073
BinVal : 8 9 0.625 0.0646936 0.0646936
BinVal : 8 10 0.267857 0.0591774 0.0591774
BinVal : 8 11 0.393443 0.0625478 0.0625478
BinVal : 8 12 0.361111 0.0566066 0.0566066
BinVal : 8 13 0.784091 0.0438609 0.0438609
BinVal : 8 14 0.682692 0.045639 0.045639
BinVal : 8 15 0.811881 0.0388868 0.0388868
BinVal : 8 16 0.795455 0.0429993 0.0429993
BinVal : 8 17 0.857143 0.0440867 0.0440867
BinVal : 8 18 0.686567 0.056673 0.056673
BinVal : 8 19 0.703704 0.0621386 0.0621386
BinVal : 8 20 0.661017 0.0616268 0.0616268
BinVal : 8 21 0.865672 0.0416604 0.0416604
BinVal : 8 22 0.792453 0.0557067 0.0557067
BinVal : 8 23 0 0 0
BinVal : 8 24 0 0 0
BinVal : 8 25 0 0 0
BinVal : 8 26 0 0 0
BinVal : 8 27 0 0 0
BinVal : 8 28 0 0 0
BinVal : 8 29 0 0 0
BinVal : 9 0 0 0 0
BinVal : 9 1 0 0 0
BinVal : 9 2 0 0 0
BinVal : 9 3 0 0 0
BinVal : 9 4 0 0 0
BinVal : 9 5 0 0 0
BinVal : 9 6 0 0 0
BinVal : 9 7 0.767857 0.0564188 0.0564188
BinVal : 9 8 0.850746 0.0435337 0.0435337
BinVal : 9 9 0.907895 0.0331706 0.0331706
BinVal : 9 10 0.393939 0.0850581 0.0850581
BinVal : 9 11 0.293103 0.0597688 0.0597688
BinVal : 9 12 0.347826 0.0573374 0.0573374
BinVal : 9 13 0.561644 0.0580741 0.0580741
BinVal : 9 14 0.666667 0.0555556 0.0555556
BinVal : 9 15 0.729167 0.0453554 0.0453554
BinVal : 9 16 0.688312 0.0527846 0.0527846
BinVal : 9 17 0.764706 0.0514397 0.0514397
BinVal : 9 18 0.647059 0.057952 0.057952
BinVal : 9 19 0.775862 0.0547565 0.0547565
BinVal : 9 20 0.955224 0.0252661 0.0252661
BinVal : 9 21 0.882353 0.0451156 0.0451156
BinVal : 9 22 0.731707 0.069196 0.069196
BinVal : 9 23 0 0 0
BinVal : 9 24 0 0 0
BinVal : 9 25 0 0 0
BinVal : 9 26 0 0 0
BinVal : 9 27 0 0 0
BinVal : 9 28 0 0 0
BinVal : 9 29 0 0 0
BinVal : 10 0 0 0 0
BinVal : 10 1 0 0 0
BinVal : 10 2 0 0 0
BinVal : 10 3 0 0 0
BinVal : 10 4 0 0 0
BinVal : 10 5 0 0 0
BinVal : 10 6 0 0 0
BinVal : 10 7 0.791667 0.0586179 0.0586179
BinVal : 10 8 0.878788 0.0401738 0.0401738
BinVal : 10 9 0.904762 0.0640564 0.0640564
BinVal : 10 10 0.708333 0.0927805 0.0927805
BinVal : 10 11 0.5 0.25 0.25
BinVal : 10 12 0.66129 0.0601055 0.0601055
BinVal : 10 13 0.818182 0.052007 0.052007
BinVal : 10 14 0.728395 0.0494208 0.0494208
BinVal : 10 15 0.845361 0.0367109 0.0367109
BinVal : 10 16 0.787879 0.0503211 0.0503211
BinVal : 10 17 0.738095 0.0678427 0.0678427
BinVal : 10 18 0.5 0.125 0.125
BinVal : 10 19 0.730769 0.0869893 0.0869893
BinVal : 10 20 0.636364 0.145041 0.145041
BinVal : 10 21 0.907407 0.039445 0.039445
BinVal : 10 22 0.72 0.063498 0.063498
BinVal : 10 23 0 0 0
BinVal : 10 24 0 0 0
BinVal : 10 25 0 0 0
BinVal : 10 26 0 0 0
BinVal : 10 27 0 0 0
BinVal : 10 28 0 0 0
BinVal : 10 29 0 0 0
BinVal : 11 0 0 0 0
BinVal : 11 1 0 0 0
BinVal : 11 2 0 0 0
BinVal : 11 3 0 0 0
BinVal : 11 4 0 0 0
BinVal : 11 5 0 0 0
BinVal : 11 6 0 0 0
BinVal : 11 7 0.756098 0.0670664 0.0670664
BinVal : 11 8 0.805556 0.0659621 0.0659621
BinVal : 11 9 1 0.159077 0.159077
BinVal : 11 10 0 0 0
BinVal : 11 11 0 0 0
BinVal : 11 12 0 0 0
BinVal : 11 13 0 0 0
BinVal : 11 14 0 0 0
BinVal : 11 15 0 0 0
BinVal : 11 16 0 0 0
BinVal : 11 17 0 0 0
BinVal : 11 18 0 0 0
BinVal : 11 19 0 0 0
BinVal : 11 20 0 0 0
BinVal : 11 21 0.617021 0.0709069 0.0709069
BinVal : 11 22 0.66129 0.0601055 0.0601055
BinVal : 11 23 0 0 0
BinVal : 11 24 0 0 0
BinVal : 11 25 0 0 0
BinVal : 11 26 0 0 0
BinVal : 11 27 0 0 0
BinVal : 11 28 0 0 0
BinVal : 11 29 0 0 0
BinVal : 12 0 0 0 0
BinVal : 12 1 0 0 0
BinVal : 12 2 0 0 0
BinVal : 12 3 0 0 0
BinVal : 12 4 0 0 0
BinVal : 12 5 0 0 0
BinVal : 12 6 0 0 0
BinVal : 12 7 0.814815 0.052861 0.052861
BinVal : 12 8 0.878049 0.0511047 0.0511047
BinVal : 12 9 0 0 0
BinVal : 12 10 0 0 0
BinVal : 12 11 0 0 0
BinVal : 12 12 0 0 0
BinVal : 12 13 0 0 0
BinVal : 12 14 0 0 0
BinVal : 12 15 0 0 0
BinVal : 12 16 0 0 0
BinVal : 12 17 1 0.218486 0.218486
BinVal : 12 18 0 0 0
BinVal : 12 19 0 0 0
BinVal : 12 20 0 0 0
BinVal : 12 21 0.875 0.0522913 0.0522913
BinVal : 12 22 0.848485 0.0441345 0.0441345
BinVal : 12 23 0 0 0
BinVal : 12 24 0 0 0
BinVal : 12 25 0 0 0
BinVal : 12 26 0 0 0
BinVal : 12 27 0 0 0
BinVal : 12 28 0 0 0
BinVal : 12 29 0 0 0
BinVal : 13 0 0 0 0
BinVal : 13 1 0 0 0
BinVal : 13 2 0 0 0
BinVal : 13 3 0 0 0
BinVal : 13 4 0 0 0
BinVal : 13 5 0 0 0
BinVal : 13 6 0 0 0
BinVal : 13 7 0.741379 0.057496 0.057496
BinVal : 13 8 0.941176 0.0285336 0.0285336
BinVal : 13 9 0.769231 0.0826286 0.0826286
BinVal : 13 10 0.757576 0.0746009 0.0746009
BinVal : 13 11 0.666667 0.157135 0.157135
BinVal : 13 12 0.765625 0.0529509 0.0529509
BinVal : 13 13 0.674419 0.0714596 0.0714596
BinVal : 13 14 0.727273 0.0671408 0.0671408
BinVal : 13 15 0.772727 0.0631772 0.0631772
BinVal : 13 16 0.787234 0.0596972 0.0596972
BinVal : 13 17 0.8 0.0565685 0.0565685
BinVal : 13 18 0.285714 0.170747 0.170747
BinVal : 13 19 0.714286 0.0853735 0.0853735
BinVal : 13 20 0.65 0.106654 0.106654
BinVal : 13 21 0.928571 0.0344151 0.0344151
BinVal : 13 22 0.822222 0.0569937 0.0569937
BinVal : 13 23 0 0 0
BinVal : 13 24 0 0 0
BinVal : 13 25 0 0 0
BinVal : 13 26 0 0 0
BinVal : 13 27 0 0 0
BinVal : 13 28 0 0 0
BinVal : 13 29 0 0 0
BinVal : 14 0 0 0 0
BinVal : 14 1 0 0 0
BinVal : 14 2 0 0 0
BinVal : 14 3 0 0 0
BinVal : 14 4 0 0 0
BinVal : 14 5 0 0 0
BinVal : 14 6 0 0 0
BinVal : 14 7 0.74359 0.0699201 0.0699201
BinVal : 14 8 0.94 0.0335857 0.0335857
BinVal : 14 9 0.925373 0.0321047 0.0321047
BinVal : 14 10 0.577778 0.0736283 0.0736283
BinVal : 14 11 0.677966 0.0608315 0.0608315
BinVal : 14 12 0.8 0.0516398 0.0516398
BinVal : 14 13 0.716667 0.0581744 0.0581744
BinVal : 14 14 0.666667 0.0555556 0.0555556
BinVal : 14 15 0.7 0.0547723 0.0547723
BinVal : 14 16 0.557692 0.0688744 0.0688744
BinVal : 14 17 0.723077 0.0555028 0.0555028
BinVal : 14 18 0.769231 0.067466 0.067466
BinVal : 14 19 0.685714 0.0784693 0.0784693
BinVal : 14 20 0.909091 0.0327614 0.0327614
BinVal : 14 21 0.925 0.0416458 0.0416458
BinVal : 14 22 0.804348 0.0584905 0.0584905
BinVal : 14 23 0 0 0
BinVal : 14 24 0 0 0
BinVal : 14 25 0 0 0
BinVal : 14 26 0 0 0
BinVal : 14 27 0 0 0
BinVal : 14 28 0 0 0
BinVal : 14 29 0 0 0
BinVal : 15 0 0 0 0
BinVal : 15 1 0 0 0
BinVal : 15 2 0 0 0
BinVal : 15 3 0 0 0
BinVal : 15 4 0 0 0
BinVal : 15 5 0 0 0
BinVal : 15 6 0 0 0
BinVal : 15 7 0.877551 0.0468291 0.0468291
BinVal : 15 8 0.966102 0.02356 0.02356
BinVal : 15 9 0.666667 0.0727393 0.0727393
BinVal : 15 10 0.706667 0.0525723 0.0525723
BinVal : 15 11 0.793651 0.0509854 0.0509854
BinVal : 15 12 0.810811 0.0455294 0.0455294
BinVal : 15 13 0.782609 0.0496557 0.0496557
BinVal : 15 14 0.728261 0.0463795 0.0463795
BinVal : 15 15 0.73494 0.0484461 0.0484461
BinVal : 15 16 0.553846 0.0616567 0.0616567
BinVal : 15 17 0.864407 0.044571 0.044571
BinVal : 15 18 0.660377 0.0650514 0.0650514
BinVal : 15 19 0.72093 0.068402 0.068402
BinVal : 15 20 0.677966 0.0608315 0.0608315
BinVal : 15 21 0.901639 0.0381296 0.0381296
BinVal : 15 22 0.75 0.0525105 0.0525105
BinVal : 15 23 0 0 0
BinVal : 15 24 0 0 0
BinVal : 15 25 0 0 0
BinVal : 15 26 0 0 0
BinVal : 15 27 0 0 0
BinVal : 15 28 0 0 0
BinVal : 15 29 0 0 0


Comments : includes prescale inefficiency, cosmic veto applied 
EffMethod : TagAndProbe 
EffName : eff 
EffType : Binned 
EffVarNames : phi deteta 
EffVersion : 3 
ObjQuality : SingleMuonTriggersOR-AND-MuFromMuJets 
ObjRelativeTo : tight_trackmedium_iso_NPTight 
ObjType : MuANDSingleMuonOR 
ObjVersion : 1 
RunRangeHigh : -1 
RunRangeLow : -1 
TriggerVersionHigh : 15.59 
TriggerVersionLow : 15.5 
BinEdgesX : 0 0.3927 0.7854 1.1781 1.5708 1.9635 2.3562 2.7489 3.1416 3.5343 3.927 4.3197 4.7124 5.1051 5.4978 5.8905 6.2832 
BinEdgesY : -3 -2.8 -2.6 -2.4 -2.2 -2 -1.8 -1.6 -1.4 -1.2 -1 -0.8 -0.6 -0.4 -0.2 0 0.2 0.4 0.6 0.8 1 1.2 1.4 1.6 1.8 2 2.2 2.4 2.6 2.8 3 
BinVal : 0 0 0 0 0
BinVal : 0 1 0 0 0
BinVal : 0 2 0 0 0
BinVal : 0 3 0 0 0
BinVal : 0 4 0 0 0
BinVal : 0 5 0 0 0
BinVal : 0 6 0 0 0
BinVal : 0 7 0.5 0.0771517 0.0771517
BinVal : 0 8 0.763636 0.0572865 0.0572865
BinVal : 0 9 0.76 0.0603987 0.0603987
BinVal : 0 10 0.734375 0.0552082 0.0552082
BinVal : 0 11 0.673469 0.066992 0.066992
BinVal : 0 12 0.727273 0.0671408 0.0671408
BinVal : 0 13 0.6875 0.057939 0.057939
BinVal : 0 14 0.627119 0.0629556 0.0629556
BinVal : 0 15 0.657534 0.0555401 0.0555401
BinVal : 0 16 0.581818 0.0665112 0.0665112
BinVal : 0 17 0.619048 0.0749329 0.0749329
BinVal : 0 18 0.826923 0.0524627 0.0524627
BinVal : 0 19 0.717949 0.0720574 0.0720574
BinVal : 0 20 0.706897 0.0597688 0.0597688
BinVal : 0 21 0.825 0.0600781 0.0600781
BinVal : 0 22 0.6 0.0894427 0.0894427
BinVal : 0 23 0 0 0
BinVal : 0 24 0 0 0
BinVal : 0 25 0 0 0
BinVal : 0 26 0 0 0
BinVal : 0 27 0 0 0
BinVal : 0 28 0 0 0
BinVal : 0 29 0 0 0
BinVal : 1 0 0 0 0
BinVal : 1 1 0 0 0
BinVal : 1 2 0 0 0
BinVal : 1 3 0 0 0
BinVal : 1 4 0 0 0
BinVal : 1 5 0 0 0
BinVal : 1 6 0 0 0
BinVal : 1 7 0.69697 0.0800006 0.0800006
BinVal : 1 8 0.740741 0.0596353 0.0596353
BinVal : 1 9 0.880952 0.0499703 0.0499703
BinVal : 1 10 0.571429 0.0836486 0.0836486
BinVal : 1 11 0.753623 0.0518743 0.0518743
BinVal : 1 12 0.75 0.0625 0.0625
BinVal : 1 13 0.688525 0.0592934 0.0592934
BinVal : 1 14 0.696203 0.0517424 0.0517424
BinVal : 1 15 0.729167 0.0641422 0.0641422
BinVal : 1 16 0.422222 0.0736283 0.0736283
BinVal : 1 17 0.722222 0.0609519 0.0609519
BinVal : 1 18 0.78 0.0585833 0.0585833
BinVal : 1 19 0.62069 0.0901022 0.0901022
BinVal : 1 20 0.744186 0.0665378 0.0665378
BinVal : 1 21 0.9 0.0474342 0.0474342
BinVal : 1 22 0.6 0.0774597 0.0774597
BinVal : 1 23 0 0 0
BinVal : 1 24 0 0 0
BinVal : 1 25 0 0 0
BinVal : 1 26 0 0 0
BinVal : 1 27 0 0 0
BinVal : 1 28 0 0 0
BinVal : 1 29 0 0 0
BinVal : 2 0 0 0 0
BinVal : 2 1 0 0 0
BinVal : 2 2 0 0 0
BinVal : 2 3 0 0 0
BinVal : 2 4 0 0 0
BinVal : 2 5 0 0 0
BinVal : 2 6 0 0 0
BinVal : 2 7 0.578947 0.113269 0.113269
BinVal : 2 8 0.869565 0.0702237 0.0702237
BinVal : 2 9 0.7 0.083666 0.083666
BinVal : 2 10 0.65 0.106654 0.106654
BinVal : 2 11 0.62963 0.0929349 0.0929349
BinVal : 2 12 0.695652 0.0959439 0.0959439
BinVal : 2 13 0.555556 0.0828173 0.0828173
BinVal : 2 14 0.617021 0.0709069 0.0709069
BinVal : 2 15 0.571429 0.0763604 0.0763604
BinVal : 2 16 0.576923 0.0968907 0.0968907
BinVal : 2 17 0.714286 0.0985808 0.0985808
BinVal : 2 18 0.545455 0.106159 0.106159
BinVal : 2 19 0.458333 0.101707 0.101707
BinVal : 2 20 0.939394 0.041536 0.041536
BinVal : 2 21 0.925926 0.050401 0.050401
BinVal : 2 22 0.833333 0.0760726 0.0760726
BinVal : 2 23 0 0 0
BinVal : 2 24 0 0 0
BinVal : 2 25 0 0 0
BinVal : 2 26 0 0 0
BinVal : 2 27 0 0 0
BinVal : 2 28 0 0 0
BinVal : 2 29 0 0 0
BinVal : 3 0 0 0 0
BinVal : 3 1 0 0 0
BinVal : 3 2 0 0 0
BinVal : 3 3 0 0 0
BinVal : 3 4 0 0 0
BinVal : 3 5 0 0 0
BinVal : 3 6 0 0 0
BinVal : 3 7 0.625 0.171163 0.171163
BinVal : 3 8 0.941176 0.0570672 0.0570672
BinVal : 3 9 0.583333 0.142319 0.142319
BinVal : 3 10 0.764706 0.102879 0.102879
BinVal : 3 11 0.529412 0.121058 0.121058
BinVal : 3 12 0.846154 0.100068 0.100068
BinVal : 3 13 0.55 0.111243 0.111243
BinVal : 3 14 0.636364 0.102559 0.102559
BinVal : 3 15 0.526316 0.114549 0.114549
BinVal : 3 16 0.52381 0.108985 0.108985
BinVal : 3 17 0.928571 0.0688303 0.0688303
BinVal : 3 18 0.727273 0.134282 0.134282
BinVal : 3 19 0.375 0.171163 0.171163
BinVal : 3 20 0.615385 0.134932 0.134932
BinVal : 3 21 0.923077 0.0739053 0.0739053
BinVal : 3 22 0.611111 0.114904 0.114904
BinVal : 3 23 0 0 0
BinVal : 3 24 0 0 0
BinVal : 3 25 0 0 0
BinVal : 3 26 0 0 0
BinVal : 3 27 0 0 0
BinVal : 3 28 0 0 0
BinVal : 3 29 0 0 0
BinVal : 4 0 0 0 0
BinVal : 4 1 0 0 0
BinVal : 4 2 0 0 0
BinVal : 4 3 0 0 0
BinVal : 4 4 0 0 0
BinVal : 4 5 0 0 0
BinVal : 4 6 0 0 0
BinVal : 4 7 0.916667 0.0797856 0.0797856
BinVal : 4 8 1 0.0346427 0.0346427
BinVal : 4 9 0.857143 0.13226 0.13226
BinVal : 4 10 0.545455 0.150131 0.150131
BinVal : 4 11 0.588235 0.119365 0.119365
BinVal : 4 12 0.583333 0.142319 0.142319
BinVal : 4 13 0.73913 0.0915605 0.0915605
BinVal : 4 14 0.52381 0.108985 0.108985
BinVal : 4 15 0.52 0.09992 0.09992
BinVal : 4 16 0.285714 0.120736 0.120736
BinVal : 4 17 0.625 0.121031 0.121031
BinVal : 4 18 0.55 0.111243 0.111243
BinVal : 4 19 0.75 0.108253 0.108253
BinVal : 4 20 0.684211 0.106639 0.106639
BinVal : 4 21 0.9 0.067082 0.067082
BinVal : 4 22 0.75 0.108253 0.108253
BinVal : 4 23 0 0 0
BinVal : 4 24 0 0 0
BinVal : 4 25 0 0 0
BinVal : 4 26 0 0 0
BinVal : 4 27 0 0 0
BinVal : 4 28 0 0 0
BinVal : 4 29 0 0 0
BinVal : 5 0 0 0 0
BinVal : 5 1 0 0 0
BinVal : 5 2 0 0 0
BinVal : 5 3 0 0 0
BinVal : 5 4 0 0 0
BinVal : 5 5 0 0 0
BinVal : 5 6 0 0 0
BinVal : 5 7 0.8 0.10328 0.10328
BinVal : 5 8 0.9 0.0547723 0.0547723
BinVal : 5 9 0.677419 0.083959 0.083959
BinVal : 5 10 0.84 0.0733212 0.0733212
BinVal : 5 11 0.657143 0.0802329 0.0802329
BinVal : 5 12 0.833333 0.0680414 0.0680414
BinVal : 5 13 0.627451 0.0677012 0.0677012
BinVal : 5 14 0.488372 0.0762287 0.0762287
BinVal : 5 15 0.634146 0.075224 0.075224
BinVal : 5 16 0.555556 0.0956292 0.0956292
BinVal : 5 17 0.714286 0.0763604 0.0763604
BinVal : 5 18 0.804348 0.0584905 0.0584905
BinVal : 5 19 0.710526 0.0735703 0.0735703
BinVal : 5 20 0.810811 0.0643883 0.0643883
BinVal : 5 21 0.818182 0.0822304 0.0822304
BinVal : 5 22 0.45 0.111243 0.111243
BinVal : 5 23 0 0 0
BinVal : 5 24 0 0 0
BinVal : 5 25 0 0 0
BinVal : 5 26 0 0 0
BinVal : 5 27 0 0 0
BinVal : 5 28 0 0 0
BinVal : 5 29 0 0 0
BinVal : 6 0 0 0 0
BinVal : 6 1 0 0 0
BinVal : 6 2 0 0 0
BinVal : 6 3 0 0 0
BinVal : 6 4 0 0 0
BinVal : 6 5 0 0 0
BinVal : 6 6 0 0 0
BinVal : 6 7 0.657895 0.0769602 0.0769602
BinVal : 6 8 0.808511 0.057394 0.057394
BinVal : 6 9 0.72973 0.0730095 0.0730095
BinVal : 6 10 0.735294 0.0756611 0.0756611
BinVal : 6 11 0.697674 0.0700373 0.0700373
BinVal : 6 12 0.638298 0.0700871 0.0700871
BinVal : 6 13 0.705882 0.0638031 0.0638031
BinVal : 6 14 0.534483 0.0654969 0.0654969
BinVal : 6 15 0.692308 0.0572468 0.0572468
BinVal : 6 16 0.666667 0.0754851 0.0754851
BinVal : 6 17 0.727273 0.0671408 0.0671408
BinVal : 6 18 0.54902 0.0696767 0.0696767
BinVal : 6 19 0.707317 0.0710581 0.0710581
BinVal : 6 20 0.8125 0.0563367 0.0563367
BinVal : 6 21 0.771429 0.0709782 0.0709782
BinVal : 6 22 0.7 0.083666 0.083666
BinVal : 6 23 0 0 0
BinVal : 6 24 0 0 0
BinVal : 6 25 0 0 0
BinVal : 6 26 0 0 0
BinVal : 6 27 0 0 0
BinVal : 6 28 0 0 0
BinVal : 6 29 0 0 0
BinVal : 7 0 0 0 0
BinVal : 7 1 0 0 0
BinVal : 7 2 0 0 0
BinVal : 7 3 0 0 0
BinVal : 7 4 0 0 0
BinVal : 7 5 0 0 0
BinVal : 7 6 0 0 0
BinVal : 7 7 0.636364 0.0837393 0.0837393
BinVal : 7 8 0.904762 0.0452948 0.0452948
BinVal : 7 9 0.727273 0.0671408 0.0671408
BinVal : 7 10 0.72973 0.0730095 0.0730095
BinVal : 7 11 0.615385 0.0954113 0.0954113
BinVal : 7 12 0.808511 0.057394 0.057394
BinVal : 7 13 0.626667 0.0558517 0.0558517
BinVal : 7 14 0.557377 0.0635955 0.0635955
BinVal : 7 15 0.553846 0.0616567 0.0616567
BinVal : 7 16 0.647059 0.0669172 0.0669172
BinVal : 7 17 0.714286 0.0697071 0.0697071
BinVal : 7 18 0.543478 0.0734417 0.0734417
BinVal : 7 19 0.68 0.0659697 0.0659697
BinVal : 7 20 0.756098 0.0670664 0.0670664
BinVal : 7 21 0.863636 0.0517355 0.0517355
BinVal : 7 22 0.692308 0.0739053 0.0739053
BinVal : 7 23 0 0 0
BinVal : 7 24 0 0 0
BinVal : 7 25 0 0 0
BinVal : 7 26 0 0 0
BinVal : 7 27 0 0 0
BinVal : 7 28 0 0 0
BinVal : 7 29 0 0 0
BinVal : 8 0 0 0 0
BinVal : 8 1 0 0 0
BinVal : 8 2 0 0 0
BinVal : 8 3 0 0 0
BinVal : 8 4 0 0 0
BinVal : 8 5 0 0 0
BinVal : 8 6 0 0 0
BinVal : 8 7 0.741935 0.0785898 0.0785898
BinVal : 8 8 0.925 0.0416458 0.0416458
BinVal : 8 9 0.615385 0.077903 0.077903
BinVal : 8 10 0.735294 0.0756611 0.0756611
BinVal : 8 11 0.676471 0.0802309 0.0802309
BinVal : 8 12 0.786885 0.0524321 0.0524321
BinVal : 8 13 0.851351 0.0413541 0.0413541
BinVal : 8 14 0.78125 0.0516748 0.0516748
BinVal : 8 15 0.780822 0.0484187 0.0484187
BinVal : 8 16 0.741379 0.057496 0.057496
BinVal : 8 17 0.791667 0.0586179 0.0586179
BinVal : 8 18 0.512195 0.0780637 0.0780637
BinVal : 8 19 0.738095 0.0678427 0.0678427
BinVal : 8 20 0.725 0.0706001 0.0706001
BinVal : 8 21 0.844444 0.0540284 0.0540284
BinVal : 8 22 0.741935 0.0785898 0.0785898
BinVal : 8 23 0 0 0
BinVal : 8 24 0 0 0
BinVal : 8 25 0 0 0
BinVal : 8 26 0 0 0
BinVal : 8 27 0 0 0
BinVal : 8 28 0 0 0
BinVal : 8 29 0 0 0
BinVal : 9 0 0 0 0
BinVal : 9 1 0 0 0
BinVal : 9 2 0 0 0
BinVal : 9 3 0 0 0
BinVal : 9 4 0 0 0
BinVal : 9 5 0 0 0
BinVal : 9 6 0 0 0
BinVal : 9 7 0.75 0.0625 0.0625
BinVal : 9 8 0.909091 0.0433392 0.0433392
BinVal : 9 9 0.804348 0.0584905 0.0584905
BinVal : 9 10 0.714286 0.0763604 0.0763604
BinVal : 9 11 0.74359 0.0699201 0.0699201
BinVal : 9 12 0.792453 0.0557067 0.0557067
BinVal : 9 13 0.568182 0.0746737 0.0746737
BinVal : 9 14 0.555556 0.062604 0.062604
BinVal : 9 15 0.758065 0.0543885 0.0543885
BinVal : 9 16 0.711111 0.0675659 0.0675659
BinVal : 9 17 0.672414 0.0616264 0.0616264
BinVal : 9 18 0.589744 0.0787639 0.0787639
BinVal : 9 19 0.75 0.0765466 0.0765466
BinVal : 9 20 0.890909 0.0420368 0.0420368
BinVal : 9 21 0.880952 0.0499703 0.0499703
BinVal : 9 22 0.756757 0.0705339 0.0705339
BinVal : 9 23 0 0 0
BinVal : 9 24 0 0 0
BinVal : 9 25 0 0 0
BinVal : 9 26 0 0 0
BinVal : 9 27 0 0 0
BinVal : 9 28 0 0 0
BinVal : 9 29 0 0 0
BinVal : 10 0 0 0 0
BinVal : 10 1 0 0 0
BinVal : 10 2 0 0 0
BinVal : 10 3 0 0 0
BinVal : 10 4 0 0 0
BinVal : 10 5 0 0 0
BinVal : 10 6 0 0 0
BinVal : 10 7 0.675676 0.0769588 0.0769588
BinVal : 10 8 0.857143 0.06613 0.06613
BinVal : 10 9 0.642857 0.12806 0.12806
BinVal : 10 10 0.470588 0.121058 0.121058
BinVal : 10 11 1 0.0668855 0.0668855
BinVal : 10 12 0.645161 0.0859347 0.0859347
BinVal : 10 13 0.744681 0.063603 0.063603
BinVal : 10 14 0.770492 0.0538416 0.0538416
BinVal : 10 15 0.818182 0.052007 0.052007
BinVal : 10 16 0.533333 0.091084 0.091084
BinVal : 10 17 0.6 0.0979796 0.0979796
BinVal : 10 18 0.583333 0.142319 0.142319
BinVal : 10 19 0.833333 0.107583 0.107583
BinVal : 10 20 0.705882 0.11051 0.11051
BinVal : 10 21 0.97619 0.0235244 0.0235244
BinVal : 10 22 0.642857 0.0739356 0.0739356
BinVal : 10 23 0 0 0
BinVal : 10 24 0 0 0
BinVal : 10 25 0 0 0
BinVal : 10 26 0 0 0
BinVal : 10 27 0 0 0
BinVal : 10 28 0 0 0
BinVal : 10 29 0 0 0
BinVal : 11 0 0 0 0
BinVal : 11 1 0 0 0
BinVal : 11 2 0 0 0
BinVal : 11 3 0 0 0
BinVal : 11 4 0 0 0
BinVal : 11 5 0 0 0
BinVal : 11 6 0 0 0
BinVal : 11 7 0.84375 0.0641862 0.0641862
BinVal : 11 8 0.705882 0.0781425 0.0781425
BinVal : 11 9 0 0 0
BinVal : 11 10 0 0 0
BinVal : 11 11 0 0 0
BinVal : 11 12 0 0 0
BinVal : 11 13 0 0 0
BinVal : 11 14 0 0 0
BinVal : 11 15 0 0 0
BinVal : 11 16 0 0 0
BinVal : 11 17 0 0 0
BinVal : 11 18 0 0 0
BinVal : 11 19 0 0 0
BinVal : 11 20 0 0 0
BinVal : 11 21 0.923077 0.0426692 0.0426692
BinVal : 11 22 0.787879 0.0711647 0.0711647
BinVal : 11 23 0 0 0
BinVal : 11 24 0 0 0
BinVal : 11 25 0 0 0
BinVal : 11 26 0 0 0
BinVal : 11 27 0 0 0
BinVal : 11 28 0 0 0
BinVal : 11 29 0 0 0
BinVal : 12 0 0 0 0
BinVal : 12 1 0 0 0
BinVal : 12 2 0 0 0
BinVal : 12 3 0 0 0
BinVal : 12 4 0 0 0
BinVal : 12 5 0 0 0
BinVal : 12 6 0 0 0
BinVal : 12 7 0.742857 0.0738764 0.0738764
BinVal : 12 8 0.761905 0.0929429 0.0929429
BinVal : 12 9 0 0 0
BinVal : 12 10 0 0 0
BinVal : 12 11 0 0 0
BinVal : 12 12 0 0 0
BinVal : 12 13 0 0 0
BinVal : 12 14 0 0 0
BinVal : 12 15 0 0 0
BinVal : 12 16 0 0 0
BinVal : 12 17 0 0 0
BinVal : 12 18 0 0 0
BinVal : 12 19 0 0 0
BinVal : 12 20 0 0 0
BinVal : 12 21 0.9 0.0547723 0.0547723
BinVal : 12 22 0.880952 0.0499703 0.0499703
BinVal : 12 23 0 0 0
BinVal : 12 24 0 0 0
BinVal : 12 25 0 0 0
BinVal : 12 26 0 0 0
BinVal : 12 27 0 0 0
BinVal : 12 28 0 0 0
BinVal : 12 29 0 0 0
BinVal : 13 0 0 0 0
BinVal : 13 1 0 0 0
BinVal : 13 2 0 0 0
BinVal : 13 3 0 0 0
BinVal : 13 4 0 0 0
BinVal : 13 5 0 0 0
BinVal : 13 6 0 0 0
BinVal : 13 7 0.647059 0.0819565 0.0819565
BinVal : 13 8 0.9375 0.0349386 0.0349386
BinVal : 13 9 0.833333 0.152145 0.152145
BinVal : 13 10 0.666667 0.121716 0.121716
BinVal : 13 11 0.666667 0.19245 0.19245
BinVal : 13 12 0.648649 0.0784828 0.0784828
BinVal : 13 13 0.658537 0.0740577 0.0740577
BinVal : 13 14 0.754386 0.0570146 0.0570146
BinVal : 13 15 0.740741 0.0596353 0.0596353
BinVal : 13 16 0.673913 0.0691178 0.0691178
BinVal : 13 17 0.7 0.083666 0.083666
BinVal : 13 18 0.857143 0.13226 0.13226
BinVal : 13 19 0.666667 0.157135 0.157135
BinVal : 13 20 0.928571 0.0688303 0.0688303
BinVal : 13 21 0.875 0.0522913 0.0522913
BinVal : 13 22 0.807692 0.077292 0.077292
BinVal : 13 23 0 0 0
BinVal : 13 24 0 0 0
BinVal : 13 25 0 0 0
BinVal : 13 26 0 0 0
BinVal : 13 27 0 0 0
BinVal : 13 28 0 0 0
BinVal : 13 29 0 0 0
BinVal : 14 0 0 0 0
BinVal : 14 1 0 0 0
BinVal : 14 2 0 0 0
BinVal : 14 3 0 0 0
BinVal : 14 4 0 0 0
BinVal : 14 5 0 0 0
BinVal : 14 6 0 0 0
BinVal : 14 7 0.612903 0.0874832 0.0874832
BinVal : 14 8 0.902439 0.0463399 0.0463399
BinVal : 14 9 0.911111 0.0424232 0.0424232
BinVal : 14 10 0.725 0.0706001 0.0706001
BinVal : 14 11 0.705882 0.0781425 0.0781425
BinVal : 14 12 0.731707 0.069196 0.069196
BinVal : 14 13 0.660377 0.0650514 0.0650514
BinVal : 14 14 0.625 0.0646936 0.0646936
BinVal : 14 15 0.678571 0.0624088 0.0624088
BinVal : 14 16 0.393939 0.0850581 0.0850581
BinVal : 14 17 0.777778 0.056575 0.056575
BinVal : 14 18 0.692308 0.0739053 0.0739053
BinVal : 14 19 0.727273 0.0775275 0.0775275
BinVal : 14 20 0.857143 0.0539949 0.0539949
BinVal : 14 21 0.928571 0.0397392 0.0397392
BinVal : 14 22 0.605263 0.0792929 0.0792929
BinVal : 14 23 0 0 0
BinVal : 14 24 0 0 0
BinVal : 14 25 0 0 0
BinVal : 14 26 0 0 0
BinVal : 14 27 0 0 0
BinVal : 14 28 0 0 0
BinVal : 14 29 0 0 0
BinVal : 15 0 0 0 0
BinVal : 15 1 0 0 0
BinVal : 15 2 0 0 0
BinVal : 15 3 0 0 0
BinVal : 15 4 0 0 0
BinVal : 15 5 0 0 0
BinVal : 15 6 0 0 0
BinVal : 15 7 0.837838 0.0605974 0.0605974
BinVal : 15 8 0.918367 0.0391149 0.0391149
BinVal : 15 9 0.542857 0.0842044 0.0842044
BinVal : 15 10 0.659091 0.0714604 0.0714604
BinVal : 15 11 0.659091 0.0714604 0.0714604
BinVal : 15 12 0.571429 0.0763604 0.0763604
BinVal : 15 13 0.703704 0.0621386 0.0621386
BinVal : 15 14 0.721311 0.0574058 0.0574058
BinVal : 15 15 0.835821 0.0452562 0.0452562
BinVal : 15 16 0.381818 0.0655096 0.0655096
BinVal : 15 17 0.803922 0.0555951 0.0555951
BinVal : 15 18 0.612903 0.0874832 0.0874832
BinVal : 15 19 0.694444 0.0767737 0.0767737
BinVal : 15 20 0.585366 0.0769404 0.0769404
BinVal : 15 21 0.848485 0.0624156 0.0624156
BinVal : 15 22 0.677419 0.083959 0.083959
BinVal : 15 23 0 0 0
BinVal : 15 24 0 0 0
BinVal : 15 25 0 0 0
BinVal : 15 26 0 0 0
BinVal : 15 27 0 0 0
BinVal : 15 28 0 0 0
BinVal : 15 29 0 0 0


Comments : includes prescale inefficiency, cosmic veto applied 
EffMethod : TagAndProbe 
EffName : eff 
EffType : Binned 
EffVarNames : phi deteta 
EffVersion : 3 
ObjQuality : SingleMuonTriggersOR-AND-MuFromMuJets 
ObjRelativeTo : tight_trackmedium_iso_NPTight 
ObjType : MuANDSingleMuonOR 
ObjVersion : 1 
RunRangeHigh : -1 
RunRangeLow : -1 
TriggerVersionHigh : 15.89 
TriggerVersionLow : 15.6 
BinEdgesX : 0 0.3927 0.7854 1.1781 1.5708 1.9635 2.3562 2.7489 3.1416 3.5343 3.927 4.3197 4.7124 5.1051 5.4978 5.8905 6.2832 
BinEdgesY : -3 -2.8 -2.6 -2.4 -2.2 -2 -1.8 -1.6 -1.4 -1.2 -1 -0.8 -0.6 -0.4 -0.2 0 0.2 0.4 0.6 0.8 1 1.2 1.4 1.6 1.8 2 2.2 2.4 2.6 2.8 3 
BinVal : 0 0 0 0 0
BinVal : 0 1 0 0 0
BinVal : 0 2 0 0 0
BinVal : 0 3 0 0 0
BinVal : 0 4 0 0 0
BinVal : 0 5 0 0 0
BinVal : 0 6 0 0 0
BinVal : 0 7 0.592105 0.0563724 0.0563724
BinVal : 0 8 0.814815 0.0431609 0.0431609
BinVal : 0 9 0.701031 0.0464832 0.0464832
BinVal : 0 10 0.706767 0.0394747 0.0394747
BinVal : 0 11 0.718182 0.0428949 0.0428949
BinVal : 0 12 0.766667 0.0386101 0.0386101
BinVal : 0 13 0.623377 0.0390453 0.0390453
BinVal : 0 14 0.691781 0.0382153 0.0382153
BinVal : 0 15 0.659864 0.0390746 0.0390746
BinVal : 0 16 0.584615 0.0432204 0.0432204
BinVal : 0 17 0.712121 0.0394089 0.0394089
BinVal : 0 18 0.797753 0.0425775 0.0425775
BinVal : 0 19 0.616279 0.0524381 0.0524381
BinVal : 0 20 0.704082 0.0461089 0.0461089
BinVal : 0 21 0.844828 0.0336173 0.0336173
BinVal : 0 22 0.682353 0.0504972 0.0504972
BinVal : 0 23 0 0 0
BinVal : 0 24 0 0 0
BinVal : 0 25 0 0 0
BinVal : 0 26 0 0 0
BinVal : 0 27 0 0 0
BinVal : 0 28 0 0 0
BinVal : 0 29 0 0 0
BinVal : 1 0 0 0 0
BinVal : 1 1 0 0 0
BinVal : 1 2 0 0 0
BinVal : 1 3 0 0 0
BinVal : 1 4 0 0 0
BinVal : 1 5 0 0 0
BinVal : 1 6 0 0 0
BinVal : 1 7 0.6375 0.0537464 0.0537464
BinVal : 1 8 0.861702 0.0356059 0.0356059
BinVal : 1 9 0.881818 0.03078 0.03078
BinVal : 1 10 0.804878 0.0437634 0.0437634
BinVal : 1 11 0.762712 0.0391631 0.0391631
BinVal : 1 12 0.759615 0.0419019 0.0419019
BinVal : 1 13 0.681035 0.043274 0.043274
BinVal : 1 14 0.8 0.0344265 0.0344265
BinVal : 1 15 0.761589 0.0346765 0.0346765
BinVal : 1 16 0.621622 0.0460325 0.0460325
BinVal : 1 17 0.8 0.0373002 0.0373002
BinVal : 1 18 0.755725 0.0375393 0.0375393
BinVal : 1 19 0.701149 0.0490764 0.0490764
BinVal : 1 20 0.87619 0.0321426 0.0321426
BinVal : 1 21 0.878788 0.0328018 0.0328018
BinVal : 1 22 0.696629 0.0487296 0.0487296
BinVal : 1 23 0 0 0
BinVal : 1 24 0 0 0
BinVal : 1 25 0 0 0
BinVal : 1 26 0 0 0
BinVal : 1 27 0 0 0
BinVal : 1 28 0 0 0
BinVal : 1 29 0 0 0
BinVal : 2 0 0 0 0
BinVal : 2 1 0 0 0
BinVal : 2 2 0 0 0
BinVal : 2 3 0 0 0
BinVal : 2 4 0 0 0
BinVal : 2 5 0 0 0
BinVal : 2 6 0 0 0
BinVal : 2 7 0.626667 0.0558517 0.0558517
BinVal : 2 8 0.876923 0.0407486 0.0407486
BinVal : 2 9 0.865672 0.0416604 0.0416604
BinVal : 2 10 0.659574 0.0691185 0.0691185
BinVal : 2 11 0.704545 0.0486361 0.0486361
BinVal : 2 12 0.569767 0.0533889 0.0533889
BinVal : 2 13 0.519481 0.056937 0.056937
BinVal : 2 14 0.585106 0.0508185 0.0508185
BinVal : 2 15 0.614583 0.049673 0.049673
BinVal : 2 16 0.597403 0.0558887 0.0558887
BinVal : 2 17 0.779412 0.0502829 0.0502829
BinVal : 2 18 0.756757 0.049875 0.049875
BinVal : 2 19 0.645833 0.0690309 0.0690309
BinVal : 2 20 0.858974 0.0394087 0.0394087
BinVal : 2 21 0.85 0.0460977 0.0460977
BinVal : 2 22 0.630435 0.0711683 0.0711683
BinVal : 2 23 0 0 0
BinVal : 2 24 0 0 0
BinVal : 2 25 0 0 0
BinVal : 2 26 0 0 0
BinVal : 2 27 0 0 0
BinVal : 2 28 0 0 0
BinVal : 2 29 0 0 0
BinVal : 3 0 0 0 0
BinVal : 3 1 0 0 0
BinVal : 3 2 0 0 0
BinVal : 3 3 0 0 0
BinVal : 3 4 0 0 0
BinVal : 3 5 0 0 0
BinVal : 3 6 0 0 0
BinVal : 3 7 0.692308 0.0905151 0.0905151
BinVal : 3 8 0.928571 0.0486704 0.0486704
BinVal : 3 9 0.625 0.0855817 0.0855817
BinVal : 3 10 0.733333 0.0807373 0.0807373
BinVal : 3 11 0.736842 0.0714338 0.0714338
BinVal : 3 12 0.766667 0.0772202 0.0772202
BinVal : 3 13 0.536585 0.0778776 0.0778776
BinVal : 3 14 0.604651 0.0745604 0.0745604
BinVal : 3 15 0.666667 0.0680414 0.0680414
BinVal : 3 16 0.588235 0.0689152 0.0689152
BinVal : 3 17 0.724138 0.0829961 0.0829961
BinVal : 3 18 0.789474 0.0661348 0.0661348
BinVal : 3 19 0.617021 0.0709069 0.0709069
BinVal : 3 20 0.652174 0.0993113 0.0993113
BinVal : 3 21 0.923077 0.0426692 0.0426692
BinVal : 3 22 0.777778 0.0800091 0.0800091
BinVal : 3 23 0 0 0
BinVal : 3 24 0 0 0
BinVal : 3 25 0 0 0
BinVal : 3 26 0 0 0
BinVal : 3 27 0 0 0
BinVal : 3 28 0 0 0
BinVal : 3 29 0 0 0
BinVal : 4 0 0 0 0
BinVal : 4 1 0 0 0
BinVal : 4 2 0 0 0
BinVal : 4 3 0 0 0
BinVal : 4 4 0 0 0
BinVal : 4 5 0 0 0
BinVal : 4 6 0 0 0
BinVal : 4 7 0.62963 0.0929349 0.0929349
BinVal : 4 8 0.825 0.0600781 0.0600781
BinVal : 4 9 0.565217 0.103367 0.103367
BinVal : 4 10 0.535714 0.0942498 0.0942498
BinVal : 4 11 0.622222 0.0722744 0.0722744
BinVal : 4 12 0.742857 0.0738764 0.0738764
BinVal : 4 13 0.595238 0.0757392 0.0757392
BinVal : 4 14 0.511111 0.0745172 0.0745172
BinVal : 4 15 0.708333 0.0656057 0.0656057
BinVal : 4 16 0.48 0.09992 0.09992
BinVal : 4 17 0.756757 0.0705339 0.0705339
BinVal : 4 18 0.758621 0.0794627 0.0794627
BinVal : 4 19 0.761905 0.0929429 0.0929429
BinVal : 4 20 0.64 0.096 0.096
BinVal : 4 21 0.9375 0.0427908 0.0427908
BinVal : 4 22 0.714286 0.0763604 0.0763604
BinVal : 4 23 0 0 0
BinVal : 4 24 0 0 0
BinVal : 4 25 0 0 0
BinVal : 4 26 0 0 0
BinVal : 4 27 0 0 0
BinVal : 4 28 0 0 0
BinVal : 4 29 0 0 0
BinVal : 5 0 0 0 0
BinVal : 5 1 0 0 0
BinVal : 5 2 0 0 0
BinVal : 5 3 0 0 0
BinVal : 5 4 0 0 0
BinVal : 5 5 0 0 0
BinVal : 5 6 0 0 0
BinVal : 5 7 0.734694 0.0630709 0.0630709
BinVal : 5 8 0.925373 0.0321047 0.0321047
BinVal : 5 9 0.865854 0.0376361 0.0376361
BinVal : 5 10 0.745763 0.0566884 0.0566884
BinVal : 5 11 0.666667 0.0481125 0.0481125
BinVal : 5 12 0.727273 0.0507537 0.0507537
BinVal : 5 13 0.757143 0.0512525 0.0512525
BinVal : 5 14 0.72549 0.044187 0.044187
BinVal : 5 15 0.731183 0.0459727 0.0459727
BinVal : 5 16 0.727273 0.0507537 0.0507537
BinVal : 5 17 0.790323 0.051699 0.051699
BinVal : 5 18 0.719626 0.0434241 0.0434241
BinVal : 5 19 0.740741 0.0596353 0.0596353
BinVal : 5 20 0.711111 0.0477763 0.0477763
BinVal : 5 21 0.859649 0.0460077 0.0460077
BinVal : 5 22 0.625 0.0605154 0.0605154
BinVal : 5 23 0 0 0
BinVal : 5 24 0 0 0
BinVal : 5 25 0 0 0
BinVal : 5 26 0 0 0
BinVal : 5 27 0 0 0
BinVal : 5 28 0 0 0
BinVal : 5 29 0 0 0
BinVal : 6 0 0 0 0
BinVal : 6 1 0 0 0
BinVal : 6 2 0 0 0
BinVal : 6 3 0 0 0
BinVal : 6 4 0 0 0
BinVal : 6 5 0 0 0
BinVal : 6 6 0 0 0
BinVal : 6 7 0.636364 0.0548202 0.0548202
BinVal : 6 8 0.882353 0.0349464 0.0349464
BinVal : 6 9 0.880952 0.0353343 0.0353343
BinVal : 6 10 0.71875 0.045888 0.045888
BinVal : 6 11 0.72549 0.044187 0.044187
BinVal : 6 12 0.699115 0.0431455 0.0431455
BinVal : 6 13 0.514852 0.0497299 0.0497299
BinVal : 6 14 0.59854 0.0418801 0.0418801
BinVal : 6 15 0.709402 0.0419759 0.0419759
BinVal : 6 16 0.709402 0.0419759 0.0419759
BinVal : 6 17 0.716049 0.0501015 0.0501015
BinVal : 6 18 0.766355 0.0409073 0.0409073
BinVal : 6 19 0.691358 0.0513259 0.0513259
BinVal : 6 20 0.860759 0.0389502 0.0389502
BinVal : 6 21 0.928571 0.0280998 0.0280998
BinVal : 6 22 0.814286 0.0464796 0.0464796
BinVal : 6 23 0 0 0
BinVal : 6 24 0 0 0
BinVal : 6 25 0 0 0
BinVal : 6 26 0 0 0
BinVal : 6 27 0 0 0
BinVal : 6 28 0 0 0
BinVal : 6 29 0 0 0
BinVal : 7 0 0 0 0
BinVal : 7 1 0 0 0
BinVal : 7 2 0 0 0
BinVal : 7 3 0 0 0
BinVal : 7 4 0 0 0
BinVal : 7 5 0 0 0
BinVal : 7 6 0 0 0
BinVal : 7 7 0.793103 0.0434292 0.0434292
BinVal : 7 8 0.907407 0.0278919 0.0278919
BinVal : 7 9 0.719101 0.0476404 0.0476404
BinVal : 7 10 0.765306 0.042811 0.042811
BinVal : 7 11 0.676471 0.0567318 0.0567318
BinVal : 7 12 0.754237 0.0396343 0.0396343
BinVal : 7 13 0.700935 0.0442619 0.0442619
BinVal : 7 14 0.606557 0.0442279 0.0442279
BinVal : 7 15 0.723077 0.0392464 0.0392464
BinVal : 7 16 0.735714 0.0372673 0.0372673
BinVal : 7 17 0.821429 0.0361894 0.0361894
BinVal : 7 18 0.727273 0.0447605 0.0447605
BinVal : 7 19 0.715909 0.0480747 0.0480747
BinVal : 7 20 0.674419 0.0505295 0.0505295
BinVal : 7 21 0.943182 0.0246774 0.0246774
BinVal : 7 22 0.711111 0.0477763 0.0477763
BinVal : 7 23 0 0 0
BinVal : 7 24 0 0 0
BinVal : 7 25 0 0 0
BinVal : 7 26 0 0 0
BinVal : 7 27 0 0 0
BinVal : 7 28 0 0 0
BinVal : 7 29 0 0 0
BinVal : 8 0 0 0 0
BinVal : 8 1 0 0 0
BinVal : 8 2 0 0 0
BinVal : 8 3 0 0 0
BinVal : 8 4 0 0 0
BinVal : 8 5 0 0 0
BinVal : 8 6 0 0 0
BinVal : 8 7 0.746032 0.0548401 0.0548401
BinVal : 8 8 0.969072 0.0175779 0.0175779
BinVal : 8 9 0.72043 0.0465371 0.0465371
BinVal : 8 10 0.783019 0.0400354 0.0400354
BinVal : 8 11 0.852632 0.0363681 0.0363681
BinVal : 8 12 0.883333 0.0293052 0.0293052
BinVal : 8 13 0.781457 0.0336304 0.0336304
BinVal : 8 14 0.721804 0.0388561 0.0388561
BinVal : 8 15 0.842767 0.0288687 0.0288687
BinVal : 8 16 0.832168 0.0312518 0.0312518
BinVal : 8 17 0.864865 0.0324487 0.0324487
BinVal : 8 18 0.697368 0.0526965 0.0526965
BinVal : 8 19 0.78 0.0414246 0.0414246
BinVal : 8 20 0.740385 0.042991 0.042991
BinVal : 8 21 0.870968 0.0347623 0.0347623
BinVal : 8 22 0.659091 0.0505302 0.0505302
BinVal : 8 23 0 0 0
BinVal : 8 24 0 0 0
BinVal : 8 25 0 0 0
BinVal : 8 26 0 0 0
BinVal : 8 27 0 0 0
BinVal : 8 28 0 0 0
BinVal : 8 29 0 0 0
BinVal : 9 0 0 0 0
BinVal : 9 1 0 0 0
BinVal : 9 2 0 0 0
BinVal : 9 3 0 0 0
BinVal : 9 4 0 0 0
BinVal : 9 5 0 0 0
BinVal : 9 6 0 0 0
BinVal : 9 7 0.758242 0.0448822 0.0448822
BinVal : 9 8 0.915789 0.0284918 0.0284918
BinVal : 9 9 0.850575 0.0382216 0.0382216
BinVal : 9 10 0.76087 0.0444712 0.0444712
BinVal : 9 11 0.825581 0.0409192 0.0409192
BinVal : 9 12 0.763158 0.0398184 0.0398184
BinVal : 9 13 0.59434 0.047692 0.047692
BinVal : 9 14 0.728477 0.0361929 0.0361929
BinVal : 9 15 0.845588 0.0309849 0.0309849
BinVal : 9 16 0.84 0.0327902 0.0327902
BinVal : 9 17 0.699115 0.0431455 0.0431455
BinVal : 9 18 0.766234 0.048231 0.048231
BinVal : 9 19 0.74359 0.049441 0.049441
BinVal : 9 20 0.831858 0.0351822 0.0351822
BinVal : 9 21 0.841463 0.0403344 0.0403344
BinVal : 9 22 0.75 0.0461593 0.0461593
BinVal : 9 23 0 0 0
BinVal : 9 24 0 0 0
BinVal : 9 25 0 0 0
BinVal : 9 26 0 0 0
BinVal : 9 27 0 0 0
BinVal : 9 28 0 0 0
BinVal : 9 29 0 0 0
BinVal : 10 0 0 0 0
BinVal : 10 1 0 0 0
BinVal : 10 2 0 0 0
BinVal : 10 3 0 0 0
BinVal : 10 4 0 0 0
BinVal : 10 5 0 0 0
BinVal : 10 6 0 0 0
BinVal : 10 7 0.61194 0.0595342 0.0595342
BinVal : 10 8 0.839506 0.0407848 0.0407848
BinVal : 10 9 0.75 0.0765466 0.0765466
BinVal : 10 10 0.741935 0.0785898 0.0785898
BinVal : 10 11 0.722222 0.105572 0.105572
BinVal : 10 12 0.775281 0.044244 0.044244
BinVal : 10 13 0.795455 0.0429993 0.0429993
BinVal : 10 14 0.8 0.0381385 0.0381385
BinVal : 10 15 0.756303 0.039355 0.039355
BinVal : 10 16 0.757282 0.0422437 0.0422437
BinVal : 10 17 0.728571 0.0531514 0.0531514
BinVal : 10 18 0.619048 0.105971 0.105971
BinVal : 10 19 0.711111 0.0675659 0.0675659
BinVal : 10 20 0.814815 0.0747568 0.0747568
BinVal : 10 21 0.833333 0.0380363 0.0380363
BinVal : 10 22 0.69697 0.0565689 0.0565689
BinVal : 10 23 0 0 0
BinVal : 10 24 0 0 0
BinVal : 10 25 0 0 0
BinVal : 10 26 0 0 0
BinVal : 10 27 0 0 0
BinVal : 10 28 0 0 0
BinVal : 10 29 0 0 0
BinVal : 11 0 0 0 0
BinVal : 11 1 0 0 0
BinVal : 11 2 0 0 0
BinVal : 11 3 0 0 0
BinVal : 11 4 0 0 0
BinVal : 11 5 0 0 0
BinVal : 11 6 0 0 0
BinVal : 11 7 0.802817 0.0472187 0.0472187
BinVal : 11 8 0.876712 0.0384793 0.0384793
BinVal : 11 9 0.5 0.353553 0.353553
BinVal : 11 10 0 0 0
BinVal : 11 11 0 0 0
BinVal : 11 12 1 0.218486 0.218486
BinVal : 11 13 0 0 0
BinVal : 11 14 0 0 0
BinVal : 11 15 0 0 0
BinVal : 11 16 0 0 0
BinVal : 11 17 0 0 0
BinVal : 11 18 0 0 0
BinVal : 11 19 0 0 0
BinVal : 11 20 0 0 0
BinVal : 11 21 0.873239 0.0394848 0.0394848
BinVal : 11 22 0.724638 0.053776 0.053776
BinVal : 11 23 0 0 0
BinVal : 11 24 0 0 0
BinVal : 11 25 0 0 0
BinVal : 11 26 0 0 0
BinVal : 11 27 0 0 0
BinVal : 11 28 0 0 0
BinVal : 11 29 0 0 0
BinVal : 12 0 0 0 0
BinVal : 12 1 0 0 0
BinVal : 12 2 0 0 0
BinVal : 12 3 0 0 0
BinVal : 12 4 0 0 0
BinVal : 12 5 0 0 0
BinVal : 12 6 0 0 0
BinVal : 12 7 0.619048 0.0611825 0.0611825
BinVal : 12 8 0.786885 0.0524321 0.0524321
BinVal : 12 9 0 0 0
BinVal : 12 10 0 0 0
BinVal : 12 11 0 0 0
BinVal : 12 12 0 0 0
BinVal : 12 13 0 0 0
BinVal : 12 14 0 0 0
BinVal : 12 15 0 0 0
BinVal : 12 16 0 0 0
BinVal : 12 17 0 0 0
BinVal : 12 18 0 0 0
BinVal : 12 19 0 0 0
BinVal : 12 20 0 0 0
BinVal : 12 21 0.696429 0.0614433 0.0614433
BinVal : 12 22 0.740741 0.048692 0.048692
BinVal : 12 23 0 0 0
BinVal : 12 24 0 0 0
BinVal : 12 25 0 0 0
BinVal : 12 26 0 0 0
BinVal : 12 27 0 0 0
BinVal : 12 28 0 0 0
BinVal : 12 29 0 0 0
BinVal : 13 0 0 0 0
BinVal : 13 1 0 0 0
BinVal : 13 2 0 0 0
BinVal : 13 3 0 0 0
BinVal : 13 4 0 0 0
BinVal : 13 5 0 0 0
BinVal : 13 6 0 0 0
BinVal : 13 7 0.708333 0.0535668 0.0535668
BinVal : 13 8 0.9 0.0316228 0.0316228
BinVal : 13 9 0.903226 0.0531003 0.0531003
BinVal : 13 10 0.538462 0.0798268 0.0798268
BinVal : 13 11 0.466667 0.128812 0.128812
BinVal : 13 12 0.695652 0.0479719 0.0479719
BinVal : 13 13 0.76 0.0427083 0.0427083
BinVal : 13 14 0.827869 0.0341767 0.0341767
BinVal : 13 15 0.809524 0.0349824 0.0349824
BinVal : 13 16 0.801527 0.0348477 0.0348477
BinVal : 13 17 0.74359 0.049441 0.049441
BinVal : 13 18 0.666667 0.157135 0.157135
BinVal : 13 19 0.673469 0.066992 0.066992
BinVal : 13 20 0.853659 0.0551993 0.0551993
BinVal : 13 21 0.88764 0.0334756 0.0334756
BinVal : 13 22 0.784615 0.0509893 0.0509893
BinVal : 13 23 0 0 0
BinVal : 13 24 0 0 0
BinVal : 13 25 0 0 0
BinVal : 13 26 0 0 0
BinVal : 13 27 0 0 0
BinVal : 13 28 0 0 0
BinVal : 13 29 0 0 0
BinVal : 14 0 0 0 0
BinVal : 14 1 0 0 0
BinVal : 14 2 0 0 0
BinVal : 14 3 0 0 0
BinVal : 14 4 0 0 0
BinVal : 14 5 0 0 0
BinVal : 14 6 0 0 0
BinVal : 14 7 0.661538 0.0586915 0.0586915
BinVal : 14 8 0.944444 0.0269951 0.0269951
BinVal : 14 9 0.89899 0.030286 0.030286
BinVal : 14 10 0.782609 0.0496557 0.0496557
BinVal : 14 11 0.709302 0.0489652 0.0489652
BinVal : 14 12 0.716981 0.0437531 0.0437531
BinVal : 14 13 0.706522 0.0474741 0.0474741
BinVal : 14 14 0.718954 0.0363407 0.0363407
BinVal : 14 15 0.594203 0.0418006 0.0418006
BinVal : 14 16 0.607595 0.0549365 0.0549365
BinVal : 14 17 0.769231 0.0413143 0.0413143
BinVal : 14 18 0.74026 0.0499708 0.0499708
BinVal : 14 19 0.683544 0.052327 0.052327
BinVal : 14 20 0.908163 0.0291727 0.0291727
BinVal : 14 21 0.9 0.03 0.03
BinVal : 14 22 0.728571 0.0531514 0.0531514
BinVal : 14 23 0 0 0
BinVal : 14 24 0 0 0
BinVal : 14 25 0 0 0
BinVal : 14 26 0 0 0
BinVal : 14 27 0 0 0
BinVal : 14 28 0 0 0
BinVal : 14 29 0 0 0
BinVal : 15 0 0 0 0
BinVal : 15 1 0 0 0
BinVal : 15 2 0 0 0
BinVal : 15 3 0 0 0
BinVal : 15 4 0 0 0
BinVal : 15 5 0 0 0
BinVal : 15 6 0 0 0
BinVal : 15 7 0.76 0.0493153 0.0493153
BinVal : 15 8 0.87619 0.0321426 0.0321426
BinVal : 15 9 0.608696 0.0508819 0.0508819
BinVal : 15 10 0.804348 0.041359 0.041359
BinVal : 15 11 0.708333 0.0463902 0.0463902
BinVal : 15 12 0.876289 0.0334305 0.0334305
BinVal : 15 13 0.75188 0.0374524 0.0374524
BinVal : 15 14 0.780303 0.0360377 0.0360377
BinVal : 15 15 0.736486 0.036212 0.036212
BinVal : 15 16 0.678571 0.0441297 0.0441297
BinVal : 15 17 0.848485 0.0360357 0.0360357
BinVal : 15 18 0.797468 0.0452157 0.0452157
BinVal : 15 19 0.8 0.0433861 0.0433861
BinVal : 15 20 0.670455 0.0501073 0.0501073
BinVal : 15 21 0.928571 0.0260154 0.0260154
BinVal : 15 22 0.725 0.0499218 0.0499218
BinVal : 15 23 0 0 0
BinVal : 15 24 0 0 0
BinVal : 15 25 0 0 0
BinVal : 15 26 0 0 0
BinVal : 15 27 0 0 0
BinVal : 15 28 0 0 0
BinVal : 15 29 0 0 0


Comments : includes prescale inefficiency, cosmic veto applied 
EffMethod : TagAndProbe 
EffName : eff 
EffType : Binned 
EffVarNames : phi deteta 
EffVersion : 3 
ObjQuality : SingleMuonTriggersOR-AND-MuFromMuJets 
ObjRelativeTo : tight_trackmedium_iso_NPTight 
ObjType : MuANDSingleMuonOR 
ObjVersion : 1 
RunRangeHigh : -1 
RunRangeLow : -1 
TriggerVersionHigh : 15.99 
TriggerVersionLow : 15.9 
BinEdgesX : 0 0.3927 0.7854 1.1781 1.5708 1.9635 2.3562 2.7489 3.1416 3.5343 3.927 4.3197 4.7124 5.1051 5.4978 5.8905 6.2832 
BinEdgesY : -3 -2.8 -2.6 -2.4 -2.2 -2 -1.8 -1.6 -1.4 -1.2 -1 -0.8 -0.6 -0.4 -0.2 0 0.2 0.4 0.6 0.8 1 1.2 1.4 1.6 1.8 2 2.2 2.4 2.6 2.8 3 
BinVal : 0 0 0 0 0
BinVal : 0 1 0 0 0
BinVal : 0 2 0 0 0
BinVal : 0 3 0 0 0
BinVal : 0 4 0 0 0
BinVal : 0 5 0 0 0
BinVal : 0 6 0 0 0
BinVal : 0 7 0.662162 0.054982 0.054982
BinVal : 0 8 0.925 0.029448 0.029448
BinVal : 0 9 0.693182 0.0491612 0.0491612
BinVal : 0 10 0.61039 0.0555742 0.0555742
BinVal : 0 11 0.55814 0.0535506 0.0535506
BinVal : 0 12 0.583333 0.0474396 0.0474396
BinVal : 0 13 0.581967 0.0446555 0.0446555
BinVal : 0 14 0.564815 0.0477066 0.0477066
BinVal : 0 15 0.548673 0.0468127 0.0468127
BinVal : 0 16 0.5 0.0495074 0.0495074
BinVal : 0 17 0.583333 0.0537914 0.0537914
BinVal : 0 18 0.653846 0.0538673 0.0538673
BinVal : 0 19 0.637681 0.0578659 0.0578659
BinVal : 0 20 0.666667 0.0523783 0.0523783
BinVal : 0 21 0.948052 0.0252904 0.0252904
BinVal : 0 22 0.709677 0.0576468 0.0576468
BinVal : 0 23 0 0 0
BinVal : 0 24 0 0 0
BinVal : 0 25 0 0 0
BinVal : 0 26 0 0 0
BinVal : 0 27 0 0 0
BinVal : 0 28 0 0 0
BinVal : 0 29 0 0 0
BinVal : 1 0 0 0 0
BinVal : 1 1 0 0 0
BinVal : 1 2 0 0 0
BinVal : 1 3 0 0 0
BinVal : 1 4 0 0 0
BinVal : 1 5 0 0 0
BinVal : 1 6 0 0 0
BinVal : 1 7 0.625 0.0698771 0.0698771
BinVal : 1 8 0.964912 0.0243716 0.0243716
BinVal : 1 9 0.911765 0.034396 0.034396
BinVal : 1 10 0.618182 0.0655096 0.0655096
BinVal : 1 11 0.734375 0.0552082 0.0552082
BinVal : 1 12 0.6 0.0632455 0.0632455
BinVal : 1 13 0.631579 0.0638923 0.0638923
BinVal : 1 14 0.556701 0.0504398 0.0504398
BinVal : 1 15 0.623529 0.0525514 0.0525514
BinVal : 1 16 0.6 0.0607644 0.0607644
BinVal : 1 17 0.6125 0.0544683 0.0544683
BinVal : 1 18 0.704918 0.058395 0.058395
BinVal : 1 19 0.622642 0.0665822 0.0665822
BinVal : 1 20 0.888889 0.0395943 0.0395943
BinVal : 1 21 0.897959 0.0432431 0.0432431
BinVal : 1 22 0.659574 0.0691185 0.0691185
BinVal : 1 23 0 0 0
BinVal : 1 24 0 0 0
BinVal : 1 25 0 0 0
BinVal : 1 26 0 0 0
BinVal : 1 27 0 0 0
BinVal : 1 28 0 0 0
BinVal : 1 29 0 0 0
BinVal : 2 0 0 0 0
BinVal : 2 1 0 0 0
BinVal : 2 2 0 0 0
BinVal : 2 3 0 0 0
BinVal : 2 4 0 0 0
BinVal : 2 5 0 0 0
BinVal : 2 6 0 0 0
BinVal : 2 7 0.68 0.0932952 0.0932952
BinVal : 2 8 0.966667 0.0327731 0.0327731
BinVal : 2 9 0.861111 0.0576384 0.0576384
BinVal : 2 10 0.730769 0.0869893 0.0869893
BinVal : 2 11 0.74359 0.0699201 0.0699201
BinVal : 2 12 0.8 0.0730297 0.0730297
BinVal : 2 13 0.548387 0.0893812 0.0893812
BinVal : 2 14 0.647059 0.0669172 0.0669172
BinVal : 2 15 0.530612 0.0712946 0.0712946
BinVal : 2 16 0.717391 0.0663884 0.0663884
BinVal : 2 17 0.794118 0.0693446 0.0693446
BinVal : 2 18 0.809524 0.0605913 0.0605913
BinVal : 2 19 0.724138 0.0829961 0.0829961
BinVal : 2 20 0.848485 0.0624156 0.0624156
BinVal : 2 21 0.8 0.0676123 0.0676123
BinVal : 2 22 0.612903 0.0874832 0.0874832
BinVal : 2 23 0 0 0
BinVal : 2 24 0 0 0
BinVal : 2 25 0 0 0
BinVal : 2 26 0 0 0
BinVal : 2 27 0 0 0
BinVal : 2 28 0 0 0
BinVal : 2 29 0 0 0
BinVal : 3 0 0 0 0
BinVal : 3 1 0 0 0
BinVal : 3 2 0 0 0
BinVal : 3 3 0 0 0
BinVal : 3 4 0 0 0
BinVal : 3 5 0 0 0
BinVal : 3 6 0 0 0
BinVal : 3 7 0.933333 0.0644061 0.0644061
BinVal : 3 8 0.846154 0.100068 0.100068
BinVal : 3 9 0.5 0.125 0.125
BinVal : 3 10 0.8 0.126491 0.126491
BinVal : 3 11 0.692308 0.128008 0.128008
BinVal : 3 12 0.888889 0.104757 0.104757
BinVal : 3 13 0.545455 0.150131 0.150131
BinVal : 3 14 0.666667 0.111111 0.111111
BinVal : 3 15 0.833333 0.107583 0.107583
BinVal : 3 16 0.666667 0.157135 0.157135
BinVal : 3 17 0.611111 0.114904 0.114904
BinVal : 3 18 0.9 0.0948683 0.0948683
BinVal : 3 19 0.5 0.133631 0.133631
BinVal : 3 20 0.636364 0.145041 0.145041
BinVal : 3 21 0.875 0.0826797 0.0826797
BinVal : 3 22 0.714286 0.120736 0.120736
BinVal : 3 23 0 0 0
BinVal : 3 24 0 0 0
BinVal : 3 25 0 0 0
BinVal : 3 26 0 0 0
BinVal : 3 27 0 0 0
BinVal : 3 28 0 0 0
BinVal : 3 29 0 0 0
BinVal : 4 0 0 0 0
BinVal : 4 1 0 0 0
BinVal : 4 2 0 0 0
BinVal : 4 3 0 0 0
BinVal : 4 4 0 0 0
BinVal : 4 5 0 0 0
BinVal : 4 6 0 0 0
BinVal : 4 7 0.666667 0.19245 0.19245
BinVal : 4 8 0.923077 0.0739053 0.0739053
BinVal : 4 9 0.916667 0.0797856 0.0797856
BinVal : 4 10 0.4 0.219089 0.219089
BinVal : 4 11 0.714286 0.170747 0.170747
BinVal : 4 12 0.8 0.178885 0.178885
BinVal : 4 13 0.73913 0.0915605 0.0915605
BinVal : 4 14 0.785714 0.109664 0.109664
BinVal : 4 15 0.588235 0.119365 0.119365
BinVal : 4 16 0.625 0.171163 0.171163
BinVal : 4 17 0.846154 0.100068 0.100068
BinVal : 4 18 0.5 0.158114 0.158114
BinVal : 4 19 0.875 0.116927 0.116927
BinVal : 4 20 0.8 0.126491 0.126491
BinVal : 4 21 0.8 0.178885 0.178885
BinVal : 4 22 0.75 0.108253 0.108253
BinVal : 4 23 0 0 0
BinVal : 4 24 0 0 0
BinVal : 4 25 0 0 0
BinVal : 4 26 0 0 0
BinVal : 4 27 0 0 0
BinVal : 4 28 0 0 0
BinVal : 4 29 0 0 0
BinVal : 5 0 0 0 0
BinVal : 5 1 0 0 0
BinVal : 5 2 0 0 0
BinVal : 5 3 0 0 0
BinVal : 5 4 0 0 0
BinVal : 5 5 0 0 0
BinVal : 5 6 0 0 0
BinVal : 5 7 0.85 0.0798436 0.0798436
BinVal : 5 8 0.818182 0.0822304 0.0822304
BinVal : 5 9 0.758621 0.0794627 0.0794627
BinVal : 5 10 0.666667 0.102869 0.102869
BinVal : 5 11 0.619048 0.105971 0.105971
BinVal : 5 12 0.833333 0.0680414 0.0680414
BinVal : 5 13 0.692308 0.0739053 0.0739053
BinVal : 5 14 0.65625 0.0839617 0.0839617
BinVal : 5 15 0.690476 0.071334 0.071334
BinVal : 5 16 0.76 0.0854166 0.0854166
BinVal : 5 17 0.958333 0.0407894 0.0407894
BinVal : 5 18 0.621622 0.0797307 0.0797307
BinVal : 5 19 0.636364 0.102559 0.102559
BinVal : 5 20 0.892857 0.0584512 0.0584512
BinVal : 5 21 0.916667 0.0797856 0.0797856
BinVal : 5 22 0.866667 0.0877707 0.0877707
BinVal : 5 23 0 0 0
BinVal : 5 24 0 0 0
BinVal : 5 25 0 0 0
BinVal : 5 26 0 0 0
BinVal : 5 27 0 0 0
BinVal : 5 28 0 0 0
BinVal : 5 29 0 0 0
BinVal : 6 0 0 0 0
BinVal : 6 1 0 0 0
BinVal : 6 2 0 0 0
BinVal : 6 3 0 0 0
BinVal : 6 4 0 0 0
BinVal : 6 5 0 0 0
BinVal : 6 6 0 0 0
BinVal : 6 7 0.660714 0.0632697 0.0632697
BinVal : 6 8 0.959184 0.0282664 0.0282664
BinVal : 6 9 0.864865 0.0397413 0.0397413
BinVal : 6 10 0.630435 0.0711683 0.0711683
BinVal : 6 11 0.652174 0.0573374 0.0573374
BinVal : 6 12 0.666667 0.0608581 0.0608581
BinVal : 6 13 0.688312 0.0527846 0.0527846
BinVal : 6 14 0.623377 0.0552184 0.0552184
BinVal : 6 15 0.693333 0.0532444 0.0532444
BinVal : 6 16 0.671875 0.0586913 0.0586913
BinVal : 6 17 0.762712 0.055385 0.055385
BinVal : 6 18 0.733333 0.0510628 0.0510628
BinVal : 6 19 0.632653 0.0688689 0.0688689
BinVal : 6 20 0.809524 0.0494726 0.0494726
BinVal : 6 21 0.76087 0.0628917 0.0628917
BinVal : 6 22 0.638298 0.0700871 0.0700871
BinVal : 6 23 0 0 0
BinVal : 6 24 0 0 0
BinVal : 6 25 0 0 0
BinVal : 6 26 0 0 0
BinVal : 6 27 0 0 0
BinVal : 6 28 0 0 0
BinVal : 6 29 0 0 0
BinVal : 7 0 0 0 0
BinVal : 7 1 0 0 0
BinVal : 7 2 0 0 0
BinVal : 7 3 0 0 0
BinVal : 7 4 0 0 0
BinVal : 7 5 0 0 0
BinVal : 7 6 0 0 0
BinVal : 7 7 0.8 0.0496139 0.0496139
BinVal : 7 8 0.90411 0.0344617 0.0344617
BinVal : 7 9 0.666667 0.0608581 0.0608581
BinVal : 7 10 0.74359 0.049441 0.049441
BinVal : 7 11 0.705882 0.0552551 0.0552551
BinVal : 7 12 0.754098 0.0551353 0.0551353
BinVal : 7 13 0.755319 0.0443406 0.0443406
BinVal : 7 14 0.671642 0.0405686 0.0405686
BinVal : 7 15 0.666667 0.0435814 0.0435814
BinVal : 7 16 0.731183 0.0459727 0.0459727
BinVal : 7 17 0.779221 0.0472676 0.0472676
BinVal : 7 18 0.796875 0.0502906 0.0502906
BinVal : 7 19 0.782609 0.0496557 0.0496557
BinVal : 7 20 0.710843 0.0497639 0.0497639
BinVal : 7 21 0.974359 0.017897 0.017897
BinVal : 7 22 0.694915 0.0599446 0.0599446
BinVal : 7 23 0 0 0
BinVal : 7 24 0 0 0
BinVal : 7 25 0 0 0
BinVal : 7 26 0 0 0
BinVal : 7 27 0 0 0
BinVal : 7 28 0 0 0
BinVal : 7 29 0 0 0
BinVal : 8 0 0 0 0
BinVal : 8 1 0 0 0
BinVal : 8 2 0 0 0
BinVal : 8 3 0 0 0
BinVal : 8 4 0 0 0
BinVal : 8 5 0 0 0
BinVal : 8 6 0 0 0
BinVal : 8 7 0.77193 0.0555758 0.0555758
BinVal : 8 8 0.984615 0.0152658 0.0152658
BinVal : 8 9 0.777778 0.056575 0.056575
BinVal : 8 10 0.867925 0.0465066 0.0465066
BinVal : 8 11 0.897059 0.0368511 0.0368511
BinVal : 8 12 0.8 0.0496139 0.0496139
BinVal : 8 13 0.829268 0.0415526 0.0415526
BinVal : 8 14 0.706422 0.0436195 0.0436195
BinVal : 8 15 0.788991 0.0390817 0.0390817
BinVal : 8 16 0.848837 0.0386265 0.0386265
BinVal : 8 17 0.865672 0.0416604 0.0416604
BinVal : 8 18 0.902439 0.0327673 0.0327673
BinVal : 8 19 0.758065 0.0543885 0.0543885
BinVal : 8 20 0.681159 0.0561031 0.0561031
BinVal : 8 21 0.851351 0.0413541 0.0413541
BinVal : 8 22 0.732143 0.0591774 0.0591774
BinVal : 8 23 0 0 0
BinVal : 8 24 0 0 0
BinVal : 8 25 0 0 0
BinVal : 8 26 0 0 0
BinVal : 8 27 0 0 0
BinVal : 8 28 0 0 0
BinVal : 8 29 0 0 0
BinVal : 9 0 0 0 0
BinVal : 9 1 0 0 0
BinVal : 9 2 0 0 0
BinVal : 9 3 0 0 0
BinVal : 9 4 0 0 0
BinVal : 9 5 0 0 0
BinVal : 9 6 0 0 0
BinVal : 9 7 0.690909 0.0623121 0.0623121
BinVal : 9 8 0.903846 0.0408817 0.0408817
BinVal : 9 9 0.923077 0.0330515 0.0330515
BinVal : 9 10 0.74359 0.0699201 0.0699201
BinVal : 9 11 0.810811 0.0643883 0.0643883
BinVal : 9 12 0.825397 0.0478285 0.0478285
BinVal : 9 13 0.568965 0.0650257 0.0650257
BinVal : 9 14 0.707317 0.0502457 0.0502457
BinVal : 9 15 0.783133 0.0452351 0.0452351
BinVal : 9 16 0.816327 0.0553168 0.0553168
BinVal : 9 17 0.758065 0.0543885 0.0543885
BinVal : 9 18 0.698113 0.063059 0.063059
BinVal : 9 19 0.675676 0.0769588 0.0769588
BinVal : 9 20 0.970149 0.0207902 0.0207902
BinVal : 9 21 0.82 0.0543323 0.0543323
BinVal : 9 22 0.745455 0.058737 0.058737
BinVal : 9 23 0 0 0
BinVal : 9 24 0 0 0
BinVal : 9 25 0 0 0
BinVal : 9 26 0 0 0
BinVal : 9 27 0 0 0
BinVal : 9 28 0 0 0
BinVal : 9 29 0 0 0
BinVal : 10 0 0 0 0
BinVal : 10 1 0 0 0
BinVal : 10 2 0 0 0
BinVal : 10 3 0 0 0
BinVal : 10 4 0 0 0
BinVal : 10 5 0 0 0
BinVal : 10 6 0 0 0
BinVal : 10 7 0.645161 0.0859347 0.0859347
BinVal : 10 8 0.93617 0.0356566 0.0356566
BinVal : 10 9 0.857143 0.093522 0.093522
BinVal : 10 10 0.428571 0.10799 0.10799
BinVal : 10 11 0.25 0.216506 0.216506
BinVal : 10 12 0.62069 0.0901022 0.0901022
BinVal : 10 13 0.741379 0.057496 0.057496
BinVal : 10 14 0.8 0.0516398 0.0516398
BinVal : 10 15 0.80303 0.0489546 0.0489546
BinVal : 10 16 0.641026 0.0768134 0.0768134
BinVal : 10 17 0.68 0.0932952 0.0932952
BinVal : 10 18 0.777778 0.13858 0.13858
BinVal : 10 19 0.666667 0.102869 0.102869
BinVal : 10 20 0.727273 0.0949515 0.0949515
BinVal : 10 21 0.956522 0.030068 0.030068
BinVal : 10 22 0.703704 0.0878772 0.0878772
BinVal : 10 23 0 0 0
BinVal : 10 24 0 0 0
BinVal : 10 25 0 0 0
BinVal : 10 26 0 0 0
BinVal : 10 27 0 0 0
BinVal : 10 28 0 0 0
BinVal : 10 29 0 0 0
BinVal : 11 0 0 0 0
BinVal : 11 1 0 0 0
BinVal : 11 2 0 0 0
BinVal : 11 3 0 0 0
BinVal : 11 4 0 0 0
BinVal : 11 5 0 0 0
BinVal : 11 6 0 0 0
BinVal : 11 7 0.790698 0.062038 0.062038
BinVal : 11 8 0.708333 0.0927805 0.0927805
BinVal : 11 9 0 0 0
BinVal : 11 10 0 0 0
BinVal : 11 11 0 0 0
BinVal : 11 12 0 0 0
BinVal : 11 13 0 0 0
BinVal : 11 14 0 0 0
BinVal : 11 15 0 0 0
BinVal : 11 16 0 0 0
BinVal : 11 17 0 0 0
BinVal : 11 18 0 0 0
BinVal : 11 19 0 0 0
BinVal : 11 20 0 0 0
BinVal : 11 21 0.758621 0.0794627 0.0794627
BinVal : 11 22 0.714286 0.0853735 0.0853735
BinVal : 11 23 0 0 0
BinVal : 11 24 0 0 0
BinVal : 11 25 0 0 0
BinVal : 11 26 0 0 0
BinVal : 11 27 0 0 0
BinVal : 11 28 0 0 0
BinVal : 11 29 0 0 0
BinVal : 12 0 0 0 0
BinVal : 12 1 0 0 0
BinVal : 12 2 0 0 0
BinVal : 12 3 0 0 0
BinVal : 12 4 0 0 0
BinVal : 12 5 0 0 0
BinVal : 12 6 0 0 0
BinVal : 12 7 0.916667 0.0797856 0.0797856
BinVal : 12 8 0.8125 0.0975781 0.0975781
BinVal : 12 9 0 0 0
BinVal : 12 10 0 0 0
BinVal : 12 11 0 0 0
BinVal : 12 12 0 0 0
BinVal : 12 13 0 0 0
BinVal : 12 14 0 0 0
BinVal : 12 15 0 0 0
BinVal : 12 16 0 0 0
BinVal : 12 17 0 0 0
BinVal : 12 18 0 0 0
BinVal : 12 19 0 0 0
BinVal : 12 20 0 0 0
BinVal : 12 21 0.736842 0.101023 0.101023
BinVal : 12 22 0.75 0.0818317 0.0818317
BinVal : 12 23 0 0 0
BinVal : 12 24 0 0 0
BinVal : 12 25 0 0 0
BinVal : 12 26 0 0 0
BinVal : 12 27 0 0 0
BinVal : 12 28 0 0 0
BinVal : 12 29 0 0 0
BinVal : 13 0 0 0 0
BinVal : 13 1 0 0 0
BinVal : 13 2 0 0 0
BinVal : 13 3 0 0 0
BinVal : 13 4 0 0 0
BinVal : 13 5 0 0 0
BinVal : 13 6 0 0 0
BinVal : 13 7 0.611111 0.0812497 0.0812497
BinVal : 13 8 0.935484 0.0441237 0.0441237
BinVal : 13 9 0.875 0.116927 0.116927
BinVal : 13 10 0.882353 0.0781425 0.0781425
BinVal : 13 11 1 0.0871301 0.0871301
BinVal : 13 12 0.666667 0.102869 0.102869
BinVal : 13 13 0.780488 0.0646428 0.0646428
BinVal : 13 14 0.783784 0.0676771 0.0676771
BinVal : 13 15 0.805556 0.0659621 0.0659621
BinVal : 13 16 0.806452 0.0709583 0.0709583
BinVal : 13 17 0.619048 0.105971 0.105971
BinVal : 13 18 0.666667 0.272166 0.272166
BinVal : 13 19 0.714286 0.0985808 0.0985808
BinVal : 13 20 1 0.0756803 0.0756803
BinVal : 13 21 0.916667 0.0460642 0.0460642
BinVal : 13 22 0.827586 0.0701445 0.0701445
BinVal : 13 23 0 0 0
BinVal : 13 24 0 0 0
BinVal : 13 25 0 0 0
BinVal : 13 26 0 0 0
BinVal : 13 27 0 0 0
BinVal : 13 28 0 0 0
BinVal : 13 29 0 0 0
BinVal : 14 0 0 0 0
BinVal : 14 1 0 0 0
BinVal : 14 2 0 0 0
BinVal : 14 3 0 0 0
BinVal : 14 4 0 0 0
BinVal : 14 5 0 0 0
BinVal : 14 6 0 0 0
BinVal : 14 7 0.695652 0.0678426 0.0678426
BinVal : 14 8 0.851852 0.048343 0.048343
BinVal : 14 9 0.836735 0.0528011 0.0528011
BinVal : 14 10 0.754386 0.0570146 0.0570146
BinVal : 14 11 0.723077 0.0555028 0.0555028
BinVal : 14 12 0.707692 0.0564138 0.0564138
BinVal : 14 13 0.766667 0.0546029 0.0546029
BinVal : 14 14 0.731707 0.048929 0.048929
BinVal : 14 15 0.75 0.0472456 0.0472456
BinVal : 14 16 0.603774 0.0671848 0.0671848
BinVal : 14 17 0.683333 0.060054 0.060054
BinVal : 14 18 0.770833 0.0606646 0.0606646
BinVal : 14 19 0.695652 0.0678426 0.0678426
BinVal : 14 20 0.873016 0.0419484 0.0419484
BinVal : 14 21 0.907407 0.039445 0.039445
BinVal : 14 22 0.680851 0.0679945 0.0679945
BinVal : 14 23 0 0 0
BinVal : 14 24 0 0 0
BinVal : 14 25 0 0 0
BinVal : 14 26 0 0 0
BinVal : 14 27 0 0 0
BinVal : 14 28 0 0 0
BinVal : 14 29 0 0 0
BinVal : 15 0 0 0 0
BinVal : 15 1 0 0 0
BinVal : 15 2 0 0 0
BinVal : 15 3 0 0 0
BinVal : 15 4 0 0 0
BinVal : 15 5 0 0 0
BinVal : 15 6 0 0 0
BinVal : 15 7 0.733333 0.0570899 0.0570899
BinVal : 15 8 0.927536 0.0312105 0.0312105
BinVal : 15 9 0.567164 0.0605311 0.0605311
BinVal : 15 10 0.791045 0.0496695 0.0496695
BinVal : 15 11 0.882979 0.0331546 0.0331546
BinVal : 15 12 0.802326 0.0429439 0.0429439
BinVal : 15 13 0.727273 0.0424636 0.0424636
BinVal : 15 14 0.814286 0.032866 0.032866
BinVal : 15 15 0.803738 0.0383958 0.0383958
BinVal : 15 16 0.554455 0.0494559 0.0494559
BinVal : 15 17 0.873418 0.0374097 0.0374097
BinVal : 15 18 0.768293 0.0465936 0.0465936
BinVal : 15 19 0.890909 0.0420368 0.0420368
BinVal : 15 20 0.684211 0.0533196 0.0533196
BinVal : 15 21 0.910256 0.0323621 0.0323621
BinVal : 15 22 0.645161 0.060765 0.060765
BinVal : 15 23 0 0 0
BinVal : 15 24 0 0 0
BinVal : 15 25 0 0 0
BinVal : 15 26 0 0 0
BinVal : 15 27 0 0 0
BinVal : 15 28 0 0 0
BinVal : 15 29 0 0 0


Comments : includes prescale inefficiency, cosmic veto applied 
EffMethod : TagAndProbe 
EffName : eff 
EffType : Binned 
EffVarNames : phi deteta 
EffVersion : 3 
ObjQuality : SingleMuonTriggersOR-AND-MuFromMuJets 
ObjRelativeTo : tight_trackmedium_iso_NPTight 
ObjType : MuANDSingleMuonOR 
ObjVersion : 1 
RunRangeHigh : -1 
RunRangeLow : -1 
TriggerVersionHigh : 16.1 
TriggerVersionLow : 16 
BinEdgesX : 0 0.3927 0.7854 1.1781 1.5708 1.9635 2.3562 2.7489 3.1416 3.5343 3.927 4.3197 4.7124 5.1051 5.4978 5.8905 6.2832 
BinEdgesY : -3 -2.8 -2.6 -2.4 -2.2 -2 -1.8 -1.6 -1.4 -1.2 -1 -0.8 -0.6 -0.4 -0.2 0 0.2 0.4 0.6 0.8 1 1.2 1.4 1.6 1.8 2 2.2 2.4 2.6 2.8 3 
BinVal : 0 0 0 0 0
BinVal : 0 1 0 0 0
BinVal : 0 2 0 0 0
BinVal : 0 3 0 0 0
BinVal : 0 4 0 0 0
BinVal : 0 5 0 0 0
BinVal : 0 6 0 0 0
BinVal : 0 7 0.666667 0.0441511 0.0441511
BinVal : 0 8 0.912621 0.0278246 0.0278246
BinVal : 0 9 0.818182 0.0350631 0.0350631
BinVal : 0 10 0.832061 0.0326601 0.0326601
BinVal : 0 11 0.838028 0.0309175 0.0309175
BinVal : 0 12 0.835938 0.0327331 0.0327331
BinVal : 0 13 0.727749 0.0322076 0.0322076
BinVal : 0 14 0.758065 0.0314012 0.0314012
BinVal : 0 15 0.812834 0.0285229 0.0285229
BinVal : 0 16 0.766234 0.0341045 0.0341045
BinVal : 0 17 0.801724 0.0370185 0.0370185
BinVal : 0 18 0.862385 0.0329966 0.0329966
BinVal : 0 19 0.86 0.0346987 0.0346987
BinVal : 0 20 0.869919 0.0303315 0.0303315
BinVal : 0 21 0.93913 0.0222953 0.0222953
BinVal : 0 22 0.777778 0.0438228 0.0438228
BinVal : 0 23 0 0 0
BinVal : 0 24 0 0 0
BinVal : 0 25 0 0 0
BinVal : 0 26 0 0 0
BinVal : 0 27 0 0 0
BinVal : 0 28 0 0 0
BinVal : 0 29 0 0 0
BinVal : 1 0 0 0 0
BinVal : 1 1 0 0 0
BinVal : 1 2 0 0 0
BinVal : 1 3 0 0 0
BinVal : 1 4 0 0 0
BinVal : 1 5 0 0 0
BinVal : 1 6 0 0 0
BinVal : 1 7 0.765766 0.0401987 0.0401987
BinVal : 1 8 0.938053 0.0226769 0.0226769
BinVal : 1 9 0.918919 0.0224371 0.0224371
BinVal : 1 10 0.843137 0.0360088 0.0360088
BinVal : 1 11 0.851064 0.0299828 0.0299828
BinVal : 1 12 0.718121 0.0368585 0.0368585
BinVal : 1 13 0.697368 0.037262 0.037262
BinVal : 1 14 0.723164 0.0336313 0.0336313
BinVal : 1 15 0.717277 0.0325842 0.0325842
BinVal : 1 16 0.719424 0.0381075 0.0381075
BinVal : 1 17 0.787402 0.0363058 0.0363058
BinVal : 1 18 0.78169 0.0346665 0.0346665
BinVal : 1 19 0.821782 0.0380797 0.0380797
BinVal : 1 20 0.942446 0.0197542 0.0197542
BinVal : 1 21 0.961832 0.0167403 0.0167403
BinVal : 1 22 0.726415 0.0432998 0.0432998
BinVal : 1 23 0 0 0
BinVal : 1 24 0 0 0
BinVal : 1 25 0 0 0
BinVal : 1 26 0 0 0
BinVal : 1 27 0 0 0
BinVal : 1 28 0 0 0
BinVal : 1 29 0 0 0
BinVal : 2 0 0 0 0
BinVal : 2 1 0 0 0
BinVal : 2 2 0 0 0
BinVal : 2 3 0 0 0
BinVal : 2 4 0 0 0
BinVal : 2 5 0 0 0
BinVal : 2 6 0 0 0
BinVal : 2 7 0.768293 0.0465936 0.0465936
BinVal : 2 8 0.945055 0.0238876 0.0238876
BinVal : 2 9 0.892473 0.0321229 0.0321229
BinVal : 2 10 0.757143 0.0512525 0.0512525
BinVal : 2 11 0.752137 0.0399173 0.0399173
BinVal : 2 12 0.703704 0.0439386 0.0439386
BinVal : 2 13 0.604167 0.0499113 0.0499113
BinVal : 2 14 0.62406 0.0419997 0.0419997
BinVal : 2 15 0.6 0.0467099 0.0467099
BinVal : 2 16 0.585366 0.0544051 0.0544051
BinVal : 2 17 0.758242 0.0448822 0.0448822
BinVal : 2 18 0.8 0.0433861 0.0433861
BinVal : 2 19 0.724138 0.0586871 0.0586871
BinVal : 2 20 0.897196 0.02936 0.02936
BinVal : 2 21 0.935897 0.0277335 0.0277335
BinVal : 2 22 0.864865 0.0397413 0.0397413
BinVal : 2 23 0 0 0
BinVal : 2 24 0 0 0
BinVal : 2 25 0 0 0
BinVal : 2 26 0 0 0
BinVal : 2 27 0 0 0
BinVal : 2 28 0 0 0
BinVal : 2 29 0 0 0
BinVal : 3 0 0 0 0
BinVal : 3 1 0 0 0
BinVal : 3 2 0 0 0
BinVal : 3 3 0 0 0
BinVal : 3 4 0 0 0
BinVal : 3 5 0 0 0
BinVal : 3 6 0 0 0
BinVal : 3 7 0.795455 0.0608102 0.0608102
BinVal : 3 8 0.892857 0.0413313 0.0413313
BinVal : 3 9 0.5 0.0912871 0.0912871
BinVal : 3 10 0.72973 0.0730095 0.0730095
BinVal : 3 11 0.818182 0.0671408 0.0671408
BinVal : 3 12 0.558824 0.0851538 0.0851538
BinVal : 3 13 0.612245 0.0696055 0.0696055
BinVal : 3 14 0.52381 0.0770641 0.0770641
BinVal : 3 15 0.479167 0.0721061 0.0721061
BinVal : 3 16 0.625 0.0698771 0.0698771
BinVal : 3 17 0.789474 0.0661348 0.0661348
BinVal : 3 18 0.757576 0.0746009 0.0746009
BinVal : 3 19 0.848485 0.0624156 0.0624156
BinVal : 3 20 0.814815 0.0747568 0.0747568
BinVal : 3 21 0.930233 0.0388497 0.0388497
BinVal : 3 22 0.8125 0.0689981 0.0689981
BinVal : 3 23 0 0 0
BinVal : 3 24 0 0 0
BinVal : 3 25 0 0 0
BinVal : 3 26 0 0 0
BinVal : 3 27 0 0 0
BinVal : 3 28 0 0 0
BinVal : 3 29 0 0 0
BinVal : 4 0 0 0 0
BinVal : 4 1 0 0 0
BinVal : 4 2 0 0 0
BinVal : 4 3 0 0 0
BinVal : 4 4 0 0 0
BinVal : 4 5 0 0 0
BinVal : 4 6 0 0 0
BinVal : 4 7 0.714286 0.0985808 0.0985808
BinVal : 4 8 1 0.0208287 0.0208287
BinVal : 4 9 0.88 0.0649923 0.0649923
BinVal : 4 10 0.7 0.10247 0.10247
BinVal : 4 11 0.814815 0.0747568 0.0747568
BinVal : 4 12 0.761905 0.0929429 0.0929429
BinVal : 4 13 0.62963 0.0929349 0.0929349
BinVal : 4 14 0.647059 0.0819565 0.0819565
BinVal : 4 15 0.727273 0.0775275 0.0775275
BinVal : 4 16 0.625 0.0988212 0.0988212
BinVal : 4 17 0.777778 0.0979908 0.0979908
BinVal : 4 18 0.954545 0.0444095 0.0444095
BinVal : 4 19 0.772727 0.0893461 0.0893461
BinVal : 4 20 0.882353 0.0781425 0.0781425
BinVal : 4 21 1 0.0309157 0.0309157
BinVal : 4 22 0.75 0.0968246 0.0968246
BinVal : 4 23 0 0 0
BinVal : 4 24 0 0 0
BinVal : 4 25 0 0 0
BinVal : 4 26 0 0 0
BinVal : 4 27 0 0 0
BinVal : 4 28 0 0 0
BinVal : 4 29 0 0 0
BinVal : 5 0 0 0 0
BinVal : 5 1 0 0 0
BinVal : 5 2 0 0 0
BinVal : 5 3 0 0 0
BinVal : 5 4 0 0 0
BinVal : 5 5 0 0 0
BinVal : 5 6 0.0606061 0.041536 0.041536
BinVal : 5 7 0.619048 0.0749329 0.0749329
BinVal : 5 8 0.923077 0.0369527 0.0369527
BinVal : 5 9 0.894737 0.0406489 0.0406489
BinVal : 5 10 0.8 0.0632455 0.0632455
BinVal : 5 11 0.74 0.0620322 0.0620322
BinVal : 5 12 0.854545 0.047539 0.047539
BinVal : 5 13 0.72 0.0518459 0.0518459
BinVal : 5 14 0.8 0.046188 0.046188
BinVal : 5 15 0.658537 0.0523667 0.0523667
BinVal : 5 16 0.704918 0.058395 0.058395
BinVal : 5 17 0.828571 0.0637049 0.0637049
BinVal : 5 18 0.823529 0.0462297 0.0462297
BinVal : 5 19 0.848485 0.0624156 0.0624156
BinVal : 5 20 0.888889 0.0468486 0.0468486
BinVal : 5 21 0.892857 0.0413313 0.0413313
BinVal : 5 22 0.757576 0.0746009 0.0746009
BinVal : 5 23 0 0 0
BinVal : 5 24 0 0 0
BinVal : 5 25 0 0 0
BinVal : 5 26 0 0 0
BinVal : 5 27 0 0 0
BinVal : 5 28 0 0 0
BinVal : 5 29 0 0 0
BinVal : 6 0 0 0 0
BinVal : 6 1 0 0 0
BinVal : 6 2 0 0 0
BinVal : 6 3 0 0 0
BinVal : 6 4 0 0 0
BinVal : 6 5 0 0 0
BinVal : 6 6 0 0 0
BinVal : 6 7 0.681818 0.0702175 0.0702175
BinVal : 6 8 0.866667 0.0392523 0.0392523
BinVal : 6 9 0.9 0.0316228 0.0316228
BinVal : 6 10 0.828571 0.0450461 0.0450461
BinVal : 6 11 0.776119 0.0509255 0.0509255
BinVal : 6 12 0.722892 0.0491272 0.0491272
BinVal : 6 13 0.773333 0.0483444 0.0483444
BinVal : 6 14 0.604651 0.0527222 0.0527222
BinVal : 6 15 0.645833 0.0488122 0.0488122
BinVal : 6 16 0.74359 0.049441 0.049441
BinVal : 6 17 0.830986 0.0444763 0.0444763
BinVal : 6 18 0.833333 0.0392837 0.0392837
BinVal : 6 19 0.784615 0.0509893 0.0509893
BinVal : 6 20 0.804878 0.0437634 0.0437634
BinVal : 6 21 0.857143 0.0418243 0.0418243
BinVal : 6 22 0.681159 0.0561031 0.0561031
BinVal : 6 23 0 0 0
BinVal : 6 24 0 0 0
BinVal : 6 25 0 0 0
BinVal : 6 26 0 0 0
BinVal : 6 27 0 0 0
BinVal : 6 28 0 0 0
BinVal : 6 29 0 0 0
BinVal : 7 0 0 0 0
BinVal : 7 1 0 0 0
BinVal : 7 2 0 0 0
BinVal : 7 3 0 0 0
BinVal : 7 4 0 0 0
BinVal : 7 5 0 0 0
BinVal : 7 6 0 0 0
BinVal : 7 7 0.777778 0.0461933 0.0461933
BinVal : 7 8 0.963855 0.0204875 0.0204875
BinVal : 7 9 0.858824 0.037768 0.037768
BinVal : 7 10 0.848101 0.040382 0.040382
BinVal : 7 11 0.642857 0.0572703 0.0572703
BinVal : 7 12 0.731707 0.048929 0.048929
BinVal : 7 13 0.721311 0.0405921 0.0405921
BinVal : 7 14 0.627907 0.0425577 0.0425577
BinVal : 7 15 0.807692 0.034566 0.034566
BinVal : 7 16 0.683453 0.0394517 0.0394517
BinVal : 7 17 0.788462 0.0400468 0.0400468
BinVal : 7 18 0.866667 0.0358323 0.0358323
BinVal : 7 19 0.844444 0.0382038 0.0382038
BinVal : 7 20 0.818182 0.043954 0.043954
BinVal : 7 21 0.949367 0.0246672 0.0246672
BinVal : 7 22 0.75 0.0525105 0.0525105
BinVal : 7 23 0 0 0
BinVal : 7 24 0 0 0
BinVal : 7 25 0 0 0
BinVal : 7 26 0 0 0
BinVal : 7 27 0 0 0
BinVal : 7 28 0 0 0
BinVal : 7 29 0 0 0
BinVal : 8 0 0 0 0
BinVal : 8 1 0 0 0
BinVal : 8 2 0 0 0
BinVal : 8 3 0 0 0
BinVal : 8 4 0 0 0
BinVal : 8 5 0 0 0
BinVal : 8 6 0.0138889 0.0137921 0.0137921
BinVal : 8 7 0.742268 0.0444098 0.0444098
BinVal : 8 8 0.957447 0.0169986 0.0169986
BinVal : 8 9 0.820755 0.0372544 0.0372544
BinVal : 8 10 0.911765 0.0280842 0.0280842
BinVal : 8 11 0.938596 0.0224845 0.0224845
BinVal : 8 12 0.896552 0.0282762 0.0282762
BinVal : 8 13 0.84 0.0299333 0.0299333
BinVal : 8 14 0.75625 0.0339426 0.0339426
BinVal : 8 15 0.894737 0.0248922 0.0248922
BinVal : 8 16 0.921569 0.0217352 0.0217352
BinVal : 8 17 0.836207 0.0343618 0.0343618
BinVal : 8 18 0.912621 0.0278246 0.0278246
BinVal : 8 19 0.871287 0.033322 0.033322
BinVal : 8 20 0.804878 0.0357327 0.0357327
BinVal : 8 21 0.929412 0.0277818 0.0277818
BinVal : 8 22 0.691489 0.0476391 0.0476391
BinVal : 8 23 0 0 0
BinVal : 8 24 0 0 0
BinVal : 8 25 0 0 0
BinVal : 8 26 0 0 0
BinVal : 8 27 0 0 0
BinVal : 8 28 0 0 0
BinVal : 8 29 0 0 0
BinVal : 9 0 0 0 0
BinVal : 9 1 0 0 0
BinVal : 9 2 0 0 0
BinVal : 9 3 0 0 0
BinVal : 9 4 0 0 0
BinVal : 9 5 0 0 0
BinVal : 9 6 0 0 0
BinVal : 9 7 0.775 0.0381199 0.0381199
BinVal : 9 8 0.964602 0.017383 0.017383
BinVal : 9 9 0.911765 0.0217539 0.0217539
BinVal : 9 10 0.857143 0.0341494 0.0341494
BinVal : 9 11 0.87395 0.0304258 0.0304258
BinVal : 9 12 0.840491 0.0286791 0.0286791
BinVal : 9 13 0.75 0.0382733 0.0382733
BinVal : 9 14 0.822695 0.032164 0.032164
BinVal : 9 15 0.86755 0.0275858 0.0275858
BinVal : 9 16 0.824427 0.0332406 0.0332406
BinVal : 9 17 0.763158 0.0344838 0.0344838
BinVal : 9 18 0.809524 0.0349824 0.0349824
BinVal : 9 19 0.833333 0.035861 0.035861
BinVal : 9 20 0.962687 0.0163728 0.0163728
BinVal : 9 21 0.766355 0.0409073 0.0409073
BinVal : 9 22 0.770642 0.0402689 0.0402689
BinVal : 9 23 0 0 0
BinVal : 9 24 0 0 0
BinVal : 9 25 0 0 0
BinVal : 9 26 0 0 0
BinVal : 9 27 0 0 0
BinVal : 9 28 0 0 0
BinVal : 9 29 0 0 0
BinVal : 10 0 0 0 0
BinVal : 10 1 0 0 0
BinVal : 10 2 0 0 0
BinVal : 10 3 0 0 0
BinVal : 10 4 0 0 0
BinVal : 10 5 0 0 0
BinVal : 10 6 0 0 0
BinVal : 10 7 0.781818 0.0393791 0.0393791
BinVal : 10 8 0.975207 0.0141359 0.0141359
BinVal : 10 9 0.975 0.0246855 0.0246855
BinVal : 10 10 0.814286 0.0464796 0.0464796
BinVal : 10 11 0.631579 0.110665 0.110665
BinVal : 10 12 0.775701 0.0403245 0.0403245
BinVal : 10 13 0.836207 0.0343618 0.0343618
BinVal : 10 14 0.817391 0.0360269 0.0360269
BinVal : 10 15 0.846154 0.0333561 0.0333561
BinVal : 10 16 0.858491 0.0338538 0.0338538
BinVal : 10 17 0.771429 0.0409793 0.0409793
BinVal : 10 18 0.863636 0.073165 0.073165
BinVal : 10 19 0.857143 0.046761 0.046761
BinVal : 10 20 0.921053 0.0437441 0.0437441
BinVal : 10 21 0.984375 0.0109619 0.0109619
BinVal : 10 22 0.743902 0.0482007 0.0482007
BinVal : 10 23 0 0 0
BinVal : 10 24 0 0 0
BinVal : 10 25 0 0 0
BinVal : 10 26 0 0 0
BinVal : 10 27 0 0 0
BinVal : 10 28 0 0 0
BinVal : 10 29 0 0 0
BinVal : 11 0 0 0 0
BinVal : 11 1 0 0 0
BinVal : 11 2 0 0 0
BinVal : 11 3 0 0 0
BinVal : 11 4 0 0 0
BinVal : 11 5 0 0 0
BinVal : 11 6 0.0153846 0.0152658 0.0152658
BinVal : 11 7 0.853659 0.0390318 0.0390318
BinVal : 11 8 0.970588 0.0167293 0.0167293
BinVal : 11 9 0 0 0
BinVal : 11 10 0 0 0
BinVal : 11 11 0 0 0
BinVal : 11 12 0 0 0
BinVal : 11 13 0 0 0
BinVal : 11 14 0 0 0
BinVal : 11 15 0 0 0
BinVal : 11 16 0 0 0
BinVal : 11 17 0 0 0
BinVal : 11 18 0 0 0
BinVal : 11 19 0 0 0
BinVal : 11 20 0 0 0
BinVal : 11 21 0.959459 0.0229267 0.0229267
BinVal : 11 22 0.794872 0.0457208 0.0457208
BinVal : 11 23 0 0 0
BinVal : 11 24 0 0 0
BinVal : 11 25 0 0 0
BinVal : 11 26 0 0 0
BinVal : 11 27 0 0 0
BinVal : 11 28 0 0 0
BinVal : 11 29 0 0 0
BinVal : 12 0 0 0 0
BinVal : 12 1 0 0 0
BinVal : 12 2 0 0 0
BinVal : 12 3 0 0 0
BinVal : 12 4 0 0 0
BinVal : 12 5 0 0 0
BinVal : 12 6 0 0 0
BinVal : 12 7 0.755556 0.0640644 0.0640644
BinVal : 12 8 0.967213 0.0228006 0.0228006
BinVal : 12 9 0 0 0
BinVal : 12 10 0 0 0
BinVal : 12 11 0 0 0
BinVal : 12 12 0 0 0
BinVal : 12 13 0 0 0
BinVal : 12 14 0 0 0
BinVal : 12 15 0 0 0
BinVal : 12 16 0 0 0
BinVal : 12 17 0 0 0
BinVal : 12 18 0 0 0
BinVal : 12 19 0 0 0
BinVal : 12 20 0 0 0
BinVal : 12 21 0.891892 0.0510487 0.0510487
BinVal : 12 22 0.76087 0.0628917 0.0628917
BinVal : 12 23 0 0 0
BinVal : 12 24 0 0 0
BinVal : 12 25 0 0 0
BinVal : 12 26 0 0 0
BinVal : 12 27 0 0 0
BinVal : 12 28 0 0 0
BinVal : 12 29 0 0 0
BinVal : 13 0 0 0 0
BinVal : 13 1 0 0 0
BinVal : 13 2 0 0 0
BinVal : 13 3 0 0 0
BinVal : 13 4 0 0 0
BinVal : 13 5 0 0 0
BinVal : 13 6 0 0 0
BinVal : 13 7 0.660377 0.0650514 0.0650514
BinVal : 13 8 0.95 0.0281366 0.0281366
BinVal : 13 9 0.857143 0.06613 0.06613
BinVal : 13 10 0.95 0.0344601 0.0344601
BinVal : 13 11 0.923077 0.0739053 0.0739053
BinVal : 13 12 0.901639 0.0381296 0.0381296
BinVal : 13 13 0.929577 0.0303647 0.0303647
BinVal : 13 14 0.946237 0.0233885 0.0233885
BinVal : 13 15 0.830357 0.0354643 0.0354643
BinVal : 13 16 0.904762 0.0320282 0.0320282
BinVal : 13 17 0.759259 0.0581799 0.0581799
BinVal : 13 18 0.714286 0.170747 0.170747
BinVal : 13 19 0.851852 0.0683673 0.0683673
BinVal : 13 20 0.916667 0.0564169 0.0564169
BinVal : 13 21 0.972603 0.0191056 0.0191056
BinVal : 13 22 0.777778 0.056575 0.056575
BinVal : 13 23 0 0 0
BinVal : 13 24 0 0 0
BinVal : 13 25 0 0 0
BinVal : 13 26 0 0 0
BinVal : 13 27 0 0 0
BinVal : 13 28 0 0 0
BinVal : 13 29 0 0 0
BinVal : 14 0 0 0 0
BinVal : 14 1 0 0 0
BinVal : 14 2 0 0 0
BinVal : 14 3 0 0 0
BinVal : 14 4 0 0 0
BinVal : 14 5 0 0 0
BinVal : 14 6 0 0 0
BinVal : 14 7 0.753623 0.0518743 0.0518743
BinVal : 14 8 0.933333 0.0322031 0.0322031
BinVal : 14 9 0.952381 0.0268303 0.0268303
BinVal : 14 10 0.854839 0.0447375 0.0447375
BinVal : 14 11 0.777778 0.0523783 0.0523783
BinVal : 14 12 0.733333 0.0466137 0.0466137
BinVal : 14 13 0.734177 0.049703 0.049703
BinVal : 14 14 0.745283 0.0423191 0.0423191
BinVal : 14 15 0.75 0.0441942 0.0441942
BinVal : 14 16 0.784615 0.0509893 0.0509893
BinVal : 14 17 0.753846 0.0534303 0.0534303
BinVal : 14 18 0.896552 0.0399885 0.0399885
BinVal : 14 19 0.823529 0.0533815 0.0533815
BinVal : 14 20 0.943182 0.0246774 0.0246774
BinVal : 14 21 1 0.00825644 0.00825644
BinVal : 14 22 0.846154 0.0447519 0.0447519
BinVal : 14 23 0 0 0
BinVal : 14 24 0 0 0
BinVal : 14 25 0 0 0
BinVal : 14 26 0 0 0
BinVal : 14 27 0 0 0
BinVal : 14 28 0 0 0
BinVal : 14 29 0 0 0
BinVal : 15 0 0 0 0
BinVal : 15 1 0 0 0
BinVal : 15 2 0 0 0
BinVal : 15 3 0 0 0
BinVal : 15 4 0 0 0
BinVal : 15 5 0 0 0
BinVal : 15 6 0 0 0
BinVal : 15 7 0.78 0.0585833 0.0585833
BinVal : 15 8 0.976744 0.016252 0.016252
BinVal : 15 9 0.869048 0.0368077 0.0368077
BinVal : 15 10 0.886076 0.0357462 0.0357462
BinVal : 15 11 0.87963 0.0313111 0.0313111
BinVal : 15 12 0.833333 0.0392837 0.0392837
BinVal : 15 13 0.709402 0.0419759 0.0419759
BinVal : 15 14 0.726562 0.0393968 0.0393968
BinVal : 15 15 0.676692 0.0405581 0.0405581
BinVal : 15 16 0.711538 0.0444249 0.0444249
BinVal : 15 17 0.908163 0.0291727 0.0291727
BinVal : 15 18 0.910448 0.0348842 0.0348842
BinVal : 15 19 0.888889 0.0427667 0.0427667
BinVal : 15 20 0.688889 0.048799 0.048799
BinVal : 15 21 0.917526 0.0279307 0.0279307
BinVal : 15 22 0.820895 0.0468446 0.0468446
BinVal : 15 23 0 0 0
BinVal : 15 24 0 0 0
BinVal : 15 25 0 0 0
BinVal : 15 26 0 0 0
BinVal : 15 27 0 0 0
BinVal : 15 28 0 0 0
BinVal : 15 29 0 0 0


