Comments : cosmic veto applied 
EffMethod : TagAndProbe 
EffName : eff 
EffType : Binned 
EffVarNames : phi deteta 
EffVersion : 5 
ObjQuality : l2m3 
ObjRelativeTo : loose_l1atxx 
ObjType : Muon 
ObjVersion : 1 
RunRangeHigh : 216000 
RunRangeLow : 160000 
TriggerVersionHigh : 12.99 
TriggerVersionLow : 8 
BinEdgesX : 0 0.19635 0.3927 0.58905 0.7854 0.98175 1.1781 1.37445 1.5708 1.76715 1.9635 2.15985 2.3562 2.55255 2.7489 2.94525 3.1416 3.33795 3.5343 3.73065 3.927 4.12335 4.3197 4.51605 4.7124 4.90875 5.1051 5.30145 5.4978 5.69415 5.8905 6.08685 6.2832 
BinEdgesY : -4.2 -4.00909 -3.81818 -3.62727 -3.43636 -3.24545 -3.05455 -2.86364 -2.67273 -2.48182 -2.29091 -2.1 -1.90909 -1.71818 -1.52727 -1.33636 -1.14545 -0.954545 -0.763636 -0.572727 -0.381818 -0.190909 0 0.190909 0.381818 0.572727 0.763636 0.954545 1.14545 1.33636 1.52727 1.71818 1.90909 2.1 2.29091 2.48182 2.67273 2.86364 3.05455 3.24545 3.43636 3.62727 3.81818 4.00909 4.2 
BinVal : 0 0 0 0 0
BinVal : 0 1 0 0 0
BinVal : 0 2 0 0 0
BinVal : 0 3 0 0 0
BinVal : 0 4 0 0 0
BinVal : 0 5 0 0 0
BinVal : 0 6 0 0 0
BinVal : 0 7 0 0 0
BinVal : 0 8 0 0 0
BinVal : 0 9 0 0 0
BinVal : 0 10 0 0 0
BinVal : 0 11 1 0.0871301 0.0871301
BinVal : 0 12 0.75 0.108253 0.108253
BinVal : 0 13 0.967742 0.0317335 0.0317335
BinVal : 0 14 0.939394 0.041536 0.041536
BinVal : 0 15 0.894737 0.0497845 0.0497845
BinVal : 0 16 0.969697 0.0298404 0.0298404
BinVal : 0 17 0.982759 0.0170921 0.0170921
BinVal : 0 18 0.951219 0.0336412 0.0336412
BinVal : 0 19 0.571429 0.06613 0.06613
BinVal : 0 20 0.826923 0.0524627 0.0524627
BinVal : 0 21 0.941176 0.0285336 0.0285336
BinVal : 0 22 0.947368 0.0295764 0.0295764
BinVal : 0 23 0.912281 0.0374692 0.0374692
BinVal : 0 24 0.844444 0.0540284 0.0540284
BinVal : 0 25 0.95 0.0344601 0.0344601
BinVal : 0 26 0.974359 0.0253102 0.0253102
BinVal : 0 27 0.875 0.0522913 0.0522913
BinVal : 0 28 0.914286 0.0473188 0.0473188
BinVal : 0 29 0.931035 0.0470544 0.0470544
BinVal : 0 30 0.931035 0.0470544 0.0470544
BinVal : 0 31 0.846154 0.0707589 0.0707589
BinVal : 0 32 1 0.102643 0.102643
BinVal : 0 33 0 0 0
BinVal : 0 34 0 0 0
BinVal : 0 35 0 0 0
BinVal : 0 36 0 0 0
BinVal : 0 37 0 0 0
BinVal : 0 38 0 0 0
BinVal : 0 39 0 0 0
BinVal : 0 40 0 0 0
BinVal : 0 41 0 0 0
BinVal : 0 42 0 0 0
BinVal : 0 43 0 0 0
BinVal : 1 0 0 0 0
BinVal : 1 1 0 0 0
BinVal : 1 2 0 0 0
BinVal : 1 3 0 0 0
BinVal : 1 4 0 0 0
BinVal : 1 5 0 0 0
BinVal : 1 6 0 0 0
BinVal : 1 7 0 0 0
BinVal : 1 8 0 0 0
BinVal : 1 9 0 0 0
BinVal : 1 10 0 0 0
BinVal : 1 11 1 0.0599198 0.0599198
BinVal : 1 12 1 0.0224566 0.0224566
BinVal : 1 13 1 0.0152869 0.0152869
BinVal : 1 14 1 0.0152869 0.0152869
BinVal : 1 15 0.954545 0.0314022 0.0314022
BinVal : 1 16 0.978261 0.0215015 0.0215015
BinVal : 1 17 1 0.0123324 0.0123324
BinVal : 1 18 1 0.0107217 0.0107217
BinVal : 1 19 0.703125 0.0571101 0.0571101
BinVal : 1 20 0.84375 0.0453865 0.0453865
BinVal : 1 21 0.964286 0.0247988 0.0247988
BinVal : 1 22 0.961538 0.0217746 0.0217746
BinVal : 1 23 0.926829 0.0287582 0.0287582
BinVal : 1 24 0.813559 0.0507036 0.0507036
BinVal : 1 25 0.969697 0.0298404 0.0298404
BinVal : 1 26 0.981481 0.0183463 0.0183463
BinVal : 1 27 0.931035 0.0332725 0.0332725
BinVal : 1 28 1 0.0113578 0.0113578
BinVal : 1 29 1 0.0171075 0.0171075
BinVal : 1 30 1 0.017632 0.017632
BinVal : 1 31 0.966667 0.0327731 0.0327731
BinVal : 1 32 1 0.0668855 0.0668855
BinVal : 1 33 0 0 0
BinVal : 1 34 0 0 0
BinVal : 1 35 0 0 0
BinVal : 1 36 0 0 0
BinVal : 1 37 0 0 0
BinVal : 1 38 0 0 0
BinVal : 1 39 0 0 0
BinVal : 1 40 0 0 0
BinVal : 1 41 0 0 0
BinVal : 1 42 0 0 0
BinVal : 1 43 0 0 0
BinVal : 2 0 0 0 0
BinVal : 2 1 0 0 0
BinVal : 2 2 0 0 0
BinVal : 2 3 0 0 0
BinVal : 2 4 0 0 0
BinVal : 2 5 0 0 0
BinVal : 2 6 0 0 0
BinVal : 2 7 0 0 0
BinVal : 2 8 0 0 0
BinVal : 2 9 0 0 0
BinVal : 2 10 0 0 0
BinVal : 2 11 1 0.0542655 0.0542655
BinVal : 2 12 1 0.0309157 0.0309157
BinVal : 2 13 1 0.0128865 0.0128865
BinVal : 2 14 0.959184 0.0282664 0.0282664
BinVal : 2 15 1 0.012074 0.012074
BinVal : 2 16 0.979592 0.0201988 0.0201988
BinVal : 2 17 0.976744 0.0229838 0.0229838
BinVal : 2 18 1 0.0118251 0.0118251
BinVal : 2 19 0.823529 0.0533815 0.0533815
BinVal : 2 20 0.868852 0.0432203 0.0432203
BinVal : 2 21 0.983607 0.0162585 0.0162585
BinVal : 2 22 0.968254 0.0220886 0.0220886
BinVal : 2 23 0.709091 0.0612418 0.0612418
BinVal : 2 24 0.952381 0.0328603 0.0328603
BinVal : 2 25 0.958333 0.0288424 0.0288424
BinVal : 2 26 1 0.0166125 0.0166125
BinVal : 2 27 0.948718 0.0353199 0.0353199
BinVal : 2 28 0.982143 0.017697 0.017697
BinVal : 2 29 1 0.012074 0.012074
BinVal : 2 30 1 0.017632 0.017632
BinVal : 2 31 1 0.0346427 0.0346427
BinVal : 2 32 1 0.124824 0.124824
BinVal : 2 33 0 0 0
BinVal : 2 34 0 0 0
BinVal : 2 35 0 0 0
BinVal : 2 36 0 0 0
BinVal : 2 37 0 0 0
BinVal : 2 38 0 0 0
BinVal : 2 39 0 0 0
BinVal : 2 40 0 0 0
BinVal : 2 41 0 0 0
BinVal : 2 42 0 0 0
BinVal : 2 43 0 0 0
BinVal : 3 0 0 0 0
BinVal : 3 1 0 0 0
BinVal : 3 2 0 0 0
BinVal : 3 3 0 0 0
BinVal : 3 4 0 0 0
BinVal : 3 5 0 0 0
BinVal : 3 6 0 0 0
BinVal : 3 7 0 0 0
BinVal : 3 8 0 0 0
BinVal : 3 9 0 0 0
BinVal : 3 10 0 0 0
BinVal : 3 11 0 0 0
BinVal : 3 12 1 0.0495858 0.0495858
BinVal : 3 13 0.823529 0.0924594 0.0924594
BinVal : 3 14 0.939394 0.041536 0.041536
BinVal : 3 15 0.902439 0.0463399 0.0463399
BinVal : 3 16 0.901639 0.0381296 0.0381296
BinVal : 3 17 0.892857 0.0584512 0.0584512
BinVal : 3 18 1 0.0166125 0.0166125
BinVal : 3 19 0.944444 0.0311713 0.0311713
BinVal : 3 20 0.723404 0.0652476 0.0652476
BinVal : 3 21 0.893617 0.0449741 0.0449741
BinVal : 3 22 0.94 0.0335857 0.0335857
BinVal : 3 23 0.779661 0.0539601 0.0539601
BinVal : 3 24 0.96875 0.0307578 0.0307578
BinVal : 3 25 0.970588 0.028976 0.028976
BinVal : 3 26 1 0.018786 0.018786
BinVal : 3 27 0.966667 0.0327731 0.0327731
BinVal : 3 28 0.974359 0.0253102 0.0253102
BinVal : 3 29 0.896552 0.0565523 0.0565523
BinVal : 3 30 0.75 0.0968246 0.0968246
BinVal : 3 31 1 0.0422902 0.0422902
BinVal : 3 32 0 0 0
BinVal : 3 33 0 0 0
BinVal : 3 34 0 0 0
BinVal : 3 35 0 0 0
BinVal : 3 36 0 0 0
BinVal : 3 37 0 0 0
BinVal : 3 38 0 0 0
BinVal : 3 39 0 0 0
BinVal : 3 40 0 0 0
BinVal : 3 41 0 0 0
BinVal : 3 42 0 0 0
BinVal : 3 43 0 0 0
BinVal : 4 0 0 0 0
BinVal : 4 1 0 0 0
BinVal : 4 2 0 0 0
BinVal : 4 3 0 0 0
BinVal : 4 4 0 0 0
BinVal : 4 5 0 0 0
BinVal : 4 6 0 0 0
BinVal : 4 7 0 0 0
BinVal : 4 8 0 0 0
BinVal : 4 9 0 0 0
BinVal : 4 10 0 0 0
BinVal : 4 11 0 0 0
BinVal : 4 12 1 0.0756803 0.0756803
BinVal : 4 13 0.714286 0.170747 0.170747
BinVal : 4 14 0.933333 0.0644061 0.0644061
BinVal : 4 15 0.954545 0.0444095 0.0444095
BinVal : 4 16 0.942857 0.0392347 0.0392347
BinVal : 4 17 0.875 0.0675077 0.0675077
BinVal : 4 18 0.96875 0.0307578 0.0307578
BinVal : 4 19 1 0.0194201 0.0194201
BinVal : 4 20 0.863636 0.0517355 0.0517355
BinVal : 4 21 0.972222 0.0273893 0.0273893
BinVal : 4 22 1 0.0138164 0.0138164
BinVal : 4 23 0.833333 0.0680414 0.0680414
BinVal : 4 24 0.969697 0.0298404 0.0298404
BinVal : 4 25 0.914286 0.0473188 0.0473188
BinVal : 4 26 0.827586 0.0701445 0.0701445
BinVal : 4 27 1 0.0208287 0.0208287
BinVal : 4 28 0.916667 0.0460642 0.0460642
BinVal : 4 29 0.809524 0.0856891 0.0856891
BinVal : 4 30 0.642857 0.12806 0.12806
BinVal : 4 31 0.6 0.219089 0.219089
BinVal : 4 32 0 0 0
BinVal : 4 33 0 0 0
BinVal : 4 34 0 0 0
BinVal : 4 35 0 0 0
BinVal : 4 36 0 0 0
BinVal : 4 37 0 0 0
BinVal : 4 38 0 0 0
BinVal : 4 39 0 0 0
BinVal : 4 40 0 0 0
BinVal : 4 41 0 0 0
BinVal : 4 42 0 0 0
BinVal : 4 43 0 0 0
BinVal : 5 0 0 0 0
BinVal : 5 1 0 0 0
BinVal : 5 2 0 0 0
BinVal : 5 3 0 0 0
BinVal : 5 4 0 0 0
BinVal : 5 5 0 0 0
BinVal : 5 6 0 0 0
BinVal : 5 7 0 0 0
BinVal : 5 8 0 0 0
BinVal : 5 9 0 0 0
BinVal : 5 10 0 0 0
BinVal : 5 11 1 0.124824 0.124824
BinVal : 5 12 1 0.0422902 0.0422902
BinVal : 5 13 1 0.0456491 0.0456491
BinVal : 5 14 1 0.0194201 0.0194201
BinVal : 5 15 1 0.0224566 0.0224566
BinVal : 5 16 1 0.0141568 0.0141568
BinVal : 5 17 0.857143 0.0763604 0.0763604
BinVal : 5 18 1 0.0134912 0.0134912
BinVal : 5 19 0.926829 0.0406702 0.0406702
BinVal : 5 20 0.891892 0.0510487 0.0510487
BinVal : 5 21 1 0.0152869 0.0152869
BinVal : 5 22 0.97561 0.024091 0.024091
BinVal : 5 23 0.777778 0.06929 0.06929
BinVal : 5 24 0.972222 0.0273893 0.0273893
BinVal : 5 25 0.96875 0.0307578 0.0307578
BinVal : 5 26 0.903226 0.0531003 0.0531003
BinVal : 5 27 0.90625 0.051527 0.051527
BinVal : 5 28 1 0.0145144 0.0145144
BinVal : 5 29 1 0.0201001 0.0201001
BinVal : 5 30 0.954545 0.0444095 0.0444095
BinVal : 5 31 1 0.0871301 0.0871301
BinVal : 5 32 0 0 0
BinVal : 5 33 0 0 0
BinVal : 5 34 0 0 0
BinVal : 5 35 0 0 0
BinVal : 5 36 0 0 0
BinVal : 5 37 0 0 0
BinVal : 5 38 0 0 0
BinVal : 5 39 0 0 0
BinVal : 5 40 0 0 0
BinVal : 5 41 0 0 0
BinVal : 5 42 0 0 0
BinVal : 5 43 0 0 0
BinVal : 6 0 0 0 0
BinVal : 6 1 0 0 0
BinVal : 6 2 0 0 0
BinVal : 6 3 0 0 0
BinVal : 6 4 0 0 0
BinVal : 6 5 0 0 0
BinVal : 6 6 0 0 0
BinVal : 6 7 0 0 0
BinVal : 6 8 0 0 0
BinVal : 6 9 0 0 0
BinVal : 6 10 0 0 0
BinVal : 6 11 1 0.102643 0.102643
BinVal : 6 12 1 0.0756803 0.0756803
BinVal : 6 13 1 0.0266185 0.0266185
BinVal : 6 14 1 0.0309157 0.0309157
BinVal : 6 15 0.944444 0.0539903 0.0539903
BinVal : 6 16 0.944444 0.0539903 0.0539903
BinVal : 6 17 1 0.0422902 0.0422902
BinVal : 6 18 1 0.0326734 0.0326734
BinVal : 6 19 1 0.0279117 0.0279117
BinVal : 6 20 1 0.0368657 0.0368657
BinVal : 6 21 1 0.0279117 0.0279117
BinVal : 6 22 1 0.0326734 0.0326734
BinVal : 6 23 0.869565 0.0702237 0.0702237
BinVal : 6 24 0.823529 0.0924594 0.0924594
BinVal : 6 25 1 0.0309157 0.0309157
BinVal : 6 26 0.875 0.0826797 0.0826797
BinVal : 6 27 0.8 0.126491 0.126491
BinVal : 6 28 0.928571 0.0688303 0.0688303
BinVal : 6 29 1 0.0368657 0.0368657
BinVal : 6 30 1 0.0668855 0.0668855
BinVal : 6 31 1 0.0756803 0.0756803
BinVal : 6 32 1 0.0599198 0.0599198
BinVal : 6 33 0 0 0
BinVal : 6 34 0 0 0
BinVal : 6 35 0 0 0
BinVal : 6 36 0 0 0
BinVal : 6 37 0 0 0
BinVal : 6 38 0 0 0
BinVal : 6 39 0 0 0
BinVal : 6 40 0 0 0
BinVal : 6 41 0 0 0
BinVal : 6 42 0 0 0
BinVal : 6 43 0 0 0
BinVal : 7 0 0 0 0
BinVal : 7 1 0 0 0
BinVal : 7 2 0 0 0
BinVal : 7 3 0 0 0
BinVal : 7 4 0 0 0
BinVal : 7 5 0 0 0
BinVal : 7 6 0 0 0
BinVal : 7 7 0 0 0
BinVal : 7 8 0 0 0
BinVal : 7 9 0 0 0
BinVal : 7 10 0 0 0
BinVal : 7 11 0 0 0
BinVal : 7 12 1 0.102643 0.102643
BinVal : 7 13 0.8 0.178885 0.178885
BinVal : 7 14 0.875 0.116927 0.116927
BinVal : 7 15 0.916667 0.0797856 0.0797856
BinVal : 7 16 0.857143 0.13226 0.13226
BinVal : 7 17 1 0.0456491 0.0456491
BinVal : 7 18 1 0.0495858 0.0495858
BinVal : 7 19 0.733333 0.11418 0.11418
BinVal : 7 20 1 0.0495858 0.0495858
BinVal : 7 21 0.944444 0.0539903 0.0539903
BinVal : 7 22 1 0.0326734 0.0326734
BinVal : 7 23 0.875 0.116927 0.116927
BinVal : 7 24 0.555556 0.165635 0.165635
BinVal : 7 25 0.909091 0.0866784 0.0866784
BinVal : 7 26 0.888889 0.104757 0.104757
BinVal : 7 27 1 0.0668855 0.0668855
BinVal : 7 28 1 0.0756803 0.0756803
BinVal : 7 29 1 0.0668855 0.0668855
BinVal : 7 30 1 0.0668855 0.0668855
BinVal : 7 31 1 0.218486 0.218486
BinVal : 7 32 1 0.218486 0.218486
BinVal : 7 33 0 0 0
BinVal : 7 34 0 0 0
BinVal : 7 35 0 0 0
BinVal : 7 36 0 0 0
BinVal : 7 37 0 0 0
BinVal : 7 38 0 0 0
BinVal : 7 39 0 0 0
BinVal : 7 40 0 0 0
BinVal : 7 41 0 0 0
BinVal : 7 42 0 0 0
BinVal : 7 43 0 0 0
BinVal : 8 0 0 0 0
BinVal : 8 1 0 0 0
BinVal : 8 2 0 0 0
BinVal : 8 3 0 0 0
BinVal : 8 4 0 0 0
BinVal : 8 5 0 0 0
BinVal : 8 6 0 0 0
BinVal : 8 7 0 0 0
BinVal : 8 8 0 0 0
BinVal : 8 9 0 0 0
BinVal : 8 10 0 0 0
BinVal : 8 11 1 0.218486 0.218486
BinVal : 8 12 0.857143 0.13226 0.13226
BinVal : 8 13 1 0.0668855 0.0668855
BinVal : 8 14 1 0.0422902 0.0422902
BinVal : 8 15 0.916667 0.0797856 0.0797856
BinVal : 8 16 1 0.0456491 0.0456491
BinVal : 8 17 1 0.0668855 0.0668855
BinVal : 8 18 1 0.0599198 0.0599198
BinVal : 8 19 0.866667 0.0877707 0.0877707
BinVal : 8 20 0.818182 0.116291 0.116291
BinVal : 8 21 0.9375 0.0605154 0.0605154
BinVal : 8 22 0.733333 0.11418 0.11418
BinVal : 8 23 0.6 0.126491 0.126491
BinVal : 8 24 0.882353 0.0781425 0.0781425
BinVal : 8 25 1 0.0871301 0.0871301
BinVal : 8 26 1 0.0599198 0.0599198
BinVal : 8 27 1 0.0871301 0.0871301
BinVal : 8 28 0.933333 0.0644061 0.0644061
BinVal : 8 29 0.777778 0.13858 0.13858
BinVal : 8 30 0.818182 0.116291 0.116291
BinVal : 8 31 1 0.0495858 0.0495858
BinVal : 8 32 1 0.218486 0.218486
BinVal : 8 33 0 0 0
BinVal : 8 34 0 0 0
BinVal : 8 35 0 0 0
BinVal : 8 36 0 0 0
BinVal : 8 37 0 0 0
BinVal : 8 38 0 0 0
BinVal : 8 39 0 0 0
BinVal : 8 40 0 0 0
BinVal : 8 41 0 0 0
BinVal : 8 42 0 0 0
BinVal : 8 43 0 0 0
BinVal : 9 0 0 0 0
BinVal : 9 1 0 0 0
BinVal : 9 2 0 0 0
BinVal : 9 3 0 0 0
BinVal : 9 4 0 0 0
BinVal : 9 5 0 0 0
BinVal : 9 6 0 0 0
BinVal : 9 7 0 0 0
BinVal : 9 8 0 0 0
BinVal : 9 9 0 0 0
BinVal : 9 10 0 0 0
BinVal : 9 11 1 0.124824 0.124824
BinVal : 9 12 1 0.0668855 0.0668855
BinVal : 9 13 1 0.0422902 0.0422902
BinVal : 9 14 0.941176 0.0570672 0.0570672
BinVal : 9 15 1 0.0368657 0.0368657
BinVal : 9 16 1 0.0456491 0.0456491
BinVal : 9 17 1 0.0216126 0.0216126
BinVal : 9 18 1 0.0599198 0.0599198
BinVal : 9 19 0.857143 0.093522 0.093522
BinVal : 9 20 1 0.0233703 0.0233703
BinVal : 9 21 1 0.0216126 0.0216126
BinVal : 9 22 0.947368 0.0512278 0.0512278
BinVal : 9 23 0.8125 0.0975781 0.0975781
BinVal : 9 24 0.884615 0.0626563 0.0626563
BinVal : 9 25 0.916667 0.0797856 0.0797856
BinVal : 9 26 0.947368 0.0512278 0.0512278
BinVal : 9 27 0.9375 0.0605154 0.0605154
BinVal : 9 28 1 0.0422902 0.0422902
BinVal : 9 29 1 0.0542655 0.0542655
BinVal : 9 30 1 0.0309157 0.0309157
BinVal : 9 31 1 0.0495858 0.0495858
BinVal : 9 32 1 0.0756803 0.0756803
BinVal : 9 33 0 0 0
BinVal : 9 34 0 0 0
BinVal : 9 35 0 0 0
BinVal : 9 36 0 0 0
BinVal : 9 37 0 0 0
BinVal : 9 38 0 0 0
BinVal : 9 39 0 0 0
BinVal : 9 40 0 0 0
BinVal : 9 41 0 0 0
BinVal : 9 42 0 0 0
BinVal : 9 43 0 0 0
BinVal : 10 0 0 0 0
BinVal : 10 1 0 0 0
BinVal : 10 2 0 0 0
BinVal : 10 3 0 0 0
BinVal : 10 4 0 0 0
BinVal : 10 5 0 0 0
BinVal : 10 6 0 0 0
BinVal : 10 7 0 0 0
BinVal : 10 8 0 0 0
BinVal : 10 9 0 0 0
BinVal : 10 10 0 0 0
BinVal : 10 11 1 0.0871301 0.0871301
BinVal : 10 12 1 0.0495858 0.0495858
BinVal : 10 13 1 0.0293374 0.0293374
BinVal : 10 14 1 0.0224566 0.0224566
BinVal : 10 15 1 0.0266185 0.0266185
BinVal : 10 16 1 0.0161462 0.0161462
BinVal : 10 17 1 0.0309157 0.0309157
BinVal : 10 18 0.818182 0.0822304 0.0822304
BinVal : 10 19 0.96875 0.0307578 0.0307578
BinVal : 10 20 0.864865 0.0562027 0.0562027
BinVal : 10 21 1 0.0166125 0.0166125
BinVal : 10 22 0.857143 0.0499896 0.0499896
BinVal : 10 23 0.451613 0.0893812 0.0893812
BinVal : 10 24 0.972973 0.0266593 0.0266593
BinVal : 10 25 0.769231 0.0826286 0.0826286
BinVal : 10 26 0.916667 0.0564169 0.0564169
BinVal : 10 27 0.923077 0.0522589 0.0522589
BinVal : 10 28 1 0.0194201 0.0194201
BinVal : 10 29 1 0.017632 0.017632
BinVal : 10 30 1 0.0326734 0.0326734
BinVal : 10 31 1 0.0368657 0.0368657
BinVal : 10 32 1 0.159077 0.159077
BinVal : 10 33 0 0 0
BinVal : 10 34 0 0 0
BinVal : 10 35 0 0 0
BinVal : 10 36 0 0 0
BinVal : 10 37 0 0 0
BinVal : 10 38 0 0 0
BinVal : 10 39 0 0 0
BinVal : 10 40 0 0 0
BinVal : 10 41 0 0 0
BinVal : 10 42 0 0 0
BinVal : 10 43 0 0 0
BinVal : 11 0 0 0 0
BinVal : 11 1 0 0 0
BinVal : 11 2 0 0 0
BinVal : 11 3 0 0 0
BinVal : 11 4 0 0 0
BinVal : 11 5 0 0 0
BinVal : 11 6 0 0 0
BinVal : 11 7 0 0 0
BinVal : 11 8 0 0 0
BinVal : 11 9 0 0 0
BinVal : 11 10 0 0 0
BinVal : 11 11 0 0 0
BinVal : 11 12 0.833333 0.152145 0.152145
BinVal : 11 13 0.857143 0.0763604 0.0763604
BinVal : 11 14 0.833333 0.0760726 0.0760726
BinVal : 11 15 0.972222 0.0273893 0.0273893
BinVal : 11 16 0.951219 0.0336412 0.0336412
BinVal : 11 17 0.892857 0.0584512 0.0584512
BinVal : 11 18 0.935484 0.0441237 0.0441237
BinVal : 11 19 0.962963 0.0363447 0.0363447
BinVal : 11 20 0.758621 0.0794627 0.0794627
BinVal : 11 21 0.97619 0.0235244 0.0235244
BinVal : 11 22 0.78125 0.0730792 0.0730792
BinVal : 11 23 0.487805 0.0780637 0.0780637
BinVal : 11 24 0.96875 0.0307578 0.0307578
BinVal : 11 25 0.852941 0.0607387 0.0607387
BinVal : 11 26 0.962963 0.0363447 0.0363447
BinVal : 11 27 0.916667 0.0460642 0.0460642
BinVal : 11 28 1 0.0201001 0.0201001
BinVal : 11 29 1 0.0293374 0.0293374
BinVal : 11 30 0.933333 0.0644061 0.0644061
BinVal : 11 31 0.916667 0.0797856 0.0797856
BinVal : 11 32 0 0 0
BinVal : 11 33 0 0 0
BinVal : 11 34 0 0 0
BinVal : 11 35 0 0 0
BinVal : 11 36 0 0 0
BinVal : 11 37 0 0 0
BinVal : 11 38 0 0 0
BinVal : 11 39 0 0 0
BinVal : 11 40 0 0 0
BinVal : 11 41 0 0 0
BinVal : 11 42 0 0 0
BinVal : 11 43 0 0 0
BinVal : 12 0 0 0 0
BinVal : 12 1 0 0 0
BinVal : 12 2 0 0 0
BinVal : 12 3 0 0 0
BinVal : 12 4 0 0 0
BinVal : 12 5 0 0 0
BinVal : 12 6 0 0 0
BinVal : 12 7 0 0 0
BinVal : 12 8 0 0 0
BinVal : 12 9 0 0 0
BinVal : 12 10 0 0 0
BinVal : 12 11 0 0 0
BinVal : 12 12 0.9 0.0948683 0.0948683
BinVal : 12 13 0.857143 0.0763604 0.0763604
BinVal : 12 14 0.904762 0.0640564 0.0640564
BinVal : 12 15 0.875 0.0584634 0.0584634
BinVal : 12 16 0.954545 0.0314022 0.0314022
BinVal : 12 17 0.888889 0.0740741 0.0740741
BinVal : 12 18 0.666667 0.102869 0.102869
BinVal : 12 19 0.88 0.0649923 0.0649923
BinVal : 12 20 0.820513 0.0614507 0.0614507
BinVal : 12 21 1 0.0109258 0.0109258
BinVal : 12 22 0.975 0.0246855 0.0246855
BinVal : 12 23 0.846154 0.0577744 0.0577744
BinVal : 12 24 0.941176 0.0403526 0.0403526
BinVal : 12 25 0.880952 0.0499703 0.0499703
BinVal : 12 26 0.842105 0.0836547 0.0836547
BinVal : 12 27 0.971429 0.0281603 0.0281603
BinVal : 12 28 0.933333 0.045542 0.045542
BinVal : 12 29 0.714286 0.0853735 0.0853735
BinVal : 12 30 0.842105 0.0836547 0.0836547
BinVal : 12 31 0.8 0.126491 0.126491
BinVal : 12 32 0 0 0
BinVal : 12 33 0 0 0
BinVal : 12 34 0 0 0
BinVal : 12 35 0 0 0
BinVal : 12 36 0 0 0
BinVal : 12 37 0 0 0
BinVal : 12 38 0 0 0
BinVal : 12 39 0 0 0
BinVal : 12 40 0 0 0
BinVal : 12 41 0 0 0
BinVal : 12 42 0 0 0
BinVal : 12 43 0 0 0
BinVal : 13 0 0 0 0
BinVal : 13 1 0 0 0
BinVal : 13 2 0 0 0
BinVal : 13 3 0 0 0
BinVal : 13 4 0 0 0
BinVal : 13 5 0 0 0
BinVal : 13 6 0 0 0
BinVal : 13 7 0 0 0
BinVal : 13 8 0 0 0
BinVal : 13 9 0 0 0
BinVal : 13 10 0 0 0
BinVal : 13 11 1 0.218486 0.218486
BinVal : 13 12 1 0.039392 0.039392
BinVal : 13 13 1 0.0194201 0.0194201
BinVal : 13 14 1 0.017632 0.017632
BinVal : 13 15 1 0.0128865 0.0128865
BinVal : 13 16 1 0.00997686 0.00997686
BinVal : 13 17 0.74359 0.0699201 0.0699201
BinVal : 13 18 0.85 0.0564579 0.0564579
BinVal : 13 19 0.954545 0.0314022 0.0314022
BinVal : 13 20 0.883333 0.0414438 0.0414438
BinVal : 13 21 1 0.0118251 0.0118251
BinVal : 13 22 1 0.00903559 0.00903559
BinVal : 13 23 0.87931 0.0427752 0.0427752
BinVal : 13 24 0.959184 0.0282664 0.0282664
BinVal : 13 25 0.938776 0.0342488 0.0342488
BinVal : 13 26 0.97561 0.024091 0.024091
BinVal : 13 27 0.933333 0.0322031 0.0322031
BinVal : 13 28 0.978261 0.0215015 0.0215015
BinVal : 13 29 0.97619 0.0235244 0.0235244
BinVal : 13 30 1 0.0216126 0.0216126
BinVal : 13 31 0.933333 0.0644061 0.0644061
BinVal : 13 32 1 0.124824 0.124824
BinVal : 13 33 0 0 0
BinVal : 13 34 0 0 0
BinVal : 13 35 0 0 0
BinVal : 13 36 0 0 0
BinVal : 13 37 0 0 0
BinVal : 13 38 0 0 0
BinVal : 13 39 0 0 0
BinVal : 13 40 0 0 0
BinVal : 13 41 0 0 0
BinVal : 13 42 0 0 0
BinVal : 13 43 0 0 0
BinVal : 14 0 0 0 0
BinVal : 14 1 0 0 0
BinVal : 14 2 0 0 0
BinVal : 14 3 0 0 0
BinVal : 14 4 0 0 0
BinVal : 14 5 0 0 0
BinVal : 14 6 0 0 0
BinVal : 14 7 0 0 0
BinVal : 14 8 0 0 0
BinVal : 14 9 0 0 0
BinVal : 14 10 0 0 0
BinVal : 14 11 1 0.159077 0.159077
BinVal : 14 12 1 0.0224566 0.0224566
BinVal : 14 13 0.958333 0.0407894 0.0407894
BinVal : 14 14 1 0.018786 0.018786
BinVal : 14 15 0.977778 0.0219739 0.0219739
BinVal : 14 16 0.939394 0.041536 0.041536
BinVal : 14 17 0.675676 0.0769588 0.0769588
BinVal : 14 18 0.948718 0.0353199 0.0353199
BinVal : 14 19 0.890909 0.0420368 0.0420368
BinVal : 14 20 0.979167 0.0206152 0.0206152
BinVal : 14 21 1 0.00862837 0.00862837
BinVal : 14 22 1 0.00712919 0.00712919
BinVal : 14 23 0.951613 0.027252 0.027252
BinVal : 14 24 0.842105 0.048298 0.048298
BinVal : 14 25 0.924528 0.0362839 0.0362839
BinVal : 14 26 0.979167 0.0206152 0.0206152
BinVal : 14 27 0.914286 0.0473188 0.0473188
BinVal : 14 28 1 0.0118251 0.0118251
BinVal : 14 29 1 0.0131822 0.0131822
BinVal : 14 30 0.972222 0.0273893 0.0273893
BinVal : 14 31 0.961538 0.0377146 0.0377146
BinVal : 14 32 1 0.0495858 0.0495858
BinVal : 14 33 0 0 0
BinVal : 14 34 0 0 0
BinVal : 14 35 0 0 0
BinVal : 14 36 0 0 0
BinVal : 14 37 0 0 0
BinVal : 14 38 0 0 0
BinVal : 14 39 0 0 0
BinVal : 14 40 0 0 0
BinVal : 14 41 0 0 0
BinVal : 14 42 0 0 0
BinVal : 14 43 0 0 0
BinVal : 15 0 0 0 0
BinVal : 15 1 0 0 0
BinVal : 15 2 0 0 0
BinVal : 15 3 0 0 0
BinVal : 15 4 0 0 0
BinVal : 15 5 0 0 0
BinVal : 15 6 0 0 0
BinVal : 15 7 0 0 0
BinVal : 15 8 0 0 0
BinVal : 15 9 0 0 0
BinVal : 15 10 0 0 0
BinVal : 15 11 1 0.0542655 0.0542655
BinVal : 15 12 0.888889 0.0740741 0.0740741
BinVal : 15 13 0.866667 0.0620633 0.0620633
BinVal : 15 14 0.972222 0.0273893 0.0273893
BinVal : 15 15 0.902439 0.0463399 0.0463399
BinVal : 15 16 0.821429 0.0723789 0.0723789
BinVal : 15 17 0.711538 0.0628263 0.0628263
BinVal : 15 18 0.875 0.0584634 0.0584634
BinVal : 15 19 0.8 0.053936 0.053936
BinVal : 15 20 0.946429 0.0300896 0.0300896
BinVal : 15 21 0.982143 0.017697 0.017697
BinVal : 15 22 0.9875 0.0124216 0.0124216
BinVal : 15 23 0.956522 0.030068 0.030068
BinVal : 15 24 0.819672 0.0492251 0.0492251
BinVal : 15 25 0.9375 0.0427908 0.0427908
BinVal : 15 26 1 0.0109258 0.0109258
BinVal : 15 27 0.931035 0.0470544 0.0470544
BinVal : 15 28 0.973684 0.0259672 0.0259672
BinVal : 15 29 0.970588 0.028976 0.028976
BinVal : 15 30 0.761905 0.0929429 0.0929429
BinVal : 15 31 0.8 0.0894427 0.0894427
BinVal : 15 32 0.888889 0.104757 0.104757
BinVal : 15 33 0 0 0
BinVal : 15 34 0 0 0
BinVal : 15 35 0 0 0
BinVal : 15 36 0 0 0
BinVal : 15 37 0 0 0
BinVal : 15 38 0 0 0
BinVal : 15 39 0 0 0
BinVal : 15 40 0 0 0
BinVal : 15 41 0 0 0
BinVal : 15 42 0 0 0
BinVal : 15 43 0 0 0
BinVal : 16 0 0 0 0
BinVal : 16 1 0 0 0
BinVal : 16 2 0 0 0
BinVal : 16 3 0 0 0
BinVal : 16 4 0 0 0
BinVal : 16 5 0 0 0
BinVal : 16 6 0 0 0
BinVal : 16 7 0 0 0
BinVal : 16 8 0 0 0
BinVal : 16 9 0 0 0
BinVal : 16 10 0 0 0
BinVal : 16 11 1 0.0495858 0.0495858
BinVal : 16 12 0.76 0.0854166 0.0854166
BinVal : 16 13 0.964286 0.0350707 0.0350707
BinVal : 16 14 0.897436 0.0485811 0.0485811
BinVal : 16 15 0.886792 0.0435222 0.0435222
BinVal : 16 16 0.863636 0.073165 0.073165
BinVal : 16 17 0.723404 0.0652476 0.0652476
BinVal : 16 18 0.942857 0.0392347 0.0392347
BinVal : 16 19 0.806452 0.0501751 0.0501751
BinVal : 16 20 0.981132 0.0186891 0.0186891
BinVal : 16 21 0.984127 0.0157465 0.0157465
BinVal : 16 22 0.971831 0.019636 0.019636
BinVal : 16 23 0.982143 0.017697 0.017697
BinVal : 16 24 0.88 0.0459565 0.0459565
BinVal : 16 25 0.933333 0.0371849 0.0371849
BinVal : 16 26 0.927273 0.0350164 0.0350164
BinVal : 16 27 0.903226 0.0531003 0.0531003
BinVal : 16 28 0.930233 0.0388497 0.0388497
BinVal : 16 29 0.894737 0.0497845 0.0497845
BinVal : 16 30 0.857143 0.0763604 0.0763604
BinVal : 16 31 0.833333 0.0680414 0.0680414
BinVal : 16 32 0.777778 0.13858 0.13858
BinVal : 16 33 0 0 0
BinVal : 16 34 0 0 0
BinVal : 16 35 0 0 0
BinVal : 16 36 0 0 0
BinVal : 16 37 0 0 0
BinVal : 16 38 0 0 0
BinVal : 16 39 0 0 0
BinVal : 16 40 0 0 0
BinVal : 16 41 0 0 0
BinVal : 16 42 0 0 0
BinVal : 16 43 0 0 0
BinVal : 17 0 0 0 0
BinVal : 17 1 0 0 0
BinVal : 17 2 0 0 0
BinVal : 17 3 0 0 0
BinVal : 17 4 0 0 0
BinVal : 17 5 0 0 0
BinVal : 17 6 0 0 0
BinVal : 17 7 0 0 0
BinVal : 17 8 0 0 0
BinVal : 17 9 0 0 0
BinVal : 17 10 0 0 0
BinVal : 17 11 1 0.039392 0.039392
BinVal : 17 12 1 0.0201001 0.0201001
BinVal : 17 13 1 0.0148902 0.0148902
BinVal : 17 14 1 0.012074 0.012074
BinVal : 17 15 0.981132 0.0186891 0.0186891
BinVal : 17 16 1 0.0157046 0.0157046
BinVal : 17 17 0.75 0.0600481 0.0600481
BinVal : 17 18 0.866667 0.0620633 0.0620633
BinVal : 17 19 0.80303 0.0489546 0.0489546
BinVal : 17 20 1 0.00850058 0.00850058
BinVal : 17 21 1 0.00731039 0.00731039
BinVal : 17 22 1 0.00731039 0.00731039
BinVal : 17 23 0.943662 0.027364 0.027364
BinVal : 17 24 0.822581 0.048517 0.048517
BinVal : 17 25 0.894737 0.0497845 0.0497845
BinVal : 17 26 0.956522 0.030068 0.030068
BinVal : 17 27 0.869565 0.0496557 0.0496557
BinVal : 17 28 1 0.0118251 0.0118251
BinVal : 17 29 1 0.0138164 0.0138164
BinVal : 17 30 1 0.0181909 0.0181909
BinVal : 17 31 1 0.0181909 0.0181909
BinVal : 17 32 1 0.0542655 0.0542655
BinVal : 17 33 0 0 0
BinVal : 17 34 0 0 0
BinVal : 17 35 0 0 0
BinVal : 17 36 0 0 0
BinVal : 17 37 0 0 0
BinVal : 17 38 0 0 0
BinVal : 17 39 0 0 0
BinVal : 17 40 0 0 0
BinVal : 17 41 0 0 0
BinVal : 17 42 0 0 0
BinVal : 17 43 0 0 0
BinVal : 18 0 0 0 0
BinVal : 18 1 0 0 0
BinVal : 18 2 0 0 0
BinVal : 18 3 0 0 0
BinVal : 18 4 0 0 0
BinVal : 18 5 0 0 0
BinVal : 18 6 0 0 0
BinVal : 18 7 0 0 0
BinVal : 18 8 0 0 0
BinVal : 18 9 0 0 0
BinVal : 18 10 0 0 0
BinVal : 18 11 1 0.124824 0.124824
BinVal : 18 12 1 0.0368657 0.0368657
BinVal : 18 13 1 0.017632 0.017632
BinVal : 18 14 0.979167 0.0206152 0.0206152
BinVal : 18 15 0.980769 0.019045 0.019045
BinVal : 18 16 1 0.0107217 0.0107217
BinVal : 18 17 0.840909 0.0551405 0.0551405
BinVal : 18 18 0.860465 0.0528413 0.0528413
BinVal : 18 19 0.960784 0.0271805 0.0271805
BinVal : 18 20 0.890625 0.0390136 0.0390136
BinVal : 18 21 0.982456 0.0173893 0.0173893
BinVal : 18 22 1 0.00802565 0.00802565
BinVal : 18 23 0.871429 0.0400073 0.0400073
BinVal : 18 24 0.910714 0.0381055 0.0381055
BinVal : 18 25 0.894737 0.0406489 0.0406489
BinVal : 18 26 0.957447 0.0294425 0.0294425
BinVal : 18 27 0.975 0.0246855 0.0246855
BinVal : 18 28 1 0.0101533 0.0101533
BinVal : 18 29 0.973684 0.0259672 0.0259672
BinVal : 18 30 1 0.017632 0.017632
BinVal : 18 31 1 0.0157046 0.0157046
BinVal : 18 32 1 0.124824 0.124824
BinVal : 18 33 0 0 0
BinVal : 18 34 0 0 0
BinVal : 18 35 0 0 0
BinVal : 18 36 0 0 0
BinVal : 18 37 0 0 0
BinVal : 18 38 0 0 0
BinVal : 18 39 0 0 0
BinVal : 18 40 0 0 0
BinVal : 18 41 0 0 0
BinVal : 18 42 0 0 0
BinVal : 18 43 0 0 0
BinVal : 19 0 0 0 0
BinVal : 19 1 0 0 0
BinVal : 19 2 0 0 0
BinVal : 19 3 0 0 0
BinVal : 19 4 0 0 0
BinVal : 19 5 0 0 0
BinVal : 19 6 0 0 0
BinVal : 19 7 0 0 0
BinVal : 19 8 0 0 0
BinVal : 19 9 0 0 0
BinVal : 19 10 0 0 0
BinVal : 19 11 0 0 0
BinVal : 19 12 0.947368 0.0512278 0.0512278
BinVal : 19 13 0.878788 0.0568144 0.0568144
BinVal : 19 14 0.875 0.0675077 0.0675077
BinVal : 19 15 0.930233 0.0388497 0.0388497
BinVal : 19 16 0.882353 0.0552551 0.0552551
BinVal : 19 17 0.694444 0.0767737 0.0767737
BinVal : 19 18 0.735294 0.0756611 0.0756611
BinVal : 19 19 0.880952 0.0499703 0.0499703
BinVal : 19 20 0.909091 0.0612909 0.0612909
BinVal : 19 21 0.925 0.0416458 0.0416458
BinVal : 19 22 1 0.0141568 0.0141568
BinVal : 19 23 0.717949 0.0720574 0.0720574
BinVal : 19 24 0.918919 0.0448743 0.0448743
BinVal : 19 25 0.851852 0.0683673 0.0683673
BinVal : 19 26 0.897436 0.0485811 0.0485811
BinVal : 19 27 0.904762 0.0452948 0.0452948
BinVal : 19 28 0.961538 0.0266683 0.0266683
BinVal : 19 29 0.815789 0.0628861 0.0628861
BinVal : 19 30 0.826087 0.0790342 0.0790342
BinVal : 19 31 0.818182 0.116291 0.116291
BinVal : 19 32 0 0 0
BinVal : 19 33 0 0 0
BinVal : 19 34 0 0 0
BinVal : 19 35 0 0 0
BinVal : 19 36 0 0 0
BinVal : 19 37 0 0 0
BinVal : 19 38 0 0 0
BinVal : 19 39 0 0 0
BinVal : 19 40 0 0 0
BinVal : 19 41 0 0 0
BinVal : 19 42 0 0 0
BinVal : 19 43 0 0 0
BinVal : 20 0 0 0 0
BinVal : 20 1 0 0 0
BinVal : 20 2 0 0 0
BinVal : 20 3 0 0 0
BinVal : 20 4 0 0 0
BinVal : 20 5 0 0 0
BinVal : 20 6 0 0 0
BinVal : 20 7 0 0 0
BinVal : 20 8 0 0 0
BinVal : 20 9 0 0 0
BinVal : 20 10 0 0 0
BinVal : 20 11 0 0 0
BinVal : 20 12 0.923077 0.0739053 0.0739053
BinVal : 20 13 0.913043 0.0587534 0.0587534
BinVal : 20 14 0.814815 0.0747568 0.0747568
BinVal : 20 15 0.953488 0.0321147 0.0321147
BinVal : 20 16 0.894737 0.0704059 0.0704059
BinVal : 20 17 1 0.0542655 0.0542655
BinVal : 20 18 0.333333 0.272166 0.272166
BinVal : 20 19 0.97619 0.0235244 0.0235244
BinVal : 20 20 0.784314 0.0575932 0.0575932
BinVal : 20 21 0.935484 0.0312001 0.0312001
BinVal : 20 22 0.985075 0.0148136 0.0148136
BinVal : 20 23 0.84127 0.0460391 0.0460391
BinVal : 20 24 0.853659 0.0551993 0.0551993
BinVal : 20 25 0.5 0.25 0.25
BinVal : 20 26 0.8125 0.0975781 0.0975781
BinVal : 20 27 0.9375 0.0605154 0.0605154
BinVal : 20 28 0.868421 0.0548361 0.0548361
BinVal : 20 29 0.833333 0.0680414 0.0680414
BinVal : 20 30 0.818182 0.0822304 0.0822304
BinVal : 20 31 0.727273 0.134282 0.134282
BinVal : 20 32 0 0 0
BinVal : 20 33 0 0 0
BinVal : 20 34 0 0 0
BinVal : 20 35 0 0 0
BinVal : 20 36 0 0 0
BinVal : 20 37 0 0 0
BinVal : 20 38 0 0 0
BinVal : 20 39 0 0 0
BinVal : 20 40 0 0 0
BinVal : 20 41 0 0 0
BinVal : 20 42 0 0 0
BinVal : 20 43 0 0 0
BinVal : 21 0 0 0 0
BinVal : 21 1 0 0 0
BinVal : 21 2 0 0 0
BinVal : 21 3 0 0 0
BinVal : 21 4 0 0 0
BinVal : 21 5 0 0 0
BinVal : 21 6 0 0 0
BinVal : 21 7 0 0 0
BinVal : 21 8 0 0 0
BinVal : 21 9 0 0 0
BinVal : 21 10 0 0 0
BinVal : 21 11 1 0.0871301 0.0871301
BinVal : 21 12 1 0.0279117 0.0279117
BinVal : 21 13 0.966667 0.0327731 0.0327731
BinVal : 21 14 1 0.0181909 0.0181909
BinVal : 21 15 1 0.0181909 0.0181909
BinVal : 21 16 0.647059 0.115904 0.115904
BinVal : 21 17 0.785714 0.0633147 0.0633147
BinVal : 21 18 0.62963 0.0929349 0.0929349
BinVal : 21 19 0.921569 0.0376464 0.0376464
BinVal : 21 20 0.945946 0.0262864 0.0262864
BinVal : 21 21 0.94 0.0335857 0.0335857
BinVal : 21 22 0.979592 0.0201988 0.0201988
BinVal : 21 23 0.864407 0.044571 0.044571
BinVal : 21 24 0.9 0.0424264 0.0424264
BinVal : 21 25 0.862069 0.0640329 0.0640329
BinVal : 21 26 0.75 0.0684653 0.0684653
BinVal : 21 27 0.466667 0.128812 0.128812
BinVal : 21 28 0.97619 0.0235244 0.0235244
BinVal : 21 29 0.976744 0.0229838 0.0229838
BinVal : 21 30 1 0.0216126 0.0216126
BinVal : 21 31 0.909091 0.0612909 0.0612909
BinVal : 21 32 1 0.0495858 0.0495858
BinVal : 21 33 0 0 0
BinVal : 21 34 0 0 0
BinVal : 21 35 0 0 0
BinVal : 21 36 0 0 0
BinVal : 21 37 0 0 0
BinVal : 21 38 0 0 0
BinVal : 21 39 0 0 0
BinVal : 21 40 0 0 0
BinVal : 21 41 0 0 0
BinVal : 21 42 0 0 0
BinVal : 21 43 0 0 0
BinVal : 22 0 0 0 0
BinVal : 22 1 0 0 0
BinVal : 22 2 0 0 0
BinVal : 22 3 0 0 0
BinVal : 22 4 0 0 0
BinVal : 22 5 0 0 0
BinVal : 22 6 0 0 0
BinVal : 22 7 0 0 0
BinVal : 22 8 0 0 0
BinVal : 22 9 0 0 0
BinVal : 22 10 0 0 0
BinVal : 22 11 0.916667 0.0797856 0.0797856
BinVal : 22 12 0.956522 0.0425226 0.0425226
BinVal : 22 13 1 0.018786 0.018786
BinVal : 22 14 1 0.0128865 0.0128865
BinVal : 22 15 1 0.0279117 0.0279117
BinVal : 22 16 0.5 0.25 0.25
BinVal : 22 17 0 0 0
BinVal : 22 18 0 0 0
BinVal : 22 19 0.5 0.353553 0.353553
BinVal : 22 20 0 0 0
BinVal : 22 21 0 0 0
BinVal : 22 22 0 0 0
BinVal : 22 23 0 0 0
BinVal : 22 24 0 0 0
BinVal : 22 25 0 0 0
BinVal : 22 26 0 0 0
BinVal : 22 27 0 0 0
BinVal : 22 28 1 0.0243611 0.0243611
BinVal : 22 29 0.97561 0.024091 0.024091
BinVal : 22 30 1 0.0171075 0.0171075
BinVal : 22 31 0.956522 0.0425226 0.0425226
BinVal : 22 32 1 0.0542655 0.0542655
BinVal : 22 33 0 0 0
BinVal : 22 34 0 0 0
BinVal : 22 35 0 0 0
BinVal : 22 36 0 0 0
BinVal : 22 37 0 0 0
BinVal : 22 38 0 0 0
BinVal : 22 39 0 0 0
BinVal : 22 40 0 0 0
BinVal : 22 41 0 0 0
BinVal : 22 42 0 0 0
BinVal : 22 43 0 0 0
BinVal : 23 0 0 0 0
BinVal : 23 1 0 0 0
BinVal : 23 2 0 0 0
BinVal : 23 3 0 0 0
BinVal : 23 4 0 0 0
BinVal : 23 5 0 0 0
BinVal : 23 6 0 0 0
BinVal : 23 7 0 0 0
BinVal : 23 8 0 0 0
BinVal : 23 9 0 0 0
BinVal : 23 10 0 0 0
BinVal : 23 11 0.714286 0.170747 0.170747
BinVal : 23 12 0.833333 0.0680414 0.0680414
BinVal : 23 13 0.896552 0.0565523 0.0565523
BinVal : 23 14 0.955556 0.0307207 0.0307207
BinVal : 23 15 0.823529 0.0924594 0.0924594
BinVal : 23 16 0 0 0
BinVal : 23 17 0 0 0
BinVal : 23 18 0 0 0
BinVal : 23 19 0 0 0
BinVal : 23 20 0 0 0
BinVal : 23 21 0 0 0
BinVal : 23 22 0 0 0
BinVal : 23 23 0 0 0
BinVal : 23 24 0 0 0
BinVal : 23 25 0 0 0
BinVal : 23 26 0 0 0
BinVal : 23 27 0 0 0
BinVal : 23 28 0.818182 0.0822304 0.0822304
BinVal : 23 29 0.88 0.0649923 0.0649923
BinVal : 23 30 0.857143 0.0763604 0.0763604
BinVal : 23 31 0.764706 0.102879 0.102879
BinVal : 23 32 1 0.159077 0.159077
BinVal : 23 33 0 0 0
BinVal : 23 34 0 0 0
BinVal : 23 35 0 0 0
BinVal : 23 36 0 0 0
BinVal : 23 37 0 0 0
BinVal : 23 38 0 0 0
BinVal : 23 39 0 0 0
BinVal : 23 40 0 0 0
BinVal : 23 41 0 0 0
BinVal : 23 42 0 0 0
BinVal : 23 43 0 0 0
BinVal : 24 0 0 0 0
BinVal : 24 1 0 0 0
BinVal : 24 2 0 0 0
BinVal : 24 3 0 0 0
BinVal : 24 4 0 0 0
BinVal : 24 5 0 0 0
BinVal : 24 6 0 0 0
BinVal : 24 7 0 0 0
BinVal : 24 8 0 0 0
BinVal : 24 9 0 0 0
BinVal : 24 10 0 0 0
BinVal : 24 11 1 0.039392 0.039392
BinVal : 24 12 0.875 0.0826797 0.0826797
BinVal : 24 13 0.975 0.0246855 0.0246855
BinVal : 24 14 0.9 0.0547723 0.0547723
BinVal : 24 15 0.692308 0.128008 0.128008
BinVal : 24 16 0 0 0
BinVal : 24 17 0 0 0
BinVal : 24 18 0 0 0
BinVal : 24 19 0 0 0
BinVal : 24 20 0 0 0
BinVal : 24 21 0 0 0
BinVal : 24 22 0 0 0
BinVal : 24 23 0 0 0
BinVal : 24 24 0 0 0
BinVal : 24 25 0 0 0
BinVal : 24 26 0 0 0
BinVal : 24 27 0 0 0
BinVal : 24 28 0.923077 0.0739053 0.0739053
BinVal : 24 29 0.974359 0.0253102 0.0253102
BinVal : 24 30 0.964286 0.0350707 0.0350707
BinVal : 24 31 0.888889 0.0740741 0.0740741
BinVal : 24 32 0.6 0.219089 0.219089
BinVal : 24 33 0 0 0
BinVal : 24 34 0 0 0
BinVal : 24 35 0 0 0
BinVal : 24 36 0 0 0
BinVal : 24 37 0 0 0
BinVal : 24 38 0 0 0
BinVal : 24 39 0 0 0
BinVal : 24 40 0 0 0
BinVal : 24 41 0 0 0
BinVal : 24 42 0 0 0
BinVal : 24 43 0 0 0
BinVal : 25 0 0 0 0
BinVal : 25 1 0 0 0
BinVal : 25 2 0 0 0
BinVal : 25 3 0 0 0
BinVal : 25 4 0 0 0
BinVal : 25 5 0 0 0
BinVal : 25 6 0 0 0
BinVal : 25 7 0 0 0
BinVal : 25 8 0 0 0
BinVal : 25 9 0 0 0
BinVal : 25 10 0 0 0
BinVal : 25 11 1 0.039392 0.039392
BinVal : 25 12 0.92 0.0542586 0.0542586
BinVal : 25 13 1 0.0123324 0.0123324
BinVal : 25 14 0.977778 0.0219739 0.0219739
BinVal : 25 15 0.95 0.048734 0.048734
BinVal : 25 16 1 0.218486 0.218486
BinVal : 25 17 0 0 0
BinVal : 25 18 0 0 0
BinVal : 25 19 0 0 0
BinVal : 25 20 0 0 0
BinVal : 25 21 0.5 0.353553 0.353553
BinVal : 25 22 1 0.218486 0.218486
BinVal : 25 23 0 0 0
BinVal : 25 24 0 0 0
BinVal : 25 25 0 0 0
BinVal : 25 26 0 0 0
BinVal : 25 27 0 0 0
BinVal : 25 28 1 0.0254407 0.0254407
BinVal : 25 29 0.97619 0.0235244 0.0235244
BinVal : 25 30 1 0.0145144 0.0145144
BinVal : 25 31 1 0.039392 0.039392
BinVal : 25 32 1 0.0422902 0.0422902
BinVal : 25 33 0 0 0
BinVal : 25 34 0 0 0
BinVal : 25 35 0 0 0
BinVal : 25 36 0 0 0
BinVal : 25 37 0 0 0
BinVal : 25 38 0 0 0
BinVal : 25 39 0 0 0
BinVal : 25 40 0 0 0
BinVal : 25 41 0 0 0
BinVal : 25 42 0 0 0
BinVal : 25 43 0 0 0
BinVal : 26 0 0 0 0
BinVal : 26 1 0 0 0
BinVal : 26 2 0 0 0
BinVal : 26 3 0 0 0
BinVal : 26 4 0 0 0
BinVal : 26 5 0 0 0
BinVal : 26 6 0 0 0
BinVal : 26 7 0 0 0
BinVal : 26 8 0 0 0
BinVal : 26 9 0 0 0
BinVal : 26 10 0 0 0
BinVal : 26 11 1 0.124824 0.124824
BinVal : 26 12 1 0.0279117 0.0279117
BinVal : 26 13 1 0.0157046 0.0157046
BinVal : 26 14 1 0.018786 0.018786
BinVal : 26 15 0.947368 0.0362235 0.0362235
BinVal : 26 16 1 0.0542655 0.0542655
BinVal : 26 17 0.833333 0.0680414 0.0680414
BinVal : 26 18 0.925926 0.050401 0.050401
BinVal : 26 19 0.847826 0.0529596 0.0529596
BinVal : 26 20 0.84058 0.0440694 0.0440694
BinVal : 26 21 0.925926 0.0356389 0.0356389
BinVal : 26 22 0.921569 0.0376464 0.0376464
BinVal : 26 23 0.782609 0.0608155 0.0608155
BinVal : 26 24 0.934783 0.0364048 0.0364048
BinVal : 26 25 0.941176 0.0570672 0.0570672
BinVal : 26 26 0.862745 0.0481859 0.0481859
BinVal : 26 27 0.571429 0.187044 0.187044
BinVal : 26 28 0.941176 0.0403526 0.0403526
BinVal : 26 29 0.96875 0.0307578 0.0307578
BinVal : 26 30 0.947368 0.0362235 0.0362235
BinVal : 26 31 0.947368 0.0512278 0.0512278
BinVal : 26 32 0.75 0.216506 0.216506
BinVal : 26 33 0 0 0
BinVal : 26 34 0 0 0
BinVal : 26 35 0 0 0
BinVal : 26 36 0 0 0
BinVal : 26 37 0 0 0
BinVal : 26 38 0 0 0
BinVal : 26 39 0 0 0
BinVal : 26 40 0 0 0
BinVal : 26 41 0 0 0
BinVal : 26 42 0 0 0
BinVal : 26 43 0 0 0
BinVal : 27 0 0 0 0
BinVal : 27 1 0 0 0
BinVal : 27 2 0 0 0
BinVal : 27 3 0 0 0
BinVal : 27 4 0 0 0
BinVal : 27 5 0 0 0
BinVal : 27 6 0 0 0
BinVal : 27 7 0 0 0
BinVal : 27 8 0 0 0
BinVal : 27 9 0 0 0
BinVal : 27 10 0 0 0
BinVal : 27 11 0 0 0
BinVal : 27 12 1 0.0495858 0.0495858
BinVal : 27 13 0.851852 0.0683673 0.0683673
BinVal : 27 14 0.914286 0.0473188 0.0473188
BinVal : 27 15 0.918919 0.0448743 0.0448743
BinVal : 27 16 0.705882 0.11051 0.11051
BinVal : 27 17 0.818182 0.116291 0.116291
BinVal : 27 18 0.888889 0.104757 0.104757
BinVal : 27 19 0.933333 0.045542 0.045542
BinVal : 27 20 0.944444 0.0311713 0.0311713
BinVal : 27 21 0.923077 0.0426692 0.0426692
BinVal : 27 22 0.951613 0.027252 0.027252
BinVal : 27 23 0.876923 0.0407486 0.0407486
BinVal : 27 24 0.892857 0.0584512 0.0584512
BinVal : 27 25 0.333333 0.272166 0.272166
BinVal : 27 26 0.375 0.171163 0.171163
BinVal : 27 27 0.769231 0.116855 0.116855
BinVal : 27 28 0.930233 0.0388497 0.0388497
BinVal : 27 29 0.862069 0.0640329 0.0640329
BinVal : 27 30 0.846154 0.0707589 0.0707589
BinVal : 27 31 0.8 0.126491 0.126491
BinVal : 27 32 0 0 0
BinVal : 27 33 0 0 0
BinVal : 27 34 0 0 0
BinVal : 27 35 0 0 0
BinVal : 27 36 0 0 0
BinVal : 27 37 0 0 0
BinVal : 27 38 0 0 0
BinVal : 27 39 0 0 0
BinVal : 27 40 0 0 0
BinVal : 27 41 0 0 0
BinVal : 27 42 0 0 0
BinVal : 27 43 0 0 0
BinVal : 28 0 0 0 0
BinVal : 28 1 0 0 0
BinVal : 28 2 0 0 0
BinVal : 28 3 0 0 0
BinVal : 28 4 0 0 0
BinVal : 28 5 0 0 0
BinVal : 28 6 0 0 0
BinVal : 28 7 0 0 0
BinVal : 28 8 0 0 0
BinVal : 28 9 0 0 0
BinVal : 28 10 0 0 0
BinVal : 28 11 0 0 0
BinVal : 28 12 0.8 0.126491 0.126491
BinVal : 28 13 0.677419 0.083959 0.083959
BinVal : 28 14 1 0.0208287 0.0208287
BinVal : 28 15 0.871795 0.0535337 0.0535337
BinVal : 28 16 0.931818 0.0379991 0.0379991
BinVal : 28 17 0.774194 0.0750952 0.0750952
BinVal : 28 18 0.857143 0.0763604 0.0763604
BinVal : 28 19 0.897436 0.0485811 0.0485811
BinVal : 28 20 0.761905 0.0657205 0.0657205
BinVal : 28 21 0.94 0.0335857 0.0335857
BinVal : 28 22 0.888889 0.0523783 0.0523783
BinVal : 28 23 0.578947 0.0800933 0.0800933
BinVal : 28 24 0.846154 0.0577744 0.0577744
BinVal : 28 25 0.588235 0.119365 0.119365
BinVal : 28 26 0.852941 0.0607387 0.0607387
BinVal : 28 27 1 0.0161462 0.0161462
BinVal : 28 28 0.926829 0.0406702 0.0406702
BinVal : 28 29 1 0.017632 0.017632
BinVal : 28 30 0.863636 0.073165 0.073165
BinVal : 28 31 0.818182 0.116291 0.116291
BinVal : 28 32 0 0 0
BinVal : 28 33 0 0 0
BinVal : 28 34 0 0 0
BinVal : 28 35 0 0 0
BinVal : 28 36 0 0 0
BinVal : 28 37 0 0 0
BinVal : 28 38 0 0 0
BinVal : 28 39 0 0 0
BinVal : 28 40 0 0 0
BinVal : 28 41 0 0 0
BinVal : 28 42 0 0 0
BinVal : 28 43 0 0 0
BinVal : 29 0 0 0 0
BinVal : 29 1 0 0 0
BinVal : 29 2 0 0 0
BinVal : 29 3 0 0 0
BinVal : 29 4 0 0 0
BinVal : 29 5 0 0 0
BinVal : 29 6 0 0 0
BinVal : 29 7 0 0 0
BinVal : 29 8 0 0 0
BinVal : 29 9 0 0 0
BinVal : 29 10 0 0 0
BinVal : 29 11 1 0.0668855 0.0668855
BinVal : 29 12 0.928571 0.0688303 0.0688303
BinVal : 29 13 0.96875 0.0307578 0.0307578
BinVal : 29 14 1 0.0152869 0.0152869
BinVal : 29 15 0.97561 0.024091 0.024091
BinVal : 29 16 0.976744 0.0229838 0.0229838
BinVal : 29 17 0.982143 0.017697 0.017697
BinVal : 29 18 1 0.0109258 0.0109258
BinVal : 29 19 0.811321 0.0537428 0.0537428
BinVal : 29 20 0.863636 0.0422418 0.0422418
BinVal : 29 21 0.982456 0.0173893 0.0173893
BinVal : 29 22 0.986111 0.0137921 0.0137921
BinVal : 29 23 0.820895 0.0468446 0.0468446
BinVal : 29 24 0.961538 0.0266683 0.0266683
BinVal : 29 25 0.92 0.0383667 0.0383667
BinVal : 29 26 0.96875 0.0307578 0.0307578
BinVal : 29 27 0.984375 0.0155024 0.0155024
BinVal : 29 28 1 0.0113578 0.0113578
BinVal : 29 29 1 0.0131822 0.0131822
BinVal : 29 30 0.977778 0.0219739 0.0219739
BinVal : 29 31 1 0.0279117 0.0279117
BinVal : 29 32 1 0.124824 0.124824
BinVal : 29 33 0 0 0
BinVal : 29 34 0 0 0
BinVal : 29 35 0 0 0
BinVal : 29 36 0 0 0
BinVal : 29 37 0 0 0
BinVal : 29 38 0 0 0
BinVal : 29 39 0 0 0
BinVal : 29 40 0 0 0
BinVal : 29 41 0 0 0
BinVal : 29 42 0 0 0
BinVal : 29 43 0 0 0
BinVal : 30 0 0 0 0
BinVal : 30 1 0 0 0
BinVal : 30 2 0 0 0
BinVal : 30 3 0 0 0
BinVal : 30 4 0 0 0
BinVal : 30 5 0 0 0
BinVal : 30 6 0 0 0
BinVal : 30 7 0 0 0
BinVal : 30 8 0 0 0
BinVal : 30 9 0 0 0
BinVal : 30 10 0 0 0
BinVal : 30 11 0.916667 0.0797856 0.0797856
BinVal : 30 12 1 0.0254407 0.0254407
BinVal : 30 13 0.96875 0.0307578 0.0307578
BinVal : 30 14 1 0.0141568 0.0141568
BinVal : 30 15 0.978723 0.021049 0.021049
BinVal : 30 16 0.921053 0.0437441 0.0437441
BinVal : 30 17 1 0.0111375 0.0111375
BinVal : 30 18 0.976744 0.0229838 0.0229838
BinVal : 30 19 0.55814 0.0757321 0.0757321
BinVal : 30 20 0.87013 0.038309 0.038309
BinVal : 30 21 1 0.0107217 0.0107217
BinVal : 30 22 0.927536 0.0312105 0.0312105
BinVal : 30 23 0.943396 0.0317418 0.0317418
BinVal : 30 24 0.807018 0.0522713 0.0522713
BinVal : 30 25 0.93617 0.0356566 0.0356566
BinVal : 30 26 0.983051 0.0168049 0.0168049
BinVal : 30 27 0.828571 0.0637049 0.0637049
BinVal : 30 28 1 0.0152869 0.0152869
BinVal : 30 29 1 0.0138164 0.0138164
BinVal : 30 30 0.977273 0.0224675 0.0224675
BinVal : 30 31 1 0.0254407 0.0254407
BinVal : 30 32 1 0.0495858 0.0495858
BinVal : 30 33 0 0 0
BinVal : 30 34 0 0 0
BinVal : 30 35 0 0 0
BinVal : 30 36 0 0 0
BinVal : 30 37 0 0 0
BinVal : 30 38 0 0 0
BinVal : 30 39 0 0 0
BinVal : 30 40 0 0 0
BinVal : 30 41 0 0 0
BinVal : 30 42 0 0 0
BinVal : 30 43 0 0 0
BinVal : 31 0 0 0 0
BinVal : 31 1 0 0 0
BinVal : 31 2 0 0 0
BinVal : 31 3 0 0 0
BinVal : 31 4 0 0 0
BinVal : 31 5 0 0 0
BinVal : 31 6 0 0 0
BinVal : 31 7 0 0 0
BinVal : 31 8 0 0 0
BinVal : 31 9 0 0 0
BinVal : 31 10 0 0 0
BinVal : 31 11 0.333333 0.272166 0.272166
BinVal : 31 12 1 0.0309157 0.0309157
BinVal : 31 13 0.914286 0.0473188 0.0473188
BinVal : 31 14 1 0.0152869 0.0152869
BinVal : 31 15 0.891304 0.0458923 0.0458923
BinVal : 31 16 0.848485 0.0624156 0.0624156
BinVal : 31 17 0.978261 0.0215015 0.0215015
BinVal : 31 18 0.952381 0.0328603 0.0328603
BinVal : 31 19 0.545455 0.0671408 0.0671408
BinVal : 31 20 0.827586 0.0495997 0.0495997
BinVal : 31 21 0.892308 0.0384497 0.0384497
BinVal : 31 22 0.969231 0.0214198 0.0214198
BinVal : 31 23 0.9 0.0387298 0.0387298
BinVal : 31 24 0.745098 0.0610251 0.0610251
BinVal : 31 25 0.969697 0.0298404 0.0298404
BinVal : 31 26 0.934783 0.0364048 0.0364048
BinVal : 31 27 0.928571 0.0486704 0.0486704
BinVal : 31 28 0.95 0.0344601 0.0344601
BinVal : 31 29 0.875 0.0522913 0.0522913
BinVal : 31 30 0.909091 0.0500438 0.0500438
BinVal : 31 31 0.818182 0.116291 0.116291
BinVal : 31 32 0.8 0.178885 0.178885
BinVal : 31 33 0 0 0
BinVal : 31 34 0 0 0
BinVal : 31 35 0 0 0
BinVal : 31 36 0 0 0
BinVal : 31 37 0 0 0
BinVal : 31 38 0 0 0
BinVal : 31 39 0 0 0
BinVal : 31 40 0 0 0
BinVal : 31 41 0 0 0
BinVal : 31 42 0 0 0
BinVal : 31 43 0 0 0


Comments : cosmic veto applied 
EffMethod : TagAndProbe 
EffName : eff 
EffType : Binned 
EffVarNames : phi deteta 
EffVersion : 5 
ObjQuality : l2m3 
ObjRelativeTo : loose_l1atxx 
ObjType : Muon 
ObjVersion : 1 
RunRangeHigh : 216000 
RunRangeLow : 160000 
TriggerVersionHigh : 14.99 
TriggerVersionLow : 13 
BinEdgesX : 0 0.19635 0.3927 0.58905 0.7854 0.98175 1.1781 1.37445 1.5708 1.76715 1.9635 2.15985 2.3562 2.55255 2.7489 2.94525 3.1416 3.33795 3.5343 3.73065 3.927 4.12335 4.3197 4.51605 4.7124 4.90875 5.1051 5.30145 5.4978 5.69415 5.8905 6.08685 6.2832 
BinEdgesY : -4.2 -4.00909 -3.81818 -3.62727 -3.43636 -3.24545 -3.05455 -2.86364 -2.67273 -2.48182 -2.29091 -2.1 -1.90909 -1.71818 -1.52727 -1.33636 -1.14545 -0.954545 -0.763636 -0.572727 -0.381818 -0.190909 0 0.190909 0.381818 0.572727 0.763636 0.954545 1.14545 1.33636 1.52727 1.71818 1.90909 2.1 2.29091 2.48182 2.67273 2.86364 3.05455 3.24545 3.43636 3.62727 3.81818 4.00909 4.2 
BinVal : 0 0 0 0 0
BinVal : 0 1 0 0 0
BinVal : 0 2 0 0 0
BinVal : 0 3 0 0 0
BinVal : 0 4 0 0 0
BinVal : 0 5 0 0 0
BinVal : 0 6 0 0 0
BinVal : 0 7 0 0 0
BinVal : 0 8 0 0 0
BinVal : 0 9 0 0 0
BinVal : 0 10 0 0 0
BinVal : 0 11 0.833333 0.107583 0.107583
BinVal : 0 12 0.891304 0.0458923 0.0458923
BinVal : 0 13 0.938462 0.0298075 0.0298075
BinVal : 0 14 0.940298 0.028946 0.028946
BinVal : 0 15 0.985507 0.0143874 0.0143874
BinVal : 0 16 0.819277 0.042236 0.042236
BinVal : 0 17 0.939759 0.0261165 0.0261165
BinVal : 0 18 0.647059 0.057952 0.057952
BinVal : 0 19 0.784091 0.0438609 0.0438609
BinVal : 0 20 0.941176 0.0232976 0.0232976
BinVal : 0 21 1 0.00538969 0.00538969
BinVal : 0 22 0.980392 0.0137282 0.0137282
BinVal : 0 23 0.964912 0.0172333 0.0172333
BinVal : 0 24 0.727273 0.0424636 0.0424636
BinVal : 0 25 0.969231 0.0214198 0.0214198
BinVal : 0 26 0.94898 0.0222273 0.0222273
BinVal : 0 27 0.85 0.0460977 0.0460977
BinVal : 0 28 0.965517 0.0195624 0.0195624
BinVal : 0 29 0.883333 0.0414438 0.0414438
BinVal : 0 30 0.912281 0.0374692 0.0374692
BinVal : 0 31 0.897436 0.0485811 0.0485811
BinVal : 0 32 0.933333 0.0644061 0.0644061
BinVal : 0 33 0 0 0
BinVal : 0 34 0 0 0
BinVal : 0 35 0 0 0
BinVal : 0 36 0 0 0
BinVal : 0 37 0 0 0
BinVal : 0 38 0 0 0
BinVal : 0 39 0 0 0
BinVal : 0 40 0 0 0
BinVal : 0 41 0 0 0
BinVal : 0 42 0 0 0
BinVal : 0 43 0 0 0
BinVal : 1 0 0 0 0
BinVal : 1 1 0 0 0
BinVal : 1 2 0 0 0
BinVal : 1 3 0 0 0
BinVal : 1 4 0 0 0
BinVal : 1 5 0 0 0
BinVal : 1 6 0 0 0
BinVal : 1 7 0 0 0
BinVal : 1 8 0 0 0
BinVal : 1 9 0 0 0
BinVal : 1 10 0 0 0
BinVal : 1 11 1 0.0293374 0.0293374
BinVal : 1 12 1 0.00964212 0.00964212
BinVal : 1 13 0.984375 0.0155024 0.0155024
BinVal : 1 14 0.99 0.00994987 0.00994987
BinVal : 1 15 1 0.0065589 0.0065589
BinVal : 1 16 0.945652 0.0236354 0.0236354
BinVal : 1 17 0.980392 0.0137282 0.0137282
BinVal : 1 18 0.611111 0.0513868 0.0513868
BinVal : 1 19 0.762295 0.038539 0.038539
BinVal : 1 20 0.970803 0.0143838 0.0143838
BinVal : 1 21 1 0.00376463 0.00376463
BinVal : 1 22 0.993007 0.00696851 0.00696851
BinVal : 1 23 0.944444 0.0220414 0.0220414
BinVal : 1 24 0.865079 0.0304356 0.0304356
BinVal : 1 25 0.988372 0.0115601 0.0115601
BinVal : 1 26 0.883721 0.0345668 0.0345668
BinVal : 1 27 0.885057 0.0341953 0.0341953
BinVal : 1 28 1 0.00613832 0.00613832
BinVal : 1 29 1 0.00862837 0.00862837
BinVal : 1 30 1 0.00862837 0.00862837
BinVal : 1 31 0.98 0.019799 0.019799
BinVal : 1 32 1 0.0157046 0.0157046
BinVal : 1 33 0 0 0
BinVal : 1 34 0 0 0
BinVal : 1 35 0 0 0
BinVal : 1 36 0 0 0
BinVal : 1 37 0 0 0
BinVal : 1 38 0 0 0
BinVal : 1 39 0 0 0
BinVal : 1 40 0 0 0
BinVal : 1 41 0 0 0
BinVal : 1 42 0 0 0
BinVal : 1 43 0 0 0
BinVal : 2 0 0 0 0
BinVal : 2 1 0 0 0
BinVal : 2 2 0 0 0
BinVal : 2 3 0 0 0
BinVal : 2 4 0 0 0
BinVal : 2 5 0 0 0
BinVal : 2 6 0 0 0
BinVal : 2 7 0 0 0
BinVal : 2 8 0 0 0
BinVal : 2 9 0 0 0
BinVal : 2 10 0 0 0
BinVal : 2 11 1 0.039392 0.039392
BinVal : 2 12 1 0.012074 0.012074
BinVal : 2 13 0.942857 0.0392347 0.0392347
BinVal : 2 14 1 0.00648546 0.00648546
BinVal : 2 15 1 0.00594759 0.00594759
BinVal : 2 16 0.975904 0.0168322 0.0168322
BinVal : 2 17 0.956522 0.0212613 0.0212613
BinVal : 2 18 0.747126 0.0466003 0.0466003
BinVal : 2 19 0.864583 0.0349224 0.0349224
BinVal : 2 20 0.886179 0.0286365 0.0286365
BinVal : 2 21 1 0.00450277 0.00450277
BinVal : 2 22 1 0.00519514 0.00519514
BinVal : 2 23 0.831776 0.0361623 0.0361623
BinVal : 2 24 0.981651 0.0128549 0.0128549
BinVal : 2 25 0.958763 0.020189 0.020189
BinVal : 2 26 0.945946 0.0262864 0.0262864
BinVal : 2 27 0.988235 0.0116953 0.0116953
BinVal : 2 28 1 0.00565481 0.00565481
BinVal : 2 29 1 0.00721884 0.00721884
BinVal : 2 30 0.969697 0.0211003 0.0211003
BinVal : 2 31 1 0.0111375 0.0111375
BinVal : 2 32 1 0.0309157 0.0309157
BinVal : 2 33 0 0 0
BinVal : 2 34 0 0 0
BinVal : 2 35 0 0 0
BinVal : 2 36 0 0 0
BinVal : 2 37 0 0 0
BinVal : 2 38 0 0 0
BinVal : 2 39 0 0 0
BinVal : 2 40 0 0 0
BinVal : 2 41 0 0 0
BinVal : 2 42 0 0 0
BinVal : 2 43 0 0 0
BinVal : 3 0 0 0 0
BinVal : 3 1 0 0 0
BinVal : 3 2 0 0 0
BinVal : 3 3 0 0 0
BinVal : 3 4 0 0 0
BinVal : 3 5 0 0 0
BinVal : 3 6 0 0 0
BinVal : 3 7 0 0 0
BinVal : 3 8 0 0 0
BinVal : 3 9 0 0 0
BinVal : 3 10 0 0 0
BinVal : 3 11 0 0 0
BinVal : 3 12 0.818182 0.0822304 0.0822304
BinVal : 3 13 0.826923 0.0524627 0.0524627
BinVal : 3 14 0.9375 0.0349386 0.0349386
BinVal : 3 15 0.863014 0.0402426 0.0402426
BinVal : 3 16 0.986667 0.0132441 0.0132441
BinVal : 3 17 0.918033 0.0351224 0.0351224
BinVal : 3 18 0.87013 0.038309 0.038309
BinVal : 3 19 0.823529 0.0462297 0.0462297
BinVal : 3 20 0.825 0.0424816 0.0424816
BinVal : 3 21 0.968421 0.0179419 0.0179419
BinVal : 3 22 0.974026 0.0181263 0.0181263
BinVal : 3 23 0.810811 0.0455294 0.0455294
BinVal : 3 24 0.985714 0.0141833 0.0141833
BinVal : 3 25 0.871429 0.0400073 0.0400073
BinVal : 3 26 0.910714 0.0381055 0.0381055
BinVal : 3 27 0.955882 0.0249031 0.0249031
BinVal : 3 28 0.955224 0.0252661 0.0252661
BinVal : 3 29 0.878049 0.0511047 0.0511047
BinVal : 3 30 0.903846 0.0408817 0.0408817
BinVal : 3 31 1 0.0157046 0.0157046
BinVal : 3 32 0 0 0
BinVal : 3 33 0 0 0
BinVal : 3 34 0 0 0
BinVal : 3 35 0 0 0
BinVal : 3 36 0 0 0
BinVal : 3 37 0 0 0
BinVal : 3 38 0 0 0
BinVal : 3 39 0 0 0
BinVal : 3 40 0 0 0
BinVal : 3 41 0 0 0
BinVal : 3 42 0 0 0
BinVal : 3 43 0 0 0
BinVal : 4 0 0 0 0
BinVal : 4 1 0 0 0
BinVal : 4 2 0 0 0
BinVal : 4 3 0 0 0
BinVal : 4 4 0 0 0
BinVal : 4 5 0 0 0
BinVal : 4 6 0 0 0
BinVal : 4 7 0 0 0
BinVal : 4 8 0 0 0
BinVal : 4 9 0 0 0
BinVal : 4 10 0 0 0
BinVal : 4 11 0 0 0
BinVal : 4 12 0.884615 0.0626563 0.0626563
BinVal : 4 13 0.903226 0.0531003 0.0531003
BinVal : 4 14 0.918919 0.0448743 0.0448743
BinVal : 4 15 0.90566 0.0401506 0.0401506
BinVal : 4 16 0.862069 0.0452781 0.0452781
BinVal : 4 17 0.952381 0.0328603 0.0328603
BinVal : 4 18 0.975904 0.0168322 0.0168322
BinVal : 4 19 0.917808 0.0321461 0.0321461
BinVal : 4 20 0.925926 0.0356389 0.0356389
BinVal : 4 21 1 0.00802565 0.00802565
BinVal : 4 22 1 0.00760031 0.00760031
BinVal : 4 23 0.838235 0.044655 0.044655
BinVal : 4 24 0.979167 0.0206152 0.0206152
BinVal : 4 25 0.982143 0.017697 0.017697
BinVal : 4 26 0.911765 0.0486433 0.0486433
BinVal : 4 27 0.903226 0.0375476 0.0375476
BinVal : 4 28 0.847826 0.0529596 0.0529596
BinVal : 4 29 0.897436 0.0485811 0.0485811
BinVal : 4 30 0.842105 0.0591528 0.0591528
BinVal : 4 31 0.96 0.0391918 0.0391918
BinVal : 4 32 0 0 0
BinVal : 4 33 0 0 0
BinVal : 4 34 0 0 0
BinVal : 4 35 0 0 0
BinVal : 4 36 0 0 0
BinVal : 4 37 0 0 0
BinVal : 4 38 0 0 0
BinVal : 4 39 0 0 0
BinVal : 4 40 0 0 0
BinVal : 4 41 0 0 0
BinVal : 4 42 0 0 0
BinVal : 4 43 0 0 0
BinVal : 5 0 0 0 0
BinVal : 5 1 0 0 0
BinVal : 5 2 0 0 0
BinVal : 5 3 0 0 0
BinVal : 5 4 0 0 0
BinVal : 5 5 0 0 0
BinVal : 5 6 0 0 0
BinVal : 5 7 0 0 0
BinVal : 5 8 0 0 0
BinVal : 5 9 0 0 0
BinVal : 5 10 0 0 0
BinVal : 5 11 1 0.0599198 0.0599198
BinVal : 5 12 0.962963 0.0363447 0.0363447
BinVal : 5 13 0.97619 0.0235244 0.0235244
BinVal : 5 14 1 0.0123324 0.0123324
BinVal : 5 15 0.962963 0.0256996 0.0256996
BinVal : 5 16 1 0.00980616 0.00980616
BinVal : 5 17 0.976744 0.0229838 0.0229838
BinVal : 5 18 0.945455 0.0306209 0.0306209
BinVal : 5 19 0.924528 0.0362839 0.0362839
BinVal : 5 20 0.853333 0.0408502 0.0408502
BinVal : 5 21 1 0.00695658 0.00695658
BinVal : 5 22 1 0.00671244 0.00671244
BinVal : 5 23 0.783133 0.0452351 0.0452351
BinVal : 5 24 0.959184 0.0282664 0.0282664
BinVal : 5 25 0.95082 0.0276873 0.0276873
BinVal : 5 26 0.958333 0.0288424 0.0288424
BinVal : 5 27 0.942029 0.0281328 0.0281328
BinVal : 5 28 1 0.012074 0.012074
BinVal : 5 29 1 0.0107217 0.0107217
BinVal : 5 30 1 0.0134912 0.0134912
BinVal : 5 31 1 0.0171075 0.0171075
BinVal : 5 32 1 0.102643 0.102643
BinVal : 5 33 0 0 0
BinVal : 5 34 0 0 0
BinVal : 5 35 0 0 0
BinVal : 5 36 0 0 0
BinVal : 5 37 0 0 0
BinVal : 5 38 0 0 0
BinVal : 5 39 0 0 0
BinVal : 5 40 0 0 0
BinVal : 5 41 0 0 0
BinVal : 5 42 0 0 0
BinVal : 5 43 0 0 0
BinVal : 6 0 0 0 0
BinVal : 6 1 0 0 0
BinVal : 6 2 0 0 0
BinVal : 6 3 0 0 0
BinVal : 6 4 0 0 0
BinVal : 6 5 0 0 0
BinVal : 6 6 0 0 0
BinVal : 6 7 0 0 0
BinVal : 6 8 0 0 0
BinVal : 6 9 0 0 0
BinVal : 6 10 0 0 0
BinVal : 6 11 1 0.0368657 0.0368657
BinVal : 6 12 1 0.0346427 0.0346427
BinVal : 6 13 1 0.0157046 0.0157046
BinVal : 6 14 1 0.0181909 0.0181909
BinVal : 6 15 1 0.018786 0.018786
BinVal : 6 16 0.9375 0.0427908 0.0427908
BinVal : 6 17 0.959184 0.0282664 0.0282664
BinVal : 6 18 0.941176 0.0403526 0.0403526
BinVal : 6 19 0.766667 0.0772202 0.0772202
BinVal : 6 20 1 0.0115867 0.0115867
BinVal : 6 21 1 0.0115867 0.0115867
BinVal : 6 22 1 0.00948286 0.00948286
BinVal : 6 23 0.956522 0.030068 0.030068
BinVal : 6 24 0.847826 0.0529596 0.0529596
BinVal : 6 25 1 0.0145144 0.0145144
BinVal : 6 26 0.914894 0.0407022 0.0407022
BinVal : 6 27 0.84375 0.0641862 0.0641862
BinVal : 6 28 1 0.0131822 0.0131822
BinVal : 6 29 0.962963 0.0363447 0.0363447
BinVal : 6 30 0.954545 0.0444095 0.0444095
BinVal : 6 31 0.956522 0.0425226 0.0425226
BinVal : 6 32 1 0.0756803 0.0756803
BinVal : 6 33 0 0 0
BinVal : 6 34 0 0 0
BinVal : 6 35 0 0 0
BinVal : 6 36 0 0 0
BinVal : 6 37 0 0 0
BinVal : 6 38 0 0 0
BinVal : 6 39 0 0 0
BinVal : 6 40 0 0 0
BinVal : 6 41 0 0 0
BinVal : 6 42 0 0 0
BinVal : 6 43 0 0 0
BinVal : 7 0 0 0 0
BinVal : 7 1 0 0 0
BinVal : 7 2 0 0 0
BinVal : 7 3 0 0 0
BinVal : 7 4 0 0 0
BinVal : 7 5 0 0 0
BinVal : 7 6 0 0 0
BinVal : 7 7 0 0 0
BinVal : 7 8 0 0 0
BinVal : 7 9 0 0 0
BinVal : 7 10 0 0 0
BinVal : 7 11 1 0.0668855 0.0668855
BinVal : 7 12 1 0.0456491 0.0456491
BinVal : 7 13 1 0.0346427 0.0346427
BinVal : 7 14 0.842105 0.0836547 0.0836547
BinVal : 7 15 0.951219 0.0336412 0.0336412
BinVal : 7 16 0.833333 0.0760726 0.0760726
BinVal : 7 17 0.972973 0.0266593 0.0266593
BinVal : 7 18 1 0.018786 0.018786
BinVal : 7 19 0.810811 0.0643883 0.0643883
BinVal : 7 20 1 0.018786 0.018786
BinVal : 7 21 1 0.0145144 0.0145144
BinVal : 7 22 1 0.0148902 0.0148902
BinVal : 7 23 1 0.0224566 0.0224566
BinVal : 7 24 0.666667 0.0785674 0.0785674
BinVal : 7 25 0.96 0.0391918 0.0391918
BinVal : 7 26 0.966667 0.0327731 0.0327731
BinVal : 7 27 0.916667 0.0797856 0.0797856
BinVal : 7 28 0.952381 0.0464714 0.0464714
BinVal : 7 29 0.888889 0.0740741 0.0740741
BinVal : 7 30 0.947368 0.0512278 0.0512278
BinVal : 7 31 0.846154 0.0707589 0.0707589
BinVal : 7 32 1 0.0756803 0.0756803
BinVal : 7 33 0 0 0
BinVal : 7 34 0 0 0
BinVal : 7 35 0 0 0
BinVal : 7 36 0 0 0
BinVal : 7 37 0 0 0
BinVal : 7 38 0 0 0
BinVal : 7 39 0 0 0
BinVal : 7 40 0 0 0
BinVal : 7 41 0 0 0
BinVal : 7 42 0 0 0
BinVal : 7 43 0 0 0
BinVal : 8 0 0 0 0
BinVal : 8 1 0 0 0
BinVal : 8 2 0 0 0
BinVal : 8 3 0 0 0
BinVal : 8 4 0 0 0
BinVal : 8 5 0 0 0
BinVal : 8 6 0 0 0
BinVal : 8 7 0 0 0
BinVal : 8 8 0 0 0
BinVal : 8 9 0 0 0
BinVal : 8 10 0 0 0
BinVal : 8 11 0.666667 0.272166 0.272166
BinVal : 8 12 0.846154 0.100068 0.100068
BinVal : 8 13 0.789474 0.0935288 0.0935288
BinVal : 8 14 0.956522 0.0425226 0.0425226
BinVal : 8 15 0.892857 0.0584512 0.0584512
BinVal : 8 16 0.947368 0.0512278 0.0512278
BinVal : 8 17 0.935484 0.0441237 0.0441237
BinVal : 8 18 1 0.0266185 0.0266185
BinVal : 8 19 0.724138 0.0829961 0.0829961
BinVal : 8 20 0.967742 0.0317335 0.0317335
BinVal : 8 21 0.972222 0.0273893 0.0273893
BinVal : 8 22 0.727273 0.0775275 0.0775275
BinVal : 8 23 0.5 0.0857493 0.0857493
BinVal : 8 24 0.793103 0.0752216 0.0752216
BinVal : 8 25 0.894737 0.0704059 0.0704059
BinVal : 8 26 1 0.0166125 0.0166125
BinVal : 8 27 1 0.0495858 0.0495858
BinVal : 8 28 0.928571 0.0486704 0.0486704
BinVal : 8 29 0.8 0.0894427 0.0894427
BinVal : 8 30 0.869565 0.0702237 0.0702237
BinVal : 8 31 0.666667 0.111111 0.111111
BinVal : 8 32 1 0.0871301 0.0871301
BinVal : 8 33 0 0 0
BinVal : 8 34 0 0 0
BinVal : 8 35 0 0 0
BinVal : 8 36 0 0 0
BinVal : 8 37 0 0 0
BinVal : 8 38 0 0 0
BinVal : 8 39 0 0 0
BinVal : 8 40 0 0 0
BinVal : 8 41 0 0 0
BinVal : 8 42 0 0 0
BinVal : 8 43 0 0 0
BinVal : 9 0 0 0 0
BinVal : 9 1 0 0 0
BinVal : 9 2 0 0 0
BinVal : 9 3 0 0 0
BinVal : 9 4 0 0 0
BinVal : 9 5 0 0 0
BinVal : 9 6 0 0 0
BinVal : 9 7 0 0 0
BinVal : 9 8 0 0 0
BinVal : 9 9 0 0 0
BinVal : 9 10 0 0 0
BinVal : 9 11 1 0.0871301 0.0871301
BinVal : 9 12 0.941176 0.0570672 0.0570672
BinVal : 9 13 0.931035 0.0470544 0.0470544
BinVal : 9 14 0.962963 0.0363447 0.0363447
BinVal : 9 15 1 0.0166125 0.0166125
BinVal : 9 16 1 0.0279117 0.0279117
BinVal : 9 17 0.886364 0.0478452 0.0478452
BinVal : 9 18 1 0.017632 0.017632
BinVal : 9 19 0.707317 0.0710581 0.0710581
BinVal : 9 20 1 0.0157046 0.0157046
BinVal : 9 21 1 0.0131822 0.0131822
BinVal : 9 22 0.777778 0.06929 0.06929
BinVal : 9 23 0.571429 0.0836486 0.0836486
BinVal : 9 24 0.9 0.0474342 0.0474342
BinVal : 9 25 0.914286 0.0473188 0.0473188
BinVal : 9 26 0.914286 0.0473188 0.0473188
BinVal : 9 27 0.923077 0.0522589 0.0522589
BinVal : 9 28 1 0.0152869 0.0152869
BinVal : 9 29 1 0.0224566 0.0224566
BinVal : 9 30 1 0.0194201 0.0194201
BinVal : 9 31 1 0.039392 0.039392
BinVal : 9 32 0.833333 0.152145 0.152145
BinVal : 9 33 0 0 0
BinVal : 9 34 0 0 0
BinVal : 9 35 0 0 0
BinVal : 9 36 0 0 0
BinVal : 9 37 0 0 0
BinVal : 9 38 0 0 0
BinVal : 9 39 0 0 0
BinVal : 9 40 0 0 0
BinVal : 9 41 0 0 0
BinVal : 9 42 0 0 0
BinVal : 9 43 0 0 0
BinVal : 10 0 0 0 0
BinVal : 10 1 0 0 0
BinVal : 10 2 0 0 0
BinVal : 10 3 0 0 0
BinVal : 10 4 0 0 0
BinVal : 10 5 0 0 0
BinVal : 10 6 0 0 0
BinVal : 10 7 0 0 0
BinVal : 10 8 0 0 0
BinVal : 10 9 0 0 0
BinVal : 10 10 0 0 0
BinVal : 10 11 1 0.124824 0.124824
BinVal : 10 12 1 0.0233703 0.0233703
BinVal : 10 13 1 0.0131822 0.0131822
BinVal : 10 14 1 0.00948286 0.00948286
BinVal : 10 15 1 0.0105252 0.0105252
BinVal : 10 16 1 0.0113578 0.0113578
BinVal : 10 17 1 0.0126033 0.0126033
BinVal : 10 18 1 0.00997686 0.00997686
BinVal : 10 19 0.9375 0.0302577 0.0302577
BinVal : 10 20 0.928571 0.0344151 0.0344151
BinVal : 10 21 1 0.012074 0.012074
BinVal : 10 22 0.740741 0.0596353 0.0596353
BinVal : 10 23 0.5 0.0771517 0.0771517
BinVal : 10 24 0.962963 0.0256996 0.0256996
BinVal : 10 25 0.927536 0.0312105 0.0312105
BinVal : 10 26 0.97619 0.0235244 0.0235244
BinVal : 10 27 0.943396 0.0317418 0.0317418
BinVal : 10 28 1 0.0131822 0.0131822
BinVal : 10 29 0.975 0.0246855 0.0246855
BinVal : 10 30 1 0.0145144 0.0145144
BinVal : 10 31 0.964286 0.0350707 0.0350707
BinVal : 10 32 1 0.0871301 0.0871301
BinVal : 10 33 0 0 0
BinVal : 10 34 0 0 0
BinVal : 10 35 0 0 0
BinVal : 10 36 0 0 0
BinVal : 10 37 0 0 0
BinVal : 10 38 0 0 0
BinVal : 10 39 0 0 0
BinVal : 10 40 0 0 0
BinVal : 10 41 0 0 0
BinVal : 10 42 0 0 0
BinVal : 10 43 0 0 0
BinVal : 11 0 0 0 0
BinVal : 11 1 0 0 0
BinVal : 11 2 0 0 0
BinVal : 11 3 0 0 0
BinVal : 11 4 0 0 0
BinVal : 11 5 0 0 0
BinVal : 11 6 0 0 0
BinVal : 11 7 0 0 0
BinVal : 11 8 0 0 0
BinVal : 11 9 0 0 0
BinVal : 11 10 0 0 0
BinVal : 11 11 0 0 0
BinVal : 11 12 0.944444 0.0539903 0.0539903
BinVal : 11 13 0.852941 0.0607387 0.0607387
BinVal : 11 14 0.854167 0.0509424 0.0509424
BinVal : 11 15 0.930233 0.0388497 0.0388497
BinVal : 11 16 0.96 0.0277128 0.0277128
BinVal : 11 17 0.904762 0.0452948 0.0452948
BinVal : 11 18 0.969231 0.0214198 0.0214198
BinVal : 11 19 1 0.0115867 0.0115867
BinVal : 11 20 0.8 0.053936 0.053936
BinVal : 11 21 1 0.00903559 0.00903559
BinVal : 11 22 0.760563 0.0506447 0.0506447
BinVal : 11 23 0.516129 0.063467 0.063467
BinVal : 11 24 0.923077 0.0369527 0.0369527
BinVal : 11 25 0.983607 0.0162585 0.0162585
BinVal : 11 26 0.897436 0.0485811 0.0485811
BinVal : 11 27 0.949153 0.0286007 0.0286007
BinVal : 11 28 0.9375 0.0349386 0.0349386
BinVal : 11 29 0.954545 0.0314022 0.0314022
BinVal : 11 30 0.806452 0.0709583 0.0709583
BinVal : 11 31 0.842105 0.0836547 0.0836547
BinVal : 11 32 0 0 0
BinVal : 11 33 0 0 0
BinVal : 11 34 0 0 0
BinVal : 11 35 0 0 0
BinVal : 11 36 0 0 0
BinVal : 11 37 0 0 0
BinVal : 11 38 0 0 0
BinVal : 11 39 0 0 0
BinVal : 11 40 0 0 0
BinVal : 11 41 0 0 0
BinVal : 11 42 0 0 0
BinVal : 11 43 0 0 0
BinVal : 12 0 0 0 0
BinVal : 12 1 0 0 0
BinVal : 12 2 0 0 0
BinVal : 12 3 0 0 0
BinVal : 12 4 0 0 0
BinVal : 12 5 0 0 0
BinVal : 12 6 0 0 0
BinVal : 12 7 0 0 0
BinVal : 12 8 0 0 0
BinVal : 12 9 0 0 0
BinVal : 12 10 0 0 0
BinVal : 12 11 0 0 0
BinVal : 12 12 0.888889 0.0740741 0.0740741
BinVal : 12 13 0.9 0.067082 0.067082
BinVal : 12 14 0.970588 0.028976 0.028976
BinVal : 12 15 0.9375 0.0302577 0.0302577
BinVal : 12 16 0.904762 0.036983 0.036983
BinVal : 12 17 0.921569 0.0376464 0.0376464
BinVal : 12 18 0.931035 0.0332725 0.0332725
BinVal : 12 19 0.977778 0.0219739 0.0219739
BinVal : 12 20 0.87931 0.0427752 0.0427752
BinVal : 12 21 0.738462 0.0545099 0.0545099
BinVal : 12 22 0.95 0.0281366 0.0281366
BinVal : 12 23 0.754386 0.0570146 0.0570146
BinVal : 12 24 0.953488 0.0321147 0.0321147
BinVal : 12 25 0.968254 0.0220886 0.0220886
BinVal : 12 26 0.947368 0.0362235 0.0362235
BinVal : 12 27 0.968254 0.0220886 0.0220886
BinVal : 12 28 0.964286 0.0247988 0.0247988
BinVal : 12 29 0.888889 0.0427667 0.0427667
BinVal : 12 30 0.75 0.0652791 0.0652791
BinVal : 12 31 1 0.0346427 0.0346427
BinVal : 12 32 0 0 0
BinVal : 12 33 0 0 0
BinVal : 12 34 0 0 0
BinVal : 12 35 0 0 0
BinVal : 12 36 0 0 0
BinVal : 12 37 0 0 0
BinVal : 12 38 0 0 0
BinVal : 12 39 0 0 0
BinVal : 12 40 0 0 0
BinVal : 12 41 0 0 0
BinVal : 12 42 0 0 0
BinVal : 12 43 0 0 0
BinVal : 13 0 0 0 0
BinVal : 13 1 0 0 0
BinVal : 13 2 0 0 0
BinVal : 13 3 0 0 0
BinVal : 13 4 0 0 0
BinVal : 13 5 0 0 0
BinVal : 13 6 0 0 0
BinVal : 13 7 0 0 0
BinVal : 13 8 0 0 0
BinVal : 13 9 0 0 0
BinVal : 13 10 0 0 0
BinVal : 13 11 1 0.0756803 0.0756803
BinVal : 13 12 0.972222 0.0273893 0.0273893
BinVal : 13 13 0.980392 0.0194147 0.0194147
BinVal : 13 14 1 0.0083766 0.0083766
BinVal : 13 15 0.982759 0.0170921 0.0170921
BinVal : 13 16 0.96 0.0226274 0.0226274
BinVal : 13 17 0.964286 0.0247988 0.0247988
BinVal : 13 18 0.910448 0.0348842 0.0348842
BinVal : 13 19 0.905882 0.031671 0.031671
BinVal : 13 20 0.946237 0.0233885 0.0233885
BinVal : 13 21 0.695652 0.0479719 0.0479719
BinVal : 13 22 0.974359 0.017897 0.017897
BinVal : 13 23 0.904762 0.0320282 0.0320282
BinVal : 13 24 0.957143 0.0242076 0.0242076
BinVal : 13 25 0.973333 0.0186031 0.0186031
BinVal : 13 26 0.985915 0.013985 0.013985
BinVal : 13 27 0.982759 0.0170921 0.0170921
BinVal : 13 28 1 0.00721884 0.00721884
BinVal : 13 29 0.978261 0.0215015 0.0215015
BinVal : 13 30 0.978261 0.0215015 0.0215015
BinVal : 13 31 1 0.0208287 0.0208287
BinVal : 13 32 0.5 0.353553 0.353553
BinVal : 13 33 0 0 0
BinVal : 13 34 0 0 0
BinVal : 13 35 0 0 0
BinVal : 13 36 0 0 0
BinVal : 13 37 0 0 0
BinVal : 13 38 0 0 0
BinVal : 13 39 0 0 0
BinVal : 13 40 0 0 0
BinVal : 13 41 0 0 0
BinVal : 13 42 0 0 0
BinVal : 13 43 0 0 0
BinVal : 14 0 0 0 0
BinVal : 14 1 0 0 0
BinVal : 14 2 0 0 0
BinVal : 14 3 0 0 0
BinVal : 14 4 0 0 0
BinVal : 14 5 0 0 0
BinVal : 14 6 0 0 0
BinVal : 14 7 0 0 0
BinVal : 14 8 0 0 0
BinVal : 14 9 0 0 0
BinVal : 14 10 0 0 0
BinVal : 14 11 1 0.0368657 0.0368657
BinVal : 14 12 1 0.0134912 0.0134912
BinVal : 14 13 0.969697 0.0211003 0.0211003
BinVal : 14 14 1 0.00862837 0.00862837
BinVal : 14 15 0.988095 0.0118337 0.0118337
BinVal : 14 16 0.927536 0.0312105 0.0312105
BinVal : 14 17 0.855422 0.0386014 0.0386014
BinVal : 14 18 0.932584 0.0265785 0.0265785
BinVal : 14 19 0.758621 0.0458778 0.0458778
BinVal : 14 20 0.990566 0.00938936 0.00938936
BinVal : 14 21 0.736364 0.04201 0.04201
BinVal : 14 22 0.988095 0.0118337 0.0118337
BinVal : 14 23 0.892157 0.0307126 0.0307126
BinVal : 14 24 0.82716 0.0420121 0.0420121
BinVal : 14 25 0.975904 0.0168322 0.0168322
BinVal : 14 26 1 0.0074048 0.0074048
BinVal : 14 27 0.853333 0.0408502 0.0408502
BinVal : 14 28 0.989583 0.0103623 0.0103623
BinVal : 14 29 1 0.0074048 0.0074048
BinVal : 14 30 0.962963 0.0256996 0.0256996
BinVal : 14 31 1 0.0131822 0.0131822
BinVal : 14 32 1 0.0422902 0.0422902
BinVal : 14 33 0 0 0
BinVal : 14 34 0 0 0
BinVal : 14 35 0 0 0
BinVal : 14 36 0 0 0
BinVal : 14 37 0 0 0
BinVal : 14 38 0 0 0
BinVal : 14 39 0 0 0
BinVal : 14 40 0 0 0
BinVal : 14 41 0 0 0
BinVal : 14 42 0 0 0
BinVal : 14 43 0 0 0
BinVal : 15 0 0 0 0
BinVal : 15 1 0 0 0
BinVal : 15 2 0 0 0
BinVal : 15 3 0 0 0
BinVal : 15 4 0 0 0
BinVal : 15 5 0 0 0
BinVal : 15 6 0 0 0
BinVal : 15 7 0 0 0
BinVal : 15 8 0 0 0
BinVal : 15 9 0 0 0
BinVal : 15 10 0 0 0
BinVal : 15 11 0.625 0.171163 0.171163
BinVal : 15 12 0.8 0.0676123 0.0676123
BinVal : 15 13 0.914894 0.0407022 0.0407022
BinVal : 15 14 0.9 0.0424264 0.0424264
BinVal : 15 15 0.942857 0.0277431 0.0277431
BinVal : 15 16 0.854839 0.0447375 0.0447375
BinVal : 15 17 0.8 0.0478091 0.0478091
BinVal : 15 18 0.959184 0.0282664 0.0282664
BinVal : 15 19 0.850575 0.0382216 0.0382216
BinVal : 15 20 0.93 0.0255147 0.0255147
BinVal : 15 21 0.638298 0.0495591 0.0495591
BinVal : 15 22 0.982609 0.0121901 0.0121901
BinVal : 15 23 0.90625 0.0297491 0.0297491
BinVal : 15 24 0.771739 0.043758 0.043758
BinVal : 15 25 0.981481 0.0183463 0.0183463
BinVal : 15 26 0.988764 0.0111727 0.0111727
BinVal : 15 27 0.75 0.0625 0.0625
BinVal : 15 28 0.963415 0.0207326 0.0207326
BinVal : 15 29 0.935484 0.0312001 0.0312001
BinVal : 15 30 0.962963 0.0256996 0.0256996
BinVal : 15 31 0.886364 0.0478452 0.0478452
BinVal : 15 32 1 0.0293374 0.0293374
BinVal : 15 33 0 0 0
BinVal : 15 34 0 0 0
BinVal : 15 35 0 0 0
BinVal : 15 36 0 0 0
BinVal : 15 37 0 0 0
BinVal : 15 38 0 0 0
BinVal : 15 39 0 0 0
BinVal : 15 40 0 0 0
BinVal : 15 41 0 0 0
BinVal : 15 42 0 0 0
BinVal : 15 43 0 0 0
BinVal : 16 0 0 0 0
BinVal : 16 1 0 0 0
BinVal : 16 2 0 0 0
BinVal : 16 3 0 0 0
BinVal : 16 4 0 0 0
BinVal : 16 5 0 0 0
BinVal : 16 6 0 0 0
BinVal : 16 7 0 0 0
BinVal : 16 8 0 0 0
BinVal : 16 9 0 0 0
BinVal : 16 10 0 0 0
BinVal : 16 11 0.894737 0.0704059 0.0704059
BinVal : 16 12 0.85 0.0798436 0.0798436
BinVal : 16 13 0.9375 0.0349386 0.0349386
BinVal : 16 14 0.913043 0.0339213 0.0339213
BinVal : 16 15 0.911765 0.034396 0.034396
BinVal : 16 16 0.857143 0.0440867 0.0440867
BinVal : 16 17 0.868421 0.038775 0.038775
BinVal : 16 18 0.929577 0.0303647 0.0303647
BinVal : 16 19 0.76 0.0427083 0.0427083
BinVal : 16 20 0.989011 0.0109285 0.0109285
BinVal : 16 21 0.675 0.0427566 0.0427566
BinVal : 16 22 0.982301 0.0124039 0.0124039
BinVal : 16 23 0.920792 0.0268723 0.0268723
BinVal : 16 24 0.736842 0.0505113 0.0505113
BinVal : 16 25 0.972973 0.018851 0.018851
BinVal : 16 26 0.931818 0.0268694 0.0268694
BinVal : 16 27 0.848485 0.0441345 0.0441345
BinVal : 16 28 0.972222 0.0193671 0.0193671
BinVal : 16 29 0.916667 0.0356812 0.0356812
BinVal : 16 30 0.909091 0.0387638 0.0387638
BinVal : 16 31 0.955556 0.0307207 0.0307207
BinVal : 16 32 0.866667 0.0877707 0.0877707
BinVal : 16 33 0 0 0
BinVal : 16 34 0 0 0
BinVal : 16 35 0 0 0
BinVal : 16 36 0 0 0
BinVal : 16 37 0 0 0
BinVal : 16 38 0 0 0
BinVal : 16 39 0 0 0
BinVal : 16 40 0 0 0
BinVal : 16 41 0 0 0
BinVal : 16 42 0 0 0
BinVal : 16 43 0 0 0
BinVal : 17 0 0 0 0
BinVal : 17 1 0 0 0
BinVal : 17 2 0 0 0
BinVal : 17 3 0 0 0
BinVal : 17 4 0 0 0
BinVal : 17 5 0 0 0
BinVal : 17 6 0 0 0
BinVal : 17 7 0 0 0
BinVal : 17 8 0 0 0
BinVal : 17 9 0 0 0
BinVal : 17 10 0 0 0
BinVal : 17 11 1 0.0309157 0.0309157
BinVal : 17 12 1 0.0126033 0.0126033
BinVal : 17 13 1 0.0088954 0.0088954
BinVal : 17 14 1 0.00791502 0.00791502
BinVal : 17 15 1 0.00560045 0.00560045
BinVal : 17 16 0.936709 0.0273943 0.0273943
BinVal : 17 17 0.893617 0.0318015 0.0318015
BinVal : 17 18 0.895349 0.033008 0.033008
BinVal : 17 19 0.794393 0.0390702 0.0390702
BinVal : 17 20 1 0.00446749 0.00446749
BinVal : 17 21 0.792308 0.0355783 0.0355783
BinVal : 17 22 0.992063 0.00790495 0.00790495
BinVal : 17 23 0.888 0.0282072 0.0282072
BinVal : 17 24 0.79 0.0407308 0.0407308
BinVal : 17 25 0.980769 0.019045 0.019045
BinVal : 17 26 0.948454 0.0224503 0.0224503
BinVal : 17 27 0.898734 0.0339417 0.0339417
BinVal : 17 28 1 0.00634241 0.00634241
BinVal : 17 29 1 0.0065589 0.0065589
BinVal : 17 30 1 0.00791502 0.00791502
BinVal : 17 31 1 0.00917959 0.00917959
BinVal : 17 32 1 0.0233703 0.0233703
BinVal : 17 33 0 0 0
BinVal : 17 34 0 0 0
BinVal : 17 35 0 0 0
BinVal : 17 36 0 0 0
BinVal : 17 37 0 0 0
BinVal : 17 38 0 0 0
BinVal : 17 39 0 0 0
BinVal : 17 40 0 0 0
BinVal : 17 41 0 0 0
BinVal : 17 42 0 0 0
BinVal : 17 43 0 0 0
BinVal : 18 0 0 0 0
BinVal : 18 1 0 0 0
BinVal : 18 2 0 0 0
BinVal : 18 3 0 0 0
BinVal : 18 4 0 0 0
BinVal : 18 5 0 0 0
BinVal : 18 6 0 0 0
BinVal : 18 7 0 0 0
BinVal : 18 8 0 0 0
BinVal : 18 9 0 0 0
BinVal : 18 10 0 0 0
BinVal : 18 11 1 0.0599198 0.0599198
BinVal : 18 12 1 0.0105252 0.0105252
BinVal : 18 13 0.979167 0.0206152 0.0206152
BinVal : 18 14 1 0.00571108 0.00571108
BinVal : 18 15 1 0.00627279 0.00627279
BinVal : 18 16 0.984375 0.0155024 0.0155024
BinVal : 18 17 0.913043 0.0339213 0.0339213
BinVal : 18 18 0.826087 0.0395171 0.0395171
BinVal : 18 19 0.948052 0.0252904 0.0252904
BinVal : 18 20 0.91129 0.0255331 0.0255331
BinVal : 18 21 0.803419 0.0367408 0.0367408
BinVal : 18 22 0.973451 0.015123 0.015123
BinVal : 18 23 0.877193 0.0307402 0.0307402
BinVal : 18 24 0.957447 0.020819 0.020819
BinVal : 18 25 1 0.00760031 0.00760031
BinVal : 18 26 0.915493 0.0330099 0.0330099
BinVal : 18 27 0.988506 0.011428 0.011428
BinVal : 18 28 1 0.00721884 0.00721884
BinVal : 18 29 1 0.00760031 0.00760031
BinVal : 18 30 1 0.0083766 0.0083766
BinVal : 18 31 1 0.0101533 0.0101533
BinVal : 18 32 1 0.0599198 0.0599198
BinVal : 18 33 0 0 0
BinVal : 18 34 0 0 0
BinVal : 18 35 0 0 0
BinVal : 18 36 0 0 0
BinVal : 18 37 0 0 0
BinVal : 18 38 0 0 0
BinVal : 18 39 0 0 0
BinVal : 18 40 0 0 0
BinVal : 18 41 0 0 0
BinVal : 18 42 0 0 0
BinVal : 18 43 0 0 0
BinVal : 19 0 0 0 0
BinVal : 19 1 0 0 0
BinVal : 19 2 0 0 0
BinVal : 19 3 0 0 0
BinVal : 19 4 0 0 0
BinVal : 19 5 0 0 0
BinVal : 19 6 0 0 0
BinVal : 19 7 0 0 0
BinVal : 19 8 0 0 0
BinVal : 19 9 0 0 0
BinVal : 19 10 0 0 0
BinVal : 19 11 0 0 0
BinVal : 19 12 0.875 0.0675077 0.0675077
BinVal : 19 13 0.9 0.0424264 0.0424264
BinVal : 19 14 0.919355 0.0345808 0.0345808
BinVal : 19 15 0.962264 0.026175 0.026175
BinVal : 19 16 0.9 0.0358569 0.0358569
BinVal : 19 17 0.836735 0.0528011 0.0528011
BinVal : 19 18 0.772727 0.0631772 0.0631772
BinVal : 19 19 0.929412 0.0277818 0.0277818
BinVal : 19 20 0.837209 0.0562986 0.0562986
BinVal : 19 21 0.780488 0.0457094 0.0457094
BinVal : 19 22 0.938272 0.0267402 0.0267402
BinVal : 19 23 0.84507 0.0429422 0.0429422
BinVal : 19 24 0.885246 0.0408085 0.0408085
BinVal : 19 25 0.744681 0.063603 0.063603
BinVal : 19 26 0.730159 0.0559233 0.0559233
BinVal : 19 27 0.893939 0.0379017 0.0379017
BinVal : 19 28 0.895522 0.0373691 0.0373691
BinVal : 19 29 0.844444 0.0540284 0.0540284
BinVal : 19 30 0.813953 0.0593439 0.0593439
BinVal : 19 31 0.904762 0.0640564 0.0640564
BinVal : 19 32 0 0 0
BinVal : 19 33 0 0 0
BinVal : 19 34 0 0 0
BinVal : 19 35 0 0 0
BinVal : 19 36 0 0 0
BinVal : 19 37 0 0 0
BinVal : 19 38 0 0 0
BinVal : 19 39 0 0 0
BinVal : 19 40 0 0 0
BinVal : 19 41 0 0 0
BinVal : 19 42 0 0 0
BinVal : 19 43 0 0 0
BinVal : 20 0 0 0 0
BinVal : 20 1 0 0 0
BinVal : 20 2 0 0 0
BinVal : 20 3 0 0 0
BinVal : 20 4 0 0 0
BinVal : 20 5 0 0 0
BinVal : 20 6 0 0 0
BinVal : 20 7 0 0 0
BinVal : 20 8 0 0 0
BinVal : 20 9 0 0 0
BinVal : 20 10 0 0 0
BinVal : 20 11 0 0 0
BinVal : 20 12 1 0.0266185 0.0266185
BinVal : 20 13 0.901961 0.0416398 0.0416398
BinVal : 20 14 0.918033 0.0351224 0.0351224
BinVal : 20 15 0.893333 0.0356443 0.0356443
BinVal : 20 16 0.83871 0.0660586 0.0660586
BinVal : 20 17 0.652174 0.0993113 0.0993113
BinVal : 20 18 0.684211 0.106639 0.106639
BinVal : 20 19 0.945455 0.0306209 0.0306209
BinVal : 20 20 0.928571 0.0260154 0.0260154
BinVal : 20 21 0.98913 0.0108103 0.0108103
BinVal : 20 22 0.977778 0.0155379 0.0155379
BinVal : 20 23 0.863158 0.0352609 0.0352609
BinVal : 20 24 0.927273 0.0350164 0.0350164
BinVal : 20 25 0.722222 0.105572 0.105572
BinVal : 20 26 0.727273 0.0949515 0.0949515
BinVal : 20 27 0.931035 0.0470544 0.0470544
BinVal : 20 28 0.929825 0.0338342 0.0338342
BinVal : 20 29 0.918367 0.0391149 0.0391149
BinVal : 20 30 0.851064 0.0519317 0.0519317
BinVal : 20 31 0.903226 0.0531003 0.0531003
BinVal : 20 32 0 0 0
BinVal : 20 33 0 0 0
BinVal : 20 34 0 0 0
BinVal : 20 35 0 0 0
BinVal : 20 36 0 0 0
BinVal : 20 37 0 0 0
BinVal : 20 38 0 0 0
BinVal : 20 39 0 0 0
BinVal : 20 40 0 0 0
BinVal : 20 41 0 0 0
BinVal : 20 42 0 0 0
BinVal : 20 43 0 0 0
BinVal : 21 0 0 0 0
BinVal : 21 1 0 0 0
BinVal : 21 2 0 0 0
BinVal : 21 3 0 0 0
BinVal : 21 4 0 0 0
BinVal : 21 5 0 0 0
BinVal : 21 6 0 0 0
BinVal : 21 7 0 0 0
BinVal : 21 8 0 0 0
BinVal : 21 9 0 0 0
BinVal : 21 10 0 0 0
BinVal : 21 11 1 0.0871301 0.0871301
BinVal : 21 12 1 0.0171075 0.0171075
BinVal : 21 13 1 0.0126033 0.0126033
BinVal : 21 14 1 0.00731039 0.00731039
BinVal : 21 15 0.966102 0.02356 0.02356
BinVal : 21 16 0.862069 0.0640329 0.0640329
BinVal : 21 17 0.922222 0.0282309 0.0282309
BinVal : 21 18 0.804348 0.0584905 0.0584905
BinVal : 21 19 0.956522 0.0212613 0.0212613
BinVal : 21 20 0.942857 0.0226521 0.0226521
BinVal : 21 21 0.982456 0.0122961 0.0122961
BinVal : 21 22 0.972727 0.0155297 0.0155297
BinVal : 21 23 0.901961 0.0294438 0.0294438
BinVal : 21 24 0.929293 0.0257626 0.0257626
BinVal : 21 25 0.9 0.0474342 0.0474342
BinVal : 21 26 0.862069 0.0369694 0.0369694
BinVal : 21 27 0.666667 0.096225 0.096225
BinVal : 21 28 0.973684 0.0183616 0.0183616
BinVal : 21 29 0.987952 0.0119754 0.0119754
BinVal : 21 30 1 0.00932837 0.00932837
BinVal : 21 31 0.957447 0.0294425 0.0294425
BinVal : 21 32 1 0.0668855 0.0668855
BinVal : 21 33 0 0 0
BinVal : 21 34 0 0 0
BinVal : 21 35 0 0 0
BinVal : 21 36 0 0 0
BinVal : 21 37 0 0 0
BinVal : 21 38 0 0 0
BinVal : 21 39 0 0 0
BinVal : 21 40 0 0 0
BinVal : 21 41 0 0 0
BinVal : 21 42 0 0 0
BinVal : 21 43 0 0 0
BinVal : 22 0 0 0 0
BinVal : 22 1 0 0 0
BinVal : 22 2 0 0 0
BinVal : 22 3 0 0 0
BinVal : 22 4 0 0 0
BinVal : 22 5 0 0 0
BinVal : 22 6 0 0 0
BinVal : 22 7 0 0 0
BinVal : 22 8 0 0 0
BinVal : 22 9 0 0 0
BinVal : 22 10 0 0 0
BinVal : 22 11 1 0.0368657 0.0368657
BinVal : 22 12 1 0.0115867 0.0115867
BinVal : 22 13 1 0.00932837 0.00932837
BinVal : 22 14 1 0.00731039 0.00731039
BinVal : 22 15 0.930233 0.0388497 0.0388497
BinVal : 22 16 0 0 0
BinVal : 22 17 0 0 0
BinVal : 22 18 0 0 0
BinVal : 22 19 0 0 0
BinVal : 22 20 0.5 0.353553 0.353553
BinVal : 22 21 0 0 0
BinVal : 22 22 0.5 0.25 0.25
BinVal : 22 23 0 0 0
BinVal : 22 24 0 0 0
BinVal : 22 25 0 0 0
BinVal : 22 26 0 0 0
BinVal : 22 27 0.75 0.216506 0.216506
BinVal : 22 28 1 0.0131822 0.0131822
BinVal : 22 29 1 0.00850058 0.00850058
BinVal : 22 30 1 0.0101533 0.0101533
BinVal : 22 31 1 0.0152869 0.0152869
BinVal : 22 32 0.96 0.0391918 0.0391918
BinVal : 22 33 0 0 0
BinVal : 22 34 0 0 0
BinVal : 22 35 0 0 0
BinVal : 22 36 0 0 0
BinVal : 22 37 0 0 0
BinVal : 22 38 0 0 0
BinVal : 22 39 0 0 0
BinVal : 22 40 0 0 0
BinVal : 22 41 0 0 0
BinVal : 22 42 0 0 0
BinVal : 22 43 0 0 0
BinVal : 23 0 0 0 0
BinVal : 23 1 0 0 0
BinVal : 23 2 0 0 0
BinVal : 23 3 0 0 0
BinVal : 23 4 0 0 0
BinVal : 23 5 0 0 0
BinVal : 23 6 0 0 0
BinVal : 23 7 0 0 0
BinVal : 23 8 0 0 0
BinVal : 23 9 0 0 0
BinVal : 23 10 0 0 0
BinVal : 23 11 0.727273 0.0949515 0.0949515
BinVal : 23 12 0.857143 0.0539949 0.0539949
BinVal : 23 13 0.913043 0.0415449 0.0415449
BinVal : 23 14 0.9 0.0358569 0.0358569
BinVal : 23 15 0.928571 0.0486704 0.0486704
BinVal : 23 16 0 0 0
BinVal : 23 17 0 0 0
BinVal : 23 18 0 0 0
BinVal : 23 19 0 0 0
BinVal : 23 20 0.0714286 0.0486704 0.0486704
BinVal : 23 21 0.0333333 0.0327731 0.0327731
BinVal : 23 22 0 0 0
BinVal : 23 23 0.0454545 0.0444095 0.0444095
BinVal : 23 24 0 0 0
BinVal : 23 25 0 0 0
BinVal : 23 26 0 0 0
BinVal : 23 27 0 0 0
BinVal : 23 28 0.970588 0.028976 0.028976
BinVal : 23 29 0.933333 0.0322031 0.0322031
BinVal : 23 30 0.829787 0.0548189 0.0548189
BinVal : 23 31 0.75 0.0765466 0.0765466
BinVal : 23 32 0.9375 0.0605154 0.0605154
BinVal : 23 33 0 0 0
BinVal : 23 34 0 0 0
BinVal : 23 35 0 0 0
BinVal : 23 36 0 0 0
BinVal : 23 37 0 0 0
BinVal : 23 38 0 0 0
BinVal : 23 39 0 0 0
BinVal : 23 40 0 0 0
BinVal : 23 41 0 0 0
BinVal : 23 42 0 0 0
BinVal : 23 43 0 0 0
BinVal : 24 0 0 0 0
BinVal : 24 1 0 0 0
BinVal : 24 2 0 0 0
BinVal : 24 3 0 0 0
BinVal : 24 4 0 0 0
BinVal : 24 5 0 0 0
BinVal : 24 6 0 0 0
BinVal : 24 7 0 0 0
BinVal : 24 8 0 0 0
BinVal : 24 9 0 0 0
BinVal : 24 10 0 0 0
BinVal : 24 11 0.823529 0.0924594 0.0924594
BinVal : 24 12 0.818182 0.0671408 0.0671408
BinVal : 24 13 0.930233 0.0388497 0.0388497
BinVal : 24 14 0.901961 0.0416398 0.0416398
BinVal : 24 15 0.903226 0.0531003 0.0531003
BinVal : 24 16 0 0 0
BinVal : 24 17 0 0 0
BinVal : 24 18 0 0 0
BinVal : 24 19 0 0 0
BinVal : 24 20 0.0425532 0.0294425 0.0294425
BinVal : 24 21 0 0 0
BinVal : 24 22 0.0294118 0.0204891 0.0204891
BinVal : 24 23 0 0 0
BinVal : 24 24 0 0 0
BinVal : 24 25 0 0 0
BinVal : 24 26 0 0 0
BinVal : 24 27 0 0 0
BinVal : 24 28 0.96 0.0391918 0.0391918
BinVal : 24 29 0.967213 0.0228006 0.0228006
BinVal : 24 30 0.857143 0.0539949 0.0539949
BinVal : 24 31 0.9 0.0474342 0.0474342
BinVal : 24 32 0.8125 0.0975781 0.0975781
BinVal : 24 33 0 0 0
BinVal : 24 34 0 0 0
BinVal : 24 35 0 0 0
BinVal : 24 36 0 0 0
BinVal : 24 37 0 0 0
BinVal : 24 38 0 0 0
BinVal : 24 39 0 0 0
BinVal : 24 40 0 0 0
BinVal : 24 41 0 0 0
BinVal : 24 42 0 0 0
BinVal : 24 43 0 0 0
BinVal : 25 0 0 0 0
BinVal : 25 1 0 0 0
BinVal : 25 2 0 0 0
BinVal : 25 3 0 0 0
BinVal : 25 4 0 0 0
BinVal : 25 5 0 0 0
BinVal : 25 6 0 0 0
BinVal : 25 7 0 0 0
BinVal : 25 8 0 0 0
BinVal : 25 9 0 0 0
BinVal : 25 10 0 0 0
BinVal : 25 11 1 0.0233703 0.0233703
BinVal : 25 12 0.769231 0.0584273 0.0584273
BinVal : 25 13 1 0.0115867 0.0115867
BinVal : 25 14 0.985915 0.013985 0.013985
BinVal : 25 15 1 0.017632 0.017632
BinVal : 25 16 0.5 0.353553 0.353553
BinVal : 25 17 0 0 0
BinVal : 25 18 0 0 0
BinVal : 25 19 0 0 0
BinVal : 25 20 0 0 0
BinVal : 25 21 0 0 0
BinVal : 25 22 0 0 0
BinVal : 25 23 0.333333 0.272166 0.272166
BinVal : 25 24 0 0 0
BinVal : 25 25 1 0.218486 0.218486
BinVal : 25 26 0 0 0
BinVal : 25 27 0 0 0
BinVal : 25 28 0.98 0.019799 0.019799
BinVal : 25 29 1 0.0101533 0.0101533
BinVal : 25 30 0.980769 0.019045 0.019045
BinVal : 25 31 0.980392 0.0194147 0.0194147
BinVal : 25 32 1 0.0279117 0.0279117
BinVal : 25 33 0 0 0
BinVal : 25 34 0 0 0
BinVal : 25 35 0 0 0
BinVal : 25 36 0 0 0
BinVal : 25 37 0 0 0
BinVal : 25 38 0 0 0
BinVal : 25 39 0 0 0
BinVal : 25 40 0 0 0
BinVal : 25 41 0 0 0
BinVal : 25 42 0 0 0
BinVal : 25 43 0 0 0
BinVal : 26 0 0 0 0
BinVal : 26 1 0 0 0
BinVal : 26 2 0 0 0
BinVal : 26 3 0 0 0
BinVal : 26 4 0 0 0
BinVal : 26 5 0 0 0
BinVal : 26 6 0 0 0
BinVal : 26 7 0 0 0
BinVal : 26 8 0 0 0
BinVal : 26 9 0 0 0
BinVal : 26 10 0 0 0
BinVal : 26 11 1 0.0871301 0.0871301
BinVal : 26 12 0.78 0.0585833 0.0585833
BinVal : 26 13 0.947368 0.0295764 0.0295764
BinVal : 26 14 0.984375 0.0155024 0.0155024
BinVal : 26 15 0.980392 0.0194147 0.0194147
BinVal : 26 16 0.833333 0.107583 0.107583
BinVal : 26 17 0.753086 0.0479129 0.0479129
BinVal : 26 18 0.971429 0.0281603 0.0281603
BinVal : 26 19 0.922222 0.0282309 0.0282309
BinVal : 26 20 0.886598 0.032195 0.032195
BinVal : 26 21 0.96 0.0226274 0.0226274
BinVal : 26 22 0.988235 0.0116953 0.0116953
BinVal : 26 23 0.882353 0.0349464 0.0349464
BinVal : 26 24 0.883117 0.0366134 0.0366134
BinVal : 26 25 0.891892 0.0510487 0.0510487
BinVal : 26 26 0.590909 0.0605199 0.0605199
BinVal : 26 27 0.454545 0.106159 0.106159
BinVal : 26 28 1 0.012074 0.012074
BinVal : 26 29 0.983607 0.0162585 0.0162585
BinVal : 26 30 0.979167 0.0206152 0.0206152
BinVal : 26 31 1 0.0113578 0.0113578
BinVal : 26 32 1 0.0599198 0.0599198
BinVal : 26 33 0 0 0
BinVal : 26 34 0 0 0
BinVal : 26 35 0 0 0
BinVal : 26 36 0 0 0
BinVal : 26 37 0 0 0
BinVal : 26 38 0 0 0
BinVal : 26 39 0 0 0
BinVal : 26 40 0 0 0
BinVal : 26 41 0 0 0
BinVal : 26 42 0 0 0
BinVal : 26 43 0 0 0
BinVal : 27 0 0 0 0
BinVal : 27 1 0 0 0
BinVal : 27 2 0 0 0
BinVal : 27 3 0 0 0
BinVal : 27 4 0 0 0
BinVal : 27 5 0 0 0
BinVal : 27 6 0 0 0
BinVal : 27 7 0 0 0
BinVal : 27 8 0 0 0
BinVal : 27 9 0 0 0
BinVal : 27 10 0 0 0
BinVal : 27 11 0 0 0
BinVal : 27 12 0.944444 0.0539903 0.0539903
BinVal : 27 13 0.719298 0.0595168 0.0595168
BinVal : 27 14 0.804878 0.0618908 0.0618908
BinVal : 27 15 0.90625 0.0364351 0.0364351
BinVal : 27 16 0.846154 0.0707589 0.0707589
BinVal : 27 17 1 0.0279117 0.0279117
BinVal : 27 18 0.8 0.126491 0.126491
BinVal : 27 19 0.978723 0.021049 0.021049
BinVal : 27 20 0.846154 0.0353795 0.0353795
BinVal : 27 21 0.959596 0.0197897 0.0197897
BinVal : 27 22 0.980769 0.0134668 0.0134668
BinVal : 27 23 0.741573 0.0464035 0.0464035
BinVal : 27 24 0.910714 0.0381055 0.0381055
BinVal : 27 25 1 0.0368657 0.0368657
BinVal : 27 26 0.526316 0.114549 0.114549
BinVal : 27 27 0.9 0.0474342 0.0474342
BinVal : 27 28 0.951613 0.027252 0.027252
BinVal : 27 29 0.8 0.0496139 0.0496139
BinVal : 27 30 0.895833 0.0440918 0.0440918
BinVal : 27 31 0.833333 0.087841 0.087841
BinVal : 27 32 0 0 0
BinVal : 27 33 0 0 0
BinVal : 27 34 0 0 0
BinVal : 27 35 0 0 0
BinVal : 27 36 0 0 0
BinVal : 27 37 0 0 0
BinVal : 27 38 0 0 0
BinVal : 27 39 0 0 0
BinVal : 27 40 0 0 0
BinVal : 27 41 0 0 0
BinVal : 27 42 0 0 0
BinVal : 27 43 0 0 0
BinVal : 28 0 0 0 0
BinVal : 28 1 0 0 0
BinVal : 28 2 0 0 0
BinVal : 28 3 0 0 0
BinVal : 28 4 0 0 0
BinVal : 28 5 0 0 0
BinVal : 28 6 0 0 0
BinVal : 28 7 0 0 0
BinVal : 28 8 0 0 0
BinVal : 28 9 0 0 0
BinVal : 28 10 0 0 0
BinVal : 28 11 0 0 0
BinVal : 28 12 0.954545 0.0444095 0.0444095
BinVal : 28 13 0.916667 0.0460642 0.0460642
BinVal : 28 14 0.954545 0.0314022 0.0314022
BinVal : 28 15 0.965517 0.0239589 0.0239589
BinVal : 28 16 0.942857 0.0277431 0.0277431
BinVal : 28 17 0.854545 0.047539 0.047539
BinVal : 28 18 0.585366 0.0769404 0.0769404
BinVal : 28 19 0.876543 0.0365512 0.0365512
BinVal : 28 20 0.785714 0.0548321 0.0548321
BinVal : 28 21 1 0.00671244 0.00671244
BinVal : 28 22 1 0.0101533 0.0101533
BinVal : 28 23 0.797297 0.046733 0.046733
BinVal : 28 24 0.932432 0.0291784 0.0291784
BinVal : 28 25 0.794872 0.064659 0.064659
BinVal : 28 26 0.866667 0.0506745 0.0506745
BinVal : 28 27 0.942857 0.0277431 0.0277431
BinVal : 28 28 0.895522 0.0373691 0.0373691
BinVal : 28 29 0.859375 0.0434543 0.0434543
BinVal : 28 30 0.772727 0.0631772 0.0631772
BinVal : 28 31 0.954545 0.0444095 0.0444095
BinVal : 28 32 0 0 0
BinVal : 28 33 0 0 0
BinVal : 28 34 0 0 0
BinVal : 28 35 0 0 0
BinVal : 28 36 0 0 0
BinVal : 28 37 0 0 0
BinVal : 28 38 0 0 0
BinVal : 28 39 0 0 0
BinVal : 28 40 0 0 0
BinVal : 28 41 0 0 0
BinVal : 28 42 0 0 0
BinVal : 28 43 0 0 0
BinVal : 29 0 0 0 0
BinVal : 29 1 0 0 0
BinVal : 29 2 0 0 0
BinVal : 29 3 0 0 0
BinVal : 29 4 0 0 0
BinVal : 29 5 0 0 0
BinVal : 29 6 0 0 0
BinVal : 29 7 0 0 0
BinVal : 29 8 0 0 0
BinVal : 29 9 0 0 0
BinVal : 29 10 0 0 0
BinVal : 29 11 1 0.0326734 0.0326734
BinVal : 29 12 0.973684 0.0259672 0.0259672
BinVal : 29 13 0.980392 0.0194147 0.0194147
BinVal : 29 14 1 0.00917959 0.00917959
BinVal : 29 15 1 0.00964212 0.00964212
BinVal : 29 16 0.971831 0.019636 0.019636
BinVal : 29 17 0.929577 0.0303647 0.0303647
BinVal : 29 18 0.670588 0.0509786 0.0509786
BinVal : 29 19 0.915663 0.0305027 0.0305027
BinVal : 29 20 0.875 0.0352548 0.0352548
BinVal : 29 21 1 0.00571108 0.00571108
BinVal : 29 22 0.988764 0.0111727 0.0111727
BinVal : 29 23 0.875 0.0337539 0.0337539
BinVal : 29 24 0.960784 0.0192195 0.0192195
BinVal : 29 25 0.94898 0.0222273 0.0222273
BinVal : 29 26 0.955882 0.0249031 0.0249031
BinVal : 29 27 0.9625 0.0212408 0.0212408
BinVal : 29 28 1 0.00721884 0.00721884
BinVal : 29 29 1 0.00850058 0.00850058
BinVal : 29 30 1 0.00997686 0.00997686
BinVal : 29 31 0.95 0.0344601 0.0344601
BinVal : 29 32 1 0.0495858 0.0495858
BinVal : 29 33 0 0 0
BinVal : 29 34 0 0 0
BinVal : 29 35 0 0 0
BinVal : 29 36 0 0 0
BinVal : 29 37 0 0 0
BinVal : 29 38 0 0 0
BinVal : 29 39 0 0 0
BinVal : 29 40 0 0 0
BinVal : 29 41 0 0 0
BinVal : 29 42 0 0 0
BinVal : 29 43 0 0 0
BinVal : 30 0 0 0 0
BinVal : 30 1 0 0 0
BinVal : 30 2 0 0 0
BinVal : 30 3 0 0 0
BinVal : 30 4 0 0 0
BinVal : 30 5 0 0 0
BinVal : 30 6 0 0 0
BinVal : 30 7 0 0 0
BinVal : 30 8 0 0 0
BinVal : 30 9 0 0 0
BinVal : 30 10 0 0 0
BinVal : 30 11 1 0.0279117 0.0279117
BinVal : 30 12 1 0.0134912 0.0134912
BinVal : 30 13 1 0.00917959 0.00917959
BinVal : 30 14 1 0.00825644 0.00825644
BinVal : 30 15 1 0.00825644 0.00825644
BinVal : 30 16 0.955882 0.0249031 0.0249031
BinVal : 30 17 1 0.00850058 0.00850058
BinVal : 30 18 0.64 0.0554256 0.0554256
BinVal : 30 19 0.797619 0.0438372 0.0438372
BinVal : 30 20 0.971698 0.0161072 0.0161072
BinVal : 30 21 1 0.00480413 0.00480413
BinVal : 30 22 0.983333 0.0116865 0.0116865
BinVal : 30 23 0.937008 0.0215582 0.0215582
BinVal : 30 24 0.863636 0.0365825 0.0365825
BinVal : 30 25 0.953125 0.0264214 0.0264214
BinVal : 30 26 0.965909 0.019344 0.019344
BinVal : 30 27 0.914286 0.0334594 0.0334594
BinVal : 30 28 1 0.00731039 0.00731039
BinVal : 30 29 1 0.00825644 0.00825644
BinVal : 30 30 1 0.00932837 0.00932837
BinVal : 30 31 0.981818 0.0180158 0.0180158
BinVal : 30 32 1 0.0243611 0.0243611
BinVal : 30 33 0 0 0
BinVal : 30 34 0 0 0
BinVal : 30 35 0 0 0
BinVal : 30 36 0 0 0
BinVal : 30 37 0 0 0
BinVal : 30 38 0 0 0
BinVal : 30 39 0 0 0
BinVal : 30 40 0 0 0
BinVal : 30 41 0 0 0
BinVal : 30 42 0 0 0
BinVal : 30 43 0 0 0
BinVal : 31 0 0 0 0
BinVal : 31 1 0 0 0
BinVal : 31 2 0 0 0
BinVal : 31 3 0 0 0
BinVal : 31 4 0 0 0
BinVal : 31 5 0 0 0
BinVal : 31 6 0 0 0
BinVal : 31 7 0 0 0
BinVal : 31 8 0 0 0
BinVal : 31 9 0 0 0
BinVal : 31 10 0 0 0
BinVal : 31 11 0.533333 0.128812 0.128812
BinVal : 31 12 0.631579 0.0782518 0.0782518
BinVal : 31 13 0.903226 0.0375476 0.0375476
BinVal : 31 14 0.888889 0.0427667 0.0427667
BinVal : 31 15 0.951219 0.0237879 0.0237879
BinVal : 31 16 0.935484 0.0312001 0.0312001
BinVal : 31 17 0.942029 0.0281328 0.0281328
BinVal : 31 18 0.746269 0.0531615 0.0531615
BinVal : 31 19 0.827957 0.0391364 0.0391364
BinVal : 31 20 0.917526 0.0279307 0.0279307
BinVal : 31 21 0.953488 0.0227085 0.0227085
BinVal : 31 22 0.981982 0.0126254 0.0126254
BinVal : 31 23 1 0.00554609 0.00554609
BinVal : 31 24 0.829268 0.0415526 0.0415526
BinVal : 31 25 0.939394 0.0293704 0.0293704
BinVal : 31 26 0.951807 0.0235086 0.0235086
BinVal : 31 27 0.862745 0.0481859 0.0481859
BinVal : 31 28 0.90625 0.0297491 0.0297491
BinVal : 31 29 0.942029 0.0281328 0.0281328
BinVal : 31 30 0.924528 0.0362839 0.0362839
BinVal : 31 31 0.97561 0.024091 0.024091
BinVal : 31 32 0.8125 0.0975781 0.0975781
BinVal : 31 33 0 0 0
BinVal : 31 34 0 0 0
BinVal : 31 35 0 0 0
BinVal : 31 36 0 0 0
BinVal : 31 37 0 0 0
BinVal : 31 38 0 0 0
BinVal : 31 39 0 0 0
BinVal : 31 40 0 0 0
BinVal : 31 41 0 0 0
BinVal : 31 42 0 0 0
BinVal : 31 43 0 0 0


