Comments : cosmic veto applied 
EffMethod : TagAndProbe 
EffName : eff 
EffType : Binned 
EffVarNames : phi deteta 
EffVersion : 5 
ObjQuality : l3l3 
ObjRelativeTo : medium 
ObjType : Muon 
ObjVersion : 1 
RunRangeHigh : 216000 
RunRangeLow : 194600 
TriggerVersionHigh : 14.99 
TriggerVersionLow : 13 
BinEdgesX : 0 0.19635 0.3927 0.58905 0.7854 0.98175 1.1781 1.37445 1.5708 1.76715 1.9635 2.15985 2.3562 2.55255 2.7489 2.94525 3.1416 3.33795 3.5343 3.73065 3.927 4.12335 4.3197 4.51605 4.7124 4.90875 5.1051 5.30145 5.4978 5.69415 5.8905 6.08685 6.2832 
BinEdgesY : -4.2 -4.00909 -3.81818 -3.62727 -3.43636 -3.24545 -3.05455 -2.86364 -2.67273 -2.48182 -2.29091 -2.1 -1.90909 -1.71818 -1.52727 -1.33636 -1.14545 -0.954545 -0.763636 -0.572727 -0.381818 -0.190909 0 0.190909 0.381818 0.572727 0.763636 0.954545 1.14545 1.33636 1.52727 1.71818 1.90909 2.1 2.29091 2.48182 2.67273 2.86364 3.05455 3.24545 3.43636 3.62727 3.81818 4.00909 4.2 
BinVal : 0 0 0 0 0
BinVal : 0 1 0 0 0
BinVal : 0 2 0 0 0
BinVal : 0 3 0 0 0
BinVal : 0 4 0 0 0
BinVal : 0 5 0 0 0
BinVal : 0 6 0 0 0
BinVal : 0 7 0 0 0
BinVal : 0 8 0 0 0
BinVal : 0 9 0 0 0
BinVal : 0 10 0 0 0
BinVal : 0 11 1 0.0495858 0.0495858
BinVal : 0 12 0.951219 0.0336412 0.0336412
BinVal : 0 13 1 0.00932837 0.00932837
BinVal : 0 14 1 0.0088954 0.0088954
BinVal : 0 15 0.985075 0.0148136 0.0148136
BinVal : 0 16 0.946667 0.0259458 0.0259458
BinVal : 0 17 0.84 0.042332 0.042332
BinVal : 0 18 0.87931 0.0427752 0.0427752
BinVal : 0 19 0.971831 0.019636 0.019636
BinVal : 0 20 0.94898 0.0222273 0.0222273
BinVal : 0 21 0.942857 0.0226521 0.0226521
BinVal : 0 22 0.958333 0.0203947 0.0203947
BinVal : 0 23 0.9 0.0286039 0.0286039
BinVal : 0 24 0.964706 0.0200142 0.0200142
BinVal : 0 25 0.92 0.0313262 0.0313262
BinVal : 0 26 0.865169 0.0362035 0.0362035
BinVal : 0 27 0.909091 0.0353863 0.0353863
BinVal : 0 28 0.988095 0.0118337 0.0118337
BinVal : 0 29 0.980769 0.019045 0.019045
BinVal : 0 30 0.980392 0.0194147 0.0194147
BinVal : 0 31 0.970588 0.028976 0.028976
BinVal : 0 32 0.909091 0.0866784 0.0866784
BinVal : 0 33 0 0 0
BinVal : 0 34 0 0 0
BinVal : 0 35 0 0 0
BinVal : 0 36 0 0 0
BinVal : 0 37 0 0 0
BinVal : 0 38 0 0 0
BinVal : 0 39 0 0 0
BinVal : 0 40 0 0 0
BinVal : 0 41 0 0 0
BinVal : 0 42 0 0 0
BinVal : 0 43 0 0 0
BinVal : 1 0 0 0 0
BinVal : 1 1 0 0 0
BinVal : 1 2 0 0 0
BinVal : 1 3 0 0 0
BinVal : 1 4 0 0 0
BinVal : 1 5 0 0 0
BinVal : 1 6 0 0 0
BinVal : 1 7 0 0 0
BinVal : 1 8 0 0 0
BinVal : 1 9 0 0 0
BinVal : 1 10 0 0 0
BinVal : 1 11 1 0.0326734 0.0326734
BinVal : 1 12 0.982456 0.0173893 0.0173893
BinVal : 1 13 0.951613 0.027252 0.027252
BinVal : 1 14 0.969697 0.0172283 0.0172283
BinVal : 1 15 0.976471 0.0164409 0.0164409
BinVal : 1 16 0.989011 0.0109285 0.0109285
BinVal : 1 17 0.864583 0.0349224 0.0349224
BinVal : 1 18 0.857143 0.0398779 0.0398779
BinVal : 1 19 0.969072 0.0175779 0.0175779
BinVal : 1 20 0.955556 0.0177366 0.0177366
BinVal : 1 21 0.965753 0.015051 0.015051
BinVal : 1 22 0.958042 0.0167661 0.0167661
BinVal : 1 23 0.904762 0.0286469 0.0286469
BinVal : 1 24 0.981818 0.0127391 0.0127391
BinVal : 1 25 0.87619 0.0321426 0.0321426
BinVal : 1 26 0.878049 0.0361364 0.0361364
BinVal : 1 27 1 0.00687265 0.00687265
BinVal : 1 28 1 0.00620508 0.00620508
BinVal : 1 29 1 0.00875998 0.00875998
BinVal : 1 30 0.952381 0.0268303 0.0268303
BinVal : 1 31 0.979592 0.0201988 0.0201988
BinVal : 1 32 0.941176 0.0403526 0.0403526
BinVal : 1 33 0 0 0
BinVal : 1 34 0 0 0
BinVal : 1 35 0 0 0
BinVal : 1 36 0 0 0
BinVal : 1 37 0 0 0
BinVal : 1 38 0 0 0
BinVal : 1 39 0 0 0
BinVal : 1 40 0 0 0
BinVal : 1 41 0 0 0
BinVal : 1 42 0 0 0
BinVal : 1 43 0 0 0
BinVal : 2 0 0 0 0
BinVal : 2 1 0 0 0
BinVal : 2 2 0 0 0
BinVal : 2 3 0 0 0
BinVal : 2 4 0 0 0
BinVal : 2 5 0 0 0
BinVal : 2 6 0 0 0
BinVal : 2 7 0 0 0
BinVal : 2 8 0 0 0
BinVal : 2 9 0 0 0
BinVal : 2 10 0 0 0
BinVal : 2 11 1 0.039392 0.039392
BinVal : 2 12 0.933333 0.0371849 0.0371849
BinVal : 2 13 0.939394 0.041536 0.041536
BinVal : 2 14 1 0.00679159 0.00679159
BinVal : 2 15 0.98913 0.0108103 0.0108103
BinVal : 2 16 0.9875 0.0124216 0.0124216
BinVal : 2 17 0.906977 0.0313216 0.0313216
BinVal : 2 18 0.890244 0.0345193 0.0345193
BinVal : 2 19 0.933333 0.0262937 0.0262937
BinVal : 2 20 0.945946 0.0214628 0.0214628
BinVal : 2 21 0.944444 0.0204064 0.0204064
BinVal : 2 22 0.963303 0.0180088 0.0180088
BinVal : 2 23 0.946237 0.0233885 0.0233885
BinVal : 2 24 0.954955 0.0196858 0.0196858
BinVal : 2 25 0.933962 0.0241217 0.0241217
BinVal : 2 26 0.916667 0.0325723 0.0325723
BinVal : 2 27 0.987654 0.0122692 0.0122692
BinVal : 2 28 1 0.0057683 0.0057683
BinVal : 2 29 0.987179 0.0127381 0.0127381
BinVal : 2 30 1 0.0088954 0.0088954
BinVal : 2 31 0.979592 0.0201988 0.0201988
BinVal : 2 32 1 0.0309157 0.0309157
BinVal : 2 33 0 0 0
BinVal : 2 34 0 0 0
BinVal : 2 35 0 0 0
BinVal : 2 36 0 0 0
BinVal : 2 37 0 0 0
BinVal : 2 38 0 0 0
BinVal : 2 39 0 0 0
BinVal : 2 40 0 0 0
BinVal : 2 41 0 0 0
BinVal : 2 42 0 0 0
BinVal : 2 43 0 0 0
BinVal : 3 0 0 0 0
BinVal : 3 1 0 0 0
BinVal : 3 2 0 0 0
BinVal : 3 3 0 0 0
BinVal : 3 4 0 0 0
BinVal : 3 5 0 0 0
BinVal : 3 6 0 0 0
BinVal : 3 7 0 0 0
BinVal : 3 8 0 0 0
BinVal : 3 9 0 0 0
BinVal : 3 10 0 0 0
BinVal : 3 11 0 0 0
BinVal : 3 12 1 0.0293374 0.0293374
BinVal : 3 13 0.954545 0.0314022 0.0314022
BinVal : 3 14 1 0.0123324 0.0123324
BinVal : 3 15 1 0.0088954 0.0088954
BinVal : 3 16 0.986301 0.0136045 0.0136045
BinVal : 3 17 0.966102 0.02356 0.02356
BinVal : 3 18 0.780822 0.0484187 0.0484187
BinVal : 3 19 0.928571 0.0307818 0.0307818
BinVal : 3 20 0.942857 0.0277431 0.0277431
BinVal : 3 21 0.946809 0.0231467 0.0231467
BinVal : 3 22 0.975 0.0174553 0.0174553
BinVal : 3 23 0.936508 0.0307217 0.0307217
BinVal : 3 24 0.933333 0.0288033 0.0288033
BinVal : 3 25 0.892308 0.0384497 0.0384497
BinVal : 3 26 1 0.0107217 0.0107217
BinVal : 3 27 0.984127 0.0157465 0.0157465
BinVal : 3 28 0.983871 0.0159984 0.0159984
BinVal : 3 29 1 0.0157046 0.0157046
BinVal : 3 30 1 0.012074 0.012074
BinVal : 3 31 0.939394 0.041536 0.041536
BinVal : 3 32 0 0 0
BinVal : 3 33 0 0 0
BinVal : 3 34 0 0 0
BinVal : 3 35 0 0 0
BinVal : 3 36 0 0 0
BinVal : 3 37 0 0 0
BinVal : 3 38 0 0 0
BinVal : 3 39 0 0 0
BinVal : 3 40 0 0 0
BinVal : 3 41 0 0 0
BinVal : 3 42 0 0 0
BinVal : 3 43 0 0 0
BinVal : 4 0 0 0 0
BinVal : 4 1 0 0 0
BinVal : 4 2 0 0 0
BinVal : 4 3 0 0 0
BinVal : 4 4 0 0 0
BinVal : 4 5 0 0 0
BinVal : 4 6 0 0 0
BinVal : 4 7 0 0 0
BinVal : 4 8 0 0 0
BinVal : 4 9 0 0 0
BinVal : 4 10 0 0 0
BinVal : 4 11 0 0 0
BinVal : 4 12 0.954545 0.0444095 0.0444095
BinVal : 4 13 0.965517 0.033883 0.033883
BinVal : 4 14 1 0.018786 0.018786
BinVal : 4 15 1 0.012074 0.012074
BinVal : 4 16 0.96 0.0277128 0.0277128
BinVal : 4 17 0.974359 0.0253102 0.0253102
BinVal : 4 18 0.939024 0.0264247 0.0264247
BinVal : 4 19 0.96 0.0226274 0.0226274
BinVal : 4 20 0.958333 0.0288424 0.0288424
BinVal : 4 21 0.957747 0.0238741 0.0238741
BinVal : 4 22 0.986667 0.0132441 0.0132441
BinVal : 4 23 0.913793 0.0368537 0.0368537
BinVal : 4 24 0.946429 0.0300896 0.0300896
BinVal : 4 25 0.854545 0.047539 0.047539
BinVal : 4 26 1 0.0166125 0.0166125
BinVal : 4 27 1 0.0101533 0.0101533
BinVal : 4 28 1 0.0145144 0.0145144
BinVal : 4 29 0.971429 0.0281603 0.0281603
BinVal : 4 30 0.931035 0.0470544 0.0470544
BinVal : 4 31 1 0.0216126 0.0216126
BinVal : 4 32 0 0 0
BinVal : 4 33 0 0 0
BinVal : 4 34 0 0 0
BinVal : 4 35 0 0 0
BinVal : 4 36 0 0 0
BinVal : 4 37 0 0 0
BinVal : 4 38 0 0 0
BinVal : 4 39 0 0 0
BinVal : 4 40 0 0 0
BinVal : 4 41 0 0 0
BinVal : 4 42 0 0 0
BinVal : 4 43 0 0 0
BinVal : 5 0 0 0 0
BinVal : 5 1 0 0 0
BinVal : 5 2 0 0 0
BinVal : 5 3 0 0 0
BinVal : 5 4 0 0 0
BinVal : 5 5 0 0 0
BinVal : 5 6 0 0 0
BinVal : 5 7 0 0 0
BinVal : 5 8 0 0 0
BinVal : 5 9 0 0 0
BinVal : 5 10 0 0 0
BinVal : 5 11 1 0.0668855 0.0668855
BinVal : 5 12 0.96 0.0391918 0.0391918
BinVal : 5 13 0.975 0.0246855 0.0246855
BinVal : 5 14 0.911111 0.0424232 0.0424232
BinVal : 5 15 1 0.0109258 0.0109258
BinVal : 5 16 1 0.00997686 0.00997686
BinVal : 5 17 0.97619 0.0235244 0.0235244
BinVal : 5 18 0.931035 0.0332725 0.0332725
BinVal : 5 19 1 0.0103354 0.0103354
BinVal : 5 20 0.953125 0.0264214 0.0264214
BinVal : 5 21 0.939024 0.0264247 0.0264247
BinVal : 5 22 1 0.00679159 0.00679159
BinVal : 5 23 0.957143 0.0242076 0.0242076
BinVal : 5 24 0.941176 0.0329478 0.0329478
BinVal : 5 25 0.819672 0.0492251 0.0492251
BinVal : 5 26 0.933333 0.0371849 0.0371849
BinVal : 5 27 1 0.00850058 0.00850058
BinVal : 5 28 0.977273 0.0224675 0.0224675
BinVal : 5 29 0.98 0.019799 0.019799
BinVal : 5 30 0.894737 0.0497845 0.0497845
BinVal : 5 31 0.933333 0.045542 0.045542
BinVal : 5 32 1 0.102643 0.102643
BinVal : 5 33 0 0 0
BinVal : 5 34 0 0 0
BinVal : 5 35 0 0 0
BinVal : 5 36 0 0 0
BinVal : 5 37 0 0 0
BinVal : 5 38 0 0 0
BinVal : 5 39 0 0 0
BinVal : 5 40 0 0 0
BinVal : 5 41 0 0 0
BinVal : 5 42 0 0 0
BinVal : 5 43 0 0 0
BinVal : 6 0 0 0 0
BinVal : 6 1 0 0 0
BinVal : 6 2 0 0 0
BinVal : 6 3 0 0 0
BinVal : 6 4 0 0 0
BinVal : 6 5 0 0 0
BinVal : 6 6 0 0 0
BinVal : 6 7 0 0 0
BinVal : 6 8 0 0 0
BinVal : 6 9 0 0 0
BinVal : 6 10 0 0 0
BinVal : 6 11 1 0.0422902 0.0422902
BinVal : 6 12 1 0.0368657 0.0368657
BinVal : 6 13 0.935484 0.0441237 0.0441237
BinVal : 6 14 1 0.0208287 0.0208287
BinVal : 6 15 0.965517 0.033883 0.033883
BinVal : 6 16 0.965517 0.033883 0.033883
BinVal : 6 17 0.777778 0.0619748 0.0619748
BinVal : 6 18 0.913043 0.0415449 0.0415449
BinVal : 6 19 1 0.0224566 0.0224566
BinVal : 6 20 0.9375 0.0349386 0.0349386
BinVal : 6 21 1 0.0118251 0.0118251
BinVal : 6 22 1 0.00964212 0.00964212
BinVal : 6 23 1 0.0118251 0.0118251
BinVal : 6 24 0.972973 0.0266593 0.0266593
BinVal : 6 25 0.975 0.0246855 0.0246855
BinVal : 6 26 0.921569 0.0376464 0.0376464
BinVal : 6 27 0.967742 0.0317335 0.0317335
BinVal : 6 28 1 0.0131822 0.0131822
BinVal : 6 29 1 0.0201001 0.0201001
BinVal : 6 30 0.904762 0.0640564 0.0640564
BinVal : 6 31 1 0.0233703 0.0233703
BinVal : 6 32 1 0.0756803 0.0756803
BinVal : 6 33 0 0 0
BinVal : 6 34 0 0 0
BinVal : 6 35 0 0 0
BinVal : 6 36 0 0 0
BinVal : 6 37 0 0 0
BinVal : 6 38 0 0 0
BinVal : 6 39 0 0 0
BinVal : 6 40 0 0 0
BinVal : 6 41 0 0 0
BinVal : 6 42 0 0 0
BinVal : 6 43 0 0 0
BinVal : 7 0 0 0 0
BinVal : 7 1 0 0 0
BinVal : 7 2 0 0 0
BinVal : 7 3 0 0 0
BinVal : 7 4 0 0 0
BinVal : 7 5 0 0 0
BinVal : 7 6 0 0 0
BinVal : 7 7 0 0 0
BinVal : 7 8 0 0 0
BinVal : 7 9 0 0 0
BinVal : 7 10 0 0 0
BinVal : 7 11 1 0.0668855 0.0668855
BinVal : 7 12 0.727273 0.134282 0.134282
BinVal : 7 13 1 0.0346427 0.0346427
BinVal : 7 14 0.9375 0.0605154 0.0605154
BinVal : 7 15 0.974359 0.0253102 0.0253102
BinVal : 7 16 0.952381 0.0464714 0.0464714
BinVal : 7 17 0.861111 0.0576384 0.0576384
BinVal : 7 18 0.888889 0.0604812 0.0604812
BinVal : 7 19 1 0.017632 0.017632
BinVal : 7 20 0.9375 0.0427908 0.0427908
BinVal : 7 21 1 0.0148902 0.0148902
BinVal : 7 22 1 0.0148902 0.0148902
BinVal : 7 23 0.961538 0.0377146 0.0377146
BinVal : 7 24 1 0.0216126 0.0216126
BinVal : 7 25 1 0.0216126 0.0216126
BinVal : 7 26 0.833333 0.0680414 0.0680414
BinVal : 7 27 1 0.0326734 0.0326734
BinVal : 7 28 1 0.0279117 0.0279117
BinVal : 7 29 0.9375 0.0605154 0.0605154
BinVal : 7 30 0.944444 0.0539903 0.0539903
BinVal : 7 31 0.863636 0.073165 0.073165
BinVal : 7 32 1 0.0756803 0.0756803
BinVal : 7 33 0 0 0
BinVal : 7 34 0 0 0
BinVal : 7 35 0 0 0
BinVal : 7 36 0 0 0
BinVal : 7 37 0 0 0
BinVal : 7 38 0 0 0
BinVal : 7 39 0 0 0
BinVal : 7 40 0 0 0
BinVal : 7 41 0 0 0
BinVal : 7 42 0 0 0
BinVal : 7 43 0 0 0
BinVal : 8 0 0 0 0
BinVal : 8 1 0 0 0
BinVal : 8 2 0 0 0
BinVal : 8 3 0 0 0
BinVal : 8 4 0 0 0
BinVal : 8 5 0 0 0
BinVal : 8 6 0 0 0
BinVal : 8 7 0 0 0
BinVal : 8 8 0 0 0
BinVal : 8 9 0 0 0
BinVal : 8 10 0 0 0
BinVal : 8 11 1 0.159077 0.159077
BinVal : 8 12 1 0.0495858 0.0495858
BinVal : 8 13 1 0.0368657 0.0368657
BinVal : 8 14 1 0.0254407 0.0254407
BinVal : 8 15 0.96 0.0391918 0.0391918
BinVal : 8 16 0.954545 0.0444095 0.0444095
BinVal : 8 17 0.827586 0.0701445 0.0701445
BinVal : 8 18 0.916667 0.0564169 0.0564169
BinVal : 8 19 1 0.0233703 0.0233703
BinVal : 8 20 0.966667 0.0327731 0.0327731
BinVal : 8 21 1 0.0157046 0.0157046
BinVal : 8 22 0.884615 0.0626563 0.0626563
BinVal : 8 23 1 0.0254407 0.0254407
BinVal : 8 24 1 0.0233703 0.0233703
BinVal : 8 25 0.875 0.0675077 0.0675077
BinVal : 8 26 0.741935 0.0785898 0.0785898
BinVal : 8 27 0.928571 0.0688303 0.0688303
BinVal : 8 28 1 0.0208287 0.0208287
BinVal : 8 29 1 0.0346427 0.0346427
BinVal : 8 30 1 0.0293374 0.0293374
BinVal : 8 31 1 0.0422902 0.0422902
BinVal : 8 32 1 0.0871301 0.0871301
BinVal : 8 33 0 0 0
BinVal : 8 34 0 0 0
BinVal : 8 35 0 0 0
BinVal : 8 36 0 0 0
BinVal : 8 37 0 0 0
BinVal : 8 38 0 0 0
BinVal : 8 39 0 0 0
BinVal : 8 40 0 0 0
BinVal : 8 41 0 0 0
BinVal : 8 42 0 0 0
BinVal : 8 43 0 0 0
BinVal : 9 0 0 0 0
BinVal : 9 1 0 0 0
BinVal : 9 2 0 0 0
BinVal : 9 3 0 0 0
BinVal : 9 4 0 0 0
BinVal : 9 5 0 0 0
BinVal : 9 6 0 0 0
BinVal : 9 7 0 0 0
BinVal : 9 8 0 0 0
BinVal : 9 9 0 0 0
BinVal : 9 10 0 0 0
BinVal : 9 11 0.75 0.216506 0.216506
BinVal : 9 12 1 0.0326734 0.0326734
BinVal : 9 13 1 0.0194201 0.0194201
BinVal : 9 14 0.916667 0.0564169 0.0564169
BinVal : 9 15 0.967742 0.0317335 0.0317335
BinVal : 9 16 0.85 0.0798436 0.0798436
BinVal : 9 17 0.866667 0.0506745 0.0506745
BinVal : 9 18 0.882353 0.0552551 0.0552551
BinVal : 9 19 1 0.0161462 0.0161462
BinVal : 9 20 0.972973 0.0266593 0.0266593
BinVal : 9 21 0.904762 0.0452948 0.0452948
BinVal : 9 22 0.96875 0.0307578 0.0307578
BinVal : 9 23 0.952381 0.0464714 0.0464714
BinVal : 9 24 0.942857 0.0392347 0.0392347
BinVal : 9 25 0.921053 0.0437441 0.0437441
BinVal : 9 26 0.941176 0.0403526 0.0403526
BinVal : 9 27 1 0.0208287 0.0208287
BinVal : 9 28 1 0.0161462 0.0161462
BinVal : 9 29 1 0.0224566 0.0224566
BinVal : 9 30 0.962963 0.0363447 0.0363447
BinVal : 9 31 1 0.0422902 0.0422902
BinVal : 9 32 1 0.0756803 0.0756803
BinVal : 9 33 0 0 0
BinVal : 9 34 0 0 0
BinVal : 9 35 0 0 0
BinVal : 9 36 0 0 0
BinVal : 9 37 0 0 0
BinVal : 9 38 0 0 0
BinVal : 9 39 0 0 0
BinVal : 9 40 0 0 0
BinVal : 9 41 0 0 0
BinVal : 9 42 0 0 0
BinVal : 9 43 0 0 0
BinVal : 10 0 0 0 0
BinVal : 10 1 0 0 0
BinVal : 10 2 0 0 0
BinVal : 10 3 0 0 0
BinVal : 10 4 0 0 0
BinVal : 10 5 0 0 0
BinVal : 10 6 0 0 0
BinVal : 10 7 0 0 0
BinVal : 10 8 0 0 0
BinVal : 10 9 0 0 0
BinVal : 10 10 0 0 0
BinVal : 10 11 1 0.124824 0.124824
BinVal : 10 12 1 0.0243611 0.0243611
BinVal : 10 13 0.952381 0.0328603 0.0328603
BinVal : 10 14 0.965517 0.0239589 0.0239589
BinVal : 10 15 0.98 0.019799 0.019799
BinVal : 10 16 0.979592 0.0201988 0.0201988
BinVal : 10 17 0.930233 0.0388497 0.0388497
BinVal : 10 18 0.927273 0.0350164 0.0350164
BinVal : 10 19 0.984127 0.0157465 0.0157465
BinVal : 10 20 0.981818 0.0180158 0.0180158
BinVal : 10 21 1 0.012074 0.012074
BinVal : 10 22 1 0.012074 0.012074
BinVal : 10 23 0.909091 0.0612909 0.0612909
BinVal : 10 24 0.983051 0.0168049 0.0168049
BinVal : 10 25 0.873239 0.0394848 0.0394848
BinVal : 10 26 0.921053 0.0437441 0.0437441
BinVal : 10 27 1 0.00997686 0.00997686
BinVal : 10 28 0.977273 0.0224675 0.0224675
BinVal : 10 29 1 0.0152869 0.0152869
BinVal : 10 30 0.972973 0.0266593 0.0266593
BinVal : 10 31 1 0.0208287 0.0208287
BinVal : 10 32 1 0.0871301 0.0871301
BinVal : 10 33 0 0 0
BinVal : 10 34 0 0 0
BinVal : 10 35 0 0 0
BinVal : 10 36 0 0 0
BinVal : 10 37 0 0 0
BinVal : 10 38 0 0 0
BinVal : 10 39 0 0 0
BinVal : 10 40 0 0 0
BinVal : 10 41 0 0 0
BinVal : 10 42 0 0 0
BinVal : 10 43 0 0 0
BinVal : 11 0 0 0 0
BinVal : 11 1 0 0 0
BinVal : 11 2 0 0 0
BinVal : 11 3 0 0 0
BinVal : 11 4 0 0 0
BinVal : 11 5 0 0 0
BinVal : 11 6 0 0 0
BinVal : 11 7 0 0 0
BinVal : 11 8 0 0 0
BinVal : 11 9 0 0 0
BinVal : 11 10 0 0 0
BinVal : 11 11 0 0 0
BinVal : 11 12 1 0.0309157 0.0309157
BinVal : 11 13 1 0.0194201 0.0194201
BinVal : 11 14 0.975 0.0246855 0.0246855
BinVal : 11 15 1 0.0138164 0.0138164
BinVal : 11 16 1 0.0118251 0.0118251
BinVal : 11 17 0.972222 0.0273893 0.0273893
BinVal : 11 18 0.923077 0.0330515 0.0330515
BinVal : 11 19 0.92 0.0383667 0.0383667
BinVal : 11 20 1 0.0118251 0.0118251
BinVal : 11 21 1 0.00850058 0.00850058
BinVal : 11 22 0.982759 0.0170921 0.0170921
BinVal : 11 23 0.964286 0.0350707 0.0350707
BinVal : 11 24 0.898305 0.0393492 0.0393492
BinVal : 11 25 0.901639 0.0381296 0.0381296
BinVal : 11 26 1 0.0145144 0.0145144
BinVal : 11 27 1 0.0105252 0.0105252
BinVal : 11 28 1 0.0123324 0.0123324
BinVal : 11 29 1 0.0131822 0.0131822
BinVal : 11 30 1 0.0216126 0.0216126
BinVal : 11 31 1 0.0326734 0.0326734
BinVal : 11 32 0 0 0
BinVal : 11 33 0 0 0
BinVal : 11 34 0 0 0
BinVal : 11 35 0 0 0
BinVal : 11 36 0 0 0
BinVal : 11 37 0 0 0
BinVal : 11 38 0 0 0
BinVal : 11 39 0 0 0
BinVal : 11 40 0 0 0
BinVal : 11 41 0 0 0
BinVal : 11 42 0 0 0
BinVal : 11 43 0 0 0
BinVal : 12 0 0 0 0
BinVal : 12 1 0 0 0
BinVal : 12 2 0 0 0
BinVal : 12 3 0 0 0
BinVal : 12 4 0 0 0
BinVal : 12 5 0 0 0
BinVal : 12 6 0 0 0
BinVal : 12 7 0 0 0
BinVal : 12 8 0 0 0
BinVal : 12 9 0 0 0
BinVal : 12 10 0 0 0
BinVal : 12 11 0 0 0
BinVal : 12 12 1 0.0293374 0.0293374
BinVal : 12 13 1 0.0293374 0.0293374
BinVal : 12 14 1 0.0161462 0.0161462
BinVal : 12 15 0.964912 0.0243716 0.0243716
BinVal : 12 16 0.982143 0.017697 0.017697
BinVal : 12 17 0.957447 0.0294425 0.0294425
BinVal : 12 18 0.934426 0.0316937 0.0316937
BinVal : 12 19 0.982759 0.0170921 0.0170921
BinVal : 12 20 0.942308 0.0323336 0.0323336
BinVal : 12 21 0.918033 0.0351224 0.0351224
BinVal : 12 22 0.963636 0.0252411 0.0252411
BinVal : 12 23 0.840909 0.0551405 0.0551405
BinVal : 12 24 0.864407 0.044571 0.044571
BinVal : 12 25 0.893939 0.0379017 0.0379017
BinVal : 12 26 1 0.0138164 0.0138164
BinVal : 12 27 1 0.00932837 0.00932837
BinVal : 12 28 1 0.0107217 0.0107217
BinVal : 12 29 1 0.0113578 0.0113578
BinVal : 12 30 1 0.0166125 0.0166125
BinVal : 12 31 1 0.0368657 0.0368657
BinVal : 12 32 0 0 0
BinVal : 12 33 0 0 0
BinVal : 12 34 0 0 0
BinVal : 12 35 0 0 0
BinVal : 12 36 0 0 0
BinVal : 12 37 0 0 0
BinVal : 12 38 0 0 0
BinVal : 12 39 0 0 0
BinVal : 12 40 0 0 0
BinVal : 12 41 0 0 0
BinVal : 12 42 0 0 0
BinVal : 12 43 0 0 0
BinVal : 13 0 0 0 0
BinVal : 13 1 0 0 0
BinVal : 13 2 0 0 0
BinVal : 13 3 0 0 0
BinVal : 13 4 0 0 0
BinVal : 13 5 0 0 0
BinVal : 13 6 0 0 0
BinVal : 13 7 0 0 0
BinVal : 13 8 0 0 0
BinVal : 13 9 0 0 0
BinVal : 13 10 0 0 0
BinVal : 13 11 1 0.0756803 0.0756803
BinVal : 13 12 0.972973 0.0266593 0.0266593
BinVal : 13 13 0.959184 0.0282664 0.0282664
BinVal : 13 14 1 0.00850058 0.00850058
BinVal : 13 15 1 0.0101533 0.0101533
BinVal : 13 16 1 0.00760031 0.00760031
BinVal : 13 17 0.844828 0.047542 0.047542
BinVal : 13 18 0.914286 0.0334594 0.0334594
BinVal : 13 19 0.988235 0.0116953 0.0116953
BinVal : 13 20 0.921348 0.0285345 0.0285345
BinVal : 13 21 1 0.00671244 0.00671244
BinVal : 13 22 0.936709 0.0273943 0.0273943
BinVal : 13 23 0.918919 0.0317309 0.0317309
BinVal : 13 24 0.935897 0.0277335 0.0277335
BinVal : 13 25 0.85 0.0399218 0.0399218
BinVal : 13 26 0.808824 0.0476859 0.0476859
BinVal : 13 27 0.982456 0.0173893 0.0173893
BinVal : 13 28 1 0.0074048 0.0074048
BinVal : 13 29 1 0.0126033 0.0126033
BinVal : 13 30 1 0.0123324 0.0123324
BinVal : 13 31 1 0.0216126 0.0216126
BinVal : 13 32 1 0.159077 0.159077
BinVal : 13 33 0 0 0
BinVal : 13 34 0 0 0
BinVal : 13 35 0 0 0
BinVal : 13 36 0 0 0
BinVal : 13 37 0 0 0
BinVal : 13 38 0 0 0
BinVal : 13 39 0 0 0
BinVal : 13 40 0 0 0
BinVal : 13 41 0 0 0
BinVal : 13 42 0 0 0
BinVal : 13 43 0 0 0
BinVal : 14 0 0 0 0
BinVal : 14 1 0 0 0
BinVal : 14 2 0 0 0
BinVal : 14 3 0 0 0
BinVal : 14 4 0 0 0
BinVal : 14 5 0 0 0
BinVal : 14 6 0 0 0
BinVal : 14 7 0 0 0
BinVal : 14 8 0 0 0
BinVal : 14 9 0 0 0
BinVal : 14 10 0 0 0
BinVal : 14 11 1 0.0368657 0.0368657
BinVal : 14 12 0.975 0.0246855 0.0246855
BinVal : 14 13 0.983871 0.0159984 0.0159984
BinVal : 14 14 0.983871 0.0159984 0.0159984
BinVal : 14 15 0.97561 0.0170349 0.0170349
BinVal : 14 16 0.935484 0.0312001 0.0312001
BinVal : 14 17 0.849315 0.0418705 0.0418705
BinVal : 14 18 0.902174 0.0309727 0.0309727
BinVal : 14 19 1 0.00770235 0.00770235
BinVal : 14 20 0.981132 0.0132152 0.0132152
BinVal : 14 21 0.970874 0.0165693 0.0165693
BinVal : 14 22 0.962963 0.0209836 0.0209836
BinVal : 14 23 0.882353 0.0319015 0.0319015
BinVal : 14 24 0.957747 0.0238741 0.0238741
BinVal : 14 25 0.90625 0.0297491 0.0297491
BinVal : 14 26 0.824324 0.0442373 0.0442373
BinVal : 14 27 0.956522 0.0245504 0.0245504
BinVal : 14 28 0.978261 0.0152039 0.0152039
BinVal : 14 29 0.986667 0.0132441 0.0132441
BinVal : 14 30 0.941176 0.0329478 0.0329478
BinVal : 14 31 0.952381 0.0328603 0.0328603
BinVal : 14 32 1 0.0456491 0.0456491
BinVal : 14 33 0 0 0
BinVal : 14 34 0 0 0
BinVal : 14 35 0 0 0
BinVal : 14 36 0 0 0
BinVal : 14 37 0 0 0
BinVal : 14 38 0 0 0
BinVal : 14 39 0 0 0
BinVal : 14 40 0 0 0
BinVal : 14 41 0 0 0
BinVal : 14 42 0 0 0
BinVal : 14 43 0 0 0
BinVal : 15 0 0 0 0
BinVal : 15 1 0 0 0
BinVal : 15 2 0 0 0
BinVal : 15 3 0 0 0
BinVal : 15 4 0 0 0
BinVal : 15 5 0 0 0
BinVal : 15 6 0 0 0
BinVal : 15 7 0 0 0
BinVal : 15 8 0 0 0
BinVal : 15 9 0 0 0
BinVal : 15 10 0 0 0
BinVal : 15 11 0.8 0.178885 0.178885
BinVal : 15 12 1 0.0181909 0.0181909
BinVal : 15 13 0.952381 0.0328603 0.0328603
BinVal : 15 14 1 0.012074 0.012074
BinVal : 15 15 1 0.00875998 0.00875998
BinVal : 15 16 0.943662 0.027364 0.027364
BinVal : 15 17 0.810345 0.0514758 0.0514758
BinVal : 15 18 0.934211 0.0284377 0.0284377
BinVal : 15 19 0.974026 0.0181263 0.0181263
BinVal : 15 20 0.956522 0.0212613 0.0212613
BinVal : 15 21 0.955556 0.0217228 0.0217228
BinVal : 15 22 0.964912 0.0172333 0.0172333
BinVal : 15 23 0.892473 0.0321229 0.0321229
BinVal : 15 24 0.972603 0.0191056 0.0191056
BinVal : 15 25 0.848101 0.040382 0.040382
BinVal : 15 26 0.802326 0.0429439 0.0429439
BinVal : 15 27 0.903846 0.0408817 0.0408817
BinVal : 15 28 0.987179 0.0127381 0.0127381
BinVal : 15 29 0.982456 0.0173893 0.0173893
BinVal : 15 30 0.941176 0.0329478 0.0329478
BinVal : 15 31 0.975 0.0246855 0.0246855
BinVal : 15 32 1 0.0309157 0.0309157
BinVal : 15 33 0 0 0
BinVal : 15 34 0 0 0
BinVal : 15 35 0 0 0
BinVal : 15 36 0 0 0
BinVal : 15 37 0 0 0
BinVal : 15 38 0 0 0
BinVal : 15 39 0 0 0
BinVal : 15 40 0 0 0
BinVal : 15 41 0 0 0
BinVal : 15 42 0 0 0
BinVal : 15 43 0 0 0
BinVal : 16 0 0 0 0
BinVal : 16 1 0 0 0
BinVal : 16 2 0 0 0
BinVal : 16 3 0 0 0
BinVal : 16 4 0 0 0
BinVal : 16 5 0 0 0
BinVal : 16 6 0 0 0
BinVal : 16 7 0 0 0
BinVal : 16 8 0 0 0
BinVal : 16 9 0 0 0
BinVal : 16 10 0 0 0
BinVal : 16 11 1 0.0309157 0.0309157
BinVal : 16 12 0.941176 0.0570672 0.0570672
BinVal : 16 13 0.933333 0.0371849 0.0371849
BinVal : 16 14 0.983333 0.0165272 0.0165272
BinVal : 16 15 0.983333 0.0165272 0.0165272
BinVal : 16 16 0.926471 0.0316513 0.0316513
BinVal : 16 17 0.8 0.0478091 0.0478091
BinVal : 16 18 0.875 0.0389756 0.0389756
BinVal : 16 19 0.95 0.024367 0.024367
BinVal : 16 20 0.945055 0.0238876 0.0238876
BinVal : 16 21 0.965217 0.0170862 0.0170862
BinVal : 16 22 0.990826 0.00913213 0.00913213
BinVal : 16 23 0.886598 0.032195 0.032195
BinVal : 16 24 0.964912 0.0243716 0.0243716
BinVal : 16 25 0.934783 0.025742 0.025742
BinVal : 16 26 0.658824 0.0514239 0.0514239
BinVal : 16 27 0.968254 0.0220886 0.0220886
BinVal : 16 28 1 0.00850058 0.00850058
BinVal : 16 29 0.981481 0.0183463 0.0183463
BinVal : 16 30 0.979592 0.0201988 0.0201988
BinVal : 16 31 0.97561 0.024091 0.024091
BinVal : 16 32 1 0.0422902 0.0422902
BinVal : 16 33 0 0 0
BinVal : 16 34 0 0 0
BinVal : 16 35 0 0 0
BinVal : 16 36 0 0 0
BinVal : 16 37 0 0 0
BinVal : 16 38 0 0 0
BinVal : 16 39 0 0 0
BinVal : 16 40 0 0 0
BinVal : 16 41 0 0 0
BinVal : 16 42 0 0 0
BinVal : 16 43 0 0 0
BinVal : 17 0 0 0 0
BinVal : 17 1 0 0 0
BinVal : 17 2 0 0 0
BinVal : 17 3 0 0 0
BinVal : 17 4 0 0 0
BinVal : 17 5 0 0 0
BinVal : 17 6 0 0 0
BinVal : 17 7 0 0 0
BinVal : 17 8 0 0 0
BinVal : 17 9 0 0 0
BinVal : 17 10 0 0 0
BinVal : 17 11 1 0.0326734 0.0326734
BinVal : 17 12 0.953488 0.0321147 0.0321147
BinVal : 17 13 0.983607 0.0162585 0.0162585
BinVal : 17 14 0.985507 0.0143874 0.0143874
BinVal : 17 15 1 0.00560045 0.00560045
BinVal : 17 16 0.9375 0.0270633 0.0270633
BinVal : 17 17 0.917647 0.0298173 0.0298173
BinVal : 17 18 0.88172 0.0334872 0.0334872
BinVal : 17 19 0.966667 0.0189215 0.0189215
BinVal : 17 20 0.968254 0.015619 0.015619
BinVal : 17 21 0.984 0.0112228 0.0112228
BinVal : 17 22 0.984615 0.0107946 0.0107946
BinVal : 17 23 0.967213 0.0161225 0.0161225
BinVal : 17 24 0.964286 0.0202481 0.0202481
BinVal : 17 25 0.871795 0.0378541 0.0378541
BinVal : 17 26 0.77551 0.0421482 0.0421482
BinVal : 17 27 0.974359 0.017897 0.017897
BinVal : 17 28 1 0.00648546 0.00648546
BinVal : 17 29 0.988095 0.0118337 0.0118337
BinVal : 17 30 0.971429 0.0199123 0.0199123
BinVal : 17 31 0.966102 0.02356 0.02356
BinVal : 17 32 0.956522 0.0425226 0.0425226
BinVal : 17 33 0 0 0
BinVal : 17 34 0 0 0
BinVal : 17 35 0 0 0
BinVal : 17 36 0 0 0
BinVal : 17 37 0 0 0
BinVal : 17 38 0 0 0
BinVal : 17 39 0 0 0
BinVal : 17 40 0 0 0
BinVal : 17 41 0 0 0
BinVal : 17 42 0 0 0
BinVal : 17 43 0 0 0
BinVal : 18 0 0 0 0
BinVal : 18 1 0 0 0
BinVal : 18 2 0 0 0
BinVal : 18 3 0 0 0
BinVal : 18 4 0 0 0
BinVal : 18 5 0 0 0
BinVal : 18 6 0 0 0
BinVal : 18 7 0 0 0
BinVal : 18 8 0 0 0
BinVal : 18 9 0 0 0
BinVal : 18 10 0 0 0
BinVal : 18 11 1 0.0599198 0.0599198
BinVal : 18 12 0.979592 0.0201988 0.0201988
BinVal : 18 13 0.979167 0.0206152 0.0206152
BinVal : 18 14 0.989691 0.010256 0.010256
BinVal : 18 15 1 0.00634241 0.00634241
BinVal : 18 16 0.983871 0.0159984 0.0159984
BinVal : 18 17 0.953846 0.0260247 0.0260247
BinVal : 18 18 0.882353 0.0349464 0.0349464
BinVal : 18 19 0.95 0.024367 0.024367
BinVal : 18 20 0.983333 0.0116865 0.0116865
BinVal : 18 21 0.946903 0.0210936 0.0210936
BinVal : 18 22 0.948718 0.0203919 0.0203919
BinVal : 18 23 0.95098 0.0213782 0.0213782
BinVal : 18 24 0.98 0.014 0.014
BinVal : 18 25 0.879518 0.0357309 0.0357309
BinVal : 18 26 0.897059 0.0368511 0.0368511
BinVal : 18 27 1 0.0065589 0.0065589
BinVal : 18 28 0.986842 0.013071 0.013071
BinVal : 18 29 1 0.00770235 0.00770235
BinVal : 18 30 1 0.00875998 0.00875998
BinVal : 18 31 1 0.0101533 0.0101533
BinVal : 18 32 1 0.0599198 0.0599198
BinVal : 18 33 0 0 0
BinVal : 18 34 0 0 0
BinVal : 18 35 0 0 0
BinVal : 18 36 0 0 0
BinVal : 18 37 0 0 0
BinVal : 18 38 0 0 0
BinVal : 18 39 0 0 0
BinVal : 18 40 0 0 0
BinVal : 18 41 0 0 0
BinVal : 18 42 0 0 0
BinVal : 18 43 0 0 0
BinVal : 19 0 0 0 0
BinVal : 19 1 0 0 0
BinVal : 19 2 0 0 0
BinVal : 19 3 0 0 0
BinVal : 19 4 0 0 0
BinVal : 19 5 0 0 0
BinVal : 19 6 0 0 0
BinVal : 19 7 0 0 0
BinVal : 19 8 0 0 0
BinVal : 19 9 0 0 0
BinVal : 19 10 0 0 0
BinVal : 19 11 0 0 0
BinVal : 19 12 0.947368 0.0512278 0.0512278
BinVal : 19 13 0.976744 0.0229838 0.0229838
BinVal : 19 14 0.964912 0.0243716 0.0243716
BinVal : 19 15 1 0.0109258 0.0109258
BinVal : 19 16 0.967742 0.022439 0.022439
BinVal : 19 17 0.906977 0.0442955 0.0442955
BinVal : 19 18 0.790698 0.062038 0.062038
BinVal : 19 19 0.868132 0.0354684 0.0354684
BinVal : 19 20 0.888889 0.0395943 0.0395943
BinVal : 19 21 0.890244 0.0345193 0.0345193
BinVal : 19 22 0.905882 0.031671 0.031671
BinVal : 19 23 0.84127 0.0460391 0.0460391
BinVal : 19 24 0.904762 0.036983 0.036983
BinVal : 19 25 0.877551 0.0468291 0.0468291
BinVal : 19 26 0.928571 0.0344151 0.0344151
BinVal : 19 27 1 0.00917959 0.00917959
BinVal : 19 28 1 0.00964212 0.00964212
BinVal : 19 29 0.974359 0.0253102 0.0253102
BinVal : 19 30 1 0.0166125 0.0166125
BinVal : 19 31 1 0.0279117 0.0279117
BinVal : 19 32 0 0 0
BinVal : 19 33 0 0 0
BinVal : 19 34 0 0 0
BinVal : 19 35 0 0 0
BinVal : 19 36 0 0 0
BinVal : 19 37 0 0 0
BinVal : 19 38 0 0 0
BinVal : 19 39 0 0 0
BinVal : 19 40 0 0 0
BinVal : 19 41 0 0 0
BinVal : 19 42 0 0 0
BinVal : 19 43 0 0 0
BinVal : 20 0 0 0 0
BinVal : 20 1 0 0 0
BinVal : 20 2 0 0 0
BinVal : 20 3 0 0 0
BinVal : 20 4 0 0 0
BinVal : 20 5 0 0 0
BinVal : 20 6 0 0 0
BinVal : 20 7 0 0 0
BinVal : 20 8 0 0 0
BinVal : 20 9 0 0 0
BinVal : 20 10 0 0 0
BinVal : 20 11 0 0 0
BinVal : 20 12 0.944444 0.0539903 0.0539903
BinVal : 20 13 0.977778 0.0219739 0.0219739
BinVal : 20 14 0.982759 0.0170921 0.0170921
BinVal : 20 15 1 0.00825644 0.00825644
BinVal : 20 16 0.535714 0.0666446 0.0666446
BinVal : 20 17 0.215909 0.0438609 0.0438609
BinVal : 20 18 0.142857 0.0440867 0.0440867
BinVal : 20 19 0.5875 0.055039 0.055039
BinVal : 20 20 0.89011 0.0327854 0.0327854
BinVal : 20 21 0.815534 0.0382174 0.0382174
BinVal : 20 22 0.846154 0.0378222 0.0378222
BinVal : 20 23 0.955056 0.0219611 0.0219611
BinVal : 20 24 0.460674 0.0528357 0.0528357
BinVal : 20 25 0.115789 0.0328285 0.0328285
BinVal : 20 26 0.228916 0.0461158 0.0461158
BinVal : 20 27 0.517857 0.0667727 0.0667727
BinVal : 20 28 0.981132 0.0186891 0.0186891
BinVal : 20 29 1 0.0128865 0.0128865
BinVal : 20 30 0.975 0.0246855 0.0246855
BinVal : 20 31 1 0.0201001 0.0201001
BinVal : 20 32 0 0 0
BinVal : 20 33 0 0 0
BinVal : 20 34 0 0 0
BinVal : 20 35 0 0 0
BinVal : 20 36 0 0 0
BinVal : 20 37 0 0 0
BinVal : 20 38 0 0 0
BinVal : 20 39 0 0 0
BinVal : 20 40 0 0 0
BinVal : 20 41 0 0 0
BinVal : 20 42 0 0 0
BinVal : 20 43 0 0 0
BinVal : 21 0 0 0 0
BinVal : 21 1 0 0 0
BinVal : 21 2 0 0 0
BinVal : 21 3 0 0 0
BinVal : 21 4 0 0 0
BinVal : 21 5 0 0 0
BinVal : 21 6 0 0 0
BinVal : 21 7 0 0 0
BinVal : 21 8 0 0 0
BinVal : 21 9 0 0 0
BinVal : 21 10 0 0 0
BinVal : 21 11 1 0.0871301 0.0871301
BinVal : 21 12 0.935484 0.0441237 0.0441237
BinVal : 21 13 0.953488 0.0321147 0.0321147
BinVal : 21 14 0.957747 0.0238741 0.0238741
BinVal : 21 15 0.935484 0.0312001 0.0312001
BinVal : 21 16 0.706522 0.0474741 0.0474741
BinVal : 21 17 0.641509 0.0465787 0.0465787
BinVal : 21 18 0.386364 0.0519054 0.0519054
BinVal : 21 19 0.920792 0.0268723 0.0268723
BinVal : 21 20 0.933962 0.0241217 0.0241217
BinVal : 21 21 0.88 0.0290654 0.0290654
BinVal : 21 22 0.954955 0.0196858 0.0196858
BinVal : 21 23 0.848485 0.0360357 0.0360357
BinVal : 21 24 0.759615 0.0419019 0.0419019
BinVal : 21 25 0.349398 0.0523334 0.0523334
BinVal : 21 26 0.715909 0.0480747 0.0480747
BinVal : 21 27 0.786517 0.0434351 0.0434351
BinVal : 21 28 0.906667 0.0335901 0.0335901
BinVal : 21 29 1 0.00712919 0.00712919
BinVal : 21 30 0.983333 0.0165272 0.0165272
BinVal : 21 31 0.914894 0.0407022 0.0407022
BinVal : 21 32 1 0.0756803 0.0756803
BinVal : 21 33 0 0 0
BinVal : 21 34 0 0 0
BinVal : 21 35 0 0 0
BinVal : 21 36 0 0 0
BinVal : 21 37 0 0 0
BinVal : 21 38 0 0 0
BinVal : 21 39 0 0 0
BinVal : 21 40 0 0 0
BinVal : 21 41 0 0 0
BinVal : 21 42 0 0 0
BinVal : 21 43 0 0 0
BinVal : 22 0 0 0 0
BinVal : 22 1 0 0 0
BinVal : 22 2 0 0 0
BinVal : 22 3 0 0 0
BinVal : 22 4 0 0 0
BinVal : 22 5 0 0 0
BinVal : 22 6 0 0 0
BinVal : 22 7 0 0 0
BinVal : 22 8 0 0 0
BinVal : 22 9 0 0 0
BinVal : 22 10 0 0 0
BinVal : 22 11 1 0.039392 0.039392
BinVal : 22 12 0.93617 0.0356566 0.0356566
BinVal : 22 13 0.983051 0.0168049 0.0168049
BinVal : 22 14 0.961039 0.0220516 0.0220516
BinVal : 22 15 0.786885 0.0524321 0.0524321
BinVal : 22 16 0.779221 0.0472676 0.0472676
BinVal : 22 17 0.860465 0.0528413 0.0528413
BinVal : 22 18 0.982759 0.0170921 0.0170921
BinVal : 22 19 0.908046 0.0309799 0.0309799
BinVal : 22 20 0.903846 0.0289077 0.0289077
BinVal : 22 21 0.908046 0.0309799 0.0309799
BinVal : 22 22 0.884211 0.0328285 0.0328285
BinVal : 22 23 0.923729 0.024435 0.024435
BinVal : 22 24 0.885417 0.0325087 0.0325087
BinVal : 22 25 0.8 0.0516398 0.0516398
BinVal : 22 26 0.833333 0.062113 0.062113
BinVal : 22 27 0.869565 0.0351119 0.0351119
BinVal : 22 28 0.761905 0.0536606 0.0536606
BinVal : 22 29 0.984615 0.0152658 0.0152658
BinVal : 22 30 0.925926 0.0356389 0.0356389
BinVal : 22 31 0.972222 0.0273893 0.0273893
BinVal : 22 32 1 0.0224566 0.0224566
BinVal : 22 33 0 0 0
BinVal : 22 34 0 0 0
BinVal : 22 35 0 0 0
BinVal : 22 36 0 0 0
BinVal : 22 37 0 0 0
BinVal : 22 38 0 0 0
BinVal : 22 39 0 0 0
BinVal : 22 40 0 0 0
BinVal : 22 41 0 0 0
BinVal : 22 42 0 0 0
BinVal : 22 43 0 0 0
BinVal : 23 0 0 0 0
BinVal : 23 1 0 0 0
BinVal : 23 2 0 0 0
BinVal : 23 3 0 0 0
BinVal : 23 4 0 0 0
BinVal : 23 5 0 0 0
BinVal : 23 6 0 0 0
BinVal : 23 7 0 0 0
BinVal : 23 8 0 0 0
BinVal : 23 9 0 0 0
BinVal : 23 10 0 0 0
BinVal : 23 11 0.941176 0.0570672 0.0570672
BinVal : 23 12 1 0.0152869 0.0152869
BinVal : 23 13 1 0.0131822 0.0131822
BinVal : 23 14 0.967742 0.022439 0.022439
BinVal : 23 15 0.661017 0.0616268 0.0616268
BinVal : 23 16 0.964286 0.0247988 0.0247988
BinVal : 23 17 0.923077 0.0739053 0.0739053
BinVal : 23 18 0.880597 0.0396149 0.0396149
BinVal : 23 19 0.842105 0.0836547 0.0836547
BinVal : 23 20 0.727273 0.0775275 0.0775275
BinVal : 23 21 0.8125 0.0563367 0.0563367
BinVal : 23 22 0.830189 0.0515744 0.0515744
BinVal : 23 23 0.846154 0.0707589 0.0707589
BinVal : 23 24 0.857143 0.093522 0.093522
BinVal : 23 25 0.766667 0.0546029 0.0546029
BinVal : 23 26 0.947368 0.0512278 0.0512278
BinVal : 23 27 0.964912 0.0243716 0.0243716
BinVal : 23 28 0.758621 0.0561886 0.0561886
BinVal : 23 29 0.982456 0.0173893 0.0173893
BinVal : 23 30 0.97561 0.024091 0.024091
BinVal : 23 31 1 0.0216126 0.0216126
BinVal : 23 32 1 0.0346427 0.0346427
BinVal : 23 33 0 0 0
BinVal : 23 34 0 0 0
BinVal : 23 35 0 0 0
BinVal : 23 36 0 0 0
BinVal : 23 37 0 0 0
BinVal : 23 38 0 0 0
BinVal : 23 39 0 0 0
BinVal : 23 40 0 0 0
BinVal : 23 41 0 0 0
BinVal : 23 42 0 0 0
BinVal : 23 43 0 0 0
BinVal : 24 0 0 0 0
BinVal : 24 1 0 0 0
BinVal : 24 2 0 0 0
BinVal : 24 3 0 0 0
BinVal : 24 4 0 0 0
BinVal : 24 5 0 0 0
BinVal : 24 6 0 0 0
BinVal : 24 7 0 0 0
BinVal : 24 8 0 0 0
BinVal : 24 9 0 0 0
BinVal : 24 10 0 0 0
BinVal : 24 11 1 0.0368657 0.0368657
BinVal : 24 12 0.916667 0.0564169 0.0564169
BinVal : 24 13 0.926829 0.0406702 0.0406702
BinVal : 24 14 1 0.012074 0.012074
BinVal : 24 15 0.666667 0.0608581 0.0608581
BinVal : 24 16 0.97619 0.0235244 0.0235244
BinVal : 24 17 0.928571 0.0688303 0.0688303
BinVal : 24 18 0.807692 0.0546537 0.0546537
BinVal : 24 19 0.851852 0.0683673 0.0683673
BinVal : 24 20 0.890909 0.0420368 0.0420368
BinVal : 24 21 0.883333 0.0414438 0.0414438
BinVal : 24 22 0.829268 0.0415526 0.0415526
BinVal : 24 23 0.733333 0.0659218 0.0659218
BinVal : 24 24 0.851852 0.0683673 0.0683673
BinVal : 24 25 0.755102 0.0614324 0.0614324
BinVal : 24 26 0.684211 0.106639 0.106639
BinVal : 24 27 0.9375 0.0349386 0.0349386
BinVal : 24 28 0.770833 0.0606646 0.0606646
BinVal : 24 29 0.966667 0.0231741 0.0231741
BinVal : 24 30 1 0.0161462 0.0161462
BinVal : 24 31 0.918919 0.0448743 0.0448743
BinVal : 24 32 0.928571 0.0688303 0.0688303
BinVal : 24 33 0 0 0
BinVal : 24 34 0 0 0
BinVal : 24 35 0 0 0
BinVal : 24 36 0 0 0
BinVal : 24 37 0 0 0
BinVal : 24 38 0 0 0
BinVal : 24 39 0 0 0
BinVal : 24 40 0 0 0
BinVal : 24 41 0 0 0
BinVal : 24 42 0 0 0
BinVal : 24 43 0 0 0
BinVal : 25 0 0 0 0
BinVal : 25 1 0 0 0
BinVal : 25 2 0 0 0
BinVal : 25 3 0 0 0
BinVal : 25 4 0 0 0
BinVal : 25 5 0 0 0
BinVal : 25 6 0 0 0
BinVal : 25 7 0 0 0
BinVal : 25 8 0 0 0
BinVal : 25 9 0 0 0
BinVal : 25 10 0 0 0
BinVal : 25 11 1 0.0243611 0.0243611
BinVal : 25 12 0.974359 0.0253102 0.0253102
BinVal : 25 13 0.978723 0.021049 0.021049
BinVal : 25 14 0.985714 0.0141833 0.0141833
BinVal : 25 15 0.659574 0.0691185 0.0691185
BinVal : 25 16 0.828947 0.0431938 0.0431938
BinVal : 25 17 0.941176 0.0403526 0.0403526
BinVal : 25 18 0.942308 0.0323336 0.0323336
BinVal : 25 19 0.918605 0.0294859 0.0294859
BinVal : 25 20 0.877778 0.034526 0.034526
BinVal : 25 21 0.914286 0.0334594 0.0334594
BinVal : 25 22 0.902913 0.0291733 0.0291733
BinVal : 25 23 0.848485 0.0360357 0.0360357
BinVal : 25 24 0.942529 0.0249524 0.0249524
BinVal : 25 25 0.865672 0.0416604 0.0416604
BinVal : 25 26 0.782609 0.0860061 0.0860061
BinVal : 25 27 0.775862 0.0547565 0.0547565
BinVal : 25 28 0.777778 0.0489954 0.0489954
BinVal : 25 29 0.963636 0.0252411 0.0252411
BinVal : 25 30 0.960784 0.0271805 0.0271805
BinVal : 25 31 0.980392 0.0194147 0.0194147
BinVal : 25 32 1 0.0279117 0.0279117
BinVal : 25 33 0 0 0
BinVal : 25 34 0 0 0
BinVal : 25 35 0 0 0
BinVal : 25 36 0 0 0
BinVal : 25 37 0 0 0
BinVal : 25 38 0 0 0
BinVal : 25 39 0 0 0
BinVal : 25 40 0 0 0
BinVal : 25 41 0 0 0
BinVal : 25 42 0 0 0
BinVal : 25 43 0 0 0
BinVal : 26 0 0 0 0
BinVal : 26 1 0 0 0
BinVal : 26 2 0 0 0
BinVal : 26 3 0 0 0
BinVal : 26 4 0 0 0
BinVal : 26 5 0 0 0
BinVal : 26 6 0 0 0
BinVal : 26 7 0 0 0
BinVal : 26 8 0 0 0
BinVal : 26 9 0 0 0
BinVal : 26 10 0 0 0
BinVal : 26 11 1 0.102643 0.102643
BinVal : 26 12 1 0.0141568 0.0141568
BinVal : 26 13 0.962264 0.026175 0.026175
BinVal : 26 14 0.983333 0.0165272 0.0165272
BinVal : 26 15 0.907407 0.039445 0.039445
BinVal : 26 16 0.77193 0.0555758 0.0555758
BinVal : 26 17 0.666667 0.0555556 0.0555556
BinVal : 26 18 0.413333 0.0568611 0.0568611
BinVal : 26 19 0.845361 0.0367109 0.0367109
BinVal : 26 20 0.931818 0.0268694 0.0268694
BinVal : 26 21 0.842697 0.0385931 0.0385931
BinVal : 26 22 0.93 0.0255147 0.0255147
BinVal : 26 23 0.945055 0.0238876 0.0238876
BinVal : 26 24 0.839506 0.0407848 0.0407848
BinVal : 26 25 0.346667 0.0549532 0.0549532
BinVal : 26 26 0.52459 0.063941 0.063941
BinVal : 26 27 0.702703 0.0531331 0.0531331
BinVal : 26 28 0.901961 0.0416398 0.0416398
BinVal : 26 29 0.983333 0.0165272 0.0165272
BinVal : 26 30 0.9375 0.0349386 0.0349386
BinVal : 26 31 0.938776 0.0342488 0.0342488
BinVal : 26 32 1 0.0668855 0.0668855
BinVal : 26 33 0 0 0
BinVal : 26 34 0 0 0
BinVal : 26 35 0 0 0
BinVal : 26 36 0 0 0
BinVal : 26 37 0 0 0
BinVal : 26 38 0 0 0
BinVal : 26 39 0 0 0
BinVal : 26 40 0 0 0
BinVal : 26 41 0 0 0
BinVal : 26 42 0 0 0
BinVal : 26 43 0 0 0
BinVal : 27 0 0 0 0
BinVal : 27 1 0 0 0
BinVal : 27 2 0 0 0
BinVal : 27 3 0 0 0
BinVal : 27 4 0 0 0
BinVal : 27 5 0 0 0
BinVal : 27 6 0 0 0
BinVal : 27 7 0 0 0
BinVal : 27 8 0 0 0
BinVal : 27 9 0 0 0
BinVal : 27 10 0 0 0
BinVal : 27 11 0 0 0
BinVal : 27 12 1 0.0309157 0.0309157
BinVal : 27 13 0.952381 0.0328603 0.0328603
BinVal : 27 14 0.941176 0.0403526 0.0403526
BinVal : 27 15 0.984127 0.0157465 0.0157465
BinVal : 27 16 0.551724 0.065301 0.065301
BinVal : 27 17 0.233766 0.048231 0.048231
BinVal : 27 18 0.0909091 0.0327614 0.0327614
BinVal : 27 19 0.449438 0.0527282 0.0527282
BinVal : 27 20 0.911111 0.0299977 0.0299977
BinVal : 27 21 0.897196 0.02936 0.02936
BinVal : 27 22 0.841667 0.0333247 0.0333247
BinVal : 27 23 0.891566 0.0341287 0.0341287
BinVal : 27 24 0.451923 0.0488019 0.0488019
BinVal : 27 25 0.111111 0.0331269 0.0331269
BinVal : 27 26 0.246575 0.0504468 0.0504468
BinVal : 27 27 0.56338 0.0588604 0.0588604
BinVal : 27 28 0.966102 0.02356 0.02356
BinVal : 27 29 1 0.0105252 0.0105252
BinVal : 27 30 1 0.0128865 0.0128865
BinVal : 27 31 1 0.0326734 0.0326734
BinVal : 27 32 0 0 0
BinVal : 27 33 0 0 0
BinVal : 27 34 0 0 0
BinVal : 27 35 0 0 0
BinVal : 27 36 0 0 0
BinVal : 27 37 0 0 0
BinVal : 27 38 0 0 0
BinVal : 27 39 0 0 0
BinVal : 27 40 0 0 0
BinVal : 27 41 0 0 0
BinVal : 27 42 0 0 0
BinVal : 27 43 0 0 0
BinVal : 28 0 0 0 0
BinVal : 28 1 0 0 0
BinVal : 28 2 0 0 0
BinVal : 28 3 0 0 0
BinVal : 28 4 0 0 0
BinVal : 28 5 0 0 0
BinVal : 28 6 0 0 0
BinVal : 28 7 0 0 0
BinVal : 28 8 0 0 0
BinVal : 28 9 0 0 0
BinVal : 28 10 0 0 0
BinVal : 28 11 0 0 0
BinVal : 28 12 1 0.0254407 0.0254407
BinVal : 28 13 1 0.0166125 0.0166125
BinVal : 28 14 1 0.0131822 0.0131822
BinVal : 28 15 0.963636 0.0252411 0.0252411
BinVal : 28 16 0.971014 0.0201966 0.0201966
BinVal : 28 17 0.87234 0.0486767 0.0486767
BinVal : 28 18 0.85 0.0564579 0.0564579
BinVal : 28 19 0.964286 0.0202481 0.0202481
BinVal : 28 20 0.914894 0.0407022 0.0407022
BinVal : 28 21 0.855556 0.0370556 0.0370556
BinVal : 28 22 0.883117 0.0366134 0.0366134
BinVal : 28 23 0.871429 0.0400073 0.0400073
BinVal : 28 24 0.829268 0.0415526 0.0415526
BinVal : 28 25 0.804878 0.0618908 0.0618908
BinVal : 28 26 0.951219 0.0336412 0.0336412
BinVal : 28 27 0.984127 0.0157465 0.0157465
BinVal : 28 28 0.983607 0.0162585 0.0162585
BinVal : 28 29 0.981132 0.0186891 0.0186891
BinVal : 28 30 1 0.0148902 0.0148902
BinVal : 28 31 1 0.0243611 0.0243611
BinVal : 28 32 0 0 0
BinVal : 28 33 0 0 0
BinVal : 28 34 0 0 0
BinVal : 28 35 0 0 0
BinVal : 28 36 0 0 0
BinVal : 28 37 0 0 0
BinVal : 28 38 0 0 0
BinVal : 28 39 0 0 0
BinVal : 28 40 0 0 0
BinVal : 28 41 0 0 0
BinVal : 28 42 0 0 0
BinVal : 28 43 0 0 0
BinVal : 29 0 0 0 0
BinVal : 29 1 0 0 0
BinVal : 29 2 0 0 0
BinVal : 29 3 0 0 0
BinVal : 29 4 0 0 0
BinVal : 29 5 0 0 0
BinVal : 29 6 0 0 0
BinVal : 29 7 0 0 0
BinVal : 29 8 0 0 0
BinVal : 29 9 0 0 0
BinVal : 29 10 0 0 0
BinVal : 29 11 1 0.0326734 0.0326734
BinVal : 29 12 0.972973 0.0266593 0.0266593
BinVal : 29 13 1 0.0111375 0.0111375
BinVal : 29 14 1 0.00948286 0.00948286
BinVal : 29 15 0.981818 0.0180158 0.0180158
BinVal : 29 16 1 0.00850058 0.00850058
BinVal : 29 17 0.985294 0.0145974 0.0145974
BinVal : 29 18 0.878788 0.0401738 0.0401738
BinVal : 29 19 0.988636 0.0112989 0.0112989
BinVal : 29 20 0.97619 0.0166342 0.0166342
BinVal : 29 21 0.978947 0.0147289 0.0147289
BinVal : 29 22 0.989011 0.0109285 0.0109285
BinVal : 29 23 0.918605 0.0294859 0.0294859
BinVal : 29 24 0.909091 0.0274101 0.0274101
BinVal : 29 25 0.788991 0.0390817 0.0390817
BinVal : 29 26 0.784615 0.0509893 0.0509893
BinVal : 29 27 1 0.00721884 0.00721884
BinVal : 29 28 0.987013 0.0129024 0.0129024
BinVal : 29 29 0.984375 0.0155024 0.0155024
BinVal : 29 30 0.962264 0.026175 0.026175
BinVal : 29 31 0.897436 0.0485811 0.0485811
BinVal : 29 32 1 0.0495858 0.0495858
BinVal : 29 33 0 0 0
BinVal : 29 34 0 0 0
BinVal : 29 35 0 0 0
BinVal : 29 36 0 0 0
BinVal : 29 37 0 0 0
BinVal : 29 38 0 0 0
BinVal : 29 39 0 0 0
BinVal : 29 40 0 0 0
BinVal : 29 41 0 0 0
BinVal : 29 42 0 0 0
BinVal : 29 43 0 0 0
BinVal : 30 0 0 0 0
BinVal : 30 1 0 0 0
BinVal : 30 2 0 0 0
BinVal : 30 3 0 0 0
BinVal : 30 4 0 0 0
BinVal : 30 5 0 0 0
BinVal : 30 6 0 0 0
BinVal : 30 7 0 0 0
BinVal : 30 8 0 0 0
BinVal : 30 9 0 0 0
BinVal : 30 10 0 0 0
BinVal : 30 11 1 0.0279117 0.0279117
BinVal : 30 12 0.975 0.0246855 0.0246855
BinVal : 30 13 0.983051 0.0168049 0.0168049
BinVal : 30 14 1 0.00825644 0.00825644
BinVal : 30 15 1 0.0083766 0.0083766
BinVal : 30 16 0.942857 0.0277431 0.0277431
BinVal : 30 17 0.954545 0.0256398 0.0256398
BinVal : 30 18 0.910448 0.0348842 0.0348842
BinVal : 30 19 0.985294 0.0145974 0.0145974
BinVal : 30 20 0.92233 0.0263725 0.0263725
BinVal : 30 21 0.975 0.0142522 0.0142522
BinVal : 30 22 0.923729 0.024435 0.024435
BinVal : 30 23 0.96748 0.0159936 0.0159936
BinVal : 30 24 0.987654 0.0122692 0.0122692
BinVal : 30 25 0.6625 0.052867 0.052867
BinVal : 30 26 0.790123 0.0452467 0.0452467
BinVal : 30 27 0.971429 0.0199123 0.0199123
BinVal : 30 28 0.986842 0.013071 0.013071
BinVal : 30 29 0.985075 0.0148136 0.0148136
BinVal : 30 30 1 0.00932837 0.00932837
BinVal : 30 31 0.941176 0.0329478 0.0329478
BinVal : 30 32 0.954545 0.0444095 0.0444095
BinVal : 30 33 0 0 0
BinVal : 30 34 0 0 0
BinVal : 30 35 0 0 0
BinVal : 30 36 0 0 0
BinVal : 30 37 0 0 0
BinVal : 30 38 0 0 0
BinVal : 30 39 0 0 0
BinVal : 30 40 0 0 0
BinVal : 30 41 0 0 0
BinVal : 30 42 0 0 0
BinVal : 30 43 0 0 0
BinVal : 31 0 0 0 0
BinVal : 31 1 0 0 0
BinVal : 31 2 0 0 0
BinVal : 31 3 0 0 0
BinVal : 31 4 0 0 0
BinVal : 31 5 0 0 0
BinVal : 31 6 0 0 0
BinVal : 31 7 0 0 0
BinVal : 31 8 0 0 0
BinVal : 31 9 0 0 0
BinVal : 31 10 0 0 0
BinVal : 31 11 1 0.0542655 0.0542655
BinVal : 31 12 1 0.0233703 0.0233703
BinVal : 31 13 1 0.0101533 0.0101533
BinVal : 31 14 1 0.0115867 0.0115867
BinVal : 31 15 0.986842 0.013071 0.013071
BinVal : 31 16 0.957143 0.0242076 0.0242076
BinVal : 31 17 0.863636 0.0422418 0.0422418
BinVal : 31 18 0.907895 0.0331706 0.0331706
BinVal : 31 19 1 0.00687265 0.00687265
BinVal : 31 20 0.946809 0.0231467 0.0231467
BinVal : 31 21 0.925926 0.029099 0.029099
BinVal : 31 22 0.961905 0.0186813 0.0186813
BinVal : 31 23 0.950495 0.0215843 0.0215843
BinVal : 31 24 1 0.00760031 0.00760031
BinVal : 31 25 0.864865 0.0397413 0.0397413
BinVal : 31 26 0.855263 0.0403583 0.0403583
BinVal : 31 27 0.934426 0.0316937 0.0316937
BinVal : 31 28 1 0.00634241 0.00634241
BinVal : 31 29 1 0.00875998 0.00875998
BinVal : 31 30 1 0.0115867 0.0115867
BinVal : 31 31 1 0.0141568 0.0141568
BinVal : 31 32 1 0.0422902 0.0422902
BinVal : 31 33 0 0 0
BinVal : 31 34 0 0 0
BinVal : 31 35 0 0 0
BinVal : 31 36 0 0 0
BinVal : 31 37 0 0 0
BinVal : 31 38 0 0 0
BinVal : 31 39 0 0 0
BinVal : 31 40 0 0 0
BinVal : 31 41 0 0 0
BinVal : 31 42 0 0 0
BinVal : 31 43 0 0 0


