Comments : includes prescale inefficiency, cosmic veto applied 
DataSetName : None 
EffMethod : TagAndProbe 
EffName : eff 
EffType : Binned 
EffVarNames : lumi phi deteta 
EffVersion : 3 
MCVersion : None 
ObjQuality : SingleMuonTriggersOR 
ObjRelativeTo : loose_tracknewmedium_iso_TrkLoose 
ObjType : SingleMuonOR 
ObjVersion : 1 
RunRangeHigh : -1 
RunRangeLow : -1 
TriggerVersionHigh : 15.89 
TriggerVersionLow : 15.6 
BinEdges1 : 0 80 100 125 160 200 400 
BinEdges2 : 0 0.0981748 0.392699 0.687223 0.883573 1.1781 1.47262 1.66897 1.9635 2.25802 2.45437 2.74889 3.04342 3.23977 3.53429 3.82882 4.02517 4.31969 4.61421 4.81056 5.10509 5.39961 5.59596 5.89049 6.18501 6.2832 
BinEdges3 : -2.1 -1.8 -1.6 -1.4 -1.2 -1 -0.8 -0.6 -0.4 -0.2 0 0.2 0.4 0.6 0.8 1 1.2 1.4 1.6 1.8 2.1 
BinVal : 0 0 2     0.3 0.144914 0.144914 0 0
BinVal : 0 0 3     0.538462 0.138264 0.138264 0 0
BinVal : 0 0 4     0.647059 0.115904 0.115904 0 0
BinVal : 0 0 5     0.916667 0.0797856 0.0797856 0 0
BinVal : 0 0 6     0.5 0.1066 0.1066 0 0
BinVal : 0 0 7     0.517241 0.0927925 0.0927925 0 0
BinVal : 0 0 8     0.5 0.1066 0.1066 0 0
BinVal : 0 0 9     0.8 0.08 0.08 0 0
BinVal : 0 0 10     0.73913 0.0915605 0.0915605 0 0
BinVal : 0 0 11     0.4375 0.12402 0.12402 0 0
BinVal : 0 0 12     0.6 0.0894427 0.0894427 0 0
BinVal : 0 0 13     0.541667 0.101707 0.101707 0 0
BinVal : 0 0 14     0.5625 0.12402 0.12402 0 0
BinVal : 0 0 15     0.65 0.106654 0.106654 0 0
BinVal : 0 0 16     0.818182 0.116291 0.116291 0 0
BinVal : 0 0 17     0.461538 0.138264 0.138264 0 0
BinVal : 0 1 2     0.395349 0.0745604 0.0745604 0 0
BinVal : 0 1 3     0.811321 0.0537428 0.0537428 0 0
BinVal : 0 1 4     0.5 0.0680414 0.0680414 0 0
BinVal : 0 1 5     0.615385 0.0550858 0.0550858 0 0
BinVal : 0 1 6     0.608696 0.0587534 0.0587534 0 0
BinVal : 0 1 7     0.576923 0.0559399 0.0559399 0 0
BinVal : 0 1 8     0.537634 0.0517005 0.0517005 0 0
BinVal : 0 1 9     0.608108 0.0567489 0.0567489 0 0
BinVal : 0 1 10     0.557143 0.0593699 0.0593699 0 0
BinVal : 0 1 11     0.527778 0.0588346 0.0588346 0 0
BinVal : 0 1 12     0.597222 0.0578009 0.0578009 0 0
BinVal : 0 1 13     0.614035 0.0644812 0.0644812 0 0
BinVal : 0 1 14     0.557377 0.0635955 0.0635955 0 0
BinVal : 0 1 15     0.561644 0.0580741 0.0580741 0 0
BinVal : 0 1 16     0.884058 0.0385422 0.0385422 0 0
BinVal : 0 1 17     0.73913 0.0647431 0.0647431 0 0
BinVal : 0 2 1     0.0263158 0.0259672 0.0259672 0 0
BinVal : 0 2 2     0.588235 0.0689152 0.0689152 0 0
BinVal : 0 2 3     0.875 0.0477352 0.0477352 0 0
BinVal : 0 2 4     0.926471 0.0316513 0.0316513 0 0
BinVal : 0 2 5     0.597222 0.0578009 0.0578009 0 0
BinVal : 0 2 6     0.763889 0.0500503 0.0500503 0 0
BinVal : 0 2 7     0.57971 0.0594231 0.0594231 0 0
BinVal : 0 2 8     0.542857 0.0595415 0.0595415 0 0
BinVal : 0 2 9     0.820225 0.0407039 0.0407039 0 0
BinVal : 0 2 10     0.771084 0.0461158 0.0461158 0 0
BinVal : 0 2 11     0.512821 0.0565952 0.0565952 0 0
BinVal : 0 2 12     0.763889 0.0500503 0.0500503 0 0
BinVal : 0 2 13     0.746988 0.0477187 0.0477187 0 0
BinVal : 0 2 14     0.681159 0.0561031 0.0561031 0 0
BinVal : 0 2 15     0.890625 0.0390136 0.0390136 0 0
BinVal : 0 2 16     0.833333 0.0507151 0.0507151 0 0
BinVal : 0 2 17     0.732143 0.0591774 0.0591774 0 0
BinVal : 0 3 2     0.5 0.111803 0.111803 0 0
BinVal : 0 3 3     0.758621 0.0794627 0.0794627 0 0
BinVal : 0 3 4     0.703704 0.0878772 0.0878772 0 0
BinVal : 0 3 5     0.5 0.102062 0.102062 0 0
BinVal : 0 3 6     0.62069 0.0901022 0.0901022 0 0
BinVal : 0 3 7     0.52 0.09992 0.09992 0 0
BinVal : 0 3 8     0.64 0.096 0.096 0 0
BinVal : 0 3 9     0.6 0.0894427 0.0894427 0 0
BinVal : 0 3 10     0.6 0.0894427 0.0894427 0 0
BinVal : 0 3 11     0.354839 0.0859347 0.0859347 0 0
BinVal : 0 3 12     0.32 0.0932952 0.0932952 0 0
BinVal : 0 3 13     0.645161 0.0859347 0.0859347 0 0
BinVal : 0 3 14     0.608696 0.101764 0.101764 0 0
BinVal : 0 3 15     0.818182 0.0822304 0.0822304 0 0
BinVal : 0 3 16     0.766667 0.0772202 0.0772202 0 0
BinVal : 0 3 17     0.3125 0.115878 0.115878 0 0
BinVal : 0 4 2     0.552632 0.0806601 0.0806601 0 0
BinVal : 0 4 3     0.945946 0.0371746 0.0371746 0 0
BinVal : 0 4 4     0.914286 0.0473188 0.0473188 0 0
BinVal : 0 4 5     0.477273 0.0752999 0.0752999 0 0
BinVal : 0 4 6     0.565217 0.0730912 0.0730912 0 0
BinVal : 0 4 7     0.518519 0.0679947 0.0679947 0 0
BinVal : 0 4 8     0.568182 0.0746737 0.0746737 0 0
BinVal : 0 4 9     0.510638 0.072916 0.072916 0 0
BinVal : 0 4 10     0.557692 0.0688744 0.0688744 0 0
BinVal : 0 4 11     0.488889 0.0745172 0.0745172 0 0
BinVal : 0 4 12     0.547619 0.076801 0.076801 0 0
BinVal : 0 4 13     0.64 0.0678822 0.0678822 0 0
BinVal : 0 4 14     0.4375 0.0716027 0.0716027 0 0
BinVal : 0 4 15     0.92 0.0383667 0.0383667 0 0
BinVal : 0 4 16     0.9375 0.0427908 0.0427908 0 0
BinVal : 0 4 17     0.677419 0.083959 0.083959 0 0
BinVal : 0 5 2     0.75 0.0968246 0.0968246 0 0
BinVal : 0 5 3     0.857143 0.093522 0.093522 0 0
BinVal : 0 5 4     0.642857 0.0905522 0.0905522 0 0
BinVal : 0 5 5     0.64 0.096 0.096 0 0
BinVal : 0 5 6     0.608696 0.101764 0.101764 0 0
BinVal : 0 5 7     0.576923 0.0968907 0.0968907 0 0
BinVal : 0 5 8     0.666667 0.102869 0.102869 0 0
BinVal : 0 5 9     0.565217 0.103367 0.103367 0 0
BinVal : 0 5 10     0.583333 0.100635 0.100635 0 0
BinVal : 0 5 11     0.652174 0.0993113 0.0993113 0 0
BinVal : 0 5 12     0.619048 0.105971 0.105971 0 0
BinVal : 0 5 13     0.740741 0.084337 0.084337 0 0
BinVal : 0 5 14     0.55 0.111243 0.111243 0 0
BinVal : 0 5 15     0.631579 0.110665 0.110665 0 0
BinVal : 0 5 16     0.714286 0.0985808 0.0985808 0 0
BinVal : 0 5 17     0.846154 0.100068 0.100068 0 0
BinVal : 0 6 2     0.333333 0.272166 0.272166 0 0
BinVal : 0 6 3     0.714286 0.170747 0.170747 0 0
BinVal : 0 6 4     0.142857 0.13226 0.13226 0 0
BinVal : 0 6 5     0.75 0.216506 0.216506 0 0
BinVal : 0 6 6     0.545455 0.150131 0.150131 0 0
BinVal : 0 6 7     0.4 0.126491 0.126491 0 0
BinVal : 0 6 8     0.615385 0.134932 0.134932 0 0
BinVal : 0 6 9     0.333333 0.19245 0.19245 0 0
BinVal : 0 6 10     0.454545 0.150131 0.150131 0 0
BinVal : 0 6 11     0.466667 0.128812 0.128812 0 0
BinVal : 0 6 12     0.25 0.153093 0.153093 0 0
BinVal : 0 6 13     0.5 0.111803 0.111803 0 0
BinVal : 0 6 14     0.2 0.126491 0.126491 0 0
BinVal : 0 6 15     0.166667 0.152145 0.152145 0 0
BinVal : 0 6 16     0.875 0.116927 0.116927 0 0
BinVal : 0 6 17     0.8 0.178885 0.178885 0 0
BinVal : 0 7 2     0.705882 0.11051 0.11051 0 0
BinVal : 0 7 3     0.857143 0.0763604 0.0763604 0 0
BinVal : 0 7 4     0.5 0.102062 0.102062 0 0
BinVal : 0 7 5     0.419355 0.0886269 0.0886269 0 0
BinVal : 0 7 6     0.676471 0.0802309 0.0802309 0 0
BinVal : 0 7 7     0.578947 0.0800933 0.0800933 0 0
BinVal : 0 7 8     0.375 0.0988212 0.0988212 0 0
BinVal : 0 7 9     0.647059 0.0819565 0.0819565 0 0
BinVal : 0 7 10     0.586207 0.0914572 0.0914572 0 0
BinVal : 0 7 11     0.454545 0.106159 0.106159 0 0
BinVal : 0 7 12     0.724138 0.0829961 0.0829961 0 0
BinVal : 0 7 13     0.611111 0.114904 0.114904 0 0
BinVal : 0 7 14     0.368421 0.110665 0.110665 0 0
BinVal : 0 7 15     0.478261 0.104159 0.104159 0 0
BinVal : 0 7 16     0.95 0.048734 0.048734 0 0
BinVal : 0 7 17     0.75 0.0883883 0.0883883 0 0
BinVal : 0 8 1     0.0625 0.0605154 0.0605154 0 0
BinVal : 0 8 2     0.794118 0.0693446 0.0693446 0 0
BinVal : 0 8 3     1 0 0 0 0
BinVal : 0 8 4     0.875 0.0477352 0.0477352 0 0
BinVal : 0 8 5     0.630435 0.0711683 0.0711683 0 0
BinVal : 0 8 6     0.7 0.0724569 0.0724569 0 0
BinVal : 0 8 7     0.614035 0.0644812 0.0644812 0 0
BinVal : 0 8 8     0.571429 0.06613 0.06613 0 0
BinVal : 0 8 9     0.693878 0.0658402 0.0658402 0 0
BinVal : 0 8 10     0.6 0.0774597 0.0774597 0 0
BinVal : 0 8 11     0.428571 0.070696 0.070696 0 0
BinVal : 0 8 12     0.6 0.0730297 0.0730297 0 0
BinVal : 0 8 13     0.680556 0.0549494 0.0549494 0 0
BinVal : 0 8 14     0.395349 0.0745604 0.0745604 0 0
BinVal : 0 8 15     0.723404 0.0652476 0.0652476 0 0
BinVal : 0 8 16     0.894737 0.0497845 0.0497845 0 0
BinVal : 0 8 17     0.575758 0.086034 0.086034 0 0
BinVal : 0 9 2     0.428571 0.10799 0.10799 0 0
BinVal : 0 9 3     0.833333 0.087841 0.087841 0 0
BinVal : 0 9 4     0.612903 0.0874832 0.0874832 0 0
BinVal : 0 9 5     0.533333 0.128812 0.128812 0 0
BinVal : 0 9 6     0.457143 0.0842044 0.0842044 0 0
BinVal : 0 9 7     0.5 0.0857493 0.0857493 0 0
BinVal : 0 9 8     0.473684 0.114549 0.114549 0 0
BinVal : 0 9 9     0.5 0.0833333 0.0833333 0 0
BinVal : 0 9 10     0.535714 0.0942498 0.0942498 0 0
BinVal : 0 9 11     0.483871 0.0897559 0.0897559 0 0
BinVal : 0 9 12     0.416667 0.100635 0.100635 0 0
BinVal : 0 9 13     0.576923 0.0968907 0.0968907 0 0
BinVal : 0 9 14     0.657143 0.0802329 0.0802329 0 0
BinVal : 0 9 15     0.631579 0.110665 0.110665 0 0
BinVal : 0 9 16     0.611111 0.114904 0.114904 0 0
BinVal : 0 9 17     0.533333 0.128812 0.128812 0 0
BinVal : 0 10 2     0.62 0.068644 0.068644 0 0
BinVal : 0 10 3     0.867925 0.0465066 0.0465066 0 0
BinVal : 0 10 4     0.842105 0.048298 0.048298 0 0
BinVal : 0 10 5     0.583333 0.0581014 0.0581014 0 0
BinVal : 0 10 6     0.767857 0.0564188 0.0564188 0 0
BinVal : 0 10 7     0.506329 0.0562499 0.0562499 0 0
BinVal : 0 10 8     0.46875 0.0623778 0.0623778 0 0
BinVal : 0 10 9     0.628571 0.0577519 0.0577519 0 0
BinVal : 0 10 10     0.636364 0.0548202 0.0548202 0 0
BinVal : 0 10 11     0.552239 0.0607504 0.0607504 0 0
BinVal : 0 10 12     0.509804 0.0700005 0.0700005 0 0
BinVal : 0 10 13     0.652174 0.0573374 0.0573374 0 0
BinVal : 0 10 14     0.463768 0.0600347 0.0600347 0 0
BinVal : 0 10 15     0.826087 0.0558856 0.0558856 0 0
BinVal : 0 10 16     0.885714 0.0380271 0.0380271 0 0
BinVal : 0 10 17     0.744186 0.0665378 0.0665378 0 0
BinVal : 0 11 2     0.76 0.0603987 0.0603987 0 0
BinVal : 0 11 3     0.883333 0.0414438 0.0414438 0 0
BinVal : 0 11 4     0.542373 0.0648603 0.0648603 0 0
BinVal : 0 11 5     0.813559 0.0507036 0.0507036 0 0
BinVal : 0 11 6     0.574074 0.0672906 0.0672906 0 0
BinVal : 0 11 7     0.513889 0.0589028 0.0589028 0 0
BinVal : 0 11 8     0.7 0.0547723 0.0547723 0 0
BinVal : 0 11 9     0.525641 0.0565394 0.0565394 0 0
BinVal : 0 11 10     0.734375 0.0552082 0.0552082 0 0
BinVal : 0 11 11     0.675676 0.0544181 0.0544181 0 0
BinVal : 0 11 12     0.592105 0.0563724 0.0563724 0 0
BinVal : 0 11 13     0.586207 0.06467 0.06467 0 0
BinVal : 0 11 14     0.578947 0.0653959 0.0653959 0 0
BinVal : 0 11 15     0.685185 0.0632026 0.0632026 0 0
BinVal : 0 11 16     0.933333 0.0322031 0.0322031 0 0
BinVal : 0 11 17     0.745455 0.058737 0.058737 0 0
BinVal : 0 12 2     0.461538 0.0977675 0.0977675 0 0
BinVal : 0 12 3     0.774194 0.0750952 0.0750952 0 0
BinVal : 0 12 4     0.486486 0.0821695 0.0821695 0 0
BinVal : 0 12 5     0.560976 0.077504 0.077504 0 0
BinVal : 0 12 6     0.292683 0.0710581 0.0710581 0 0
BinVal : 0 12 7     0.54 0.070484 0.070484 0 0
BinVal : 0 12 8     0.615385 0.077903 0.077903 0 0
BinVal : 0 12 9     0.488372 0.0762287 0.0762287 0 0
BinVal : 0 12 10     0.659091 0.0714604 0.0714604 0 0
BinVal : 0 12 11     0.611111 0.0574522 0.0574522 0 0
BinVal : 0 12 12     0.466667 0.0743698 0.0743698 0 0
BinVal : 0 12 13     0.55 0.0786607 0.0786607 0 0
BinVal : 0 12 14     0.733333 0.0807373 0.0807373 0 0
BinVal : 0 12 15     0.581395 0.0752322 0.0752322 0 0
BinVal : 0 12 16     0.657143 0.0802329 0.0802329 0 0
BinVal : 0 12 17     0.652174 0.0993113 0.0993113 0 0
BinVal : 0 13 1     0.027027 0.0266593 0.0266593 0 0
BinVal : 0 13 2     0.725 0.0706001 0.0706001 0 0
BinVal : 0 13 3     0.96 0.0277128 0.0277128 0 0
BinVal : 0 13 4     0.614286 0.0581794 0.0581794 0 0
BinVal : 0 13 5     0.810811 0.0455294 0.0455294 0 0
BinVal : 0 13 6     0.710145 0.0546185 0.0546185 0 0
BinVal : 0 13 7     0.666667 0.0593914 0.0593914 0 0
BinVal : 0 13 8     0.734177 0.049703 0.049703 0 0
BinVal : 0 13 9     0.745763 0.0566884 0.0566884 0 0
BinVal : 0 13 10     0.807692 0.0446246 0.0446246 0 0
BinVal : 0 13 11     0.746988 0.0477187 0.0477187 0 0
BinVal : 0 13 12     0.651515 0.0586519 0.0586519 0 0
BinVal : 0 13 13     0.509434 0.0686681 0.0686681 0 0
BinVal : 0 13 14     0.642857 0.0572703 0.0572703 0 0
BinVal : 0 13 15     0.703125 0.0571101 0.0571101 0 0
BinVal : 0 13 16     0.958904 0.0232341 0.0232341 0 0
BinVal : 0 13 17     0.636364 0.0648642 0.0648642 0 0
BinVal : 0 14 2     0.6875 0.0669023 0.0669023 0 0
BinVal : 0 14 3     0.911111 0.0424232 0.0424232 0 0
BinVal : 0 14 4     0.918033 0.0351224 0.0351224 0 0
BinVal : 0 14 5     0.536232 0.0600347 0.0600347 0 0
BinVal : 0 14 6     0.819672 0.0492251 0.0492251 0 0
BinVal : 0 14 7     0.642857 0.0522804 0.0522804 0 0
BinVal : 0 14 8     0.611111 0.0574522 0.0574522 0 0
BinVal : 0 14 9     0.77027 0.0489006 0.0489006 0 0
BinVal : 0 14 10     0.880952 0.0353343 0.0353343 0 0
BinVal : 0 14 11     0.717949 0.0509523 0.0509523 0 0
BinVal : 0 14 12     0.662162 0.054982 0.054982 0 0
BinVal : 0 14 13     0.513514 0.0581026 0.0581026 0 0
BinVal : 0 14 14     0.575758 0.0608352 0.0608352 0 0
BinVal : 0 14 15     0.910448 0.0348842 0.0348842 0 0
BinVal : 0 14 16     0.878788 0.0401738 0.0401738 0 0
BinVal : 0 14 17     0.754717 0.0591001 0.0591001 0 0
BinVal : 0 15 2     0.578947 0.113269 0.113269 0 0
BinVal : 0 15 3     0.740741 0.084337 0.084337 0 0
BinVal : 0 15 4     0.586207 0.0914572 0.0914572 0 0
BinVal : 0 15 5     0.34375 0.0839617 0.0839617 0 0
BinVal : 0 15 6     0.0357143 0.0350707 0.0350707 0 0
BinVal : 0 15 7     0.352941 0.0819565 0.0819565 0 0
BinVal : 0 15 8     0.290323 0.0815249 0.0815249 0 0
BinVal : 0 15 9     0.565217 0.0730912 0.0730912 0 0
BinVal : 0 15 10     0.594595 0.080715 0.080715 0 0
BinVal : 0 15 11     0.489362 0.072916 0.072916 0 0
BinVal : 0 15 12     0.296296 0.0878772 0.0878772 0 0
BinVal : 0 15 13     0.0909091 0.0500438 0.0500438 0 0
BinVal : 0 15 14     0.217391 0.0860061 0.0860061 0 0
BinVal : 0 15 15     0.4375 0.0876951 0.0876951 0 0
BinVal : 0 15 16     0.466667 0.091084 0.091084 0 0
BinVal : 0 15 17     0.583333 0.100635 0.100635 0 0
BinVal : 0 16 2     0.666667 0.0680414 0.0680414 0 0
BinVal : 0 16 3     0.911111 0.0424232 0.0424232 0 0
BinVal : 0 16 4     0.1875 0.0563367 0.0563367 0 0
BinVal : 0 16 5     0.45098 0.0696767 0.0696767 0 0
BinVal : 0 16 6     0.214286 0.0490433 0.0490433 0 0
BinVal : 0 16 7     0.672131 0.0601052 0.0601052 0 0
BinVal : 0 16 8     0.649123 0.0632126 0.0632126 0 0
BinVal : 0 16 9     0.6 0.058554 0.058554 0 0
BinVal : 0 16 10     0.6875 0.057939 0.057939 0 0
BinVal : 0 16 11     0.542857 0.0595415 0.0595415 0 0
BinVal : 0 16 12     0.637681 0.0578659 0.0578659 0 0
BinVal : 0 16 13     0.193548 0.0501751 0.0501751 0 0
BinVal : 0 16 14     0.566667 0.0639734 0.0639734 0 0
BinVal : 0 16 15     0.145455 0.047539 0.047539 0 0
BinVal : 0 16 16     0.938776 0.0342488 0.0342488 0 0
BinVal : 0 16 17     0.828571 0.0637049 0.0637049 0 0
BinVal : 0 17 2     0.888889 0.0468486 0.0468486 0 0
BinVal : 0 17 3     0.8 0.0596285 0.0596285 0 0
BinVal : 0 17 9     0.0149254 0.0148136 0.0148136 0 0
BinVal : 0 17 16     0.71875 0.0562012 0.0562012 0 0
BinVal : 0 17 17     0.655172 0.0882632 0.0882632 0 0
BinVal : 0 18 2     0.375 0.0988212 0.0988212 0 0
BinVal : 0 18 3     0.466667 0.128812 0.128812 0 0
BinVal : 0 18 16     0.5 0.125 0.125 0 0
BinVal : 0 18 17     0.46875 0.0882155 0.0882155 0 0
BinVal : 0 19 1     0.0285714 0.0281603 0.0281603 0 0
BinVal : 0 19 2     0.714286 0.0763604 0.0763604 0 0
BinVal : 0 19 3     0.773585 0.0574869 0.0574869 0 0
BinVal : 0 19 16     0.681818 0.0702175 0.0702175 0 0
BinVal : 0 19 17     0.666667 0.0754851 0.0754851 0 0
BinVal : 0 20 2     0.868421 0.0548361 0.0548361 0 0
BinVal : 0 20 3     0.87037 0.0457096 0.0457096 0 0
BinVal : 0 20 4     0.274194 0.0566556 0.0566556 0 0
BinVal : 0 20 5     0.355932 0.0623338 0.0623338 0 0
BinVal : 0 20 6     0.134615 0.0473315 0.0473315 0 0
BinVal : 0 20 7     0.661765 0.0573729 0.0573729 0 0
BinVal : 0 20 8     0.508197 0.0640098 0.0640098 0 0
BinVal : 0 20 9     0.774194 0.0531003 0.0531003 0 0
BinVal : 0 20 10     0.75 0.0461593 0.0461593 0 0
BinVal : 0 20 11     0.666667 0.0514344 0.0514344 0 0
BinVal : 0 20 12     0.746479 0.0516282 0.0516282 0 0
BinVal : 0 20 13     0.188679 0.0537428 0.0537428 0 0
BinVal : 0 20 14     0.370968 0.0613492 0.0613492 0 0
BinVal : 0 20 15     0.203125 0.0502906 0.0502906 0 0
BinVal : 0 20 16     0.923077 0.0369527 0.0369527 0 0
BinVal : 0 20 17     0.764706 0.0727467 0.0727467 0 0
BinVal : 0 21 2     0.48 0.09992 0.09992 0 0
BinVal : 0 21 3     0.769231 0.116855 0.116855 0 0
BinVal : 0 21 4     0.68 0.0932952 0.0932952 0 0
BinVal : 0 21 5     0.148148 0.0683673 0.0683673 0 0
BinVal : 0 21 6     0.108108 0.0510487 0.0510487 0 0
BinVal : 0 21 7     0.277778 0.0746505 0.0746505 0 0
BinVal : 0 21 8     0.425 0.0781625 0.0781625 0 0
BinVal : 0 21 9     0.529412 0.0856008 0.0856008 0 0
BinVal : 0 21 10     0.5 0.073721 0.073721 0 0
BinVal : 0 21 11     0.538462 0.0798268 0.0798268 0 0
BinVal : 0 21 12     0.2 0.0632455 0.0632455 0 0
BinVal : 0 21 14     0.1 0.0547723 0.0547723 0 0
BinVal : 0 21 15     0.633333 0.0879815 0.0879815 0 0
BinVal : 0 21 16     0.777778 0.0800091 0.0800091 0 0
BinVal : 0 21 17     0.545455 0.106159 0.106159 0 0
BinVal : 0 22 2     0.651163 0.0726812 0.0726812 0 0
BinVal : 0 22 3     0.931818 0.0379991 0.0379991 0 0
BinVal : 0 22 4     0.876923 0.0407486 0.0407486 0 0
BinVal : 0 22 5     0.460317 0.0627954 0.0627954 0 0
BinVal : 0 22 6     0.637931 0.0631057 0.0631057 0 0
BinVal : 0 22 7     0.696203 0.0517424 0.0517424 0 0
BinVal : 0 22 8     0.546667 0.057483 0.057483 0 0
BinVal : 0 22 9     0.738636 0.0468378 0.0468378 0 0
BinVal : 0 22 10     0.662338 0.0538934 0.0538934 0 0
BinVal : 0 22 11     0.515152 0.0615175 0.0615175 0 0
BinVal : 0 22 12     0.647887 0.0566841 0.0566841 0 0
BinVal : 0 22 13     0.5625 0.0620098 0.0620098 0 0
BinVal : 0 22 14     0.529412 0.0605289 0.0605289 0 0
BinVal : 0 22 15     0.884058 0.0385422 0.0385422 0 0
BinVal : 0 22 16     0.9 0.0387298 0.0387298 0 0
BinVal : 0 22 17     0.714286 0.0697071 0.0697071 0 0
BinVal : 0 23 1     0.0277778 0.0273893 0.0273893 0 0
BinVal : 0 23 2     0.755556 0.0640644 0.0640644 0 0
BinVal : 0 23 3     0.923077 0.0330515 0.0330515 0 0
BinVal : 0 23 4     0.621212 0.0597099 0.0597099 0 0
BinVal : 0 23 5     0.712329 0.0529818 0.0529818 0 0
BinVal : 0 23 6     0.641791 0.0585771 0.0585771 0 0
BinVal : 0 23 7     0.639535 0.0517743 0.0517743 0 0
BinVal : 0 23 8     0.764706 0.0593974 0.0593974 0 0
BinVal : 0 23 9     0.772727 0.051584 0.051584 0 0
BinVal : 0 23 10     0.730769 0.0502233 0.0502233 0 0
BinVal : 0 23 11     0.633803 0.0571749 0.0571749 0 0
BinVal : 0 23 12     0.645161 0.060765 0.060765 0 0
BinVal : 0 23 13     0.357143 0.0572703 0.0572703 0 0
BinVal : 0 23 14     0.585714 0.0588768 0.0588768 0 0
BinVal : 0 23 15     0.633803 0.0571749 0.0571749 0 0
BinVal : 0 23 16     0.942029 0.0281328 0.0281328 0 0
BinVal : 0 23 17     0.729167 0.0641422 0.0641422 0 0
BinVal : 0 24 2     0.6 0.154919 0.154919 0 0
BinVal : 0 24 3     0.8 0.0894427 0.0894427 0 0
BinVal : 0 24 4     0.6 0.109545 0.109545 0 0
BinVal : 0 24 5     0.52381 0.108985 0.108985 0 0
BinVal : 0 24 6     0.5 0.111803 0.111803 0 0
BinVal : 0 24 7     0.5 0.117851 0.117851 0 0
BinVal : 0 24 8     0.636364 0.102559 0.102559 0 0
BinVal : 0 24 9     0.461538 0.138264 0.138264 0 0
BinVal : 0 24 10     0.615385 0.0954113 0.0954113 0 0
BinVal : 0 24 11     0.666667 0.102869 0.102869 0 0
BinVal : 0 24 12     0.466667 0.128812 0.128812 0 0
BinVal : 0 24 13     0.785714 0.109664 0.109664 0 0
BinVal : 0 24 14     0.571429 0.10799 0.10799 0 0
BinVal : 0 24 15     0.25 0.125 0.125 0 0
BinVal : 0 24 16     0.846154 0.100068 0.100068 0 0
BinVal : 0 24 17     0.411765 0.119365 0.119365 0 0
BinVal : 1 0 2     0.666667 0.272166 0.272166 0 0
BinVal : 1 0 3     0.75 0.153093 0.153093 0 0
BinVal : 1 0 4     0.571429 0.187044 0.187044 0 0
BinVal : 1 0 5     0.875 0.116927 0.116927 0 0
BinVal : 1 0 6     0.375 0.171163 0.171163 0 0
BinVal : 1 0 7     0.222222 0.13858 0.13858 0 0
BinVal : 1 0 8     0.142857 0.13226 0.13226 0 0
BinVal : 1 0 9     0.625 0.171163 0.171163 0 0
BinVal : 1 0 10     0.538462 0.138264 0.138264 0 0
BinVal : 1 0 11     0.5 0.176777 0.176777 0 0
BinVal : 1 0 12     0.571429 0.187044 0.187044 0 0
BinVal : 1 0 13     0.571429 0.187044 0.187044 0 0
BinVal : 1 0 14     0.428571 0.187044 0.187044 0 0
BinVal : 1 0 16     0.4 0.154919 0.154919 0 0
BinVal : 1 0 17     0.6 0.219089 0.219089 0 0
BinVal : 1 1 2     0.666667 0.111111 0.111111 0 0
BinVal : 1 1 3     0.888889 0.0740741 0.0740741 0 0
BinVal : 1 1 4     0.619048 0.105971 0.105971 0 0
BinVal : 1 1 5     0.75 0.0818317 0.0818317 0 0
BinVal : 1 1 6     0.692308 0.0905151 0.0905151 0 0
BinVal : 1 1 7     0.576923 0.0968907 0.0968907 0 0
BinVal : 1 1 8     0.8 0.0730297 0.0730297 0 0
BinVal : 1 1 9     0.608696 0.101764 0.101764 0 0
BinVal : 1 1 10     0.653846 0.0933009 0.0933009 0 0
BinVal : 1 1 11     0.5 0.111803 0.111803 0 0
BinVal : 1 1 12     0.619048 0.105971 0.105971 0 0
BinVal : 1 1 13     0.521739 0.104159 0.104159 0 0
BinVal : 1 1 14     0.52381 0.108985 0.108985 0 0
BinVal : 1 1 15     0.555556 0.117121 0.117121 0 0
BinVal : 1 1 16     0.9375 0.0605154 0.0605154 0 0
BinVal : 1 1 17     0.714286 0.120736 0.120736 0 0
BinVal : 1 2 2     0.75 0.108253 0.108253 0 0
BinVal : 1 2 3     0.818182 0.0822304 0.0822304 0 0
BinVal : 1 2 4     0.947368 0.0512278 0.0512278 0 0
BinVal : 1 2 5     0.666667 0.102869 0.102869 0 0
BinVal : 1 2 6     0.7 0.10247 0.10247 0 0
BinVal : 1 2 7     0.611111 0.114904 0.114904 0 0
BinVal : 1 2 8     0.619048 0.105971 0.105971 0 0
BinVal : 1 2 9     0.666667 0.111111 0.111111 0 0
BinVal : 1 2 10     0.689655 0.0859091 0.0859091 0 0
BinVal : 1 2 11     0.615385 0.134932 0.134932 0 0
BinVal : 1 2 12     0.642857 0.0905522 0.0905522 0 0
BinVal : 1 2 13     0.727273 0.0949515 0.0949515 0 0
BinVal : 1 2 14     0.529412 0.121058 0.121058 0 0
BinVal : 1 2 15     0.833333 0.087841 0.087841 0 0
BinVal : 1 2 16     1 0 0 0 0
BinVal : 1 2 17     0.642857 0.12806 0.12806 0 0
BinVal : 1 3 2     0.5 0.204124 0.204124 0 0
BinVal : 1 3 3     1 0 0 0 0
BinVal : 1 3 4     0.75 0.216506 0.216506 0 0
BinVal : 1 3 5     0.111111 0.104757 0.104757 0 0
BinVal : 1 3 6     0.538462 0.138264 0.138264 0 0
BinVal : 1 3 7     0.375 0.171163 0.171163 0 0
BinVal : 1 3 8     0.2 0.126491 0.126491 0 0
BinVal : 1 3 9     0.125 0.116927 0.116927 0 0
BinVal : 1 3 10     0.4 0.154919 0.154919 0 0
BinVal : 1 3 11     0.357143 0.12806 0.12806 0 0
BinVal : 1 3 12     0.428571 0.187044 0.187044 0 0
BinVal : 1 3 13     0.555556 0.165635 0.165635 0 0
BinVal : 1 3 14     0.714286 0.170747 0.170747 0 0
BinVal : 1 3 15     0.875 0.116927 0.116927 0 0
BinVal : 1 3 16     0.833333 0.152145 0.152145 0 0
BinVal : 1 3 17     1 0 0 0 0
BinVal : 1 4 2     0.692308 0.128008 0.128008 0 0
BinVal : 1 4 3     1 0 0 0 0
BinVal : 1 4 4     0.666667 0.136083 0.136083 0 0
BinVal : 1 4 5     0.307692 0.128008 0.128008 0 0
BinVal : 1 4 6     0.75 0.0968246 0.0968246 0 0
BinVal : 1 4 7     0.352941 0.115904 0.115904 0 0
BinVal : 1 4 8     0.571429 0.13226 0.13226 0 0
BinVal : 1 4 9     0.764706 0.102879 0.102879 0 0
BinVal : 1 4 10     0.736842 0.101023 0.101023 0 0
BinVal : 1 4 11     0.642857 0.12806 0.12806 0 0
BinVal : 1 4 12     0.611111 0.114904 0.114904 0 0
BinVal : 1 4 13     0.545455 0.150131 0.150131 0 0
BinVal : 1 4 14     0.5 0.125 0.125 0 0
BinVal : 1 4 15     0.833333 0.152145 0.152145 0 0
BinVal : 1 4 16     0.636364 0.145041 0.145041 0 0
BinVal : 1 4 17     1 0 0 0 0
BinVal : 1 5 2     0.75 0.153093 0.153093 0 0
BinVal : 1 5 3     1 0 0 0 0
BinVal : 1 5 4     0.5 0.158114 0.158114 0 0
BinVal : 1 5 5     0.666667 0.157135 0.157135 0 0
BinVal : 1 5 6     0.666667 0.136083 0.136083 0 0
BinVal : 1 5 7     0.636364 0.145041 0.145041 0 0
BinVal : 1 5 8     0.769231 0.116855 0.116855 0 0
BinVal : 1 5 9     0.6 0.219089 0.219089 0 0
BinVal : 1 5 10     0.428571 0.187044 0.187044 0 0
BinVal : 1 5 11     0.4 0.219089 0.219089 0 0
BinVal : 1 5 12     0.6 0.219089 0.219089 0 0
BinVal : 1 5 13     0.8 0.178885 0.178885 0 0
BinVal : 1 5 14     0.555556 0.165635 0.165635 0 0
BinVal : 1 5 15     0.666667 0.19245 0.19245 0 0
BinVal : 1 5 16     1 0 0 0 0
BinVal : 1 5 17     1 0 0 0 0
BinVal : 1 6 2     1 0 0 0 0
BinVal : 1 6 3     0.666667 0.272166 0.272166 0 0
BinVal : 1 6 5     0.4 0.219089 0.219089 0 0
BinVal : 1 6 6     0.5 0.353553 0.353553 0 0
BinVal : 1 6 7     1 0 0 0 0
BinVal : 1 6 8     0.5 0.353553 0.353553 0 0
BinVal : 1 6 9     0.8 0.178885 0.178885 0 0
BinVal : 1 6 10     0.666667 0.19245 0.19245 0 0
BinVal : 1 6 12     0.666667 0.272166 0.272166 0 0
BinVal : 1 6 13     0.666667 0.272166 0.272166 0 0
BinVal : 1 6 14     1 0 0 0 0
BinVal : 1 6 15     0.333333 0.272166 0.272166 0 0
BinVal : 1 6 16     1 0 0 0 0
BinVal : 1 6 17     0.75 0.216506 0.216506 0 0
BinVal : 1 7 2     0.888889 0.104757 0.104757 0 0
BinVal : 1 7 3     1 0 0 0 0
BinVal : 1 7 4     0.25 0.216506 0.216506 0 0
BinVal : 1 7 5     0.5 0.204124 0.204124 0 0
BinVal : 1 7 6     0.666667 0.157135 0.157135 0 0
BinVal : 1 7 7     0.333333 0.157135 0.157135 0 0
BinVal : 1 7 8     0.714286 0.170747 0.170747 0 0
BinVal : 1 7 9     0.375 0.171163 0.171163 0 0
BinVal : 1 7 10     0.25 0.125 0.125 0 0
BinVal : 1 7 11     0.2 0.178885 0.178885 0 0
BinVal : 1 7 12     0.625 0.171163 0.171163 0 0
BinVal : 1 7 13     0.6 0.154919 0.154919 0 0
BinVal : 1 7 14     1 0 0 0 0
BinVal : 1 7 15     0.666667 0.19245 0.19245 0 0
BinVal : 1 7 16     0.8 0.126491 0.126491 0 0
BinVal : 1 7 17     0.333333 0.272166 0.272166 0 0
BinVal : 1 8 2     0.857143 0.13226 0.13226 0 0
BinVal : 1 8 3     1 0 0 0 0
BinVal : 1 8 4     1 0 0 0 0
BinVal : 1 8 5     0.4 0.154919 0.154919 0 0
BinVal : 1 8 6     0.652174 0.0993113 0.0993113 0 0
BinVal : 1 8 7     0.2 0.126491 0.126491 0 0
BinVal : 1 8 8     0.642857 0.12806 0.12806 0 0
BinVal : 1 8 9     0.588235 0.119365 0.119365 0 0
BinVal : 1 8 10     0.652174 0.0993113 0.0993113 0 0
BinVal : 1 8 11     0.666667 0.136083 0.136083 0 0
BinVal : 1 8 12     0.533333 0.128812 0.128812 0 0
BinVal : 1 8 13     0.722222 0.105572 0.105572 0 0
BinVal : 1 8 14     0.866667 0.0877707 0.0877707 0 0
BinVal : 1 8 15     0.52381 0.108985 0.108985 0 0
BinVal : 1 8 16     0.785714 0.109664 0.109664 0 0
BinVal : 1 8 17     0.857143 0.093522 0.093522 0 0
BinVal : 1 9 2     0.333333 0.272166 0.272166 0 0
BinVal : 1 9 3     0.833333 0.152145 0.152145 0 0
BinVal : 1 9 4     0.818182 0.116291 0.116291 0 0
BinVal : 1 9 5     0.444444 0.165635 0.165635 0 0
BinVal : 1 9 6     0.75 0.216506 0.216506 0 0
BinVal : 1 9 7     0.714286 0.170747 0.170747 0 0
BinVal : 1 9 8     0.357143 0.12806 0.12806 0 0
BinVal : 1 9 9     0.8125 0.0975781 0.0975781 0 0
BinVal : 1 9 10     0.25 0.153093 0.153093 0 0
BinVal : 1 9 11     0.6 0.154919 0.154919 0 0
BinVal : 1 9 12     0.6 0.154919 0.154919 0 0
BinVal : 1 9 13     0.333333 0.19245 0.19245 0 0
BinVal : 1 9 14     0.6 0.154919 0.154919 0 0
BinVal : 1 9 15     0.8 0.178885 0.178885 0 0
BinVal : 1 9 16     0.666667 0.272166 0.272166 0 0
BinVal : 1 9 17     0.625 0.171163 0.171163 0 0
BinVal : 1 10 2     0.833333 0.107583 0.107583 0 0
BinVal : 1 10 3     0.952381 0.0464714 0.0464714 0 0
BinVal : 1 10 4     0.888889 0.0740741 0.0740741 0 0
BinVal : 1 10 5     0.55 0.111243 0.111243 0 0
BinVal : 1 10 6     0.733333 0.11418 0.11418 0 0
BinVal : 1 10 7     0.708333 0.0927805 0.0927805 0 0
BinVal : 1 10 8     0.277778 0.105572 0.105572 0 0
BinVal : 1 10 9     0.727273 0.0949515 0.0949515 0 0
BinVal : 1 10 10     0.583333 0.100635 0.100635 0 0
BinVal : 1 10 11     0.526316 0.114549 0.114549 0 0
BinVal : 1 10 12     0.47619 0.108985 0.108985 0 0
BinVal : 1 10 13     0.578947 0.113269 0.113269 0 0
BinVal : 1 10 14     0.434783 0.103367 0.103367 0 0
BinVal : 1 10 15     0.777778 0.13858 0.13858 0 0
BinVal : 1 10 16     0.947368 0.0512278 0.0512278 0 0
BinVal : 1 10 17     0.777778 0.13858 0.13858 0 0
BinVal : 1 11 2     0.75 0.108253 0.108253 0 0
BinVal : 1 11 3     0.8 0.0894427 0.0894427 0 0
BinVal : 1 11 4     0.633333 0.0879815 0.0879815 0 0
BinVal : 1 11 5     0.722222 0.105572 0.105572 0 0
BinVal : 1 11 6     0.6 0.126491 0.126491 0 0
BinVal : 1 11 7     0.730769 0.0869893 0.0869893 0 0
BinVal : 1 11 8     0.666667 0.111111 0.111111 0 0
BinVal : 1 11 9     0.583333 0.100635 0.100635 0 0
BinVal : 1 11 10     0.722222 0.105572 0.105572 0 0
BinVal : 1 11 11     0.789474 0.0935288 0.0935288 0 0
BinVal : 1 11 12     0.866667 0.0877707 0.0877707 0 0
BinVal : 1 11 13     0.72 0.0897998 0.0897998 0 0
BinVal : 1 11 14     0.8125 0.0975781 0.0975781 0 0
BinVal : 1 11 15     0.684211 0.106639 0.106639 0 0
BinVal : 1 11 16     1 0 0 0 0
BinVal : 1 11 17     0.769231 0.116855 0.116855 0 0
BinVal : 1 12 2     0.7 0.144914 0.144914 0 0
BinVal : 1 12 3     0.8 0.126491 0.126491 0 0
BinVal : 1 12 4     0.333333 0.136083 0.136083 0 0
BinVal : 1 12 5     0.7 0.144914 0.144914 0 0
BinVal : 1 12 6     0.4 0.154919 0.154919 0 0
BinVal : 1 12 7     0.785714 0.109664 0.109664 0 0
BinVal : 1 12 8     0.5 0.144338 0.144338 0 0
BinVal : 1 12 9     0.777778 0.13858 0.13858 0 0
BinVal : 1 12 10     0.666667 0.121716 0.121716 0 0
BinVal : 1 12 11     0.727273 0.134282 0.134282 0 0
BinVal : 1 12 12     0.615385 0.134932 0.134932 0 0
BinVal : 1 12 13     0.625 0.171163 0.171163 0 0
BinVal : 1 12 14     0.5 0.144338 0.144338 0 0
BinVal : 1 12 15     0.285714 0.170747 0.170747 0 0
BinVal : 1 12 16     1 0 0 0 0
BinVal : 1 12 17     0.4 0.154919 0.154919 0 0
BinVal : 1 13 2     0.727273 0.134282 0.134282 0 0
BinVal : 1 13 3     0.944444 0.0539903 0.0539903 0 0
BinVal : 1 13 4     0.684211 0.106639 0.106639 0 0
BinVal : 1 13 5     0.592593 0.0945607 0.0945607 0 0
BinVal : 1 13 6     0.68 0.0932952 0.0932952 0 0
BinVal : 1 13 7     0.722222 0.105572 0.105572 0 0
BinVal : 1 13 8     0.928571 0.0688303 0.0688303 0 0
BinVal : 1 13 9     0.636364 0.145041 0.145041 0 0
BinVal : 1 13 10     0.85 0.0798436 0.0798436 0 0
BinVal : 1 13 11     0.590909 0.104824 0.104824 0 0
BinVal : 1 13 12     0.692308 0.0905151 0.0905151 0 0
BinVal : 1 13 13     0.636364 0.102559 0.102559 0 0
BinVal : 1 13 14     0.75 0.108253 0.108253 0 0
BinVal : 1 13 15     0.68 0.0932952 0.0932952 0 0
BinVal : 1 13 16     1 0 0 0 0
BinVal : 1 13 17     0.7 0.10247 0.10247 0 0
BinVal : 1 14 2     0.789474 0.0935288 0.0935288 0 0
BinVal : 1 14 3     1 0 0 0 0
BinVal : 1 14 4     0.866667 0.0877707 0.0877707 0 0
BinVal : 1 14 5     0.576923 0.0968907 0.0968907 0 0
BinVal : 1 14 6     0.705882 0.11051 0.11051 0 0
BinVal : 1 14 7     0.642857 0.0905522 0.0905522 0 0
BinVal : 1 14 8     0.583333 0.100635 0.100635 0 0
BinVal : 1 14 9     0.575758 0.086034 0.086034 0 0
BinVal : 1 14 10     0.777778 0.0800091 0.0800091 0 0
BinVal : 1 14 11     0.76 0.0854166 0.0854166 0 0
BinVal : 1 14 12     0.592593 0.0945607 0.0945607 0 0
BinVal : 1 14 13     0.5625 0.12402 0.12402 0 0
BinVal : 1 14 14     0.722222 0.105572 0.105572 0 0
BinVal : 1 14 15     0.875 0.0826797 0.0826797 0 0
BinVal : 1 14 16     0.875 0.0826797 0.0826797 0 0
BinVal : 1 14 17     0.833333 0.107583 0.107583 0 0
BinVal : 1 15 2     0.5 0.204124 0.204124 0 0
BinVal : 1 15 3     1 0 0 0 0
BinVal : 1 15 4     0.625 0.171163 0.171163 0 0
BinVal : 1 15 5     0.3 0.144914 0.144914 0 0
BinVal : 1 15 7     0.230769 0.116855 0.116855 0 0
BinVal : 1 15 8     0.571429 0.13226 0.13226 0 0
BinVal : 1 15 9     0.8 0.126491 0.126491 0 0
BinVal : 1 15 10     0.375 0.121031 0.121031 0 0
BinVal : 1 15 11     0.5625 0.12402 0.12402 0 0
BinVal : 1 15 12     0.1 0.0948683 0.0948683 0 0
BinVal : 1 15 13     0.1 0.0948683 0.0948683 0 0
BinVal : 1 15 14     0.363636 0.145041 0.145041 0 0
BinVal : 1 15 15     1 0 0 0 0
BinVal : 1 15 16     0.285714 0.170747 0.170747 0 0
BinVal : 1 15 17     1 0 0 0 0
BinVal : 1 16 2     0.583333 0.142319 0.142319 0 0
BinVal : 1 16 3     0.85 0.0798436 0.0798436 0 0
BinVal : 1 16 4     0.391304 0.101764 0.101764 0 0
BinVal : 1 16 5     0.5625 0.12402 0.12402 0 0
BinVal : 1 16 6     0.0869565 0.0587534 0.0587534 0 0
BinVal : 1 16 7     0.555556 0.117121 0.117121 0 0
BinVal : 1 16 8     0.777778 0.0979908 0.0979908 0 0
BinVal : 1 16 9     0.826087 0.0790342 0.0790342 0 0
BinVal : 1 16 10     0.666667 0.111111 0.111111 0 0
BinVal : 1 16 11     0.647059 0.115904 0.115904 0 0
BinVal : 1 16 12     0.6 0.109545 0.109545 0 0
BinVal : 1 16 13     0.266667 0.11418 0.11418 0 0
BinVal : 1 16 14     0.16 0.0733212 0.0733212 0 0
BinVal : 1 16 15     0.210526 0.0935288 0.0935288 0 0
BinVal : 1 16 16     0.952381 0.0464714 0.0464714 0 0
BinVal : 1 16 17     0.6 0.126491 0.126491 0 0
BinVal : 1 17 2     1 0 0 0 0
BinVal : 1 17 3     0.789474 0.0935288 0.0935288 0 0
BinVal : 1 17 9     0.0454545 0.0444095 0.0444095 0 0
BinVal : 1 17 11     0.0555556 0.0539903 0.0539903 0 0
BinVal : 1 17 16     0.818182 0.116291 0.116291 0 0
BinVal : 1 17 17     0.823529 0.0924594 0.0924594 0 0
BinVal : 1 18 2     0.75 0.153093 0.153093 0 0
BinVal : 1 18 3     0.5 0.353553 0.353553 0 0
BinVal : 1 18 16     0.5 0.204124 0.204124 0 0
BinVal : 1 18 17     1 0 0 0 0
BinVal : 1 19 2     0.866667 0.0877707 0.0877707 0 0
BinVal : 1 19 3     0.714286 0.120736 0.120736 0 0
BinVal : 1 19 10     0.0526316 0.0512278 0.0512278 0 0
BinVal : 1 19 16     0.538462 0.138264 0.138264 0 0
BinVal : 1 19 17     0.761905 0.0929429 0.0929429 0 0
BinVal : 1 20 2     0.846154 0.100068 0.100068 0 0
BinVal : 1 20 3     0.8 0.0894427 0.0894427 0 0
BinVal : 1 20 4     0.466667 0.128812 0.128812 0 0
BinVal : 1 20 5     0.352941 0.115904 0.115904 0 0
BinVal : 1 20 6     0.125 0.0826797 0.0826797 0 0
BinVal : 1 20 7     0.733333 0.11418 0.11418 0 0
BinVal : 1 20 8     0.333333 0.102869 0.102869 0 0
BinVal : 1 20 9     0.727273 0.0949515 0.0949515 0 0
BinVal : 1 20 10     0.8125 0.0975781 0.0975781 0 0
BinVal : 1 20 11     0.62963 0.0929349 0.0929349 0 0
BinVal : 1 20 12     0.619048 0.105971 0.105971 0 0
BinVal : 1 20 14     0.411765 0.119365 0.119365 0 0
BinVal : 1 20 15     0.26087 0.0915605 0.0915605 0 0
BinVal : 1 20 16     0.882353 0.0781425 0.0781425 0 0
BinVal : 1 20 17     0.647059 0.115904 0.115904 0 0
BinVal : 1 21 2     0.5 0.176777 0.176777 0 0
BinVal : 1 21 3     0.928571 0.0688303 0.0688303 0 0
BinVal : 1 21 4     0.6 0.154919 0.154919 0 0
BinVal : 1 21 7     0.214286 0.109664 0.109664 0 0
BinVal : 1 21 8     0.727273 0.134282 0.134282 0 0
BinVal : 1 21 9     0.333333 0.19245 0.19245 0 0
BinVal : 1 21 10     0.5 0.144338 0.144338 0 0
BinVal : 1 21 11     0.357143 0.12806 0.12806 0 0
BinVal : 1 21 12     0.25 0.153093 0.153093 0 0
BinVal : 1 21 13     0.166667 0.152145 0.152145 0 0
BinVal : 1 21 15     0.666667 0.136083 0.136083 0 0
BinVal : 1 21 16     0.888889 0.104757 0.104757 0 0
BinVal : 1 21 17     0.5 0.25 0.25 0 0
BinVal : 1 22 2     0.833333 0.107583 0.107583 0 0
BinVal : 1 22 3     0.956522 0.0425226 0.0425226 0 0
BinVal : 1 22 4     0.947368 0.0512278 0.0512278 0 0
BinVal : 1 22 5     0.695652 0.0959439 0.0959439 0 0
BinVal : 1 22 6     0.473684 0.114549 0.114549 0 0
BinVal : 1 22 7     0.631579 0.110665 0.110665 0 0
BinVal : 1 22 8     0.5625 0.12402 0.12402 0 0
BinVal : 1 22 9     0.692308 0.0905151 0.0905151 0 0
BinVal : 1 22 10     0.684211 0.106639 0.106639 0 0
BinVal : 1 22 11     0.4 0.126491 0.126491 0 0
BinVal : 1 22 12     0.517241 0.0927925 0.0927925 0 0
BinVal : 1 22 13     0.72 0.0897998 0.0897998 0 0
BinVal : 1 22 14     0.6 0.109545 0.109545 0 0
BinVal : 1 22 15     1 0 0 0 0
BinVal : 1 22 16     0.928571 0.0688303 0.0688303 0 0
BinVal : 1 22 17     0.818182 0.116291 0.116291 0 0
BinVal : 1 23 2     0.625 0.121031 0.121031 0 0
BinVal : 1 23 3     0.916667 0.0797856 0.0797856 0 0
BinVal : 1 23 4     0.3125 0.115878 0.115878 0 0
BinVal : 1 23 5     0.6 0.126491 0.126491 0 0
BinVal : 1 23 6     0.736842 0.101023 0.101023 0 0
BinVal : 1 23 7     0.666667 0.111111 0.111111 0 0
BinVal : 1 23 8     0.724138 0.0829961 0.0829961 0 0
BinVal : 1 23 9     0.714286 0.0853735 0.0853735 0 0
BinVal : 1 23 10     0.666667 0.102869 0.102869 0 0
BinVal : 1 23 11     0.529412 0.121058 0.121058 0 0
BinVal : 1 23 12     0.55 0.111243 0.111243 0 0
BinVal : 1 23 13     0.52 0.09992 0.09992 0 0
BinVal : 1 23 14     0.789474 0.0935288 0.0935288 0 0
BinVal : 1 23 15     0.615385 0.134932 0.134932 0 0
BinVal : 1 23 16     0.954545 0.0444095 0.0444095 0 0
BinVal : 1 23 17     0.684211 0.106639 0.106639 0 0
BinVal : 1 24 2     0.6 0.219089 0.219089 0 0
BinVal : 1 24 3     0.8 0.178885 0.178885 0 0
BinVal : 1 24 4     0.444444 0.165635 0.165635 0 0
BinVal : 1 24 5     0.571429 0.187044 0.187044 0 0
BinVal : 1 24 6     0.666667 0.272166 0.272166 0 0
BinVal : 1 24 7     0.5 0.25 0.25 0 0
BinVal : 1 24 8     0.375 0.171163 0.171163 0 0
BinVal : 1 24 9     0.666667 0.19245 0.19245 0 0
BinVal : 1 24 10     0.375 0.171163 0.171163 0 0
BinVal : 1 24 11     0.636364 0.145041 0.145041 0 0
BinVal : 1 24 12     0.833333 0.152145 0.152145 0 0
BinVal : 1 24 13     0.142857 0.13226 0.13226 0 0
BinVal : 1 24 14     0.75 0.216506 0.216506 0 0
BinVal : 1 24 15     1 0 0 0 0
BinVal : 1 24 16     0.833333 0.152145 0.152145 0 0
BinVal : 1 24 17     0.75 0.216506 0.216506 0 0
BinVal : 2 0 2     1 0 0 0 0
BinVal : 2 0 3     1 0 0 0 0
BinVal : 2 0 4     0.5 0.204124 0.204124 0 0
BinVal : 2 0 5     0.75 0.153093 0.153093 0 0
BinVal : 2 0 6     0.8 0.178885 0.178885 0 0
BinVal : 2 0 7     0.625 0.171163 0.171163 0 0
BinVal : 2 0 8     0.75 0.216506 0.216506 0 0
BinVal : 2 0 9     0.5 0.204124 0.204124 0 0
BinVal : 2 0 10     0.555556 0.165635 0.165635 0 0
BinVal : 2 0 11     0.6 0.219089 0.219089 0 0
BinVal : 2 0 12     0.333333 0.157135 0.157135 0 0
BinVal : 2 0 13     0.333333 0.272166 0.272166 0 0
BinVal : 2 0 14     1 0 0 0 0
BinVal : 2 0 15     0.333333 0.19245 0.19245 0 0
BinVal : 2 0 16     1 0 0 0 0
BinVal : 2 0 17     1 0 0 0 0
BinVal : 2 1 2     0.555556 0.117121 0.117121 0 0
BinVal : 2 1 3     0.846154 0.100068 0.100068 0 0
BinVal : 2 1 4     0.6 0.126491 0.126491 0 0
BinVal : 2 1 5     0.545455 0.106159 0.106159 0 0
BinVal : 2 1 6     0.588235 0.119365 0.119365 0 0
BinVal : 2 1 7     0.65 0.106654 0.106654 0 0
BinVal : 2 1 8     0.833333 0.107583 0.107583 0 0
BinVal : 2 1 9     0.761905 0.0929429 0.0929429 0 0
BinVal : 2 1 10     0.653846 0.0933009 0.0933009 0 0
BinVal : 2 1 11     0.47619 0.108985 0.108985 0 0
BinVal : 2 1 12     0.6 0.109545 0.109545 0 0
BinVal : 2 1 13     0.619048 0.105971 0.105971 0 0
BinVal : 2 1 14     0.454545 0.150131 0.150131 0 0
BinVal : 2 1 15     0.615385 0.134932 0.134932 0 0
BinVal : 2 1 16     0.818182 0.0822304 0.0822304 0 0
BinVal : 2 1 17     0.625 0.0988212 0.0988212 0 0
BinVal : 2 2 2     0.461538 0.138264 0.138264 0 0
BinVal : 2 2 3     0.666667 0.157135 0.157135 0 0
BinVal : 2 2 4     0.857143 0.093522 0.093522 0 0
BinVal : 2 2 5     0.666667 0.102869 0.102869 0 0
BinVal : 2 2 6     0.5 0.125 0.125 0 0
BinVal : 2 2 7     0.470588 0.0856008 0.0856008 0 0
BinVal : 2 2 8     0.647059 0.115904 0.115904 0 0
BinVal : 2 2 9     0.714286 0.120736 0.120736 0 0
BinVal : 2 2 10     0.473684 0.114549 0.114549 0 0
BinVal : 2 2 11     0.333333 0.136083 0.136083 0 0
BinVal : 2 2 12     0.45 0.111243 0.111243 0 0
BinVal : 2 2 13     0.769231 0.0826286 0.0826286 0 0
BinVal : 2 2 14     0.55 0.111243 0.111243 0 0
BinVal : 2 2 15     1 0 0 0 0
BinVal : 2 2 16     0.785714 0.109664 0.109664 0 0
BinVal : 2 2 17     0.333333 0.136083 0.136083 0 0
BinVal : 2 3 2     0.5 0.353553 0.353553 0 0
BinVal : 2 3 4     0.916667 0.0797856 0.0797856 0 0
BinVal : 2 3 5     0.166667 0.152145 0.152145 0 0
BinVal : 2 3 6     0.5 0.204124 0.204124 0 0
BinVal : 2 3 8     0.307692 0.128008 0.128008 0 0
BinVal : 2 3 9     0.545455 0.150131 0.150131 0 0
BinVal : 2 3 10     0.5 0.204124 0.204124 0 0
BinVal : 2 3 11     0.363636 0.145041 0.145041 0 0
BinVal : 2 3 12     0.545455 0.150131 0.150131 0 0
BinVal : 2 3 13     0.571429 0.187044 0.187044 0 0
BinVal : 2 3 14     0.333333 0.19245 0.19245 0 0
BinVal : 2 3 15     0.875 0.116927 0.116927 0 0
BinVal : 2 3 17     0.5 0.25 0.25 0 0
BinVal : 2 4 2     0.75 0.125 0.125 0 0
BinVal : 2 4 3     1 0 0 0 0
BinVal : 2 4 4     0.875 0.0826797 0.0826797 0 0
BinVal : 2 4 5     0.285714 0.120736 0.120736 0 0
BinVal : 2 4 6     0.615385 0.134932 0.134932 0 0
BinVal : 2 4 7     0.571429 0.187044 0.187044 0 0
BinVal : 2 4 8     0.615385 0.134932 0.134932 0 0
BinVal : 2 4 9     0.8 0.126491 0.126491 0 0
BinVal : 2 4 10     0.6 0.154919 0.154919 0 0
BinVal : 2 4 11     0.6 0.109545 0.109545 0 0
BinVal : 2 4 12     0.857143 0.093522 0.093522 0 0
BinVal : 2 4 13     0.85 0.0798436 0.0798436 0 0
BinVal : 2 4 14     0.538462 0.138264 0.138264 0 0
BinVal : 2 4 15     0.916667 0.0797856 0.0797856 0 0
BinVal : 2 4 16     0.75 0.153093 0.153093 0 0
BinVal : 2 4 17     1 0 0 0 0
BinVal : 2 5 1     0.166667 0.152145 0.152145 0 0
BinVal : 2 5 2     1 0 0 0 0
BinVal : 2 5 3     1 0 0 0 0
BinVal : 2 5 4     0.166667 0.152145 0.152145 0 0
BinVal : 2 5 5     0.285714 0.170747 0.170747 0 0
BinVal : 2 5 6     0.615385 0.134932 0.134932 0 0
BinVal : 2 5 7     0.6 0.219089 0.219089 0 0
BinVal : 2 5 8     0.666667 0.272166 0.272166 0 0
BinVal : 2 5 9     0.555556 0.165635 0.165635 0 0
BinVal : 2 5 10     0.875 0.116927 0.116927 0 0
BinVal : 2 5 11     0.571429 0.13226 0.13226 0 0
BinVal : 2 5 12     0.25 0.153093 0.153093 0 0
BinVal : 2 5 13     0.714286 0.170747 0.170747 0 0
BinVal : 2 5 14     0.5 0.158114 0.158114 0 0
BinVal : 2 5 15     0.7 0.144914 0.144914 0 0
BinVal : 2 5 16     1 0 0 0 0
BinVal : 2 5 17     0.75 0.216506 0.216506 0 0
BinVal : 2 6 2     0.25 0.216506 0.216506 0 0
BinVal : 2 6 3     0.5 0.353553 0.353553 0 0
BinVal : 2 6 4     0.333333 0.272166 0.272166 0 0
BinVal : 2 6 5     0.666667 0.272166 0.272166 0 0
BinVal : 2 6 8     0.142857 0.13226 0.13226 0 0
BinVal : 2 6 11     0.333333 0.272166 0.272166 0 0
BinVal : 2 6 12     0.666667 0.272166 0.272166 0 0
BinVal : 2 6 13     0.5 0.353553 0.353553 0 0
BinVal : 2 6 14     0.714286 0.170747 0.170747 0 0
BinVal : 2 6 15     0.333333 0.272166 0.272166 0 0
BinVal : 2 6 16     1 0 0 0 0
BinVal : 2 7 2     0.666667 0.272166 0.272166 0 0
BinVal : 2 7 3     1 0 0 0 0
BinVal : 2 7 4     0.777778 0.13858 0.13858 0 0
BinVal : 2 7 5     0.875 0.116927 0.116927 0 0
BinVal : 2 7 6     0.666667 0.157135 0.157135 0 0
BinVal : 2 7 7     0.5 0.204124 0.204124 0 0
BinVal : 2 7 8     0.5 0.353553 0.353553 0 0
BinVal : 2 7 9     0.428571 0.187044 0.187044 0 0
BinVal : 2 7 10     0.555556 0.165635 0.165635 0 0
BinVal : 2 7 11     0.333333 0.157135 0.157135 0 0
BinVal : 2 7 12     0.571429 0.187044 0.187044 0 0
BinVal : 2 7 13     0.25 0.216506 0.216506 0 0
BinVal : 2 7 14     0.6 0.219089 0.219089 0 0
BinVal : 2 7 15     0.5 0.204124 0.204124 0 0
BinVal : 2 7 16     1 0 0 0 0
BinVal : 2 7 17     0.8 0.178885 0.178885 0 0
BinVal : 2 8 2     0.777778 0.13858 0.13858 0 0
BinVal : 2 8 3     0.888889 0.104757 0.104757 0 0
BinVal : 2 8 4     0.875 0.116927 0.116927 0 0
BinVal : 2 8 5     0.636364 0.145041 0.145041 0 0
BinVal : 2 8 6     0.764706 0.102879 0.102879 0 0
BinVal : 2 8 7     0.3 0.144914 0.144914 0 0
BinVal : 2 8 8     0.833333 0.152145 0.152145 0 0
BinVal : 2 8 9     0.363636 0.145041 0.145041 0 0
BinVal : 2 8 10     0.65 0.106654 0.106654 0 0
BinVal : 2 8 11     0.55 0.111243 0.111243 0 0
BinVal : 2 8 12     0.583333 0.142319 0.142319 0 0
BinVal : 2 8 13     0.666667 0.111111 0.111111 0 0
BinVal : 2 8 14     0.444444 0.165635 0.165635 0 0
BinVal : 2 8 15     0.454545 0.150131 0.150131 0 0
BinVal : 2 8 16     0.8 0.178885 0.178885 0 0
BinVal : 2 8 17     0.4 0.154919 0.154919 0 0
BinVal : 2 9 2     0.428571 0.187044 0.187044 0 0
BinVal : 2 9 3     0.818182 0.116291 0.116291 0 0
BinVal : 2 9 4     0.666667 0.19245 0.19245 0 0
BinVal : 2 9 5     0.555556 0.165635 0.165635 0 0
BinVal : 2 9 6     0.5 0.204124 0.204124 0 0
BinVal : 2 9 7     0.333333 0.19245 0.19245 0 0
BinVal : 2 9 8     0.625 0.171163 0.171163 0 0
BinVal : 2 9 9     0.333333 0.157135 0.157135 0 0
BinVal : 2 9 10     0.5 0.25 0.25 0 0
BinVal : 2 9 11     0.285714 0.170747 0.170747 0 0
BinVal : 2 9 12     0.571429 0.187044 0.187044 0 0
BinVal : 2 9 13     0.833333 0.107583 0.107583 0 0
BinVal : 2 9 14     0.4 0.219089 0.219089 0 0
BinVal : 2 9 15     1 0 0 0 0
BinVal : 2 9 16     0.75 0.216506 0.216506 0 0
BinVal : 2 9 17     0.666667 0.19245 0.19245 0 0
BinVal : 2 10 2     0.666667 0.102869 0.102869 0 0
BinVal : 2 10 3     0.833333 0.107583 0.107583 0 0
BinVal : 2 10 4     0.888889 0.104757 0.104757 0 0
BinVal : 2 10 5     0.434783 0.103367 0.103367 0 0
BinVal : 2 10 6     0.684211 0.106639 0.106639 0 0
BinVal : 2 10 7     0.769231 0.116855 0.116855 0 0
BinVal : 2 10 8     0.6 0.109545 0.109545 0 0
BinVal : 2 10 9     0.52381 0.108985 0.108985 0 0
BinVal : 2 10 10     0.444444 0.165635 0.165635 0 0
BinVal : 2 10 11     0.5 0.125 0.125 0 0
BinVal : 2 10 12     0.5 0.117851 0.117851 0 0
BinVal : 2 10 13     0.8125 0.0975781 0.0975781 0 0
BinVal : 2 10 14     0.538462 0.138264 0.138264 0 0
BinVal : 2 10 15     0.916667 0.0797856 0.0797856 0 0
BinVal : 2 10 16     0.888889 0.0740741 0.0740741 0 0
BinVal : 2 10 17     1 0 0 0 0
BinVal : 2 11 2     0.8 0.126491 0.126491 0 0
BinVal : 2 11 3     1 0 0 0 0
BinVal : 2 11 4     0.695652 0.0959439 0.0959439 0 0
BinVal : 2 11 5     0.73913 0.0915605 0.0915605 0 0
BinVal : 2 11 6     0.428571 0.10799 0.10799 0 0
BinVal : 2 11 7     0.6875 0.115878 0.115878 0 0
BinVal : 2 11 8     0.733333 0.11418 0.11418 0 0
BinVal : 2 11 9     0.538462 0.0977675 0.0977675 0 0
BinVal : 2 11 10     0.681818 0.0993026 0.0993026 0 0
BinVal : 2 11 11     0.375 0.121031 0.121031 0 0
BinVal : 2 11 12     0.888889 0.0740741 0.0740741 0 0
BinVal : 2 11 13     0.47619 0.108985 0.108985 0 0
BinVal : 2 11 14     0.8125 0.0975781 0.0975781 0 0
BinVal : 2 11 15     0.733333 0.11418 0.11418 0 0
BinVal : 2 11 16     1 0 0 0 0
BinVal : 2 11 17     0.7 0.144914 0.144914 0 0
BinVal : 2 12 2     1 0 0 0 0
BinVal : 2 12 3     0.875 0.116927 0.116927 0 0
BinVal : 2 12 4     0.461538 0.138264 0.138264 0 0
BinVal : 2 12 5     0.5 0.176777 0.176777 0 0
BinVal : 2 12 6     0.625 0.171163 0.171163 0 0
BinVal : 2 12 7     0.727273 0.134282 0.134282 0 0
BinVal : 2 12 8     0.4375 0.12402 0.12402 0 0
BinVal : 2 12 9     0.666667 0.157135 0.157135 0 0
BinVal : 2 12 10     0.727273 0.134282 0.134282 0 0
BinVal : 2 12 11     0.4 0.126491 0.126491 0 0
BinVal : 2 12 12     0.727273 0.134282 0.134282 0 0
BinVal : 2 12 13     0.615385 0.134932 0.134932 0 0
BinVal : 2 12 14     0.8 0.126491 0.126491 0 0
BinVal : 2 12 15     0.833333 0.152145 0.152145 0 0
BinVal : 2 12 16     0.666667 0.19245 0.19245 0 0
BinVal : 2 12 17     1 0 0 0 0
BinVal : 2 13 2     0.846154 0.100068 0.100068 0 0
BinVal : 2 13 3     0.8125 0.0975781 0.0975781 0 0
BinVal : 2 13 4     0.769231 0.116855 0.116855 0 0
BinVal : 2 13 5     0.578947 0.113269 0.113269 0 0
BinVal : 2 13 6     0.583333 0.142319 0.142319 0 0
BinVal : 2 13 7     0.857143 0.093522 0.093522 0 0
BinVal : 2 13 8     0.823529 0.0924594 0.0924594 0 0
BinVal : 2 13 9     0.692308 0.0905151 0.0905151 0 0
BinVal : 2 13 10     0.95 0.048734 0.048734 0 0
BinVal : 2 13 11     0.8 0.0894427 0.0894427 0 0
BinVal : 2 13 12     0.789474 0.0935288 0.0935288 0 0
BinVal : 2 13 13     0.615385 0.134932 0.134932 0 0
BinVal : 2 13 14     0.714286 0.120736 0.120736 0 0
BinVal : 2 13 15     0.681818 0.0993026 0.0993026 0 0
BinVal : 2 13 16     1 0 0 0 0
BinVal : 2 13 17     0.5 0.158114 0.158114 0 0
BinVal : 2 14 2     0.8 0.10328 0.10328 0 0
BinVal : 2 14 3     1 0 0 0 0
BinVal : 2 14 4     1 0 0 0 0
BinVal : 2 14 5     0.538462 0.0977675 0.0977675 0 0
BinVal : 2 14 6     0.647059 0.115904 0.115904 0 0
BinVal : 2 14 7     0.666667 0.111111 0.111111 0 0
BinVal : 2 14 8     0.315789 0.106639 0.106639 0 0
BinVal : 2 14 9     0.6 0.0979796 0.0979796 0 0
BinVal : 2 14 10     0.692308 0.0905151 0.0905151 0 0
BinVal : 2 14 11     0.571429 0.13226 0.13226 0 0
BinVal : 2 14 12     0.555556 0.0956292 0.0956292 0 0
BinVal : 2 14 13     0.473684 0.114549 0.114549 0 0
BinVal : 2 14 14     0.538462 0.138264 0.138264 0 0
BinVal : 2 14 15     0.882353 0.0781425 0.0781425 0 0
BinVal : 2 14 16     0.833333 0.107583 0.107583 0 0
BinVal : 2 14 17     0.769231 0.116855 0.116855 0 0
BinVal : 2 15 2     1 0 0 0 0
BinVal : 2 15 3     0.454545 0.150131 0.150131 0 0
BinVal : 2 15 4     0.454545 0.150131 0.150131 0 0
BinVal : 2 15 6     0.166667 0.152145 0.152145 0 0
BinVal : 2 15 7     0.285714 0.170747 0.170747 0 0
BinVal : 2 15 8     0.444444 0.165635 0.165635 0 0
BinVal : 2 15 9     0.636364 0.145041 0.145041 0 0
BinVal : 2 15 10     0.6 0.154919 0.154919 0 0
BinVal : 2 15 11     0.545455 0.150131 0.150131 0 0
BinVal : 2 15 12     0.142857 0.13226 0.13226 0 0
BinVal : 2 15 13     0.125 0.116927 0.116927 0 0
BinVal : 2 15 14     0.3 0.144914 0.144914 0 0
BinVal : 2 15 15     0.571429 0.13226 0.13226 0 0
BinVal : 2 15 16     0.4 0.219089 0.219089 0 0
BinVal : 2 15 17     0.666667 0.19245 0.19245 0 0
BinVal : 2 16 2     0.875 0.116927 0.116927 0 0
BinVal : 2 16 3     0.933333 0.0644061 0.0644061 0 0
BinVal : 2 16 4     0.25 0.125 0.125 0 0
BinVal : 2 16 5     0.315789 0.106639 0.106639 0 0
BinVal : 2 16 6     0.181818 0.116291 0.116291 0 0
BinVal : 2 16 7     0.636364 0.102559 0.102559 0 0
BinVal : 2 16 8     0.666667 0.111111 0.111111 0 0
BinVal : 2 16 9     0.7 0.10247 0.10247 0 0
BinVal : 2 16 10     0.75 0.108253 0.108253 0 0
BinVal : 2 16 11     0.619048 0.105971 0.105971 0 0
BinVal : 2 16 12     0.5 0.102062 0.102062 0 0
BinVal : 2 16 13     0.157895 0.0836547 0.0836547 0 0
BinVal : 2 16 14     0.461538 0.138264 0.138264 0 0
BinVal : 2 16 15     0.0769231 0.0739053 0.0739053 0 0
BinVal : 2 16 16     1 0 0 0 0
BinVal : 2 16 17     0.944444 0.0539903 0.0539903 0 0
BinVal : 2 17 2     0.7 0.144914 0.144914 0 0
BinVal : 2 17 3     0.833333 0.107583 0.107583 0 0
BinVal : 2 17 16     0.705882 0.11051 0.11051 0 0
BinVal : 2 17 17     0.857143 0.093522 0.093522 0 0
BinVal : 2 18 2     0.75 0.216506 0.216506 0 0
BinVal : 2 18 3     0.555556 0.165635 0.165635 0 0
BinVal : 2 18 16     0.166667 0.152145 0.152145 0 0
BinVal : 2 18 17     0.363636 0.145041 0.145041 0 0
BinVal : 2 19 2     0.529412 0.121058 0.121058 0 0
BinVal : 2 19 3     0.8125 0.0975781 0.0975781 0 0
BinVal : 2 19 15     0.1 0.0948683 0.0948683 0 0
BinVal : 2 19 16     0.842105 0.0836547 0.0836547 0 0
BinVal : 2 19 17     0.9 0.0948683 0.0948683 0 0
BinVal : 2 20 2     0.615385 0.134932 0.134932 0 0
BinVal : 2 20 3     1 0 0 0 0
BinVal : 2 20 4     0.25 0.125 0.125 0 0
BinVal : 2 20 5     0.307692 0.128008 0.128008 0 0
BinVal : 2 20 7     0.789474 0.0935288 0.0935288 0 0
BinVal : 2 20 8     0.538462 0.0977675 0.0977675 0 0
BinVal : 2 20 9     0.619048 0.105971 0.105971 0 0
BinVal : 2 20 10     0.8 0.10328 0.10328 0 0
BinVal : 2 20 11     0.684211 0.106639 0.106639 0 0
BinVal : 2 20 12     0.733333 0.11418 0.11418 0 0
BinVal : 2 20 14     0.217391 0.0860061 0.0860061 0 0
BinVal : 2 20 15     0.2 0.0894427 0.0894427 0 0
BinVal : 2 20 16     0.666667 0.121716 0.121716 0 0
BinVal : 2 20 17     0.909091 0.0866784 0.0866784 0 0
BinVal : 2 21 3     0.428571 0.187044 0.187044 0 0
BinVal : 2 21 4     0.5 0.158114 0.158114 0 0
BinVal : 2 21 5     0.0769231 0.0739053 0.0739053 0 0
BinVal : 2 21 6     0.222222 0.13858 0.13858 0 0
BinVal : 2 21 7     0.363636 0.145041 0.145041 0 0
BinVal : 2 21 8     0.555556 0.165635 0.165635 0 0
BinVal : 2 21 9     0.615385 0.134932 0.134932 0 0
BinVal : 2 21 10     0.5 0.158114 0.158114 0 0
BinVal : 2 21 11     0.666667 0.157135 0.157135 0 0
BinVal : 2 21 12     0.272727 0.134282 0.134282 0 0
BinVal : 2 21 13     0.166667 0.152145 0.152145 0 0
BinVal : 2 21 14     0.0909091 0.0866784 0.0866784 0 0
BinVal : 2 21 15     0.7 0.144914 0.144914 0 0
BinVal : 2 21 16     0.285714 0.170747 0.170747 0 0
BinVal : 2 21 17     0.714286 0.170747 0.170747 0 0
BinVal : 2 22 2     0.769231 0.116855 0.116855 0 0
BinVal : 2 22 3     0.9 0.0948683 0.0948683 0 0
BinVal : 2 22 4     0.928571 0.0688303 0.0688303 0 0
BinVal : 2 22 5     0.555556 0.117121 0.117121 0 0
BinVal : 2 22 6     0.769231 0.116855 0.116855 0 0
BinVal : 2 22 7     0.5 0.133631 0.133631 0 0
BinVal : 2 22 8     0.529412 0.121058 0.121058 0 0
BinVal : 2 22 9     0.846154 0.0707589 0.0707589 0 0
BinVal : 2 22 10     0.588235 0.119365 0.119365 0 0
BinVal : 2 22 11     0.454545 0.106159 0.106159 0 0
BinVal : 2 22 12     0.590909 0.104824 0.104824 0 0
BinVal : 2 22 13     0.708333 0.0927805 0.0927805 0 0
BinVal : 2 22 14     0.529412 0.121058 0.121058 0 0
BinVal : 2 22 15     0.9375 0.0605154 0.0605154 0 0
BinVal : 2 22 16     1 0 0 0 0
BinVal : 2 22 17     0.733333 0.11418 0.11418 0 0
BinVal : 2 23 2     0.65 0.106654 0.106654 0 0
BinVal : 2 23 3     0.954545 0.0444095 0.0444095 0 0
BinVal : 2 23 4     0.473684 0.114549 0.114549 0 0
BinVal : 2 23 5     0.823529 0.0924594 0.0924594 0 0
BinVal : 2 23 6     0.454545 0.106159 0.106159 0 0
BinVal : 2 23 7     0.590909 0.104824 0.104824 0 0
BinVal : 2 23 8     0.85 0.0798436 0.0798436 0 0
BinVal : 2 23 9     0.818182 0.0822304 0.0822304 0 0
BinVal : 2 23 10     0.705882 0.11051 0.11051 0 0
BinVal : 2 23 11     0.470588 0.121058 0.121058 0 0
BinVal : 2 23 12     0.666667 0.102869 0.102869 0 0
BinVal : 2 23 13     0.636364 0.102559 0.102559 0 0
BinVal : 2 23 14     1 0 0 0 0
BinVal : 2 23 15     0.72 0.0897998 0.0897998 0 0
BinVal : 2 23 16     1 0 0 0 0
BinVal : 2 23 17     0.857143 0.13226 0.13226 0 0
BinVal : 2 24 2     1 0 0 0 0
BinVal : 2 24 3     0.75 0.153093 0.153093 0 0
BinVal : 2 24 4     0.555556 0.165635 0.165635 0 0
BinVal : 2 24 5     0.25 0.216506 0.216506 0 0
BinVal : 2 24 6     0.666667 0.19245 0.19245 0 0
BinVal : 2 24 8     1 0 0 0 0
BinVal : 2 24 9     1 0 0 0 0
BinVal : 2 24 10     0.666667 0.157135 0.157135 0 0
BinVal : 2 24 11     0.444444 0.165635 0.165635 0 0
BinVal : 2 24 12     0.857143 0.13226 0.13226 0 0
BinVal : 2 24 13     0.5 0.204124 0.204124 0 0
BinVal : 2 24 14     0.666667 0.272166 0.272166 0 0
BinVal : 2 24 15     0.428571 0.187044 0.187044 0 0
BinVal : 2 24 16     0.75 0.216506 0.216506 0 0
BinVal : 2 24 17     0.666667 0.272166 0.272166 0 0
BinVal : 3 0 3     1 0 0 0 0
BinVal : 3 0 4     0.75 0.216506 0.216506 0 0
BinVal : 3 0 5     0.857143 0.13226 0.13226 0 0
BinVal : 3 0 6     0.428571 0.187044 0.187044 0 0
BinVal : 3 0 8     0.166667 0.152145 0.152145 0 0
BinVal : 3 0 9     0.666667 0.272166 0.272166 0 0
BinVal : 3 0 10     0.75 0.153093 0.153093 0 0
BinVal : 3 0 11     1 0 0 0 0
BinVal : 3 0 12     0.6 0.219089 0.219089 0 0
BinVal : 3 0 13     0.2 0.178885 0.178885 0 0
BinVal : 3 0 15     0.4 0.219089 0.219089 0 0
BinVal : 3 0 16     0.833333 0.152145 0.152145 0 0
BinVal : 3 0 17     1 0 0 0 0
BinVal : 3 1 2     0.647059 0.115904 0.115904 0 0
BinVal : 3 1 3     0.647059 0.115904 0.115904 0 0
BinVal : 3 1 4     0.590909 0.104824 0.104824 0 0
BinVal : 3 1 5     0.625 0.121031 0.121031 0 0
BinVal : 3 1 6     0.52381 0.108985 0.108985 0 0
BinVal : 3 1 7     0.705882 0.11051 0.11051 0 0
BinVal : 3 1 8     0.636364 0.145041 0.145041 0 0
BinVal : 3 1 9     0.555556 0.117121 0.117121 0 0
BinVal : 3 1 10     0.578947 0.113269 0.113269 0 0
BinVal : 3 1 11     0.444444 0.117121 0.117121 0 0
BinVal : 3 1 12     0.608696 0.101764 0.101764 0 0
BinVal : 3 1 13     0.75 0.125 0.125 0 0
BinVal : 3 1 14     0.4375 0.12402 0.12402 0 0
BinVal : 3 1 15     0.8 0.126491 0.126491 0 0
BinVal : 3 1 16     0.714286 0.120736 0.120736 0 0
BinVal : 3 1 17     0.733333 0.11418 0.11418 0 0
BinVal : 3 2 2     0.5 0.117851 0.117851 0 0
BinVal : 3 2 3     0.75 0.125 0.125 0 0
BinVal : 3 2 4     0.882353 0.0781425 0.0781425 0 0
BinVal : 3 2 5     0.529412 0.121058 0.121058 0 0
BinVal : 3 2 6     0.545455 0.150131 0.150131 0 0
BinVal : 3 2 7     0.294118 0.11051 0.11051 0 0
BinVal : 3 2 8     0.578947 0.113269 0.113269 0 0
BinVal : 3 2 9     0.533333 0.128812 0.128812 0 0
BinVal : 3 2 10     0.736842 0.101023 0.101023 0 0
BinVal : 3 2 11     0.533333 0.128812 0.128812 0 0
BinVal : 3 2 12     0.541667 0.101707 0.101707 0 0
BinVal : 3 2 13     0.666667 0.121716 0.121716 0 0
BinVal : 3 2 14     0.4 0.154919 0.154919 0 0
BinVal : 3 2 15     1 0 0 0 0
BinVal : 3 2 16     0.8125 0.0975781 0.0975781 0 0
BinVal : 3 2 17     0.8 0.10328 0.10328 0 0
BinVal : 3 3 2     0.6 0.219089 0.219089 0 0
BinVal : 3 3 3     0.75 0.216506 0.216506 0 0
BinVal : 3 3 4     1 0 0 0 0
BinVal : 3 3 5     0.428571 0.187044 0.187044 0 0
BinVal : 3 3 6     0.5 0.176777 0.176777 0 0
BinVal : 3 3 7     0.25 0.125 0.125 0 0
BinVal : 3 3 8     0.4 0.219089 0.219089 0 0
BinVal : 3 3 9     0.25 0.216506 0.216506 0 0
BinVal : 3 3 11     0.25 0.153093 0.153093 0 0
BinVal : 3 3 13     0.666667 0.19245 0.19245 0 0
BinVal : 3 3 14     0.444444 0.165635 0.165635 0 0
BinVal : 3 3 16     0.8 0.126491 0.126491 0 0
BinVal : 3 3 17     1 0 0 0 0
BinVal : 3 4 2     0.75 0.125 0.125 0 0
BinVal : 3 4 3     1 0 0 0 0
BinVal : 3 4 4     0.933333 0.0644061 0.0644061 0 0
BinVal : 3 4 5     0.571429 0.13226 0.13226 0 0
BinVal : 3 4 6     0.666667 0.136083 0.136083 0 0
BinVal : 3 4 7     0.714286 0.120736 0.120736 0 0
BinVal : 3 4 8     0.25 0.125 0.125 0 0
BinVal : 3 4 9     0.6 0.154919 0.154919 0 0
BinVal : 3 4 10     0.555556 0.165635 0.165635 0 0
BinVal : 3 4 11     0.5 0.133631 0.133631 0 0
BinVal : 3 4 12     0.384615 0.134932 0.134932 0 0
BinVal : 3 4 13     0.9 0.0948683 0.0948683 0 0
BinVal : 3 4 14     0.538462 0.138264 0.138264 0 0
BinVal : 3 4 15     0.714286 0.120736 0.120736 0 0
BinVal : 3 4 16     0.909091 0.0866784 0.0866784 0 0
BinVal : 3 4 17     1 0 0 0 0
BinVal : 3 5 2     0.5 0.353553 0.353553 0 0
BinVal : 3 5 3     0.833333 0.152145 0.152145 0 0
BinVal : 3 5 4     0.75 0.216506 0.216506 0 0
BinVal : 3 5 5     0.333333 0.272166 0.272166 0 0
BinVal : 3 5 6     0.666667 0.19245 0.19245 0 0
BinVal : 3 5 7     0.285714 0.170747 0.170747 0 0
BinVal : 3 5 8     0.666667 0.19245 0.19245 0 0
BinVal : 3 5 9     0.6 0.219089 0.219089 0 0
BinVal : 3 5 10     0.571429 0.187044 0.187044 0 0
BinVal : 3 5 11     0.333333 0.19245 0.19245 0 0
BinVal : 3 5 12     0.25 0.153093 0.153093 0 0
BinVal : 3 5 13     0.4 0.219089 0.219089 0 0
BinVal : 3 5 14     0.8 0.178885 0.178885 0 0
BinVal : 3 5 16     1 0 0 0 0
BinVal : 3 5 17     0.857143 0.13226 0.13226 0 0
BinVal : 3 6 3     1 0 0 0 0
BinVal : 3 6 6     0.6 0.219089 0.219089 0 0
BinVal : 3 6 7     0.25 0.216506 0.216506 0 0
BinVal : 3 6 9     1 0 0 0 0
BinVal : 3 6 10     0.8 0.178885 0.178885 0 0
BinVal : 3 6 11     0.5 0.353553 0.353553 0 0
BinVal : 3 6 12     0.5 0.353553 0.353553 0 0
BinVal : 3 6 13     0.4 0.219089 0.219089 0 0
BinVal : 3 6 14     0.5 0.25 0.25 0 0
BinVal : 3 7 2     0.75 0.216506 0.216506 0 0
BinVal : 3 7 3     1 0 0 0 0
BinVal : 3 7 4     0.5 0.158114 0.158114 0 0
BinVal : 3 7 5     0.625 0.171163 0.171163 0 0
BinVal : 3 7 6     0.333333 0.19245 0.19245 0 0
BinVal : 3 7 7     0.5 0.204124 0.204124 0 0
BinVal : 3 7 8     0.571429 0.187044 0.187044 0 0
BinVal : 3 7 9     0.375 0.171163 0.171163 0 0
BinVal : 3 7 10     0.5 0.176777 0.176777 0 0
BinVal : 3 7 12     0.538462 0.138264 0.138264 0 0
BinVal : 3 7 13     1 0 0 0 0
BinVal : 3 7 14     0.777778 0.13858 0.13858 0 0
BinVal : 3 7 15     0.333333 0.272166 0.272166 0 0
BinVal : 3 7 16     1 0 0 0 0
BinVal : 3 7 17     1 0 0 0 0
BinVal : 3 8 2     0.777778 0.13858 0.13858 0 0
BinVal : 3 8 3     1 0 0 0 0
BinVal : 3 8 4     0.909091 0.0866784 0.0866784 0 0
BinVal : 3 8 5     0.416667 0.142319 0.142319 0 0
BinVal : 3 8 6     0.642857 0.12806 0.12806 0 0
BinVal : 3 8 7     0.666667 0.136083 0.136083 0 0
BinVal : 3 8 8     0.25 0.125 0.125 0 0
BinVal : 3 8 9     0.555556 0.165635 0.165635 0 0
BinVal : 3 8 10     0.666667 0.121716 0.121716 0 0
BinVal : 3 8 11     0.666667 0.157135 0.157135 0 0
BinVal : 3 8 12     0.727273 0.134282 0.134282 0 0
BinVal : 3 8 13     0.733333 0.11418 0.11418 0 0
BinVal : 3 8 14     0.461538 0.138264 0.138264 0 0
BinVal : 3 8 15     0.727273 0.134282 0.134282 0 0
BinVal : 3 8 16     0.5 0.204124 0.204124 0 0
BinVal : 3 8 17     0.5 0.158114 0.158114 0 0
BinVal : 3 9 2     0.25 0.216506 0.216506 0 0
BinVal : 3 9 3     0.8 0.178885 0.178885 0 0
BinVal : 3 9 4     0.857143 0.13226 0.13226 0 0
BinVal : 3 9 5     0.75 0.216506 0.216506 0 0
BinVal : 3 9 6     0.25 0.153093 0.153093 0 0
BinVal : 3 9 7     0.625 0.171163 0.171163 0 0
BinVal : 3 9 8     0.5 0.204124 0.204124 0 0
BinVal : 3 9 9     0.571429 0.187044 0.187044 0 0
BinVal : 3 9 10     0.428571 0.187044 0.187044 0 0
BinVal : 3 9 11     0.666667 0.157135 0.157135 0 0
BinVal : 3 9 12     0.5 0.353553 0.353553 0 0
BinVal : 3 9 13     0.625 0.171163 0.171163 0 0
BinVal : 3 9 14     0.333333 0.157135 0.157135 0 0
BinVal : 3 9 15     0.857143 0.13226 0.13226 0 0
BinVal : 3 9 16     0.8 0.178885 0.178885 0 0
BinVal : 3 9 17     0.5 0.353553 0.353553 0 0
BinVal : 3 10 2     0.5 0.176777 0.176777 0 0
BinVal : 3 10 3     0.866667 0.0877707 0.0877707 0 0
BinVal : 3 10 4     0.846154 0.100068 0.100068 0 0
BinVal : 3 10 5     0.307692 0.128008 0.128008 0 0
BinVal : 3 10 6     0.411765 0.119365 0.119365 0 0
BinVal : 3 10 7     0.625 0.121031 0.121031 0 0
BinVal : 3 10 8     0.4375 0.12402 0.12402 0 0
BinVal : 3 10 9     0.333333 0.0907218 0.0907218 0 0
BinVal : 3 10 10     0.545455 0.106159 0.106159 0 0
BinVal : 3 10 11     0.6875 0.115878 0.115878 0 0
BinVal : 3 10 12     0.5 0.144338 0.144338 0 0
BinVal : 3 10 13     0.8 0.126491 0.126491 0 0
BinVal : 3 10 14     0.588235 0.119365 0.119365 0 0
BinVal : 3 10 15     0.833333 0.107583 0.107583 0 0
BinVal : 3 10 16     0.916667 0.0797856 0.0797856 0 0
BinVal : 3 10 17     0.9 0.0948683 0.0948683 0 0
BinVal : 3 11 2     0.764706 0.102879 0.102879 0 0
BinVal : 3 11 3     0.9375 0.0605154 0.0605154 0 0
BinVal : 3 11 4     0.631579 0.110665 0.110665 0 0
BinVal : 3 11 5     0.684211 0.106639 0.106639 0 0
BinVal : 3 11 6     0.555556 0.165635 0.165635 0 0
BinVal : 3 11 7     0.45 0.111243 0.111243 0 0
BinVal : 3 11 8     0.65 0.106654 0.106654 0 0
BinVal : 3 11 9     0.411765 0.119365 0.119365 0 0
BinVal : 3 11 10     0.666667 0.102869 0.102869 0 0
BinVal : 3 11 11     0.636364 0.145041 0.145041 0 0
BinVal : 3 11 12     0.6 0.154919 0.154919 0 0
BinVal : 3 11 13     0.75 0.125 0.125 0 0
BinVal : 3 11 14     0.75 0.125 0.125 0 0
BinVal : 3 11 15     0.4 0.154919 0.154919 0 0
BinVal : 3 11 16     0.9 0.0948683 0.0948683 0 0
BinVal : 3 11 17     0.444444 0.165635 0.165635 0 0
BinVal : 3 12 2     0.333333 0.19245 0.19245 0 0
BinVal : 3 12 3     1 0 0 0 0
BinVal : 3 12 4     0.5 0.204124 0.204124 0 0
BinVal : 3 12 5     0.583333 0.142319 0.142319 0 0
BinVal : 3 12 6     0.5 0.158114 0.158114 0 0
BinVal : 3 12 7     0.636364 0.145041 0.145041 0 0
BinVal : 3 12 8     0.5 0.133631 0.133631 0 0
BinVal : 3 12 9     0.846154 0.100068 0.100068 0 0
BinVal : 3 12 10     0.4375 0.12402 0.12402 0 0
BinVal : 3 12 11     0.727273 0.134282 0.134282 0 0
BinVal : 3 12 12     0.777778 0.13858 0.13858 0 0
BinVal : 3 12 13     0.75 0.216506 0.216506 0 0
BinVal : 3 12 14     0.777778 0.13858 0.13858 0 0
BinVal : 3 12 15     0.214286 0.109664 0.109664 0 0
BinVal : 3 12 16     0.428571 0.187044 0.187044 0 0
BinVal : 3 12 17     0.4 0.219089 0.219089 0 0
BinVal : 3 13 2     0.5625 0.12402 0.12402 0 0
BinVal : 3 13 3     0.947368 0.0512278 0.0512278 0 0
BinVal : 3 13 4     0.571429 0.13226 0.13226 0 0
BinVal : 3 13 5     0.727273 0.134282 0.134282 0 0
BinVal : 3 13 6     0.789474 0.0935288 0.0935288 0 0
BinVal : 3 13 7     0.636364 0.102559 0.102559 0 0
BinVal : 3 13 8     0.727273 0.0949515 0.0949515 0 0
BinVal : 3 13 9     0.588235 0.119365 0.119365 0 0
BinVal : 3 13 10     0.666667 0.102869 0.102869 0 0
BinVal : 3 13 11     0.6 0.126491 0.126491 0 0
BinVal : 3 13 12     0.7 0.10247 0.10247 0 0
BinVal : 3 13 13     0.52381 0.108985 0.108985 0 0
BinVal : 3 13 14     0.764706 0.102879 0.102879 0 0
BinVal : 3 13 15     0.583333 0.142319 0.142319 0 0
BinVal : 3 13 16     1 0 0 0 0
BinVal : 3 13 17     0.647059 0.115904 0.115904 0 0
BinVal : 3 14 2     0.571429 0.13226 0.13226 0 0
BinVal : 3 14 3     0.636364 0.145041 0.145041 0 0
BinVal : 3 14 4     0.9 0.0948683 0.0948683 0 0
BinVal : 3 14 5     0.461538 0.0977675 0.0977675 0 0
BinVal : 3 14 6     0.615385 0.134932 0.134932 0 0
BinVal : 3 14 7     0.352941 0.115904 0.115904 0 0
BinVal : 3 14 8     0.473684 0.114549 0.114549 0 0
BinVal : 3 14 9     0.615385 0.134932 0.134932 0 0
BinVal : 3 14 10     0.733333 0.11418 0.11418 0 0
BinVal : 3 14 11     0.625 0.121031 0.121031 0 0
BinVal : 3 14 12     0.5625 0.12402 0.12402 0 0
BinVal : 3 14 13     0.692308 0.128008 0.128008 0 0
BinVal : 3 14 14     0.5 0.133631 0.133631 0 0
BinVal : 3 14 15     0.8 0.10328 0.10328 0 0
BinVal : 3 14 16     0.933333 0.0644061 0.0644061 0 0
BinVal : 3 14 17     0.692308 0.128008 0.128008 0 0
BinVal : 3 15 2     0.666667 0.272166 0.272166 0 0
BinVal : 3 15 3     0.5 0.204124 0.204124 0 0
BinVal : 3 15 4     0.333333 0.272166 0.272166 0 0
BinVal : 3 15 5     0.125 0.116927 0.116927 0 0
BinVal : 3 15 6     0.285714 0.170747 0.170747 0 0
BinVal : 3 15 8     0.111111 0.104757 0.104757 0 0
BinVal : 3 15 9     0.5 0.204124 0.204124 0 0
BinVal : 3 15 10     0.4 0.219089 0.219089 0 0
BinVal : 3 15 11     0.571429 0.187044 0.187044 0 0
BinVal : 3 15 12     0.111111 0.104757 0.104757 0 0
BinVal : 3 15 14     0.1 0.0948683 0.0948683 0 0
BinVal : 3 15 15     0.625 0.171163 0.171163 0 0
BinVal : 3 15 16     0.833333 0.152145 0.152145 0 0
BinVal : 3 15 17     0.285714 0.170747 0.170747 0 0
BinVal : 3 16 2     0.9 0.0948683 0.0948683 0 0
BinVal : 3 16 3     0.857143 0.093522 0.093522 0 0
BinVal : 3 16 4     0.0769231 0.0739053 0.0739053 0 0
BinVal : 3 16 5     0.357143 0.12806 0.12806 0 0
BinVal : 3 16 6     0.470588 0.121058 0.121058 0 0
BinVal : 3 16 7     0.722222 0.105572 0.105572 0 0
BinVal : 3 16 8     0.636364 0.145041 0.145041 0 0
BinVal : 3 16 9     0.8 0.126491 0.126491 0 0
BinVal : 3 16 10     0.722222 0.105572 0.105572 0 0
BinVal : 3 16 11     0.6 0.126491 0.126491 0 0
BinVal : 3 16 12     0.6 0.109545 0.109545 0 0
BinVal : 3 16 13     0.125 0.116927 0.116927 0 0
BinVal : 3 16 14     0.333333 0.111111 0.111111 0 0
BinVal : 3 16 15     0.230769 0.116855 0.116855 0 0
BinVal : 3 16 16     0.785714 0.109664 0.109664 0 0
BinVal : 3 16 17     0.857143 0.13226 0.13226 0 0
BinVal : 3 17 2     0.777778 0.13858 0.13858 0 0
BinVal : 3 17 3     0.823529 0.0924594 0.0924594 0 0
BinVal : 3 17 10     0.125 0.116927 0.116927 0 0
BinVal : 3 17 16     0.777778 0.0979908 0.0979908 0 0
BinVal : 3 17 17     0.666667 0.19245 0.19245 0 0
BinVal : 3 18 2     0.333333 0.272166 0.272166 0 0
BinVal : 3 18 3     0.5 0.204124 0.204124 0 0
BinVal : 3 18 16     0.666667 0.19245 0.19245 0 0
BinVal : 3 18 17     0.75 0.216506 0.216506 0 0
BinVal : 3 19 2     0.888889 0.104757 0.104757 0 0
BinVal : 3 19 3     0.8 0.10328 0.10328 0 0
BinVal : 3 19 16     0.833333 0.152145 0.152145 0 0
BinVal : 3 19 17     0.833333 0.107583 0.107583 0 0
BinVal : 3 20 2     0.888889 0.104757 0.104757 0 0
BinVal : 3 20 3     1 0 0 0 0
BinVal : 3 20 4     0.1875 0.0975781 0.0975781 0 0
BinVal : 3 20 5     0.444444 0.165635 0.165635 0 0
BinVal : 3 20 6     0.142857 0.13226 0.13226 0 0
BinVal : 3 20 7     0.785714 0.109664 0.109664 0 0
BinVal : 3 20 8     0.615385 0.134932 0.134932 0 0
BinVal : 3 20 9     0.75 0.125 0.125 0 0
BinVal : 3 20 10     0.684211 0.106639 0.106639 0 0
BinVal : 3 20 11     0.357143 0.12806 0.12806 0 0
BinVal : 3 20 12     0.545455 0.150131 0.150131 0 0
BinVal : 3 20 13     0.214286 0.109664 0.109664 0 0
BinVal : 3 20 14     0.428571 0.13226 0.13226 0 0
BinVal : 3 20 15     0.333333 0.157135 0.157135 0 0
BinVal : 3 20 16     0.888889 0.0740741 0.0740741 0 0
BinVal : 3 20 17     0.888889 0.104757 0.104757 0 0
BinVal : 3 21 2     0.714286 0.170747 0.170747 0 0
BinVal : 3 21 3     0.75 0.153093 0.153093 0 0
BinVal : 3 21 4     0.571429 0.187044 0.187044 0 0
BinVal : 3 21 5     0.0909091 0.0866784 0.0866784 0 0
BinVal : 3 21 6     0.2 0.178885 0.178885 0 0
BinVal : 3 21 7     0.272727 0.134282 0.134282 0 0
BinVal : 3 21 8     0.5 0.176777 0.176777 0 0
BinVal : 3 21 9     0.571429 0.187044 0.187044 0 0
BinVal : 3 21 10     0.375 0.171163 0.171163 0 0
BinVal : 3 21 11     0.555556 0.165635 0.165635 0 0
BinVal : 3 21 12     0.454545 0.150131 0.150131 0 0
BinVal : 3 21 13     0.125 0.116927 0.116927 0 0
BinVal : 3 21 14     0.25 0.153093 0.153093 0 0
BinVal : 3 21 15     0.666667 0.19245 0.19245 0 0
BinVal : 3 21 16     0.75 0.153093 0.153093 0 0
BinVal : 3 21 17     0.666667 0.19245 0.19245 0 0
BinVal : 3 22 2     0.857143 0.13226 0.13226 0 0
BinVal : 3 22 3     0.785714 0.109664 0.109664 0 0
BinVal : 3 22 4     0.846154 0.100068 0.100068 0 0
BinVal : 3 22 5     0.818182 0.116291 0.116291 0 0
BinVal : 3 22 6     0.526316 0.114549 0.114549 0 0
BinVal : 3 22 7     0.571429 0.13226 0.13226 0 0
BinVal : 3 22 8     0.5 0.158114 0.158114 0 0
BinVal : 3 22 9     0.727273 0.0949515 0.0949515 0 0
BinVal : 3 22 10     0.705882 0.11051 0.11051 0 0
BinVal : 3 22 11     0.266667 0.11418 0.11418 0 0
BinVal : 3 22 12     0.45 0.111243 0.111243 0 0
BinVal : 3 22 13     0.533333 0.128812 0.128812 0 0
BinVal : 3 22 14     0.466667 0.128812 0.128812 0 0
BinVal : 3 22 15     0.857143 0.093522 0.093522 0 0
BinVal : 3 22 16     1 0 0 0 0
BinVal : 3 22 17     0.666667 0.19245 0.19245 0 0
BinVal : 3 23 2     0.9 0.0948683 0.0948683 0 0
BinVal : 3 23 3     0.909091 0.0866784 0.0866784 0 0
BinVal : 3 23 4     0.666667 0.157135 0.157135 0 0
BinVal : 3 23 5     0.666667 0.157135 0.157135 0 0
BinVal : 3 23 6     0.555556 0.165635 0.165635 0 0
BinVal : 3 23 7     0.571429 0.13226 0.13226 0 0
BinVal : 3 23 8     0.869565 0.0702237 0.0702237 0 0
BinVal : 3 23 9     0.642857 0.12806 0.12806 0 0
BinVal : 3 23 10     0.785714 0.109664 0.109664 0 0
BinVal : 3 23 11     0.571429 0.13226 0.13226 0 0
BinVal : 3 23 12     0.583333 0.100635 0.100635 0 0
BinVal : 3 23 13     0.4375 0.12402 0.12402 0 0
BinVal : 3 23 14     0.6875 0.115878 0.115878 0 0
BinVal : 3 23 15     0.357143 0.12806 0.12806 0 0
BinVal : 3 23 16     0.818182 0.116291 0.116291 0 0
BinVal : 3 23 17     0.666667 0.136083 0.136083 0 0
BinVal : 3 24 2     0.5 0.25 0.25 0 0
BinVal : 3 24 3     0.5 0.353553 0.353553 0 0
BinVal : 3 24 4     0.666667 0.272166 0.272166 0 0
BinVal : 3 24 5     0.333333 0.19245 0.19245 0 0
BinVal : 3 24 6     0.714286 0.170747 0.170747 0 0
BinVal : 3 24 7     0.571429 0.187044 0.187044 0 0
BinVal : 3 24 8     0.5 0.204124 0.204124 0 0
BinVal : 3 24 9     0.714286 0.170747 0.170747 0 0
BinVal : 3 24 10     0.666667 0.19245 0.19245 0 0
BinVal : 3 24 11     0.75 0.216506 0.216506 0 0
BinVal : 3 24 12     0.6 0.219089 0.219089 0 0
BinVal : 3 24 13     0.5 0.25 0.25 0 0
BinVal : 3 24 14     0.8 0.178885 0.178885 0 0
BinVal : 3 24 15     0.333333 0.272166 0.272166 0 0
BinVal : 3 24 16     0.75 0.216506 0.216506 0 0
BinVal : 3 24 17     1 0 0 0 0
BinVal : 4 0 2     0.333333 0.19245 0.19245 0 0
BinVal : 4 0 4     1 0 0 0 0
BinVal : 4 0 5     1 0 0 0 0
BinVal : 4 0 6     0.6 0.219089 0.219089 0 0
BinVal : 4 0 7     0.666667 0.19245 0.19245 0 0
BinVal : 4 0 8     0.5 0.353553 0.353553 0 0
BinVal : 4 0 9     1 0 0 0 0
BinVal : 4 0 10     1 0 0 0 0
BinVal : 4 0 12     1 0 0 0 0
BinVal : 4 0 13     0.5 0.353553 0.353553 0 0
BinVal : 4 0 14     0.5 0.353553 0.353553 0 0
BinVal : 4 0 17     1 0 0 0 0
BinVal : 4 1 2     0.857143 0.13226 0.13226 0 0
BinVal : 4 1 3     0.666667 0.157135 0.157135 0 0
BinVal : 4 1 4     0.666667 0.272166 0.272166 0 0
BinVal : 4 1 5     0.833333 0.152145 0.152145 0 0
BinVal : 4 1 6     0.75 0.153093 0.153093 0 0
BinVal : 4 1 7     0.538462 0.138264 0.138264 0 0
BinVal : 4 1 8     0.545455 0.150131 0.150131 0 0
BinVal : 4 1 9     1 0 0 0 0
BinVal : 4 1 10     0.444444 0.165635 0.165635 0 0
BinVal : 4 1 11     0.333333 0.19245 0.19245 0 0
BinVal : 4 1 12     0.583333 0.142319 0.142319 0 0
BinVal : 4 1 13     0.909091 0.0866784 0.0866784 0 0
BinVal : 4 1 14     0.777778 0.13858 0.13858 0 0
BinVal : 4 1 15     0.8 0.178885 0.178885 0 0
BinVal : 4 1 16     0.777778 0.13858 0.13858 0 0
BinVal : 4 1 17     0.2 0.178885 0.178885 0 0
BinVal : 4 2 2     1 0 0 0 0
BinVal : 4 2 3     0.7 0.144914 0.144914 0 0
BinVal : 4 2 4     0.857143 0.13226 0.13226 0 0
BinVal : 4 2 5     0.75 0.153093 0.153093 0 0
BinVal : 4 2 6     0.727273 0.134282 0.134282 0 0
BinVal : 4 2 7     0.444444 0.165635 0.165635 0 0
BinVal : 4 2 8     0.714286 0.170747 0.170747 0 0
BinVal : 4 2 9     0.875 0.116927 0.116927 0 0
BinVal : 4 2 10     0.8 0.10328 0.10328 0 0
BinVal : 4 2 11     0.166667 0.152145 0.152145 0 0
BinVal : 4 2 12     0.5 0.133631 0.133631 0 0
BinVal : 4 2 13     0.75 0.153093 0.153093 0 0
BinVal : 4 2 14     0.3 0.144914 0.144914 0 0
BinVal : 4 2 15     1 0 0 0 0
BinVal : 4 2 16     0.75 0.153093 0.153093 0 0
BinVal : 4 2 17     0.666667 0.157135 0.157135 0 0
BinVal : 4 3 2     1 0 0 0 0
BinVal : 4 3 3     1 0 0 0 0
BinVal : 4 3 4     1 0 0 0 0
BinVal : 4 3 5     0.5 0.353553 0.353553 0 0
BinVal : 4 3 6     0.333333 0.272166 0.272166 0 0
BinVal : 4 3 8     0.333333 0.272166 0.272166 0 0
BinVal : 4 3 11     1 0 0 0 0
BinVal : 4 3 12     0.666667 0.19245 0.19245 0 0
BinVal : 4 3 13     0.666667 0.272166 0.272166 0 0
BinVal : 4 3 14     0.5 0.204124 0.204124 0 0
BinVal : 4 3 15     0.5 0.353553 0.353553 0 0
BinVal : 4 3 16     0.5 0.25 0.25 0 0
BinVal : 4 4 2     0.5 0.204124 0.204124 0 0
BinVal : 4 4 3     0.666667 0.272166 0.272166 0 0
BinVal : 4 4 4     0.5 0.353553 0.353553 0 0
BinVal : 4 4 5     0.333333 0.272166 0.272166 0 0
BinVal : 4 4 6     0.714286 0.170747 0.170747 0 0
BinVal : 4 4 7     0.6 0.219089 0.219089 0 0
BinVal : 4 4 8     0.4 0.219089 0.219089 0 0
BinVal : 4 4 9     0.625 0.171163 0.171163 0 0
BinVal : 4 4 10     0.444444 0.165635 0.165635 0 0
BinVal : 4 4 12     0.4 0.219089 0.219089 0 0
BinVal : 4 4 13     0.333333 0.19245 0.19245 0 0
BinVal : 4 4 14     0.666667 0.19245 0.19245 0 0
BinVal : 4 4 15     0.666667 0.19245 0.19245 0 0
BinVal : 4 4 16     0.8 0.178885 0.178885 0 0
BinVal : 4 4 17     0.75 0.216506 0.216506 0 0
BinVal : 4 5 3     1 0 0 0 0
BinVal : 4 5 4     1 0 0 0 0
BinVal : 4 5 5     0.5 0.25 0.25 0 0
BinVal : 4 5 7     0.5 0.353553 0.353553 0 0
BinVal : 4 5 8     0.5 0.353553 0.353553 0 0
BinVal : 4 5 9     0.5 0.353553 0.353553 0 0
BinVal : 4 5 11     0.555556 0.165635 0.165635 0 0
BinVal : 4 5 13     1 0 0 0 0
BinVal : 4 5 14     0.75 0.216506 0.216506 0 0
BinVal : 4 5 15     0.333333 0.272166 0.272166 0 0
BinVal : 4 5 16     1 0 0 0 0
BinVal : 4 5 17     0.5 0.353553 0.353553 0 0
BinVal : 4 6 2     1 0 0 0 0
BinVal : 4 6 4     0.5 0.353553 0.353553 0 0
BinVal : 4 6 5     1 0 0 0 0
BinVal : 4 6 8     1 0 0 0 0
BinVal : 4 6 10     0.5 0.353553 0.353553 0 0
BinVal : 4 6 11     1 0 0 0 0
BinVal : 4 6 13     0.333333 0.272166 0.272166 0 0
BinVal : 4 6 14     0.333333 0.272166 0.272166 0 0
BinVal : 4 6 15     1 0 0 0 0
BinVal : 4 7 2     1 0 0 0 0
BinVal : 4 7 3     0.5 0.353553 0.353553 0 0
BinVal : 4 7 5     0.75 0.216506 0.216506 0 0
BinVal : 4 7 6     1 0 0 0 0
BinVal : 4 7 7     0.333333 0.272166 0.272166 0 0
BinVal : 4 7 8     0.142857 0.13226 0.13226 0 0
BinVal : 4 7 9     0.2 0.178885 0.178885 0 0
BinVal : 4 7 10     0.666667 0.19245 0.19245 0 0
BinVal : 4 7 11     0.8 0.178885 0.178885 0 0
BinVal : 4 7 12     0.6 0.219089 0.219089 0 0
BinVal : 4 7 13     1 0 0 0 0
BinVal : 4 7 14     0.333333 0.272166 0.272166 0 0
BinVal : 4 7 15     1 0 0 0 0
BinVal : 4 7 16     1 0 0 0 0
BinVal : 4 7 17     1 0 0 0 0
BinVal : 4 8 2     0.75 0.216506 0.216506 0 0
BinVal : 4 8 3     1 0 0 0 0
BinVal : 4 8 4     1 0 0 0 0
BinVal : 4 8 5     0.666667 0.19245 0.19245 0 0
BinVal : 4 8 6     0.3 0.144914 0.144914 0 0
BinVal : 4 8 7     0.4 0.154919 0.154919 0 0
BinVal : 4 8 8     0.833333 0.152145 0.152145 0 0
BinVal : 4 8 9     0.375 0.171163 0.171163 0 0
BinVal : 4 8 10     0.25 0.216506 0.216506 0 0
BinVal : 4 8 11     0.428571 0.187044 0.187044 0 0
BinVal : 4 8 12     0.714286 0.170747 0.170747 0 0
BinVal : 4 8 14     0.5 0.25 0.25 0 0
BinVal : 4 8 15     1 0 0 0 0
BinVal : 4 8 16     0.75 0.216506 0.216506 0 0
BinVal : 4 8 17     0.666667 0.272166 0.272166 0 0
BinVal : 4 9 3     1 0 0 0 0
BinVal : 4 9 7     0.833333 0.152145 0.152145 0 0
BinVal : 4 9 8     0.5 0.25 0.25 0 0
BinVal : 4 9 9     0.4 0.219089 0.219089 0 0
BinVal : 4 9 10     0.333333 0.272166 0.272166 0 0
BinVal : 4 9 11     0.428571 0.187044 0.187044 0 0
BinVal : 4 9 12     0.5 0.25 0.25 0 0
BinVal : 4 9 13     0.666667 0.272166 0.272166 0 0
BinVal : 4 9 14     0.5 0.353553 0.353553 0 0
BinVal : 4 9 15     1 0 0 0 0
BinVal : 4 9 16     1 0 0 0 0
BinVal : 4 9 17     0.666667 0.272166 0.272166 0 0
BinVal : 4 10 2     0.714286 0.170747 0.170747 0 0
BinVal : 4 10 3     0.888889 0.104757 0.104757 0 0
BinVal : 4 10 4     0.666667 0.19245 0.19245 0 0
BinVal : 4 10 5     0.833333 0.152145 0.152145 0 0
BinVal : 4 10 6     0.444444 0.165635 0.165635 0 0
BinVal : 4 10 7     0.142857 0.13226 0.13226 0 0
BinVal : 4 10 9     0.75 0.216506 0.216506 0 0
BinVal : 4 10 10     0.727273 0.134282 0.134282 0 0
BinVal : 4 10 11     0.333333 0.157135 0.157135 0 0
BinVal : 4 10 12     0.8 0.178885 0.178885 0 0
BinVal : 4 10 13     0.75 0.125 0.125 0 0
BinVal : 4 10 14     0.5 0.204124 0.204124 0 0
BinVal : 4 10 15     0.8 0.178885 0.178885 0 0
BinVal : 4 10 16     0.75 0.216506 0.216506 0 0
BinVal : 4 10 17     1 0 0 0 0
BinVal : 4 11 2     1 0 0 0 0
BinVal : 4 11 3     0.75 0.216506 0.216506 0 0
BinVal : 4 11 4     0.555556 0.165635 0.165635 0 0
BinVal : 4 11 5     0.428571 0.187044 0.187044 0 0
BinVal : 4 11 6     1 0 0 0 0
BinVal : 4 11 7     0.642857 0.12806 0.12806 0 0
BinVal : 4 11 8     0.666667 0.272166 0.272166 0 0
BinVal : 4 11 9     0.333333 0.272166 0.272166 0 0
BinVal : 4 11 10     1 0 0 0 0
BinVal : 4 11 11     0.5 0.176777 0.176777 0 0
BinVal : 4 11 12     0.384615 0.134932 0.134932 0 0
BinVal : 4 11 13     0.769231 0.116855 0.116855 0 0
BinVal : 4 11 14     0.714286 0.170747 0.170747 0 0
BinVal : 4 11 15     0.571429 0.187044 0.187044 0 0
BinVal : 4 11 16     0.888889 0.104757 0.104757 0 0
BinVal : 4 11 17     0.875 0.116927 0.116927 0 0
BinVal : 4 12 2     0.8 0.178885 0.178885 0 0
BinVal : 4 12 3     0.5 0.353553 0.353553 0 0
BinVal : 4 12 4     0.625 0.171163 0.171163 0 0
BinVal : 4 12 5     0.5 0.353553 0.353553 0 0
BinVal : 4 12 6     0.8 0.178885 0.178885 0 0
BinVal : 4 12 7     0.8 0.178885 0.178885 0 0
BinVal : 4 12 8     0.75 0.153093 0.153093 0 0
BinVal : 4 12 9     0.166667 0.152145 0.152145 0 0
BinVal : 4 12 11     0.4 0.219089 0.219089 0 0
BinVal : 4 12 12     0.571429 0.187044 0.187044 0 0
BinVal : 4 12 13     0.333333 0.157135 0.157135 0 0
BinVal : 4 12 14     1 0 0 0 0
BinVal : 4 12 15     0.8 0.178885 0.178885 0 0
BinVal : 4 12 16     1 0 0 0 0
BinVal : 4 12 17     0.5 0.353553 0.353553 0 0
BinVal : 4 13 2     0.75 0.125 0.125 0 0
BinVal : 4 13 3     1 0 0 0 0
BinVal : 4 13 4     0.4 0.219089 0.219089 0 0
BinVal : 4 13 5     0.428571 0.187044 0.187044 0 0
BinVal : 4 13 6     0.5 0.144338 0.144338 0 0
BinVal : 4 13 7     0.916667 0.0797856 0.0797856 0 0
BinVal : 4 13 8     0.5 0.176777 0.176777 0 0
BinVal : 4 13 9     0.5 0.25 0.25 0 0
BinVal : 4 13 10     0.7 0.144914 0.144914 0 0
BinVal : 4 13 11     0.7 0.144914 0.144914 0 0
BinVal : 4 13 12     0.5 0.144338 0.144338 0 0
BinVal : 4 13 13     0.545455 0.150131 0.150131 0 0
BinVal : 4 13 14     0.714286 0.120736 0.120736 0 0
BinVal : 4 13 15     1 0 0 0 0
BinVal : 4 13 16     1 0 0 0 0
BinVal : 4 13 17     0.75 0.216506 0.216506 0 0
BinVal : 4 14 2     0.777778 0.13858 0.13858 0 0
BinVal : 4 14 3     0.857143 0.13226 0.13226 0 0
BinVal : 4 14 4     0.833333 0.152145 0.152145 0 0
BinVal : 4 14 5     0.5625 0.12402 0.12402 0 0
BinVal : 4 14 6     0.666667 0.121716 0.121716 0 0
BinVal : 4 14 7     0.571429 0.187044 0.187044 0 0
BinVal : 4 14 8     0.5 0.204124 0.204124 0 0
BinVal : 4 14 9     0.6875 0.115878 0.115878 0 0
BinVal : 4 14 10     0.666667 0.157135 0.157135 0 0
BinVal : 4 14 11     0.833333 0.152145 0.152145 0 0
BinVal : 4 14 12     0.5 0.144338 0.144338 0 0
BinVal : 4 14 13     0.625 0.171163 0.171163 0 0
BinVal : 4 14 14     0.142857 0.13226 0.13226 0 0
BinVal : 4 14 15     1 0 0 0 0
BinVal : 4 14 16     0.818182 0.116291 0.116291 0 0
BinVal : 4 14 17     0.857143 0.13226 0.13226 0 0
BinVal : 4 15 2     0.5 0.25 0.25 0 0
BinVal : 4 15 3     0.4 0.219089 0.219089 0 0
BinVal : 4 15 5     0.25 0.216506 0.216506 0 0
BinVal : 4 15 6     0.2 0.178885 0.178885 0 0
BinVal : 4 15 7     0.5 0.353553 0.353553 0 0
BinVal : 4 15 8     0.111111 0.104757 0.104757 0 0
BinVal : 4 15 9     0.25 0.216506 0.216506 0 0
BinVal : 4 15 10     0.333333 0.272166 0.272166 0 0
BinVal : 4 15 11     0.5 0.25 0.25 0 0
BinVal : 4 15 15     0.6 0.219089 0.219089 0 0
BinVal : 4 15 16     0.6 0.219089 0.219089 0 0
BinVal : 4 15 17     0.5 0.353553 0.353553 0 0
BinVal : 4 16 2     0.666667 0.272166 0.272166 0 0
BinVal : 4 16 3     0.833333 0.152145 0.152145 0 0
BinVal : 4 16 5     0.375 0.171163 0.171163 0 0
BinVal : 4 16 7     0.6 0.219089 0.219089 0 0
BinVal : 4 16 8     0.75 0.153093 0.153093 0 0
BinVal : 4 16 9     0.636364 0.145041 0.145041 0 0
BinVal : 4 16 10     0.833333 0.152145 0.152145 0 0
BinVal : 4 16 11     0.555556 0.165635 0.165635 0 0
BinVal : 4 16 12     0.8 0.178885 0.178885 0 0
BinVal : 4 16 13     0.142857 0.13226 0.13226 0 0
BinVal : 4 16 14     0.428571 0.187044 0.187044 0 0
BinVal : 4 16 15     0.4 0.219089 0.219089 0 0
BinVal : 4 16 16     0.75 0.216506 0.216506 0 0
BinVal : 4 16 17     1 0 0 0 0
BinVal : 4 17 2     0.857143 0.13226 0.13226 0 0
BinVal : 4 17 3     0.666667 0.272166 0.272166 0 0
BinVal : 4 17 7     0.125 0.116927 0.116927 0 0
BinVal : 4 17 16     0.5 0.25 0.25 0 0
BinVal : 4 17 17     0.428571 0.187044 0.187044 0 0
BinVal : 4 18 2     0.333333 0.272166 0.272166 0 0
BinVal : 4 18 3     1 0 0 0 0
BinVal : 4 18 16     0.25 0.216506 0.216506 0 0
BinVal : 4 18 17     0.333333 0.157135 0.157135 0 0
BinVal : 4 19 2     0.5 0.353553 0.353553 0 0
BinVal : 4 19 3     0.8 0.178885 0.178885 0 0
BinVal : 4 19 9     0.2 0.178885 0.178885 0 0
BinVal : 4 19 16     0.625 0.171163 0.171163 0 0
BinVal : 4 19 17     1 0 0 0 0
BinVal : 4 20 2     0.666667 0.19245 0.19245 0 0
BinVal : 4 20 3     1 0 0 0 0
BinVal : 4 20 4     0.25 0.153093 0.153093 0 0
BinVal : 4 20 5     0.285714 0.170747 0.170747 0 0
BinVal : 4 20 6     0.333333 0.19245 0.19245 0 0
BinVal : 4 20 7     0.5 0.25 0.25 0 0
BinVal : 4 20 8     0.6 0.154919 0.154919 0 0
BinVal : 4 20 9     0.916667 0.0797856 0.0797856 0 0
BinVal : 4 20 10     0.6 0.219089 0.219089 0 0
BinVal : 4 20 11     0.333333 0.157135 0.157135 0 0
BinVal : 4 20 12     1 0 0 0 0
BinVal : 4 20 13     0.125 0.116927 0.116927 0 0
BinVal : 4 20 14     0.4 0.219089 0.219089 0 0
BinVal : 4 20 15     0.333333 0.157135 0.157135 0 0
BinVal : 4 20 16     0.75 0.216506 0.216506 0 0
BinVal : 4 20 17     0.666667 0.272166 0.272166 0 0
BinVal : 4 21 2     1 0 0 0 0
BinVal : 4 21 4     0.5 0.353553 0.353553 0 0
BinVal : 4 21 5     0.5 0.25 0.25 0 0
BinVal : 4 21 6     0.333333 0.272166 0.272166 0 0
BinVal : 4 21 8     0.666667 0.19245 0.19245 0 0
BinVal : 4 21 9     0.666667 0.19245 0.19245 0 0
BinVal : 4 21 11     0.2 0.178885 0.178885 0 0
BinVal : 4 21 12     0.4 0.219089 0.219089 0 0
BinVal : 4 21 15     1 0 0 0 0
BinVal : 4 21 16     0.666667 0.272166 0.272166 0 0
BinVal : 4 22 2     1 0 0 0 0
BinVal : 4 22 3     0.857143 0.13226 0.13226 0 0
BinVal : 4 22 4     0.8 0.178885 0.178885 0 0
BinVal : 4 22 5     0.625 0.171163 0.171163 0 0
BinVal : 4 22 6     0.625 0.171163 0.171163 0 0
BinVal : 4 22 7     0.5 0.176777 0.176777 0 0
BinVal : 4 22 8     0.444444 0.165635 0.165635 0 0
BinVal : 4 22 9     0.4 0.154919 0.154919 0 0
BinVal : 4 22 10     0.571429 0.187044 0.187044 0 0
BinVal : 4 22 11     0.4 0.219089 0.219089 0 0
BinVal : 4 22 12     0.833333 0.152145 0.152145 0 0
BinVal : 4 22 13     0.857143 0.13226 0.13226 0 0
BinVal : 4 22 14     0.333333 0.19245 0.19245 0 0
BinVal : 4 22 15     0.875 0.116927 0.116927 0 0
BinVal : 4 22 16     0.875 0.116927 0.116927 0 0
BinVal : 4 22 17     0.75 0.153093 0.153093 0 0
BinVal : 4 23 2     0.333333 0.272166 0.272166 0 0
BinVal : 4 23 3     0.8 0.178885 0.178885 0 0
BinVal : 4 23 4     0.636364 0.145041 0.145041 0 0
BinVal : 4 23 5     0.571429 0.187044 0.187044 0 0
BinVal : 4 23 6     0.571429 0.187044 0.187044 0 0
BinVal : 4 23 7     0.7 0.144914 0.144914 0 0
BinVal : 4 23 8     0.7 0.144914 0.144914 0 0
BinVal : 4 23 9     1 0 0 0 0
BinVal : 4 23 10     0.785714 0.109664 0.109664 0 0
BinVal : 4 23 11     0.363636 0.145041 0.145041 0 0
BinVal : 4 23 12     0.5 0.204124 0.204124 0 0
BinVal : 4 23 13     0.363636 0.145041 0.145041 0 0
BinVal : 4 23 14     0.571429 0.187044 0.187044 0 0
BinVal : 4 23 15     0.75 0.153093 0.153093 0 0
BinVal : 4 23 16     1 0 0 0 0
BinVal : 4 23 17     0.571429 0.187044 0.187044 0 0
BinVal : 4 24 5     0.5 0.353553 0.353553 0 0
BinVal : 4 24 6     0.333333 0.272166 0.272166 0 0
BinVal : 4 24 7     0.6 0.219089 0.219089 0 0
BinVal : 4 24 8     0.8 0.178885 0.178885 0 0
BinVal : 4 24 9     1 0 0 0 0
BinVal : 4 24 10     0.285714 0.170747 0.170747 0 0
BinVal : 4 24 12     1 0 0 0 0
BinVal : 4 24 14     0.75 0.216506 0.216506 0 0
BinVal : 4 24 15     0.5 0.353553 0.353553 0 0
BinVal : 4 24 16     1 0 0 0 0
BinVal : 5 0 3     1 0 0 0 0
BinVal : 5 0 5     1 0 0 0 0
BinVal : 5 0 6     1 0 0 0 0
BinVal : 5 0 7     1 0 0 0 0
BinVal : 5 0 9     1 0 0 0 0
BinVal : 5 0 10     0.5 0.353553 0.353553 0 0
BinVal : 5 0 12     1 0 0 0 0
BinVal : 5 0 13     0.5 0.353553 0.353553 0 0
BinVal : 5 0 16     1 0 0 0 0
BinVal : 5 1 2     0.333333 0.272166 0.272166 0 0
BinVal : 5 1 3     1 0 0 0 0
BinVal : 5 1 5     0.333333 0.272166 0.272166 0 0
BinVal : 5 1 6     0.75 0.216506 0.216506 0 0
BinVal : 5 1 7     0.25 0.216506 0.216506 0 0
BinVal : 5 1 8     0.5 0.204124 0.204124 0 0
BinVal : 5 1 9     0.5 0.353553 0.353553 0 0
BinVal : 5 1 12     1 0 0 0 0
BinVal : 5 1 13     0.75 0.216506 0.216506 0 0
BinVal : 5 1 14     0.8 0.178885 0.178885 0 0
BinVal : 5 1 15     0.666667 0.272166 0.272166 0 0
BinVal : 5 1 16     0.75 0.216506 0.216506 0 0
BinVal : 5 1 17     0.5 0.353553 0.353553 0 0
BinVal : 5 2 2     1 0 0 0 0
BinVal : 5 2 3     0.4 0.219089 0.219089 0 0
BinVal : 5 2 4     1 0 0 0 0
BinVal : 5 2 6     0.333333 0.272166 0.272166 0 0
BinVal : 5 2 7     0.75 0.216506 0.216506 0 0
BinVal : 5 2 8     0.5 0.25 0.25 0 0
BinVal : 5 2 9     0.333333 0.272166 0.272166 0 0
BinVal : 5 2 10     1 0 0 0 0
BinVal : 5 2 12     0.333333 0.272166 0.272166 0 0
BinVal : 5 2 15     0.833333 0.152145 0.152145 0 0
BinVal : 5 2 16     1 0 0 0 0
BinVal : 5 2 17     1 0 0 0 0
BinVal : 5 3 9     0.5 0.353553 0.353553 0 0
BinVal : 5 3 10     0.5 0.353553 0.353553 0 0
BinVal : 5 3 11     0.5 0.353553 0.353553 0 0
BinVal : 5 3 15     1 0 0 0 0
BinVal : 5 4 2     1 0 0 0 0
BinVal : 5 4 3     1 0 0 0 0
BinVal : 5 4 4     1 0 0 0 0
BinVal : 5 4 5     1 0 0 0 0
BinVal : 5 4 6     1 0 0 0 0
BinVal : 5 4 9     0.4 0.219089 0.219089 0 0
BinVal : 5 4 10     1 0 0 0 0
BinVal : 5 4 11     0.6 0.219089 0.219089 0 0
BinVal : 5 4 15     1 0 0 0 0
BinVal : 5 5 2     1 0 0 0 0
BinVal : 5 5 3     1 0 0 0 0
BinVal : 5 5 9     1 0 0 0 0
BinVal : 5 5 12     0.25 0.216506 0.216506 0 0
BinVal : 5 5 15     1 0 0 0 0
BinVal : 5 6 3     1 0 0 0 0
BinVal : 5 6 5     1 0 0 0 0
BinVal : 5 6 7     0.5 0.353553 0.353553 0 0
BinVal : 5 6 13     1 0 0 0 0
BinVal : 5 6 15     1 0 0 0 0
BinVal : 5 7 2     0.666667 0.272166 0.272166 0 0
BinVal : 5 7 4     1 0 0 0 0
BinVal : 5 7 5     0.5 0.353553 0.353553 0 0
BinVal : 5 7 10     1 0 0 0 0
BinVal : 5 7 15     1 0 0 0 0
BinVal : 5 7 16     1 0 0 0 0
BinVal : 5 8 2     1 0 0 0 0
BinVal : 5 8 3     1 0 0 0 0
BinVal : 5 8 5     0.5 0.353553 0.353553 0 0
BinVal : 5 8 7     0.666667 0.272166 0.272166 0 0
BinVal : 5 8 11     0.5 0.353553 0.353553 0 0
BinVal : 5 8 12     0.5 0.353553 0.353553 0 0
BinVal : 5 8 14     0.666667 0.272166 0.272166 0 0
BinVal : 5 9 4     0.5 0.353553 0.353553 0 0
BinVal : 5 9 5     0.5 0.353553 0.353553 0 0
BinVal : 5 9 9     0.5 0.353553 0.353553 0 0
BinVal : 5 9 12     1 0 0 0 0
BinVal : 5 9 13     1 0 0 0 0
BinVal : 5 9 14     0.4 0.219089 0.219089 0 0
BinVal : 5 9 15     1 0 0 0 0
BinVal : 5 9 16     1 0 0 0 0
BinVal : 5 10 2     1 0 0 0 0
BinVal : 5 10 4     0.5 0.353553 0.353553 0 0
BinVal : 5 10 5     0.5 0.353553 0.353553 0 0
BinVal : 5 10 6     1 0 0 0 0
BinVal : 5 10 7     1 0 0 0 0
BinVal : 5 10 8     0.5 0.353553 0.353553 0 0
BinVal : 5 10 9     0.2 0.178885 0.178885 0 0
BinVal : 5 10 10     0.5 0.353553 0.353553 0 0
BinVal : 5 10 11     0.666667 0.272166 0.272166 0 0
BinVal : 5 10 12     1 0 0 0 0
BinVal : 5 10 13     0.25 0.216506 0.216506 0 0
BinVal : 5 10 15     1 0 0 0 0
BinVal : 5 10 16     1 0 0 0 0
BinVal : 5 11 3     0.8 0.178885 0.178885 0 0
BinVal : 5 11 4     1 0 0 0 0
BinVal : 5 11 5     1 0 0 0 0
BinVal : 5 11 7     0.75 0.216506 0.216506 0 0
BinVal : 5 11 8     0.666667 0.272166 0.272166 0 0
BinVal : 5 11 9     0.666667 0.272166 0.272166 0 0
BinVal : 5 11 10     1 0 0 0 0
BinVal : 5 11 11     0.25 0.216506 0.216506 0 0
BinVal : 5 11 12     0.5 0.25 0.25 0 0
BinVal : 5 11 13     0.25 0.216506 0.216506 0 0
BinVal : 5 11 14     0.75 0.216506 0.216506 0 0
BinVal : 5 11 16     0.75 0.216506 0.216506 0 0
BinVal : 5 11 17     0.25 0.216506 0.216506 0 0
BinVal : 5 12 3     1 0 0 0 0
BinVal : 5 12 5     1 0 0 0 0
BinVal : 5 12 6     1 0 0 0 0
BinVal : 5 12 7     1 0 0 0 0
BinVal : 5 12 8     1 0 0 0 0
BinVal : 5 12 9     0.5 0.25 0.25 0 0
BinVal : 5 12 10     1 0 0 0 0
BinVal : 5 12 12     1 0 0 0 0
BinVal : 5 12 13     1 0 0 0 0
BinVal : 5 12 14     1 0 0 0 0
BinVal : 5 12 16     1 0 0 0 0
BinVal : 5 13 2     1 0 0 0 0
BinVal : 5 13 3     1 0 0 0 0
BinVal : 5 13 4     1 0 0 0 0
BinVal : 5 13 6     1 0 0 0 0
BinVal : 5 13 7     1 0 0 0 0
BinVal : 5 13 8     1 0 0 0 0
BinVal : 5 13 9     0.5 0.25 0.25 0 0
BinVal : 5 13 10     1 0 0 0 0
BinVal : 5 13 11     0.5 0.25 0.25 0 0
BinVal : 5 13 12     0.5 0.25 0.25 0 0
BinVal : 5 13 14     0.6 0.219089 0.219089 0 0
BinVal : 5 13 16     0.5 0.353553 0.353553 0 0
BinVal : 5 13 17     0.6 0.219089 0.219089 0 0
BinVal : 5 14 3     1 0 0 0 0
BinVal : 5 14 4     0.5 0.353553 0.353553 0 0
BinVal : 5 14 7     0.25 0.216506 0.216506 0 0
BinVal : 5 14 8     0.5 0.353553 0.353553 0 0
BinVal : 5 14 9     0.25 0.153093 0.153093 0 0
BinVal : 5 14 10     0.666667 0.19245 0.19245 0 0
BinVal : 5 14 11     0.5 0.25 0.25 0 0
BinVal : 5 14 13     0.25 0.216506 0.216506 0 0
BinVal : 5 14 14     0.333333 0.272166 0.272166 0 0
BinVal : 5 14 15     0.666667 0.272166 0.272166 0 0
BinVal : 5 14 17     0.666667 0.272166 0.272166 0 0
BinVal : 5 15 4     1 0 0 0 0
BinVal : 5 15 8     1 0 0 0 0
BinVal : 5 15 9     1 0 0 0 0
BinVal : 5 15 10     1 0 0 0 0
BinVal : 5 15 14     0.5 0.353553 0.353553 0 0
BinVal : 5 15 16     0.333333 0.272166 0.272166 0 0
BinVal : 5 16 2     0.25 0.216506 0.216506 0 0
BinVal : 5 16 3     1 0 0 0 0
BinVal : 5 16 4     0.5 0.25 0.25 0 0
BinVal : 5 16 7     0.5 0.353553 0.353553 0 0
BinVal : 5 16 9     1 0 0 0 0
BinVal : 5 16 11     1 0 0 0 0
BinVal : 5 16 12     1 0 0 0 0
BinVal : 5 16 14     0.333333 0.272166 0.272166 0 0
BinVal : 5 16 17     0.666667 0.272166 0.272166 0 0
BinVal : 5 17 2     0.6 0.219089 0.219089 0 0
BinVal : 5 17 16     0.333333 0.272166 0.272166 0 0
BinVal : 5 17 17     0.75 0.216506 0.216506 0 0
BinVal : 5 18 3     1 0 0 0 0
BinVal : 5 18 17     1 0 0 0 0
BinVal : 5 19 2     1 0 0 0 0
BinVal : 5 19 3     0.666667 0.272166 0.272166 0 0
BinVal : 5 19 16     1 0 0 0 0
BinVal : 5 20 4     0.166667 0.152145 0.152145 0 0
BinVal : 5 20 5     1 0 0 0 0
BinVal : 5 20 9     0.666667 0.272166 0.272166 0 0
BinVal : 5 20 10     0.333333 0.272166 0.272166 0 0
BinVal : 5 20 11     0.5 0.353553 0.353553 0 0
BinVal : 5 20 12     1 0 0 0 0
BinVal : 5 20 14     0.666667 0.272166 0.272166 0 0
BinVal : 5 20 16     1 0 0 0 0
BinVal : 5 20 17     1 0 0 0 0
BinVal : 5 21 8     1 0 0 0 0
BinVal : 5 21 9     0.571429 0.187044 0.187044 0 0
BinVal : 5 21 10     0.4 0.219089 0.219089 0 0
BinVal : 5 21 11     1 0 0 0 0
BinVal : 5 22 2     0.666667 0.272166 0.272166 0 0
BinVal : 5 22 3     1 0 0 0 0
BinVal : 5 22 4     1 0 0 0 0
BinVal : 5 22 5     0.333333 0.272166 0.272166 0 0
BinVal : 5 22 6     0.8 0.178885 0.178885 0 0
BinVal : 5 22 7     1 0 0 0 0
BinVal : 5 22 9     1 0 0 0 0
BinVal : 5 22 11     1 0 0 0 0
BinVal : 5 22 12     0.333333 0.272166 0.272166 0 0
BinVal : 5 22 13     0.5 0.353553 0.353553 0 0
BinVal : 5 22 14     0.666667 0.272166 0.272166 0 0
BinVal : 5 22 15     1 0 0 0 0
BinVal : 5 22 17     1 0 0 0 0
BinVal : 5 23 3     1 0 0 0 0
BinVal : 5 23 4     0.75 0.216506 0.216506 0 0
BinVal : 5 23 6     0.666667 0.272166 0.272166 0 0
BinVal : 5 23 7     0.5 0.353553 0.353553 0 0
BinVal : 5 23 8     0.4 0.219089 0.219089 0 0
BinVal : 5 23 9     0.666667 0.272166 0.272166 0 0
BinVal : 5 23 10     1 0 0 0 0
BinVal : 5 23 11     0.25 0.216506 0.216506 0 0
BinVal : 5 23 12     0.75 0.216506 0.216506 0 0
BinVal : 5 23 13     0.666667 0.272166 0.272166 0 0
BinVal : 5 23 14     0.333333 0.272166 0.272166 0 0
BinVal : 5 23 15     1 0 0 0 0
BinVal : 5 23 16     1 0 0 0 0
BinVal : 5 24 3     1 0 0 0 0
BinVal : 5 24 4     1 0 0 0 0
BinVal : 5 24 8     0.5 0.353553 0.353553 0 0
BinVal : 5 24 13     1 0 0 0 0
BinVal : 5 24 15     0.666667 0.272166 0.272166 0 0
BinVal : 5 24 17     1 0 0 0 0


