Comments : includes prescale inefficiency, cosmic veto applied 
EffMethod : TagAndProbe 
EffName : eff 
EffType : Binned 
EffVarNames : phi deteta 
EffVersion : 3 
ObjQuality : MuFromMuJetsOR 
ObjRelativeTo : medium_trackloose_iso_NPLoose 
ObjType : Muon 
ObjVersion : 1 
RunRangeHigh : -1 
RunRangeLow : -1 
TriggerVersionHigh : 15.21 
TriggerVersionLow : 15 
BinEdgesX : 0 0.3927 0.7854 1.1781 1.5708 1.9635 2.3562 2.7489 3.1416 3.5343 3.927 4.3197 4.7124 5.1051 5.4978 5.8905 6.2832 
BinEdgesY : -3 -2.8 -2.6 -2.4 -2.2 -2 -1.8 -1.6 -1.4 -1.2 -1 -0.8 -0.6 -0.4 -0.2 0 0.2 0.4 0.6 0.8 1 1.2 1.4 1.6 1.8 2 2.2 2.4 2.6 2.8 3 
BinVal : 0 0 0 0 0
BinVal : 0 1 0 0 0
BinVal : 0 2 0 0 0
BinVal : 0 3 0 0 0
BinVal : 0 4 0 0 0
BinVal : 0 5 0 0 0
BinVal : 0 6 0 0 0
BinVal : 0 7 0.714286 0.0697071 0.0697071
BinVal : 0 8 0.980769 0.019045 0.019045
BinVal : 0 9 0.698413 0.0578219 0.0578219
BinVal : 0 10 0.676923 0.0580051 0.0580051
BinVal : 0 11 0.75 0.0578638 0.0578638
BinVal : 0 12 0.716981 0.0618762 0.0618762
BinVal : 0 13 0.690141 0.054881 0.054881
BinVal : 0 14 0.641791 0.0585771 0.0585771
BinVal : 0 15 0.8 0.0447214 0.0447214
BinVal : 0 16 0.68254 0.058646 0.058646
BinVal : 0 17 0.953125 0.0264214 0.0264214
BinVal : 0 18 0.627119 0.0629556 0.0629556
BinVal : 0 19 0.765957 0.0617591 0.0617591
BinVal : 0 20 0.810345 0.0514758 0.0514758
BinVal : 0 21 0.94 0.0335857 0.0335857
BinVal : 0 22 0.829787 0.0548189 0.0548189
BinVal : 0 23 0 0 0
BinVal : 0 24 0 0 0
BinVal : 0 25 0 0 0
BinVal : 0 26 0 0 0
BinVal : 0 27 0 0 0
BinVal : 0 28 0 0 0
BinVal : 0 29 0 0 0
BinVal : 1 0 0 0 0
BinVal : 1 1 0 0 0
BinVal : 1 2 0 0 0
BinVal : 1 3 0 0 0
BinVal : 1 4 0 0 0
BinVal : 1 5 0 0 0
BinVal : 1 6 0 0 0
BinVal : 1 7 0.638298 0.0700871 0.0700871
BinVal : 1 8 0.589744 0.0787639 0.0787639
BinVal : 1 9 0.833333 0.0537914 0.0537914
BinVal : 1 10 0.698113 0.063059 0.063059
BinVal : 1 11 0.696429 0.0614433 0.0614433
BinVal : 1 12 0.469697 0.0614326 0.0614326
BinVal : 1 13 0.555556 0.062604 0.062604
BinVal : 1 14 0.691176 0.0560267 0.0560267
BinVal : 1 15 0.632353 0.058471 0.058471
BinVal : 1 16 0.603774 0.0671848 0.0671848
BinVal : 1 17 0.515152 0.0615175 0.0615175
BinVal : 1 18 0.724138 0.0586871 0.0586871
BinVal : 1 19 0.756757 0.0705339 0.0705339
BinVal : 1 20 0.769231 0.0584273 0.0584273
BinVal : 1 21 0.893939 0.0379017 0.0379017
BinVal : 1 22 0.685714 0.0784693 0.0784693
BinVal : 1 23 0 0 0
BinVal : 1 24 0 0 0
BinVal : 1 25 0 0 0
BinVal : 1 26 0 0 0
BinVal : 1 27 0 0 0
BinVal : 1 28 0 0 0
BinVal : 1 29 0 0 0
BinVal : 2 0 0 0 0
BinVal : 2 1 0 0 0
BinVal : 2 2 0 0 0
BinVal : 2 3 0 0 0
BinVal : 2 4 0 0 0
BinVal : 2 5 0 0 0
BinVal : 2 6 0 0 0
BinVal : 2 7 0.71875 0.0794804 0.0794804
BinVal : 2 8 0.96875 0.0307578 0.0307578
BinVal : 2 9 0.818182 0.0581456 0.0581456
BinVal : 2 10 0.740741 0.084337 0.084337
BinVal : 2 11 0.85 0.0564579 0.0564579
BinVal : 2 12 0.621622 0.0797307 0.0797307
BinVal : 2 13 0.702703 0.0751416 0.0751416
BinVal : 2 14 0.8 0.0596285 0.0596285
BinVal : 2 15 0.777778 0.056575 0.056575
BinVal : 2 16 0.75 0.0625 0.0625
BinVal : 2 17 0.794872 0.064659 0.064659
BinVal : 2 18 0.580645 0.0886269 0.0886269
BinVal : 2 19 0.387097 0.0874832 0.0874832
BinVal : 2 20 0.911765 0.0486433 0.0486433
BinVal : 2 21 0.885714 0.0537785 0.0537785
BinVal : 2 22 0.666667 0.102869 0.102869
BinVal : 2 23 0 0 0
BinVal : 2 24 0 0 0
BinVal : 2 25 0 0 0
BinVal : 2 26 0 0 0
BinVal : 2 27 0 0 0
BinVal : 2 28 0 0 0
BinVal : 2 29 0 0 0
BinVal : 3 0 0 0 0
BinVal : 3 1 0 0 0
BinVal : 3 2 0 0 0
BinVal : 3 3 0 0 0
BinVal : 3 4 0 0 0
BinVal : 3 5 0 0 0
BinVal : 3 6 0 0 0
BinVal : 3 7 0.866667 0.0877707 0.0877707
BinVal : 3 8 0.842105 0.0836547 0.0836547
BinVal : 3 9 0.8125 0.0975781 0.0975781
BinVal : 3 10 0.789474 0.0935288 0.0935288
BinVal : 3 11 0.8125 0.0975781 0.0975781
BinVal : 3 12 0.782609 0.0860061 0.0860061
BinVal : 3 13 0.913043 0.0587534 0.0587534
BinVal : 3 14 0.740741 0.084337 0.084337
BinVal : 3 15 0.882353 0.0781425 0.0781425
BinVal : 3 16 0.866667 0.0620633 0.0620633
BinVal : 3 17 0.833333 0.087841 0.087841
BinVal : 3 18 0.708333 0.0927805 0.0927805
BinVal : 3 19 0.75 0.125 0.125
BinVal : 3 20 0.882353 0.0781425 0.0781425
BinVal : 3 21 1 0.0309157 0.0309157
BinVal : 3 22 0.736842 0.101023 0.101023
BinVal : 3 23 0 0 0
BinVal : 3 24 0 0 0
BinVal : 3 25 0 0 0
BinVal : 3 26 0 0 0
BinVal : 3 27 0 0 0
BinVal : 3 28 0 0 0
BinVal : 3 29 0 0 0
BinVal : 4 0 0 0 0
BinVal : 4 1 0 0 0
BinVal : 4 2 0 0 0
BinVal : 4 3 0 0 0
BinVal : 4 4 0 0 0
BinVal : 4 5 0 0 0
BinVal : 4 6 0 0 0
BinVal : 4 7 0.916667 0.0797856 0.0797856
BinVal : 4 8 0.933333 0.0644061 0.0644061
BinVal : 4 9 0.846154 0.100068 0.100068
BinVal : 4 10 0.588235 0.119365 0.119365
BinVal : 4 11 0.714286 0.0985808 0.0985808
BinVal : 4 12 0.75 0.0968246 0.0968246
BinVal : 4 13 0.947368 0.0512278 0.0512278
BinVal : 4 14 0.814815 0.0747568 0.0747568
BinVal : 4 15 0.727273 0.0949515 0.0949515
BinVal : 4 16 0.722222 0.105572 0.105572
BinVal : 4 17 0.772727 0.0893461 0.0893461
BinVal : 4 18 0.64 0.096 0.096
BinVal : 4 19 0.75 0.108253 0.108253
BinVal : 4 20 0.7 0.10247 0.10247
BinVal : 4 21 0.954545 0.0444095 0.0444095
BinVal : 4 22 0.866667 0.0877707 0.0877707
BinVal : 4 23 0 0 0
BinVal : 4 24 0 0 0
BinVal : 4 25 0 0 0
BinVal : 4 26 0 0 0
BinVal : 4 27 0 0 0
BinVal : 4 28 0 0 0
BinVal : 4 29 0 0 0
BinVal : 5 0 0 0 0
BinVal : 5 1 0 0 0
BinVal : 5 2 0 0 0
BinVal : 5 3 0 0 0
BinVal : 5 4 0 0 0
BinVal : 5 5 0 0 0
BinVal : 5 6 0 0 0
BinVal : 5 7 0.758621 0.0794627 0.0794627
BinVal : 5 8 0.975 0.0246855 0.0246855
BinVal : 5 9 1 0.0145144 0.0145144
BinVal : 5 10 0.857143 0.0763604 0.0763604
BinVal : 5 11 0.8 0.0632455 0.0632455
BinVal : 5 12 0.653061 0.0679994 0.0679994
BinVal : 5 13 0.822222 0.0569937 0.0569937
BinVal : 5 14 0.836735 0.0528011 0.0528011
BinVal : 5 15 0.830508 0.048845 0.048845
BinVal : 5 16 0.733333 0.0807373 0.0807373
BinVal : 5 17 0.788462 0.0566348 0.0566348
BinVal : 5 18 0.891892 0.0510487 0.0510487
BinVal : 5 19 0.828571 0.0637049 0.0637049
BinVal : 5 20 0.804878 0.0618908 0.0618908
BinVal : 5 21 0.969697 0.0298404 0.0298404
BinVal : 5 22 0.863636 0.073165 0.073165
BinVal : 5 23 0 0 0
BinVal : 5 24 0 0 0
BinVal : 5 25 0 0 0
BinVal : 5 26 0 0 0
BinVal : 5 27 0 0 0
BinVal : 5 28 0 0 0
BinVal : 5 29 0 0 0
BinVal : 6 0 0 0 0
BinVal : 6 1 0 0 0
BinVal : 6 2 0 0 0
BinVal : 6 3 0 0 0
BinVal : 6 4 0 0 0
BinVal : 6 5 0 0 0
BinVal : 6 6 0 0 0
BinVal : 6 7 0.822222 0.0569937 0.0569937
BinVal : 6 8 0.921569 0.0376464 0.0376464
BinVal : 6 9 0.956522 0.030068 0.030068
BinVal : 6 10 0.783784 0.0676771 0.0676771
BinVal : 6 11 0.767857 0.0564188 0.0564188
BinVal : 6 12 0.772727 0.0631772 0.0631772
BinVal : 6 13 0.865385 0.0473315 0.0473315
BinVal : 6 14 0.796296 0.0548075 0.0548075
BinVal : 6 15 0.744681 0.063603 0.063603
BinVal : 6 16 0.795455 0.0608102 0.0608102
BinVal : 6 17 0.703704 0.0621386 0.0621386
BinVal : 6 18 0.75 0.0578638 0.0578638
BinVal : 6 19 0.714286 0.0763604 0.0763604
BinVal : 6 20 0.897959 0.0432431 0.0432431
BinVal : 6 21 0.906977 0.0442955 0.0442955
BinVal : 6 22 0.694444 0.0767737 0.0767737
BinVal : 6 23 0 0 0
BinVal : 6 24 0 0 0
BinVal : 6 25 0 0 0
BinVal : 6 26 0 0 0
BinVal : 6 27 0 0 0
BinVal : 6 28 0 0 0
BinVal : 6 29 0 0 0
BinVal : 7 0 0 0 0
BinVal : 7 1 0 0 0
BinVal : 7 2 0 0 0
BinVal : 7 3 0 0 0
BinVal : 7 4 0 0 0
BinVal : 7 5 0 0 0
BinVal : 7 6 0 0 0
BinVal : 7 7 0.738095 0.0678427 0.0678427
BinVal : 7 8 0.93617 0.0356566 0.0356566
BinVal : 7 9 0.666667 0.06415 0.06415
BinVal : 7 10 0.818182 0.052007 0.052007
BinVal : 7 11 0.490566 0.0686681 0.0686681
BinVal : 7 12 0.732143 0.0591774 0.0591774
BinVal : 7 13 0.84127 0.0460391 0.0460391
BinVal : 7 14 0.759259 0.0581799 0.0581799
BinVal : 7 15 0.789474 0.0539989 0.0539989
BinVal : 7 16 0.785714 0.0633147 0.0633147
BinVal : 7 17 0.804348 0.0584905 0.0584905
BinVal : 7 18 0.266667 0.0807373 0.0807373
BinVal : 7 19 0.681818 0.0993026 0.0993026
BinVal : 7 20 0.759259 0.0581799 0.0581799
BinVal : 7 21 0.883721 0.0488848 0.0488848
BinVal : 7 22 0.764706 0.0593974 0.0593974
BinVal : 7 23 0 0 0
BinVal : 7 24 0 0 0
BinVal : 7 25 0 0 0
BinVal : 7 26 0 0 0
BinVal : 7 27 0 0 0
BinVal : 7 28 0 0 0
BinVal : 7 29 0 0 0
BinVal : 8 0 0 0 0
BinVal : 8 1 0 0 0
BinVal : 8 2 0 0 0
BinVal : 8 3 0 0 0
BinVal : 8 4 0 0 0
BinVal : 8 5 0 0 0
BinVal : 8 6 0 0 0
BinVal : 8 7 0.785714 0.0633147 0.0633147
BinVal : 8 8 0.983333 0.0165272 0.0165272
BinVal : 8 9 0.659091 0.0714604 0.0714604
BinVal : 8 10 0.85 0.0564579 0.0564579
BinVal : 8 11 0.706897 0.0597688 0.0597688
BinVal : 8 12 0.87037 0.0457096 0.0457096
BinVal : 8 13 0.945946 0.0262864 0.0262864
BinVal : 8 14 0.844156 0.0413344 0.0413344
BinVal : 8 15 0.890625 0.0390136 0.0390136
BinVal : 8 16 0.83871 0.0467105 0.0467105
BinVal : 8 17 0.865385 0.0473315 0.0473315
BinVal : 8 18 0.28 0.0897998 0.0897998
BinVal : 8 19 0.793103 0.0752216 0.0752216
BinVal : 8 20 0.8125 0.0563367 0.0563367
BinVal : 8 21 0.921569 0.0376464 0.0376464
BinVal : 8 22 0.719298 0.0595168 0.0595168
BinVal : 8 23 0 0 0
BinVal : 8 24 0 0 0
BinVal : 8 25 0 0 0
BinVal : 8 26 0 0 0
BinVal : 8 27 0 0 0
BinVal : 8 28 0 0 0
BinVal : 8 29 0 0 0
BinVal : 9 0 0 0 0
BinVal : 9 1 0 0 0
BinVal : 9 2 0 0 0
BinVal : 9 3 0 0 0
BinVal : 9 4 0 0 0
BinVal : 9 5 0 0 0
BinVal : 9 6 0 0 0
BinVal : 9 7 0.676471 0.0802309 0.0802309
BinVal : 9 8 0.952381 0.0328603 0.0328603
BinVal : 9 9 0.938462 0.0298075 0.0298075
BinVal : 9 10 0.878788 0.0568144 0.0568144
BinVal : 9 11 0.692308 0.0739053 0.0739053
BinVal : 9 12 0.746269 0.0531615 0.0531615
BinVal : 9 13 0.75 0.0559017 0.0559017
BinVal : 9 14 0.763636 0.0572865 0.0572865
BinVal : 9 15 0.855072 0.0423792 0.0423792
BinVal : 9 16 0.785714 0.0548321 0.0548321
BinVal : 9 17 0.745763 0.0566884 0.0566884
BinVal : 9 18 0.8 0.0676123 0.0676123
BinVal : 9 19 0.941176 0.0403526 0.0403526
BinVal : 9 20 0.897959 0.0432431 0.0432431
BinVal : 9 21 0.942857 0.0277431 0.0277431
BinVal : 9 22 0.774194 0.0750952 0.0750952
BinVal : 9 23 0 0 0
BinVal : 9 24 0 0 0
BinVal : 9 25 0 0 0
BinVal : 9 26 0 0 0
BinVal : 9 27 0 0 0
BinVal : 9 28 0 0 0
BinVal : 9 29 0 0 0
BinVal : 10 0 0 0 0
BinVal : 10 1 0 0 0
BinVal : 10 2 0 0 0
BinVal : 10 3 0 0 0
BinVal : 10 4 0 0 0
BinVal : 10 5 0 0 0
BinVal : 10 6 0 0 0
BinVal : 10 7 0.842105 0.0591528 0.0591528
BinVal : 10 8 0.942857 0.0392347 0.0392347
BinVal : 10 9 0.219512 0.0646428 0.0646428
BinVal : 10 10 0.351852 0.0649861 0.0649861
BinVal : 10 11 0.18 0.0543323 0.0543323
BinVal : 10 12 0.590164 0.062969 0.062969
BinVal : 10 13 0.857143 0.0440867 0.0440867
BinVal : 10 14 0.704225 0.0541635 0.0541635
BinVal : 10 15 0.761905 0.0536606 0.0536606
BinVal : 10 16 0.836364 0.0498834 0.0498834
BinVal : 10 17 0.538462 0.0618336 0.0618336
BinVal : 10 18 0.116667 0.0414438 0.0414438
BinVal : 10 19 0.377049 0.0620527 0.0620527
BinVal : 10 20 0.390244 0.0761823 0.0761823
BinVal : 10 21 0.872727 0.0449392 0.0449392
BinVal : 10 22 0.648649 0.0784828 0.0784828
BinVal : 10 23 0 0 0
BinVal : 10 24 0 0 0
BinVal : 10 25 0 0 0
BinVal : 10 26 0 0 0
BinVal : 10 27 0 0 0
BinVal : 10 28 0 0 0
BinVal : 10 29 0 0 0
BinVal : 11 0 0 0 0
BinVal : 11 1 0 0 0
BinVal : 11 2 0 0 0
BinVal : 11 3 0 0 0
BinVal : 11 4 0 0 0
BinVal : 11 5 0 0 0
BinVal : 11 6 0 0 0
BinVal : 11 7 0.8 0.053936 0.053936
BinVal : 11 8 0.893617 0.0449741 0.0449741
BinVal : 11 9 0 0 0
BinVal : 11 10 0.0357143 0.0350707 0.0350707
BinVal : 11 11 0 0 0
BinVal : 11 12 0 0 0
BinVal : 11 13 0 0 0
BinVal : 11 14 0 0 0
BinVal : 11 15 0 0 0
BinVal : 11 16 0 0 0
BinVal : 11 17 0 0 0
BinVal : 11 18 0 0 0
BinVal : 11 19 0 0 0
BinVal : 11 20 0 0 0
BinVal : 11 21 0.734694 0.0630709 0.0630709
BinVal : 11 22 0.705882 0.0638031 0.0638031
BinVal : 11 23 0 0 0
BinVal : 11 24 0 0 0
BinVal : 11 25 0 0 0
BinVal : 11 26 0 0 0
BinVal : 11 27 0 0 0
BinVal : 11 28 0 0 0
BinVal : 11 29 0 0 0
BinVal : 12 0 0 0 0
BinVal : 12 1 0 0 0
BinVal : 12 2 0 0 0
BinVal : 12 3 0 0 0
BinVal : 12 4 0 0 0
BinVal : 12 5 0 0 0
BinVal : 12 6 0 0 0
BinVal : 12 7 0.8 0.0632455 0.0632455
BinVal : 12 8 0.717949 0.0720574 0.0720574
BinVal : 12 9 0.0571429 0.0392347 0.0392347
BinVal : 12 10 0 0 0
BinVal : 12 11 0 0 0
BinVal : 12 12 0 0 0
BinVal : 12 13 0 0 0
BinVal : 12 14 0 0 0
BinVal : 12 15 0 0 0
BinVal : 12 16 0 0 0
BinVal : 12 17 0 0 0
BinVal : 12 18 0 0 0
BinVal : 12 19 0 0 0
BinVal : 12 20 0 0 0
BinVal : 12 21 0.8 0.0632455 0.0632455
BinVal : 12 22 0.688889 0.0690122 0.0690122
BinVal : 12 23 0 0 0
BinVal : 12 24 0 0 0
BinVal : 12 25 0 0 0
BinVal : 12 26 0 0 0
BinVal : 12 27 0 0 0
BinVal : 12 28 0 0 0
BinVal : 12 29 0 0 0
BinVal : 13 0 0 0 0
BinVal : 13 1 0 0 0
BinVal : 13 2 0 0 0
BinVal : 13 3 0 0 0
BinVal : 13 4 0 0 0
BinVal : 13 5 0 0 0
BinVal : 13 6 0 0 0
BinVal : 13 7 0.69697 0.0800006 0.0800006
BinVal : 13 8 0.958333 0.0288424 0.0288424
BinVal : 13 9 0.410714 0.0657414 0.0657414
BinVal : 13 10 0.384615 0.067466 0.067466
BinVal : 13 11 0.114754 0.0408085 0.0408085
BinVal : 13 12 0.619718 0.057613 0.057613
BinVal : 13 13 0.794118 0.049034 0.049034
BinVal : 13 14 0.857143 0.046761 0.046761
BinVal : 13 15 0.797619 0.0438372 0.0438372
BinVal : 13 16 0.820895 0.0468446 0.0468446
BinVal : 13 17 0.594937 0.055231 0.055231
BinVal : 13 18 0.047619 0.0268303 0.0268303
BinVal : 13 19 0.325 0.0740566 0.0740566
BinVal : 13 20 0.421053 0.0800933 0.0800933
BinVal : 13 21 0.934783 0.0364048 0.0364048
BinVal : 13 22 0.761905 0.0657205 0.0657205
BinVal : 13 23 0 0 0
BinVal : 13 24 0 0 0
BinVal : 13 25 0 0 0
BinVal : 13 26 0 0 0
BinVal : 13 27 0 0 0
BinVal : 13 28 0 0 0
BinVal : 13 29 0 0 0
BinVal : 14 0 0 0 0
BinVal : 14 1 0 0 0
BinVal : 14 2 0 0 0
BinVal : 14 3 0 0 0
BinVal : 14 4 0 0 0
BinVal : 14 5 0 0 0
BinVal : 14 6 0 0 0
BinVal : 14 7 0.787879 0.0711647 0.0711647
BinVal : 14 8 0.90625 0.051527 0.051527
BinVal : 14 9 0.95082 0.0276873 0.0276873
BinVal : 14 10 1 0.0141568 0.0141568
BinVal : 14 11 0.725806 0.0566556 0.0566556
BinVal : 14 12 0.734375 0.0552082 0.0552082
BinVal : 14 13 0.837209 0.0562986 0.0562986
BinVal : 14 14 0.847458 0.0468089 0.0468089
BinVal : 14 15 0.693878 0.0658402 0.0658402
BinVal : 14 16 0.7 0.0724569 0.0724569
BinVal : 14 17 0.608696 0.0719579 0.0719579
BinVal : 14 18 0.609756 0.0761823 0.0761823
BinVal : 14 19 0.730769 0.0869893 0.0869893
BinVal : 14 20 0.95 0.0344601 0.0344601
BinVal : 14 21 0.972222 0.0273893 0.0273893
BinVal : 14 22 0.702128 0.0667074 0.0667074
BinVal : 14 23 0 0 0
BinVal : 14 24 0 0 0
BinVal : 14 25 0 0 0
BinVal : 14 26 0 0 0
BinVal : 14 27 0 0 0
BinVal : 14 28 0 0 0
BinVal : 14 29 0 0 0
BinVal : 15 0 0 0 0
BinVal : 15 1 0 0 0
BinVal : 15 2 0 0 0
BinVal : 15 3 0 0 0
BinVal : 15 4 0 0 0
BinVal : 15 5 0 0 0
BinVal : 15 6 0 0 0
BinVal : 15 7 0.756757 0.0705339 0.0705339
BinVal : 15 8 0.975 0.0246855 0.0246855
BinVal : 15 9 0.653846 0.0659737 0.0659737
BinVal : 15 10 0.783784 0.0676771 0.0676771
BinVal : 15 11 0.641509 0.0658722 0.0658722
BinVal : 15 12 0.767442 0.064425 0.064425
BinVal : 15 13 0.864407 0.044571 0.044571
BinVal : 15 14 0.854839 0.0447375 0.0447375
BinVal : 15 15 0.890411 0.0365609 0.0365609
BinVal : 15 16 0.738462 0.0545099 0.0545099
BinVal : 15 17 0.8125 0.048789 0.048789
BinVal : 15 18 0.658537 0.0740577 0.0740577
BinVal : 15 19 0.657895 0.0769602 0.0769602
BinVal : 15 20 0.595238 0.0757392 0.0757392
BinVal : 15 21 0.953488 0.0321147 0.0321147
BinVal : 15 22 0.826087 0.0558856 0.0558856
BinVal : 15 23 0 0 0
BinVal : 15 24 0 0 0
BinVal : 15 25 0 0 0
BinVal : 15 26 0 0 0
BinVal : 15 27 0 0 0
BinVal : 15 28 0 0 0
BinVal : 15 29 0 0 0


Comments : includes prescale inefficiency, cosmic veto applied 
EffMethod : TagAndProbe 
EffName : eff 
EffType : Binned 
EffVarNames : phi deteta 
EffVersion : 3 
ObjQuality : MuFromMuJetsOR 
ObjRelativeTo : medium_trackloose_iso_NPLoose 
ObjType : Muon 
ObjVersion : 1 
RunRangeHigh : -1 
RunRangeLow : -1 
TriggerVersionHigh : 15.49 
TriggerVersionLow : 15.22 
BinEdgesX : 0 0.3927 0.7854 1.1781 1.5708 1.9635 2.3562 2.7489 3.1416 3.5343 3.927 4.3197 4.7124 5.1051 5.4978 5.8905 6.2832 
BinEdgesY : -3 -2.8 -2.6 -2.4 -2.2 -2 -1.8 -1.6 -1.4 -1.2 -1 -0.8 -0.6 -0.4 -0.2 0 0.2 0.4 0.6 0.8 1 1.2 1.4 1.6 1.8 2 2.2 2.4 2.6 2.8 3 
BinVal : 0 0 0 0 0
BinVal : 0 1 0 0 0
BinVal : 0 2 0 0 0
BinVal : 0 3 0 0 0
BinVal : 0 4 1 0.218486 0.218486
BinVal : 0 5 0.965517 0.033883 0.033883
BinVal : 0 6 0.966667 0.0327731 0.0327731
BinVal : 0 7 0.962963 0.0256996 0.0256996
BinVal : 0 8 0.8875 0.0353277 0.0353277
BinVal : 0 9 0.838235 0.044655 0.044655
BinVal : 0 10 0.864407 0.044571 0.044571
BinVal : 0 11 0.710145 0.0546185 0.0546185
BinVal : 0 12 0.933333 0.0322031 0.0322031
BinVal : 0 13 0.950617 0.024074 0.024074
BinVal : 0 14 0.96875 0.017758 0.017758
BinVal : 0 15 0.952381 0.0232357 0.0232357
BinVal : 0 16 0.875 0.0389756 0.0389756
BinVal : 0 17 0.9 0.0387298 0.0387298
BinVal : 0 18 0.717647 0.048825 0.048825
BinVal : 0 19 0.863636 0.0422418 0.0422418
BinVal : 0 20 0.838235 0.044655 0.044655
BinVal : 0 21 0.982759 0.0170921 0.0170921
BinVal : 0 22 0.943396 0.0317418 0.0317418
BinVal : 0 23 0.842105 0.0591528 0.0591528
BinVal : 0 24 0.857143 0.0591485 0.0591485
BinVal : 0 25 0 0 0
BinVal : 0 26 0 0 0
BinVal : 0 27 0 0 0
BinVal : 0 28 0 0 0
BinVal : 0 29 0 0 0
BinVal : 1 0 0 0 0
BinVal : 1 1 0 0 0
BinVal : 1 2 0 0 0
BinVal : 1 3 0 0 0
BinVal : 1 4 0 0 0
BinVal : 1 5 0.941176 0.0570672 0.0570672
BinVal : 1 6 0.969697 0.0298404 0.0298404
BinVal : 1 7 0.94 0.0335857 0.0335857
BinVal : 1 8 0.910714 0.0381055 0.0381055
BinVal : 1 9 0.962963 0.0256996 0.0256996
BinVal : 1 10 0.829268 0.0587642 0.0587642
BinVal : 1 11 0.883721 0.0345668 0.0345668
BinVal : 1 12 0.791209 0.042607 0.042607
BinVal : 1 13 0.948276 0.0290804 0.0290804
BinVal : 1 14 0.944444 0.0241452 0.0241452
BinVal : 1 15 0.967033 0.0187172 0.0187172
BinVal : 1 16 0.838235 0.044655 0.044655
BinVal : 1 17 0.761905 0.0464714 0.0464714
BinVal : 1 18 0.805195 0.0451342 0.0451342
BinVal : 1 19 0.833333 0.0575055 0.0575055
BinVal : 1 20 0.974359 0.017897 0.017897
BinVal : 1 21 0.928571 0.0344151 0.0344151
BinVal : 1 22 0.977778 0.0219739 0.0219739
BinVal : 1 23 0.939394 0.041536 0.041536
BinVal : 1 24 0.884615 0.0626563 0.0626563
BinVal : 1 25 0 0 0
BinVal : 1 26 0 0 0
BinVal : 1 27 0 0 0
BinVal : 1 28 0 0 0
BinVal : 1 29 0 0 0
BinVal : 2 0 0 0 0
BinVal : 2 1 0 0 0
BinVal : 2 2 0 0 0
BinVal : 2 3 0 0 0
BinVal : 2 4 0 0 0
BinVal : 2 5 1 0.0422902 0.0422902
BinVal : 2 6 1 0.0293374 0.0293374
BinVal : 2 7 0.918919 0.0448743 0.0448743
BinVal : 2 8 0.978261 0.0215015 0.0215015
BinVal : 2 9 0.964912 0.0243716 0.0243716
BinVal : 2 10 0.825 0.0600781 0.0600781
BinVal : 2 11 0.846154 0.0447519 0.0447519
BinVal : 2 12 0.888889 0.0395943 0.0395943
BinVal : 2 13 0.92 0.0383667 0.0383667
BinVal : 2 14 0.969697 0.0211003 0.0211003
BinVal : 2 15 0.896552 0.0399885 0.0399885
BinVal : 2 16 0.729167 0.0641422 0.0641422
BinVal : 2 17 0.793651 0.0509854 0.0509854
BinVal : 2 18 0.795918 0.0575756 0.0575756
BinVal : 2 19 0.76 0.0854166 0.0854166
BinVal : 2 20 0.976744 0.0229838 0.0229838
BinVal : 2 21 1 0.0126033 0.0126033
BinVal : 2 22 0.972973 0.0266593 0.0266593
BinVal : 2 23 0.964286 0.0350707 0.0350707
BinVal : 2 24 1 0.102643 0.102643
BinVal : 2 25 0 0 0
BinVal : 2 26 0 0 0
BinVal : 2 27 0 0 0
BinVal : 2 28 0 0 0
BinVal : 2 29 0 0 0
BinVal : 3 0 0 0 0
BinVal : 3 1 0 0 0
BinVal : 3 2 0 0 0
BinVal : 3 3 0 0 0
BinVal : 3 4 1 0.218486 0.218486
BinVal : 3 5 0.833333 0.152145 0.152145
BinVal : 3 6 0.9375 0.0605154 0.0605154
BinVal : 3 7 1 0.0224566 0.0224566
BinVal : 3 8 1 0.0309157 0.0309157
BinVal : 3 9 0.681818 0.0993026 0.0993026
BinVal : 3 10 0.8125 0.0975781 0.0975781
BinVal : 3 11 0.75 0.0968246 0.0968246
BinVal : 3 12 0.941176 0.0570672 0.0570672
BinVal : 3 13 0.866667 0.0620633 0.0620633
BinVal : 3 14 0.911765 0.0486433 0.0486433
BinVal : 3 15 0.96875 0.0307578 0.0307578
BinVal : 3 16 0.735294 0.0756611 0.0756611
BinVal : 3 17 0.909091 0.0500438 0.0500438
BinVal : 3 18 0.966667 0.0327731 0.0327731
BinVal : 3 19 0.846154 0.100068 0.100068
BinVal : 3 20 0.75 0.108253 0.108253
BinVal : 3 21 1 0.0279117 0.0279117
BinVal : 3 22 0.956522 0.0425226 0.0425226
BinVal : 3 23 1 0.0279117 0.0279117
BinVal : 3 24 0.846154 0.100068 0.100068
BinVal : 3 25 0 0 0
BinVal : 3 26 0 0 0
BinVal : 3 27 0 0 0
BinVal : 3 28 0 0 0
BinVal : 3 29 0 0 0
BinVal : 4 0 0 0 0
BinVal : 4 1 0 0 0
BinVal : 4 2 0 0 0
BinVal : 4 3 0 0 0
BinVal : 4 4 0 0 0
BinVal : 4 5 1 0.0542655 0.0542655
BinVal : 4 6 0.928571 0.0688303 0.0688303
BinVal : 4 7 0.925926 0.050401 0.050401
BinVal : 4 8 0.965517 0.033883 0.033883
BinVal : 4 9 0.92 0.0542586 0.0542586
BinVal : 4 10 0.56 0.0992774 0.0992774
BinVal : 4 11 0.769231 0.0826286 0.0826286
BinVal : 4 12 0.818182 0.0671408 0.0671408
BinVal : 4 13 0.931035 0.0470544 0.0470544
BinVal : 4 14 0.903226 0.0531003 0.0531003
BinVal : 4 15 0.866667 0.0620633 0.0620633
BinVal : 4 16 0.684211 0.106639 0.106639
BinVal : 4 17 0.9375 0.0427908 0.0427908
BinVal : 4 18 0.85 0.0798436 0.0798436
BinVal : 4 19 0.782609 0.0860061 0.0860061
BinVal : 4 20 0.851852 0.0683673 0.0683673
BinVal : 4 21 1 0.0293374 0.0293374
BinVal : 4 22 0.952381 0.0464714 0.0464714
BinVal : 4 23 0.928571 0.0688303 0.0688303
BinVal : 4 24 0.888889 0.104757 0.104757
BinVal : 4 25 0 0 0
BinVal : 4 26 0 0 0
BinVal : 4 27 0 0 0
BinVal : 4 28 0 0 0
BinVal : 4 29 0 0 0
BinVal : 5 0 0 0 0
BinVal : 5 1 0 0 0
BinVal : 5 2 0 0 0
BinVal : 5 3 0 0 0
BinVal : 5 4 0 0 0
BinVal : 5 5 1 0.0599198 0.0599198
BinVal : 5 6 0.862069 0.0640329 0.0640329
BinVal : 5 7 0.942857 0.0392347 0.0392347
BinVal : 5 8 1 0.0101533 0.0101533
BinVal : 5 9 0.907407 0.039445 0.039445
BinVal : 5 10 0.756098 0.0670664 0.0670664
BinVal : 5 11 0.705882 0.0638031 0.0638031
BinVal : 5 12 0.875 0.0413399 0.0413399
BinVal : 5 13 0.7 0.0648074 0.0648074
BinVal : 5 14 0.930556 0.0299587 0.0299587
BinVal : 5 15 0.861538 0.0428396 0.0428396
BinVal : 5 16 0.698113 0.063059 0.063059
BinVal : 5 17 0.745098 0.0610251 0.0610251
BinVal : 5 18 0.777778 0.0619748 0.0619748
BinVal : 5 19 0.848485 0.0624156 0.0624156
BinVal : 5 20 0.854167 0.0509424 0.0509424
BinVal : 5 21 0.97561 0.024091 0.024091
BinVal : 5 22 0.90625 0.051527 0.051527
BinVal : 5 23 0.894737 0.0704059 0.0704059
BinVal : 5 24 1 0.102643 0.102643
BinVal : 5 25 0 0 0
BinVal : 5 26 0 0 0
BinVal : 5 27 0 0 0
BinVal : 5 28 0 0 0
BinVal : 5 29 0 0 0
BinVal : 6 0 0 0 0
BinVal : 6 1 0 0 0
BinVal : 6 2 0 0 0
BinVal : 6 3 0 0 0
BinVal : 6 4 0 0 0
BinVal : 6 5 1 0.0668855 0.0668855
BinVal : 6 6 0.909091 0.0500438 0.0500438
BinVal : 6 7 0.96 0.0277128 0.0277128
BinVal : 6 8 0.985294 0.0145974 0.0145974
BinVal : 6 9 0.985714 0.0141833 0.0141833
BinVal : 6 10 0.627451 0.0677012 0.0677012
BinVal : 6 11 0.378788 0.0597099 0.0597099
BinVal : 6 12 0.492308 0.06201 0.06201
BinVal : 6 13 0.792683 0.0447672 0.0447672
BinVal : 6 14 0.902174 0.0309727 0.0309727
BinVal : 6 15 0.946809 0.0231467 0.0231467
BinVal : 6 16 0.863636 0.0422418 0.0422418
BinVal : 6 17 0.82716 0.0420121 0.0420121
BinVal : 6 18 0.8125 0.0436383 0.0436383
BinVal : 6 19 0.918367 0.0391149 0.0391149
BinVal : 6 20 0.972603 0.0191056 0.0191056
BinVal : 6 21 0.888889 0.0468486 0.0468486
BinVal : 6 22 0.94 0.0335857 0.0335857
BinVal : 6 23 0.96875 0.0307578 0.0307578
BinVal : 6 24 1 0.0668855 0.0668855
BinVal : 6 25 0 0 0
BinVal : 6 26 0 0 0
BinVal : 6 27 0 0 0
BinVal : 6 28 0 0 0
BinVal : 6 29 0 0 0
BinVal : 7 0 0 0 0
BinVal : 7 1 0 0 0
BinVal : 7 2 0 0 0
BinVal : 7 3 0 0 0
BinVal : 7 4 0 0 0
BinVal : 7 5 1 0.0216126 0.0216126
BinVal : 7 6 0.960784 0.0271805 0.0271805
BinVal : 7 7 0.945455 0.0306209 0.0306209
BinVal : 7 8 0.971429 0.0199123 0.0199123
BinVal : 7 9 0.644068 0.0623338 0.0623338
BinVal : 7 10 0.4 0.0730297 0.0730297
BinVal : 7 11 0.225806 0.0531003 0.0531003
BinVal : 7 12 0.561644 0.0580741 0.0580741
BinVal : 7 13 0.935185 0.0236905 0.0236905
BinVal : 7 14 0.920792 0.0268723 0.0268723
BinVal : 7 15 0.977528 0.0157105 0.0157105
BinVal : 7 16 0.914286 0.0273195 0.0273195
BinVal : 7 17 0.89011 0.0327854 0.0327854
BinVal : 7 18 0.697368 0.0526965 0.0526965
BinVal : 7 19 0.760563 0.0506447 0.0506447
BinVal : 7 20 0.777778 0.0489954 0.0489954
BinVal : 7 21 0.934426 0.0316937 0.0316937
BinVal : 7 22 0.979167 0.0206152 0.0206152
BinVal : 7 23 1 0.0141568 0.0141568
BinVal : 7 24 1 0.0254407 0.0254407
BinVal : 7 25 0 0 0
BinVal : 7 26 0 0 0
BinVal : 7 27 0 0 0
BinVal : 7 28 0 0 0
BinVal : 7 29 0 0 0
BinVal : 8 0 0 0 0
BinVal : 8 1 0 0 0
BinVal : 8 2 0 0 0
BinVal : 8 3 0 0 0
BinVal : 8 4 1 0.218486 0.218486
BinVal : 8 5 0.916667 0.0564169 0.0564169
BinVal : 8 6 0.965517 0.0239589 0.0239589
BinVal : 8 7 1 0.0103354 0.0103354
BinVal : 8 8 0.958333 0.0235498 0.0235498
BinVal : 8 9 0.65 0.0615765 0.0615765
BinVal : 8 10 0.327586 0.0616264 0.0616264
BinVal : 8 11 0.408451 0.0583359 0.0583359
BinVal : 8 12 0.4 0.0565685 0.0565685
BinVal : 8 13 0.893617 0.0318015 0.0318015
BinVal : 8 14 0.910714 0.0269447 0.0269447
BinVal : 8 15 0.962963 0.0181723 0.0181723
BinVal : 8 16 0.892473 0.0321229 0.0321229
BinVal : 8 17 0.9 0.0358569 0.0358569
BinVal : 8 18 0.681319 0.0488464 0.0488464
BinVal : 8 19 0.833333 0.0481125 0.0481125
BinVal : 8 20 0.753846 0.0534303 0.0534303
BinVal : 8 21 0.911765 0.034396 0.034396
BinVal : 8 22 1 0.0103354 0.0103354
BinVal : 8 23 0.971429 0.0281603 0.0281603
BinVal : 8 24 0.884615 0.0626563 0.0626563
BinVal : 8 25 0 0 0
BinVal : 8 26 0 0 0
BinVal : 8 27 0 0 0
BinVal : 8 28 0 0 0
BinVal : 8 29 0 0 0
BinVal : 9 0 0 0 0
BinVal : 9 1 0 0 0
BinVal : 9 2 0 0 0
BinVal : 9 3 0 0 0
BinVal : 9 4 0 0 0
BinVal : 9 5 1 0.0309157 0.0309157
BinVal : 9 6 0.971429 0.0281603 0.0281603
BinVal : 9 7 0.964912 0.0243716 0.0243716
BinVal : 9 8 0.944444 0.0269951 0.0269951
BinVal : 9 9 0.975 0.0174553 0.0174553
BinVal : 9 10 0.542857 0.0842044 0.0842044
BinVal : 9 11 0.380952 0.0611825 0.0611825
BinVal : 9 12 0.333333 0.0544331 0.0544331
BinVal : 9 13 0.692308 0.0522589 0.0522589
BinVal : 9 14 0.831169 0.0426899 0.0426899
BinVal : 9 15 0.952381 0.0207827 0.0207827
BinVal : 9 16 0.847059 0.03904 0.03904
BinVal : 9 17 0.715909 0.0480747 0.0480747
BinVal : 9 18 0.74359 0.049441 0.049441
BinVal : 9 19 0.854839 0.0447375 0.0447375
BinVal : 9 20 1 0.00791502 0.00791502
BinVal : 9 21 0.981132 0.0186891 0.0186891
BinVal : 9 22 0.952381 0.0328603 0.0328603
BinVal : 9 23 0.891892 0.0510487 0.0510487
BinVal : 9 24 0.928571 0.0688303 0.0688303
BinVal : 9 25 0 0 0
BinVal : 9 26 0 0 0
BinVal : 9 27 0 0 0
BinVal : 9 28 0 0 0
BinVal : 9 29 0 0 0
BinVal : 10 0 0 0 0
BinVal : 10 1 0 0 0
BinVal : 10 2 0 0 0
BinVal : 10 3 0 0 0
BinVal : 10 4 1 0.218486 0.218486
BinVal : 10 5 1 0.0422902 0.0422902
BinVal : 10 6 1 0.0224566 0.0224566
BinVal : 10 7 0.960784 0.0271805 0.0271805
BinVal : 10 8 0.971014 0.0201966 0.0201966
BinVal : 10 9 0.384615 0.067466 0.067466
BinVal : 10 10 0.342466 0.0555401 0.0555401
BinVal : 10 11 0.102941 0.0368511 0.0368511
BinVal : 10 12 0.610526 0.0500299 0.0500299
BinVal : 10 13 0.84 0.042332 0.042332
BinVal : 10 14 0.835052 0.037683 0.037683
BinVal : 10 15 0.886957 0.0295274 0.0295274
BinVal : 10 16 0.822222 0.0403007 0.0403007
BinVal : 10 17 0.632353 0.058471 0.058471
BinVal : 10 18 0.144444 0.0370556 0.0370556
BinVal : 10 19 0.391304 0.0587534 0.0587534
BinVal : 10 20 0.173913 0.0558856 0.0558856
BinVal : 10 21 0.964912 0.0243716 0.0243716
BinVal : 10 22 0.941176 0.0329478 0.0329478
BinVal : 10 23 0.85 0.0564579 0.0564579
BinVal : 10 24 0.823529 0.0924594 0.0924594
BinVal : 10 25 1 0.159077 0.159077
BinVal : 10 26 0 0 0
BinVal : 10 27 0 0 0
BinVal : 10 28 0 0 0
BinVal : 10 29 0 0 0
BinVal : 11 0 0 0 0
BinVal : 11 1 0 0 0
BinVal : 11 2 0 0 0
BinVal : 11 3 0 0 0
BinVal : 11 4 0.714286 0.170747 0.170747
BinVal : 11 5 0.857143 0.06613 0.06613
BinVal : 11 6 0.941176 0.0403526 0.0403526
BinVal : 11 7 0.953488 0.0321147 0.0321147
BinVal : 11 8 0.813953 0.0593439 0.0593439
BinVal : 11 9 0.04 0.0277128 0.0277128
BinVal : 11 10 0 0 0
BinVal : 11 11 0 0 0
BinVal : 11 12 0 0 0
BinVal : 11 13 0 0 0
BinVal : 11 14 0 0 0
BinVal : 11 15 0.0126582 0.0125779 0.0125779
BinVal : 11 16 0 0 0
BinVal : 11 17 0 0 0
BinVal : 11 18 0 0 0
BinVal : 11 19 0 0 0
BinVal : 11 20 0.0517241 0.0290804 0.0290804
BinVal : 11 21 0.689655 0.0607469 0.0607469
BinVal : 11 22 0.924242 0.0325712 0.0325712
BinVal : 11 23 0.947368 0.0362235 0.0362235
BinVal : 11 24 1 0.0171075 0.0171075
BinVal : 11 25 0.5 0.353553 0.353553
BinVal : 11 26 0 0 0
BinVal : 11 27 0 0 0
BinVal : 11 28 0 0 0
BinVal : 11 29 0 0 0
BinVal : 12 0 0 0 0
BinVal : 12 1 0 0 0
BinVal : 12 2 0 0 0
BinVal : 12 3 0 0 0
BinVal : 12 4 1 0.218486 0.218486
BinVal : 12 5 1 0.0194201 0.0194201
BinVal : 12 6 0.869565 0.0496557 0.0496557
BinVal : 12 7 0.909091 0.0387638 0.0387638
BinVal : 12 8 0.721311 0.0574058 0.0574058
BinVal : 12 9 0 0 0
BinVal : 12 10 0 0 0
BinVal : 12 11 0 0 0
BinVal : 12 12 0 0 0
BinVal : 12 13 0 0 0
BinVal : 12 14 0 0 0
BinVal : 12 15 0 0 0
BinVal : 12 16 0 0 0
BinVal : 12 17 0.0192308 0.019045 0.019045
BinVal : 12 18 0 0 0
BinVal : 12 19 0 0 0
BinVal : 12 20 0 0 0
BinVal : 12 21 0.8125 0.0563367 0.0563367
BinVal : 12 22 0.984848 0.0150363 0.0150363
BinVal : 12 23 0.941176 0.0403526 0.0403526
BinVal : 12 24 0.92 0.0542586 0.0542586
BinVal : 12 25 1 0.159077 0.159077
BinVal : 12 26 0 0 0
BinVal : 12 27 0 0 0
BinVal : 12 28 0 0 0
BinVal : 12 29 0 0 0
BinVal : 13 0 0 0 0
BinVal : 13 1 0 0 0
BinVal : 13 2 0 0 0
BinVal : 13 3 0 0 0
BinVal : 13 4 0 0 0
BinVal : 13 5 0.9 0.067082 0.067082
BinVal : 13 6 0.93617 0.0356566 0.0356566
BinVal : 13 7 0.885246 0.0408085 0.0408085
BinVal : 13 8 0.945946 0.0262864 0.0262864
BinVal : 13 9 0.4375 0.0620098 0.0620098
BinVal : 13 10 0.444444 0.0585607 0.0585607
BinVal : 13 11 0.0707071 0.0257626 0.0257626
BinVal : 13 12 0.690476 0.0504408 0.0504408
BinVal : 13 13 0.803571 0.053091 0.053091
BinVal : 13 14 0.737705 0.0563211 0.0563211
BinVal : 13 15 0.821429 0.0511796 0.0511796
BinVal : 13 16 0.781818 0.0556905 0.0556905
BinVal : 13 17 0.625 0.0541266 0.0541266
BinVal : 13 18 0.111111 0.0427667 0.0427667
BinVal : 13 19 0.353846 0.0593087 0.0593087
BinVal : 13 20 0.439024 0.077504 0.077504
BinVal : 13 21 0.966102 0.02356 0.02356
BinVal : 13 22 0.977778 0.0219739 0.0219739
BinVal : 13 23 0.944444 0.0381769 0.0381769
BinVal : 13 24 0.909091 0.0866784 0.0866784
BinVal : 13 25 0 0 0
BinVal : 13 26 0 0 0
BinVal : 13 27 0 0 0
BinVal : 13 28 0 0 0
BinVal : 13 29 0 0 0
BinVal : 14 0 0 0 0
BinVal : 14 1 0 0 0
BinVal : 14 2 0 0 0
BinVal : 14 3 0 0 0
BinVal : 14 4 0 0 0
BinVal : 14 5 0.833333 0.152145 0.152145
BinVal : 14 6 0.888889 0.0604812 0.0604812
BinVal : 14 7 0.902439 0.0463399 0.0463399
BinVal : 14 8 0.960784 0.0271805 0.0271805
BinVal : 14 9 0.943662 0.027364 0.027364
BinVal : 14 10 0.734694 0.0630709 0.0630709
BinVal : 14 11 0.772727 0.051584 0.051584
BinVal : 14 12 0.848485 0.0441345 0.0441345
BinVal : 14 13 0.876923 0.0407486 0.0407486
BinVal : 14 14 0.886076 0.0357462 0.0357462
BinVal : 14 15 0.776316 0.0478002 0.0478002
BinVal : 14 16 0.857143 0.046761 0.046761
BinVal : 14 17 0.707317 0.0502457 0.0502457
BinVal : 14 18 0.685185 0.0632026 0.0632026
BinVal : 14 19 0.736842 0.0714338 0.0714338
BinVal : 14 20 0.974684 0.0176734 0.0176734
BinVal : 14 21 0.952381 0.0328603 0.0328603
BinVal : 14 22 0.934783 0.0364048 0.0364048
BinVal : 14 23 0.942857 0.0392347 0.0392347
BinVal : 14 24 1 0.0309157 0.0309157
BinVal : 14 25 0 0 0
BinVal : 14 26 0 0 0
BinVal : 14 27 0 0 0
BinVal : 14 28 0 0 0
BinVal : 14 29 0 0 0
BinVal : 15 0 0 0 0
BinVal : 15 1 0 0 0
BinVal : 15 2 0 0 0
BinVal : 15 3 0 0 0
BinVal : 15 4 0 0 0
BinVal : 15 5 1 0.0326734 0.0326734
BinVal : 15 6 0.892857 0.0584512 0.0584512
BinVal : 15 7 1 0.0109258 0.0109258
BinVal : 15 8 1 0.00932837 0.00932837
BinVal : 15 9 0.673469 0.066992 0.066992
BinVal : 15 10 0.886076 0.0357462 0.0357462
BinVal : 15 11 0.831169 0.0426899 0.0426899
BinVal : 15 12 0.974026 0.0181263 0.0181263
BinVal : 15 13 0.985915 0.013985 0.013985
BinVal : 15 14 0.9375 0.0247053 0.0247053
BinVal : 15 15 0.965909 0.019344 0.019344
BinVal : 15 16 0.852941 0.0429488 0.0429488
BinVal : 15 17 0.935484 0.0312001 0.0312001
BinVal : 15 18 0.643836 0.0560469 0.0560469
BinVal : 15 19 0.745098 0.0610251 0.0610251
BinVal : 15 20 0.657143 0.0567332 0.0567332
BinVal : 15 21 0.951613 0.027252 0.027252
BinVal : 15 22 1 0.00802565 0.00802565
BinVal : 15 23 1 0.0131822 0.0131822
BinVal : 15 24 0.884615 0.0626563 0.0626563
BinVal : 15 25 1 0.124824 0.124824
BinVal : 15 26 0 0 0
BinVal : 15 27 0 0 0
BinVal : 15 28 0 0 0
BinVal : 15 29 0 0 0


Comments : includes prescale inefficiency, cosmic veto applied 
EffMethod : TagAndProbe 
EffName : eff 
EffType : Binned 
EffVarNames : phi deteta 
EffVersion : 3 
ObjQuality : MuFromMuJetsOR 
ObjRelativeTo : medium_trackloose_iso_NPLoose 
ObjType : Muon 
ObjVersion : 1 
RunRangeHigh : -1 
RunRangeLow : -1 
TriggerVersionHigh : 15.89 
TriggerVersionLow : 15.5 
BinEdgesX : 0 0.3927 0.7854 1.1781 1.5708 1.9635 2.3562 2.7489 3.1416 3.5343 3.927 4.3197 4.7124 5.1051 5.4978 5.8905 6.2832 
BinEdgesY : -3 -2.8 -2.6 -2.4 -2.2 -2 -1.8 -1.6 -1.4 -1.2 -1 -0.8 -0.6 -0.4 -0.2 0 0.2 0.4 0.6 0.8 1 1.2 1.4 1.6 1.8 2 2.2 2.4 2.6 2.8 3 
BinVal : 0 0 0 0 0
BinVal : 0 1 0 0 0
BinVal : 0 2 0 0 0
BinVal : 0 3 0 0 0
BinVal : 0 4 1 0.159077 0.159077
BinVal : 0 5 0.953125 0.0264214 0.0264214
BinVal : 0 6 0.972222 0.0158132 0.0158132
BinVal : 0 7 0.891667 0.0283721 0.0283721
BinVal : 0 8 0.921986 0.022586 0.022586
BinVal : 0 9 0.829268 0.0293821 0.0293821
BinVal : 0 10 0.867299 0.0233551 0.0233551
BinVal : 0 11 0.790576 0.0294421 0.0294421
BinVal : 0 12 0.930233 0.0194249 0.0194249
BinVal : 0 13 0.927039 0.017038 0.017038
BinVal : 0 14 0.971698 0.0113895 0.0113895
BinVal : 0 15 0.97807 0.00969918 0.00969918
BinVal : 0 16 0.858586 0.0247631 0.0247631
BinVal : 0 17 0.926966 0.0195022 0.0195022
BinVal : 0 18 0.767045 0.0318632 0.0318632
BinVal : 0 19 0.755396 0.0364596 0.0364596
BinVal : 0 20 0.758824 0.0328105 0.0328105
BinVal : 0 21 0.969325 0.0135062 0.0135062
BinVal : 0 22 0.932773 0.0229555 0.0229555
BinVal : 0 23 0.956044 0.0214896 0.0214896
BinVal : 0 24 0.973684 0.0183616 0.0183616
BinVal : 0 25 1 0.102643 0.102643
BinVal : 0 26 0 0 0
BinVal : 0 27 0 0 0
BinVal : 0 28 0 0 0
BinVal : 0 29 0 0 0
BinVal : 1 0 0 0 0
BinVal : 1 1 0 0 0
BinVal : 1 2 0 0 0
BinVal : 1 3 0 0 0
BinVal : 1 4 1 0.218486 0.218486
BinVal : 1 5 0.818182 0.0581456 0.0581456
BinVal : 1 6 0.825 0.0424816 0.0424816
BinVal : 1 7 0.903509 0.027654 0.027654
BinVal : 1 8 0.854305 0.0287105 0.0287105
BinVal : 1 9 0.961783 0.0153008 0.0153008
BinVal : 1 10 0.834711 0.0337674 0.0337674
BinVal : 1 11 0.871921 0.0234547 0.0234547
BinVal : 1 12 0.778378 0.0305362 0.0305362
BinVal : 1 13 0.896373 0.0219383 0.0219383
BinVal : 1 14 0.951111 0.0143757 0.0143757
BinVal : 1 15 0.924528 0.018142 0.018142
BinVal : 1 16 0.861446 0.0268145 0.0268145
BinVal : 1 17 0.810945 0.027618 0.027618
BinVal : 1 18 0.856383 0.0255775 0.0255775
BinVal : 1 19 0.733871 0.0396867 0.0396867
BinVal : 1 20 0.9 0.0244949 0.0244949
BinVal : 1 21 0.964286 0.0156841 0.0156841
BinVal : 1 22 0.946565 0.0196496 0.0196496
BinVal : 1 23 0.932039 0.0247987 0.0247987
BinVal : 1 24 0.921053 0.0437441 0.0437441
BinVal : 1 25 1 0.218486 0.218486
BinVal : 1 26 0 0 0
BinVal : 1 27 0 0 0
BinVal : 1 28 0 0 0
BinVal : 1 29 0 0 0
BinVal : 2 0 0 0 0
BinVal : 2 1 0 0 0
BinVal : 2 2 0 0 0
BinVal : 2 3 0 0 0
BinVal : 2 4 0 0 0
BinVal : 2 5 0.894737 0.0704059 0.0704059
BinVal : 2 6 0.913793 0.0368537 0.0368537
BinVal : 2 7 0.946809 0.0231467 0.0231467
BinVal : 2 8 0.934066 0.026015 0.026015
BinVal : 2 9 0.930693 0.0252715 0.0252715
BinVal : 2 10 0.774648 0.0495854 0.0495854
BinVal : 2 11 0.884298 0.0290789 0.0290789
BinVal : 2 12 0.857143 0.031174 0.031174
BinVal : 2 13 0.764706 0.0388847 0.0388847
BinVal : 2 14 0.958621 0.0165398 0.0165398
BinVal : 2 15 0.923611 0.0221349 0.0221349
BinVal : 2 16 0.891892 0.029473 0.029473
BinVal : 2 17 0.75 0.0402042 0.0402042
BinVal : 2 18 0.807339 0.0377756 0.0377756
BinVal : 2 19 0.62963 0.053656 0.053656
BinVal : 2 20 0.973214 0.0152562 0.0152562
BinVal : 2 21 0.957447 0.020819 0.020819
BinVal : 2 22 0.928571 0.0307818 0.0307818
BinVal : 2 23 0.884615 0.0443047 0.0443047
BinVal : 2 24 1 0.0293374 0.0293374
BinVal : 2 25 0 0 0
BinVal : 2 26 0 0 0
BinVal : 2 27 0 0 0
BinVal : 2 28 0 0 0
BinVal : 2 29 0 0 0
BinVal : 3 0 0 0 0
BinVal : 3 1 0 0 0
BinVal : 3 2 0 0 0
BinVal : 3 3 0 0 0
BinVal : 3 4 0 0 0
BinVal : 3 5 0.954545 0.0444095 0.0444095
BinVal : 3 6 0.921053 0.0437441 0.0437441
BinVal : 3 7 1 0.0152869 0.0152869
BinVal : 3 8 1 0.012074 0.012074
BinVal : 3 9 0.695652 0.0678426 0.0678426
BinVal : 3 10 0.829787 0.0548189 0.0548189
BinVal : 3 11 0.725806 0.0566556 0.0566556
BinVal : 3 12 0.977778 0.0219739 0.0219739
BinVal : 3 13 0.776119 0.0509255 0.0509255
BinVal : 3 14 0.955224 0.0252661 0.0252661
BinVal : 3 15 1 0.0083766 0.0083766
BinVal : 3 16 0.878378 0.0379953 0.0379953
BinVal : 3 17 0.934783 0.0364048 0.0364048
BinVal : 3 18 0.789474 0.0539989 0.0539989
BinVal : 3 19 0.779661 0.0539601 0.0539601
BinVal : 3 20 0.74359 0.0699201 0.0699201
BinVal : 3 21 0.962264 0.026175 0.026175
BinVal : 3 22 1 0.012074 0.012074
BinVal : 3 23 0.942857 0.0392347 0.0392347
BinVal : 3 24 0.892857 0.0584512 0.0584512
BinVal : 3 25 0 0 0
BinVal : 3 26 0 0 0
BinVal : 3 27 0 0 0
BinVal : 3 28 0 0 0
BinVal : 3 29 0 0 0
BinVal : 4 0 0 0 0
BinVal : 4 1 0 0 0
BinVal : 4 2 0 0 0
BinVal : 4 3 0 0 0
BinVal : 4 4 0.75 0.216506 0.216506
BinVal : 4 5 0.923077 0.0522589 0.0522589
BinVal : 4 6 0.971429 0.0281603 0.0281603
BinVal : 4 7 0.948718 0.0353199 0.0353199
BinVal : 4 8 0.948276 0.0290804 0.0290804
BinVal : 4 9 0.677419 0.083959 0.083959
BinVal : 4 10 0.755556 0.0640644 0.0640644
BinVal : 4 11 0.72973 0.0516255 0.0516255
BinVal : 4 12 0.811321 0.0537428 0.0537428
BinVal : 4 13 0.953846 0.0260247 0.0260247
BinVal : 4 14 0.897059 0.0368511 0.0368511
BinVal : 4 15 0.923077 0.0301717 0.0301717
BinVal : 4 16 0.809524 0.0605913 0.0605913
BinVal : 4 17 0.931035 0.0332725 0.0332725
BinVal : 4 18 0.721311 0.0574058 0.0574058
BinVal : 4 19 0.809524 0.0605913 0.0605913
BinVal : 4 20 0.755556 0.0640644 0.0640644
BinVal : 4 21 0.981132 0.0186891 0.0186891
BinVal : 4 22 0.980769 0.019045 0.019045
BinVal : 4 23 1 0.018786 0.018786
BinVal : 4 24 0.947368 0.0512278 0.0512278
BinVal : 4 25 0 0 0
BinVal : 4 26 0 0 0
BinVal : 4 27 0 0 0
BinVal : 4 28 0 0 0
BinVal : 4 29 0 0 0
BinVal : 5 0 0 0 0
BinVal : 5 1 0 0 0
BinVal : 5 2 0 0 0
BinVal : 5 3 0 0 0
BinVal : 5 4 0 0 0
BinVal : 5 5 0.933333 0.0644061 0.0644061
BinVal : 5 6 0.87931 0.0427752 0.0427752
BinVal : 5 7 0.938462 0.0298075 0.0298075
BinVal : 5 8 0.97 0.0170587 0.0170587
BinVal : 5 9 0.902655 0.0278855 0.0278855
BinVal : 5 10 0.863636 0.0365825 0.0365825
BinVal : 5 11 0.794326 0.0340392 0.0340392
BinVal : 5 12 0.848 0.0321118 0.0321118
BinVal : 5 13 0.914062 0.0247728 0.0247728
BinVal : 5 14 0.909677 0.0230237 0.0230237
BinVal : 5 15 0.916084 0.0231858 0.0231858
BinVal : 5 16 0.881818 0.03078 0.03078
BinVal : 5 17 0.772358 0.037808 0.037808
BinVal : 5 18 0.814371 0.0300868 0.0300868
BinVal : 5 19 0.84375 0.0370579 0.0370579
BinVal : 5 20 0.789474 0.0353506 0.0353506
BinVal : 5 21 0.890244 0.0345193 0.0345193
BinVal : 5 22 0.77381 0.0456472 0.0456472
BinVal : 5 23 0.9 0.0424264 0.0424264
BinVal : 5 24 0.714286 0.170747 0.170747
BinVal : 5 25 1 0.218486 0.218486
BinVal : 5 26 0 0 0
BinVal : 5 27 0 0 0
BinVal : 5 28 0 0 0
BinVal : 5 29 0 0 0
BinVal : 6 0 0 0 0
BinVal : 6 1 0 0 0
BinVal : 6 2 0 0 0
BinVal : 6 3 0 0 0
BinVal : 6 4 0 0 0
BinVal : 6 5 1 0.0157046 0.0157046
BinVal : 6 6 0.885246 0.0408085 0.0408085
BinVal : 6 7 0.948276 0.0205629 0.0205629
BinVal : 6 8 0.955224 0.0178658 0.0178658
BinVal : 6 9 0.929134 0.0227697 0.0227697
BinVal : 6 10 0.863309 0.029137 0.029137
BinVal : 6 11 0.778481 0.033037 0.033037
BinVal : 6 12 0.787565 0.0294427 0.0294427
BinVal : 6 13 0.901841 0.0233044 0.0233044
BinVal : 6 14 0.859223 0.0242318 0.0242318
BinVal : 6 15 0.909091 0.0204303 0.0204303
BinVal : 6 16 0.881657 0.0248472 0.0248472
BinVal : 6 17 0.782051 0.0330546 0.0330546
BinVal : 6 18 0.817143 0.0292204 0.0292204
BinVal : 6 19 0.813008 0.0351566 0.0351566
BinVal : 6 20 0.930233 0.0224299 0.0224299
BinVal : 6 21 0.950413 0.0197354 0.0197354
BinVal : 6 22 0.932692 0.0245689 0.0245689
BinVal : 6 23 0.901639 0.0381296 0.0381296
BinVal : 6 24 0.909091 0.0866784 0.0866784
BinVal : 6 25 0 0 0
BinVal : 6 26 0 0 0
BinVal : 6 27 0 0 0
BinVal : 6 28 0 0 0
BinVal : 6 29 0 0 0
BinVal : 7 0 0 0 0
BinVal : 7 1 0 0 0
BinVal : 7 2 0 0 0
BinVal : 7 3 0 0 0
BinVal : 7 4 1 0.159077 0.159077
BinVal : 7 5 0.981481 0.0183463 0.0183463
BinVal : 7 6 0.951219 0.0237879 0.0237879
BinVal : 7 7 0.959016 0.0179489 0.0179489
BinVal : 7 8 0.973684 0.0129836 0.0129836
BinVal : 7 9 0.776978 0.0353078 0.0353078
BinVal : 7 10 0.85906 0.0285059 0.0285059
BinVal : 7 11 0.586957 0.0419142 0.0419142
BinVal : 7 12 0.898876 0.0225978 0.0225978
BinVal : 7 13 0.90625 0.0210358 0.0210358
BinVal : 7 14 0.868421 0.0245235 0.0245235
BinVal : 7 15 0.950249 0.0153364 0.0153364
BinVal : 7 16 0.891626 0.0218176 0.0218176
BinVal : 7 17 0.909091 0.0223803 0.0223803
BinVal : 7 18 0.679775 0.0349704 0.0349704
BinVal : 7 19 0.804054 0.0326272 0.0326272
BinVal : 7 20 0.761194 0.0368314 0.0368314
BinVal : 7 21 0.955882 0.0176092 0.0176092
BinVal : 7 22 0.984733 0.0107128 0.0107128
BinVal : 7 23 0.941176 0.0255212 0.0255212
BinVal : 7 24 0.957447 0.0294425 0.0294425
BinVal : 7 25 0 0 0
BinVal : 7 26 0 0 0
BinVal : 7 27 0 0 0
BinVal : 7 28 0 0 0
BinVal : 7 29 0 0 0
BinVal : 8 0 0 0 0
BinVal : 8 1 0 0 0
BinVal : 8 2 0 0 0
BinVal : 8 3 0 0 0
BinVal : 8 4 1 0.159077 0.159077
BinVal : 8 5 0.945946 0.0371746 0.0371746
BinVal : 8 6 0.933333 0.0288033 0.0288033
BinVal : 8 7 0.99 0.00994987 0.00994987
BinVal : 8 8 0.985714 0.0100291 0.0100291
BinVal : 8 9 0.722222 0.0373253 0.0373253
BinVal : 8 10 0.771605 0.0329825 0.0329825
BinVal : 8 11 0.695402 0.0348905 0.0348905
BinVal : 8 12 0.89418 0.0223751 0.0223751
BinVal : 8 13 0.902954 0.0192286 0.0192286
BinVal : 8 14 0.902439 0.0207238 0.0207238
BinVal : 8 15 0.938272 0.0154384 0.0154384
BinVal : 8 16 0.925926 0.0178195 0.0178195
BinVal : 8 17 0.901163 0.0227561 0.0227561
BinVal : 8 18 0.556962 0.0395189 0.0395189
BinVal : 8 19 0.754717 0.0341214 0.0341214
BinVal : 8 20 0.754967 0.0350016 0.0350016
BinVal : 8 21 0.895833 0.0254564 0.0254564
BinVal : 8 22 0.96748 0.0159936 0.0159936
BinVal : 8 23 0.914286 0.0334594 0.0334594
BinVal : 8 24 0.957447 0.0294425 0.0294425
BinVal : 8 25 0 0 0
BinVal : 8 26 0 0 0
BinVal : 8 27 0 0 0
BinVal : 8 28 0 0 0
BinVal : 8 29 0 0 0
BinVal : 9 0 0 0 0
BinVal : 9 1 0 0 0
BinVal : 9 2 0 0 0
BinVal : 9 3 0 0 0
BinVal : 9 4 0 0 0
BinVal : 9 5 1 0.0157046 0.0157046
BinVal : 9 6 0.96 0.0226274 0.0226274
BinVal : 9 7 0.950355 0.0182925 0.0182925
BinVal : 9 8 0.944056 0.019218 0.019218
BinVal : 9 9 0.881481 0.0278184 0.0278184
BinVal : 9 10 0.777778 0.0357812 0.0357812
BinVal : 9 11 0.77027 0.034578 0.034578
BinVal : 9 12 0.84127 0.0265807 0.0265807
BinVal : 9 13 0.71519 0.0359054 0.0359054
BinVal : 9 14 0.866667 0.0226623 0.0226623
BinVal : 9 15 0.92093 0.0184035 0.0184035
BinVal : 9 16 0.896175 0.0225487 0.0225487
BinVal : 9 17 0.698565 0.0317415 0.0317415
BinVal : 9 18 0.692308 0.0385958 0.0385958
BinVal : 9 19 0.852174 0.0330972 0.0330972
BinVal : 9 20 0.903409 0.0222666 0.0222666
BinVal : 9 21 0.946154 0.0197964 0.0197964
BinVal : 9 22 0.930233 0.0224299 0.0224299
BinVal : 9 23 0.940298 0.028946 0.028946
BinVal : 9 24 0.875 0.0584634 0.0584634
BinVal : 9 25 0 0 0
BinVal : 9 26 0 0 0
BinVal : 9 27 0 0 0
BinVal : 9 28 0 0 0
BinVal : 9 29 0 0 0
BinVal : 10 0 0 0 0
BinVal : 10 1 0 0 0
BinVal : 10 2 0 0 0
BinVal : 10 3 0 0 0
BinVal : 10 4 0 0 0
BinVal : 10 5 0.875 0.0675077 0.0675077
BinVal : 10 6 0.936508 0.0307217 0.0307217
BinVal : 10 7 0.869159 0.0326009 0.0326009
BinVal : 10 8 0.955357 0.0195142 0.0195142
BinVal : 10 9 0.357798 0.0459136 0.0459136
BinVal : 10 10 0.313333 0.0378731 0.0378731
BinVal : 10 11 0.186667 0.0318143 0.0318143
BinVal : 10 12 0.668639 0.0362079 0.0362079
BinVal : 10 13 0.819767 0.0293088 0.0293088
BinVal : 10 14 0.830846 0.0264426 0.0264426
BinVal : 10 15 0.840796 0.0258062 0.0258062
BinVal : 10 16 0.769634 0.0304674 0.0304674
BinVal : 10 17 0.586826 0.0381033 0.0381033
BinVal : 10 18 0.166667 0.030429 0.030429
BinVal : 10 19 0.368421 0.0418273 0.0418273
BinVal : 10 20 0.371901 0.0439375 0.0439375
BinVal : 10 21 0.895833 0.0254564 0.0254564
BinVal : 10 22 0.900901 0.0283604 0.0283604
BinVal : 10 23 0.901639 0.0381296 0.0381296
BinVal : 10 24 0.939394 0.041536 0.041536
BinVal : 10 25 0 0 0
BinVal : 10 26 0 0 0
BinVal : 10 27 0 0 0
BinVal : 10 28 0 0 0
BinVal : 10 29 0 0 0
BinVal : 11 0 0 0 0
BinVal : 11 1 0 0 0
BinVal : 11 2 0 0 0
BinVal : 11 3 0 0 0
BinVal : 11 4 0.75 0.216506 0.216506
BinVal : 11 5 0.941176 0.0329478 0.0329478
BinVal : 11 6 0.974359 0.017897 0.017897
BinVal : 11 7 0.981481 0.0129728 0.0129728
BinVal : 11 8 0.84375 0.0320931 0.0320931
BinVal : 11 9 0.008 0.00796794 0.00796794
BinVal : 11 10 0 0 0
BinVal : 11 11 0 0 0
BinVal : 11 12 0.00892857 0.00888862 0.00888862
BinVal : 11 13 0 0 0
BinVal : 11 14 0.00534759 0.00533328 0.00533328
BinVal : 11 15 0 0 0
BinVal : 11 16 0 0 0
BinVal : 11 17 0 0 0
BinVal : 11 18 0 0 0
BinVal : 11 19 0.0144928 0.0143874 0.0143874
BinVal : 11 20 0 0 0
BinVal : 11 21 0.81295 0.0330753 0.0330753
BinVal : 11 22 0.90566 0.0283907 0.0283907
BinVal : 11 23 0.956522 0.030068 0.030068
BinVal : 11 24 0.891304 0.0458923 0.0458923
BinVal : 11 25 1 0.0871301 0.0871301
BinVal : 11 26 0 0 0
BinVal : 11 27 0 0 0
BinVal : 11 28 0 0 0
BinVal : 11 29 0 0 0
BinVal : 12 0 0 0 0
BinVal : 12 1 0 0 0
BinVal : 12 2 0 0 0
BinVal : 12 3 0 0 0
BinVal : 12 4 1 0.0756803 0.0756803
BinVal : 12 5 0.949153 0.0286007 0.0286007
BinVal : 12 6 0.844444 0.0382038 0.0382038
BinVal : 12 7 0.883495 0.0316123 0.0316123
BinVal : 12 8 0.747573 0.0428032 0.0428032
BinVal : 12 9 0 0 0
BinVal : 12 10 0 0 0
BinVal : 12 11 0 0 0
BinVal : 12 12 0 0 0
BinVal : 12 13 0 0 0
BinVal : 12 14 0.00632911 0.00630905 0.00630905
BinVal : 12 15 0.0112994 0.00794464 0.00794464
BinVal : 12 16 0 0 0
BinVal : 12 17 0 0 0
BinVal : 12 18 0 0 0
BinVal : 12 19 0 0 0
BinVal : 12 20 0 0 0
BinVal : 12 21 0.768519 0.0405857 0.0405857
BinVal : 12 22 0.95935 0.0178061 0.0178061
BinVal : 12 23 0.965909 0.019344 0.019344
BinVal : 12 24 0.944444 0.0311713 0.0311713
BinVal : 12 25 1 0.0756803 0.0756803
BinVal : 12 26 0 0 0
BinVal : 12 27 0 0 0
BinVal : 12 28 0 0 0
BinVal : 12 29 0 0 0
BinVal : 13 0 0 0 0
BinVal : 13 1 0 0 0
BinVal : 13 2 0 0 0
BinVal : 13 3 0 0 0
BinVal : 13 4 1 0.218486 0.218486
BinVal : 13 5 0.888889 0.0468486 0.0468486
BinVal : 13 6 0.897436 0.034352 0.034352
BinVal : 13 7 0.787611 0.0384754 0.0384754
BinVal : 13 8 0.912752 0.0231186 0.0231186
BinVal : 13 9 0.342105 0.044433 0.044433
BinVal : 13 10 0.276316 0.0362707 0.0362707
BinVal : 13 11 0.0921053 0.0234551 0.0234551
BinVal : 13 12 0.544041 0.0358509 0.0358509
BinVal : 13 13 0.772455 0.0324423 0.0324423
BinVal : 13 14 0.84434 0.0248989 0.0248989
BinVal : 13 15 0.848341 0.0246932 0.0246932
BinVal : 13 16 0.784689 0.0284321 0.0284321
BinVal : 13 17 0.522222 0.037231 0.037231
BinVal : 13 18 0.105263 0.0248922 0.0248922
BinVal : 13 19 0.344828 0.0394725 0.0394725
BinVal : 13 20 0.424 0.0442017 0.0442017
BinVal : 13 21 0.934783 0.0210183 0.0210183
BinVal : 13 22 0.913979 0.0290757 0.0290757
BinVal : 13 23 0.969697 0.0211003 0.0211003
BinVal : 13 24 0.90625 0.051527 0.051527
BinVal : 13 25 1 0.218486 0.218486
BinVal : 13 26 0 0 0
BinVal : 13 27 0 0 0
BinVal : 13 28 0 0 0
BinVal : 13 29 0 0 0
BinVal : 14 0 0 0 0
BinVal : 14 1 0 0 0
BinVal : 14 2 0 0 0
BinVal : 14 3 0 0 0
BinVal : 14 4 0 0 0
BinVal : 14 5 0.909091 0.0612909 0.0612909
BinVal : 14 6 0.967213 0.0228006 0.0228006
BinVal : 14 7 0.858586 0.0350204 0.0350204
BinVal : 14 8 0.974138 0.0147371 0.0147371
BinVal : 14 9 0.938776 0.0197736 0.0197736
BinVal : 14 10 0.840336 0.0335781 0.0335781
BinVal : 14 11 0.775362 0.0355266 0.0355266
BinVal : 14 12 0.708571 0.034351 0.034351
BinVal : 14 13 0.895425 0.0247391 0.0247391
BinVal : 14 14 0.912844 0.0191037 0.0191037
BinVal : 14 15 0.772512 0.0288596 0.0288596
BinVal : 14 16 0.784 0.036807 0.036807
BinVal : 14 17 0.734884 0.0301029 0.0301029
BinVal : 14 18 0.655629 0.0386682 0.0386682
BinVal : 14 19 0.790323 0.0365567 0.0365567
BinVal : 14 20 0.958042 0.0167661 0.0167661
BinVal : 14 21 0.9375 0.0201718 0.0201718
BinVal : 14 22 0.954128 0.0200383 0.0200383
BinVal : 14 23 0.921348 0.0285345 0.0285345
BinVal : 14 24 0.90625 0.051527 0.051527
BinVal : 14 25 1 0.218486 0.218486
BinVal : 14 26 0 0 0
BinVal : 14 27 0 0 0
BinVal : 14 28 0 0 0
BinVal : 14 29 0 0 0
BinVal : 15 0 0 0 0
BinVal : 15 1 0 0 0
BinVal : 15 2 0 0 0
BinVal : 15 3 0 0 0
BinVal : 15 4 1 0.102643 0.102643
BinVal : 15 5 0.981132 0.0186891 0.0186891
BinVal : 15 6 0.977778 0.0155379 0.0155379
BinVal : 15 7 0.965812 0.0167993 0.0167993
BinVal : 15 8 0.948718 0.0176599 0.0176599
BinVal : 15 9 0.688889 0.0398442 0.0398442
BinVal : 15 10 0.836601 0.0298908 0.0298908
BinVal : 15 11 0.796296 0.0316431 0.0316431
BinVal : 15 12 0.913333 0.0229718 0.0229718
BinVal : 15 13 0.913706 0.0200061 0.0200061
BinVal : 15 14 0.975124 0.0109855 0.0109855
BinVal : 15 15 0.959641 0.0131786 0.0131786
BinVal : 15 16 0.863636 0.0258677 0.0258677
BinVal : 15 17 0.869823 0.0258845 0.0258845
BinVal : 15 18 0.565217 0.0365456 0.0365456
BinVal : 15 19 0.724359 0.0357756 0.0357756
BinVal : 15 20 0.695652 0.0391689 0.0391689
BinVal : 15 21 0.954887 0.017997 0.017997
BinVal : 15 22 0.931035 0.0235272 0.0235272
BinVal : 15 23 0.932039 0.0247987 0.0247987
BinVal : 15 24 0.85 0.0460977 0.0460977
BinVal : 15 25 1 0.218486 0.218486
BinVal : 15 26 0 0 0
BinVal : 15 27 0 0 0
BinVal : 15 28 0 0 0
BinVal : 15 29 0 0 0


Comments : includes prescale inefficiency, cosmic veto applied 
EffMethod : TagAndProbe 
EffName : eff 
EffType : Binned 
EffVarNames : phi deteta 
EffVersion : 3 
ObjQuality : MuFromMuJetsOR 
ObjRelativeTo : medium_trackloose_iso_NPLoose 
ObjType : Muon 
ObjVersion : 1 
RunRangeHigh : -1 
RunRangeLow : -1 
TriggerVersionHigh : 15.99 
TriggerVersionLow : 15.9 
BinEdgesX : 0 0.3927 0.7854 1.1781 1.5708 1.9635 2.3562 2.7489 3.1416 3.5343 3.927 4.3197 4.7124 5.1051 5.4978 5.8905 6.2832 
BinEdgesY : -3 -2.8 -2.6 -2.4 -2.2 -2 -1.8 -1.6 -1.4 -1.2 -1 -0.8 -0.6 -0.4 -0.2 0 0.2 0.4 0.6 0.8 1 1.2 1.4 1.6 1.8 2 2.2 2.4 2.6 2.8 3 
BinVal : 0 0 0 0 0
BinVal : 0 1 0 0 0
BinVal : 0 2 0 0 0
BinVal : 0 3 0 0 0
BinVal : 0 4 1 0.218486 0.218486
BinVal : 0 5 0.973684 0.0259672 0.0259672
BinVal : 0 6 0.981818 0.0180158 0.0180158
BinVal : 0 7 0.974026 0.0181263 0.0181263
BinVal : 0 8 1 0.00671244 0.00671244
BinVal : 0 9 0.747368 0.044581 0.044581
BinVal : 0 10 0.674699 0.0514232 0.0514232
BinVal : 0 11 0.584158 0.049042 0.049042
BinVal : 0 12 0.754545 0.0410329 0.0410329
BinVal : 0 13 0.738462 0.0385443 0.0385443
BinVal : 0 14 0.747826 0.040495 0.040495
BinVal : 0 15 0.689076 0.0424314 0.0424314
BinVal : 0 16 0.738318 0.042493 0.042493
BinVal : 0 17 0.606383 0.0503903 0.0503903
BinVal : 0 18 0.604167 0.0499113 0.0499113
BinVal : 0 19 0.696203 0.0517424 0.0517424
BinVal : 0 20 0.707865 0.0482028 0.0482028
BinVal : 0 21 0.987342 0.0125779 0.0125779
BinVal : 0 22 0.968254 0.0220886 0.0220886
BinVal : 0 23 0.96 0.0277128 0.0277128
BinVal : 0 24 0.969697 0.0298404 0.0298404
BinVal : 0 25 1 0.159077 0.159077
BinVal : 0 26 0 0 0
BinVal : 0 27 0 0 0
BinVal : 0 28 0 0 0
BinVal : 0 29 0 0 0
BinVal : 1 0 0 0 0
BinVal : 1 1 0 0 0
BinVal : 1 2 0 0 0
BinVal : 1 3 0 0 0
BinVal : 1 4 0 0 0
BinVal : 1 5 1 0.0368657 0.0368657
BinVal : 1 6 0.952381 0.0328603 0.0328603
BinVal : 1 7 0.96 0.0277128 0.0277128
BinVal : 1 8 0.982759 0.0170921 0.0170921
BinVal : 1 9 0.971831 0.019636 0.019636
BinVal : 1 10 0.728814 0.0578784 0.0578784
BinVal : 1 11 0.788732 0.0484454 0.0484454
BinVal : 1 12 0.676056 0.0555389 0.0555389
BinVal : 1 13 0.721311 0.0574058 0.0574058
BinVal : 1 14 0.782178 0.0410717 0.0410717
BinVal : 1 15 0.76087 0.0444712 0.0444712
BinVal : 1 16 0.767123 0.0494691 0.0494691
BinVal : 1 17 0.75 0.0461593 0.0461593
BinVal : 1 18 0.7 0.0547723 0.0547723
BinVal : 1 19 0.75 0.0578638 0.0578638
BinVal : 1 20 0.911765 0.034396 0.034396
BinVal : 1 21 0.980392 0.0194147 0.0194147
BinVal : 1 22 0.958333 0.0288424 0.0288424
BinVal : 1 23 0.90625 0.051527 0.051527
BinVal : 1 24 1 0.0233703 0.0233703
BinVal : 1 25 0 0 0
BinVal : 1 26 0 0 0
BinVal : 1 27 0 0 0
BinVal : 1 28 0 0 0
BinVal : 1 29 0 0 0
BinVal : 2 0 0 0 0
BinVal : 2 1 0 0 0
BinVal : 2 2 0 0 0
BinVal : 2 3 0 0 0
BinVal : 2 4 0 0 0
BinVal : 2 5 1 0.0495858 0.0495858
BinVal : 2 6 0.941176 0.0570672 0.0570672
BinVal : 2 7 0.92 0.0542586 0.0542586
BinVal : 2 8 0.935484 0.0441237 0.0441237
BinVal : 2 9 0.944444 0.0381769 0.0381769
BinVal : 2 10 0.851852 0.0683673 0.0683673
BinVal : 2 11 0.923077 0.0426692 0.0426692
BinVal : 2 12 0.852941 0.0607387 0.0607387
BinVal : 2 13 0.75 0.0765466 0.0765466
BinVal : 2 14 0.962963 0.0256996 0.0256996
BinVal : 2 15 0.867925 0.0465066 0.0465066
BinVal : 2 16 0.891304 0.0458923 0.0458923
BinVal : 2 17 0.775 0.0660256 0.0660256
BinVal : 2 18 0.863636 0.0517355 0.0517355
BinVal : 2 19 0.866667 0.0620633 0.0620633
BinVal : 2 20 0.941176 0.0403526 0.0403526
BinVal : 2 21 0.888889 0.0523783 0.0523783
BinVal : 2 22 0.878788 0.0568144 0.0568144
BinVal : 2 23 0.928571 0.0688303 0.0688303
BinVal : 2 24 0.75 0.216506 0.216506
BinVal : 2 25 0 0 0
BinVal : 2 26 0 0 0
BinVal : 2 27 0 0 0
BinVal : 2 28 0 0 0
BinVal : 2 29 0 0 0
BinVal : 3 0 0 0 0
BinVal : 3 1 0 0 0
BinVal : 3 2 0 0 0
BinVal : 3 3 0 0 0
BinVal : 3 4 0 0 0
BinVal : 3 5 1 0.102643 0.102643
BinVal : 3 6 0.75 0.216506 0.216506
BinVal : 3 7 1 0.0326734 0.0326734
BinVal : 3 8 1 0.039392 0.039392
BinVal : 3 9 0.611111 0.114904 0.114904
BinVal : 3 10 1 0.0495858 0.0495858
BinVal : 3 11 0.928571 0.0688303 0.0688303
BinVal : 3 12 1 0.0495858 0.0495858
BinVal : 3 13 0.818182 0.116291 0.116291
BinVal : 3 14 0.947368 0.0512278 0.0512278
BinVal : 3 15 1 0.0368657 0.0368657
BinVal : 3 16 0.9 0.0948683 0.0948683
BinVal : 3 17 1 0.0279117 0.0279117
BinVal : 3 18 0.833333 0.107583 0.107583
BinVal : 3 19 0.666667 0.121716 0.121716
BinVal : 3 20 0.727273 0.134282 0.134282
BinVal : 3 21 0.882353 0.0781425 0.0781425
BinVal : 3 22 1 0.0368657 0.0368657
BinVal : 3 23 1 0.0599198 0.0599198
BinVal : 3 24 1 0.0456491 0.0456491
BinVal : 3 25 0 0 0
BinVal : 3 26 0 0 0
BinVal : 3 27 0 0 0
BinVal : 3 28 0 0 0
BinVal : 3 29 0 0 0
BinVal : 4 0 0 0 0
BinVal : 4 1 0 0 0
BinVal : 4 2 0 0 0
BinVal : 4 3 0 0 0
BinVal : 4 4 0 0 0
BinVal : 4 5 0.666667 0.272166 0.272166
BinVal : 4 6 1 0.124824 0.124824
BinVal : 4 7 1 0.0756803 0.0756803
BinVal : 4 8 0.933333 0.0644061 0.0644061
BinVal : 4 9 0.923077 0.0739053 0.0739053
BinVal : 4 10 1 0.0668855 0.0668855
BinVal : 4 11 1 0.0668855 0.0668855
BinVal : 4 12 0.714286 0.170747 0.170747
BinVal : 4 13 0.916667 0.0564169 0.0564169
BinVal : 4 14 0.933333 0.0644061 0.0644061
BinVal : 4 15 0.944444 0.0539903 0.0539903
BinVal : 4 16 1 0.0599198 0.0599198
BinVal : 4 17 0.866667 0.0877707 0.0877707
BinVal : 4 18 0.666667 0.136083 0.136083
BinVal : 4 19 0.8 0.126491 0.126491
BinVal : 4 20 0.8 0.126491 0.126491
BinVal : 4 21 0.8 0.178885 0.178885
BinVal : 4 22 0.9375 0.0605154 0.0605154
BinVal : 4 23 0.875 0.116927 0.116927
BinVal : 4 24 1 0.124824 0.124824
BinVal : 4 25 0 0 0
BinVal : 4 26 0 0 0
BinVal : 4 27 0 0 0
BinVal : 4 28 0 0 0
BinVal : 4 29 0 0 0
BinVal : 5 0 0 0 0
BinVal : 5 1 0 0 0
BinVal : 5 2 0 0 0
BinVal : 5 3 0 0 0
BinVal : 5 4 0 0 0
BinVal : 5 5 1 0.0668855 0.0668855
BinVal : 5 6 0.833333 0.107583 0.107583
BinVal : 5 7 1 0.0266185 0.0266185
BinVal : 5 8 0.913043 0.0587534 0.0587534
BinVal : 5 9 0.896552 0.0565523 0.0565523
BinVal : 5 10 0.73913 0.0915605 0.0915605
BinVal : 5 11 0.869565 0.0702237 0.0702237
BinVal : 5 12 0.864865 0.0562027 0.0562027
BinVal : 5 13 0.925 0.0416458 0.0416458
BinVal : 5 14 0.916667 0.0460642 0.0460642
BinVal : 5 15 0.977273 0.0224675 0.0224675
BinVal : 5 16 0.961538 0.0377146 0.0377146
BinVal : 5 17 0.75 0.0765466 0.0765466
BinVal : 5 18 0.756098 0.0670664 0.0670664
BinVal : 5 19 0.72 0.0897998 0.0897998
BinVal : 5 20 1 0.0194201 0.0194201
BinVal : 5 21 1 0.0422902 0.0422902
BinVal : 5 22 1 0.0326734 0.0326734
BinVal : 5 23 0.777778 0.13858 0.13858
BinVal : 5 24 1 0.159077 0.159077
BinVal : 5 25 0 0 0
BinVal : 5 26 0 0 0
BinVal : 5 27 0 0 0
BinVal : 5 28 0 0 0
BinVal : 5 29 0 0 0
BinVal : 6 0 0 0 0
BinVal : 6 1 0 0 0
BinVal : 6 2 0 0 0
BinVal : 6 3 0 0 0
BinVal : 6 4 0 0 0
BinVal : 6 5 0.85 0.0798436 0.0798436
BinVal : 6 6 0.969697 0.0298404 0.0298404
BinVal : 6 7 0.964912 0.0243716 0.0243716
BinVal : 6 8 1 0.0105252 0.0105252
BinVal : 6 9 0.948052 0.0252904 0.0252904
BinVal : 6 10 0.784314 0.0575932 0.0575932
BinVal : 6 11 0.881579 0.0370628 0.0370628
BinVal : 6 12 0.733333 0.0510628 0.0510628
BinVal : 6 13 0.904762 0.0320282 0.0320282
BinVal : 6 14 0.851852 0.0394719 0.0394719
BinVal : 6 15 0.973684 0.0183616 0.0183616
BinVal : 6 16 0.955882 0.0249031 0.0249031
BinVal : 6 17 0.819444 0.0453314 0.0453314
BinVal : 6 18 0.819277 0.042236 0.042236
BinVal : 6 19 0.745098 0.0610251 0.0610251
BinVal : 6 20 0.953125 0.0264214 0.0264214
BinVal : 6 21 0.877551 0.0468291 0.0468291
BinVal : 6 22 0.958333 0.0288424 0.0288424
BinVal : 6 23 0.862069 0.0640329 0.0640329
BinVal : 6 24 1 0.0542655 0.0542655
BinVal : 6 25 0 0 0
BinVal : 6 26 0 0 0
BinVal : 6 27 0 0 0
BinVal : 6 28 0 0 0
BinVal : 6 29 0 0 0
BinVal : 7 0 0 0 0
BinVal : 7 1 0 0 0
BinVal : 7 2 0 0 0
BinVal : 7 3 0 0 0
BinVal : 7 4 0 0 0
BinVal : 7 5 0.964286 0.0350707 0.0350707
BinVal : 7 6 1 0.0118251 0.0118251
BinVal : 7 7 0.984615 0.0152658 0.0152658
BinVal : 7 8 0.973684 0.0183616 0.0183616
BinVal : 7 9 0.712121 0.0557327 0.0557327
BinVal : 7 10 0.82716 0.0420121 0.0420121
BinVal : 7 11 0.707317 0.0502457 0.0502457
BinVal : 7 12 0.911765 0.034396 0.034396
BinVal : 7 13 0.930693 0.0252715 0.0252715
BinVal : 7 14 0.919708 0.0232167 0.0232167
BinVal : 7 15 0.94958 0.0200583 0.0200583
BinVal : 7 16 0.908163 0.0291727 0.0291727
BinVal : 7 17 0.939024 0.0264247 0.0264247
BinVal : 7 18 0.792208 0.0462369 0.0462369
BinVal : 7 19 0.860759 0.0389502 0.0389502
BinVal : 7 20 0.727273 0.0474757 0.0474757
BinVal : 7 21 0.963415 0.0207326 0.0207326
BinVal : 7 22 0.966667 0.0231741 0.0231741
BinVal : 7 23 0.923077 0.0426692 0.0426692
BinVal : 7 24 1 0.0208287 0.0208287
BinVal : 7 25 1 0.218486 0.218486
BinVal : 7 26 0 0 0
BinVal : 7 27 0 0 0
BinVal : 7 28 0 0 0
BinVal : 7 29 0 0 0
BinVal : 8 0 0 0 0
BinVal : 8 1 0 0 0
BinVal : 8 2 0 0 0
BinVal : 8 3 0 0 0
BinVal : 8 4 0 0 0
BinVal : 8 5 1 0.0233703 0.0233703
BinVal : 8 6 1 0.0107217 0.0107217
BinVal : 8 7 0.964912 0.0243716 0.0243716
BinVal : 8 8 1 0.00813913 0.00813913
BinVal : 8 9 0.737705 0.0563211 0.0563211
BinVal : 8 10 0.875 0.0441942 0.0441942
BinVal : 8 11 0.788235 0.0443144 0.0443144
BinVal : 8 12 0.811594 0.0470752 0.0470752
BinVal : 8 13 0.897727 0.0323006 0.0323006
BinVal : 8 14 0.846847 0.0341825 0.0341825
BinVal : 8 15 0.919643 0.025687 0.025687
BinVal : 8 16 0.892473 0.0321229 0.0321229
BinVal : 8 17 0.9 0.0358569 0.0358569
BinVal : 8 18 0.728972 0.0429705 0.0429705
BinVal : 8 19 0.814286 0.0464796 0.0464796
BinVal : 8 20 0.732394 0.0525401 0.0525401
BinVal : 8 21 0.905405 0.0340204 0.0340204
BinVal : 8 22 0.931035 0.0332725 0.0332725
BinVal : 8 23 0.980392 0.0194147 0.0194147
BinVal : 8 24 1 0.0254407 0.0254407
BinVal : 8 25 0 0 0
BinVal : 8 26 0 0 0
BinVal : 8 27 0 0 0
BinVal : 8 28 0 0 0
BinVal : 8 29 0 0 0
BinVal : 9 0 0 0 0
BinVal : 9 1 0 0 0
BinVal : 9 2 0 0 0
BinVal : 9 3 0 0 0
BinVal : 9 4 0 0 0
BinVal : 9 5 1 0.0599198 0.0599198
BinVal : 9 6 1 0.0166125 0.0166125
BinVal : 9 7 0.932203 0.032729 0.032729
BinVal : 9 8 0.962264 0.026175 0.026175
BinVal : 9 9 0.913043 0.0339213 0.0339213
BinVal : 9 10 0.8 0.0632455 0.0632455
BinVal : 9 11 0.761905 0.0657205 0.0657205
BinVal : 9 12 0.797468 0.0452157 0.0452157
BinVal : 9 13 0.616667 0.0627679 0.0627679
BinVal : 9 14 0.883721 0.0345668 0.0345668
BinVal : 9 15 0.898876 0.0319581 0.0319581
BinVal : 9 16 0.836364 0.0498834 0.0498834
BinVal : 9 17 0.683544 0.052327 0.052327
BinVal : 9 18 0.693548 0.0585495 0.0585495
BinVal : 9 19 0.769231 0.067466 0.067466
BinVal : 9 20 0.970588 0.0204891 0.0204891
BinVal : 9 21 0.865385 0.0473315 0.0473315
BinVal : 9 22 0.945455 0.0306209 0.0306209
BinVal : 9 23 0.909091 0.0612909 0.0612909
BinVal : 9 24 0.857143 0.13226 0.13226
BinVal : 9 25 0 0 0
BinVal : 9 26 0 0 0
BinVal : 9 27 0 0 0
BinVal : 9 28 0 0 0
BinVal : 9 29 0 0 0
BinVal : 10 0 0 0 0
BinVal : 10 1 0 0 0
BinVal : 10 2 0 0 0
BinVal : 10 3 0 0 0
BinVal : 10 4 0 0 0
BinVal : 10 5 1 0.0756803 0.0756803
BinVal : 10 6 1 0.0309157 0.0309157
BinVal : 10 7 0.96875 0.0307578 0.0307578
BinVal : 10 8 0.9375 0.0349386 0.0349386
BinVal : 10 9 0.425 0.0781625 0.0781625
BinVal : 10 10 0.288462 0.0628263 0.0628263
BinVal : 10 11 0.0701754 0.0338342 0.0338342
BinVal : 10 12 0.619048 0.0749329 0.0749329
BinVal : 10 13 0.830986 0.0444763 0.0444763
BinVal : 10 14 0.773333 0.0483444 0.0483444
BinVal : 10 15 0.848101 0.040382 0.040382
BinVal : 10 16 0.826087 0.0558856 0.0558856
BinVal : 10 17 0.469388 0.0712946 0.0712946
BinVal : 10 18 0.142857 0.0499896 0.0499896
BinVal : 10 19 0.298246 0.0605958 0.0605958
BinVal : 10 20 0.431373 0.0693514 0.0693514
BinVal : 10 21 1 0.012074 0.012074
BinVal : 10 22 0.928571 0.0486704 0.0486704
BinVal : 10 23 1 0.017632 0.017632
BinVal : 10 24 0.923077 0.0739053 0.0739053
BinVal : 10 25 0 0 0
BinVal : 10 26 0 0 0
BinVal : 10 27 0 0 0
BinVal : 10 28 0 0 0
BinVal : 10 29 0 0 0
BinVal : 11 0 0 0 0
BinVal : 11 1 0 0 0
BinVal : 11 2 0 0 0
BinVal : 11 3 0 0 0
BinVal : 11 4 1 0.218486 0.218486
BinVal : 11 5 0.916667 0.0797856 0.0797856
BinVal : 11 6 1 0.0456491 0.0456491
BinVal : 11 7 1 0.0123324 0.0123324
BinVal : 11 8 0.925926 0.050401 0.050401
BinVal : 11 9 0 0 0
BinVal : 11 10 0 0 0
BinVal : 11 11 0 0 0
BinVal : 11 12 0 0 0
BinVal : 11 13 0 0 0
BinVal : 11 14 0 0 0
BinVal : 11 15 0 0 0
BinVal : 11 16 0 0 0
BinVal : 11 17 0 0 0
BinVal : 11 18 0 0 0
BinVal : 11 19 0 0 0
BinVal : 11 20 0 0 0
BinVal : 11 21 0.9375 0.0427908 0.0427908
BinVal : 11 22 0.966667 0.0327731 0.0327731
BinVal : 11 23 0.928571 0.0688303 0.0688303
BinVal : 11 24 1 0.0495858 0.0495858
BinVal : 11 25 1 0.218486 0.218486
BinVal : 11 26 0 0 0
BinVal : 11 27 0 0 0
BinVal : 11 28 0 0 0
BinVal : 11 29 0 0 0
BinVal : 12 0 0 0 0
BinVal : 12 1 0 0 0
BinVal : 12 2 0 0 0
BinVal : 12 3 0 0 0
BinVal : 12 4 0 0 0
BinVal : 12 5 0.923077 0.0739053 0.0739053
BinVal : 12 6 0.941176 0.0570672 0.0570672
BinVal : 12 7 0.923077 0.0739053 0.0739053
BinVal : 12 8 0.818182 0.0822304 0.0822304
BinVal : 12 9 0 0 0
BinVal : 12 10 0 0 0
BinVal : 12 11 0 0 0
BinVal : 12 12 0 0 0
BinVal : 12 13 0 0 0
BinVal : 12 14 0 0 0
BinVal : 12 15 0 0 0
BinVal : 12 16 0 0 0
BinVal : 12 17 0 0 0
BinVal : 12 18 0 0 0
BinVal : 12 19 0 0 0
BinVal : 12 20 0 0 0
BinVal : 12 21 0.68 0.0932952 0.0932952
BinVal : 12 22 0.9 0.0547723 0.0547723
BinVal : 12 23 0.928571 0.0688303 0.0688303
BinVal : 12 24 1 0.0599198 0.0599198
BinVal : 12 25 1 0.218486 0.218486
BinVal : 12 26 0 0 0
BinVal : 12 27 0 0 0
BinVal : 12 28 0 0 0
BinVal : 12 29 0 0 0
BinVal : 13 0 0 0 0
BinVal : 13 1 0 0 0
BinVal : 13 2 0 0 0
BinVal : 13 3 0 0 0
BinVal : 13 4 0 0 0
BinVal : 13 5 1 0.0756803 0.0756803
BinVal : 13 6 0.947368 0.0512278 0.0512278
BinVal : 13 7 0.891892 0.0510487 0.0510487
BinVal : 13 8 0.909091 0.0500438 0.0500438
BinVal : 13 9 0.275862 0.0829961 0.0829961
BinVal : 13 10 0.5 0.0883883 0.0883883
BinVal : 13 11 0.153846 0.0577744 0.0577744
BinVal : 13 12 0.473684 0.0809983 0.0809983
BinVal : 13 13 0.787234 0.0596972 0.0596972
BinVal : 13 14 0.791667 0.0586179 0.0586179
BinVal : 13 15 0.787234 0.0596972 0.0596972
BinVal : 13 16 0.909091 0.0500438 0.0500438
BinVal : 13 17 0.408163 0.0702134 0.0702134
BinVal : 13 18 0.113636 0.0478452 0.0478452
BinVal : 13 19 0.446809 0.0725186 0.0725186
BinVal : 13 20 0.275862 0.0829961 0.0829961
BinVal : 13 21 0.891892 0.0510487 0.0510487
BinVal : 13 22 0.967742 0.0317335 0.0317335
BinVal : 13 23 0.923077 0.0739053 0.0739053
BinVal : 13 24 0.75 0.216506 0.216506
BinVal : 13 25 0 0 0
BinVal : 13 26 0 0 0
BinVal : 13 27 0 0 0
BinVal : 13 28 0 0 0
BinVal : 13 29 0 0 0
BinVal : 14 0 0 0 0
BinVal : 14 1 0 0 0
BinVal : 14 2 0 0 0
BinVal : 14 3 0 0 0
BinVal : 14 4 0 0 0
BinVal : 14 5 1 0.0495858 0.0495858
BinVal : 14 6 0.906977 0.0442955 0.0442955
BinVal : 14 7 0.934783 0.0364048 0.0364048
BinVal : 14 8 0.892857 0.0413313 0.0413313
BinVal : 14 9 0.9 0.0424264 0.0424264
BinVal : 14 10 0.868852 0.0432203 0.0432203
BinVal : 14 11 0.717949 0.0509523 0.0509523
BinVal : 14 12 0.759494 0.0480852 0.0480852
BinVal : 14 13 0.895522 0.0373691 0.0373691
BinVal : 14 14 0.903226 0.0306575 0.0306575
BinVal : 14 15 0.836957 0.0385132 0.0385132
BinVal : 14 16 0.875 0.0441942 0.0441942
BinVal : 14 17 0.705128 0.0516301 0.0516301
BinVal : 14 18 0.727273 0.0600526 0.0600526
BinVal : 14 19 0.791667 0.0586179 0.0586179
BinVal : 14 20 0.909091 0.0353863 0.0353863
BinVal : 14 21 0.944444 0.0311713 0.0311713
BinVal : 14 22 0.96 0.0277128 0.0277128
BinVal : 14 23 0.861111 0.0576384 0.0576384
BinVal : 14 24 0.928571 0.0688303 0.0688303
BinVal : 14 25 0 0 0
BinVal : 14 26 0 0 0
BinVal : 14 27 0 0 0
BinVal : 14 28 0 0 0
BinVal : 14 29 0 0 0
BinVal : 15 0 0 0 0
BinVal : 15 1 0 0 0
BinVal : 15 2 0 0 0
BinVal : 15 3 0 0 0
BinVal : 15 4 0 0 0
BinVal : 15 5 1 0.018786 0.018786
BinVal : 15 6 0.918367 0.0391149 0.0391149
BinVal : 15 7 0.983333 0.0165272 0.0165272
BinVal : 15 8 0.929577 0.0303647 0.0303647
BinVal : 15 9 0.608108 0.0567489 0.0567489
BinVal : 15 10 0.901408 0.0353795 0.0353795
BinVal : 15 11 0.778689 0.0375841 0.0375841
BinVal : 15 12 0.923077 0.0279336 0.0279336
BinVal : 15 13 0.905983 0.0269818 0.0269818
BinVal : 15 14 0.993056 0.00692029 0.00692029
BinVal : 15 15 0.922414 0.0248385 0.0248385
BinVal : 15 16 0.903846 0.0289077 0.0289077
BinVal : 15 17 0.94186 0.0252336 0.0252336
BinVal : 15 18 0.715517 0.0418899 0.0418899
BinVal : 15 19 0.861538 0.0428396 0.0428396
BinVal : 15 20 0.716049 0.0501015 0.0501015
BinVal : 15 21 0.962963 0.0209836 0.0209836
BinVal : 15 22 0.968254 0.0220886 0.0220886
BinVal : 15 23 0.97561 0.024091 0.024091
BinVal : 15 24 0.972222 0.0273893 0.0273893
BinVal : 15 25 1 0.159077 0.159077
BinVal : 15 26 0 0 0
BinVal : 15 27 0 0 0
BinVal : 15 28 0 0 0
BinVal : 15 29 0 0 0


Comments : includes prescale inefficiency, cosmic veto applied 
EffMethod : TagAndProbe 
EffName : eff 
EffType : Binned 
EffVarNames : phi deteta 
EffVersion : 3 
ObjQuality : MuFromMuJetsOR 
ObjRelativeTo : medium_trackloose_iso_NPLoose 
ObjType : Muon 
ObjVersion : 1 
RunRangeHigh : -1 
RunRangeLow : -1 
TriggerVersionHigh : 16.1 
TriggerVersionLow : 16 
BinEdgesX : 0 0.3927 0.7854 1.1781 1.5708 1.9635 2.3562 2.7489 3.1416 3.5343 3.927 4.3197 4.7124 5.1051 5.4978 5.8905 6.2832 
BinEdgesY : -3 -2.8 -2.6 -2.4 -2.2 -2 -1.8 -1.6 -1.4 -1.2 -1 -0.8 -0.6 -0.4 -0.2 0 0.2 0.4 0.6 0.8 1 1.2 1.4 1.6 1.8 2 2.2 2.4 2.6 2.8 3 
BinVal : 0 0 0 0 0
BinVal : 0 1 0 0 0
BinVal : 0 2 0 0 0
BinVal : 0 3 0 0 0
BinVal : 0 4 1 0.218486 0.218486
BinVal : 0 5 0.960784 0.0271805 0.0271805
BinVal : 0 6 0.946809 0.0231467 0.0231467
BinVal : 0 7 0.982759 0.0120859 0.0120859
BinVal : 0 8 0.990826 0.00913213 0.00913213
BinVal : 0 9 0.914729 0.0245897 0.0245897
BinVal : 0 10 0.8 0.0332182 0.0332182
BinVal : 0 11 0.75 0.0338126 0.0338126
BinVal : 0 12 0.810606 0.0341037 0.0341037
BinVal : 0 13 0.712121 0.0321773 0.0321773
BinVal : 0 14 0.746114 0.0313288 0.0313288
BinVal : 0 15 0.783251 0.0289188 0.0289188
BinVal : 0 16 0.748538 0.0331776 0.0331776
BinVal : 0 17 0.792 0.0363027 0.0363027
BinVal : 0 18 0.723881 0.0386215 0.0386215
BinVal : 0 19 0.825688 0.0363378 0.0363378
BinVal : 0 20 0.921875 0.0237206 0.0237206
BinVal : 0 21 0.983193 0.0117839 0.0117839
BinVal : 0 22 1 0.00613832 0.00613832
BinVal : 0 23 0.985294 0.0145974 0.0145974
BinVal : 0 24 0.983333 0.0165272 0.0165272
BinVal : 0 25 1 0.124824 0.124824
BinVal : 0 26 0 0 0
BinVal : 0 27 0 0 0
BinVal : 0 28 0 0 0
BinVal : 0 29 0 0 0
BinVal : 1 0 0 0 0
BinVal : 1 1 0 0 0
BinVal : 1 2 0 0 0
BinVal : 1 3 0 0 0
BinVal : 1 4 0 0 0
BinVal : 1 5 0.945946 0.0371746 0.0371746
BinVal : 1 6 0.930233 0.0274709 0.0274709
BinVal : 1 7 0.965217 0.0170862 0.0170862
BinVal : 1 8 0.973684 0.0149922 0.0149922
BinVal : 1 9 0.980263 0.0112821 0.0112821
BinVal : 1 10 0.859813 0.0335632 0.0335632
BinVal : 1 11 0.814103 0.0311468 0.0311468
BinVal : 1 12 0.606742 0.0366126 0.0366126
BinVal : 1 13 0.689441 0.0364676 0.0364676
BinVal : 1 14 0.693122 0.0335473 0.0335473
BinVal : 1 15 0.68932 0.0322428 0.0322428
BinVal : 1 16 0.694805 0.0371073 0.0371073
BinVal : 1 17 0.651899 0.0378978 0.0378978
BinVal : 1 18 0.727848 0.0354077 0.0354077
BinVal : 1 19 0.833333 0.035861 0.035861
BinVal : 1 20 0.978873 0.012068 0.012068
BinVal : 1 21 0.985075 0.0104748 0.0104748
BinVal : 1 22 0.981132 0.0132152 0.0132152
BinVal : 1 23 0.934211 0.0284377 0.0284377
BinVal : 1 24 0.875 0.0441942 0.0441942
BinVal : 1 25 0 0 0
BinVal : 1 26 0 0 0
BinVal : 1 27 0 0 0
BinVal : 1 28 0 0 0
BinVal : 1 29 0 0 0
BinVal : 2 0 0 0 0
BinVal : 2 1 0 0 0
BinVal : 2 2 0 0 0
BinVal : 2 3 0 0 0
BinVal : 2 4 0 0 0
BinVal : 2 5 0.933333 0.0644061 0.0644061
BinVal : 2 6 0.975 0.0246855 0.0246855
BinVal : 2 7 0.952941 0.0229691 0.0229691
BinVal : 2 8 0.978495 0.0150422 0.0150422
BinVal : 2 9 0.96875 0.017758 0.017758
BinVal : 2 10 0.819444 0.0453314 0.0453314
BinVal : 2 11 0.721311 0.0405921 0.0405921
BinVal : 2 12 0.614173 0.0431956 0.0431956
BinVal : 2 13 0.602041 0.0494446 0.0494446
BinVal : 2 14 0.630435 0.041089 0.041089
BinVal : 2 15 0.622807 0.0453948 0.0453948
BinVal : 2 16 0.563218 0.0531754 0.0531754
BinVal : 2 17 0.648649 0.0453121 0.0453121
BinVal : 2 18 0.768421 0.04328 0.04328
BinVal : 2 19 0.769231 0.0522589 0.0522589
BinVal : 2 20 0.981308 0.0130928 0.0130928
BinVal : 2 21 0.987654 0.0122692 0.0122692
BinVal : 2 22 1 0.00721884 0.00721884
BinVal : 2 23 0.916667 0.0398928 0.0398928
BinVal : 2 24 1 0.0293374 0.0293374
BinVal : 2 25 0 0 0
BinVal : 2 26 0 0 0
BinVal : 2 27 0 0 0
BinVal : 2 28 0 0 0
BinVal : 2 29 0 0 0
BinVal : 3 0 0 0 0
BinVal : 3 1 0 0 0
BinVal : 3 2 0 0 0
BinVal : 3 3 0 0 0
BinVal : 3 4 1 0.124824 0.124824
BinVal : 3 5 0.9375 0.0605154 0.0605154
BinVal : 3 6 0.88 0.0649923 0.0649923
BinVal : 3 7 0.977273 0.0224675 0.0224675
BinVal : 3 8 0.982759 0.0170921 0.0170921
BinVal : 3 9 1 0.017632 0.017632
BinVal : 3 10 0.7 0.0724569 0.0724569
BinVal : 3 11 0.736842 0.0714338 0.0714338
BinVal : 3 12 0.527778 0.0832046 0.0832046
BinVal : 3 13 0.555556 0.0676201 0.0676201
BinVal : 3 14 0.534884 0.0760635 0.0760635
BinVal : 3 15 0.509804 0.0700005 0.0700005
BinVal : 3 16 0.612245 0.0696055 0.0696055
BinVal : 3 17 0.780488 0.0646428 0.0646428
BinVal : 3 18 0.694444 0.0767737 0.0767737
BinVal : 3 19 0.878788 0.0568144 0.0568144
BinVal : 3 20 0.931035 0.0470544 0.0470544
BinVal : 3 21 0.933333 0.0371849 0.0371849
BinVal : 3 22 0.971429 0.0281603 0.0281603
BinVal : 3 23 0.833333 0.0680414 0.0680414
BinVal : 3 24 0.818182 0.116291 0.116291
BinVal : 3 25 1 0.218486 0.218486
BinVal : 3 26 0 0 0
BinVal : 3 27 0 0 0
BinVal : 3 28 0 0 0
BinVal : 3 29 0 0 0
BinVal : 4 0 0 0 0
BinVal : 4 1 0 0 0
BinVal : 4 2 0 0 0
BinVal : 4 3 0 0 0
BinVal : 4 4 0 0 0
BinVal : 4 5 0.944444 0.0539903 0.0539903
BinVal : 4 6 0.916667 0.0797856 0.0797856
BinVal : 4 7 0.909091 0.0612909 0.0612909
BinVal : 4 8 1 0.0208287 0.0208287
BinVal : 4 9 1 0.0216126 0.0216126
BinVal : 4 10 0.68 0.0932952 0.0932952
BinVal : 4 11 0.733333 0.0807373 0.0807373
BinVal : 4 12 0.772727 0.0893461 0.0893461
BinVal : 4 13 0.586207 0.0914572 0.0914572
BinVal : 4 14 0.638889 0.0800538 0.0800538
BinVal : 4 15 0.742857 0.0738764 0.0738764
BinVal : 4 16 0.592593 0.0945607 0.0945607
BinVal : 4 17 0.789474 0.0935288 0.0935288
BinVal : 4 18 0.777778 0.0800091 0.0800091
BinVal : 4 19 0.782609 0.0860061 0.0860061
BinVal : 4 20 1 0.0309157 0.0309157
BinVal : 4 21 1 0.0293374 0.0293374
BinVal : 4 22 1 0.0266185 0.0266185
BinVal : 4 23 0.818182 0.116291 0.116291
BinVal : 4 24 1 0.0542655 0.0542655
BinVal : 4 25 0 0 0
BinVal : 4 26 0 0 0
BinVal : 4 27 0 0 0
BinVal : 4 28 0 0 0
BinVal : 4 29 0 0 0
BinVal : 5 0 0 0 0
BinVal : 5 1 0 0 0
BinVal : 5 2 0 0 0
BinVal : 5 3 0 0 0
BinVal : 5 4 0 0 0
BinVal : 5 5 0.888889 0.104757 0.104757
BinVal : 5 6 0.970588 0.028976 0.028976
BinVal : 5 7 0.930233 0.0388497 0.0388497
BinVal : 5 8 0.982456 0.0173893 0.0173893
BinVal : 5 9 0.95 0.0281366 0.0281366
BinVal : 5 10 0.777778 0.0619748 0.0619748
BinVal : 5 11 0.688525 0.0592934 0.0592934
BinVal : 5 12 0.705882 0.0552551 0.0552551
BinVal : 5 13 0.692308 0.0522589 0.0522589
BinVal : 5 14 0.78481 0.0462359 0.0462359
BinVal : 5 15 0.658824 0.0514239 0.0514239
BinVal : 5 16 0.707692 0.0564138 0.0564138
BinVal : 5 17 0.630435 0.0711683 0.0711683
BinVal : 5 18 0.773333 0.0483444 0.0483444
BinVal : 5 19 0.857143 0.0591485 0.0591485
BinVal : 5 20 0.955556 0.0307207 0.0307207
BinVal : 5 21 0.948276 0.0290804 0.0290804
BinVal : 5 22 0.942857 0.0392347 0.0392347
BinVal : 5 23 1 0.0201001 0.0201001
BinVal : 5 24 1 0.0668855 0.0668855
BinVal : 5 25 0 0 0
BinVal : 5 26 0 0 0
BinVal : 5 27 0 0 0
BinVal : 5 28 0 0 0
BinVal : 5 29 0 0 0
BinVal : 6 0 0 0 0
BinVal : 6 1 0 0 0
BinVal : 6 2 0 0 0
BinVal : 6 3 0 0 0
BinVal : 6 4 0 0 0
BinVal : 6 5 0.947368 0.0512278 0.0512278
BinVal : 6 6 0.972973 0.0266593 0.0266593
BinVal : 6 7 0.978261 0.0215015 0.0215015
BinVal : 6 8 0.960526 0.0223358 0.0223358
BinVal : 6 9 0.977778 0.0155379 0.0155379
BinVal : 6 10 0.833333 0.0439205 0.0439205
BinVal : 6 11 0.730769 0.0502233 0.0502233
BinVal : 6 12 0.616162 0.0488769 0.0488769
BinVal : 6 13 0.763158 0.0487674 0.0487674
BinVal : 6 14 0.606383 0.0503903 0.0503903
BinVal : 6 15 0.62 0.0485386 0.0485386
BinVal : 6 16 0.716049 0.0501015 0.0501015
BinVal : 6 17 0.680851 0.0480794 0.0480794
BinVal : 6 18 0.819149 0.0396989 0.0396989
BinVal : 6 19 0.880597 0.0396149 0.0396149
BinVal : 6 20 0.952941 0.0229691 0.0229691
BinVal : 6 21 0.972222 0.0193671 0.0193671
BinVal : 6 22 0.913043 0.0339213 0.0339213
BinVal : 6 23 0.897436 0.0485811 0.0485811
BinVal : 6 24 0.833333 0.107583 0.107583
BinVal : 6 25 0 0 0
BinVal : 6 26 0 0 0
BinVal : 6 27 0 0 0
BinVal : 6 28 0 0 0
BinVal : 6 29 0 0 0
BinVal : 7 0 0 0 0
BinVal : 7 1 0 0 0
BinVal : 7 2 0 0 0
BinVal : 7 3 0 0 0
BinVal : 7 4 1 0.159077 0.159077
BinVal : 7 5 0.965517 0.033883 0.033883
BinVal : 7 6 0.952381 0.0268303 0.0268303
BinVal : 7 7 1 0.00679159 0.00679159
BinVal : 7 8 1 0.00663519 0.00663519
BinVal : 7 9 0.891304 0.0324508 0.0324508
BinVal : 7 10 0.827586 0.0404979 0.0404979
BinVal : 7 11 0.53125 0.0509313 0.0509313
BinVal : 7 12 0.703297 0.0478861 0.0478861
BinVal : 7 13 0.681818 0.0405401 0.0405401
BinVal : 7 14 0.630435 0.041089 0.041089
BinVal : 7 15 0.769784 0.0357063 0.0357063
BinVal : 7 16 0.671141 0.0384874 0.0384874
BinVal : 7 17 0.732759 0.0410869 0.0410869
BinVal : 7 18 0.727273 0.0424636 0.0424636
BinVal : 7 19 0.79 0.0407308 0.0407308
BinVal : 7 20 0.833333 0.0406625 0.0406625
BinVal : 7 21 0.975 0.0174553 0.0174553
BinVal : 7 22 1 0.00825644 0.00825644
BinVal : 7 23 0.965517 0.0239589 0.0239589
BinVal : 7 24 0.903226 0.0531003 0.0531003
BinVal : 7 25 0 0 0
BinVal : 7 26 0 0 0
BinVal : 7 27 0 0 0
BinVal : 7 28 0 0 0
BinVal : 7 29 0 0 0
BinVal : 8 0 0 0 0
BinVal : 8 1 0 0 0
BinVal : 8 2 0 0 0
BinVal : 8 3 0 0 0
BinVal : 8 4 1 0.124824 0.124824
BinVal : 8 5 0.902439 0.0463399 0.0463399
BinVal : 8 6 0.972222 0.0193671 0.0193671
BinVal : 8 7 0.989796 0.0101519 0.0101519
BinVal : 8 8 0.986395 0.00955483 0.00955483
BinVal : 8 9 0.836207 0.0343618 0.0343618
BinVal : 8 10 0.863636 0.0327204 0.0327204
BinVal : 8 11 0.797203 0.0336238 0.0336238
BinVal : 8 12 0.864 0.0306599 0.0306599
BinVal : 8 13 0.826923 0.0302893 0.0302893
BinVal : 8 14 0.748503 0.0335741 0.0335741
BinVal : 8 15 0.874214 0.0262982 0.0262982
BinVal : 8 16 0.871345 0.0256041 0.0256041
BinVal : 8 17 0.75 0.0365963 0.0365963
BinVal : 8 18 0.689655 0.0384197 0.0384197
BinVal : 8 19 0.842593 0.0350437 0.0350437
BinVal : 8 20 0.864662 0.0296625 0.0296625
BinVal : 8 21 0.955056 0.0219611 0.0219611
BinVal : 8 22 0.885417 0.0325087 0.0325087
BinVal : 8 23 0.987805 0.0121205 0.0121205
BinVal : 8 24 0.914286 0.0473188 0.0473188
BinVal : 8 25 0 0 0
BinVal : 8 26 0 0 0
BinVal : 8 27 0 0 0
BinVal : 8 28 0 0 0
BinVal : 8 29 0 0 0
BinVal : 9 0 0 0 0
BinVal : 9 1 0 0 0
BinVal : 9 2 0 0 0
BinVal : 9 3 0 0 0
BinVal : 9 4 0 0 0
BinVal : 9 5 0.966667 0.0327731 0.0327731
BinVal : 9 6 0.883721 0.0345668 0.0345668
BinVal : 9 7 0.966942 0.0162534 0.0162534
BinVal : 9 8 0.966667 0.0163865 0.0163865
BinVal : 9 9 0.948571 0.0166962 0.0166962
BinVal : 9 10 0.855856 0.0333378 0.0333378
BinVal : 9 11 0.744828 0.0362043 0.0362043
BinVal : 9 12 0.755208 0.03103 0.03103
BinVal : 9 13 0.727941 0.0381602 0.0381602
BinVal : 9 14 0.746835 0.0345928 0.0345928
BinVal : 9 15 0.80814 0.0300242 0.0300242
BinVal : 9 16 0.795775 0.0338303 0.0338303
BinVal : 9 17 0.647059 0.0349464 0.0349464
BinVal : 9 18 0.72973 0.0365047 0.0365047
BinVal : 9 19 0.850877 0.0333621 0.0333621
BinVal : 9 20 0.985507 0.0101734 0.0101734
BinVal : 9 21 0.823009 0.0359037 0.0359037
BinVal : 9 22 0.927928 0.0245459 0.0245459
BinVal : 9 23 0.83871 0.0467105 0.0467105
BinVal : 9 24 1 0.0208287 0.0208287
BinVal : 9 25 0 0 0
BinVal : 9 26 0 0 0
BinVal : 9 27 0 0 0
BinVal : 9 28 0 0 0
BinVal : 9 29 0 0 0
BinVal : 10 0 0 0 0
BinVal : 10 1 0 0 0
BinVal : 10 2 0 0 0
BinVal : 10 3 0 0 0
BinVal : 10 4 0 0 0
BinVal : 10 5 0.888889 0.0604812 0.0604812
BinVal : 10 6 0.941176 0.0285336 0.0285336
BinVal : 10 7 0.965517 0.0169415 0.0169415
BinVal : 10 8 0.984733 0.0107128 0.0107128
BinVal : 10 9 0.415929 0.0463664 0.0463664
BinVal : 10 10 0.41358 0.0386925 0.0386925
BinVal : 10 11 0.157895 0.0295764 0.0295764
BinVal : 10 12 0.517442 0.0381014 0.0381014
BinVal : 10 13 0.710692 0.0359602 0.0359602
BinVal : 10 14 0.705036 0.0386797 0.0386797
BinVal : 10 15 0.748148 0.0373594 0.0373594
BinVal : 10 16 0.727891 0.0367067 0.0367067
BinVal : 10 17 0.571429 0.0359966 0.0359966
BinVal : 10 18 0.160839 0.0307221 0.0307221
BinVal : 10 19 0.371429 0.0408367 0.0408367
BinVal : 10 20 0.427184 0.0487412 0.0487412
BinVal : 10 21 0.977612 0.0127802 0.0127802
BinVal : 10 22 0.94186 0.0252336 0.0252336
BinVal : 10 23 0.961538 0.0217746 0.0217746
BinVal : 10 24 0.935484 0.0441237 0.0441237
BinVal : 10 25 0 0 0
BinVal : 10 26 0 0 0
BinVal : 10 27 0 0 0
BinVal : 10 28 0 0 0
BinVal : 10 29 0 0 0
BinVal : 11 0 0 0 0
BinVal : 11 1 0 0 0
BinVal : 11 2 0 0 0
BinVal : 11 3 0 0 0
BinVal : 11 4 1 0.124824 0.124824
BinVal : 11 5 0.944444 0.0381769 0.0381769
BinVal : 11 6 0.969231 0.0214198 0.0214198
BinVal : 11 7 0.988764 0.0111727 0.0111727
BinVal : 11 8 0.856 0.0314024 0.0314024
BinVal : 11 9 0 0 0
BinVal : 11 10 0.0147059 0.0145974 0.0145974
BinVal : 11 11 0 0 0
BinVal : 11 12 0 0 0
BinVal : 11 13 0 0 0
BinVal : 11 14 0.00704225 0.00701741 0.00701741
BinVal : 11 15 0 0 0
BinVal : 11 16 0.01 0.00994987 0.00994987
BinVal : 11 17 0 0 0
BinVal : 11 18 0 0 0
BinVal : 11 19 0.0166667 0.0165272 0.0165272
BinVal : 11 20 0 0 0
BinVal : 11 21 0.862069 0.0369694 0.0369694
BinVal : 11 22 1 0.00687265 0.00687265
BinVal : 11 23 0.9 0.0424264 0.0424264
BinVal : 11 24 0.96 0.0391918 0.0391918
BinVal : 11 25 1 0.218486 0.218486
BinVal : 11 26 0 0 0
BinVal : 11 27 0 0 0
BinVal : 11 28 0 0 0
BinVal : 11 29 0 0 0
BinVal : 12 0 0 0 0
BinVal : 12 1 0 0 0
BinVal : 12 2 0 0 0
BinVal : 12 3 0 0 0
BinVal : 12 4 0.666667 0.272166 0.272166
BinVal : 12 5 0.92 0.0542586 0.0542586
BinVal : 12 6 0.955556 0.0307207 0.0307207
BinVal : 12 7 1 0.0118251 0.0118251
BinVal : 12 8 0.824324 0.0442373 0.0442373
BinVal : 12 9 0 0 0
BinVal : 12 10 0 0 0
BinVal : 12 11 0 0 0
BinVal : 12 12 0 0 0
BinVal : 12 13 0 0 0
BinVal : 12 14 0.0108696 0.0108103 0.0108103
BinVal : 12 15 0 0 0
BinVal : 12 16 0 0 0
BinVal : 12 17 0 0 0
BinVal : 12 18 0 0 0
BinVal : 12 19 0 0 0
BinVal : 12 20 0 0 0
BinVal : 12 21 0.854167 0.0509424 0.0509424
BinVal : 12 22 0.978723 0.021049 0.021049
BinVal : 12 23 0.885714 0.0537785 0.0537785
BinVal : 12 24 0.939394 0.041536 0.041536
BinVal : 12 25 1 0.102643 0.102643
BinVal : 12 26 0 0 0
BinVal : 12 27 0 0 0
BinVal : 12 28 0 0 0
BinVal : 12 29 0 0 0
BinVal : 13 0 0 0 0
BinVal : 13 1 0 0 0
BinVal : 13 2 0 0 0
BinVal : 13 3 0 0 0
BinVal : 13 4 0 0 0
BinVal : 13 5 0.727273 0.134282 0.134282
BinVal : 13 6 0.860465 0.0528413 0.0528413
BinVal : 13 7 0.946429 0.0300896 0.0300896
BinVal : 13 8 0.940298 0.028946 0.028946
BinVal : 13 9 0.482143 0.0667727 0.0667727
BinVal : 13 10 0.558442 0.0565897 0.0565897
BinVal : 13 11 0.175676 0.0442373 0.0442373
BinVal : 13 12 0.666667 0.0496904 0.0496904
BinVal : 13 13 0.8 0.0410391 0.0410391
BinVal : 13 14 0.839286 0.0347035 0.0347035
BinVal : 13 15 0.757353 0.0367593 0.0367593
BinVal : 13 16 0.777778 0.0417834 0.0417834
BinVal : 13 17 0.474227 0.0506998 0.0506998
BinVal : 13 18 0.113924 0.0357462 0.0357462
BinVal : 13 19 0.368421 0.0553324 0.0553324
BinVal : 13 20 0.380952 0.0611825 0.0611825
BinVal : 13 21 0.949367 0.0246672 0.0246672
BinVal : 13 22 0.945455 0.0306209 0.0306209
BinVal : 13 23 0.891892 0.0510487 0.0510487
BinVal : 13 24 0.846154 0.100068 0.100068
BinVal : 13 25 0 0 0
BinVal : 13 26 0 0 0
BinVal : 13 27 0 0 0
BinVal : 13 28 0 0 0
BinVal : 13 29 0 0 0
BinVal : 14 0 0 0 0
BinVal : 14 1 0 0 0
BinVal : 14 2 0 0 0
BinVal : 14 3 0 0 0
BinVal : 14 4 0 0 0
BinVal : 14 5 0.7 0.144914 0.144914
BinVal : 14 6 0.902439 0.0463399 0.0463399
BinVal : 14 7 0.986111 0.0137921 0.0137921
BinVal : 14 8 0.967742 0.022439 0.022439
BinVal : 14 9 0.985714 0.0141833 0.0141833
BinVal : 14 10 0.890625 0.0390136 0.0390136
BinVal : 14 11 0.694444 0.0542872 0.0542872
BinVal : 14 12 0.669725 0.0450477 0.0450477
BinVal : 14 13 0.659574 0.0488741 0.0488741
BinVal : 14 14 0.72807 0.0416738 0.0416738
BinVal : 14 15 0.675926 0.045036 0.045036
BinVal : 14 16 0.714286 0.0514821 0.0514821
BinVal : 14 17 0.597826 0.0511211 0.0511211
BinVal : 14 18 0.736842 0.0505113 0.0505113
BinVal : 14 19 0.844828 0.047542 0.047542
BinVal : 14 20 0.956989 0.0210378 0.0210378
BinVal : 14 21 1 0.00802565 0.00802565
BinVal : 14 22 0.955882 0.0249031 0.0249031
BinVal : 14 23 0.805556 0.0659621 0.0659621
BinVal : 14 24 0.8 0.10328 0.10328
BinVal : 14 25 0 0 0
BinVal : 14 26 0 0 0
BinVal : 14 27 0 0 0
BinVal : 14 28 0 0 0
BinVal : 14 29 0 0 0
BinVal : 15 0 0 0 0
BinVal : 15 1 0 0 0
BinVal : 15 2 0 0 0
BinVal : 15 3 0 0 0
BinVal : 15 4 0.5 0.353553 0.353553
BinVal : 15 5 0.861111 0.0576384 0.0576384
BinVal : 15 6 0.952381 0.0328603 0.0328603
BinVal : 15 7 1 0.0105252 0.0105252
BinVal : 15 8 0.977528 0.0157105 0.0157105
BinVal : 15 9 0.882979 0.0331546 0.0331546
BinVal : 15 10 0.848837 0.0386265 0.0386265
BinVal : 15 11 0.76378 0.0376913 0.0376913
BinVal : 15 12 0.814433 0.0394723 0.0394723
BinVal : 15 13 0.693548 0.0414008 0.0414008
BinVal : 15 14 0.717391 0.0383293 0.0383293
BinVal : 15 15 0.664234 0.0403477 0.0403477
BinVal : 15 16 0.684685 0.0441018 0.0441018
BinVal : 15 17 0.866667 0.0331742 0.0331742
BinVal : 15 18 0.693069 0.0458931 0.0458931
BinVal : 15 19 0.788732 0.0484454 0.0484454
BinVal : 15 20 0.835052 0.037683 0.037683
BinVal : 15 21 0.959184 0.0199873 0.0199873
BinVal : 15 22 0.985915 0.013985 0.013985
BinVal : 15 23 0.898551 0.0363472 0.0363472
BinVal : 15 24 1 0.0224566 0.0224566
BinVal : 15 25 1 0.218486 0.218486
BinVal : 15 26 0 0 0
BinVal : 15 27 0 0 0
BinVal : 15 28 0 0 0
BinVal : 15 29 0 0 0


