Comments : includes prescale inefficiency, cosmic veto applied 
EffMethod : TagAndProbe 
EffName : eff 
EffType : Binned 
EffVarNames : phi deteta 
EffVersion : 5 
ObjQuality : SingleMuonTriggersOR-AND-MuFromMuJets 
ObjRelativeTo : loose_tracknewmedium_iso_TrkTightScaled 
ObjType : MuANDSingleMuonOR 
ObjVersion : 1 
RunRangeHigh : -1 
RunRangeLow : -1 
TriggerVersionHigh : 10.3 
TriggerVersionLow : 8 
BinEdges1 : 0 3.9 4.25 5.15 5.5 6.2832 
BinEdges2 : -2.2 -1.9 -1.6 -1.4 -1.2 -1 -0.6 -0.2 0.2 0.6 1 1.2 1.4 1.6 1.9 2.2 
BinVal : 0 2     0.272727 0.0775275 0.0775275 0 0
BinVal : 0 3     0.842105 0.0591528 0.0591528 0 0
BinVal : 0 4     0.714286 0.0697071 0.0697071 0 0
BinVal : 0 5     0.721154 0.0439723 0.0439723 0 0
BinVal : 0 6     0.779661 0.0381555 0.0381555 0 0
BinVal : 0 7     0.859649 0.0325324 0.0325324 0 0
BinVal : 0 8     0.680328 0.0422213 0.0422213 0 0
BinVal : 0 9     0.683168 0.0462932 0.0462932 0 0
BinVal : 0 10     0.822222 0.0569937 0.0569937 0 0
BinVal : 0 11     0.916667 0.0460642 0.0460642 0 0
BinVal : 0 12     0.2 0.0894427 0.0894427 0 0
BinVal : 1 3     1 0.102643 0.102643 0 0
BinVal : 1 4     0.4 0.219089 0.219089 0 0
BinVal : 1 5     0.214286 0.109664 0.109664 0 0
BinVal : 1 6     0.454545 0.150131 0.150131 0 0
BinVal : 1 7     0.4 0.154919 0.154919 0 0
BinVal : 1 8     0.533333 0.128812 0.128812 0 0
BinVal : 1 9     0.214286 0.109664 0.109664 0 0
BinVal : 1 11     0.625 0.171163 0.171163 0 0
BinVal : 2 2     0.2 0.126491 0.126491 0 0
BinVal : 2 3     0.666667 0.121716 0.121716 0 0
BinVal : 2 5     0.142857 0.093522 0.093522 0 0
BinVal : 2 6     0.2 0.0894427 0.0894427 0 0
BinVal : 2 7     0.0588235 0.0570672 0.0570672 0 0
BinVal : 2 8     0.0588235 0.0570672 0.0570672 0 0
BinVal : 2 9     0.153846 0.100068 0.100068 0 0
BinVal : 2 11     0.909091 0.0866784 0.0866784 0 0
BinVal : 2 12     0.4 0.154919 0.154919 0 0
BinVal : 3 3     0.8 0.178885 0.178885 0 0
BinVal : 3 5     0.111111 0.104757 0.104757 0 0
BinVal : 3 6     0.333333 0.111111 0.111111 0 0
BinVal : 3 7     0.0625 0.0605154 0.0605154 0 0
BinVal : 3 8     0.4375 0.12402 0.12402 0 0
BinVal : 3 9     0.352941 0.115904 0.115904 0 0
BinVal : 3 11     0.75 0.216506 0.216506 0 0
BinVal : 3 12     0.666667 0.272166 0.272166 0 0
BinVal : 4 2     0.166667 0.107583 0.107583 0 0
BinVal : 4 3     0.636364 0.145041 0.145041 0 0
BinVal : 4 4     0.6 0.126491 0.126491 0 0
BinVal : 4 5     0.655172 0.0882632 0.0882632 0 0
BinVal : 4 6     0.878788 0.0568144 0.0568144 0 0
BinVal : 4 7     0.741935 0.0785898 0.0785898 0 0
BinVal : 4 8     0.724138 0.0829961 0.0829961 0 0
BinVal : 4 9     0.53125 0.0882155 0.0882155 0 0
BinVal : 4 10     0.733333 0.11418 0.11418 0 0
BinVal : 4 11     1 0.0871301 0.0871301 0 0


Comments : includes prescale inefficiency, cosmic veto applied 
EffMethod : TagAndProbe 
EffName : eff 
EffType : Binned 
EffVarNames : phi deteta 
EffVersion : 5 
ObjQuality : SingleMuonTriggersOR-AND-MuFromMuJets 
ObjRelativeTo : loose_tracknewmedium_iso_TrkTightScaled 
ObjType : MuANDSingleMuonOR 
ObjVersion : 1 
RunRangeHigh : -1 
RunRangeLow : -1 
TriggerVersionHigh : 12 
TriggerVersionLow : 10.3 
BinEdges1 : 0 0.3927 0.7854 1.1781 1.5708 1.9635 2.3562 2.7489 3.1416 3.5343 3.927 4.3197 4.7124 5.1051 5.4978 5.8905 6.2832 
BinEdges2 : -2.2 -1.9 -1.6 -1.4 -1.2 -1 -0.6 -0.2 0.2 0.6 1 1.2 1.4 1.6 1.9 2.2 
BinVal : 0 1     0.333333 0.111111 0.111111 0 0
BinVal : 0 2     0.533333 0.128812 0.128812 0 0
BinVal : 0 3     0.913043 0.0587534 0.0587534 0 0
BinVal : 0 4     0.818182 0.0671408 0.0671408 0 0
BinVal : 0 5     0.72549 0.0624899 0.0624899 0 0
BinVal : 0 6     0.721311 0.0574058 0.0574058 0 0
BinVal : 0 7     0.671429 0.0561391 0.0561391 0 0
BinVal : 0 8     0.61194 0.0595342 0.0595342 0 0
BinVal : 0 9     0.692308 0.0739053 0.0739053 0 0
BinVal : 0 10     0.793103 0.0752216 0.0752216 0 0
BinVal : 0 11     0.842105 0.0836547 0.0836547 0 0
BinVal : 0 12     0.538462 0.138264 0.138264 0 0
BinVal : 0 13     0.2 0.0894427 0.0894427 0 0
BinVal : 1 1     0.117647 0.0781425 0.0781425 0 0
BinVal : 1 2     0.8 0.10328 0.10328 0 0
BinVal : 1 3     0.8 0.0894427 0.0894427 0 0
BinVal : 1 4     0.85 0.0798436 0.0798436 0 0
BinVal : 1 5     0.76 0.0603987 0.0603987 0 0
BinVal : 1 6     0.677966 0.0608315 0.0608315 0 0
BinVal : 1 7     0.794521 0.0472907 0.0472907 0 0
BinVal : 1 8     0.565217 0.0730912 0.0730912 0 0
BinVal : 1 9     0.693878 0.0658402 0.0658402 0 0
BinVal : 1 10     0.833333 0.087841 0.087841 0 0
BinVal : 1 11     0.913043 0.0587534 0.0587534 0 0
BinVal : 1 12     0.5 0.133631 0.133631 0 0
BinVal : 1 13     0.25 0.153093 0.153093 0 0
BinVal : 2 2     0.333333 0.136083 0.136083 0 0
BinVal : 2 3     0.928571 0.0688303 0.0688303 0 0
BinVal : 2 4     0.846154 0.100068 0.100068 0 0
BinVal : 2 5     0.709677 0.0815249 0.0815249 0 0
BinVal : 2 6     0.636364 0.0725204 0.0725204 0 0
BinVal : 2 7     0.708333 0.0656057 0.0656057 0 0
BinVal : 2 8     0.722222 0.0746505 0.0746505 0 0
BinVal : 2 9     0.439024 0.077504 0.077504 0 0
BinVal : 2 10     0.764706 0.102879 0.102879 0 0
BinVal : 2 11     0.833333 0.107583 0.107583 0 0
BinVal : 2 12     0.714286 0.120736 0.120736 0 0
BinVal : 2 13     0.428571 0.187044 0.187044 0 0
BinVal : 3 1     0.25 0.216506 0.216506 0 0
BinVal : 3 2     0.428571 0.187044 0.187044 0 0
BinVal : 3 3     0.8 0.178885 0.178885 0 0
BinVal : 3 4     0.846154 0.100068 0.100068 0 0
BinVal : 3 5     0.5 0.158114 0.158114 0 0
BinVal : 3 6     0.625 0.121031 0.121031 0 0
BinVal : 3 7     0.733333 0.11418 0.11418 0 0
BinVal : 3 8     0.75 0.125 0.125 0 0
BinVal : 3 9     0.75 0.108253 0.108253 0 0
BinVal : 3 10     0.833333 0.152145 0.152145 0 0
BinVal : 3 11     1 0.102643 0.102643 0 0
BinVal : 3 12     0.333333 0.272166 0.272166 0 0
BinVal : 3 13     0.5 0.353553 0.353553 0 0
BinVal : 4 1     0.333333 0.272166 0.272166 0 0
BinVal : 4 2     0.875 0.116927 0.116927 0 0
BinVal : 4 3     0.875 0.116927 0.116927 0 0
BinVal : 4 4     1 0.0668855 0.0668855 0 0
BinVal : 4 5     0.888889 0.104757 0.104757 0 0
BinVal : 4 6     0.647059 0.115904 0.115904 0 0
BinVal : 4 7     0.592593 0.0945607 0.0945607 0 0
BinVal : 4 8     0.666667 0.121716 0.121716 0 0
BinVal : 4 9     0.727273 0.134282 0.134282 0 0
BinVal : 4 10     0.75 0.216506 0.216506 0 0
BinVal : 4 11     1 0.0871301 0.0871301 0 0
BinVal : 4 12     0.5 0.204124 0.204124 0 0
BinVal : 5 1     0.181818 0.116291 0.116291 0 0
BinVal : 5 2     0.75 0.125 0.125 0 0
BinVal : 5 3     0.842105 0.0836547 0.0836547 0 0
BinVal : 5 4     0.9 0.067082 0.067082 0 0
BinVal : 5 5     0.514286 0.0844809 0.0844809 0 0
BinVal : 5 6     0.447368 0.0806601 0.0806601 0 0
BinVal : 5 7     0.625 0.0765466 0.0765466 0 0
BinVal : 5 8     0.55814 0.0757321 0.0757321 0 0
BinVal : 5 9     0.585366 0.0769404 0.0769404 0 0
BinVal : 5 10     0.888889 0.0740741 0.0740741 0 0
BinVal : 5 11     0.875 0.0826797 0.0826797 0 0
BinVal : 5 12     0.5 0.144338 0.144338 0 0
BinVal : 5 13     0.3 0.144914 0.144914 0 0
BinVal : 6 1     0.25 0.153093 0.153093 0 0
BinVal : 6 2     0.352941 0.115904 0.115904 0 0
BinVal : 6 3     0.809524 0.0856891 0.0856891 0 0
BinVal : 6 4     0.857143 0.06613 0.06613 0 0
BinVal : 6 5     0.631579 0.0782518 0.0782518 0 0
BinVal : 6 6     0.6 0.069282 0.069282 0 0
BinVal : 6 7     0.716981 0.0618762 0.0618762 0 0
BinVal : 6 8     0.614035 0.0644812 0.0644812 0 0
BinVal : 6 9     0.55814 0.0757321 0.0757321 0 0
BinVal : 6 10     0.954545 0.0444095 0.0444095 0 0
BinVal : 6 11     0.857143 0.0763604 0.0763604 0 0
BinVal : 6 12     0.5 0.117851 0.117851 0 0
BinVal : 6 13     0.0909091 0.0866784 0.0866784 0 0
BinVal : 7 1     0.318182 0.0993026 0.0993026 0 0
BinVal : 7 2     0.578947 0.113269 0.113269 0 0
BinVal : 7 3     0.863636 0.073165 0.073165 0 0
BinVal : 7 4     0.764706 0.102879 0.102879 0 0
BinVal : 7 5     0.612903 0.06186 0.06186 0 0
BinVal : 7 6     0.592593 0.0668645 0.0668645 0 0
BinVal : 7 7     0.735294 0.0535005 0.0535005 0 0
BinVal : 7 8     0.597222 0.0578009 0.0578009 0 0
BinVal : 7 9     0.615385 0.067466 0.067466 0 0
BinVal : 7 10     0.68 0.0932952 0.0932952 0 0
BinVal : 7 11     0.916667 0.0564169 0.0564169 0 0
BinVal : 7 12     0.6 0.126491 0.126491 0 0
BinVal : 7 13     0.142857 0.093522 0.093522 0 0
BinVal : 8 1     0.0833333 0.0564169 0.0564169 0 0
BinVal : 8 2     0.5 0.144338 0.144338 0 0
BinVal : 8 3     0.8 0.08 0.08 0 0
BinVal : 8 4     0.6875 0.0819382 0.0819382 0 0
BinVal : 8 5     0.621212 0.0597099 0.0597099 0 0
BinVal : 8 6     0.559322 0.0646347 0.0646347 0 0
BinVal : 8 7     0.555556 0.0523783 0.0523783 0 0
BinVal : 8 8     0.528302 0.0685702 0.0685702 0 0
BinVal : 8 9     0.491803 0.0640098 0.0640098 0 0
BinVal : 8 10     0.607143 0.0922962 0.0922962 0 0
BinVal : 8 11     0.833333 0.087841 0.087841 0 0
BinVal : 8 12     0.619048 0.105971 0.105971 0 0
BinVal : 8 13     0.26087 0.0915605 0.0915605 0 0
BinVal : 9 1     0.227273 0.0893461 0.0893461 0 0
BinVal : 9 2     0.611111 0.114904 0.114904 0 0
BinVal : 9 3     0.809524 0.0856891 0.0856891 0 0
BinVal : 9 4     0.826087 0.0790342 0.0790342 0 0
BinVal : 9 5     0.618182 0.0655096 0.0655096 0 0
BinVal : 9 6     0.596491 0.0649817 0.0649817 0 0
BinVal : 9 7     0.627119 0.0629556 0.0629556 0 0
BinVal : 9 8     0.672414 0.0616264 0.0616264 0 0
BinVal : 9 9     0.632353 0.058471 0.058471 0 0
BinVal : 9 10     0.916667 0.0564169 0.0564169 0 0
BinVal : 9 11     0.966667 0.0327731 0.0327731 0 0
BinVal : 9 12     0.411765 0.119365 0.119365 0 0
BinVal : 9 13     0.125 0.116927 0.116927 0 0
BinVal : 10 1     0.388889 0.114904 0.114904 0 0
BinVal : 10 2     0.785714 0.109664 0.109664 0 0
BinVal : 10 3     0.809524 0.0856891 0.0856891 0 0
BinVal : 10 4     0.423077 0.0968907 0.0968907 0 0
BinVal : 10 5     0.295455 0.0687818 0.0687818 0 0
BinVal : 10 6     0.66129 0.0601055 0.0601055 0 0
BinVal : 10 7     0.695122 0.0508378 0.0508378 0 0
BinVal : 10 8     0.525424 0.0650102 0.0650102 0 0
BinVal : 10 9     0.191489 0.057394 0.057394 0 0
BinVal : 10 10     0.37037 0.0929349 0.0929349 0 0
BinVal : 10 11     0.947368 0.0512278 0.0512278 0 0
BinVal : 10 12     0.5 0.117851 0.117851 0 0
BinVal : 10 13     0.315789 0.106639 0.106639 0 0
BinVal : 11 1     0.105263 0.0704059 0.0704059 0 0
BinVal : 11 2     0.625 0.121031 0.121031 0 0
BinVal : 11 3     0.75 0.0968246 0.0968246 0 0
BinVal : 11 4     0.037037 0.0363447 0.0363447 0 0
BinVal : 11 11     0.8 0.0894427 0.0894427 0 0
BinVal : 11 12     0.454545 0.150131 0.150131 0 0
BinVal : 11 13     0.133333 0.0877707 0.0877707 0 0
BinVal : 12 1     0.210526 0.0935288 0.0935288 0 0
BinVal : 12 2     0.5 0.102062 0.102062 0 0
BinVal : 12 3     0.5 0.102062 0.102062 0 0
BinVal : 12 7     0.0526316 0.0512278 0.0512278 0 0
BinVal : 12 11     0.8125 0.0975781 0.0975781 0 0
BinVal : 12 12     0.923077 0.0739053 0.0739053 0 0
BinVal : 12 13     0.230769 0.116855 0.116855 0 0
BinVal : 13 1     0.266667 0.11418 0.11418 0 0
BinVal : 13 2     0.428571 0.10799 0.10799 0 0
BinVal : 13 3     0.727273 0.0949515 0.0949515 0 0
BinVal : 13 4     0.217391 0.0860061 0.0860061 0 0
BinVal : 13 5     0.319149 0.0679945 0.0679945 0 0
BinVal : 13 6     0.741379 0.057496 0.057496 0 0
BinVal : 13 7     0.690141 0.054881 0.054881 0 0
BinVal : 13 8     0.555556 0.0676201 0.0676201 0 0
BinVal : 13 9     0.26 0.0620322 0.0620322 0 0
BinVal : 13 10     0.354839 0.0859347 0.0859347 0 0
BinVal : 13 11     0.730769 0.0869893 0.0869893 0 0
BinVal : 13 12     0.722222 0.105572 0.105572 0 0
BinVal : 13 13     0.2 0.10328 0.10328 0 0
BinVal : 14 1     0.230769 0.116855 0.116855 0 0
BinVal : 14 2     0.714286 0.120736 0.120736 0 0
BinVal : 14 3     0.863636 0.073165 0.073165 0 0
BinVal : 14 4     0.933333 0.0644061 0.0644061 0 0
BinVal : 14 5     0.521739 0.0736513 0.0736513 0 0
BinVal : 14 6     0.532258 0.0633678 0.0633678 0 0
BinVal : 14 7     0.745763 0.0566884 0.0566884 0 0
BinVal : 14 8     0.508772 0.0662164 0.0662164 0 0
BinVal : 14 9     0.652174 0.0702237 0.0702237 0 0
BinVal : 14 10     0.888889 0.0604812 0.0604812 0 0
BinVal : 14 11     0.952381 0.0464714 0.0464714 0 0
BinVal : 14 12     0.642857 0.12806 0.12806 0 0
BinVal : 14 13     0.25 0.0968246 0.0968246 0 0
BinVal : 15 1     0.263158 0.101023 0.101023 0 0
BinVal : 15 2     0.470588 0.121058 0.121058 0 0
BinVal : 15 3     0.857143 0.0763604 0.0763604 0 0
BinVal : 15 4     0.575758 0.086034 0.086034 0 0
BinVal : 15 5     0.510638 0.072916 0.072916 0 0
BinVal : 15 6     0.671429 0.0561391 0.0561391 0 0
BinVal : 15 7     0.695652 0.0553932 0.0553932 0 0
BinVal : 15 8     0.571429 0.062348 0.062348 0 0
BinVal : 15 9     0.706897 0.0597688 0.0597688 0 0
BinVal : 15 10     0.666667 0.111111 0.111111 0 0
BinVal : 15 11     0.947368 0.0512278 0.0512278 0 0
BinVal : 15 12     0.555556 0.117121 0.117121 0 0
BinVal : 15 13     0.111111 0.0740741 0.0740741 0 0


Comments : includes prescale inefficiency, cosmic veto applied 
EffMethod : TagAndProbe 
EffName : eff 
EffType : Binned 
EffVarNames : phi deteta 
EffVersion : 5 
ObjQuality : SingleMuonTriggersOR-AND-MuFromMuJets 
ObjRelativeTo : loose_tracknewmedium_iso_TrkTightScaled 
ObjType : MuANDSingleMuonOR 
ObjVersion : 1 
RunRangeHigh : -1 
RunRangeLow : -1 
TriggerVersionHigh : 13 
TriggerVersionLow : 12 
BinEdges1 : 0 0.3927 0.7854 1.1781 1.5708 1.9635 2.3562 2.7489 3.1416 3.5343 3.927 4.3197 4.7124 5.1051 5.4978 5.8905 6.2832 
BinEdges2 : -2.2 -2 -1.8 -1.6 -1.55 -1.5 -1.4 -1.2 -1.1 -1 -0.8 -0.6 -0.4 -0.2 0 0.2 0.4 0.6 0.8 1 1.1 1.2 1.4 1.5 1.55 1.6 1.8 2 2.2 
BinVal : 0 4     0.047619 0.0464714 0.0464714 0 0
BinVal : 0 5     0.37037 0.0929349 0.0929349 0 0
BinVal : 0 6     0.87931 0.0427752 0.0427752 0 0
BinVal : 0 7     0.935484 0.0441237 0.0441237 0 0
BinVal : 0 8     0.793103 0.0752216 0.0752216 0 0
BinVal : 0 9     0.791667 0.0414491 0.0414491 0 0
BinVal : 0 10     0.686047 0.0500449 0.0500449 0 0
BinVal : 0 11     0.514852 0.0497299 0.0497299 0 0
BinVal : 0 12     0.6 0.0502625 0.0502625 0 0
BinVal : 0 13     0.8 0.039036 0.039036 0 0
BinVal : 0 14     0.736842 0.0412423 0.0412423 0 0
BinVal : 0 15     0.702479 0.0415607 0.0415607 0 0
BinVal : 0 16     0.676471 0.0463214 0.0463214 0 0
BinVal : 0 17     0.692308 0.0483824 0.0483824 0 0
BinVal : 0 18     0.786517 0.0434351 0.0434351 0 0
BinVal : 0 19     0.470588 0.0698928 0.0698928 0 0
BinVal : 0 20     0.941176 0.0403526 0.0403526 0 0
BinVal : 0 21     0.895522 0.0373691 0.0373691 0 0
BinVal : 0 22     0.464286 0.0942498 0.0942498 0 0
BinVal : 1 5     0.323529 0.0802309 0.0802309 0 0
BinVal : 1 6     0.848485 0.0441345 0.0441345 0 0
BinVal : 1 7     0.875 0.0522913 0.0522913 0 0
BinVal : 1 8     0.931818 0.0379991 0.0379991 0 0
BinVal : 1 9     0.617284 0.0540055 0.0540055 0 0
BinVal : 1 10     0.777778 0.0461933 0.0461933 0 0
BinVal : 1 11     0.586538 0.0482891 0.0482891 0 0
BinVal : 1 12     0.56383 0.0511491 0.0511491 0 0
BinVal : 1 13     0.606742 0.0517781 0.0517781 0 0
BinVal : 1 14     0.71134 0.0460093 0.0460093 0 0
BinVal : 1 15     0.54902 0.0492689 0.0492689 0 0
BinVal : 1 16     0.744681 0.0449741 0.0449741 0 0
BinVal : 1 17     0.774194 0.0531003 0.0531003 0 0
BinVal : 1 18     0.619048 0.0529856 0.0529856 0 0
BinVal : 1 19     0.9375 0.0427908 0.0427908 0 0
BinVal : 1 20     0.883721 0.0488848 0.0488848 0 0
BinVal : 1 21     0.861111 0.0407565 0.0407565 0 0
BinVal : 1 22     0.380952 0.105971 0.105971 0 0
BinVal : 2 5     0.5 0.111803 0.111803 0 0
BinVal : 2 6     0.875 0.0584634 0.0584634 0 0
BinVal : 2 7     0.923077 0.0522589 0.0522589 0 0
BinVal : 2 8     0.885714 0.0537785 0.0537785 0 0
BinVal : 2 9     0.603175 0.0616383 0.0616383 0 0
BinVal : 2 10     0.820895 0.0468446 0.0468446 0 0
BinVal : 2 11     0.666667 0.0624391 0.0624391 0 0
BinVal : 2 12     0.768116 0.0508071 0.0508071 0 0
BinVal : 2 13     0.843137 0.0509242 0.0509242 0 0
BinVal : 2 14     0.75 0.0525105 0.0525105 0 0
BinVal : 2 15     0.615385 0.0603434 0.0603434 0 0
BinVal : 2 16     0.584615 0.0611229 0.0611229 0 0
BinVal : 2 17     0.818182 0.0474757 0.0474757 0 0
BinVal : 2 18     0.610169 0.0634947 0.0634947 0 0
BinVal : 2 19     0.916667 0.0564169 0.0564169 0 0
BinVal : 2 20     0.807692 0.077292 0.077292 0 0
BinVal : 2 21     0.792453 0.0557067 0.0557067 0 0
BinVal : 2 22     0.384615 0.0954113 0.0954113 0 0
BinVal : 3 5     0.611111 0.114904 0.114904 0 0
BinVal : 3 6     0.875 0.0826797 0.0826797 0 0
BinVal : 3 7     0.857143 0.093522 0.093522 0 0
BinVal : 3 8     0.666667 0.136083 0.136083 0 0
BinVal : 3 9     0.8 0.0894427 0.0894427 0 0
BinVal : 3 10     0.68 0.0932952 0.0932952 0 0
BinVal : 3 11     0.633333 0.0879815 0.0879815 0 0
BinVal : 3 12     0.73913 0.0915605 0.0915605 0 0
BinVal : 3 13     0.733333 0.0807373 0.0807373 0 0
BinVal : 3 14     0.692308 0.0905151 0.0905151 0 0
BinVal : 3 15     0.607143 0.0922962 0.0922962 0 0
BinVal : 3 16     0.714286 0.0853735 0.0853735 0 0
BinVal : 3 17     0.708333 0.0927805 0.0927805 0 0
BinVal : 3 18     0.666667 0.102869 0.102869 0 0
BinVal : 3 19     0.181818 0.116291 0.116291 0 0
BinVal : 3 20     0.818182 0.116291 0.116291 0 0
BinVal : 3 21     0.818182 0.116291 0.116291 0 0
BinVal : 3 22     0.333333 0.157135 0.157135 0 0
BinVal : 4 5     0.5 0.158114 0.158114 0 0
BinVal : 4 6     0.863636 0.073165 0.073165 0 0
BinVal : 4 7     1 0.0495858 0.0495858 0 0
BinVal : 4 8     0.727273 0.134282 0.134282 0 0
BinVal : 4 9     0.75 0.0765466 0.0765466 0 0
BinVal : 4 10     0.818182 0.0822304 0.0822304 0 0
BinVal : 4 11     0.636364 0.102559 0.102559 0 0
BinVal : 4 12     0.733333 0.0807373 0.0807373 0 0
BinVal : 4 13     0.76 0.0854166 0.0854166 0 0
BinVal : 4 14     0.64 0.096 0.096 0 0
BinVal : 4 15     0.4 0.0979796 0.0979796 0 0
BinVal : 4 16     0.655172 0.0882632 0.0882632 0 0
BinVal : 4 17     0.631579 0.110665 0.110665 0 0
BinVal : 4 18     0.730769 0.0869893 0.0869893 0 0
BinVal : 4 19     0.466667 0.128812 0.128812 0 0
BinVal : 4 20     0.8 0.126491 0.126491 0 0
BinVal : 4 21     0.869565 0.0702237 0.0702237 0 0
BinVal : 4 22     0.555556 0.165635 0.165635 0 0
BinVal : 5 5     0.608696 0.101764 0.101764 0 0
BinVal : 5 6     0.916667 0.0460642 0.0460642 0 0
BinVal : 5 7     1 0.0194201 0.0194201 0 0
BinVal : 5 8     0.8125 0.0689981 0.0689981 0 0
BinVal : 5 9     0.553571 0.0664307 0.0664307 0 0
BinVal : 5 10     0.745098 0.0610251 0.0610251 0 0
BinVal : 5 11     0.731343 0.0541529 0.0541529 0 0
BinVal : 5 12     0.614035 0.0644812 0.0644812 0 0
BinVal : 5 13     0.681818 0.0573324 0.0573324 0 0
BinVal : 5 14     0.606061 0.0601452 0.0601452 0 0
BinVal : 5 15     0.338028 0.0561393 0.0561393 0 0
BinVal : 5 16     0.581818 0.0665112 0.0665112 0 0
BinVal : 5 17     0.68 0.0659697 0.0659697 0 0
BinVal : 5 18     0.553571 0.0664307 0.0664307 0 0
BinVal : 5 19     0.806452 0.0709583 0.0709583 0 0
BinVal : 5 20     0.952381 0.0464714 0.0464714 0 0
BinVal : 5 21     0.911111 0.0424232 0.0424232 0 0
BinVal : 5 22     0.5 0.125 0.125 0 0
BinVal : 6 5     0.35 0.106654 0.106654 0 0
BinVal : 6 6     0.86 0.0490714 0.0490714 0 0
BinVal : 6 7     0.918919 0.0448743 0.0448743 0 0
BinVal : 6 8     0.925 0.0416458 0.0416458 0 0
BinVal : 6 9     0.47561 0.05515 0.05515 0 0
BinVal : 6 10     0.457627 0.0648603 0.0648603 0 0
BinVal : 6 11     0.443038 0.0558881 0.0558881 0 0
BinVal : 6 12     0.670886 0.0528669 0.0528669 0 0
BinVal : 6 13     0.828571 0.0450461 0.0450461 0 0
BinVal : 6 14     0.729412 0.0481872 0.0481872 0 0
BinVal : 6 15     0.707317 0.0502457 0.0502457 0 0
BinVal : 6 16     0.65 0.0533268 0.0533268 0 0
BinVal : 6 17     0.766234 0.048231 0.048231 0 0
BinVal : 6 18     0.594595 0.0570741 0.0570741 0 0
BinVal : 6 19     0.875 0.0522913 0.0522913 0 0
BinVal : 6 20     0.894737 0.0497845 0.0497845 0 0
BinVal : 6 21     0.865385 0.0473315 0.0473315 0 0
BinVal : 6 22     0.25 0.0968246 0.0968246 0 0
BinVal : 7 5     0.484848 0.0869989 0.0869989 0 0
BinVal : 7 6     0.90625 0.0364351 0.0364351 0 0
BinVal : 7 7     0.857143 0.06613 0.06613 0 0
BinVal : 7 8     0.638889 0.0800538 0.0800538 0 0
BinVal : 7 9     0.38961 0.0555742 0.0555742 0 0
BinVal : 7 10     0.450549 0.0521573 0.0521573 0 0
BinVal : 7 11     0.603774 0.0475068 0.0475068 0 0
BinVal : 7 12     0.701149 0.0490764 0.0490764 0 0
BinVal : 7 13     0.762887 0.0431839 0.0431839 0 0
BinVal : 7 14     0.737705 0.0398251 0.0398251 0 0
BinVal : 7 15     0.683673 0.0469763 0.0469763 0 0
BinVal : 7 16     0.576577 0.046898 0.046898 0 0
BinVal : 7 17     0.685393 0.049222 0.049222 0 0
BinVal : 7 18     0.8875 0.0353277 0.0353277 0 0
BinVal : 7 19     0.533333 0.0743698 0.0743698 0 0
BinVal : 7 20     0.909091 0.0500438 0.0500438 0 0
BinVal : 7 21     0.960784 0.0271805 0.0271805 0 0
BinVal : 7 22     0.2 0.0730297 0.0730297 0 0
BinVal : 8 5     0.463415 0.0778776 0.0778776 0 0
BinVal : 8 6     0.902778 0.0349146 0.0349146 0 0
BinVal : 8 7     0.742857 0.0738764 0.0738764 0 0
BinVal : 8 8     0.565217 0.103367 0.103367 0 0
BinVal : 8 9     0.533333 0.0576066 0.0576066 0 0
BinVal : 8 10     0.453488 0.0536826 0.0536826 0 0
BinVal : 8 11     0.616071 0.0459549 0.0459549 0 0
BinVal : 8 12     0.836538 0.0362605 0.0362605 0 0
BinVal : 8 13     0.886957 0.0295274 0.0295274 0 0
BinVal : 8 14     0.792 0.0363027 0.0363027 0 0
BinVal : 8 15     0.771429 0.0409793 0.0409793 0 0
BinVal : 8 16     0.70297 0.0454682 0.0454682 0 0
BinVal : 8 17     0.628866 0.0490522 0.0490522 0 0
BinVal : 8 18     0.722222 0.0472131 0.0472131 0 0
BinVal : 8 19     0.533333 0.0743698 0.0743698 0 0
BinVal : 8 20     0.916667 0.0460642 0.0460642 0 0
BinVal : 8 21     0.896104 0.0347723 0.0347723 0 0
BinVal : 8 22     0.428571 0.093522 0.093522 0 0
BinVal : 9 4     0.0714286 0.0688303 0.0688303 0 0
BinVal : 9 5     0.56 0.0992774 0.0992774 0 0
BinVal : 9 6     0.826087 0.0456304 0.0456304 0 0
BinVal : 9 7     0.953488 0.0321147 0.0321147 0 0
BinVal : 9 8     0.926829 0.0406702 0.0406702 0 0
BinVal : 9 9     0.540541 0.0579324 0.0579324 0 0
BinVal : 9 10     0.523256 0.053858 0.053858 0 0
BinVal : 9 11     0.655556 0.0500891 0.0500891 0 0
BinVal : 9 12     0.504673 0.0483347 0.0483347 0 0
BinVal : 9 13     0.689655 0.0495997 0.0495997 0 0
BinVal : 9 14     0.715596 0.0432104 0.0432104 0 0
BinVal : 9 15     0.680412 0.0473473 0.0473473 0 0
BinVal : 9 16     0.694444 0.0542872 0.0542872 0 0
BinVal : 9 17     0.60241 0.0537186 0.0537186 0 0
BinVal : 9 18     0.641026 0.0543153 0.0543153 0 0
BinVal : 9 19     0.741935 0.0785898 0.0785898 0 0
BinVal : 9 20     0.906977 0.0442955 0.0442955 0 0
BinVal : 9 21     0.927536 0.0312105 0.0312105 0 0
BinVal : 9 22     0.472222 0.0832046 0.0832046 0 0
BinVal : 10 5     0.52381 0.108985 0.108985 0 0
BinVal : 10 6     0.898305 0.0393492 0.0393492 0 0
BinVal : 10 7     0.472222 0.0832046 0.0832046 0 0
BinVal : 10 8     0.147059 0.0607387 0.0607387 0 0
BinVal : 10 9     0.380952 0.0529856 0.0529856 0 0
BinVal : 10 10     0.0972222 0.0349146 0.0349146 0 0
BinVal : 10 11     0.72 0.0448999 0.0448999 0 0
BinVal : 10 12     0.623853 0.0463988 0.0463988 0 0
BinVal : 10 13     0.612069 0.0452427 0.0452427 0 0
BinVal : 10 14     0.75 0.0416667 0.0416667 0 0
BinVal : 10 15     0.721739 0.0417895 0.0417895 0 0
BinVal : 10 16     0.708333 0.0463902 0.0463902 0 0
BinVal : 10 17     0.2 0.046188 0.046188 0 0
BinVal : 10 18     0.4375 0.0554632 0.0554632 0 0
BinVal : 10 19     0.166667 0.062113 0.062113 0 0
BinVal : 10 20     0.357143 0.0905522 0.0905522 0 0
BinVal : 10 21     0.828571 0.0450461 0.0450461 0 0
BinVal : 10 22     0.558824 0.0851538 0.0851538 0 0
BinVal : 11 5     0.513514 0.0821695 0.0821695 0 0
BinVal : 11 6     0.672131 0.0601052 0.0601052 0 0
BinVal : 11 9     0.0232558 0.0229838 0.0229838 0 0
BinVal : 11 11     0.0181818 0.0180158 0.0180158 0 0
BinVal : 11 21     0.66129 0.0601055 0.0601055 0 0
BinVal : 11 22     0.424242 0.086034 0.086034 0 0
BinVal : 12 5     0.56 0.0992774 0.0992774 0 0
BinVal : 12 6     0.660377 0.0650514 0.0650514 0 0
BinVal : 12 14     0.015625 0.0155024 0.0155024 0 0
BinVal : 12 21     0.8 0.053936 0.053936 0 0
BinVal : 12 22     0.5 0.0833333 0.0833333 0 0
BinVal : 13 4     0.0588235 0.0570672 0.0570672 0 0
BinVal : 13 5     0.375 0.121031 0.121031 0 0
BinVal : 13 6     0.861538 0.0428396 0.0428396 0 0
BinVal : 13 7     0.382353 0.0833418 0.0833418 0 0
BinVal : 13 8     0.0769231 0.0522589 0.0522589 0 0
BinVal : 13 9     0.390625 0.0609863 0.0609863 0 0
BinVal : 13 10     0.19 0.0392301 0.0392301 0 0
BinVal : 13 11     0.652174 0.0573374 0.0573374 0 0
BinVal : 13 12     0.636364 0.0458659 0.0458659 0 0
BinVal : 13 13     0.60396 0.0486646 0.0486646 0 0
BinVal : 13 14     0.601695 0.0450666 0.0450666 0 0
BinVal : 13 15     0.718447 0.0443158 0.0443158 0 0
BinVal : 13 16     0.602273 0.0521733 0.0521733 0 0
BinVal : 13 17     0.0952381 0.036983 0.036983 0 0
BinVal : 13 18     0.405063 0.055231 0.055231 0 0
BinVal : 13 19     0.133333 0.0620633 0.0620633 0 0
BinVal : 13 20     0.45 0.0786607 0.0786607 0 0
BinVal : 13 21     0.779661 0.0539601 0.0539601 0 0
BinVal : 13 22     0.368421 0.110665 0.110665 0 0
BinVal : 13 23     0.0909091 0.0866784 0.0866784 0 0
BinVal : 14 4     0.0909091 0.0866784 0.0866784 0 0
BinVal : 14 5     0.3 0.10247 0.10247 0 0
BinVal : 14 6     0.923077 0.0369527 0.0369527 0 0
BinVal : 14 7     0.9 0.0547723 0.0547723 0 0
BinVal : 14 8     0.921053 0.0437441 0.0437441 0 0
BinVal : 14 9     0.556818 0.0529549 0.0529549 0 0
BinVal : 14 10     0.743902 0.0482007 0.0482007 0 0
BinVal : 14 11     0.547368 0.0510682 0.0510682 0 0
BinVal : 14 12     0.5 0.051031 0.051031 0 0
BinVal : 14 13     0.618557 0.0493195 0.0493195 0 0
BinVal : 14 14     0.712963 0.0435302 0.0435302 0 0
BinVal : 14 15     0.5 0.0485643 0.0485643 0 0
BinVal : 14 16     0.6375 0.0537464 0.0537464 0 0
BinVal : 14 17     0.547619 0.0543065 0.0543065 0 0
BinVal : 14 18     0.647059 0.057952 0.057952 0 0
BinVal : 14 19     0.866667 0.0506745 0.0506745 0 0
BinVal : 14 20     0.909091 0.0500438 0.0500438 0 0
BinVal : 14 21     0.850746 0.0435337 0.0435337 0 0
BinVal : 14 22     0.344828 0.0882632 0.0882632 0 0
BinVal : 15 5     0.46875 0.0882155 0.0882155 0 0
BinVal : 15 6     0.913043 0.0339213 0.0339213 0 0
BinVal : 15 7     0.804878 0.0618908 0.0618908 0 0
BinVal : 15 8     0.489796 0.0714137 0.0714137 0 0
BinVal : 15 9     0.790123 0.0452467 0.0452467 0 0
BinVal : 15 10     0.677083 0.0477233 0.0477233 0 0
BinVal : 15 11     0.355769 0.0469449 0.0469449 0 0
BinVal : 15 12     0.56 0.0496387 0.0496387 0 0
BinVal : 15 13     0.752688 0.0447392 0.0447392 0 0
BinVal : 15 14     0.707965 0.0427744 0.0427744 0 0
BinVal : 15 15     0.696078 0.0455418 0.0455418 0 0
BinVal : 15 16     0.64 0.048 0.048 0 0
BinVal : 15 17     0.626506 0.0530964 0.0530964 0 0
BinVal : 15 18     0.7375 0.0491927 0.0491927 0 0
BinVal : 15 19     0.47619 0.0770641 0.0770641 0 0
BinVal : 15 20     0.916667 0.0460642 0.0460642 0 0
BinVal : 15 21     0.811594 0.0470752 0.0470752 0 0
BinVal : 15 22     0.451613 0.0893812 0.0893812 0 0


Comments : includes prescale inefficiency, cosmic veto applied 
EffMethod : TagAndProbe 
EffName : eff 
EffType : Binned 
EffVarNames : phi deteta 
EffVersion : 5 
ObjQuality : SingleMuonTriggersOR-AND-MuFromMuJets 
ObjRelativeTo : loose_tracknewmedium_iso_TrkTightScaled 
ObjType : MuANDSingleMuonOR 
ObjVersion : 1 
RunRangeHigh : -1 
RunRangeLow : -1 
TriggerVersionHigh : 13.2 
TriggerVersionLow : 13 
BinEdges1 : 0 0.7854 1.5708 2.3562 3.1416 3.927 4.7124 5.4978 6.2832 
BinEdges2 : -2.2 -1.9 -1.6 -1.4 -1.2 -1 -0.6 -0.2 0.2 0.6 1 1.2 1.4 1.6 1.9 2.2 
BinVal : 0 1     0.8125 0.0975781 0.0975781 0 0
BinVal : 0 2     0.818182 0.116291 0.116291 0 0
BinVal : 0 3     0.863636 0.073165 0.073165 0 0
BinVal : 0 4     0.689655 0.0859091 0.0859091 0 0
BinVal : 0 5     0.738095 0.0678427 0.0678427 0 0
BinVal : 0 6     0.468085 0.0727838 0.0727838 0 0
BinVal : 0 7     0.820895 0.0468446 0.0468446 0 0
BinVal : 0 8     0.704545 0.0687818 0.0687818 0 0
BinVal : 0 9     0.709091 0.0612418 0.0612418 0 0
BinVal : 0 10     0.9 0.067082 0.067082 0 0
BinVal : 0 11     0.947368 0.0512278 0.0512278 0 0
BinVal : 0 12     1 0.039392 0.039392 0 0
BinVal : 0 13     0.769231 0.116855 0.116855 0 0
BinVal : 0 14     0.5 0.353553 0.353553 0 0
BinVal : 1 0     0.5 0.353553 0.353553 0 0
BinVal : 1 1     0.8 0.178885 0.178885 0 0
BinVal : 1 2     0.9 0.0948683 0.0948683 0 0
BinVal : 1 3     1 0.0756803 0.0756803 0 0
BinVal : 1 4     0.769231 0.116855 0.116855 0 0
BinVal : 1 5     0.52381 0.108985 0.108985 0 0
BinVal : 1 6     0.666667 0.096225 0.096225 0 0
BinVal : 1 7     0.871795 0.0535337 0.0535337 0 0
BinVal : 1 8     0.641026 0.0768134 0.0768134 0 0
BinVal : 1 9     0.823529 0.0924594 0.0924594 0 0
BinVal : 1 10     0.833333 0.107583 0.107583 0 0
BinVal : 1 11     0.7 0.144914 0.144914 0 0
BinVal : 1 12     0.777778 0.13858 0.13858 0 0
BinVal : 1 13     0.454545 0.150131 0.150131 0 0
BinVal : 1 14     0.5 0.353553 0.353553 0 0
BinVal : 2 1     0.6 0.154919 0.154919 0 0
BinVal : 2 2     0.666667 0.136083 0.136083 0 0
BinVal : 2 3     0.875 0.116927 0.116927 0 0
BinVal : 2 4     0.8 0.126491 0.126491 0 0
BinVal : 2 5     0.678571 0.0882594 0.0882594 0 0
BinVal : 2 6     0.692308 0.0905151 0.0905151 0 0
BinVal : 2 7     0.73913 0.0915605 0.0915605 0 0
BinVal : 2 8     0.655172 0.0882632 0.0882632 0 0
BinVal : 2 9     0.695652 0.0959439 0.0959439 0 0
BinVal : 2 10     1 0.0756803 0.0756803 0 0
BinVal : 2 11     1 0.159077 0.159077 0 0
BinVal : 2 12     0.8 0.178885 0.178885 0 0
BinVal : 2 13     0.333333 0.19245 0.19245 0 0
BinVal : 3 0     0.5 0.353553 0.353553 0 0
BinVal : 3 1     1 0.0756803 0.0756803 0 0
BinVal : 3 2     0.857143 0.093522 0.093522 0 0
BinVal : 3 3     0.733333 0.11418 0.11418 0 0
BinVal : 3 4     0.722222 0.105572 0.105572 0 0
BinVal : 3 5     0.107143 0.0584512 0.0584512 0 0
BinVal : 3 6     0.659091 0.0714604 0.0714604 0 0
BinVal : 3 7     0.7 0.0648074 0.0648074 0 0
BinVal : 3 8     0.684211 0.0754053 0.0754053 0 0
BinVal : 3 9     0.744186 0.0665378 0.0665378 0 0
BinVal : 3 10     0.818182 0.0822304 0.0822304 0 0
BinVal : 3 11     1 0.0216126 0.0216126 0 0
BinVal : 3 12     0.764706 0.102879 0.102879 0 0
BinVal : 3 13     0.722222 0.105572 0.105572 0 0
BinVal : 3 14     0.75 0.216506 0.216506 0 0
BinVal : 4 0     0.666667 0.272166 0.272166 0 0
BinVal : 4 1     0.375 0.121031 0.121031 0 0
BinVal : 4 2     0.85 0.0798436 0.0798436 0 0
BinVal : 4 3     0.789474 0.0935288 0.0935288 0 0
BinVal : 4 4     0.947368 0.0512278 0.0512278 0 0
BinVal : 4 5     0.184211 0.0628861 0.0628861 0 0
BinVal : 4 6     0.719298 0.0595168 0.0595168 0 0
BinVal : 4 7     0.819672 0.0492251 0.0492251 0 0
BinVal : 4 8     0.615385 0.0603434 0.0603434 0 0
BinVal : 4 9     0.6 0.0660578 0.0660578 0 0
BinVal : 4 10     0.789474 0.0935288 0.0935288 0 0
BinVal : 4 11     0.954545 0.0444095 0.0444095 0 0
BinVal : 4 12     1 0.039392 0.039392 0 0
BinVal : 4 13     0.681818 0.0993026 0.0993026 0 0
BinVal : 4 14     0.857143 0.13226 0.13226 0 0
BinVal : 5 1     0.714286 0.120736 0.120736 0 0
BinVal : 5 2     0.8125 0.0975781 0.0975781 0 0
BinVal : 5 3     0.785714 0.109664 0.109664 0 0
BinVal : 5 4     0.181818 0.0822304 0.0822304 0 0
BinVal : 5 5     0.15 0.0564579 0.0564579 0 0
BinVal : 5 6     0.472222 0.0832046 0.0832046 0 0
BinVal : 5 7     0.542373 0.0648603 0.0648603 0 0
BinVal : 5 8     0.357143 0.0739356 0.0739356 0 0
BinVal : 5 9     0.205882 0.0693446 0.0693446 0 0
BinVal : 5 10     0.230769 0.0826286 0.0826286 0 0
BinVal : 5 11     1 0.0456491 0.0456491 0 0
BinVal : 5 12     1 0.0346427 0.0346427 0 0
BinVal : 5 13     0.461538 0.138264 0.138264 0 0
BinVal : 5 14     0.5 0.353553 0.353553 0 0
BinVal : 6 0     1 0.102643 0.102643 0 0
BinVal : 6 1     0.6 0.126491 0.126491 0 0
BinVal : 6 2     0.875 0.0826797 0.0826797 0 0
BinVal : 6 3     0.642857 0.0905522 0.0905522 0 0
BinVal : 6 4     0.107143 0.0584512 0.0584512 0 0
BinVal : 6 5     0.157895 0.0591528 0.0591528 0 0
BinVal : 6 6     0.339286 0.0632697 0.0632697 0 0
BinVal : 6 7     0.245283 0.0591001 0.0591001 0 0
BinVal : 6 8     0.188679 0.0537428 0.0537428 0 0
BinVal : 6 9     0.0277778 0.0273893 0.0273893 0 0
BinVal : 6 10     0.28 0.0897998 0.0897998 0 0
BinVal : 6 11     0.733333 0.11418 0.11418 0 0
BinVal : 6 12     0.8 0.10328 0.10328 0 0
BinVal : 6 13     0.8 0.10328 0.10328 0 0
BinVal : 6 14     0.166667 0.152145 0.152145 0 0
BinVal : 7 0     0.75 0.216506 0.216506 0 0
BinVal : 7 1     0.384615 0.134932 0.134932 0 0
BinVal : 7 2     0.769231 0.116855 0.116855 0 0
BinVal : 7 3     0.8 0.126491 0.126491 0 0
BinVal : 7 4     0.923077 0.0739053 0.0739053 0 0
BinVal : 7 5     0.617021 0.0709069 0.0709069 0 0
BinVal : 7 6     0.425 0.0781625 0.0781625 0 0
BinVal : 7 7     0.741935 0.0555714 0.0555714 0 0
BinVal : 7 8     0.634615 0.0667773 0.0667773 0 0
BinVal : 7 9     0.6 0.0660578 0.0660578 0 0
BinVal : 7 10     0.666667 0.0907218 0.0907218 0 0
BinVal : 7 11     0.9 0.067082 0.067082 0 0
BinVal : 7 12     0.818182 0.0822304 0.0822304 0 0
BinVal : 7 13     0.666667 0.102869 0.102869 0 0
BinVal : 7 14     1 0.124824 0.124824 0 0


Comments : includes prescale inefficiency, cosmic veto applied 
EffMethod : TagAndProbe 
EffName : eff 
EffType : Binned 
EffVarNames : phi deteta 
EffVersion : 5 
ObjQuality : SingleMuonTriggersOR-AND-MuFromMuJets 
ObjRelativeTo : loose_tracknewmedium_iso_TrkTightScaled 
ObjType : MuANDSingleMuonOR 
ObjVersion : 1 
RunRangeHigh : -1 
RunRangeLow : -1 
TriggerVersionHigh : 14 
TriggerVersionLow : 13.2 
BinEdges1 : 0 0.3927 0.7854 1.1781 1.5708 1.9635 2.3562 2.7489 3.1416 3.5343 3.927 4.3197 4.7124 5.1051 5.4978 5.8905 6.2832 
BinEdges2 : -2.2 -2 -1.8 -1.6 -1.55 -1.5 -1.4 -1.2 -1.1 -1 -0.8 -0.6 -0.4 -0.2 0 0.2 0.4 0.6 0.8 1 1.1 1.2 1.4 1.5 1.55 1.6 1.8 2 2.2 
BinVal : 0 0     0.6 0.219089 0.219089 0 0
BinVal : 0 1     0.45098 0.0696767 0.0696767 0 0
BinVal : 0 2     0.474576 0.0650102 0.0650102 0 0
BinVal : 0 3     0.388889 0.114904 0.114904 0 0
BinVal : 0 4     0.8 0.0730297 0.0730297 0 0
BinVal : 0 5     0.849057 0.0491742 0.0491742 0 0
BinVal : 0 6     0.842593 0.0350437 0.0350437 0 0
BinVal : 0 7     0.93617 0.0356566 0.0356566 0 0
BinVal : 0 8     0.476923 0.0619513 0.0619513 0 0
BinVal : 0 9     0.645161 0.0429674 0.0429674 0 0
BinVal : 0 10     0.366906 0.0408794 0.0408794 0 0
BinVal : 0 11     0.581699 0.0398793 0.0398793 0 0
BinVal : 0 12     0.734266 0.0369388 0.0369388 0 0
BinVal : 0 13     0.771812 0.0343802 0.0343802 0 0
BinVal : 0 14     0.771242 0.0339577 0.0339577 0 0
BinVal : 0 15     0.577922 0.0397989 0.0397989 0 0
BinVal : 0 16     0.609467 0.0375284 0.0375284 0 0
BinVal : 0 17     0.540741 0.0428901 0.0428901 0 0
BinVal : 0 18     0.5 0.0472456 0.0472456 0 0
BinVal : 0 19     0.508772 0.0662164 0.0662164 0 0
BinVal : 0 20     0.883333 0.0414438 0.0414438 0 0
BinVal : 0 21     0.948454 0.0224503 0.0224503 0 0
BinVal : 0 22     0.710526 0.0735703 0.0735703 0 0
BinVal : 0 23     0.809524 0.0856891 0.0856891 0 0
BinVal : 0 24     0.578947 0.113269 0.113269 0 0
BinVal : 0 25     0.46875 0.0623778 0.0623778 0 0
BinVal : 0 26     0.291667 0.0656057 0.0656057 0 0
BinVal : 1 1     0.44 0.0992774 0.0992774 0 0
BinVal : 1 2     0.404762 0.0757392 0.0757392 0 0
BinVal : 1 3     0.52381 0.108985 0.108985 0 0
BinVal : 1 4     0.529412 0.121058 0.121058 0 0
BinVal : 1 5     0.867925 0.0465066 0.0465066 0 0
BinVal : 1 6     0.811111 0.0412593 0.0412593 0 0
BinVal : 1 7     0.84 0.0518459 0.0518459 0 0
BinVal : 1 8     0.936508 0.0307217 0.0307217 0 0
BinVal : 1 9     0.477941 0.0428329 0.0428329 0 0
BinVal : 1 10     0.459677 0.0447551 0.0447551 0 0
BinVal : 1 11     0.485915 0.0419424 0.0419424 0 0
BinVal : 1 12     0.586466 0.0427023 0.0427023 0 0
BinVal : 1 13     0.628378 0.0397219 0.0397219 0 0
BinVal : 1 14     0.69697 0.0400003 0.0400003 0 0
BinVal : 1 15     0.618644 0.0447141 0.0447141 0 0
BinVal : 1 16     0.540146 0.04258 0.04258 0 0
BinVal : 1 17     0.556452 0.0446142 0.0446142 0 0
BinVal : 1 18     0.470588 0.0457556 0.0457556 0 0
BinVal : 1 19     0.921569 0.0376464 0.0376464 0 0
BinVal : 1 20     0.894737 0.0406489 0.0406489 0 0
BinVal : 1 21     0.8375 0.0412453 0.0412453 0 0
BinVal : 1 22     0.78125 0.0730792 0.0730792 0 0
BinVal : 1 23     0.8 0.10328 0.10328 0 0
BinVal : 1 24     0.52381 0.108985 0.108985 0 0
BinVal : 1 25     0.44 0.0573178 0.0573178 0 0
BinVal : 1 26     0.481481 0.096159 0.096159 0 0
BinVal : 2 1     0.272727 0.0949515 0.0949515 0 0
BinVal : 2 2     0.446809 0.0725186 0.0725186 0 0
BinVal : 2 3     0.571429 0.13226 0.13226 0 0
BinVal : 2 4     0.7 0.144914 0.144914 0 0
BinVal : 2 5     0.714286 0.0985808 0.0985808 0 0
BinVal : 2 6     0.869565 0.0405437 0.0405437 0 0
BinVal : 2 7     0.892857 0.0584512 0.0584512 0 0
BinVal : 2 8     0.733333 0.0807373 0.0807373 0 0
BinVal : 2 9     0.597701 0.0525723 0.0525723 0 0
BinVal : 2 10     0.7 0.0483046 0.0483046 0 0
BinVal : 2 11     0.696078 0.0455418 0.0455418 0 0
BinVal : 2 12     0.619565 0.0506162 0.0506162 0 0
BinVal : 2 13     0.739583 0.0447912 0.0447912 0 0
BinVal : 2 14     0.789474 0.0418273 0.0418273 0 0
BinVal : 2 15     0.583333 0.0474396 0.0474396 0 0
BinVal : 2 16     0.554217 0.0545585 0.0545585 0 0
BinVal : 2 17     0.674419 0.0505295 0.0505295 0 0
BinVal : 2 18     0.525 0.0558318 0.0558318 0 0
BinVal : 2 19     0.909091 0.0433392 0.0433392 0 0
BinVal : 2 20     0.833333 0.062113 0.062113 0 0
BinVal : 2 21     0.770492 0.0538416 0.0538416 0 0
BinVal : 2 22     0.866667 0.0877707 0.0877707 0 0
BinVal : 2 23     1 0.0599198 0.0599198 0 0
BinVal : 2 24     0.636364 0.145041 0.145041 0 0
BinVal : 2 25     0.404255 0.0715829 0.0715829 0 0
BinVal : 2 26     0.25 0.108253 0.108253 0 0
BinVal : 3 1     0.307692 0.128008 0.128008 0 0
BinVal : 3 2     0.434783 0.103367 0.103367 0 0
BinVal : 3 3     0.666667 0.19245 0.19245 0 0
BinVal : 3 4     0.75 0.153093 0.153093 0 0
BinVal : 3 5     0.705882 0.11051 0.11051 0 0
BinVal : 3 6     0.848485 0.0624156 0.0624156 0 0
BinVal : 3 7     0.842105 0.0836547 0.0836547 0 0
BinVal : 3 8     0.615385 0.0954113 0.0954113 0 0
BinVal : 3 9     0.46 0.070484 0.070484 0 0
BinVal : 3 10     0.513514 0.0821695 0.0821695 0 0
BinVal : 3 11     0.526316 0.0661348 0.0661348 0 0
BinVal : 3 12     0.672727 0.0632693 0.0632693 0 0
BinVal : 3 13     0.87037 0.0457096 0.0457096 0 0
BinVal : 3 14     0.759259 0.0581799 0.0581799 0 0
BinVal : 3 15     0.568965 0.0650257 0.0650257 0 0
BinVal : 3 16     0.518519 0.0679947 0.0679947 0 0
BinVal : 3 17     0.510204 0.0714137 0.0714137 0 0
BinVal : 3 18     0.680851 0.0679945 0.0679945 0 0
BinVal : 3 19     0.222222 0.0979908 0.0979908 0 0
BinVal : 3 20     0.925926 0.050401 0.050401 0 0
BinVal : 3 21     0.869565 0.0496557 0.0496557 0 0
BinVal : 3 22     0.777778 0.13858 0.13858 0 0
BinVal : 3 23     0.8 0.178885 0.178885 0 0
BinVal : 3 24     0.5 0.144338 0.144338 0 0
BinVal : 3 25     0.2 0.10328 0.10328 0 0
BinVal : 3 26     0.55 0.111243 0.111243 0 0
BinVal : 4 1     0.333333 0.157135 0.157135 0 0
BinVal : 4 2     0.473684 0.114549 0.114549 0 0
BinVal : 4 3     0.75 0.216506 0.216506 0 0
BinVal : 4 4     0.857143 0.13226 0.13226 0 0
BinVal : 4 5     0.857143 0.093522 0.093522 0 0
BinVal : 4 6     0.805556 0.0659621 0.0659621 0 0
BinVal : 4 7     0.73913 0.0915605 0.0915605 0 0
BinVal : 4 8     0.416667 0.142319 0.142319 0 0
BinVal : 4 9     0.543478 0.0734417 0.0734417 0 0
BinVal : 4 10     0.534884 0.0760635 0.0760635 0 0
BinVal : 4 11     0.534884 0.0760635 0.0760635 0 0
BinVal : 4 12     0.59375 0.0868207 0.0868207 0 0
BinVal : 4 13     0.816327 0.0553168 0.0553168 0 0
BinVal : 4 14     0.565217 0.0730912 0.0730912 0 0
BinVal : 4 15     0.276596 0.0652476 0.0652476 0 0
BinVal : 4 16     0.619048 0.0749329 0.0749329 0 0
BinVal : 4 17     0.6 0.0774597 0.0774597 0 0
BinVal : 4 18     0.625 0.0765466 0.0765466 0 0
BinVal : 4 19     0.315789 0.106639 0.106639 0 0
BinVal : 4 20     0.761905 0.0929429 0.0929429 0 0
BinVal : 4 21     0.837209 0.0562986 0.0562986 0 0
BinVal : 4 22     0.857143 0.093522 0.093522 0 0
BinVal : 4 23     1 0.0668855 0.0668855 0 0
BinVal : 4 24     0.875 0.116927 0.116927 0 0
BinVal : 4 25     0.347826 0.0993113 0.0993113 0 0
BinVal : 4 26     0.615385 0.134932 0.134932 0 0
BinVal : 5 1     0.6 0.154919 0.154919 0 0
BinVal : 5 2     0.388889 0.0812497 0.0812497 0 0
BinVal : 5 3     0.533333 0.128812 0.128812 0 0
BinVal : 5 4     0.777778 0.0979908 0.0979908 0 0
BinVal : 5 5     0.625 0.0988212 0.0988212 0 0
BinVal : 5 6     0.830189 0.0515744 0.0515744 0 0
BinVal : 5 7     0.861111 0.0576384 0.0576384 0 0
BinVal : 5 8     0.942857 0.0392347 0.0392347 0 0
BinVal : 5 9     0.552941 0.0539278 0.0539278 0 0
BinVal : 5 10     0.788889 0.0430172 0.0430172 0 0
BinVal : 5 11     0.703704 0.0507359 0.0507359 0 0
BinVal : 5 12     0.575758 0.0608352 0.0608352 0 0
BinVal : 5 13     0.855422 0.0386014 0.0386014 0 0
BinVal : 5 14     0.673684 0.0481045 0.0481045 0 0
BinVal : 5 15     0.379747 0.0546032 0.0546032 0 0
BinVal : 5 16     0.659341 0.0496815 0.0496815 0 0
BinVal : 5 17     0.6875 0.0518223 0.0518223 0 0
BinVal : 5 18     0.488372 0.0539018 0.0539018 0 0
BinVal : 5 19     0.880952 0.0499703 0.0499703 0 0
BinVal : 5 20     0.692308 0.0739053 0.0739053 0 0
BinVal : 5 21     0.87037 0.0457096 0.0457096 0 0
BinVal : 5 22     0.8 0.0894427 0.0894427 0 0
BinVal : 5 23     1 0.0542655 0.0542655 0 0
BinVal : 5 24     0.7 0.144914 0.144914 0 0
BinVal : 5 25     0.382353 0.0833418 0.0833418 0 0
BinVal : 5 26     0.428571 0.187044 0.187044 0 0
BinVal : 6 1     0.571429 0.10799 0.10799 0 0
BinVal : 6 2     0.415094 0.0676828 0.0676828 0 0
BinVal : 6 3     0.217391 0.0860061 0.0860061 0 0
BinVal : 6 4     0.470588 0.121058 0.121058 0 0
BinVal : 6 5     0.676471 0.0802309 0.0802309 0 0
BinVal : 6 6     0.914286 0.0334594 0.0334594 0 0
BinVal : 6 7     0.918367 0.0391149 0.0391149 0 0
BinVal : 6 8     0.9375 0.0349386 0.0349386 0 0
BinVal : 6 9     0.55914 0.0514836 0.0514836 0 0
BinVal : 6 10     0.736842 0.0451787 0.0451787 0 0
BinVal : 6 11     0.651376 0.0456437 0.0456437 0 0
BinVal : 6 12     0.785714 0.0387722 0.0387722 0 0
BinVal : 6 13     0.601942 0.0482316 0.0482316 0 0
BinVal : 6 14     0.807018 0.0369614 0.0369614 0 0
BinVal : 6 15     0.595238 0.0535557 0.0535557 0 0
BinVal : 6 16     0.632 0.0431348 0.0431348 0 0
BinVal : 6 17     0.718447 0.0443158 0.0443158 0 0
BinVal : 6 18     0.612903 0.0505085 0.0505085 0 0
BinVal : 6 19     0.947368 0.0362235 0.0362235 0 0
BinVal : 6 20     0.891892 0.0510487 0.0510487 0 0
BinVal : 6 21     0.867647 0.0410945 0.0410945 0 0
BinVal : 6 22     0.941176 0.0403526 0.0403526 0 0
BinVal : 6 23     0.714286 0.120736 0.120736 0 0
BinVal : 6 24     0.470588 0.121058 0.121058 0 0
BinVal : 6 25     0.428571 0.0836486 0.0836486 0 0
BinVal : 6 26     0.526316 0.114549 0.114549 0 0
BinVal : 7 0     0.25 0.216506 0.216506 0 0
BinVal : 7 1     0.375 0.0765466 0.0765466 0 0
BinVal : 7 2     0.464286 0.0666446 0.0666446 0 0
BinVal : 7 3     0.636364 0.145041 0.145041 0 0
BinVal : 7 4     0.8125 0.0975781 0.0975781 0 0
BinVal : 7 5     0.78125 0.0730792 0.0730792 0 0
BinVal : 7 6     0.879518 0.0357309 0.0357309 0 0
BinVal : 7 7     0.821429 0.0511796 0.0511796 0 0
BinVal : 7 8     0.585366 0.0769404 0.0769404 0 0
BinVal : 7 9     0.494949 0.0502493 0.0502493 0 0
BinVal : 7 10     0.465517 0.0463133 0.0463133 0 0
BinVal : 7 11     0.592857 0.0415226 0.0415226 0 0
BinVal : 7 12     0.751724 0.0358767 0.0358767 0 0
BinVal : 7 13     0.58871 0.044189 0.044189 0 0
BinVal : 7 14     0.782258 0.0370625 0.0370625 0 0
BinVal : 7 15     0.652482 0.0401017 0.0401017 0 0
BinVal : 7 16     0.617188 0.0429632 0.0429632 0 0
BinVal : 7 17     0.59322 0.0452217 0.0452217 0 0
BinVal : 7 18     0.598291 0.0453231 0.0453231 0 0
BinVal : 7 19     0.5 0.0656532 0.0656532 0 0
BinVal : 7 20     0.931818 0.0379991 0.0379991 0 0
BinVal : 7 21     0.925926 0.029099 0.029099 0 0
BinVal : 7 22     0.914286 0.0473188 0.0473188 0 0
BinVal : 7 23     0.818182 0.0822304 0.0822304 0 0
BinVal : 7 24     0.55 0.111243 0.111243 0 0
BinVal : 7 25     0.5 0.0668153 0.0668153 0 0
BinVal : 7 26     0.35 0.0754155 0.0754155 0 0
BinVal : 8 0     0.142857 0.13226 0.13226 0 0
BinVal : 8 1     0.47619 0.0770641 0.0770641 0 0
BinVal : 8 2     0.510204 0.0714137 0.0714137 0 0
BinVal : 8 3     0.545455 0.106159 0.106159 0 0
BinVal : 8 4     0.95 0.048734 0.048734 0 0
BinVal : 8 5     0.866667 0.0506745 0.0506745 0 0
BinVal : 8 6     0.896552 0.0326505 0.0326505 0 0
BinVal : 8 7     0.857143 0.046761 0.046761 0 0
BinVal : 8 8     0.591837 0.0702134 0.0702134 0 0
BinVal : 8 9     0.703704 0.0439386 0.0439386 0 0
BinVal : 8 10     0.551402 0.0480807 0.0480807 0 0
BinVal : 8 11     0.644737 0.038819 0.038819 0 0
BinVal : 8 12     0.838983 0.0338354 0.0338354 0 0
BinVal : 8 13     0.520833 0.0416305 0.0416305 0 0
BinVal : 8 14     0.818182 0.0322534 0.0322534 0 0
BinVal : 8 15     0.767442 0.0371958 0.0371958 0 0
BinVal : 8 16     0.628319 0.0454607 0.0454607 0 0
BinVal : 8 17     0.587156 0.0471581 0.0471581 0 0
BinVal : 8 18     0.598214 0.0463251 0.0463251 0 0
BinVal : 8 19     0.590164 0.062969 0.062969 0 0
BinVal : 8 20     0.875 0.0413399 0.0413399 0 0
BinVal : 8 21     0.935897 0.0277335 0.0277335 0 0
BinVal : 8 22     0.888889 0.0468486 0.0468486 0 0
BinVal : 8 23     0.8 0.0894427 0.0894427 0 0
BinVal : 8 24     0.388889 0.114904 0.114904 0 0
BinVal : 8 25     0.5 0.0606339 0.0606339 0 0
BinVal : 8 26     0.391304 0.0719579 0.0719579 0 0
BinVal : 8 27     0.25 0.153093 0.153093 0 0
BinVal : 9 1     0.291667 0.0927805 0.0927805 0 0
BinVal : 9 2     0.326923 0.0650509 0.0650509 0 0
BinVal : 9 3     0.833333 0.107583 0.107583 0 0
BinVal : 9 4     0.875 0.0675077 0.0675077 0 0
BinVal : 9 5     0.95 0.0344601 0.0344601 0 0
BinVal : 9 6     0.936842 0.0249566 0.0249566 0 0
BinVal : 9 7     0.918919 0.0448743 0.0448743 0 0
BinVal : 9 8     0.935484 0.0441237 0.0441237 0 0
BinVal : 9 9     0.544304 0.0560331 0.0560331 0 0
BinVal : 9 10     0.529412 0.0494216 0.0494216 0 0
BinVal : 9 11     0.617391 0.045322 0.045322 0 0
BinVal : 9 12     0.6 0.0447214 0.0447214 0 0
BinVal : 9 13     0.546875 0.0439995 0.0439995 0 0
BinVal : 9 14     0.755906 0.0381163 0.0381163 0 0
BinVal : 9 15     0.642336 0.0409504 0.0409504 0 0
BinVal : 9 16     0.555556 0.0499407 0.0499407 0 0
BinVal : 9 17     0.593407 0.0514915 0.0514915 0 0
BinVal : 9 18     0.495238 0.0487928 0.0487928 0 0
BinVal : 9 19     0.901961 0.0416398 0.0416398 0 0
BinVal : 9 20     0.9375 0.0349386 0.0349386 0 0
BinVal : 9 21     0.875 0.0389756 0.0389756 0 0
BinVal : 9 22     0.921053 0.0437441 0.0437441 0 0
BinVal : 9 23     0.769231 0.116855 0.116855 0 0
BinVal : 9 24     0.636364 0.145041 0.145041 0 0
BinVal : 9 25     0.586957 0.0725975 0.0725975 0 0
BinVal : 9 26     0.428571 0.10799 0.10799 0 0
BinVal : 9 27     1 0.218486 0.218486 0 0
BinVal : 10 1     0.470588 0.121058 0.121058 0 0
BinVal : 10 2     0.327273 0.0632693 0.0632693 0 0
BinVal : 10 3     0.647059 0.115904 0.115904 0 0
BinVal : 10 4     0.894737 0.0704059 0.0704059 0 0
BinVal : 10 5     0.823529 0.0653787 0.0653787 0 0
BinVal : 10 6     0.831325 0.0411028 0.0411028 0 0
BinVal : 10 7     0.408163 0.0702134 0.0702134 0 0
BinVal : 10 8     0.0454545 0.0314022 0.0314022 0 0
BinVal : 10 9     0.353448 0.0443849 0.0443849 0 0
BinVal : 10 10     0.169811 0.0364686 0.0364686 0 0
BinVal : 10 11     0.545455 0.0452663 0.0452663 0 0
BinVal : 10 12     0.621212 0.0422212 0.0422212 0 0
BinVal : 10 13     0.746269 0.0375909 0.0375909 0 0
BinVal : 10 14     0.768657 0.0364286 0.0364286 0 0
BinVal : 10 15     0.583942 0.0421116 0.0421116 0 0
BinVal : 10 16     0.429577 0.0415408 0.0415408 0 0
BinVal : 10 17     0.113402 0.032195 0.032195 0 0
BinVal : 10 18     0.284483 0.0418899 0.0418899 0 0
BinVal : 10 19     0.1 0.0474342 0.0474342 0 0
BinVal : 10 20     0.169811 0.0515744 0.0515744 0 0
BinVal : 10 21     0.942529 0.0249524 0.0249524 0 0
BinVal : 10 22     0.911765 0.0486433 0.0486433 0 0
BinVal : 10 23     1 0.0309157 0.0309157 0 0
BinVal : 10 24     0.631579 0.110665 0.110665 0 0
BinVal : 10 25     0.416667 0.0581014 0.0581014 0 0
BinVal : 10 26     0.541667 0.101707 0.101707 0 0
BinVal : 11 0     0.375 0.171163 0.171163 0 0
BinVal : 11 1     0.368421 0.0782518 0.0782518 0 0
BinVal : 11 2     0.344828 0.0624115 0.0624115 0 0
BinVal : 11 3     0.846154 0.100068 0.100068 0 0
BinVal : 11 4     0.818182 0.116291 0.116291 0 0
BinVal : 11 5     0.926829 0.0406702 0.0406702 0 0
BinVal : 11 6     0.643564 0.0476569 0.0476569 0 0
BinVal : 11 13     0.0114943 0.011428 0.011428 0 0
BinVal : 11 19     0.0217391 0.0215015 0.0215015 0 0
BinVal : 11 21     0.723684 0.0512945 0.0512945 0 0
BinVal : 11 22     0.928571 0.0397392 0.0397392 0 0
BinVal : 11 23     0.809524 0.0856891 0.0856891 0 0
BinVal : 11 24     0.818182 0.116291 0.116291 0 0
BinVal : 11 25     0.38 0.068644 0.068644 0 0
BinVal : 11 26     0.47619 0.0770641 0.0770641 0 0
BinVal : 12 0     0.25 0.216506 0.216506 0 0
BinVal : 12 1     0.405405 0.080715 0.080715 0 0
BinVal : 12 2     0.431818 0.0746737 0.0746737 0 0
BinVal : 12 3     0.857143 0.093522 0.093522 0 0
BinVal : 12 4     0.538462 0.138264 0.138264 0 0
BinVal : 12 5     0.864865 0.0562027 0.0562027 0 0
BinVal : 12 6     0.657143 0.0567332 0.0567332 0 0
BinVal : 12 12     0.010989 0.0109285 0.0109285 0 0
BinVal : 12 15     0.0206186 0.0144284 0.0144284 0 0
BinVal : 12 17     0.0178571 0.017697 0.017697 0 0
BinVal : 12 21     0.675676 0.0544181 0.0544181 0 0
BinVal : 12 22     0.925 0.0416458 0.0416458 0 0
BinVal : 12 23     0.8125 0.0975781 0.0975781 0 0
BinVal : 12 24     0.9 0.0948683 0.0948683 0 0
BinVal : 12 25     0.403226 0.0622993 0.0622993 0 0
BinVal : 12 26     0.5 0.0693375 0.0693375 0 0
BinVal : 13 1     0.434783 0.103367 0.103367 0 0
BinVal : 13 2     0.378788 0.0597099 0.0597099 0 0
BinVal : 13 3     0.615385 0.134932 0.134932 0 0
BinVal : 13 4     0.842105 0.0836547 0.0836547 0 0
BinVal : 13 5     0.875 0.0675077 0.0675077 0 0
BinVal : 13 6     0.884211 0.0328285 0.0328285 0 0
BinVal : 13 7     0.4375 0.0716027 0.0716027 0 0
BinVal : 13 8     0.157895 0.048298 0.048298 0 0
BinVal : 13 9     0.268041 0.0449737 0.0449737 0 0
BinVal : 13 10     0.0963855 0.0323935 0.0323935 0 0
BinVal : 13 11     0.434426 0.0448769 0.0448769 0 0
BinVal : 13 12     0.623288 0.0401026 0.0401026 0 0
BinVal : 13 13     0.683453 0.0394517 0.0394517 0 0
BinVal : 13 14     0.651613 0.0382701 0.0382701 0 0
BinVal : 13 15     0.511278 0.0433445 0.0433445 0 0
BinVal : 13 16     0.428571 0.0418243 0.0418243 0 0
BinVal : 13 17     0.0769231 0.0279336 0.0279336 0 0
BinVal : 13 18     0.163043 0.0385132 0.0385132 0 0
BinVal : 13 19     0.153846 0.0500341 0.0500341 0 0
BinVal : 13 20     0.4375 0.0716027 0.0716027 0 0
BinVal : 13 21     0.86747 0.0372173 0.0372173 0 0
BinVal : 13 22     0.897436 0.0485811 0.0485811 0 0
BinVal : 13 23     0.807692 0.077292 0.077292 0 0
BinVal : 13 24     0.538462 0.138264 0.138264 0 0
BinVal : 13 25     0.333333 0.0660098 0.0660098 0 0
BinVal : 13 26     0.53125 0.0882155 0.0882155 0 0
BinVal : 14 0     0.5 0.353553 0.353553 0 0
BinVal : 14 1     0.518519 0.096159 0.096159 0 0
BinVal : 14 2     0.531915 0.0727838 0.0727838 0 0
BinVal : 14 3     0.3 0.10247 0.10247 0 0
BinVal : 14 4     0.736842 0.101023 0.101023 0 0
BinVal : 14 5     0.933333 0.045542 0.045542 0 0
BinVal : 14 6     0.857143 0.0381802 0.0381802 0 0
BinVal : 14 7     0.826923 0.0524627 0.0524627 0 0
BinVal : 14 8     0.862069 0.0452781 0.0452781 0 0
BinVal : 14 9     0.431818 0.0528023 0.0528023 0 0
BinVal : 14 10     0.442478 0.0467237 0.0467237 0 0
BinVal : 14 11     0.6 0.0429669 0.0429669 0 0
BinVal : 14 12     0.581967 0.0446555 0.0446555 0 0
BinVal : 14 13     0.753968 0.0383696 0.0383696 0 0
BinVal : 14 14     0.558333 0.0453319 0.0453319 0 0
BinVal : 14 15     0.564885 0.0433158 0.0433158 0 0
BinVal : 14 16     0.613445 0.0446396 0.0446396 0 0
BinVal : 14 17     0.44697 0.043274 0.043274 0 0
BinVal : 14 18     0.526882 0.0517726 0.0517726 0 0
BinVal : 14 19     0.730769 0.0615107 0.0615107 0 0
BinVal : 14 20     0.840909 0.0551405 0.0551405 0 0
BinVal : 14 21     0.853659 0.0390318 0.0390318 0 0
BinVal : 14 22     0.816327 0.0553168 0.0553168 0 0
BinVal : 14 23     0.777778 0.0979908 0.0979908 0 0
BinVal : 14 24     0.666667 0.111111 0.111111 0 0
BinVal : 14 25     0.481481 0.0679947 0.0679947 0 0
BinVal : 14 26     0.333333 0.121716 0.121716 0 0
BinVal : 14 27     1 0.218486 0.218486 0 0
BinVal : 15 0     0.333333 0.272166 0.272166 0 0
BinVal : 15 1     0.45098 0.0696767 0.0696767 0 0
BinVal : 15 2     0.468085 0.0727838 0.0727838 0 0
BinVal : 15 3     0.615385 0.134932 0.134932 0 0
BinVal : 15 4     0.772727 0.0893461 0.0893461 0 0
BinVal : 15 5     0.891304 0.0458923 0.0458923 0 0
BinVal : 15 6     0.869565 0.0351119 0.0351119 0 0
BinVal : 15 7     0.938776 0.0342488 0.0342488 0 0
BinVal : 15 8     0.594203 0.0591149 0.0591149 0 0
BinVal : 15 9     0.638298 0.0495591 0.0495591 0 0
BinVal : 15 10     0.345133 0.044723 0.044723 0 0
BinVal : 15 11     0.677165 0.0414892 0.0414892 0 0
BinVal : 15 12     0.704 0.0408298 0.0408298 0 0
BinVal : 15 13     0.788618 0.0368142 0.0368142 0 0
BinVal : 15 14     0.785235 0.0336425 0.0336425 0 0
BinVal : 15 15     0.697368 0.037262 0.037262 0 0
BinVal : 15 16     0.721429 0.0378879 0.0378879 0 0
BinVal : 15 17     0.542373 0.0458631 0.0458631 0 0
BinVal : 15 18     0.605263 0.0457798 0.0457798 0 0
BinVal : 15 19     0.54 0.070484 0.070484 0 0
BinVal : 15 20     0.876923 0.0407486 0.0407486 0 0
BinVal : 15 21     0.891304 0.0324508 0.0324508 0 0
BinVal : 15 22     0.854545 0.047539 0.047539 0 0
BinVal : 15 23     0.892857 0.0584512 0.0584512 0 0
BinVal : 15 24     0.684211 0.106639 0.106639 0 0
BinVal : 15 25     0.533333 0.0644061 0.0644061 0 0
BinVal : 15 26     0.435897 0.0794034 0.0794034 0 0
BinVal : 15 27     0.375 0.171163 0.171163 0 0


Comments : includes prescale inefficiency, cosmic veto applied 
EffMethod : TagAndProbe 
EffName : eff 
EffType : Binned 
EffVarNames : phi deteta 
EffVersion : 5 
ObjQuality : SingleMuonTriggersOR-AND-MuFromMuJets 
ObjRelativeTo : loose_tracknewmedium_iso_TrkTightScaled 
ObjType : MuANDSingleMuonOR 
ObjVersion : 1 
RunRangeHigh : -1 
RunRangeLow : -1 
TriggerVersionHigh : 14.6 
TriggerVersionLow : 14 
BinEdges1 : 0 0.3927 0.7854 1.1781 1.5708 1.9635 2.3562 2.7489 3.1416 3.5343 3.927 4.3197 4.7124 5.1051 5.4978 5.8905 6.2832 
BinEdges2 : -2.2 -2 -1.8 -1.6 -1.55 -1.5 -1.4 -1.2 -1.1 -1 -0.8 -0.6 -0.4 -0.2 0 0.2 0.4 0.6 0.8 1 1.1 1.2 1.4 1.5 1.55 1.6 1.8 2 2.2 
BinVal : 0 1     0.103448 0.0565523 0.0565523 0 0
BinVal : 0 2     0.108108 0.0510487 0.0510487 0 0
BinVal : 0 4     0.714286 0.170747 0.170747 0 0
BinVal : 0 5     0.809524 0.0856891 0.0856891 0 0
BinVal : 0 6     0.818182 0.0581456 0.0581456 0 0
BinVal : 0 7     0.652174 0.0993113 0.0993113 0 0
BinVal : 0 8     0.636364 0.0837393 0.0837393 0 0
BinVal : 0 9     0.690476 0.071334 0.071334 0 0
BinVal : 0 10     0.44186 0.0757321 0.0757321 0 0
BinVal : 0 11     0.602941 0.0593349 0.0593349 0 0
BinVal : 0 12     0.747126 0.0466003 0.0466003 0 0
BinVal : 0 13     0.733333 0.0510628 0.0510628 0 0
BinVal : 0 14     0.716216 0.0524083 0.0524083 0 0
BinVal : 0 15     0.590164 0.062969 0.062969 0 0
BinVal : 0 16     0.608696 0.0587534 0.0587534 0 0
BinVal : 0 17     0.508197 0.0640098 0.0640098 0 0
BinVal : 0 18     0.418182 0.0665112 0.0665112 0 0
BinVal : 0 19     0.384615 0.0954113 0.0954113 0 0
BinVal : 0 20     0.939394 0.041536 0.041536 0 0
BinVal : 0 21     0.780488 0.0646428 0.0646428 0 0
BinVal : 0 22     0.931035 0.0470544 0.0470544 0 0
BinVal : 0 23     0.75 0.125 0.125 0 0
BinVal : 0 24     0.333333 0.136083 0.136083 0 0
BinVal : 0 25     0.0555556 0.0381769 0.0381769 0 0
BinVal : 0 26     0.1 0.0547723 0.0547723 0 0
BinVal : 1 2     0.0416667 0.0407894 0.0407894 0 0
BinVal : 1 4     0.571429 0.187044 0.187044 0 0
BinVal : 1 5     0.588235 0.119365 0.119365 0 0
BinVal : 1 6     0.607143 0.0652633 0.0652633 0 0
BinVal : 1 7     0.724138 0.0829961 0.0829961 0 0
BinVal : 1 8     0.708333 0.0927805 0.0927805 0 0
BinVal : 1 9     0.461538 0.0691321 0.0691321 0 0
BinVal : 1 10     0.457627 0.0648603 0.0648603 0 0
BinVal : 1 11     0.4 0.0660578 0.0660578 0 0
BinVal : 1 12     0.555556 0.062604 0.062604 0 0
BinVal : 1 13     0.58209 0.0602558 0.0602558 0 0
BinVal : 1 14     0.491525 0.0650851 0.0650851 0 0
BinVal : 1 15     0.375 0.0646936 0.0646936 0 0
BinVal : 1 16     0.488889 0.0745172 0.0745172 0 0
BinVal : 1 17     0.482759 0.0656142 0.0656142 0 0
BinVal : 1 18     0.5 0.0857493 0.0857493 0 0
BinVal : 1 19     0.73913 0.0915605 0.0915605 0 0
BinVal : 1 20     0.695652 0.0959439 0.0959439 0 0
BinVal : 1 21     0.692308 0.0739053 0.0739053 0 0
BinVal : 1 22     0.571429 0.13226 0.13226 0 0
BinVal : 1 23     0.333333 0.19245 0.19245 0 0
BinVal : 1 24     0.333333 0.136083 0.136083 0 0
BinVal : 1 25     0.05 0.0344601 0.0344601 0 0
BinVal : 1 26     0.142857 0.093522 0.093522 0 0
BinVal : 2 0     1 0.218486 0.218486 0 0
BinVal : 2 1     0.133333 0.0877707 0.0877707 0 0
BinVal : 2 2     0.222222 0.13858 0.13858 0 0
BinVal : 2 3     0.5 0.25 0.25 0 0
BinVal : 2 4     0.7 0.144914 0.144914 0 0
BinVal : 2 5     0.75 0.153093 0.153093 0 0
BinVal : 2 6     0.777778 0.0800091 0.0800091 0 0
BinVal : 2 7     0.714286 0.0985808 0.0985808 0 0
BinVal : 2 8     0.75 0.125 0.125 0 0
BinVal : 2 9     0.410256 0.0787639 0.0787639 0 0
BinVal : 2 10     0.648649 0.0784828 0.0784828 0 0
BinVal : 2 11     0.653061 0.0679994 0.0679994 0 0
BinVal : 2 12     0.615385 0.077903 0.077903 0 0
BinVal : 2 13     0.694915 0.0599446 0.0599446 0 0
BinVal : 2 14     0.647059 0.0669172 0.0669172 0 0
BinVal : 2 15     0.529412 0.0856008 0.0856008 0 0
BinVal : 2 16     0.730769 0.0869893 0.0869893 0 0
BinVal : 2 17     0.547619 0.076801 0.076801 0 0
BinVal : 2 18     0.377778 0.0722744 0.0722744 0 0
BinVal : 2 19     0.888889 0.104757 0.104757 0 0
BinVal : 2 20     0.916667 0.0797856 0.0797856 0 0
BinVal : 2 21     0.833333 0.0680414 0.0680414 0 0
BinVal : 2 22     0.923077 0.0739053 0.0739053 0 0
BinVal : 2 23     0.571429 0.187044 0.187044 0 0
BinVal : 2 24     0.166667 0.152145 0.152145 0 0
BinVal : 2 25     0.047619 0.0464714 0.0464714 0 0
BinVal : 3 2     0.0909091 0.0866784 0.0866784 0 0
BinVal : 3 4     0.666667 0.272166 0.272166 0 0
BinVal : 3 5     0.555556 0.165635 0.165635 0 0
BinVal : 3 6     0.8125 0.0975781 0.0975781 0 0
BinVal : 3 7     0.777778 0.13858 0.13858 0 0
BinVal : 3 8     0.857143 0.13226 0.13226 0 0
BinVal : 3 9     0.6 0.126491 0.126491 0 0
BinVal : 3 10     0.5 0.117851 0.117851 0 0
BinVal : 3 11     0.391304 0.101764 0.101764 0 0
BinVal : 3 12     0.578947 0.113269 0.113269 0 0
BinVal : 3 13     0.666667 0.111111 0.111111 0 0
BinVal : 3 14     0.6 0.109545 0.109545 0 0
BinVal : 3 15     0.8125 0.0975781 0.0975781 0 0
BinVal : 3 16     0.541667 0.101707 0.101707 0 0
BinVal : 3 17     0.631579 0.110665 0.110665 0 0
BinVal : 3 18     0.4 0.0979796 0.0979796 0 0
BinVal : 3 19     0.125 0.116927 0.116927 0 0
BinVal : 3 20     0.875 0.116927 0.116927 0 0
BinVal : 3 21     0.736842 0.101023 0.101023 0 0
BinVal : 3 22     0.5 0.25 0.25 0 0
BinVal : 3 25     0.2 0.126491 0.126491 0 0
BinVal : 3 26     0.666667 0.19245 0.19245 0 0
BinVal : 4 3     0.666667 0.272166 0.272166 0 0
BinVal : 4 4     1 0.124824 0.124824 0 0
BinVal : 4 5     0.571429 0.187044 0.187044 0 0
BinVal : 4 6     0.846154 0.100068 0.100068 0 0
BinVal : 4 7     0.5 0.176777 0.176777 0 0
BinVal : 4 8     0.666667 0.19245 0.19245 0 0
BinVal : 4 9     0.5 0.111803 0.111803 0 0
BinVal : 4 10     0.6 0.109545 0.109545 0 0
BinVal : 4 11     0.285714 0.0985808 0.0985808 0 0
BinVal : 4 12     0.555556 0.117121 0.117121 0 0
BinVal : 4 13     0.642857 0.0905522 0.0905522 0 0
BinVal : 4 14     0.666667 0.121716 0.121716 0 0
BinVal : 4 15     0.130435 0.0702237 0.0702237 0 0
BinVal : 4 16     0.652174 0.0993113 0.0993113 0 0
BinVal : 4 17     0.368421 0.110665 0.110665 0 0
BinVal : 4 18     0.35 0.106654 0.106654 0 0
BinVal : 4 19     0.444444 0.165635 0.165635 0 0
BinVal : 4 20     0.75 0.125 0.125 0 0
BinVal : 4 21     0.875 0.0826797 0.0826797 0 0
BinVal : 4 22     1 0.218486 0.218486 0 0
BinVal : 4 25     0.166667 0.152145 0.152145 0 0
BinVal : 4 26     0.166667 0.152145 0.152145 0 0
BinVal : 5 1     0.2 0.178885 0.178885 0 0
BinVal : 5 3     0.166667 0.152145 0.152145 0 0
BinVal : 5 4     0.5 0.158114 0.158114 0 0
BinVal : 5 5     0.4 0.154919 0.154919 0 0
BinVal : 5 6     0.84375 0.0641862 0.0641862 0 0
BinVal : 5 7     0.666667 0.121716 0.121716 0 0
BinVal : 5 8     0.857143 0.093522 0.093522 0 0
BinVal : 5 9     0.434783 0.103367 0.103367 0 0
BinVal : 5 10     0.727273 0.0775275 0.0775275 0 0
BinVal : 5 11     0.585366 0.0769404 0.0769404 0 0
BinVal : 5 12     0.657143 0.0802329 0.0802329 0 0
BinVal : 5 13     0.794872 0.064659 0.064659 0 0
BinVal : 5 14     0.486486 0.0821695 0.0821695 0 0
BinVal : 5 15     0.235294 0.0727467 0.0727467 0 0
BinVal : 5 16     0.540541 0.0819288 0.0819288 0 0
BinVal : 5 17     0.738095 0.0678427 0.0678427 0 0
BinVal : 5 18     0.459459 0.0819288 0.0819288 0 0
BinVal : 5 19     0.789474 0.0935288 0.0935288 0 0
BinVal : 5 20     0.454545 0.150131 0.150131 0 0
BinVal : 5 21     0.805556 0.0659621 0.0659621 0 0
BinVal : 5 22     0.5 0.158114 0.158114 0 0
BinVal : 5 23     0.833333 0.152145 0.152145 0 0
BinVal : 5 24     0.571429 0.187044 0.187044 0 0
BinVal : 6 1     0.111111 0.104757 0.104757 0 0
BinVal : 6 2     0.0909091 0.0866784 0.0866784 0 0
BinVal : 6 4     0.666667 0.19245 0.19245 0 0
BinVal : 6 5     0.571429 0.13226 0.13226 0 0
BinVal : 6 6     0.954545 0.0444095 0.0444095 0 0
BinVal : 6 7     0.941176 0.0570672 0.0570672 0 0
BinVal : 6 8     0.888889 0.0740741 0.0740741 0 0
BinVal : 6 9     0.564103 0.0794034 0.0794034 0 0
BinVal : 6 10     0.693878 0.0658402 0.0658402 0 0
BinVal : 6 11     0.625 0.0605154 0.0605154 0 0
BinVal : 6 12     0.651163 0.0726812 0.0726812 0 0
BinVal : 6 13     0.586957 0.0725975 0.0725975 0 0
BinVal : 6 14     0.5 0.0771517 0.0771517 0 0
BinVal : 6 15     0.488372 0.0762287 0.0762287 0 0
BinVal : 6 16     0.641026 0.0768134 0.0768134 0 0
BinVal : 6 17     0.714286 0.0763604 0.0763604 0 0
BinVal : 6 18     0.5 0.0833333 0.0833333 0 0
BinVal : 6 19     0.925926 0.050401 0.050401 0 0
BinVal : 6 20     0.941176 0.0570672 0.0570672 0 0
BinVal : 6 21     0.85 0.0564579 0.0564579 0 0
BinVal : 6 22     0.875 0.116927 0.116927 0 0
BinVal : 6 23     0.75 0.216506 0.216506 0 0
BinVal : 6 24     0.142857 0.13226 0.13226 0 0
BinVal : 6 25     0.0526316 0.0512278 0.0512278 0 0
BinVal : 7 1     0.047619 0.0464714 0.0464714 0 0
BinVal : 7 2     0.190476 0.0856891 0.0856891 0 0
BinVal : 7 3     0.142857 0.13226 0.13226 0 0
BinVal : 7 4     0.363636 0.145041 0.145041 0 0
BinVal : 7 5     0.818182 0.116291 0.116291 0 0
BinVal : 7 6     0.916667 0.0460642 0.0460642 0 0
BinVal : 7 7     0.777778 0.0979908 0.0979908 0 0
BinVal : 7 8     0.448276 0.0923495 0.0923495 0 0
BinVal : 7 9     0.490909 0.0674088 0.0674088 0 0
BinVal : 7 10     0.444444 0.0676201 0.0676201 0 0
BinVal : 7 11     0.617021 0.0709069 0.0709069 0 0
BinVal : 7 12     0.677966 0.0608315 0.0608315 0 0
BinVal : 7 13     0.464789 0.0591918 0.0591918 0 0
BinVal : 7 14     0.571429 0.070696 0.070696 0 0
BinVal : 7 15     0.518519 0.0679947 0.0679947 0 0
BinVal : 7 16     0.73913 0.0647431 0.0647431 0 0
BinVal : 7 17     0.542373 0.0648603 0.0648603 0 0
BinVal : 7 18     0.465116 0.0760635 0.0760635 0 0
BinVal : 7 19     0.666667 0.096225 0.096225 0 0
BinVal : 7 20     0.916667 0.0564169 0.0564169 0 0
BinVal : 7 21     0.818182 0.0581456 0.0581456 0 0
BinVal : 7 22     0.818182 0.0822304 0.0822304 0 0
BinVal : 7 23     0.714286 0.170747 0.170747 0 0
BinVal : 7 24     0.25 0.153093 0.153093 0 0
BinVal : 7 25     0.04 0.0391918 0.0391918 0 0
BinVal : 7 26     0.1 0.067082 0.067082 0 0
BinVal : 8 1     0.222222 0.13858 0.13858 0 0
BinVal : 8 2     0.0909091 0.0500438 0.0500438 0 0
BinVal : 8 3     0.125 0.116927 0.116927 0 0
BinVal : 8 4     0.857143 0.13226 0.13226 0 0
BinVal : 8 5     0.809524 0.0856891 0.0856891 0 0
BinVal : 8 6     0.909091 0.0500438 0.0500438 0 0
BinVal : 8 7     0.84 0.0733212 0.0733212 0 0
BinVal : 8 8     0.5 0.111803 0.111803 0 0
BinVal : 8 9     0.577778 0.0736283 0.0736283 0 0
BinVal : 8 10     0.660714 0.0632697 0.0632697 0 0
BinVal : 8 11     0.727273 0.0600526 0.0600526 0 0
BinVal : 8 12     0.859155 0.0412836 0.0412836 0 0
BinVal : 8 13     0.59375 0.0613915 0.0613915 0 0
BinVal : 8 14     0.686275 0.0649739 0.0649739 0 0
BinVal : 8 15     0.654545 0.0641186 0.0641186 0 0
BinVal : 8 16     0.6875 0.057939 0.057939 0 0
BinVal : 8 17     0.459459 0.0579324 0.0579324 0 0
BinVal : 8 18     0.571429 0.06613 0.06613 0 0
BinVal : 8 19     0.761905 0.0929429 0.0929429 0 0
BinVal : 8 20     0.85 0.0798436 0.0798436 0 0
BinVal : 8 21     0.953488 0.0321147 0.0321147 0 0
BinVal : 8 22     0.954545 0.0444095 0.0444095 0 0
BinVal : 8 23     0.75 0.153093 0.153093 0 0
BinVal : 8 24     0.111111 0.104757 0.104757 0 0
BinVal : 8 25     0.107143 0.0584512 0.0584512 0 0
BinVal : 8 26     0.0454545 0.0444095 0.0444095 0 0
BinVal : 9 1     0.166667 0.107583 0.107583 0 0
BinVal : 9 2     0.166667 0.087841 0.087841 0 0
BinVal : 9 3     0.4 0.154919 0.154919 0 0
BinVal : 9 4     0.857143 0.13226 0.13226 0 0
BinVal : 9 5     0.8125 0.0975781 0.0975781 0 0
BinVal : 9 6     0.869565 0.0702237 0.0702237 0 0
BinVal : 9 7     1 0.0279117 0.0279117 0 0
BinVal : 9 8     0.909091 0.0612909 0.0612909 0 0
BinVal : 9 9     0.609756 0.0761823 0.0761823 0 0
BinVal : 9 10     0.552632 0.0806601 0.0806601 0 0
BinVal : 9 11     0.480769 0.0692862 0.0692862 0 0
BinVal : 9 12     0.508475 0.0650851 0.0650851 0 0
BinVal : 9 13     0.530612 0.0712946 0.0712946 0 0
BinVal : 9 14     0.541667 0.0719178 0.0719178 0 0
BinVal : 9 15     0.525424 0.0650102 0.0650102 0 0
BinVal : 9 16     0.576923 0.068512 0.068512 0 0
BinVal : 9 17     0.631579 0.0782518 0.0782518 0 0
BinVal : 9 18     0.538462 0.0798268 0.0798268 0 0
BinVal : 9 19     0.818182 0.0822304 0.0822304 0 0
BinVal : 9 20     0.952381 0.0464714 0.0464714 0 0
BinVal : 9 21     0.933333 0.045542 0.045542 0 0
BinVal : 9 22     0.444444 0.165635 0.165635 0 0
BinVal : 9 23     0.916667 0.0797856 0.0797856 0 0
BinVal : 9 24     0.142857 0.13226 0.13226 0 0
BinVal : 9 25     0.0454545 0.0444095 0.0444095 0 0
BinVal : 9 26     0.2 0.126491 0.126491 0 0
BinVal : 10 1     0.375 0.171163 0.171163 0 0
BinVal : 10 2     0.117647 0.0781425 0.0781425 0 0
BinVal : 10 3     0.25 0.153093 0.153093 0 0
BinVal : 10 4     0.6 0.219089 0.219089 0 0
BinVal : 10 5     0.8 0.10328 0.10328 0 0
BinVal : 10 6     0.784314 0.0575932 0.0575932 0 0
BinVal : 10 7     0.571429 0.13226 0.13226 0 0
BinVal : 10 8     0.25 0.0883883 0.0883883 0 0
BinVal : 10 9     0.306122 0.0658402 0.0658402 0 0
BinVal : 10 10     0.125 0.0477352 0.0477352 0 0
BinVal : 10 11     0.543478 0.0734417 0.0734417 0 0
BinVal : 10 12     0.630769 0.0598587 0.0598587 0 0
BinVal : 10 13     0.688525 0.0592934 0.0592934 0 0
BinVal : 10 14     0.645161 0.060765 0.060765 0 0
BinVal : 10 15     0.73913 0.0647431 0.0647431 0 0
BinVal : 10 16     0.5 0.0693375 0.0693375 0 0
BinVal : 10 17     0.0925926 0.039445 0.039445 0 0
BinVal : 10 18     0.301887 0.063059 0.063059 0 0
BinVal : 10 19     0.0967742 0.0531003 0.0531003 0 0
BinVal : 10 20     0.578947 0.113269 0.113269 0 0
BinVal : 10 21     0.787234 0.0596972 0.0596972 0 0
BinVal : 10 22     0.863636 0.073165 0.073165 0 0
BinVal : 10 23     0.6 0.219089 0.219089 0 0
BinVal : 10 24     0.75 0.216506 0.216506 0 0
BinVal : 10 25     0.0714286 0.0486704 0.0486704 0 0
BinVal : 10 26     0.142857 0.093522 0.093522 0 0
BinVal : 11 1     0.142857 0.0763604 0.0763604 0 0
BinVal : 11 2     0.181818 0.0671408 0.0671408 0 0
BinVal : 11 3     0.333333 0.157135 0.157135 0 0
BinVal : 11 4     0.769231 0.116855 0.116855 0 0
BinVal : 11 5     0.75 0.108253 0.108253 0 0
BinVal : 11 6     0.555556 0.0828173 0.0828173 0 0
BinVal : 11 14     0.0208333 0.0206152 0.0206152 0 0
BinVal : 11 15     0.0238095 0.0235244 0.0235244 0 0
BinVal : 11 21     0.722222 0.0746505 0.0746505 0 0
BinVal : 11 22     0.888889 0.104757 0.104757 0 0
BinVal : 11 23     0.714286 0.170747 0.170747 0 0
BinVal : 11 24     0.1 0.0948683 0.0948683 0 0
BinVal : 11 25     0.0416667 0.0407894 0.0407894 0 0
BinVal : 11 26     0.0344828 0.033883 0.033883 0 0
BinVal : 11 27     0.5 0.353553 0.353553 0 0
BinVal : 12 1     0.117647 0.0781425 0.0781425 0 0
BinVal : 12 2     0.0740741 0.050401 0.050401 0 0
BinVal : 12 3     0.636364 0.145041 0.145041 0 0
BinVal : 12 4     0.833333 0.107583 0.107583 0 0
BinVal : 12 5     0.857143 0.093522 0.093522 0 0
BinVal : 12 6     0.645161 0.0859347 0.0859347 0 0
BinVal : 12 14     0.0212766 0.021049 0.021049 0 0
BinVal : 12 21     0.62069 0.0901022 0.0901022 0 0
BinVal : 12 22     0.842105 0.0836547 0.0836547 0 0
BinVal : 12 23     0.8 0.178885 0.178885 0 0
BinVal : 12 24     0.333333 0.19245 0.19245 0 0
BinVal : 12 25     0.0714286 0.0688303 0.0688303 0 0
BinVal : 13 4     0.909091 0.0866784 0.0866784 0 0
BinVal : 13 5     0.714286 0.120736 0.120736 0 0
BinVal : 13 6     0.65 0.0754155 0.0754155 0 0
BinVal : 13 7     0.285714 0.0985808 0.0985808 0 0
BinVal : 13 9     0.25 0.0625 0.0625 0 0
BinVal : 13 10     0.166667 0.062113 0.062113 0 0
BinVal : 13 11     0.520833 0.0721061 0.0721061 0 0
BinVal : 13 12     0.535714 0.0666446 0.0666446 0 0
BinVal : 13 13     0.690909 0.0623121 0.0623121 0 0
BinVal : 13 14     0.721311 0.0574058 0.0574058 0 0
BinVal : 13 15     0.509434 0.0686681 0.0686681 0 0
BinVal : 13 16     0.527273 0.0673196 0.0673196 0 0
BinVal : 13 17     0.12 0.0459565 0.0459565 0 0
BinVal : 13 18     0.128205 0.0535337 0.0535337 0 0
BinVal : 13 19     0.166667 0.087841 0.087841 0 0
BinVal : 13 20     0.388889 0.114904 0.114904 0 0
BinVal : 13 21     0.780488 0.0646428 0.0646428 0 0
BinVal : 13 22     0.909091 0.0866784 0.0866784 0 0
BinVal : 13 23     0.666667 0.157135 0.157135 0 0
BinVal : 13 24     0.625 0.171163 0.171163 0 0
BinVal : 13 25     0.0588235 0.0570672 0.0570672 0 0
BinVal : 13 26     0.166667 0.152145 0.152145 0 0
BinVal : 14 1     0.1 0.0948683 0.0948683 0 0
BinVal : 14 2     0.117647 0.0781425 0.0781425 0 0
BinVal : 14 4     0.5 0.144338 0.144338 0 0
BinVal : 14 5     0.75 0.0968246 0.0968246 0 0
BinVal : 14 6     0.730769 0.0869893 0.0869893 0 0
BinVal : 14 7     0.933333 0.0644061 0.0644061 0 0
BinVal : 14 8     0.764706 0.102879 0.102879 0 0
BinVal : 14 9     0.478261 0.0736513 0.0736513 0 0
BinVal : 14 10     0.385965 0.0644812 0.0644812 0 0
BinVal : 14 11     0.44186 0.0757321 0.0757321 0 0
BinVal : 14 12     0.422222 0.0736283 0.0736283 0 0
BinVal : 14 13     0.62 0.068644 0.068644 0 0
BinVal : 14 14     0.532258 0.0633678 0.0633678 0 0
BinVal : 14 15     0.436364 0.0668717 0.0668717 0 0
BinVal : 14 16     0.488372 0.0762287 0.0762287 0 0
BinVal : 14 17     0.517241 0.0656142 0.0656142 0 0
BinVal : 14 18     0.478261 0.0736513 0.0736513 0 0
BinVal : 14 19     0.68 0.0932952 0.0932952 0 0
BinVal : 14 20     0.862069 0.0640329 0.0640329 0 0
BinVal : 14 21     0.717949 0.0720574 0.0720574 0 0
BinVal : 14 22     0.733333 0.11418 0.11418 0 0
BinVal : 14 23     0.9 0.0948683 0.0948683 0 0
BinVal : 14 24     0.375 0.171163 0.171163 0 0
BinVal : 14 25     0.0833333 0.0564169 0.0564169 0 0
BinVal : 15 1     0.230769 0.116855 0.116855 0 0
BinVal : 15 2     0.09375 0.051527 0.051527 0 0
BinVal : 15 3     0.142857 0.13226 0.13226 0 0
BinVal : 15 4     0.75 0.153093 0.153093 0 0
BinVal : 15 5     0.769231 0.116855 0.116855 0 0
BinVal : 15 6     0.863636 0.0517355 0.0517355 0 0
BinVal : 15 7     0.875 0.0675077 0.0675077 0 0
BinVal : 15 8     0.48 0.09992 0.09992 0 0
BinVal : 15 9     0.58 0.0697997 0.0697997 0 0
BinVal : 15 10     0.301587 0.0578219 0.0578219 0 0
BinVal : 15 11     0.650794 0.060061 0.060061 0 0
BinVal : 15 12     0.66129 0.0601055 0.0601055 0 0
BinVal : 15 13     0.635135 0.0559607 0.0559607 0 0
BinVal : 15 14     0.701493 0.0559051 0.0559051 0 0
BinVal : 15 15     0.65 0.0615765 0.0615765 0 0
BinVal : 15 16     0.528302 0.0685702 0.0685702 0 0
BinVal : 15 17     0.528302 0.0685702 0.0685702 0 0
BinVal : 15 18     0.522727 0.0752999 0.0752999 0 0
BinVal : 15 19     0.421053 0.113269 0.113269 0 0
BinVal : 15 20     0.909091 0.0612909 0.0612909 0 0
BinVal : 15 21     0.842105 0.0591528 0.0591528 0 0
BinVal : 15 22     0.785714 0.109664 0.109664 0 0
BinVal : 15 23     0.555556 0.165635 0.165635 0 0
BinVal : 15 24     0.5 0.176777 0.176777 0 0
BinVal : 15 25     0.111111 0.0604812 0.0604812 0 0
BinVal : 15 26     0.0357143 0.0350707 0.0350707 0 0


Comments : includes prescale inefficiency, cosmic veto applied 
EffMethod : TagAndProbe 
EffName : eff 
EffType : Binned 
EffVarNames : phi deteta 
EffVersion : 5 
ObjQuality : SingleMuonTriggersOR-AND-MuFromMuJets 
ObjRelativeTo : loose_tracknewmedium_iso_TrkTightScaled 
ObjType : MuANDSingleMuonOR 
ObjVersion : 1 
RunRangeHigh : -1 
RunRangeLow : -1 
TriggerVersionHigh : 15 
TriggerVersionLow : 14.6 
BinEdges1 : 0 0.3927 0.7854 1.1781 1.5708 1.9635 2.3562 2.7489 3.1416 3.5343 3.927 4.3197 4.7124 5.1051 5.4978 5.8905 6.2832 
BinEdges2 : -2.2 -2 -1.8 -1.6 -1.55 -1.5 -1.4 -1.2 -1.1 -1 -0.8 -0.6 -0.4 -0.2 0 0.2 0.4 0.6 0.8 1 1.1 1.2 1.4 1.5 1.55 1.6 1.8 2 2.2 
BinVal : 0 1     0.115385 0.0626563 0.0626563 0 0
BinVal : 0 2     0.025641 0.0253102 0.0253102 0 0
BinVal : 0 3     0.333333 0.157135 0.157135 0 0
BinVal : 0 4     0.538462 0.138264 0.138264 0 0
BinVal : 0 5     0.692308 0.0905151 0.0905151 0 0
BinVal : 0 6     0.927273 0.0350164 0.0350164 0 0
BinVal : 0 7     0.939394 0.041536 0.041536 0 0
BinVal : 0 8     0.45 0.0786607 0.0786607 0 0
BinVal : 0 9     0.521739 0.060136 0.060136 0 0
BinVal : 0 10     0.328571 0.0561391 0.0561391 0 0
BinVal : 0 11     0.634146 0.0531914 0.0531914 0 0
BinVal : 0 12     0.648649 0.0554958 0.0554958 0 0
BinVal : 0 13     0.670103 0.0477391 0.0477391 0 0
BinVal : 0 14     0.712121 0.0557327 0.0557327 0 0
BinVal : 0 15     0.546667 0.057483 0.057483 0 0
BinVal : 0 16     0.644444 0.0504574 0.0504574 0 0
BinVal : 0 17     0.621212 0.0597099 0.0597099 0 0
BinVal : 0 18     0.542857 0.0595415 0.0595415 0 0
BinVal : 0 19     0.583333 0.0711594 0.0711594 0 0
BinVal : 0 20     0.869565 0.0702237 0.0702237 0 0
BinVal : 0 21     0.924528 0.0362839 0.0362839 0 0
BinVal : 0 22     0.85 0.0798436 0.0798436 0 0
BinVal : 0 23     0.625 0.171163 0.171163 0 0
BinVal : 0 24     0.0833333 0.0797856 0.0797856 0 0
BinVal : 0 25     0.0588235 0.0403526 0.0403526 0 0
BinVal : 0 26     0.0434783 0.0425226 0.0425226 0 0
BinVal : 1 2     0.0294118 0.028976 0.028976 0 0
BinVal : 1 3     0.166667 0.107583 0.107583 0 0
BinVal : 1 4     0.7 0.144914 0.144914 0 0
BinVal : 1 5     0.85 0.0798436 0.0798436 0 0
BinVal : 1 6     0.814815 0.052861 0.052861 0 0
BinVal : 1 7     0.8 0.08 0.08 0 0
BinVal : 1 8     0.551724 0.0923495 0.0923495 0 0
BinVal : 1 9     0.523077 0.0619513 0.0619513 0 0
BinVal : 1 10     0.347826 0.0702237 0.0702237 0 0
BinVal : 1 11     0.40625 0.0613915 0.0613915 0 0
BinVal : 1 12     0.469697 0.0614326 0.0614326 0 0
BinVal : 1 13     0.5 0.0680414 0.0680414 0 0
BinVal : 1 14     0.472727 0.0673196 0.0673196 0 0
BinVal : 1 15     0.359375 0.0599772 0.0599772 0 0
BinVal : 1 16     0.467532 0.05686 0.05686 0 0
BinVal : 1 17     0.632653 0.0688689 0.0688689 0 0
BinVal : 1 18     0.416667 0.0581014 0.0581014 0 0
BinVal : 1 19     0.709677 0.0815249 0.0815249 0 0
BinVal : 1 20     0.740741 0.084337 0.084337 0 0
BinVal : 1 21     0.818182 0.0581456 0.0581456 0 0
BinVal : 1 22     0.772727 0.0893461 0.0893461 0 0
BinVal : 1 23     0.636364 0.145041 0.145041 0 0
BinVal : 1 24     0.1 0.0948683 0.0948683 0 0
BinVal : 1 25     0.0344828 0.033883 0.033883 0 0
BinVal : 1 26     0.0588235 0.0570672 0.0570672 0 0
BinVal : 2 3     0.222222 0.13858 0.13858 0 0
BinVal : 2 4     0.333333 0.19245 0.19245 0 0
BinVal : 2 5     0.692308 0.128008 0.128008 0 0
BinVal : 2 6     0.757576 0.0746009 0.0746009 0 0
BinVal : 2 7     0.875 0.0675077 0.0675077 0 0
BinVal : 2 8     0.931035 0.0470544 0.0470544 0 0
BinVal : 2 9     0.516129 0.0897559 0.0897559 0 0
BinVal : 2 10     0.627451 0.0677012 0.0677012 0 0
BinVal : 2 11     0.644444 0.0713576 0.0713576 0 0
BinVal : 2 12     0.612903 0.0874832 0.0874832 0 0
BinVal : 2 13     0.690909 0.0623121 0.0623121 0 0
BinVal : 2 14     0.666667 0.0785674 0.0785674 0 0
BinVal : 2 15     0.625 0.0698771 0.0698771 0 0
BinVal : 2 16     0.644444 0.0713576 0.0713576 0 0
BinVal : 2 17     0.666667 0.0660098 0.0660098 0 0
BinVal : 2 18     0.666667 0.0785674 0.0785674 0 0
BinVal : 2 19     0.9 0.067082 0.067082 0 0
BinVal : 2 20     0.833333 0.0760726 0.0760726 0 0
BinVal : 2 21     0.757576 0.0746009 0.0746009 0 0
BinVal : 2 22     0.842105 0.0836547 0.0836547 0 0
BinVal : 2 23     0.666667 0.272166 0.272166 0 0
BinVal : 2 24     0.125 0.116927 0.116927 0 0
BinVal : 3 2     0.363636 0.145041 0.145041 0 0
BinVal : 3 3     1 0.218486 0.218486 0 0
BinVal : 3 4     0.5 0.353553 0.353553 0 0
BinVal : 3 5     0.857143 0.13226 0.13226 0 0
BinVal : 3 6     0.733333 0.11418 0.11418 0 0
BinVal : 3 7     0.888889 0.104757 0.104757 0 0
BinVal : 3 8     0.818182 0.116291 0.116291 0 0
BinVal : 3 9     0.461538 0.0977675 0.0977675 0 0
BinVal : 3 10     0.625 0.0855817 0.0855817 0 0
BinVal : 3 11     0.454545 0.106159 0.106159 0 0
BinVal : 3 12     0.592593 0.0945607 0.0945607 0 0
BinVal : 3 13     0.727273 0.0949515 0.0949515 0 0
BinVal : 3 14     0.75 0.0883883 0.0883883 0 0
BinVal : 3 15     0.75 0.0968246 0.0968246 0 0
BinVal : 3 16     0.653846 0.0933009 0.0933009 0 0
BinVal : 3 17     0.777778 0.0979908 0.0979908 0 0
BinVal : 3 18     0.631579 0.110665 0.110665 0 0
BinVal : 3 19     0.583333 0.142319 0.142319 0 0
BinVal : 3 20     0.8 0.126491 0.126491 0 0
BinVal : 3 21     0.727273 0.0949515 0.0949515 0 0
BinVal : 3 22     1 0.0456491 0.0456491 0 0
BinVal : 3 23     0.571429 0.187044 0.187044 0 0
BinVal : 3 24     0.5 0.25 0.25 0 0
BinVal : 3 25     0.0769231 0.0739053 0.0739053 0 0
BinVal : 4 2     0.125 0.116927 0.116927 0 0
BinVal : 4 3     0.5 0.353553 0.353553 0 0
BinVal : 4 4     0.333333 0.272166 0.272166 0 0
BinVal : 4 5     0.8 0.178885 0.178885 0 0
BinVal : 4 6     0.7 0.144914 0.144914 0 0
BinVal : 4 7     0.777778 0.13858 0.13858 0 0
BinVal : 4 8     0.222222 0.13858 0.13858 0 0
BinVal : 4 9     0.56 0.0992774 0.0992774 0 0
BinVal : 4 10     0.6875 0.115878 0.115878 0 0
BinVal : 4 11     0.68 0.0932952 0.0932952 0 0
BinVal : 4 12     0.6 0.109545 0.109545 0 0
BinVal : 4 13     0.814815 0.0747568 0.0747568 0 0
BinVal : 4 14     0.454545 0.106159 0.106159 0 0
BinVal : 4 15     0.357143 0.12806 0.12806 0 0
BinVal : 4 16     0.695652 0.0959439 0.0959439 0 0
BinVal : 4 17     0.416667 0.100635 0.100635 0 0
BinVal : 4 18     0.541667 0.101707 0.101707 0 0
BinVal : 4 19     0.2 0.126491 0.126491 0 0
BinVal : 4 20     0.909091 0.0866784 0.0866784 0 0
BinVal : 4 21     0.894737 0.0704059 0.0704059 0 0
BinVal : 4 22     0.888889 0.104757 0.104757 0 0
BinVal : 4 23     0.25 0.216506 0.216506 0 0
BinVal : 4 25     0.0769231 0.0739053 0.0739053 0 0
BinVal : 5 4     0.5 0.25 0.25 0 0
BinVal : 5 5     0.866667 0.0877707 0.0877707 0 0
BinVal : 5 6     0.8125 0.0689981 0.0689981 0 0
BinVal : 5 7     0.88 0.0649923 0.0649923 0 0
BinVal : 5 8     0.809524 0.0856891 0.0856891 0 0
BinVal : 5 9     0.583333 0.0711594 0.0711594 0 0
BinVal : 5 10     0.673913 0.0691178 0.0691178 0 0
BinVal : 5 11     0.75 0.0625 0.0625 0 0
BinVal : 5 12     0.585366 0.0769404 0.0769404 0 0
BinVal : 5 13     0.657895 0.0769602 0.0769602 0 0
BinVal : 5 14     0.62069 0.0901022 0.0901022 0 0
BinVal : 5 15     0.212121 0.0711647 0.0711647 0 0
BinVal : 5 16     0.657143 0.0802329 0.0802329 0 0
BinVal : 5 17     0.545455 0.0750657 0.0750657 0 0
BinVal : 5 18     0.475 0.0789581 0.0789581 0 0
BinVal : 5 19     0.818182 0.0822304 0.0822304 0 0
BinVal : 5 20     0.727273 0.0949515 0.0949515 0 0
BinVal : 5 21     0.878788 0.0568144 0.0568144 0 0
BinVal : 5 22     0.8 0.08 0.08 0 0
BinVal : 5 23     0.857143 0.13226 0.13226 0 0
BinVal : 5 24     0.2 0.126491 0.126491 0 0
BinVal : 5 25     0.05 0.048734 0.048734 0 0
BinVal : 6 1     0.142857 0.13226 0.13226 0 0
BinVal : 6 2     0.05 0.048734 0.048734 0 0
BinVal : 6 4     0.352941 0.115904 0.115904 0 0
BinVal : 6 5     0.6 0.109545 0.109545 0 0
BinVal : 6 6     0.938776 0.0342488 0.0342488 0 0
BinVal : 6 7     0.8 0.08 0.08 0 0
BinVal : 6 8     0.878788 0.0568144 0.0568144 0 0
BinVal : 6 9     0.568182 0.0746737 0.0746737 0 0
BinVal : 6 10     0.704545 0.0687818 0.0687818 0 0
BinVal : 6 11     0.634615 0.0667773 0.0667773 0 0
BinVal : 6 12     0.666667 0.0680414 0.0680414 0 0
BinVal : 6 13     0.4 0.0774597 0.0774597 0 0
BinVal : 6 14     0.490566 0.0686681 0.0686681 0 0
BinVal : 6 15     0.609375 0.0609863 0.0609863 0 0
BinVal : 6 16     0.530612 0.0712946 0.0712946 0 0
BinVal : 6 17     0.68 0.0659697 0.0659697 0 0
BinVal : 6 18     0.446809 0.0725186 0.0725186 0 0
BinVal : 6 19     0.75 0.0968246 0.0968246 0 0
BinVal : 6 20     0.85 0.0798436 0.0798436 0 0
BinVal : 6 21     0.842105 0.0591528 0.0591528 0 0
BinVal : 6 22     0.684211 0.106639 0.106639 0 0
BinVal : 6 23     0.733333 0.11418 0.11418 0 0
BinVal : 7 1     0.0434783 0.0425226 0.0425226 0 0
BinVal : 7 2     0.153846 0.0707589 0.0707589 0 0
BinVal : 7 3     0.0833333 0.0797856 0.0797856 0 0
BinVal : 7 4     0.615385 0.134932 0.134932 0 0
BinVal : 7 5     0.684211 0.106639 0.106639 0 0
BinVal : 7 6     0.806452 0.0709583 0.0709583 0 0
BinVal : 7 7     0.740741 0.084337 0.084337 0 0
BinVal : 7 8     0.285714 0.0763604 0.0763604 0 0
BinVal : 7 9     0.5 0.0680414 0.0680414 0 0
BinVal : 7 10     0.395833 0.0705853 0.0705853 0 0
BinVal : 7 11     0.516667 0.0645139 0.0645139 0 0
BinVal : 7 12     0.684211 0.0615682 0.0615682 0 0
BinVal : 7 13     0.411765 0.0689152 0.0689152 0 0
BinVal : 7 14     0.78125 0.0516748 0.0516748 0 0
BinVal : 7 15     0.573529 0.0599747 0.0599747 0 0
BinVal : 7 16     0.592593 0.0545946 0.0545946 0 0
BinVal : 7 17     0.545455 0.0567443 0.0567443 0 0
BinVal : 7 18     0.396226 0.0671848 0.0671848 0 0
BinVal : 7 19     0.44 0.0992774 0.0992774 0 0
BinVal : 7 20     0.857143 0.0591485 0.0591485 0 0
BinVal : 7 21     0.857143 0.0499896 0.0499896 0 0
BinVal : 7 22     0.791667 0.0828982 0.0828982 0 0
BinVal : 7 23     0.833333 0.107583 0.107583 0 0
BinVal : 7 24     0.25 0.125 0.125 0 0
BinVal : 7 25     0.0606061 0.041536 0.041536 0 0
BinVal : 8 1     0.0666667 0.0644061 0.0644061 0 0
BinVal : 8 3     0.111111 0.104757 0.104757 0 0
BinVal : 8 4     0.5 0.25 0.25 0 0
BinVal : 8 5     0.75 0.0968246 0.0968246 0 0
BinVal : 8 6     0.901961 0.0416398 0.0416398 0 0
BinVal : 8 7     0.818182 0.0671408 0.0671408 0 0
BinVal : 8 8     0.44 0.0992774 0.0992774 0 0
BinVal : 8 9     0.671875 0.0586913 0.0586913 0 0
BinVal : 8 10     0.630769 0.0598587 0.0598587 0 0
BinVal : 8 11     0.65625 0.0593699 0.0593699 0 0
BinVal : 8 12     0.787879 0.0503211 0.0503211 0 0
BinVal : 8 13     0.662791 0.0509787 0.0509787 0 0
BinVal : 8 14     0.835294 0.0402314 0.0402314 0 0
BinVal : 8 15     0.61039 0.0555742 0.0555742 0 0
BinVal : 8 16     0.606061 0.0601452 0.0601452 0 0
BinVal : 8 17     0.545455 0.0671408 0.0671408 0 0
BinVal : 8 18     0.55102 0.0710557 0.0710557 0 0
BinVal : 8 19     0.433333 0.090472 0.090472 0 0
BinVal : 8 20     1 0.018786 0.018786 0 0
BinVal : 8 21     0.914894 0.0407022 0.0407022 0 0
BinVal : 8 22     0.909091 0.0612909 0.0612909 0 0
BinVal : 8 23     0.6 0.154919 0.154919 0 0
BinVal : 8 24     0.384615 0.134932 0.134932 0 0
BinVal : 8 26     0.0555556 0.0539903 0.0539903 0 0
BinVal : 9 1     0.181818 0.116291 0.116291 0 0
BinVal : 9 2     0.2 0.08 0.08 0 0
BinVal : 9 3     0.222222 0.13858 0.13858 0 0
BinVal : 9 4     0.666667 0.157135 0.157135 0 0
BinVal : 9 5     0.956522 0.0425226 0.0425226 0 0
BinVal : 9 6     0.9 0.0474342 0.0474342 0 0
BinVal : 9 7     0.727273 0.0775275 0.0775275 0 0
BinVal : 9 8     0.913043 0.0587534 0.0587534 0 0
BinVal : 9 9     0.548387 0.0893812 0.0893812 0 0
BinVal : 9 10     0.8 0.0565685 0.0565685 0 0
BinVal : 9 11     0.641791 0.0585771 0.0585771 0 0
BinVal : 9 12     0.542857 0.0595415 0.0595415 0 0
BinVal : 9 13     0.548387 0.063202 0.063202 0 0
BinVal : 9 14     0.636364 0.0592126 0.0592126 0 0
BinVal : 9 15     0.642857 0.0572703 0.0572703 0 0
BinVal : 9 16     0.716981 0.0618762 0.0618762 0 0
BinVal : 9 17     0.492063 0.0629861 0.0629861 0 0
BinVal : 9 18     0.577778 0.0736283 0.0736283 0 0
BinVal : 9 19     0.95 0.048734 0.048734 0 0
BinVal : 9 20     0.956522 0.0425226 0.0425226 0 0
BinVal : 9 21     0.842105 0.0591528 0.0591528 0 0
BinVal : 9 22     0.727273 0.0949515 0.0949515 0 0
BinVal : 9 23     0.5 0.158114 0.158114 0 0
BinVal : 9 24     0.222222 0.13858 0.13858 0 0
BinVal : 9 26     0.0909091 0.0866784 0.0866784 0 0
BinVal : 10 1     0.25 0.153093 0.153093 0 0
BinVal : 10 4     0.5 0.204124 0.204124 0 0
BinVal : 10 5     0.866667 0.0877707 0.0877707 0 0
BinVal : 10 6     0.680851 0.0679945 0.0679945 0 0
BinVal : 10 7     0.346154 0.0933009 0.0933009 0 0
BinVal : 10 8     0.25 0.0818317 0.0818317 0 0
BinVal : 10 9     0.418182 0.0665112 0.0665112 0 0
BinVal : 10 10     0.204545 0.0608102 0.0608102 0 0
BinVal : 10 11     0.5 0.0680414 0.0680414 0 0
BinVal : 10 12     0.615385 0.0603434 0.0603434 0 0
BinVal : 10 13     0.714286 0.0539949 0.0539949 0 0
BinVal : 10 14     0.622642 0.0665822 0.0665822 0 0
BinVal : 10 15     0.559322 0.0646347 0.0646347 0 0
BinVal : 10 16     0.583333 0.0711594 0.0711594 0 0
BinVal : 10 17     0.0677966 0.032729 0.032729 0 0
BinVal : 10 18     0.241379 0.0561886 0.0561886 0 0
BinVal : 10 19     0.2 0.0730297 0.0730297 0 0
BinVal : 10 20     0.32 0.0932952 0.0932952 0 0
BinVal : 10 21     0.804878 0.0618908 0.0618908 0 0
BinVal : 10 22     0.96 0.0391918 0.0391918 0 0
BinVal : 10 23     0.6 0.126491 0.126491 0 0
BinVal : 10 24     0.5 0.25 0.25 0 0
BinVal : 10 25     0.04 0.0391918 0.0391918 0 0
BinVal : 10 26     0.0833333 0.0797856 0.0797856 0 0
BinVal : 11 1     0.05 0.048734 0.048734 0 0
BinVal : 11 2     0.228571 0.0709782 0.0709782 0 0
BinVal : 11 3     0.555556 0.165635 0.165635 0 0
BinVal : 11 4     0.9 0.0948683 0.0948683 0 0
BinVal : 11 5     0.857143 0.0763604 0.0763604 0 0
BinVal : 11 6     0.641026 0.0768134 0.0768134 0 0
BinVal : 11 13     0.0222222 0.0219739 0.0219739 0 0
BinVal : 11 19     0.0434783 0.0425226 0.0425226 0 0
BinVal : 11 21     0.636364 0.0648642 0.0648642 0 0
BinVal : 11 22     0.941176 0.0570672 0.0570672 0 0
BinVal : 11 23     0.583333 0.142319 0.142319 0 0
BinVal : 11 24     0.428571 0.187044 0.187044 0 0
BinVal : 11 25     0.0625 0.0427908 0.0427908 0 0
BinVal : 11 26     0.0454545 0.0444095 0.0444095 0 0
BinVal : 12 0     0.142857 0.13226 0.13226 0 0
BinVal : 12 3     0.1 0.0948683 0.0948683 0 0
BinVal : 12 4     0.625 0.171163 0.171163 0 0
BinVal : 12 5     0.545455 0.150131 0.150131 0 0
BinVal : 12 6     0.621622 0.0797307 0.0797307 0 0
BinVal : 12 9     0.037037 0.0363447 0.0363447 0 0
BinVal : 12 12     0.0277778 0.0273893 0.0273893 0 0
BinVal : 12 13     0.0172414 0.0170921 0.0170921 0 0
BinVal : 12 21     0.609756 0.0761823 0.0761823 0 0
BinVal : 12 22     0.909091 0.0866784 0.0866784 0 0
BinVal : 12 23     0.444444 0.165635 0.165635 0 0
BinVal : 12 24     0.5 0.204124 0.204124 0 0
BinVal : 12 25     0.153846 0.0707589 0.0707589 0 0
BinVal : 12 26     0.0384615 0.0377146 0.0377146 0 0
BinVal : 13 1     0.153846 0.100068 0.100068 0 0
BinVal : 13 3     0.416667 0.142319 0.142319 0 0
BinVal : 13 4     0.571429 0.187044 0.187044 0 0
BinVal : 13 5     0.75 0.108253 0.108253 0 0
BinVal : 13 6     0.75 0.0684653 0.0684653 0 0
BinVal : 13 7     0.454545 0.106159 0.106159 0 0
BinVal : 13 8     0.217391 0.0860061 0.0860061 0 0
BinVal : 13 9     0.365385 0.0667773 0.0667773 0 0
BinVal : 13 10     0.163265 0.0528011 0.0528011 0 0
BinVal : 13 11     0.428571 0.0763604 0.0763604 0 0
BinVal : 13 12     0.454545 0.0567443 0.0567443 0 0
BinVal : 13 13     0.640625 0.0599772 0.0599772 0 0
BinVal : 13 14     0.638889 0.0566066 0.0566066 0 0
BinVal : 13 15     0.613333 0.0562323 0.0562323 0 0
BinVal : 13 16     0.566667 0.0639734 0.0639734 0 0
BinVal : 13 17     0.0681818 0.0379991 0.0379991 0 0
BinVal : 13 18     0.206897 0.0531897 0.0531897 0 0
BinVal : 13 19     0.16 0.0733212 0.0733212 0 0
BinVal : 13 20     0.44 0.0992774 0.0992774 0 0
BinVal : 13 21     0.871795 0.0535337 0.0535337 0 0
BinVal : 13 22     0.5 0.176777 0.176777 0 0
BinVal : 13 23     0.5 0.204124 0.204124 0 0
BinVal : 13 24     0.2 0.126491 0.126491 0 0
BinVal : 13 25     0.0555556 0.0381769 0.0381769 0 0
BinVal : 13 26     0.142857 0.13226 0.13226 0 0
BinVal : 14 2     0.0882353 0.0486433 0.0486433 0 0
BinVal : 14 4     0.714286 0.170747 0.170747 0 0
BinVal : 14 5     0.8 0.0894427 0.0894427 0 0
BinVal : 14 6     0.9 0.0474342 0.0474342 0 0
BinVal : 14 7     0.7 0.10247 0.10247 0 0
BinVal : 14 8     0.777778 0.0800091 0.0800091 0 0
BinVal : 14 9     0.516129 0.063467 0.063467 0 0
BinVal : 14 10     0.209302 0.062038 0.062038 0 0
BinVal : 14 11     0.492537 0.0610779 0.0610779 0 0
BinVal : 14 12     0.544118 0.0603974 0.0603974 0 0
BinVal : 14 13     0.626866 0.0590857 0.0590857 0 0
BinVal : 14 14     0.589286 0.0657414 0.0657414 0 0
BinVal : 14 15     0.352941 0.057952 0.057952 0 0
BinVal : 14 16     0.485714 0.059737 0.059737 0 0
BinVal : 14 17     0.48 0.0706541 0.0706541 0 0
BinVal : 14 18     0.54 0.070484 0.070484 0 0
BinVal : 14 19     0.851852 0.0683673 0.0683673 0 0
BinVal : 14 20     0.870968 0.0602101 0.0602101 0 0
BinVal : 14 21     0.904762 0.0452948 0.0452948 0 0
BinVal : 14 22     0.764706 0.102879 0.102879 0 0
BinVal : 14 23     1 0.0756803 0.0756803 0 0
BinVal : 14 25     0.0740741 0.050401 0.050401 0 0
BinVal : 14 26     0.222222 0.13858 0.13858 0 0
BinVal : 15 1     0.166667 0.0760726 0.0760726 0 0
BinVal : 15 2     0.08 0.0542586 0.0542586 0 0
BinVal : 15 3     0.166667 0.107583 0.107583 0 0
BinVal : 15 4     0.9 0.0948683 0.0948683 0 0
BinVal : 15 5     0.952381 0.0464714 0.0464714 0 0
BinVal : 15 6     1 0.0157046 0.0157046 0 0
BinVal : 15 7     0.888889 0.0740741 0.0740741 0 0
BinVal : 15 8     0.428571 0.0836486 0.0836486 0 0
BinVal : 15 9     0.588235 0.0689152 0.0689152 0 0
BinVal : 15 10     0.384615 0.067466 0.067466 0 0
BinVal : 15 11     0.709091 0.0612418 0.0612418 0 0
BinVal : 15 12     0.672414 0.0616264 0.0616264 0 0
BinVal : 15 13     0.737705 0.0563211 0.0563211 0 0
BinVal : 15 14     0.762712 0.055385 0.055385 0 0
BinVal : 15 15     0.654762 0.0518754 0.0518754 0 0
BinVal : 15 16     0.638889 0.0566066 0.0566066 0 0
BinVal : 15 17     0.690909 0.0623121 0.0623121 0 0
BinVal : 15 18     0.482759 0.0656142 0.0656142 0 0
BinVal : 15 19     0.419355 0.0886269 0.0886269 0 0
BinVal : 15 20     0.96 0.0391918 0.0391918 0 0
BinVal : 15 21     0.90566 0.0401506 0.0401506 0 0
BinVal : 15 22     0.896552 0.0565523 0.0565523 0 0
BinVal : 15 23     0.75 0.153093 0.153093 0 0
BinVal : 15 25     0.157895 0.0591528 0.0591528 0 0
BinVal : 15 26     0.25 0.108253 0.108253 0 0


