Comments : cosmic veto applied 
EffMethod : TagAndProbe 
EffName : eff 
EffType : Binned 
EffVarNames : phi deteta 
EffVersion : 5 
ObjQuality : l2m5 
ObjRelativeTo : medium_l1wtlx 
ObjType : Muon 
ObjVersion : 1 
RunRangeHigh : 216000 
RunRangeLow : 160000 
TriggerVersionHigh : 12.99 
TriggerVersionLow : 8 
BinEdgesX : 0 0.19635 0.3927 0.58905 0.7854 0.98175 1.1781 1.37445 1.5708 1.76715 1.9635 2.15985 2.3562 2.55255 2.7489 2.94525 3.1416 3.33795 3.5343 3.73065 3.927 4.12335 4.3197 4.51605 4.7124 4.90875 5.1051 5.30145 5.4978 5.69415 5.8905 6.08685 6.2832 
BinEdgesY : -4.2 -4.00909 -3.81818 -3.62727 -3.43636 -3.24545 -3.05455 -2.86364 -2.67273 -2.48182 -2.29091 -2.1 -1.90909 -1.71818 -1.52727 -1.33636 -1.14545 -0.954545 -0.763636 -0.572727 -0.381818 -0.190909 0 0.190909 0.381818 0.572727 0.763636 0.954545 1.14545 1.33636 1.52727 1.71818 1.90909 2.1 2.29091 2.48182 2.67273 2.86364 3.05455 3.24545 3.43636 3.62727 3.81818 4.00909 4.2 
BinVal : 0 0 0 0 0
BinVal : 0 1 0 0 0
BinVal : 0 2 0 0 0
BinVal : 0 3 0 0 0
BinVal : 0 4 0 0 0
BinVal : 0 5 0 0 0
BinVal : 0 6 0 0 0
BinVal : 0 7 0 0 0
BinVal : 0 8 0 0 0
BinVal : 0 9 0 0 0
BinVal : 0 10 0 0 0
BinVal : 0 11 0 0 0
BinVal : 0 12 0 0 0
BinVal : 0 13 0 0 0
BinVal : 0 14 1 0.0266185 0.0266185
BinVal : 0 15 0.971429 0.0281603 0.0281603
BinVal : 0 16 0.84375 0.0641862 0.0641862
BinVal : 0 17 1 0.00997686 0.00997686
BinVal : 0 18 1 0.0141568 0.0141568
BinVal : 0 19 0.967742 0.0317335 0.0317335
BinVal : 0 20 0.930233 0.0388497 0.0388497
BinVal : 0 21 0.936508 0.0307217 0.0307217
BinVal : 0 22 0.962963 0.0256996 0.0256996
BinVal : 0 23 0.666667 0.0660098 0.0660098
BinVal : 0 24 0.918919 0.0448743 0.0448743
BinVal : 0 25 0.763158 0.0689676 0.0689676
BinVal : 0 26 0.973684 0.0259672 0.0259672
BinVal : 0 27 0.864865 0.0562027 0.0562027
BinVal : 0 28 1 0.0181909 0.0181909
BinVal : 0 29 1 0.0279117 0.0279117
BinVal : 0 30 0 0 0
BinVal : 0 31 0 0 0
BinVal : 0 32 0 0 0
BinVal : 0 33 0 0 0
BinVal : 0 34 0 0 0
BinVal : 0 35 0 0 0
BinVal : 0 36 0 0 0
BinVal : 0 37 0 0 0
BinVal : 0 38 0 0 0
BinVal : 0 39 0 0 0
BinVal : 0 40 0 0 0
BinVal : 0 41 0 0 0
BinVal : 0 42 0 0 0
BinVal : 0 43 0 0 0
BinVal : 1 0 0 0 0
BinVal : 1 1 0 0 0
BinVal : 1 2 0 0 0
BinVal : 1 3 0 0 0
BinVal : 1 4 0 0 0
BinVal : 1 5 0 0 0
BinVal : 1 6 0 0 0
BinVal : 1 7 0 0 0
BinVal : 1 8 0 0 0
BinVal : 1 9 0 0 0
BinVal : 1 10 0 0 0
BinVal : 1 11 0 0 0
BinVal : 1 12 0 0 0
BinVal : 1 13 0 0 0
BinVal : 1 14 1 0.0279117 0.0279117
BinVal : 1 15 0.952381 0.0328603 0.0328603
BinVal : 1 16 0.904762 0.0452948 0.0452948
BinVal : 1 17 0.933333 0.0371849 0.0371849
BinVal : 1 18 1 0.0107217 0.0107217
BinVal : 1 19 1 0.0131822 0.0131822
BinVal : 1 20 0.961538 0.0266683 0.0266683
BinVal : 1 21 0.944444 0.0311713 0.0311713
BinVal : 1 22 0.96 0.0226274 0.0226274
BinVal : 1 23 0.739726 0.0513558 0.0513558
BinVal : 1 24 0.978723 0.021049 0.021049
BinVal : 1 25 0.848485 0.0624156 0.0624156
BinVal : 1 26 0.980769 0.019045 0.019045
BinVal : 1 27 0.829787 0.0548189 0.0548189
BinVal : 1 28 1 0.0123324 0.0123324
BinVal : 1 29 0.9375 0.0605154 0.0605154
BinVal : 1 30 0 0 0
BinVal : 1 31 0 0 0
BinVal : 1 32 0 0 0
BinVal : 1 33 0 0 0
BinVal : 1 34 0 0 0
BinVal : 1 35 0 0 0
BinVal : 1 36 0 0 0
BinVal : 1 37 0 0 0
BinVal : 1 38 0 0 0
BinVal : 1 39 0 0 0
BinVal : 1 40 0 0 0
BinVal : 1 41 0 0 0
BinVal : 1 42 0 0 0
BinVal : 1 43 0 0 0
BinVal : 2 0 0 0 0
BinVal : 2 1 0 0 0
BinVal : 2 2 0 0 0
BinVal : 2 3 0 0 0
BinVal : 2 4 0 0 0
BinVal : 2 5 0 0 0
BinVal : 2 6 0 0 0
BinVal : 2 7 0 0 0
BinVal : 2 8 0 0 0
BinVal : 2 9 0 0 0
BinVal : 2 10 0 0 0
BinVal : 2 11 0 0 0
BinVal : 2 12 0 0 0
BinVal : 2 13 0 0 0
BinVal : 2 14 0.961538 0.0377146 0.0377146
BinVal : 2 15 1 0.0123324 0.0123324
BinVal : 2 16 0.93617 0.0356566 0.0356566
BinVal : 2 17 0.9 0.0474342 0.0474342
BinVal : 2 18 0.978261 0.0215015 0.0215015
BinVal : 2 19 1 0.0138164 0.0138164
BinVal : 2 20 1 0.0105252 0.0105252
BinVal : 2 21 0.983333 0.0165272 0.0165272
BinVal : 2 22 0.983333 0.0165272 0.0165272
BinVal : 2 23 0.833333 0.062113 0.062113
BinVal : 2 24 0.923077 0.0426692 0.0426692
BinVal : 2 25 0.8125 0.0563367 0.0563367
BinVal : 2 26 1 0.017632 0.017632
BinVal : 2 27 0.820513 0.0614507 0.0614507
BinVal : 2 28 0.981818 0.0180158 0.0180158
BinVal : 2 29 1 0.017632 0.017632
BinVal : 2 30 0 0 0
BinVal : 2 31 0 0 0
BinVal : 2 32 0 0 0
BinVal : 2 33 0 0 0
BinVal : 2 34 0 0 0
BinVal : 2 35 0 0 0
BinVal : 2 36 0 0 0
BinVal : 2 37 0 0 0
BinVal : 2 38 0 0 0
BinVal : 2 39 0 0 0
BinVal : 2 40 0 0 0
BinVal : 2 41 0 0 0
BinVal : 2 42 0 0 0
BinVal : 2 43 0 0 0
BinVal : 3 0 0 0 0
BinVal : 3 1 0 0 0
BinVal : 3 2 0 0 0
BinVal : 3 3 0 0 0
BinVal : 3 4 0 0 0
BinVal : 3 5 0 0 0
BinVal : 3 6 0 0 0
BinVal : 3 7 0 0 0
BinVal : 3 8 0 0 0
BinVal : 3 9 0 0 0
BinVal : 3 10 0 0 0
BinVal : 3 11 0 0 0
BinVal : 3 12 0 0 0
BinVal : 3 13 0 0 0
BinVal : 3 14 1 0.0309157 0.0309157
BinVal : 3 15 1 0.0152869 0.0152869
BinVal : 3 16 0.962963 0.0256996 0.0256996
BinVal : 3 17 0.625 0.0988212 0.0988212
BinVal : 3 18 1 0.0171075 0.0171075
BinVal : 3 19 0.959184 0.0282664 0.0282664
BinVal : 3 20 0.911765 0.0486433 0.0486433
BinVal : 3 21 0.880952 0.0499703 0.0499703
BinVal : 3 22 0.957447 0.0294425 0.0294425
BinVal : 3 23 0.636364 0.0725204 0.0725204
BinVal : 3 24 0.9375 0.0427908 0.0427908
BinVal : 3 25 0.909091 0.0500438 0.0500438
BinVal : 3 26 0.785714 0.0775443 0.0775443
BinVal : 3 27 1 0.018786 0.018786
BinVal : 3 28 0.972973 0.0266593 0.0266593
BinVal : 3 29 0.928571 0.0688303 0.0688303
BinVal : 3 30 0 0 0
BinVal : 3 31 0 0 0
BinVal : 3 32 0 0 0
BinVal : 3 33 0 0 0
BinVal : 3 34 0 0 0
BinVal : 3 35 0 0 0
BinVal : 3 36 0 0 0
BinVal : 3 37 0 0 0
BinVal : 3 38 0 0 0
BinVal : 3 39 0 0 0
BinVal : 3 40 0 0 0
BinVal : 3 41 0 0 0
BinVal : 3 42 0 0 0
BinVal : 3 43 0 0 0
BinVal : 4 0 0 0 0
BinVal : 4 1 0 0 0
BinVal : 4 2 0 0 0
BinVal : 4 3 0 0 0
BinVal : 4 4 0 0 0
BinVal : 4 5 0 0 0
BinVal : 4 6 0 0 0
BinVal : 4 7 0 0 0
BinVal : 4 8 0 0 0
BinVal : 4 9 0 0 0
BinVal : 4 10 0 0 0
BinVal : 4 11 0 0 0
BinVal : 4 12 0 0 0
BinVal : 4 13 0 0 0
BinVal : 4 14 1 0.039392 0.039392
BinVal : 4 15 1 0.0279117 0.0279117
BinVal : 4 16 0.969697 0.0298404 0.0298404
BinVal : 4 17 1 0.0293374 0.0293374
BinVal : 4 18 0.96875 0.0307578 0.0307578
BinVal : 4 19 0.928571 0.0486704 0.0486704
BinVal : 4 20 0.923077 0.0426692 0.0426692
BinVal : 4 21 0.885714 0.0537785 0.0537785
BinVal : 4 22 0.975 0.0246855 0.0246855
BinVal : 4 23 0.88 0.0649923 0.0649923
BinVal : 4 24 0.939394 0.041536 0.041536
BinVal : 4 25 0.878788 0.0568144 0.0568144
BinVal : 4 26 0.904762 0.0640564 0.0640564
BinVal : 4 27 0.956522 0.0425226 0.0425226
BinVal : 4 28 1 0.0171075 0.0171075
BinVal : 4 29 1 0.0456491 0.0456491
BinVal : 4 30 0 0 0
BinVal : 4 31 0 0 0
BinVal : 4 32 0 0 0
BinVal : 4 33 0 0 0
BinVal : 4 34 0 0 0
BinVal : 4 35 0 0 0
BinVal : 4 36 0 0 0
BinVal : 4 37 0 0 0
BinVal : 4 38 0 0 0
BinVal : 4 39 0 0 0
BinVal : 4 40 0 0 0
BinVal : 4 41 0 0 0
BinVal : 4 42 0 0 0
BinVal : 4 43 0 0 0
BinVal : 5 0 0 0 0
BinVal : 5 1 0 0 0
BinVal : 5 2 0 0 0
BinVal : 5 3 0 0 0
BinVal : 5 4 0 0 0
BinVal : 5 5 0 0 0
BinVal : 5 6 0 0 0
BinVal : 5 7 0 0 0
BinVal : 5 8 0 0 0
BinVal : 5 9 0 0 0
BinVal : 5 10 0 0 0
BinVal : 5 11 0 0 0
BinVal : 5 12 0 0 0
BinVal : 5 13 0 0 0
BinVal : 5 14 1 0.0368657 0.0368657
BinVal : 5 15 1 0.0266185 0.0266185
BinVal : 5 16 1 0.0148902 0.0148902
BinVal : 5 17 0.9 0.067082 0.067082
BinVal : 5 18 0.97561 0.024091 0.024091
BinVal : 5 19 0.923077 0.0426692 0.0426692
BinVal : 5 20 0.96875 0.0307578 0.0307578
BinVal : 5 21 0.833333 0.062113 0.062113
BinVal : 5 22 0.95 0.0344601 0.0344601
BinVal : 5 23 0.857143 0.06613 0.06613
BinVal : 5 24 0.914286 0.0473188 0.0473188
BinVal : 5 25 0.903226 0.0531003 0.0531003
BinVal : 5 26 0.933333 0.045542 0.045542
BinVal : 5 27 0.862069 0.0640329 0.0640329
BinVal : 5 28 0.972222 0.0273893 0.0273893
BinVal : 5 29 0.9375 0.0605154 0.0605154
BinVal : 5 30 0 0 0
BinVal : 5 31 0 0 0
BinVal : 5 32 0 0 0
BinVal : 5 33 0 0 0
BinVal : 5 34 0 0 0
BinVal : 5 35 0 0 0
BinVal : 5 36 0 0 0
BinVal : 5 37 0 0 0
BinVal : 5 38 0 0 0
BinVal : 5 39 0 0 0
BinVal : 5 40 0 0 0
BinVal : 5 41 0 0 0
BinVal : 5 42 0 0 0
BinVal : 5 43 0 0 0
BinVal : 6 0 0 0 0
BinVal : 6 1 0 0 0
BinVal : 6 2 0 0 0
BinVal : 6 3 0 0 0
BinVal : 6 4 0 0 0
BinVal : 6 5 0 0 0
BinVal : 6 6 0 0 0
BinVal : 6 7 0 0 0
BinVal : 6 8 0 0 0
BinVal : 6 9 0 0 0
BinVal : 6 10 0 0 0
BinVal : 6 11 0 0 0
BinVal : 6 12 0 0 0
BinVal : 6 13 0 0 0
BinVal : 6 14 1 0.0456491 0.0456491
BinVal : 6 15 0.944444 0.0539903 0.0539903
BinVal : 6 16 0.882353 0.0781425 0.0781425
BinVal : 6 17 1 0.0422902 0.0422902
BinVal : 6 18 0.9375 0.0605154 0.0605154
BinVal : 6 19 1 0.0279117 0.0279117
BinVal : 6 20 0.857143 0.093522 0.093522
BinVal : 6 21 1 0.0279117 0.0279117
BinVal : 6 22 0.9375 0.0605154 0.0605154
BinVal : 6 23 0.863636 0.073165 0.073165
BinVal : 6 24 1 0.0368657 0.0368657
BinVal : 6 25 0.823529 0.0924594 0.0924594
BinVal : 6 26 0.875 0.0826797 0.0826797
BinVal : 6 27 0.555556 0.165635 0.165635
BinVal : 6 28 1 0.0456491 0.0456491
BinVal : 6 29 1 0.102643 0.102643
BinVal : 6 30 0 0 0
BinVal : 6 31 0 0 0
BinVal : 6 32 0 0 0
BinVal : 6 33 0 0 0
BinVal : 6 34 0 0 0
BinVal : 6 35 0 0 0
BinVal : 6 36 0 0 0
BinVal : 6 37 0 0 0
BinVal : 6 38 0 0 0
BinVal : 6 39 0 0 0
BinVal : 6 40 0 0 0
BinVal : 6 41 0 0 0
BinVal : 6 42 0 0 0
BinVal : 6 43 0 0 0
BinVal : 7 0 0 0 0
BinVal : 7 1 0 0 0
BinVal : 7 2 0 0 0
BinVal : 7 3 0 0 0
BinVal : 7 4 0 0 0
BinVal : 7 5 0 0 0
BinVal : 7 6 0 0 0
BinVal : 7 7 0 0 0
BinVal : 7 8 0 0 0
BinVal : 7 9 0 0 0
BinVal : 7 10 0 0 0
BinVal : 7 11 0 0 0
BinVal : 7 12 0 0 0
BinVal : 7 13 0 0 0
BinVal : 7 14 1 0.102643 0.102643
BinVal : 7 15 0.916667 0.0797856 0.0797856
BinVal : 7 16 0.666667 0.19245 0.19245
BinVal : 7 17 0.909091 0.0866784 0.0866784
BinVal : 7 18 1 0.0495858 0.0495858
BinVal : 7 19 1 0.0456491 0.0456491
BinVal : 7 20 0.8 0.126491 0.126491
BinVal : 7 21 1 0.0309157 0.0309157
BinVal : 7 22 1 0.0326734 0.0326734
BinVal : 7 23 1 0.0668855 0.0668855
BinVal : 7 24 0.8 0.178885 0.178885
BinVal : 7 25 0.818182 0.116291 0.116291
BinVal : 7 26 1 0.0599198 0.0599198
BinVal : 7 27 1 0.0756803 0.0756803
BinVal : 7 28 0.833333 0.152145 0.152145
BinVal : 7 29 1 0.159077 0.159077
BinVal : 7 30 0 0 0
BinVal : 7 31 0 0 0
BinVal : 7 32 0 0 0
BinVal : 7 33 0 0 0
BinVal : 7 34 0 0 0
BinVal : 7 35 0 0 0
BinVal : 7 36 0 0 0
BinVal : 7 37 0 0 0
BinVal : 7 38 0 0 0
BinVal : 7 39 0 0 0
BinVal : 7 40 0 0 0
BinVal : 7 41 0 0 0
BinVal : 7 42 0 0 0
BinVal : 7 43 0 0 0
BinVal : 8 0 0 0 0
BinVal : 8 1 0 0 0
BinVal : 8 2 0 0 0
BinVal : 8 3 0 0 0
BinVal : 8 4 0 0 0
BinVal : 8 5 0 0 0
BinVal : 8 6 0 0 0
BinVal : 8 7 0 0 0
BinVal : 8 8 0 0 0
BinVal : 8 9 0 0 0
BinVal : 8 10 0 0 0
BinVal : 8 11 0 0 0
BinVal : 8 12 0 0 0
BinVal : 8 13 0 0 0
BinVal : 8 14 1 0.0495858 0.0495858
BinVal : 8 15 0.916667 0.0797856 0.0797856
BinVal : 8 16 1 0.0495858 0.0495858
BinVal : 8 17 1 0.0668855 0.0668855
BinVal : 8 18 1 0.0599198 0.0599198
BinVal : 8 19 1 0.039392 0.039392
BinVal : 8 20 0.8 0.126491 0.126491
BinVal : 8 21 0.933333 0.0644061 0.0644061
BinVal : 8 22 1 0.0456491 0.0456491
BinVal : 8 23 0.8 0.126491 0.126491
BinVal : 8 24 1 0.0368657 0.0368657
BinVal : 8 25 1 0.0871301 0.0871301
BinVal : 8 26 1 0.0599198 0.0599198
BinVal : 8 27 1 0.102643 0.102643
BinVal : 8 28 1 0.0422902 0.0422902
BinVal : 8 29 1 0.0871301 0.0871301
BinVal : 8 30 0 0 0
BinVal : 8 31 0 0 0
BinVal : 8 32 0 0 0
BinVal : 8 33 0 0 0
BinVal : 8 34 0 0 0
BinVal : 8 35 0 0 0
BinVal : 8 36 0 0 0
BinVal : 8 37 0 0 0
BinVal : 8 38 0 0 0
BinVal : 8 39 0 0 0
BinVal : 8 40 0 0 0
BinVal : 8 41 0 0 0
BinVal : 8 42 0 0 0
BinVal : 8 43 0 0 0
BinVal : 9 0 0 0 0
BinVal : 9 1 0 0 0
BinVal : 9 2 0 0 0
BinVal : 9 3 0 0 0
BinVal : 9 4 0 0 0
BinVal : 9 5 0 0 0
BinVal : 9 6 0 0 0
BinVal : 9 7 0 0 0
BinVal : 9 8 0 0 0
BinVal : 9 9 0 0 0
BinVal : 9 10 0 0 0
BinVal : 9 11 0 0 0
BinVal : 9 12 0 0 0
BinVal : 9 13 0 0 0
BinVal : 9 14 1 0.0599198 0.0599198
BinVal : 9 15 1 0.0368657 0.0368657
BinVal : 9 16 0.7 0.144914 0.144914
BinVal : 9 17 0.96 0.0391918 0.0391918
BinVal : 9 18 1 0.0599198 0.0599198
BinVal : 9 19 1 0.0422902 0.0422902
BinVal : 9 20 0.73913 0.0915605 0.0915605
BinVal : 9 21 0.84 0.0733212 0.0733212
BinVal : 9 22 0.894737 0.0704059 0.0704059
BinVal : 9 23 0.857143 0.093522 0.093522
BinVal : 9 24 0.869565 0.0702237 0.0702237
BinVal : 9 25 0.818182 0.116291 0.116291
BinVal : 9 26 0.947368 0.0512278 0.0512278
BinVal : 9 27 0.8 0.10328 0.10328
BinVal : 9 28 1 0.0422902 0.0422902
BinVal : 9 29 1 0.0668855 0.0668855
BinVal : 9 30 0 0 0
BinVal : 9 31 0 0 0
BinVal : 9 32 0 0 0
BinVal : 9 33 0 0 0
BinVal : 9 34 0 0 0
BinVal : 9 35 0 0 0
BinVal : 9 36 0 0 0
BinVal : 9 37 0 0 0
BinVal : 9 38 0 0 0
BinVal : 9 39 0 0 0
BinVal : 9 40 0 0 0
BinVal : 9 41 0 0 0
BinVal : 9 42 0 0 0
BinVal : 9 43 0 0 0
BinVal : 10 0 0 0 0
BinVal : 10 1 0 0 0
BinVal : 10 2 0 0 0
BinVal : 10 3 0 0 0
BinVal : 10 4 0 0 0
BinVal : 10 5 0 0 0
BinVal : 10 6 0 0 0
BinVal : 10 7 0 0 0
BinVal : 10 8 0 0 0
BinVal : 10 9 0 0 0
BinVal : 10 10 0 0 0
BinVal : 10 11 0 0 0
BinVal : 10 12 0 0 0
BinVal : 10 13 0 0 0
BinVal : 10 14 0.9375 0.0605154 0.0605154
BinVal : 10 15 1 0.0279117 0.0279117
BinVal : 10 16 0.848485 0.0624156 0.0624156
BinVal : 10 17 0.933333 0.0644061 0.0644061
BinVal : 10 18 0.9 0.067082 0.067082
BinVal : 10 19 1 0.017632 0.017632
BinVal : 10 20 0.935484 0.0441237 0.0441237
BinVal : 10 21 0.848485 0.0624156 0.0624156
BinVal : 10 22 0.976744 0.0229838 0.0229838
BinVal : 10 23 0.8 0.10328 0.10328
BinVal : 10 24 0.944444 0.0381769 0.0381769
BinVal : 10 25 0.72 0.0897998 0.0897998
BinVal : 10 26 0.9 0.067082 0.067082
BinVal : 10 27 0.92 0.0542586 0.0542586
BinVal : 10 28 1 0.0201001 0.0201001
BinVal : 10 29 1 0.0326734 0.0326734
BinVal : 10 30 0 0 0
BinVal : 10 31 0 0 0
BinVal : 10 32 0 0 0
BinVal : 10 33 0 0 0
BinVal : 10 34 0 0 0
BinVal : 10 35 0 0 0
BinVal : 10 36 0 0 0
BinVal : 10 37 0 0 0
BinVal : 10 38 0 0 0
BinVal : 10 39 0 0 0
BinVal : 10 40 0 0 0
BinVal : 10 41 0 0 0
BinVal : 10 42 0 0 0
BinVal : 10 43 0 0 0
BinVal : 11 0 0 0 0
BinVal : 11 1 0 0 0
BinVal : 11 2 0 0 0
BinVal : 11 3 0 0 0
BinVal : 11 4 0 0 0
BinVal : 11 5 0 0 0
BinVal : 11 6 0 0 0
BinVal : 11 7 0 0 0
BinVal : 11 8 0 0 0
BinVal : 11 9 0 0 0
BinVal : 11 10 0 0 0
BinVal : 11 11 0 0 0
BinVal : 11 12 0 0 0
BinVal : 11 13 0 0 0
BinVal : 11 14 1 0.0346427 0.0346427
BinVal : 11 15 1 0.0166125 0.0166125
BinVal : 11 16 1 0.0141568 0.0141568
BinVal : 11 17 0.727273 0.0949515 0.0949515
BinVal : 11 18 0.966667 0.0327731 0.0327731
BinVal : 11 19 1 0.0208287 0.0208287
BinVal : 11 20 1 0.0243611 0.0243611
BinVal : 11 21 0.857143 0.0539949 0.0539949
BinVal : 11 22 0.923077 0.0522589 0.0522589
BinVal : 11 23 0.863636 0.073165 0.073165
BinVal : 11 24 0.870968 0.0602101 0.0602101
BinVal : 11 25 0.896552 0.0565523 0.0565523
BinVal : 11 26 0.833333 0.0760726 0.0760726
BinVal : 11 27 1 0.0171075 0.0171075
BinVal : 11 28 1 0.0216126 0.0216126
BinVal : 11 29 1 0.039392 0.039392
BinVal : 11 30 0 0 0
BinVal : 11 31 0 0 0
BinVal : 11 32 0 0 0
BinVal : 11 33 0 0 0
BinVal : 11 34 0 0 0
BinVal : 11 35 0 0 0
BinVal : 11 36 0 0 0
BinVal : 11 37 0 0 0
BinVal : 11 38 0 0 0
BinVal : 11 39 0 0 0
BinVal : 11 40 0 0 0
BinVal : 11 41 0 0 0
BinVal : 11 42 0 0 0
BinVal : 11 43 0 0 0
BinVal : 12 0 0 0 0
BinVal : 12 1 0 0 0
BinVal : 12 2 0 0 0
BinVal : 12 3 0 0 0
BinVal : 12 4 0 0 0
BinVal : 12 5 0 0 0
BinVal : 12 6 0 0 0
BinVal : 12 7 0 0 0
BinVal : 12 8 0 0 0
BinVal : 12 9 0 0 0
BinVal : 12 10 0 0 0
BinVal : 12 11 0 0 0
BinVal : 12 12 0 0 0
BinVal : 12 13 0 0 0
BinVal : 12 14 1 0.0422902 0.0422902
BinVal : 12 15 1 0.0194201 0.0194201
BinVal : 12 16 0.928571 0.0397392 0.0397392
BinVal : 12 17 0.785714 0.109664 0.109664
BinVal : 12 18 1 0.039392 0.039392
BinVal : 12 19 1 0.0243611 0.0243611
BinVal : 12 20 0.9 0.0547723 0.0547723
BinVal : 12 21 0.862745 0.0481859 0.0481859
BinVal : 12 22 0.871795 0.0535337 0.0535337
BinVal : 12 23 0.787879 0.0711647 0.0711647
BinVal : 12 24 0.935484 0.0441237 0.0441237
BinVal : 12 25 0.868421 0.0548361 0.0548361
BinVal : 12 26 0.866667 0.0877707 0.0877707
BinVal : 12 27 1 0.0166125 0.0166125
BinVal : 12 28 0.962963 0.0363447 0.0363447
BinVal : 12 29 0.769231 0.116855 0.116855
BinVal : 12 30 0 0 0
BinVal : 12 31 0 0 0
BinVal : 12 32 0 0 0
BinVal : 12 33 0 0 0
BinVal : 12 34 0 0 0
BinVal : 12 35 0 0 0
BinVal : 12 36 0 0 0
BinVal : 12 37 0 0 0
BinVal : 12 38 0 0 0
BinVal : 12 39 0 0 0
BinVal : 12 40 0 0 0
BinVal : 12 41 0 0 0
BinVal : 12 42 0 0 0
BinVal : 12 43 0 0 0
BinVal : 13 0 0 0 0
BinVal : 13 1 0 0 0
BinVal : 13 2 0 0 0
BinVal : 13 3 0 0 0
BinVal : 13 4 0 0 0
BinVal : 13 5 0 0 0
BinVal : 13 6 0 0 0
BinVal : 13 7 0 0 0
BinVal : 13 8 0 0 0
BinVal : 13 9 0 0 0
BinVal : 13 10 0 0 0
BinVal : 13 11 0 0 0
BinVal : 13 12 0 0 0
BinVal : 13 13 0 0 0
BinVal : 13 14 1 0.0309157 0.0309157
BinVal : 13 15 1 0.0131822 0.0131822
BinVal : 13 16 0.962963 0.0256996 0.0256996
BinVal : 13 17 0.8 0.0730297 0.0730297
BinVal : 13 18 1 0.0166125 0.0166125
BinVal : 13 19 0.976744 0.0229838 0.0229838
BinVal : 13 20 0.843137 0.0509242 0.0509242
BinVal : 13 21 0.893617 0.0449741 0.0449741
BinVal : 13 22 0.967742 0.022439 0.022439
BinVal : 13 23 0.882353 0.0451156 0.0451156
BinVal : 13 24 0.914894 0.0407022 0.0407022
BinVal : 13 25 0.877551 0.0468291 0.0468291
BinVal : 13 26 0.951219 0.0336412 0.0336412
BinVal : 13 27 0.910714 0.0381055 0.0381055
BinVal : 13 28 0.977273 0.0224675 0.0224675
BinVal : 13 29 1 0.0233703 0.0233703
BinVal : 13 30 0 0 0
BinVal : 13 31 0 0 0
BinVal : 13 32 0 0 0
BinVal : 13 33 0 0 0
BinVal : 13 34 0 0 0
BinVal : 13 35 0 0 0
BinVal : 13 36 0 0 0
BinVal : 13 37 0 0 0
BinVal : 13 38 0 0 0
BinVal : 13 39 0 0 0
BinVal : 13 40 0 0 0
BinVal : 13 41 0 0 0
BinVal : 13 42 0 0 0
BinVal : 13 43 0 0 0
BinVal : 14 0 0 0 0
BinVal : 14 1 0 0 0
BinVal : 14 2 0 0 0
BinVal : 14 3 0 0 0
BinVal : 14 4 0 0 0
BinVal : 14 5 0 0 0
BinVal : 14 6 0 0 0
BinVal : 14 7 0 0 0
BinVal : 14 8 0 0 0
BinVal : 14 9 0 0 0
BinVal : 14 10 0 0 0
BinVal : 14 11 0 0 0
BinVal : 14 12 0 0 0
BinVal : 14 13 0 0 0
BinVal : 14 14 1 0.0254407 0.0254407
BinVal : 14 15 0.977273 0.0224675 0.0224675
BinVal : 14 16 0.931035 0.0470544 0.0470544
BinVal : 14 17 0.96 0.0391918 0.0391918
BinVal : 14 18 0.971429 0.0281603 0.0281603
BinVal : 14 19 1 0.0126033 0.0126033
BinVal : 14 20 0.893617 0.0449741 0.0449741
BinVal : 14 21 0.90625 0.0364351 0.0364351
BinVal : 14 22 1 0.00712919 0.00712919
BinVal : 14 23 0.79661 0.0524037 0.0524037
BinVal : 14 24 0.978261 0.0215015 0.0215015
BinVal : 14 25 0.882353 0.0451156 0.0451156
BinVal : 14 26 0.957447 0.0294425 0.0294425
BinVal : 14 27 0.935484 0.0441237 0.0441237
BinVal : 14 28 0.977778 0.0219739 0.0219739
BinVal : 14 29 1 0.0326734 0.0326734
BinVal : 14 30 0 0 0
BinVal : 14 31 0 0 0
BinVal : 14 32 0 0 0
BinVal : 14 33 0 0 0
BinVal : 14 34 0 0 0
BinVal : 14 35 0 0 0
BinVal : 14 36 0 0 0
BinVal : 14 37 0 0 0
BinVal : 14 38 0 0 0
BinVal : 14 39 0 0 0
BinVal : 14 40 0 0 0
BinVal : 14 41 0 0 0
BinVal : 14 42 0 0 0
BinVal : 14 43 0 0 0
BinVal : 15 0 0 0 0
BinVal : 15 1 0 0 0
BinVal : 15 2 0 0 0
BinVal : 15 3 0 0 0
BinVal : 15 4 0 0 0
BinVal : 15 5 0 0 0
BinVal : 15 6 0 0 0
BinVal : 15 7 0 0 0
BinVal : 15 8 0 0 0
BinVal : 15 9 0 0 0
BinVal : 15 10 0 0 0
BinVal : 15 11 0 0 0
BinVal : 15 12 0 0 0
BinVal : 15 13 0 0 0
BinVal : 15 14 1 0.0326734 0.0326734
BinVal : 15 15 1 0.0152869 0.0152869
BinVal : 15 16 0.727273 0.0949515 0.0949515
BinVal : 15 17 0.9 0.0474342 0.0474342
BinVal : 15 18 0.896552 0.0565523 0.0565523
BinVal : 15 19 0.926829 0.0406702 0.0406702
BinVal : 15 20 0.843137 0.0509242 0.0509242
BinVal : 15 21 0.854545 0.047539 0.047539
BinVal : 15 22 0.987342 0.0125779 0.0125779
BinVal : 15 23 0.886364 0.0478452 0.0478452
BinVal : 15 24 0.918367 0.0391149 0.0391149
BinVal : 15 25 0.8 0.0730297 0.0730297
BinVal : 15 26 1 0.0118251 0.0118251
BinVal : 15 27 0.892857 0.0584512 0.0584512
BinVal : 15 28 1 0.0152869 0.0152869
BinVal : 15 29 1 0.039392 0.039392
BinVal : 15 30 0 0 0
BinVal : 15 31 0 0 0
BinVal : 15 32 0 0 0
BinVal : 15 33 0 0 0
BinVal : 15 34 0 0 0
BinVal : 15 35 0 0 0
BinVal : 15 36 0 0 0
BinVal : 15 37 0 0 0
BinVal : 15 38 0 0 0
BinVal : 15 39 0 0 0
BinVal : 15 40 0 0 0
BinVal : 15 41 0 0 0
BinVal : 15 42 0 0 0
BinVal : 15 43 0 0 0
BinVal : 16 0 0 0 0
BinVal : 16 1 0 0 0
BinVal : 16 2 0 0 0
BinVal : 16 3 0 0 0
BinVal : 16 4 0 0 0
BinVal : 16 5 0 0 0
BinVal : 16 6 0 0 0
BinVal : 16 7 0 0 0
BinVal : 16 8 0 0 0
BinVal : 16 9 0 0 0
BinVal : 16 10 0 0 0
BinVal : 16 11 0 0 0
BinVal : 16 12 0 0 0
BinVal : 16 13 0 0 0
BinVal : 16 14 1 0.0208287 0.0208287
BinVal : 16 15 1 0.0123324 0.0123324
BinVal : 16 16 0.777778 0.0979908 0.0979908
BinVal : 16 17 0.894737 0.0497845 0.0497845
BinVal : 16 18 0.96875 0.0307578 0.0307578
BinVal : 16 19 1 0.0113578 0.0113578
BinVal : 16 20 0.943396 0.0317418 0.0317418
BinVal : 16 21 0.901639 0.0381296 0.0381296
BinVal : 16 22 0.985294 0.0145974 0.0145974
BinVal : 16 23 0.854545 0.047539 0.047539
BinVal : 16 24 0.818182 0.0581456 0.0581456
BinVal : 16 25 0.825 0.0600781 0.0600781
BinVal : 16 26 0.979592 0.0201988 0.0201988
BinVal : 16 27 0.892857 0.0584512 0.0584512
BinVal : 16 28 0.972973 0.0266593 0.0266593
BinVal : 16 29 1 0.0279117 0.0279117
BinVal : 16 30 0 0 0
BinVal : 16 31 0 0 0
BinVal : 16 32 0 0 0
BinVal : 16 33 0 0 0
BinVal : 16 34 0 0 0
BinVal : 16 35 0 0 0
BinVal : 16 36 0 0 0
BinVal : 16 37 0 0 0
BinVal : 16 38 0 0 0
BinVal : 16 39 0 0 0
BinVal : 16 40 0 0 0
BinVal : 16 41 0 0 0
BinVal : 16 42 0 0 0
BinVal : 16 43 0 0 0
BinVal : 17 0 0 0 0
BinVal : 17 1 0 0 0
BinVal : 17 2 0 0 0
BinVal : 17 3 0 0 0
BinVal : 17 4 0 0 0
BinVal : 17 5 0 0 0
BinVal : 17 6 0 0 0
BinVal : 17 7 0 0 0
BinVal : 17 8 0 0 0
BinVal : 17 9 0 0 0
BinVal : 17 10 0 0 0
BinVal : 17 11 0 0 0
BinVal : 17 12 0 0 0
BinVal : 17 13 0 0 0
BinVal : 17 14 1 0.0243611 0.0243611
BinVal : 17 15 1 0.0107217 0.0107217
BinVal : 17 16 0.903226 0.0531003 0.0531003
BinVal : 17 17 0.972973 0.0266593 0.0266593
BinVal : 17 18 1 0.0208287 0.0208287
BinVal : 17 19 0.98 0.019799 0.019799
BinVal : 17 20 0.969231 0.0214198 0.0214198
BinVal : 17 21 0.883117 0.0366134 0.0366134
BinVal : 17 22 0.960526 0.0223358 0.0223358
BinVal : 17 23 0.859375 0.0434543 0.0434543
BinVal : 17 24 0.803922 0.0555951 0.0555951
BinVal : 17 25 0.828571 0.0637049 0.0637049
BinVal : 17 26 0.933333 0.0371849 0.0371849
BinVal : 17 27 0.761905 0.0657205 0.0657205
BinVal : 17 28 1 0.0118251 0.0118251
BinVal : 17 29 1 0.0194201 0.0194201
BinVal : 17 30 0 0 0
BinVal : 17 31 0 0 0
BinVal : 17 32 0 0 0
BinVal : 17 33 0 0 0
BinVal : 17 34 0 0 0
BinVal : 17 35 0 0 0
BinVal : 17 36 0 0 0
BinVal : 17 37 0 0 0
BinVal : 17 38 0 0 0
BinVal : 17 39 0 0 0
BinVal : 17 40 0 0 0
BinVal : 17 41 0 0 0
BinVal : 17 42 0 0 0
BinVal : 17 43 0 0 0
BinVal : 18 0 0 0 0
BinVal : 18 1 0 0 0
BinVal : 18 2 0 0 0
BinVal : 18 3 0 0 0
BinVal : 18 4 0 0 0
BinVal : 18 5 0 0 0
BinVal : 18 6 0 0 0
BinVal : 18 7 0 0 0
BinVal : 18 8 0 0 0
BinVal : 18 9 0 0 0
BinVal : 18 10 0 0 0
BinVal : 18 11 0 0 0
BinVal : 18 12 0 0 0
BinVal : 18 13 0 0 0
BinVal : 18 14 0.96875 0.0307578 0.0307578
BinVal : 18 15 1 0.0115867 0.0115867
BinVal : 18 16 0.897959 0.0432431 0.0432431
BinVal : 18 17 0.945946 0.0371746 0.0371746
BinVal : 18 18 0.972973 0.0266593 0.0266593
BinVal : 18 19 0.959184 0.0282664 0.0282664
BinVal : 18 20 0.892857 0.0413313 0.0413313
BinVal : 18 21 0.909091 0.0387638 0.0387638
BinVal : 18 22 0.985714 0.0141833 0.0141833
BinVal : 18 23 0.8 0.0516398 0.0516398
BinVal : 18 24 0.843137 0.0509242 0.0509242
BinVal : 18 25 0.821429 0.0511796 0.0511796
BinVal : 18 26 0.955556 0.0307207 0.0307207
BinVal : 18 27 0.820513 0.0614507 0.0614507
BinVal : 18 28 1 0.0107217 0.0107217
BinVal : 18 29 1 0.0266185 0.0266185
BinVal : 18 30 0 0 0
BinVal : 18 31 0 0 0
BinVal : 18 32 0 0 0
BinVal : 18 33 0 0 0
BinVal : 18 34 0 0 0
BinVal : 18 35 0 0 0
BinVal : 18 36 0 0 0
BinVal : 18 37 0 0 0
BinVal : 18 38 0 0 0
BinVal : 18 39 0 0 0
BinVal : 18 40 0 0 0
BinVal : 18 41 0 0 0
BinVal : 18 42 0 0 0
BinVal : 18 43 0 0 0
BinVal : 19 0 0 0 0
BinVal : 19 1 0 0 0
BinVal : 19 2 0 0 0
BinVal : 19 3 0 0 0
BinVal : 19 4 0 0 0
BinVal : 19 5 0 0 0
BinVal : 19 6 0 0 0
BinVal : 19 7 0 0 0
BinVal : 19 8 0 0 0
BinVal : 19 9 0 0 0
BinVal : 19 10 0 0 0
BinVal : 19 11 0 0 0
BinVal : 19 12 0 0 0
BinVal : 19 13 0 0 0
BinVal : 19 14 1 0.0368657 0.0368657
BinVal : 19 15 1 0.0145144 0.0145144
BinVal : 19 16 0.964286 0.0350707 0.0350707
BinVal : 19 17 0.62963 0.0929349 0.0929349
BinVal : 19 18 1 0.0216126 0.0216126
BinVal : 19 19 0.945946 0.0371746 0.0371746
BinVal : 19 20 0.842105 0.0836547 0.0836547
BinVal : 19 21 0.833333 0.062113 0.062113
BinVal : 19 22 0.810811 0.0643883 0.0643883
BinVal : 19 23 0.444444 0.0956292 0.0956292
BinVal : 19 24 0.454545 0.0866784 0.0866784
BinVal : 19 25 0.913043 0.0587534 0.0587534
BinVal : 19 26 0.794118 0.0693446 0.0693446
BinVal : 19 27 1 0.0145144 0.0145144
BinVal : 19 28 1 0.0111375 0.0111375
BinVal : 19 29 1 0.0279117 0.0279117
BinVal : 19 30 0 0 0
BinVal : 19 31 0 0 0
BinVal : 19 32 0 0 0
BinVal : 19 33 0 0 0
BinVal : 19 34 0 0 0
BinVal : 19 35 0 0 0
BinVal : 19 36 0 0 0
BinVal : 19 37 0 0 0
BinVal : 19 38 0 0 0
BinVal : 19 39 0 0 0
BinVal : 19 40 0 0 0
BinVal : 19 41 0 0 0
BinVal : 19 42 0 0 0
BinVal : 19 43 0 0 0
BinVal : 20 0 0 0 0
BinVal : 20 1 0 0 0
BinVal : 20 2 0 0 0
BinVal : 20 3 0 0 0
BinVal : 20 4 0 0 0
BinVal : 20 5 0 0 0
BinVal : 20 6 0 0 0
BinVal : 20 7 0 0 0
BinVal : 20 8 0 0 0
BinVal : 20 9 0 0 0
BinVal : 20 10 0 0 0
BinVal : 20 11 0 0 0
BinVal : 20 12 0 0 0
BinVal : 20 13 0 0 0
BinVal : 20 14 1 0.0279117 0.0279117
BinVal : 20 15 1 0.0145144 0.0145144
BinVal : 20 16 0.941176 0.0570672 0.0570672
BinVal : 20 17 1 0.0542655 0.0542655
BinVal : 20 18 0.333333 0.272166 0.272166
BinVal : 20 19 0.97561 0.024091 0.024091
BinVal : 20 20 0.95 0.0344601 0.0344601
BinVal : 20 21 0.9 0.0387298 0.0387298
BinVal : 20 22 0.796875 0.0502906 0.0502906
BinVal : 20 23 0.333333 0.06415 0.06415
BinVal : 20 24 0.512821 0.0800378 0.0800378
BinVal : 20 25 0.666667 0.272166 0.272166
BinVal : 20 26 0.6875 0.115878 0.115878
BinVal : 20 27 1 0.039392 0.039392
BinVal : 20 28 0.966667 0.0327731 0.0327731
BinVal : 20 29 0.888889 0.0740741 0.0740741
BinVal : 20 30 0 0 0
BinVal : 20 31 0 0 0
BinVal : 20 32 0 0 0
BinVal : 20 33 0 0 0
BinVal : 20 34 0 0 0
BinVal : 20 35 0 0 0
BinVal : 20 36 0 0 0
BinVal : 20 37 0 0 0
BinVal : 20 38 0 0 0
BinVal : 20 39 0 0 0
BinVal : 20 40 0 0 0
BinVal : 20 41 0 0 0
BinVal : 20 42 0 0 0
BinVal : 20 43 0 0 0
BinVal : 21 0 0 0 0
BinVal : 21 1 0 0 0
BinVal : 21 2 0 0 0
BinVal : 21 3 0 0 0
BinVal : 21 4 0 0 0
BinVal : 21 5 0 0 0
BinVal : 21 6 0 0 0
BinVal : 21 7 0 0 0
BinVal : 21 8 0 0 0
BinVal : 21 9 0 0 0
BinVal : 21 10 0 0 0
BinVal : 21 11 0 0 0
BinVal : 21 12 0 0 0
BinVal : 21 13 0 0 0
BinVal : 21 14 1 0.0254407 0.0254407
BinVal : 21 15 0.933333 0.045542 0.045542
BinVal : 21 16 0.666667 0.121716 0.121716
BinVal : 21 17 0.888889 0.0523783 0.0523783
BinVal : 21 18 0.681818 0.0993026 0.0993026
BinVal : 21 19 0.9375 0.0349386 0.0349386
BinVal : 21 20 0.942857 0.0277431 0.0277431
BinVal : 21 21 0.979167 0.0206152 0.0206152
BinVal : 21 22 0.979167 0.0206152 0.0206152
BinVal : 21 23 0.62 0.068644 0.068644
BinVal : 21 24 0.404255 0.0715829 0.0715829
BinVal : 21 25 0.925926 0.050401 0.050401
BinVal : 21 26 0.823529 0.0653787 0.0653787
BinVal : 21 27 0.466667 0.128812 0.128812
BinVal : 21 28 0.871795 0.0535337 0.0535337
BinVal : 21 29 0.96 0.0391918 0.0391918
BinVal : 21 30 0 0 0
BinVal : 21 31 0 0 0
BinVal : 21 32 0 0 0
BinVal : 21 33 0 0 0
BinVal : 21 34 0 0 0
BinVal : 21 35 0 0 0
BinVal : 21 36 0 0 0
BinVal : 21 37 0 0 0
BinVal : 21 38 0 0 0
BinVal : 21 39 0 0 0
BinVal : 21 40 0 0 0
BinVal : 21 41 0 0 0
BinVal : 21 42 0 0 0
BinVal : 21 43 0 0 0
BinVal : 22 0 0 0 0
BinVal : 22 1 0 0 0
BinVal : 22 2 0 0 0
BinVal : 22 3 0 0 0
BinVal : 22 4 0 0 0
BinVal : 22 5 0 0 0
BinVal : 22 6 0 0 0
BinVal : 22 7 0 0 0
BinVal : 22 8 0 0 0
BinVal : 22 9 0 0 0
BinVal : 22 10 0 0 0
BinVal : 22 11 0 0 0
BinVal : 22 12 0 0 0
BinVal : 22 13 0 0 0
BinVal : 22 14 1 0.0224566 0.0224566
BinVal : 22 15 0.888889 0.0740741 0.0740741
BinVal : 22 16 0 0 0
BinVal : 22 17 0 0 0
BinVal : 22 18 0 0 0
BinVal : 22 19 1 0.218486 0.218486
BinVal : 22 20 0 0 0
BinVal : 22 21 0 0 0
BinVal : 22 22 0 0 0
BinVal : 22 23 0 0 0
BinVal : 22 24 0 0 0
BinVal : 22 25 0 0 0
BinVal : 22 26 0 0 0
BinVal : 22 27 0 0 0
BinVal : 22 28 0.952381 0.0464714 0.0464714
BinVal : 22 29 0.95 0.048734 0.048734
BinVal : 22 30 0 0 0
BinVal : 22 31 0 0 0
BinVal : 22 32 0 0 0
BinVal : 22 33 0 0 0
BinVal : 22 34 0 0 0
BinVal : 22 35 0 0 0
BinVal : 22 36 0 0 0
BinVal : 22 37 0 0 0
BinVal : 22 38 0 0 0
BinVal : 22 39 0 0 0
BinVal : 22 40 0 0 0
BinVal : 22 41 0 0 0
BinVal : 22 42 0 0 0
BinVal : 22 43 0 0 0
BinVal : 23 0 0 0 0
BinVal : 23 1 0 0 0
BinVal : 23 2 0 0 0
BinVal : 23 3 0 0 0
BinVal : 23 4 0 0 0
BinVal : 23 5 0 0 0
BinVal : 23 6 0 0 0
BinVal : 23 7 0 0 0
BinVal : 23 8 0 0 0
BinVal : 23 9 0 0 0
BinVal : 23 10 0 0 0
BinVal : 23 11 0 0 0
BinVal : 23 12 0 0 0
BinVal : 23 13 0 0 0
BinVal : 23 14 0.962963 0.0363447 0.0363447
BinVal : 23 15 0.857143 0.093522 0.093522
BinVal : 23 16 0 0 0
BinVal : 23 17 0 0 0
BinVal : 23 18 0 0 0
BinVal : 23 19 0 0 0
BinVal : 23 20 0 0 0
BinVal : 23 21 0 0 0
BinVal : 23 22 0 0 0
BinVal : 23 23 0 0 0
BinVal : 23 24 0 0 0
BinVal : 23 25 0 0 0
BinVal : 23 26 0 0 0
BinVal : 23 27 0 0 0
BinVal : 23 28 0.894737 0.0704059 0.0704059
BinVal : 23 29 1 0.0326734 0.0326734
BinVal : 23 30 0 0 0
BinVal : 23 31 0 0 0
BinVal : 23 32 0 0 0
BinVal : 23 33 0 0 0
BinVal : 23 34 0 0 0
BinVal : 23 35 0 0 0
BinVal : 23 36 0 0 0
BinVal : 23 37 0 0 0
BinVal : 23 38 0 0 0
BinVal : 23 39 0 0 0
BinVal : 23 40 0 0 0
BinVal : 23 41 0 0 0
BinVal : 23 42 0 0 0
BinVal : 23 43 0 0 0
BinVal : 24 0 0 0 0
BinVal : 24 1 0 0 0
BinVal : 24 2 0 0 0
BinVal : 24 3 0 0 0
BinVal : 24 4 0 0 0
BinVal : 24 5 0 0 0
BinVal : 24 6 0 0 0
BinVal : 24 7 0 0 0
BinVal : 24 8 0 0 0
BinVal : 24 9 0 0 0
BinVal : 24 10 0 0 0
BinVal : 24 11 0 0 0
BinVal : 24 12 0 0 0
BinVal : 24 13 0 0 0
BinVal : 24 14 1 0.0279117 0.0279117
BinVal : 24 15 0.888889 0.104757 0.104757
BinVal : 24 16 0 0 0
BinVal : 24 17 0 0 0
BinVal : 24 18 0 0 0
BinVal : 24 19 0 0 0
BinVal : 24 20 0 0 0
BinVal : 24 21 0 0 0
BinVal : 24 22 0 0 0
BinVal : 24 23 0 0 0
BinVal : 24 24 0 0 0
BinVal : 24 25 0 0 0
BinVal : 24 26 0 0 0
BinVal : 24 27 0 0 0
BinVal : 24 28 0.923077 0.0739053 0.0739053
BinVal : 24 29 0.962963 0.0363447 0.0363447
BinVal : 24 30 0 0 0
BinVal : 24 31 0 0 0
BinVal : 24 32 0 0 0
BinVal : 24 33 0 0 0
BinVal : 24 34 0 0 0
BinVal : 24 35 0 0 0
BinVal : 24 36 0 0 0
BinVal : 24 37 0 0 0
BinVal : 24 38 0 0 0
BinVal : 24 39 0 0 0
BinVal : 24 40 0 0 0
BinVal : 24 41 0 0 0
BinVal : 24 42 0 0 0
BinVal : 24 43 0 0 0
BinVal : 25 0 0 0 0
BinVal : 25 1 0 0 0
BinVal : 25 2 0 0 0
BinVal : 25 3 0 0 0
BinVal : 25 4 0 0 0
BinVal : 25 5 0 0 0
BinVal : 25 6 0 0 0
BinVal : 25 7 0 0 0
BinVal : 25 8 0 0 0
BinVal : 25 9 0 0 0
BinVal : 25 10 0 0 0
BinVal : 25 11 0 0 0
BinVal : 25 12 0 0 0
BinVal : 25 13 0 0 0
BinVal : 25 14 1 0.018786 0.018786
BinVal : 25 15 0.894737 0.0704059 0.0704059
BinVal : 25 16 0 0 0
BinVal : 25 17 0 0 0
BinVal : 25 18 0 0 0
BinVal : 25 19 0 0 0
BinVal : 25 20 0 0 0
BinVal : 25 21 1 0.218486 0.218486
BinVal : 25 22 1 0.218486 0.218486
BinVal : 25 23 0 0 0
BinVal : 25 24 0 0 0
BinVal : 25 25 0 0 0
BinVal : 25 26 0 0 0
BinVal : 25 27 0 0 0
BinVal : 25 28 0.95 0.048734 0.048734
BinVal : 25 29 1 0.0216126 0.0216126
BinVal : 25 30 0 0 0
BinVal : 25 31 0 0 0
BinVal : 25 32 0 0 0
BinVal : 25 33 0 0 0
BinVal : 25 34 0 0 0
BinVal : 25 35 0 0 0
BinVal : 25 36 0 0 0
BinVal : 25 37 0 0 0
BinVal : 25 38 0 0 0
BinVal : 25 39 0 0 0
BinVal : 25 40 0 0 0
BinVal : 25 41 0 0 0
BinVal : 25 42 0 0 0
BinVal : 25 43 0 0 0
BinVal : 26 0 0 0 0
BinVal : 26 1 0 0 0
BinVal : 26 2 0 0 0
BinVal : 26 3 0 0 0
BinVal : 26 4 0 0 0
BinVal : 26 5 0 0 0
BinVal : 26 6 0 0 0
BinVal : 26 7 0 0 0
BinVal : 26 8 0 0 0
BinVal : 26 9 0 0 0
BinVal : 26 10 0 0 0
BinVal : 26 11 0 0 0
BinVal : 26 12 0 0 0
BinVal : 26 13 1 0.218486 0.218486
BinVal : 26 14 1 0.0346427 0.0346427
BinVal : 26 15 0.864865 0.0562027 0.0562027
BinVal : 26 16 0.857143 0.13226 0.13226
BinVal : 26 17 0.615385 0.0954113 0.0954113
BinVal : 26 18 0.923077 0.0522589 0.0522589
BinVal : 26 19 0.857143 0.0539949 0.0539949
BinVal : 26 20 0.945455 0.0306209 0.0306209
BinVal : 26 21 0.961538 0.0266683 0.0266683
BinVal : 26 22 0.897959 0.0432431 0.0432431
BinVal : 26 23 0.666667 0.0785674 0.0785674
BinVal : 26 24 0.627907 0.0737122 0.0737122
BinVal : 26 25 1 0.0326734 0.0326734
BinVal : 26 26 0.916667 0.0398928 0.0398928
BinVal : 26 27 0.8 0.178885 0.178885
BinVal : 26 28 0.911765 0.0486433 0.0486433
BinVal : 26 29 1 0.0266185 0.0266185
BinVal : 26 30 0 0 0
BinVal : 26 31 0 0 0
BinVal : 26 32 0 0 0
BinVal : 26 33 0 0 0
BinVal : 26 34 0 0 0
BinVal : 26 35 0 0 0
BinVal : 26 36 0 0 0
BinVal : 26 37 0 0 0
BinVal : 26 38 0 0 0
BinVal : 26 39 0 0 0
BinVal : 26 40 0 0 0
BinVal : 26 41 0 0 0
BinVal : 26 42 0 0 0
BinVal : 26 43 0 0 0
BinVal : 27 0 0 0 0
BinVal : 27 1 0 0 0
BinVal : 27 2 0 0 0
BinVal : 27 3 0 0 0
BinVal : 27 4 0 0 0
BinVal : 27 5 0 0 0
BinVal : 27 6 0 0 0
BinVal : 27 7 0 0 0
BinVal : 27 8 0 0 0
BinVal : 27 9 0 0 0
BinVal : 27 10 0 0 0
BinVal : 27 11 0 0 0
BinVal : 27 12 0 0 0
BinVal : 27 13 0 0 0
BinVal : 27 14 1 0.0254407 0.0254407
BinVal : 27 15 1 0.0166125 0.0166125
BinVal : 27 16 0.777778 0.13858 0.13858
BinVal : 27 17 0.888889 0.104757 0.104757
BinVal : 27 18 0.875 0.116927 0.116927
BinVal : 27 19 0.896552 0.0565523 0.0565523
BinVal : 27 20 0.942308 0.0323336 0.0323336
BinVal : 27 21 0.769231 0.067466 0.067466
BinVal : 27 22 0.852459 0.0454076 0.0454076
BinVal : 27 23 0.37931 0.0637119 0.0637119
BinVal : 27 24 0.678571 0.0882594 0.0882594
BinVal : 27 25 0.5 0.353553 0.353553
BinVal : 27 26 0.5 0.204124 0.204124
BinVal : 27 27 0.9 0.0948683 0.0948683
BinVal : 27 28 0.97561 0.024091 0.024091
BinVal : 27 29 1 0.0346427 0.0346427
BinVal : 27 30 0 0 0
BinVal : 27 31 0 0 0
BinVal : 27 32 0 0 0
BinVal : 27 33 0 0 0
BinVal : 27 34 0 0 0
BinVal : 27 35 0 0 0
BinVal : 27 36 0 0 0
BinVal : 27 37 0 0 0
BinVal : 27 38 0 0 0
BinVal : 27 39 0 0 0
BinVal : 27 40 0 0 0
BinVal : 27 41 0 0 0
BinVal : 27 42 0 0 0
BinVal : 27 43 0 0 0
BinVal : 28 0 0 0 0
BinVal : 28 1 0 0 0
BinVal : 28 2 0 0 0
BinVal : 28 3 0 0 0
BinVal : 28 4 0 0 0
BinVal : 28 5 0 0 0
BinVal : 28 6 0 0 0
BinVal : 28 7 0 0 0
BinVal : 28 8 0 0 0
BinVal : 28 9 0 0 0
BinVal : 28 10 0 0 0
BinVal : 28 11 0 0 0
BinVal : 28 12 0 0 0
BinVal : 28 13 0 0 0
BinVal : 28 14 1 0.0309157 0.0309157
BinVal : 28 15 0.969697 0.0298404 0.0298404
BinVal : 28 16 0.97561 0.024091 0.024091
BinVal : 28 17 0.62963 0.0929349 0.0929349
BinVal : 28 18 0.944444 0.0539903 0.0539903
BinVal : 28 19 0.909091 0.0500438 0.0500438
BinVal : 28 20 0.933333 0.045542 0.045542
BinVal : 28 21 0.782609 0.0608155 0.0608155
BinVal : 28 22 0.9 0.0547723 0.0547723
BinVal : 28 23 0.428571 0.10799 0.10799
BinVal : 28 24 0.382353 0.0833418 0.0833418
BinVal : 28 25 0.7 0.144914 0.144914
BinVal : 28 26 0.870968 0.0602101 0.0602101
BinVal : 28 27 0.9375 0.0427908 0.0427908
BinVal : 28 28 1 0.0145144 0.0145144
BinVal : 28 29 1 0.0346427 0.0346427
BinVal : 28 30 0 0 0
BinVal : 28 31 0 0 0
BinVal : 28 32 0 0 0
BinVal : 28 33 0 0 0
BinVal : 28 34 0 0 0
BinVal : 28 35 0 0 0
BinVal : 28 36 0 0 0
BinVal : 28 37 0 0 0
BinVal : 28 38 0 0 0
BinVal : 28 39 0 0 0
BinVal : 28 40 0 0 0
BinVal : 28 41 0 0 0
BinVal : 28 42 0 0 0
BinVal : 28 43 0 0 0
BinVal : 29 0 0 0 0
BinVal : 29 1 0 0 0
BinVal : 29 2 0 0 0
BinVal : 29 3 0 0 0
BinVal : 29 4 0 0 0
BinVal : 29 5 0 0 0
BinVal : 29 6 0 0 0
BinVal : 29 7 0 0 0
BinVal : 29 8 0 0 0
BinVal : 29 9 0 0 0
BinVal : 29 10 0 0 0
BinVal : 29 11 0 0 0
BinVal : 29 12 0 0 0
BinVal : 29 13 0 0 0
BinVal : 29 14 1 0.0309157 0.0309157
BinVal : 29 15 0.97561 0.024091 0.024091
BinVal : 29 16 0.875 0.0522913 0.0522913
BinVal : 29 17 0.981132 0.0186891 0.0186891
BinVal : 29 18 0.980392 0.0194147 0.0194147
BinVal : 29 19 1 0.0131822 0.0131822
BinVal : 29 20 0.947368 0.0295764 0.0295764
BinVal : 29 21 0.945455 0.0306209 0.0306209
BinVal : 29 22 0.985915 0.013985 0.013985
BinVal : 29 23 0.811321 0.0537428 0.0537428
BinVal : 29 24 0.94 0.0335857 0.0335857
BinVal : 29 25 0.93617 0.0356566 0.0356566
BinVal : 29 26 0.967742 0.0317335 0.0317335
BinVal : 29 27 0.9375 0.0302577 0.0302577
BinVal : 29 28 1 0.0115867 0.0115867
BinVal : 29 29 1 0.0233703 0.0233703
BinVal : 29 30 0 0 0
BinVal : 29 31 0 0 0
BinVal : 29 32 0 0 0
BinVal : 29 33 0 0 0
BinVal : 29 34 0 0 0
BinVal : 29 35 0 0 0
BinVal : 29 36 0 0 0
BinVal : 29 37 0 0 0
BinVal : 29 38 0 0 0
BinVal : 29 39 0 0 0
BinVal : 29 40 0 0 0
BinVal : 29 41 0 0 0
BinVal : 29 42 0 0 0
BinVal : 29 43 0 0 0
BinVal : 30 0 0 0 0
BinVal : 30 1 0 0 0
BinVal : 30 2 0 0 0
BinVal : 30 3 0 0 0
BinVal : 30 4 0 0 0
BinVal : 30 5 0 0 0
BinVal : 30 6 0 0 0
BinVal : 30 7 0 0 0
BinVal : 30 8 0 0 0
BinVal : 30 9 0 0 0
BinVal : 30 10 0 0 0
BinVal : 30 11 0 0 0
BinVal : 30 12 0 0 0
BinVal : 30 13 0 0 0
BinVal : 30 14 1 0.0216126 0.0216126
BinVal : 30 15 0.976744 0.0229838 0.0229838
BinVal : 30 16 0.875 0.0584634 0.0584634
BinVal : 30 17 0.98 0.019799 0.019799
BinVal : 30 18 0.951219 0.0336412 0.0336412
BinVal : 30 19 1 0.0233703 0.0233703
BinVal : 30 20 0.846154 0.0447519 0.0447519
BinVal : 30 21 0.923077 0.0369527 0.0369527
BinVal : 30 22 0.952381 0.0268303 0.0268303
BinVal : 30 23 0.897959 0.0432431 0.0432431
BinVal : 30 24 0.913043 0.0415449 0.0415449
BinVal : 30 25 0.934783 0.0364048 0.0364048
BinVal : 30 26 0.981818 0.0180158 0.0180158
BinVal : 30 27 0.896552 0.0565523 0.0565523
BinVal : 30 28 0.972222 0.0273893 0.0273893
BinVal : 30 29 1 0.0216126 0.0216126
BinVal : 30 30 0 0 0
BinVal : 30 31 0 0 0
BinVal : 30 32 0 0 0
BinVal : 30 33 0 0 0
BinVal : 30 34 0 0 0
BinVal : 30 35 0 0 0
BinVal : 30 36 0 0 0
BinVal : 30 37 0 0 0
BinVal : 30 38 0 0 0
BinVal : 30 39 0 0 0
BinVal : 30 40 0 0 0
BinVal : 30 41 0 0 0
BinVal : 30 42 0 0 0
BinVal : 30 43 0 0 0
BinVal : 31 0 0 0 0
BinVal : 31 1 0 0 0
BinVal : 31 2 0 0 0
BinVal : 31 3 0 0 0
BinVal : 31 4 0 0 0
BinVal : 31 5 0 0 0
BinVal : 31 6 0 0 0
BinVal : 31 7 0 0 0
BinVal : 31 8 0 0 0
BinVal : 31 9 0 0 0
BinVal : 31 10 0 0 0
BinVal : 31 11 0 0 0
BinVal : 31 12 0 0 0
BinVal : 31 13 0 0 0
BinVal : 31 14 1 0.0224566 0.0224566
BinVal : 31 15 0.97619 0.0235244 0.0235244
BinVal : 31 16 0.863636 0.073165 0.073165
BinVal : 31 17 0.909091 0.0433392 0.0433392
BinVal : 31 18 0.95 0.0344601 0.0344601
BinVal : 31 19 0.964286 0.0350707 0.0350707
BinVal : 31 20 0.9375 0.0349386 0.0349386
BinVal : 31 21 0.942308 0.0323336 0.0323336
BinVal : 31 22 1 0.0088954 0.0088954
BinVal : 31 23 0.78 0.0585833 0.0585833
BinVal : 31 24 1 0.0145144 0.0145144
BinVal : 31 25 0.862069 0.0640329 0.0640329
BinVal : 31 26 0.97619 0.0235244 0.0235244
BinVal : 31 27 0.92 0.0542586 0.0542586
BinVal : 31 28 0.973684 0.0259672 0.0259672
BinVal : 31 29 1 0.0254407 0.0254407
BinVal : 31 30 0 0 0
BinVal : 31 31 0 0 0
BinVal : 31 32 0 0 0
BinVal : 31 33 0 0 0
BinVal : 31 34 0 0 0
BinVal : 31 35 0 0 0
BinVal : 31 36 0 0 0
BinVal : 31 37 0 0 0
BinVal : 31 38 0 0 0
BinVal : 31 39 0 0 0
BinVal : 31 40 0 0 0
BinVal : 31 41 0 0 0
BinVal : 31 42 0 0 0
BinVal : 31 43 0 0 0


Comments : cosmic veto applied 
EffMethod : TagAndProbe 
EffName : eff 
EffType : Binned 
EffVarNames : phi deteta 
EffVersion : 5 
ObjQuality : l2m5 
ObjRelativeTo : medium_l1wtlx 
ObjType : Muon 
ObjVersion : 1 
RunRangeHigh : 216000 
RunRangeLow : 160000 
TriggerVersionHigh : 14.99 
TriggerVersionLow : 13 
BinEdgesX : 0 0.19635 0.3927 0.58905 0.7854 0.98175 1.1781 1.37445 1.5708 1.76715 1.9635 2.15985 2.3562 2.55255 2.7489 2.94525 3.1416 3.33795 3.5343 3.73065 3.927 4.12335 4.3197 4.51605 4.7124 4.90875 5.1051 5.30145 5.4978 5.69415 5.8905 6.08685 6.2832 
BinEdgesY : -4.2 -4.00909 -3.81818 -3.62727 -3.43636 -3.24545 -3.05455 -2.86364 -2.67273 -2.48182 -2.29091 -2.1 -1.90909 -1.71818 -1.52727 -1.33636 -1.14545 -0.954545 -0.763636 -0.572727 -0.381818 -0.190909 0 0.190909 0.381818 0.572727 0.763636 0.954545 1.14545 1.33636 1.52727 1.71818 1.90909 2.1 2.29091 2.48182 2.67273 2.86364 3.05455 3.24545 3.43636 3.62727 3.81818 4.00909 4.2 
BinVal : 0 0 0 0 0
BinVal : 0 1 0 0 0
BinVal : 0 2 0 0 0
BinVal : 0 3 0 0 0
BinVal : 0 4 0 0 0
BinVal : 0 5 0 0 0
BinVal : 0 6 0 0 0
BinVal : 0 7 0 0 0
BinVal : 0 8 0 0 0
BinVal : 0 9 0 0 0
BinVal : 0 10 0 0 0
BinVal : 0 11 0 0 0
BinVal : 0 12 0 0 0
BinVal : 0 13 1 0.0266185 0.0266185
BinVal : 0 14 0.968254 0.0220886 0.0220886
BinVal : 0 15 0.985294 0.0145974 0.0145974
BinVal : 0 16 0.935484 0.0312001 0.0312001
BinVal : 0 17 0.974359 0.017897 0.017897
BinVal : 0 18 0.88 0.0459565 0.0459565
BinVal : 0 19 1 0.00825644 0.00825644
BinVal : 0 20 0.9375 0.0247053 0.0247053
BinVal : 0 21 0.952381 0.0207827 0.0207827
BinVal : 0 22 0.96 0.0195959 0.0195959
BinVal : 0 23 0.666667 0.0453609 0.0453609
BinVal : 0 24 0.974684 0.0176734 0.0176734
BinVal : 0 25 0.857143 0.0440867 0.0440867
BinVal : 0 26 0.989011 0.0109285 0.0109285
BinVal : 0 27 0.886792 0.0435222 0.0435222
BinVal : 0 28 1 0.00671244 0.00671244
BinVal : 0 29 1 0.0105252 0.0105252
BinVal : 0 30 1 0.0422902 0.0422902
BinVal : 0 31 0 0 0
BinVal : 0 32 0 0 0
BinVal : 0 33 0 0 0
BinVal : 0 34 0 0 0
BinVal : 0 35 0 0 0
BinVal : 0 36 0 0 0
BinVal : 0 37 0 0 0
BinVal : 0 38 0 0 0
BinVal : 0 39 0 0 0
BinVal : 0 40 0 0 0
BinVal : 0 41 0 0 0
BinVal : 0 42 0 0 0
BinVal : 0 43 0 0 0
BinVal : 1 0 0 0 0
BinVal : 1 1 0 0 0
BinVal : 1 2 0 0 0
BinVal : 1 3 0 0 0
BinVal : 1 4 0 0 0
BinVal : 1 5 0 0 0
BinVal : 1 6 0 0 0
BinVal : 1 7 0 0 0
BinVal : 1 8 0 0 0
BinVal : 1 9 0 0 0
BinVal : 1 10 0 0 0
BinVal : 1 11 0 0 0
BinVal : 1 12 0 0 0
BinVal : 1 13 1 0.0422902 0.0422902
BinVal : 1 14 0.969697 0.0172283 0.0172283
BinVal : 1 15 0.988235 0.0116953 0.0116953
BinVal : 1 16 0.964286 0.0202481 0.0202481
BinVal : 1 17 0.989796 0.0101519 0.0101519
BinVal : 1 18 0.80597 0.0483121 0.0483121
BinVal : 1 19 0.989011 0.0109285 0.0109285
BinVal : 1 20 0.924812 0.0228652 0.0228652
BinVal : 1 21 0.913333 0.0229718 0.0229718
BinVal : 1 22 0.964789 0.0154672 0.0154672
BinVal : 1 23 0.66 0.0473709 0.0473709
BinVal : 1 24 0.981132 0.0132152 0.0132152
BinVal : 1 25 0.870588 0.0364069 0.0364069
BinVal : 1 26 0.9375 0.0270633 0.0270633
BinVal : 1 27 0.855263 0.0403583 0.0403583
BinVal : 1 28 0.98913 0.0108103 0.0108103
BinVal : 1 29 1 0.00875998 0.00875998
BinVal : 1 30 1 0.0346427 0.0346427
BinVal : 1 31 0 0 0
BinVal : 1 32 0 0 0
BinVal : 1 33 0 0 0
BinVal : 1 34 0 0 0
BinVal : 1 35 0 0 0
BinVal : 1 36 0 0 0
BinVal : 1 37 0 0 0
BinVal : 1 38 0 0 0
BinVal : 1 39 0 0 0
BinVal : 1 40 0 0 0
BinVal : 1 41 0 0 0
BinVal : 1 42 0 0 0
BinVal : 1 43 0 0 0
BinVal : 2 0 0 0 0
BinVal : 2 1 0 0 0
BinVal : 2 2 0 0 0
BinVal : 2 3 0 0 0
BinVal : 2 4 0 0 0
BinVal : 2 5 0 0 0
BinVal : 2 6 0 0 0
BinVal : 2 7 0 0 0
BinVal : 2 8 0 0 0
BinVal : 2 9 0 0 0
BinVal : 2 10 0 0 0
BinVal : 2 11 0 0 0
BinVal : 2 12 0 0 0
BinVal : 2 13 1 0.0668855 0.0668855
BinVal : 2 14 1 0.00663519 0.00663519
BinVal : 2 15 1 0.00601053 0.00601053
BinVal : 2 16 0.9375 0.0270633 0.0270633
BinVal : 2 17 0.94186 0.0252336 0.0252336
BinVal : 2 18 0.901408 0.0353795 0.0353795
BinVal : 2 19 0.975309 0.0172425 0.0172425
BinVal : 2 20 0.963303 0.0180088 0.0180088
BinVal : 2 21 0.904 0.026349 0.026349
BinVal : 2 22 0.944954 0.0218451 0.0218451
BinVal : 2 23 0.655556 0.0500891 0.0500891
BinVal : 2 24 0.942857 0.0226521 0.0226521
BinVal : 2 25 0.880435 0.0338265 0.0338265
BinVal : 2 26 0.970588 0.0204891 0.0204891
BinVal : 2 27 0.939759 0.0261165 0.0261165
BinVal : 2 28 0.979592 0.0142827 0.0142827
BinVal : 2 29 1 0.00731039 0.00731039
BinVal : 2 30 1 0.0346427 0.0346427
BinVal : 2 31 0 0 0
BinVal : 2 32 0 0 0
BinVal : 2 33 0 0 0
BinVal : 2 34 0 0 0
BinVal : 2 35 0 0 0
BinVal : 2 36 0 0 0
BinVal : 2 37 0 0 0
BinVal : 2 38 0 0 0
BinVal : 2 39 0 0 0
BinVal : 2 40 0 0 0
BinVal : 2 41 0 0 0
BinVal : 2 42 0 0 0
BinVal : 2 43 0 0 0
BinVal : 3 0 0 0 0
BinVal : 3 1 0 0 0
BinVal : 3 2 0 0 0
BinVal : 3 3 0 0 0
BinVal : 3 4 0 0 0
BinVal : 3 5 0 0 0
BinVal : 3 6 0 0 0
BinVal : 3 7 0 0 0
BinVal : 3 8 0 0 0
BinVal : 3 9 0 0 0
BinVal : 3 10 0 0 0
BinVal : 3 11 0 0 0
BinVal : 3 12 0 0 0
BinVal : 3 13 1 0.0756803 0.0756803
BinVal : 3 14 1 0.0123324 0.0123324
BinVal : 3 15 0.983333 0.0165272 0.0165272
BinVal : 3 16 1 0.00770235 0.00770235
BinVal : 3 17 0.75 0.0578638 0.0578638
BinVal : 3 18 0.927536 0.0312105 0.0312105
BinVal : 3 19 0.932203 0.032729 0.032729
BinVal : 3 20 0.938462 0.0298075 0.0298075
BinVal : 3 21 0.9 0.0316228 0.0316228
BinVal : 3 22 0.959459 0.0229267 0.0229267
BinVal : 3 23 0.775862 0.0547565 0.0547565
BinVal : 3 24 0.971014 0.0201966 0.0201966
BinVal : 3 25 0.909091 0.0353863 0.0353863
BinVal : 3 26 0.836735 0.0528011 0.0528011
BinVal : 3 27 1 0.00903559 0.00903559
BinVal : 3 28 1 0.00903559 0.00903559
BinVal : 3 29 1 0.0152869 0.0152869
BinVal : 3 30 1 0.102643 0.102643
BinVal : 3 31 0 0 0
BinVal : 3 32 0 0 0
BinVal : 3 33 0 0 0
BinVal : 3 34 0 0 0
BinVal : 3 35 0 0 0
BinVal : 3 36 0 0 0
BinVal : 3 37 0 0 0
BinVal : 3 38 0 0 0
BinVal : 3 39 0 0 0
BinVal : 3 40 0 0 0
BinVal : 3 41 0 0 0
BinVal : 3 42 0 0 0
BinVal : 3 43 0 0 0
BinVal : 4 0 0 0 0
BinVal : 4 1 0 0 0
BinVal : 4 2 0 0 0
BinVal : 4 3 0 0 0
BinVal : 4 4 0 0 0
BinVal : 4 5 0 0 0
BinVal : 4 6 0 0 0
BinVal : 4 7 0 0 0
BinVal : 4 8 0 0 0
BinVal : 4 9 0 0 0
BinVal : 4 10 0 0 0
BinVal : 4 11 0 0 0
BinVal : 4 12 0 0 0
BinVal : 4 13 1 0.0599198 0.0599198
BinVal : 4 14 1 0.0181909 0.0181909
BinVal : 4 15 1 0.0126033 0.0126033
BinVal : 4 16 0.977273 0.0224675 0.0224675
BinVal : 4 17 0.833333 0.062113 0.062113
BinVal : 4 18 0.97561 0.0170349 0.0170349
BinVal : 4 19 0.969697 0.0211003 0.0211003
BinVal : 4 20 0.893617 0.0449741 0.0449741
BinVal : 4 21 0.814286 0.0464796 0.0464796
BinVal : 4 22 1 0.00760031 0.00760031
BinVal : 4 23 0.910714 0.0381055 0.0381055
BinVal : 4 24 0.914894 0.0407022 0.0407022
BinVal : 4 25 0.982143 0.017697 0.017697
BinVal : 4 26 0.888889 0.0604812 0.0604812
BinVal : 4 27 1 0.0111375 0.0111375
BinVal : 4 28 0.947368 0.0362235 0.0362235
BinVal : 4 29 0.941176 0.0403526 0.0403526
BinVal : 4 30 1 0.0599198 0.0599198
BinVal : 4 31 0 0 0
BinVal : 4 32 0 0 0
BinVal : 4 33 0 0 0
BinVal : 4 34 0 0 0
BinVal : 4 35 0 0 0
BinVal : 4 36 0 0 0
BinVal : 4 37 0 0 0
BinVal : 4 38 0 0 0
BinVal : 4 39 0 0 0
BinVal : 4 40 0 0 0
BinVal : 4 41 0 0 0
BinVal : 4 42 0 0 0
BinVal : 4 43 0 0 0
BinVal : 5 0 0 0 0
BinVal : 5 1 0 0 0
BinVal : 5 2 0 0 0
BinVal : 5 3 0 0 0
BinVal : 5 4 0 0 0
BinVal : 5 5 0 0 0
BinVal : 5 6 0 0 0
BinVal : 5 7 0 0 0
BinVal : 5 8 0 0 0
BinVal : 5 9 0 0 0
BinVal : 5 10 0 0 0
BinVal : 5 11 0 0 0
BinVal : 5 12 0 0 0
BinVal : 5 13 1 0.0668855 0.0668855
BinVal : 5 14 1 0.0128865 0.0128865
BinVal : 5 15 1 0.0109258 0.0109258
BinVal : 5 16 0.961538 0.0266683 0.0266683
BinVal : 5 17 0.904762 0.0452948 0.0452948
BinVal : 5 18 0.962264 0.026175 0.026175
BinVal : 5 19 0.979592 0.0201988 0.0201988
BinVal : 5 20 0.873016 0.0419484 0.0419484
BinVal : 5 21 0.790123 0.0452467 0.0452467
BinVal : 5 22 1 0.00671244 0.00671244
BinVal : 5 23 0.923077 0.0330515 0.0330515
BinVal : 5 24 0.893617 0.0449741 0.0449741
BinVal : 5 25 0.901639 0.0381296 0.0381296
BinVal : 5 26 0.886364 0.0478452 0.0478452
BinVal : 5 27 0.907692 0.0359031 0.0359031
BinVal : 5 28 1 0.0126033 0.0126033
BinVal : 5 29 1 0.0115867 0.0115867
BinVal : 5 30 1 0.0756803 0.0756803
BinVal : 5 31 0 0 0
BinVal : 5 32 0 0 0
BinVal : 5 33 0 0 0
BinVal : 5 34 0 0 0
BinVal : 5 35 0 0 0
BinVal : 5 36 0 0 0
BinVal : 5 37 0 0 0
BinVal : 5 38 0 0 0
BinVal : 5 39 0 0 0
BinVal : 5 40 0 0 0
BinVal : 5 41 0 0 0
BinVal : 5 42 0 0 0
BinVal : 5 43 0 0 0
BinVal : 6 0 0 0 0
BinVal : 6 1 0 0 0
BinVal : 6 2 0 0 0
BinVal : 6 3 0 0 0
BinVal : 6 4 0 0 0
BinVal : 6 5 0 0 0
BinVal : 6 6 0 0 0
BinVal : 6 7 0 0 0
BinVal : 6 8 0 0 0
BinVal : 6 9 0 0 0
BinVal : 6 10 0 0 0
BinVal : 6 11 0 0 0
BinVal : 6 12 0 0 0
BinVal : 6 13 1 0.0756803 0.0756803
BinVal : 6 14 1 0.0201001 0.0201001
BinVal : 6 15 1 0.0194201 0.0194201
BinVal : 6 16 0.961538 0.0377146 0.0377146
BinVal : 6 17 0.956522 0.030068 0.030068
BinVal : 6 18 1 0.0171075 0.0171075
BinVal : 6 19 0.916667 0.0564169 0.0564169
BinVal : 6 20 0.833333 0.0537914 0.0537914
BinVal : 6 21 0.8125 0.0563367 0.0563367
BinVal : 6 22 1 0.00948286 0.00948286
BinVal : 6 23 0.818182 0.0581456 0.0581456
BinVal : 6 24 0.921053 0.0437441 0.0437441
BinVal : 6 25 0.947368 0.0362235 0.0362235
BinVal : 6 26 0.914894 0.0407022 0.0407022
BinVal : 6 27 0.8 0.0730297 0.0730297
BinVal : 6 28 1 0.0131822 0.0131822
BinVal : 6 29 0.961538 0.0377146 0.0377146
BinVal : 6 30 1 0.0871301 0.0871301
BinVal : 6 31 0 0 0
BinVal : 6 32 0 0 0
BinVal : 6 33 0 0 0
BinVal : 6 34 0 0 0
BinVal : 6 35 0 0 0
BinVal : 6 36 0 0 0
BinVal : 6 37 0 0 0
BinVal : 6 38 0 0 0
BinVal : 6 39 0 0 0
BinVal : 6 40 0 0 0
BinVal : 6 41 0 0 0
BinVal : 6 42 0 0 0
BinVal : 6 43 0 0 0
BinVal : 7 0 0 0 0
BinVal : 7 1 0 0 0
BinVal : 7 2 0 0 0
BinVal : 7 3 0 0 0
BinVal : 7 4 0 0 0
BinVal : 7 5 0 0 0
BinVal : 7 6 0 0 0
BinVal : 7 7 0 0 0
BinVal : 7 8 0 0 0
BinVal : 7 9 0 0 0
BinVal : 7 10 0 0 0
BinVal : 7 11 0 0 0
BinVal : 7 12 0 0 0
BinVal : 7 13 1 0.0871301 0.0871301
BinVal : 7 14 1 0.0346427 0.0346427
BinVal : 7 15 1 0.0145144 0.0145144
BinVal : 7 16 0.8 0.0894427 0.0894427
BinVal : 7 17 0.972973 0.0266593 0.0266593
BinVal : 7 18 1 0.0201001 0.0201001
BinVal : 7 19 0.933333 0.045542 0.045542
BinVal : 7 20 0.965517 0.033883 0.033883
BinVal : 7 21 0.789474 0.0661348 0.0661348
BinVal : 7 22 1 0.0148902 0.0148902
BinVal : 7 23 0.826087 0.0790342 0.0790342
BinVal : 7 24 0.916667 0.0564169 0.0564169
BinVal : 7 25 0.958333 0.0407894 0.0407894
BinVal : 7 26 0.933333 0.045542 0.045542
BinVal : 7 27 0.818182 0.116291 0.116291
BinVal : 7 28 0.9 0.067082 0.067082
BinVal : 7 29 1 0.0326734 0.0326734
BinVal : 7 30 1 0.102643 0.102643
BinVal : 7 31 0 0 0
BinVal : 7 32 0 0 0
BinVal : 7 33 0 0 0
BinVal : 7 34 0 0 0
BinVal : 7 35 0 0 0
BinVal : 7 36 0 0 0
BinVal : 7 37 0 0 0
BinVal : 7 38 0 0 0
BinVal : 7 39 0 0 0
BinVal : 7 40 0 0 0
BinVal : 7 41 0 0 0
BinVal : 7 42 0 0 0
BinVal : 7 43 0 0 0
BinVal : 8 0 0 0 0
BinVal : 8 1 0 0 0
BinVal : 8 2 0 0 0
BinVal : 8 3 0 0 0
BinVal : 8 4 0 0 0
BinVal : 8 5 0 0 0
BinVal : 8 6 0 0 0
BinVal : 8 7 0 0 0
BinVal : 8 8 0 0 0
BinVal : 8 9 0 0 0
BinVal : 8 10 0 0 0
BinVal : 8 11 0 0 0
BinVal : 8 12 0 0 0
BinVal : 8 13 1 0.102643 0.102643
BinVal : 8 14 1 0.0243611 0.0243611
BinVal : 8 15 1 0.0216126 0.0216126
BinVal : 8 16 1 0.0293374 0.0293374
BinVal : 8 17 0.965517 0.033883 0.033883
BinVal : 8 18 1 0.0266185 0.0266185
BinVal : 8 19 0.954545 0.0444095 0.0444095
BinVal : 8 20 0.933333 0.045542 0.045542
BinVal : 8 21 0.942857 0.0392347 0.0392347
BinVal : 8 22 0.888889 0.0604812 0.0604812
BinVal : 8 23 0.619048 0.105971 0.105971
BinVal : 8 24 0.818182 0.0822304 0.0822304
BinVal : 8 25 0.833333 0.087841 0.087841
BinVal : 8 26 1 0.0166125 0.0166125
BinVal : 8 27 1 0.0599198 0.0599198
BinVal : 8 28 0.961538 0.0377146 0.0377146
BinVal : 8 29 1 0.0326734 0.0326734
BinVal : 8 30 1 0.159077 0.159077
BinVal : 8 31 0 0 0
BinVal : 8 32 0 0 0
BinVal : 8 33 0 0 0
BinVal : 8 34 0 0 0
BinVal : 8 35 0 0 0
BinVal : 8 36 0 0 0
BinVal : 8 37 0 0 0
BinVal : 8 38 0 0 0
BinVal : 8 39 0 0 0
BinVal : 8 40 0 0 0
BinVal : 8 41 0 0 0
BinVal : 8 42 0 0 0
BinVal : 8 43 0 0 0
BinVal : 9 0 0 0 0
BinVal : 9 1 0 0 0
BinVal : 9 2 0 0 0
BinVal : 9 3 0 0 0
BinVal : 9 4 0 0 0
BinVal : 9 5 0 0 0
BinVal : 9 6 0 0 0
BinVal : 9 7 0 0 0
BinVal : 9 8 0 0 0
BinVal : 9 9 0 0 0
BinVal : 9 10 0 0 0
BinVal : 9 11 0 0 0
BinVal : 9 12 0 0 0
BinVal : 9 13 0.875 0.116927 0.116927
BinVal : 9 14 1 0.0233703 0.0233703
BinVal : 9 15 0.969697 0.0298404 0.0298404
BinVal : 9 16 1 0.0279117 0.0279117
BinVal : 9 17 0.813953 0.0593439 0.0593439
BinVal : 9 18 1 0.017632 0.017632
BinVal : 9 19 0.965517 0.033883 0.033883
BinVal : 9 20 0.885714 0.0537785 0.0537785
BinVal : 9 21 0.904762 0.0452948 0.0452948
BinVal : 9 22 0.903226 0.0531003 0.0531003
BinVal : 9 23 0.7 0.10247 0.10247
BinVal : 9 24 0.888889 0.0523783 0.0523783
BinVal : 9 25 0.885714 0.0537785 0.0537785
BinVal : 9 26 0.909091 0.0500438 0.0500438
BinVal : 9 27 0.769231 0.0826286 0.0826286
BinVal : 9 28 1 0.0161462 0.0161462
BinVal : 9 29 1 0.0224566 0.0224566
BinVal : 9 30 1 0.0495858 0.0495858
BinVal : 9 31 0 0 0
BinVal : 9 32 0 0 0
BinVal : 9 33 0 0 0
BinVal : 9 34 0 0 0
BinVal : 9 35 0 0 0
BinVal : 9 36 0 0 0
BinVal : 9 37 0 0 0
BinVal : 9 38 0 0 0
BinVal : 9 39 0 0 0
BinVal : 9 40 0 0 0
BinVal : 9 41 0 0 0
BinVal : 9 42 0 0 0
BinVal : 9 43 0 0 0
BinVal : 10 0 0 0 0
BinVal : 10 1 0 0 0
BinVal : 10 2 0 0 0
BinVal : 10 3 0 0 0
BinVal : 10 4 0 0 0
BinVal : 10 5 0 0 0
BinVal : 10 6 0 0 0
BinVal : 10 7 0 0 0
BinVal : 10 8 0 0 0
BinVal : 10 9 0 0 0
BinVal : 10 10 0 0 0
BinVal : 10 11 0 0 0
BinVal : 10 12 0 0 0
BinVal : 10 13 1 0.0756803 0.0756803
BinVal : 10 14 1 0.00964212 0.00964212
BinVal : 10 15 1 0.0107217 0.0107217
BinVal : 10 16 0.958333 0.0288424 0.0288424
BinVal : 10 17 0.952381 0.0328603 0.0328603
BinVal : 10 18 1 0.0101533 0.0101533
BinVal : 10 19 0.983333 0.0165272 0.0165272
BinVal : 10 20 0.941176 0.0329478 0.0329478
BinVal : 10 21 0.804348 0.0584905 0.0584905
BinVal : 10 22 0.930233 0.0388497 0.0388497
BinVal : 10 23 0.8 0.08 0.08
BinVal : 10 24 0.773585 0.0574869 0.0574869
BinVal : 10 25 0.852941 0.0429488 0.0429488
BinVal : 10 26 1 0.0145144 0.0145144
BinVal : 10 27 0.882353 0.0451156 0.0451156
BinVal : 10 28 1 0.0131822 0.0131822
BinVal : 10 29 1 0.0145144 0.0145144
BinVal : 10 30 1 0.0495858 0.0495858
BinVal : 10 31 0 0 0
BinVal : 10 32 0 0 0
BinVal : 10 33 0 0 0
BinVal : 10 34 0 0 0
BinVal : 10 35 0 0 0
BinVal : 10 36 0 0 0
BinVal : 10 37 0 0 0
BinVal : 10 38 0 0 0
BinVal : 10 39 0 0 0
BinVal : 10 40 0 0 0
BinVal : 10 41 0 0 0
BinVal : 10 42 0 0 0
BinVal : 10 43 0 0 0
BinVal : 11 0 0 0 0
BinVal : 11 1 0 0 0
BinVal : 11 2 0 0 0
BinVal : 11 3 0 0 0
BinVal : 11 4 0 0 0
BinVal : 11 5 0 0 0
BinVal : 11 6 0 0 0
BinVal : 11 7 0 0 0
BinVal : 11 8 0 0 0
BinVal : 11 9 0 0 0
BinVal : 11 10 0 0 0
BinVal : 11 11 0 0 0
BinVal : 11 12 0 0 0
BinVal : 11 13 1 0.0668855 0.0668855
BinVal : 11 14 0.974359 0.0253102 0.0253102
BinVal : 11 15 0.975 0.0246855 0.0246855
BinVal : 11 16 1 0.0123324 0.0123324
BinVal : 11 17 0.848485 0.0624156 0.0624156
BinVal : 11 18 0.96875 0.0217491 0.0217491
BinVal : 11 19 0.979167 0.0206152 0.0206152
BinVal : 11 20 0.866667 0.0506745 0.0506745
BinVal : 11 21 0.790323 0.051699 0.051699
BinVal : 11 22 0.862069 0.0452781 0.0452781
BinVal : 11 23 0.90625 0.051527 0.051527
BinVal : 11 24 0.75 0.0600481 0.0600481
BinVal : 11 25 0.967213 0.0228006 0.0228006
BinVal : 11 26 0.805556 0.0659621 0.0659621
BinVal : 11 27 0.980392 0.0194147 0.0194147
BinVal : 11 28 0.976744 0.0229838 0.0229838
BinVal : 11 29 1 0.0131822 0.0131822
BinVal : 11 30 1 0.0456491 0.0456491
BinVal : 11 31 0 0 0
BinVal : 11 32 0 0 0
BinVal : 11 33 0 0 0
BinVal : 11 34 0 0 0
BinVal : 11 35 0 0 0
BinVal : 11 36 0 0 0
BinVal : 11 37 0 0 0
BinVal : 11 38 0 0 0
BinVal : 11 39 0 0 0
BinVal : 11 40 0 0 0
BinVal : 11 41 0 0 0
BinVal : 11 42 0 0 0
BinVal : 11 43 0 0 0
BinVal : 12 0 0 0 0
BinVal : 12 1 0 0 0
BinVal : 12 2 0 0 0
BinVal : 12 3 0 0 0
BinVal : 12 4 0 0 0
BinVal : 12 5 0 0 0
BinVal : 12 6 0 0 0
BinVal : 12 7 0 0 0
BinVal : 12 8 0 0 0
BinVal : 12 9 0 0 0
BinVal : 12 10 0 0 0
BinVal : 12 11 0 0 0
BinVal : 12 12 0 0 0
BinVal : 12 13 1 0.0871301 0.0871301
BinVal : 12 14 1 0.0201001 0.0201001
BinVal : 12 15 0.982759 0.0170921 0.0170921
BinVal : 12 16 0.964286 0.0247988 0.0247988
BinVal : 12 17 0.9375 0.0349386 0.0349386
BinVal : 12 18 0.927273 0.0350164 0.0350164
BinVal : 12 19 0.97619 0.0235244 0.0235244
BinVal : 12 20 0.92 0.0383667 0.0383667
BinVal : 12 21 0.755102 0.0614324 0.0614324
BinVal : 12 22 0.945455 0.0306209 0.0306209
BinVal : 12 23 0.902439 0.0463399 0.0463399
BinVal : 12 24 0.902439 0.0463399 0.0463399
BinVal : 12 25 0.968254 0.0220886 0.0220886
BinVal : 12 26 0.875 0.0584634 0.0584634
BinVal : 12 27 1 0.00964212 0.00964212
BinVal : 12 28 0.980769 0.019045 0.019045
BinVal : 12 29 1 0.012074 0.012074
BinVal : 12 30 1 0.0756803 0.0756803
BinVal : 12 31 0 0 0
BinVal : 12 32 0 0 0
BinVal : 12 33 0 0 0
BinVal : 12 34 0 0 0
BinVal : 12 35 0 0 0
BinVal : 12 36 0 0 0
BinVal : 12 37 0 0 0
BinVal : 12 38 0 0 0
BinVal : 12 39 0 0 0
BinVal : 12 40 0 0 0
BinVal : 12 41 0 0 0
BinVal : 12 42 0 0 0
BinVal : 12 43 0 0 0
BinVal : 13 0 0 0 0
BinVal : 13 1 0 0 0
BinVal : 13 2 0 0 0
BinVal : 13 3 0 0 0
BinVal : 13 4 0 0 0
BinVal : 13 5 0 0 0
BinVal : 13 6 0 0 0
BinVal : 13 7 0 0 0
BinVal : 13 8 0 0 0
BinVal : 13 9 0 0 0
BinVal : 13 10 0 0 0
BinVal : 13 11 0 0 0
BinVal : 13 12 0 0 0
BinVal : 13 13 1 0.039392 0.039392
BinVal : 13 14 0.983607 0.0162585 0.0162585
BinVal : 13 15 1 0.0101533 0.0101533
BinVal : 13 16 0.931507 0.0295635 0.0295635
BinVal : 13 17 0.888889 0.0427667 0.0427667
BinVal : 13 18 0.968254 0.0220886 0.0220886
BinVal : 13 19 0.974026 0.0181263 0.0181263
BinVal : 13 20 0.797753 0.0425775 0.0425775
BinVal : 13 21 0.8 0.0496139 0.0496139
BinVal : 13 22 0.961039 0.0220516 0.0220516
BinVal : 13 23 0.891892 0.0360969 0.0360969
BinVal : 13 24 0.970149 0.0207902 0.0207902
BinVal : 13 25 0.891892 0.0360969 0.0360969
BinVal : 13 26 0.926471 0.0316513 0.0316513
BinVal : 13 27 0.928571 0.0344151 0.0344151
BinVal : 13 28 1 0.0074048 0.0074048
BinVal : 13 29 0.977778 0.0219739 0.0219739
BinVal : 13 30 1 0.0871301 0.0871301
BinVal : 13 31 0 0 0
BinVal : 13 32 0 0 0
BinVal : 13 33 0 0 0
BinVal : 13 34 0 0 0
BinVal : 13 35 0 0 0
BinVal : 13 36 0 0 0
BinVal : 13 37 0 0 0
BinVal : 13 38 0 0 0
BinVal : 13 39 0 0 0
BinVal : 13 40 0 0 0
BinVal : 13 41 0 0 0
BinVal : 13 42 0 0 0
BinVal : 13 43 0 0 0
BinVal : 14 0 0 0 0
BinVal : 14 1 0 0 0
BinVal : 14 2 0 0 0
BinVal : 14 3 0 0 0
BinVal : 14 4 0 0 0
BinVal : 14 5 0 0 0
BinVal : 14 6 0 0 0
BinVal : 14 7 0 0 0
BinVal : 14 8 0 0 0
BinVal : 14 9 0 0 0
BinVal : 14 10 0 0 0
BinVal : 14 11 0 0 0
BinVal : 14 12 0 0 0
BinVal : 14 13 1 0.0309157 0.0309157
BinVal : 14 14 1 0.00903559 0.00903559
BinVal : 14 15 0.987805 0.0121205 0.0121205
BinVal : 14 16 0.915254 0.036258 0.036258
BinVal : 14 17 0.957747 0.0238741 0.0238741
BinVal : 14 18 1 0.00695658 0.00695658
BinVal : 14 19 0.969697 0.0211003 0.0211003
BinVal : 14 20 0.8 0.039036 0.039036
BinVal : 14 21 0.916667 0.0301561 0.0301561
BinVal : 14 22 0.963855 0.0204875 0.0204875
BinVal : 14 23 0.901099 0.0312944 0.0312944
BinVal : 14 24 0.984615 0.0152658 0.0152658
BinVal : 14 25 0.901235 0.0331496 0.0331496
BinVal : 14 26 0.972603 0.0191056 0.0191056
BinVal : 14 27 0.90625 0.0364351 0.0364351
BinVal : 14 28 1 0.00613832 0.00613832
BinVal : 14 29 1 0.0074048 0.0074048
BinVal : 14 30 1 0.102643 0.102643
BinVal : 14 31 0 0 0
BinVal : 14 32 0 0 0
BinVal : 14 33 0 0 0
BinVal : 14 34 0 0 0
BinVal : 14 35 0 0 0
BinVal : 14 36 0 0 0
BinVal : 14 37 0 0 0
BinVal : 14 38 0 0 0
BinVal : 14 39 0 0 0
BinVal : 14 40 0 0 0
BinVal : 14 41 0 0 0
BinVal : 14 42 0 0 0
BinVal : 14 43 0 0 0
BinVal : 15 0 0 0 0
BinVal : 15 1 0 0 0
BinVal : 15 2 0 0 0
BinVal : 15 3 0 0 0
BinVal : 15 4 0 0 0
BinVal : 15 5 0 0 0
BinVal : 15 6 0 0 0
BinVal : 15 7 0 0 0
BinVal : 15 8 0 0 0
BinVal : 15 9 0 0 0
BinVal : 15 10 0 0 0
BinVal : 15 11 0 0 0
BinVal : 15 12 0 0 0
BinVal : 15 13 1 0.0756803 0.0756803
BinVal : 15 14 0.977273 0.0224675 0.0224675
BinVal : 15 15 1 0.00850058 0.00850058
BinVal : 15 16 0.846154 0.0500341 0.0500341
BinVal : 15 17 0.928571 0.0344151 0.0344151
BinVal : 15 18 0.956522 0.030068 0.030068
BinVal : 15 19 1 0.00780725 0.00780725
BinVal : 15 20 0.827957 0.0391364 0.0391364
BinVal : 15 21 0.8 0.0496139 0.0496139
BinVal : 15 22 0.973451 0.015123 0.015123
BinVal : 15 23 0.770115 0.0451101 0.0451101
BinVal : 15 24 0.957747 0.0238741 0.0238741
BinVal : 15 25 0.792453 0.0557067 0.0557067
BinVal : 15 26 0.988636 0.0112989 0.0112989
BinVal : 15 27 0.794118 0.0693446 0.0693446
BinVal : 15 28 1 0.00731039 0.00731039
BinVal : 15 29 1 0.00964212 0.00964212
BinVal : 15 30 1 0.0871301 0.0871301
BinVal : 15 31 0 0 0
BinVal : 15 32 0 0 0
BinVal : 15 33 0 0 0
BinVal : 15 34 0 0 0
BinVal : 15 35 0 0 0
BinVal : 15 36 0 0 0
BinVal : 15 37 0 0 0
BinVal : 15 38 0 0 0
BinVal : 15 39 0 0 0
BinVal : 15 40 0 0 0
BinVal : 15 41 0 0 0
BinVal : 15 42 0 0 0
BinVal : 15 43 0 0 0
BinVal : 16 0 0 0 0
BinVal : 16 1 0 0 0
BinVal : 16 2 0 0 0
BinVal : 16 3 0 0 0
BinVal : 16 4 0 0 0
BinVal : 16 5 0 0 0
BinVal : 16 6 0 0 0
BinVal : 16 7 0 0 0
BinVal : 16 8 0 0 0
BinVal : 16 9 0 0 0
BinVal : 16 10 0 0 0
BinVal : 16 11 0 0 0
BinVal : 16 12 0 0 0
BinVal : 16 13 1 0.0871301 0.0871301
BinVal : 16 14 1 0.0088954 0.0088954
BinVal : 16 15 1 0.00917959 0.00917959
BinVal : 16 16 0.888889 0.0427667 0.0427667
BinVal : 16 17 0.914286 0.0334594 0.0334594
BinVal : 16 18 1 0.00875998 0.00875998
BinVal : 16 19 1 0.00770235 0.00770235
BinVal : 16 20 0.877778 0.034526 0.034526
BinVal : 16 21 0.783133 0.0452351 0.0452351
BinVal : 16 22 1 0.00510263 0.00510263
BinVal : 16 23 0.945055 0.0238876 0.0238876
BinVal : 16 24 0.924528 0.0362839 0.0362839
BinVal : 16 25 0.842857 0.0434986 0.0434986
BinVal : 16 26 0.929412 0.0277818 0.0277818
BinVal : 16 27 0.8 0.053936 0.053936
BinVal : 16 28 1 0.00825644 0.00825644
BinVal : 16 29 0.963636 0.0252411 0.0252411
BinVal : 16 30 1 0.0599198 0.0599198
BinVal : 16 31 0 0 0
BinVal : 16 32 0 0 0
BinVal : 16 33 0 0 0
BinVal : 16 34 0 0 0
BinVal : 16 35 0 0 0
BinVal : 16 36 0 0 0
BinVal : 16 37 0 0 0
BinVal : 16 38 0 0 0
BinVal : 16 39 0 0 0
BinVal : 16 40 0 0 0
BinVal : 16 41 0 0 0
BinVal : 16 42 0 0 0
BinVal : 16 43 0 0 0
BinVal : 17 0 0 0 0
BinVal : 17 1 0 0 0
BinVal : 17 2 0 0 0
BinVal : 17 3 0 0 0
BinVal : 17 4 0 0 0
BinVal : 17 5 0 0 0
BinVal : 17 6 0 0 0
BinVal : 17 7 0 0 0
BinVal : 17 8 0 0 0
BinVal : 17 9 0 0 0
BinVal : 17 10 0 0 0
BinVal : 17 11 0 0 0
BinVal : 17 12 0 0 0
BinVal : 17 13 1 0.039392 0.039392
BinVal : 17 14 1 0.00802565 0.00802565
BinVal : 17 15 0.979798 0.01414 0.01414
BinVal : 17 16 0.849315 0.0418705 0.0418705
BinVal : 17 17 0.952941 0.0229691 0.0229691
BinVal : 17 18 0.987013 0.0129024 0.0129024
BinVal : 17 19 0.965116 0.0197857 0.0197857
BinVal : 17 20 0.968504 0.015498 0.015498
BinVal : 17 21 0.790909 0.0387735 0.0387735
BinVal : 17 22 0.984127 0.0111345 0.0111345
BinVal : 17 23 0.927928 0.0245459 0.0245459
BinVal : 17 24 0.825 0.0424816 0.0424816
BinVal : 17 25 0.942308 0.0323336 0.0323336
BinVal : 17 26 0.936842 0.0249566 0.0249566
BinVal : 17 27 0.849315 0.0418705 0.0418705
BinVal : 17 28 1 0.00648546 0.00648546
BinVal : 17 29 0.987952 0.0119754 0.0119754
BinVal : 17 30 1 0.0326734 0.0326734
BinVal : 17 31 0 0 0
BinVal : 17 32 0 0 0
BinVal : 17 33 0 0 0
BinVal : 17 34 0 0 0
BinVal : 17 35 0 0 0
BinVal : 17 36 0 0 0
BinVal : 17 37 0 0 0
BinVal : 17 38 0 0 0
BinVal : 17 39 0 0 0
BinVal : 17 40 0 0 0
BinVal : 17 41 0 0 0
BinVal : 17 42 0 0 0
BinVal : 17 43 0 0 0
BinVal : 18 0 0 0 0
BinVal : 18 1 0 0 0
BinVal : 18 2 0 0 0
BinVal : 18 3 0 0 0
BinVal : 18 4 0 0 0
BinVal : 18 5 0 0 0
BinVal : 18 6 0 0 0
BinVal : 18 7 0 0 0
BinVal : 18 8 0 0 0
BinVal : 18 9 0 0 0
BinVal : 18 10 0 0 0
BinVal : 18 11 0 0 0
BinVal : 18 12 0 0 0
BinVal : 18 13 1 0.0456491 0.0456491
BinVal : 18 14 0.989691 0.010256 0.010256
BinVal : 18 15 1 0.00627279 0.00627279
BinVal : 18 16 0.967213 0.0228006 0.0228006
BinVal : 18 17 0.953125 0.0264214 0.0264214
BinVal : 18 18 0.947368 0.0256139 0.0256139
BinVal : 18 19 0.986111 0.0137921 0.0137921
BinVal : 18 20 0.9375 0.0228727 0.0228727
BinVal : 18 21 0.789474 0.0418273 0.0418273
BinVal : 18 22 0.972727 0.0155297 0.0155297
BinVal : 18 23 0.886598 0.032195 0.032195
BinVal : 18 24 0.788889 0.0430172 0.0430172
BinVal : 18 25 0.945205 0.0266361 0.0266361
BinVal : 18 26 0.90625 0.0364351 0.0364351
BinVal : 18 27 0.860465 0.0373645 0.0373645
BinVal : 18 28 1 0.0074048 0.0074048
BinVal : 18 29 0.986301 0.0136045 0.0136045
BinVal : 18 30 1 0.0542655 0.0542655
BinVal : 18 31 0 0 0
BinVal : 18 32 0 0 0
BinVal : 18 33 0 0 0
BinVal : 18 34 0 0 0
BinVal : 18 35 0 0 0
BinVal : 18 36 0 0 0
BinVal : 18 37 0 0 0
BinVal : 18 38 0 0 0
BinVal : 18 39 0 0 0
BinVal : 18 40 0 0 0
BinVal : 18 41 0 0 0
BinVal : 18 42 0 0 0
BinVal : 18 43 0 0 0
BinVal : 19 0 0 0 0
BinVal : 19 1 0 0 0
BinVal : 19 2 0 0 0
BinVal : 19 3 0 0 0
BinVal : 19 4 0 0 0
BinVal : 19 5 0 0 0
BinVal : 19 6 0 0 0
BinVal : 19 7 0 0 0
BinVal : 19 8 0 0 0
BinVal : 19 9 0 0 0
BinVal : 19 10 0 0 0
BinVal : 19 11 0 0 0
BinVal : 19 12 0 0 0
BinVal : 19 13 1 0.0422902 0.0422902
BinVal : 19 14 0.982143 0.017697 0.017697
BinVal : 19 15 1 0.0113578 0.0113578
BinVal : 19 16 0.983607 0.0162585 0.0162585
BinVal : 19 17 0.658537 0.0740577 0.0740577
BinVal : 19 18 0.828571 0.0637049 0.0637049
BinVal : 19 19 0.914634 0.0308574 0.0308574
BinVal : 19 20 0.694444 0.0767737 0.0767737
BinVal : 19 21 0.681818 0.0573324 0.0573324
BinVal : 19 22 0.866667 0.0392523 0.0392523
BinVal : 19 23 0.474576 0.0650102 0.0650102
BinVal : 19 24 0.446429 0.0664307 0.0664307
BinVal : 19 25 0.944444 0.0381769 0.0381769
BinVal : 19 26 0.8125 0.0563367 0.0563367
BinVal : 19 27 0.913793 0.0368537 0.0368537
BinVal : 19 28 1 0.00997686 0.00997686
BinVal : 19 29 0.972222 0.0273893 0.0273893
BinVal : 19 30 1 0.0756803 0.0756803
BinVal : 19 31 0 0 0
BinVal : 19 32 0 0 0
BinVal : 19 33 0 0 0
BinVal : 19 34 0 0 0
BinVal : 19 35 0 0 0
BinVal : 19 36 0 0 0
BinVal : 19 37 0 0 0
BinVal : 19 38 0 0 0
BinVal : 19 39 0 0 0
BinVal : 19 40 0 0 0
BinVal : 19 41 0 0 0
BinVal : 19 42 0 0 0
BinVal : 19 43 0 0 0
BinVal : 20 0 0 0 0
BinVal : 20 1 0 0 0
BinVal : 20 2 0 0 0
BinVal : 20 3 0 0 0
BinVal : 20 4 0 0 0
BinVal : 20 5 0 0 0
BinVal : 20 6 0 0 0
BinVal : 20 7 0 0 0
BinVal : 20 8 0 0 0
BinVal : 20 9 0 0 0
BinVal : 20 10 0 0 0
BinVal : 20 11 0 0 0
BinVal : 20 12 0 0 0
BinVal : 20 13 0.916667 0.0797856 0.0797856
BinVal : 20 14 1 0.0101533 0.0101533
BinVal : 20 15 0.985294 0.0145974 0.0145974
BinVal : 20 16 0.827586 0.0701445 0.0701445
BinVal : 20 17 0.714286 0.0985808 0.0985808
BinVal : 20 18 0.866667 0.0877707 0.0877707
BinVal : 20 19 0.924528 0.0362839 0.0362839
BinVal : 20 20 0.955556 0.0217228 0.0217228
BinVal : 20 21 0.989011 0.0109285 0.0109285
BinVal : 20 22 0.872093 0.0360147 0.0360147
BinVal : 20 23 0.280488 0.04961 0.04961
BinVal : 20 24 0.673077 0.0650509 0.0650509
BinVal : 20 25 0.928571 0.0688303 0.0688303
BinVal : 20 26 0.727273 0.0949515 0.0949515
BinVal : 20 27 0.8 0.08 0.08
BinVal : 20 28 0.980392 0.0194147 0.0194147
BinVal : 20 29 1 0.0131822 0.0131822
BinVal : 20 30 1 0.0599198 0.0599198
BinVal : 20 31 0 0 0
BinVal : 20 32 0 0 0
BinVal : 20 33 0 0 0
BinVal : 20 34 0 0 0
BinVal : 20 35 0 0 0
BinVal : 20 36 0 0 0
BinVal : 20 37 0 0 0
BinVal : 20 38 0 0 0
BinVal : 20 39 0 0 0
BinVal : 20 40 0 0 0
BinVal : 20 41 0 0 0
BinVal : 20 42 0 0 0
BinVal : 20 43 0 0 0
BinVal : 21 0 0 0 0
BinVal : 21 1 0 0 0
BinVal : 21 2 0 0 0
BinVal : 21 3 0 0 0
BinVal : 21 4 0 0 0
BinVal : 21 5 0 0 0
BinVal : 21 6 0 0 0
BinVal : 21 7 0 0 0
BinVal : 21 8 0 0 0
BinVal : 21 9 0 0 0
BinVal : 21 10 0 0 0
BinVal : 21 11 0 0 0
BinVal : 21 12 0 0 0
BinVal : 21 13 0.9375 0.0605154 0.0605154
BinVal : 21 14 1 0.00750113 0.00750113
BinVal : 21 15 0.932203 0.032729 0.032729
BinVal : 21 16 0.793103 0.0752216 0.0752216
BinVal : 21 17 0.885057 0.0341953 0.0341953
BinVal : 21 18 0.878049 0.0511047 0.0511047
BinVal : 21 19 0.956044 0.0214896 0.0214896
BinVal : 21 20 0.989899 0.0100499 0.0100499
BinVal : 21 21 0.991071 0.00888862 0.00888862
BinVal : 21 22 0.990654 0.00930202 0.00930202
BinVal : 21 23 0.533333 0.0525874 0.0525874
BinVal : 21 24 0.489362 0.0515594 0.0515594
BinVal : 21 25 0.947368 0.0362235 0.0362235
BinVal : 21 26 0.8 0.0447214 0.0447214
BinVal : 21 27 0.391304 0.101764 0.101764
BinVal : 21 28 0.945946 0.0262864 0.0262864
BinVal : 21 29 0.974684 0.0176734 0.0176734
BinVal : 21 30 1 0.039392 0.039392
BinVal : 21 31 0 0 0
BinVal : 21 32 0 0 0
BinVal : 21 33 0 0 0
BinVal : 21 34 0 0 0
BinVal : 21 35 0 0 0
BinVal : 21 36 0 0 0
BinVal : 21 37 0 0 0
BinVal : 21 38 0 0 0
BinVal : 21 39 0 0 0
BinVal : 21 40 0 0 0
BinVal : 21 41 0 0 0
BinVal : 21 42 0 0 0
BinVal : 21 43 0 0 0
BinVal : 22 0 0 0 0
BinVal : 22 1 0 0 0
BinVal : 22 2 0 0 0
BinVal : 22 3 0 0 0
BinVal : 22 4 0 0 0
BinVal : 22 5 0 0 0
BinVal : 22 6 0 0 0
BinVal : 22 7 0 0 0
BinVal : 22 8 0 0 0
BinVal : 22 9 0 0 0
BinVal : 22 10 0 0 0
BinVal : 22 11 0 0 0
BinVal : 22 12 0 0 0
BinVal : 22 13 1 0.0326734 0.0326734
BinVal : 22 14 1 0.00731039 0.00731039
BinVal : 22 15 0.926829 0.0406702 0.0406702
BinVal : 22 16 0 0 0
BinVal : 22 17 0 0 0
BinVal : 22 18 0 0 0
BinVal : 22 19 0 0 0
BinVal : 22 20 1 0.218486 0.218486
BinVal : 22 21 0 0 0
BinVal : 22 22 1 0.159077 0.159077
BinVal : 22 23 0 0 0
BinVal : 22 24 0 0 0
BinVal : 22 25 0 0 0
BinVal : 22 26 0 0 0
BinVal : 22 27 0.5 0.25 0.25
BinVal : 22 28 0.952381 0.0328603 0.0328603
BinVal : 22 29 0.984375 0.0155024 0.0155024
BinVal : 22 30 1 0.0346427 0.0346427
BinVal : 22 31 0 0 0
BinVal : 22 32 0 0 0
BinVal : 22 33 0 0 0
BinVal : 22 34 0 0 0
BinVal : 22 35 0 0 0
BinVal : 22 36 0 0 0
BinVal : 22 37 0 0 0
BinVal : 22 38 0 0 0
BinVal : 22 39 0 0 0
BinVal : 22 40 0 0 0
BinVal : 22 41 0 0 0
BinVal : 22 42 0 0 0
BinVal : 22 43 0 0 0
BinVal : 23 0 0 0 0
BinVal : 23 1 0 0 0
BinVal : 23 2 0 0 0
BinVal : 23 3 0 0 0
BinVal : 23 4 0 0 0
BinVal : 23 5 0 0 0
BinVal : 23 6 0 0 0
BinVal : 23 7 0 0 0
BinVal : 23 8 0 0 0
BinVal : 23 9 0 0 0
BinVal : 23 10 0 0 0
BinVal : 23 11 0 0 0
BinVal : 23 12 0 0 0
BinVal : 23 13 0.928571 0.0688303 0.0688303
BinVal : 23 14 0.967213 0.0228006 0.0228006
BinVal : 23 15 0.851852 0.0683673 0.0683673
BinVal : 23 16 0 0 0
BinVal : 23 17 0 0 0
BinVal : 23 18 0 0 0
BinVal : 23 19 0 0 0
BinVal : 23 20 0.0357143 0.0350707 0.0350707
BinVal : 23 21 0 0 0
BinVal : 23 22 0 0 0
BinVal : 23 23 0 0 0
BinVal : 23 24 0 0 0
BinVal : 23 25 0 0 0
BinVal : 23 26 0 0 0
BinVal : 23 27 0 0 0
BinVal : 23 28 0.939394 0.041536 0.041536
BinVal : 23 29 0.982143 0.017697 0.017697
BinVal : 23 30 1 0.0346427 0.0346427
BinVal : 23 31 0 0 0
BinVal : 23 32 0 0 0
BinVal : 23 33 0 0 0
BinVal : 23 34 0 0 0
BinVal : 23 35 0 0 0
BinVal : 23 36 0 0 0
BinVal : 23 37 0 0 0
BinVal : 23 38 0 0 0
BinVal : 23 39 0 0 0
BinVal : 23 40 0 0 0
BinVal : 23 41 0 0 0
BinVal : 23 42 0 0 0
BinVal : 23 43 0 0 0
BinVal : 24 0 0 0 0
BinVal : 24 1 0 0 0
BinVal : 24 2 0 0 0
BinVal : 24 3 0 0 0
BinVal : 24 4 0 0 0
BinVal : 24 5 0 0 0
BinVal : 24 6 0 0 0
BinVal : 24 7 0 0 0
BinVal : 24 8 0 0 0
BinVal : 24 9 0 0 0
BinVal : 24 10 0 0 0
BinVal : 24 11 0 0 0
BinVal : 24 12 0 0 0
BinVal : 24 13 1 0.0422902 0.0422902
BinVal : 24 14 1 0.0123324 0.0123324
BinVal : 24 15 0.964286 0.0350707 0.0350707
BinVal : 24 16 0 0 0
BinVal : 24 17 0 0 0
BinVal : 24 18 0 0 0
BinVal : 24 19 0 0 0
BinVal : 24 20 0.0212766 0.021049 0.021049
BinVal : 24 21 0 0 0
BinVal : 24 22 0.0147059 0.0145974 0.0145974
BinVal : 24 23 0 0 0
BinVal : 24 24 0 0 0
BinVal : 24 25 0 0 0
BinVal : 24 26 0 0 0
BinVal : 24 27 0 0 0
BinVal : 24 28 0.916667 0.0564169 0.0564169
BinVal : 24 29 0.966667 0.0231741 0.0231741
BinVal : 24 30 1 0.0668855 0.0668855
BinVal : 24 31 0 0 0
BinVal : 24 32 0 0 0
BinVal : 24 33 0 0 0
BinVal : 24 34 0 0 0
BinVal : 24 35 0 0 0
BinVal : 24 36 0 0 0
BinVal : 24 37 0 0 0
BinVal : 24 38 0 0 0
BinVal : 24 39 0 0 0
BinVal : 24 40 0 0 0
BinVal : 24 41 0 0 0
BinVal : 24 42 0 0 0
BinVal : 24 43 0 0 0
BinVal : 25 0 0 0 0
BinVal : 25 1 0 0 0
BinVal : 25 2 0 0 0
BinVal : 25 3 0 0 0
BinVal : 25 4 0 0 0
BinVal : 25 5 0 0 0
BinVal : 25 6 0 0 0
BinVal : 25 7 0 0 0
BinVal : 25 8 0 0 0
BinVal : 25 9 0 0 0
BinVal : 25 10 0 0 0
BinVal : 25 11 0 0 0
BinVal : 25 12 0 0 0
BinVal : 25 13 1 0.0266185 0.0266185
BinVal : 25 14 0.971831 0.019636 0.019636
BinVal : 25 15 0.83871 0.0660586 0.0660586
BinVal : 25 16 1 0.218486 0.218486
BinVal : 25 17 0 0 0
BinVal : 25 18 0 0 0
BinVal : 25 19 0 0 0
BinVal : 25 20 0 0 0
BinVal : 25 21 0 0 0
BinVal : 25 22 0 0 0
BinVal : 25 23 0 0 0
BinVal : 25 24 0 0 0
BinVal : 25 25 1 0.218486 0.218486
BinVal : 25 26 0 0 0
BinVal : 25 27 0 0 0
BinVal : 25 28 0.9 0.0424264 0.0424264
BinVal : 25 29 1 0.0101533 0.0101533
BinVal : 25 30 1 0.0542655 0.0542655
BinVal : 25 31 0 0 0
BinVal : 25 32 0 0 0
BinVal : 25 33 0 0 0
BinVal : 25 34 0 0 0
BinVal : 25 35 0 0 0
BinVal : 25 36 0 0 0
BinVal : 25 37 0 0 0
BinVal : 25 38 0 0 0
BinVal : 25 39 0 0 0
BinVal : 25 40 0 0 0
BinVal : 25 41 0 0 0
BinVal : 25 42 0 0 0
BinVal : 25 43 0 0 0
BinVal : 26 0 0 0 0
BinVal : 26 1 0 0 0
BinVal : 26 2 0 0 0
BinVal : 26 3 0 0 0
BinVal : 26 4 0 0 0
BinVal : 26 5 0 0 0
BinVal : 26 6 0 0 0
BinVal : 26 7 0 0 0
BinVal : 26 8 0 0 0
BinVal : 26 9 0 0 0
BinVal : 26 10 0 0 0
BinVal : 26 11 0 0 0
BinVal : 26 12 0 0 0
BinVal : 26 13 0.875 0.0826797 0.0826797
BinVal : 26 14 0.983871 0.0159984 0.0159984
BinVal : 26 15 0.96 0.0277128 0.0277128
BinVal : 26 16 0.545455 0.150131 0.150131
BinVal : 26 17 0.765625 0.0529509 0.0529509
BinVal : 26 18 0.970588 0.028976 0.028976
BinVal : 26 19 0.930233 0.0274709 0.0274709
BinVal : 26 20 0.975 0.0174553 0.0174553
BinVal : 26 21 1 0.00780725 0.00780725
BinVal : 26 22 1 0.00687265 0.00687265
BinVal : 26 23 0.589041 0.0575852 0.0575852
BinVal : 26 24 0.728571 0.0531514 0.0531514
BinVal : 26 25 0.970588 0.028976 0.028976
BinVal : 26 26 0.795455 0.0608102 0.0608102
BinVal : 26 27 0.409091 0.104824 0.104824
BinVal : 26 28 1 0.0123324 0.0123324
BinVal : 26 29 0.983333 0.0165272 0.0165272
BinVal : 26 30 1 0.0326734 0.0326734
BinVal : 26 31 0 0 0
BinVal : 26 32 0 0 0
BinVal : 26 33 0 0 0
BinVal : 26 34 0 0 0
BinVal : 26 35 0 0 0
BinVal : 26 36 0 0 0
BinVal : 26 37 0 0 0
BinVal : 26 38 0 0 0
BinVal : 26 39 0 0 0
BinVal : 26 40 0 0 0
BinVal : 26 41 0 0 0
BinVal : 26 42 0 0 0
BinVal : 26 43 0 0 0
BinVal : 27 0 0 0 0
BinVal : 27 1 0 0 0
BinVal : 27 2 0 0 0
BinVal : 27 3 0 0 0
BinVal : 27 4 0 0 0
BinVal : 27 5 0 0 0
BinVal : 27 6 0 0 0
BinVal : 27 7 0 0 0
BinVal : 27 8 0 0 0
BinVal : 27 9 0 0 0
BinVal : 27 10 0 0 0
BinVal : 27 11 0 0 0
BinVal : 27 12 0 0 0
BinVal : 27 13 1 0.039392 0.039392
BinVal : 27 14 0.969697 0.0298404 0.0298404
BinVal : 27 15 0.948276 0.0290804 0.0290804
BinVal : 27 16 0.857143 0.0763604 0.0763604
BinVal : 27 17 0.894737 0.0704059 0.0704059
BinVal : 27 18 1 0.0599198 0.0599198
BinVal : 27 19 0.914894 0.0407022 0.0407022
BinVal : 27 20 0.976471 0.0164409 0.0164409
BinVal : 27 21 0.957895 0.0206047 0.0206047
BinVal : 27 22 0.861386 0.0343828 0.0343828
BinVal : 27 23 0.253731 0.0531615 0.0531615
BinVal : 27 24 0.588235 0.0689152 0.0689152
BinVal : 27 25 1 0.0368657 0.0368657
BinVal : 27 26 0.470588 0.121058 0.121058
BinVal : 27 27 0.909091 0.0500438 0.0500438
BinVal : 27 28 1 0.0103354 0.0103354
BinVal : 27 29 1 0.0111375 0.0111375
BinVal : 27 30 1 0.0279117 0.0279117
BinVal : 27 31 0 0 0
BinVal : 27 32 0 0 0
BinVal : 27 33 0 0 0
BinVal : 27 34 0 0 0
BinVal : 27 35 0 0 0
BinVal : 27 36 0 0 0
BinVal : 27 37 0 0 0
BinVal : 27 38 0 0 0
BinVal : 27 39 0 0 0
BinVal : 27 40 0 0 0
BinVal : 27 41 0 0 0
BinVal : 27 42 0 0 0
BinVal : 27 43 0 0 0
BinVal : 28 0 0 0 0
BinVal : 28 1 0 0 0
BinVal : 28 2 0 0 0
BinVal : 28 3 0 0 0
BinVal : 28 4 0 0 0
BinVal : 28 5 0 0 0
BinVal : 28 6 0 0 0
BinVal : 28 7 0 0 0
BinVal : 28 8 0 0 0
BinVal : 28 9 0 0 0
BinVal : 28 10 0 0 0
BinVal : 28 11 0 0 0
BinVal : 28 12 0 0 0
BinVal : 28 13 1 0.0495858 0.0495858
BinVal : 28 14 0.95 0.0344601 0.0344601
BinVal : 28 15 0.981481 0.0183463 0.0183463
BinVal : 28 16 0.953125 0.0264214 0.0264214
BinVal : 28 17 0.863636 0.0517355 0.0517355
BinVal : 28 18 0.769231 0.0826286 0.0826286
BinVal : 28 19 0.824324 0.0442373 0.0442373
BinVal : 28 20 0.755556 0.0640644 0.0640644
BinVal : 28 21 0.719512 0.04961 0.04961
BinVal : 28 22 1 0.0101533 0.0101533
BinVal : 28 23 0.410714 0.0657414 0.0657414
BinVal : 28 24 0.291667 0.0535668 0.0535668
BinVal : 28 25 0.964286 0.0350707 0.0350707
BinVal : 28 26 0.74359 0.0699201 0.0699201
BinVal : 28 27 0.983333 0.0165272 0.0165272
BinVal : 28 28 0.966667 0.0231741 0.0231741
BinVal : 28 29 1 0.0111375 0.0111375
BinVal : 28 30 1 0.0871301 0.0871301
BinVal : 28 31 0 0 0
BinVal : 28 32 0 0 0
BinVal : 28 33 0 0 0
BinVal : 28 34 0 0 0
BinVal : 28 35 0 0 0
BinVal : 28 36 0 0 0
BinVal : 28 37 0 0 0
BinVal : 28 38 0 0 0
BinVal : 28 39 0 0 0
BinVal : 28 40 0 0 0
BinVal : 28 41 0 0 0
BinVal : 28 42 0 0 0
BinVal : 28 43 0 0 0
BinVal : 29 0 0 0 0
BinVal : 29 1 0 0 0
BinVal : 29 2 0 0 0
BinVal : 29 3 0 0 0
BinVal : 29 4 0 0 0
BinVal : 29 5 0 0 0
BinVal : 29 6 0 0 0
BinVal : 29 7 0 0 0
BinVal : 29 8 0 0 0
BinVal : 29 9 0 0 0
BinVal : 29 10 0 0 0
BinVal : 29 11 0 0 0
BinVal : 29 12 0 0 0
BinVal : 29 13 1 0.0668855 0.0668855
BinVal : 29 14 0.95 0.0281366 0.0281366
BinVal : 29 15 0.982456 0.0173893 0.0173893
BinVal : 29 16 0.953846 0.0260247 0.0260247
BinVal : 29 17 0.897059 0.0368511 0.0368511
BinVal : 29 18 0.818182 0.0474757 0.0474757
BinVal : 29 19 1 0.0074048 0.0074048
BinVal : 29 20 0.911392 0.0319724 0.0319724
BinVal : 29 21 0.888889 0.0315853 0.0315853
BinVal : 29 22 0.94382 0.0244084 0.0244084
BinVal : 29 23 0.873418 0.0374097 0.0374097
BinVal : 29 24 0.909091 0.0288928 0.0288928
BinVal : 29 25 0.927083 0.0265361 0.0265361
BinVal : 29 26 0.968254 0.0220886 0.0220886
BinVal : 29 27 0.922078 0.030547 0.030547
BinVal : 29 28 0.974359 0.017897 0.017897
BinVal : 29 29 1 0.00850058 0.00850058
BinVal : 29 30 1 0.0668855 0.0668855
BinVal : 29 31 0 0 0
BinVal : 29 32 0 0 0
BinVal : 29 33 0 0 0
BinVal : 29 34 0 0 0
BinVal : 29 35 0 0 0
BinVal : 29 36 0 0 0
BinVal : 29 37 0 0 0
BinVal : 29 38 0 0 0
BinVal : 29 39 0 0 0
BinVal : 29 40 0 0 0
BinVal : 29 41 0 0 0
BinVal : 29 42 0 0 0
BinVal : 29 43 0 0 0
BinVal : 30 0 0 0 0
BinVal : 30 1 0 0 0
BinVal : 30 2 0 0 0
BinVal : 30 3 0 0 0
BinVal : 30 4 0 0 0
BinVal : 30 5 0 0 0
BinVal : 30 6 0 0 0
BinVal : 30 7 0 0 0
BinVal : 30 8 0 0 0
BinVal : 30 9 0 0 0
BinVal : 30 10 0 0 0
BinVal : 30 11 0 0 0
BinVal : 30 12 0 0 0
BinVal : 30 13 1 0.0422902 0.0422902
BinVal : 30 14 1 0.00825644 0.00825644
BinVal : 30 15 1 0.0083766 0.0083766
BinVal : 30 16 0.875 0.0413399 0.0413399
BinVal : 30 17 0.984848 0.0150363 0.0150363
BinVal : 30 18 0.818182 0.052007 0.052007
BinVal : 30 19 1 0.00850058 0.00850058
BinVal : 30 20 0.941176 0.0232976 0.0232976
BinVal : 30 21 0.949153 0.0202237 0.0202237
BinVal : 30 22 0.957627 0.0185439 0.0185439
BinVal : 30 23 0.936364 0.0232744 0.0232744
BinVal : 30 24 1 0.00750113 0.00750113
BinVal : 30 25 0.921875 0.033546 0.033546
BinVal : 30 26 0.97561 0.0170349 0.0170349
BinVal : 30 27 0.861538 0.0428396 0.0428396
BinVal : 30 28 1 0.00731039 0.00731039
BinVal : 30 29 1 0.00850058 0.00850058
BinVal : 30 30 0.944444 0.0539903 0.0539903
BinVal : 30 31 0 0 0
BinVal : 30 32 0 0 0
BinVal : 30 33 0 0 0
BinVal : 30 34 0 0 0
BinVal : 30 35 0 0 0
BinVal : 30 36 0 0 0
BinVal : 30 37 0 0 0
BinVal : 30 38 0 0 0
BinVal : 30 39 0 0 0
BinVal : 30 40 0 0 0
BinVal : 30 41 0 0 0
BinVal : 30 42 0 0 0
BinVal : 30 43 0 0 0
BinVal : 31 0 0 0 0
BinVal : 31 1 0 0 0
BinVal : 31 2 0 0 0
BinVal : 31 3 0 0 0
BinVal : 31 4 0 0 0
BinVal : 31 5 0 0 0
BinVal : 31 6 0 0 0
BinVal : 31 7 0 0 0
BinVal : 31 8 0 0 0
BinVal : 31 9 0 0 0
BinVal : 31 10 0 0 0
BinVal : 31 11 0 0 0
BinVal : 31 12 0 0 0
BinVal : 31 13 1 0.0346427 0.0346427
BinVal : 31 14 1 0.0118251 0.0118251
BinVal : 31 15 0.974359 0.017897 0.017897
BinVal : 31 16 0.90566 0.0401506 0.0401506
BinVal : 31 17 0.925373 0.0321047 0.0321047
BinVal : 31 18 0.859649 0.0460077 0.0460077
BinVal : 31 19 0.973333 0.0186031 0.0186031
BinVal : 31 20 0.910112 0.0303181 0.0303181
BinVal : 31 21 0.925926 0.029099 0.029099
BinVal : 31 22 0.954128 0.0200383 0.0200383
BinVal : 31 23 0.824742 0.0386022 0.0386022
BinVal : 31 24 0.926471 0.0316513 0.0316513
BinVal : 31 25 0.875 0.0413399 0.0413399
BinVal : 31 26 0.948052 0.0252904 0.0252904
BinVal : 31 27 0.928571 0.0397392 0.0397392
BinVal : 31 28 1 0.00663519 0.00663519
BinVal : 31 29 0.969231 0.0214198 0.0214198
BinVal : 31 30 1 0.039392 0.039392
BinVal : 31 31 0 0 0
BinVal : 31 32 0 0 0
BinVal : 31 33 0 0 0
BinVal : 31 34 0 0 0
BinVal : 31 35 0 0 0
BinVal : 31 36 0 0 0
BinVal : 31 37 0 0 0
BinVal : 31 38 0 0 0
BinVal : 31 39 0 0 0
BinVal : 31 40 0 0 0
BinVal : 31 41 0 0 0
BinVal : 31 42 0 0 0
BinVal : 31 43 0 0 0


