Comments : cosmic veto applied 
EffMethod : TagAndProbe 
EffName : eff 
EffType : Binned 
EffVarNames : phi deteta 
EffVersion : 5 
ObjQuality : l3l15 
ObjRelativeTo : loose_l1wtlx 
ObjType : Muon 
ObjVersion : 1 
RunRangeHigh : 216000 
RunRangeLow : 194600 
TriggerVersionHigh : 14.99 
TriggerVersionLow : 13 
BinEdgesX : 0 0.19635 0.3927 0.58905 0.7854 0.98175 1.1781 1.37445 1.5708 1.76715 1.9635 2.15985 2.3562 2.55255 2.7489 2.94525 3.1416 3.33795 3.5343 3.73065 3.927 4.12335 4.3197 4.51605 4.7124 4.90875 5.1051 5.30145 5.4978 5.69415 5.8905 6.08685 6.2832 
BinEdgesY : -4.2 -4.00909 -3.81818 -3.62727 -3.43636 -3.24545 -3.05455 -2.86364 -2.67273 -2.48182 -2.29091 -2.1 -1.90909 -1.71818 -1.52727 -1.33636 -1.14545 -0.954545 -0.763636 -0.572727 -0.381818 -0.190909 0 0.190909 0.381818 0.572727 0.763636 0.954545 1.14545 1.33636 1.52727 1.71818 1.90909 2.1 2.29091 2.48182 2.67273 2.86364 3.05455 3.24545 3.43636 3.62727 3.81818 4.00909 4.2 
BinVal : 0 0 0 0 0
BinVal : 0 1 0 0 0
BinVal : 0 2 0 0 0
BinVal : 0 3 0 0 0
BinVal : 0 4 0 0 0
BinVal : 0 5 0 0 0
BinVal : 0 6 0 0 0
BinVal : 0 7 0 0 0
BinVal : 0 8 0 0 0
BinVal : 0 9 0 0 0
BinVal : 0 10 0 0 0
BinVal : 0 11 0 0 0
BinVal : 0 12 0 0 0
BinVal : 0 13 0.95 0.048734 0.048734
BinVal : 0 14 0.903226 0.0375476 0.0375476
BinVal : 0 15 0.880597 0.0396149 0.0396149
BinVal : 0 16 0.685714 0.0554862 0.0554862
BinVal : 0 17 0.5375 0.0557443 0.0557443
BinVal : 0 18 0.784615 0.0509893 0.0509893
BinVal : 0 19 0.850746 0.0435337 0.0435337
BinVal : 0 20 0.717172 0.0452643 0.0452643
BinVal : 0 21 0.817308 0.037891 0.037891
BinVal : 0 22 0.783505 0.0418176 0.0418176
BinVal : 0 23 0.513274 0.0470195 0.0470195
BinVal : 0 24 0.759494 0.0480852 0.0480852
BinVal : 0 25 0.765625 0.0529509 0.0529509
BinVal : 0 26 0.621053 0.0497728 0.0497728
BinVal : 0 27 0.596154 0.0680433 0.0680433
BinVal : 0 28 0.951807 0.0235086 0.0235086
BinVal : 0 29 0.924528 0.0362839 0.0362839
BinVal : 0 30 0.833333 0.107583 0.107583
BinVal : 0 31 0 0 0
BinVal : 0 32 0 0 0
BinVal : 0 33 0 0 0
BinVal : 0 34 0 0 0
BinVal : 0 35 0 0 0
BinVal : 0 36 0 0 0
BinVal : 0 37 0 0 0
BinVal : 0 38 0 0 0
BinVal : 0 39 0 0 0
BinVal : 0 40 0 0 0
BinVal : 0 41 0 0 0
BinVal : 0 42 0 0 0
BinVal : 0 43 0 0 0
BinVal : 1 0 0 0 0
BinVal : 1 1 0 0 0
BinVal : 1 2 0 0 0
BinVal : 1 3 0 0 0
BinVal : 1 4 0 0 0
BinVal : 1 5 0 0 0
BinVal : 1 6 0 0 0
BinVal : 1 7 0 0 0
BinVal : 1 8 0 0 0
BinVal : 1 9 0 0 0
BinVal : 1 10 0 0 0
BinVal : 1 11 0 0 0
BinVal : 1 12 0 0 0
BinVal : 1 13 0.833333 0.107583 0.107583
BinVal : 1 14 0.86 0.0346987 0.0346987
BinVal : 1 15 0.928571 0.0280998 0.0280998
BinVal : 1 16 0.735632 0.0472797 0.0472797
BinVal : 1 17 0.61 0.048775 0.048775
BinVal : 1 18 0.613636 0.0519054 0.0519054
BinVal : 1 19 0.888889 0.0331269 0.0331269
BinVal : 1 20 0.75 0.0376889 0.0376889
BinVal : 1 21 0.849315 0.0296069 0.0296069
BinVal : 1 22 0.852113 0.02979 0.02979
BinVal : 1 23 0.36 0.048 0.048
BinVal : 1 24 0.865385 0.0334684 0.0334684
BinVal : 1 25 0.741176 0.0475065 0.0475065
BinVal : 1 26 0.552941 0.0539278 0.0539278
BinVal : 1 27 0.710526 0.0520221 0.0520221
BinVal : 1 28 0.901099 0.0312944 0.0312944
BinVal : 1 29 0.861538 0.0428396 0.0428396
BinVal : 1 30 0.8125 0.0975781 0.0975781
BinVal : 1 31 0 0 0
BinVal : 1 32 0 0 0
BinVal : 1 33 0 0 0
BinVal : 1 34 0 0 0
BinVal : 1 35 0 0 0
BinVal : 1 36 0 0 0
BinVal : 1 37 0 0 0
BinVal : 1 38 0 0 0
BinVal : 1 39 0 0 0
BinVal : 1 40 0 0 0
BinVal : 1 41 0 0 0
BinVal : 1 42 0 0 0
BinVal : 1 43 0 0 0
BinVal : 2 0 0 0 0
BinVal : 2 1 0 0 0
BinVal : 2 2 0 0 0
BinVal : 2 3 0 0 0
BinVal : 2 4 0 0 0
BinVal : 2 5 0 0 0
BinVal : 2 6 0 0 0
BinVal : 2 7 0 0 0
BinVal : 2 8 0 0 0
BinVal : 2 9 0 0 0
BinVal : 2 10 0 0 0
BinVal : 2 11 0 0 0
BinVal : 2 12 0 0 0
BinVal : 2 13 0.714286 0.170747 0.170747
BinVal : 2 14 0.941176 0.0255212 0.0255212
BinVal : 2 15 0.903226 0.0306575 0.0306575
BinVal : 2 16 0.825 0.0424816 0.0424816
BinVal : 2 17 0.615385 0.0509995 0.0509995
BinVal : 2 18 0.714286 0.0492904 0.0492904
BinVal : 2 19 0.804878 0.0437634 0.0437634
BinVal : 2 20 0.796296 0.0387548 0.0387548
BinVal : 2 21 0.816 0.0346576 0.0346576
BinVal : 2 22 0.851852 0.0341836 0.0341836
BinVal : 2 23 0.422222 0.0520631 0.0520631
BinVal : 2 24 0.873786 0.0327218 0.0327218
BinVal : 2 25 0.752577 0.0438137 0.0438137
BinVal : 2 26 0.60274 0.0572718 0.0572718
BinVal : 2 27 0.819277 0.042236 0.042236
BinVal : 2 28 0.867347 0.0342643 0.0342643
BinVal : 2 29 0.831169 0.0426899 0.0426899
BinVal : 2 30 1 0.0346427 0.0346427
BinVal : 2 31 0 0 0
BinVal : 2 32 0 0 0
BinVal : 2 33 0 0 0
BinVal : 2 34 0 0 0
BinVal : 2 35 0 0 0
BinVal : 2 36 0 0 0
BinVal : 2 37 0 0 0
BinVal : 2 38 0 0 0
BinVal : 2 39 0 0 0
BinVal : 2 40 0 0 0
BinVal : 2 41 0 0 0
BinVal : 2 42 0 0 0
BinVal : 2 43 0 0 0
BinVal : 3 0 0 0 0
BinVal : 3 1 0 0 0
BinVal : 3 2 0 0 0
BinVal : 3 3 0 0 0
BinVal : 3 4 0 0 0
BinVal : 3 5 0 0 0
BinVal : 3 6 0 0 0
BinVal : 3 7 0 0 0
BinVal : 3 8 0 0 0
BinVal : 3 9 0 0 0
BinVal : 3 10 0 0 0
BinVal : 3 11 0 0 0
BinVal : 3 12 0 0 0
BinVal : 3 13 0.666667 0.19245 0.19245
BinVal : 3 14 0.911111 0.0424232 0.0424232
BinVal : 3 15 0.916667 0.0356812 0.0356812
BinVal : 3 16 0.901408 0.0353795 0.0353795
BinVal : 3 17 0.758621 0.0561886 0.0561886
BinVal : 3 18 0.541667 0.0587206 0.0587206
BinVal : 3 19 0.815385 0.0481236 0.0481236
BinVal : 3 20 0.873016 0.0419484 0.0419484
BinVal : 3 21 0.811111 0.0412593 0.0412593
BinVal : 3 22 0.888889 0.037037 0.037037
BinVal : 3 23 0.590164 0.062969 0.062969
BinVal : 3 24 0.820895 0.0468446 0.0468446
BinVal : 3 25 0.621212 0.0597099 0.0597099
BinVal : 3 26 0.7 0.0648074 0.0648074
BinVal : 3 27 0.918033 0.0351224 0.0351224
BinVal : 3 28 0.888889 0.0395943 0.0395943
BinVal : 3 29 0.8 0.0676123 0.0676123
BinVal : 3 30 1 0.102643 0.102643
BinVal : 3 31 0 0 0
BinVal : 3 32 0 0 0
BinVal : 3 33 0 0 0
BinVal : 3 34 0 0 0
BinVal : 3 35 0 0 0
BinVal : 3 36 0 0 0
BinVal : 3 37 0 0 0
BinVal : 3 38 0 0 0
BinVal : 3 39 0 0 0
BinVal : 3 40 0 0 0
BinVal : 3 41 0 0 0
BinVal : 3 42 0 0 0
BinVal : 3 43 0 0 0
BinVal : 4 0 0 0 0
BinVal : 4 1 0 0 0
BinVal : 4 2 0 0 0
BinVal : 4 3 0 0 0
BinVal : 4 4 0 0 0
BinVal : 4 5 0 0 0
BinVal : 4 6 0 0 0
BinVal : 4 7 0 0 0
BinVal : 4 8 0 0 0
BinVal : 4 9 0 0 0
BinVal : 4 10 0 0 0
BinVal : 4 11 0 0 0
BinVal : 4 12 0 0 0
BinVal : 4 13 1 0.0599198 0.0599198
BinVal : 4 14 0.884615 0.0626563 0.0626563
BinVal : 4 15 0.891304 0.0458923 0.0458923
BinVal : 4 16 0.906977 0.0442955 0.0442955
BinVal : 4 17 0.605263 0.0792929 0.0792929
BinVal : 4 18 0.740741 0.048692 0.048692
BinVal : 4 19 0.848485 0.0441345 0.0441345
BinVal : 4 20 0.770833 0.0606646 0.0606646
BinVal : 4 21 0.884058 0.0385422 0.0385422
BinVal : 4 22 0.876712 0.0384793 0.0384793
BinVal : 4 23 0.872727 0.0449392 0.0449392
BinVal : 4 24 0.854167 0.0509424 0.0509424
BinVal : 4 25 0.685185 0.0632026 0.0632026
BinVal : 4 26 0.592593 0.0945607 0.0945607
BinVal : 4 27 0.846154 0.0500341 0.0500341
BinVal : 4 28 0.756757 0.0705339 0.0705339
BinVal : 4 29 0.818182 0.0671408 0.0671408
BinVal : 4 30 0.666667 0.157135 0.157135
BinVal : 4 31 0 0 0
BinVal : 4 32 0 0 0
BinVal : 4 33 0 0 0
BinVal : 4 34 0 0 0
BinVal : 4 35 0 0 0
BinVal : 4 36 0 0 0
BinVal : 4 37 0 0 0
BinVal : 4 38 0 0 0
BinVal : 4 39 0 0 0
BinVal : 4 40 0 0 0
BinVal : 4 41 0 0 0
BinVal : 4 42 0 0 0
BinVal : 4 43 0 0 0
BinVal : 5 0 0 0 0
BinVal : 5 1 0 0 0
BinVal : 5 2 0 0 0
BinVal : 5 3 0 0 0
BinVal : 5 4 0 0 0
BinVal : 5 5 0 0 0
BinVal : 5 6 0 0 0
BinVal : 5 7 0 0 0
BinVal : 5 8 0 0 0
BinVal : 5 9 0 0 0
BinVal : 5 10 0 0 0
BinVal : 5 11 0 0 0
BinVal : 5 12 0 0 0
BinVal : 5 13 1 0.0668855 0.0668855
BinVal : 5 14 0.744186 0.0665378 0.0665378
BinVal : 5 15 0.94 0.0335857 0.0335857
BinVal : 5 16 0.811321 0.0537428 0.0537428
BinVal : 5 17 0.731707 0.069196 0.069196
BinVal : 5 18 0.811321 0.0537428 0.0537428
BinVal : 5 19 0.901961 0.0416398 0.0416398
BinVal : 5 20 0.783333 0.0531856 0.0531856
BinVal : 5 21 0.860759 0.0389502 0.0389502
BinVal : 5 22 0.879518 0.0357309 0.0357309
BinVal : 5 23 0.790323 0.051699 0.051699
BinVal : 5 24 0.847826 0.0529596 0.0529596
BinVal : 5 25 0.655172 0.0624115 0.0624115
BinVal : 5 26 0.651163 0.0726812 0.0726812
BinVal : 5 27 0.80303 0.0489546 0.0489546
BinVal : 5 28 0.714286 0.0697071 0.0697071
BinVal : 5 29 0.78 0.0585833 0.0585833
BinVal : 5 30 0.8 0.178885 0.178885
BinVal : 5 31 0 0 0
BinVal : 5 32 0 0 0
BinVal : 5 33 0 0 0
BinVal : 5 34 0 0 0
BinVal : 5 35 0 0 0
BinVal : 5 36 0 0 0
BinVal : 5 37 0 0 0
BinVal : 5 38 0 0 0
BinVal : 5 39 0 0 0
BinVal : 5 40 0 0 0
BinVal : 5 41 0 0 0
BinVal : 5 42 0 0 0
BinVal : 5 43 0 0 0
BinVal : 6 0 0 0 0
BinVal : 6 1 0 0 0
BinVal : 6 2 0 0 0
BinVal : 6 3 0 0 0
BinVal : 6 4 0 0 0
BinVal : 6 5 0 0 0
BinVal : 6 6 0 0 0
BinVal : 6 7 0 0 0
BinVal : 6 8 0 0 0
BinVal : 6 9 0 0 0
BinVal : 6 10 0 0 0
BinVal : 6 11 0 0 0
BinVal : 6 12 0 0 0
BinVal : 6 13 0.714286 0.170747 0.170747
BinVal : 6 14 0.8 0.08 0.08
BinVal : 6 15 0.928571 0.0486704 0.0486704
BinVal : 6 16 0.769231 0.0826286 0.0826286
BinVal : 6 17 0.425532 0.0721191 0.0721191
BinVal : 6 18 0.875 0.0584634 0.0584634
BinVal : 6 19 0.909091 0.0612909 0.0612909
BinVal : 6 20 0.8125 0.0563367 0.0563367
BinVal : 6 21 0.914894 0.0407022 0.0407022
BinVal : 6 22 0.87931 0.0427752 0.0427752
BinVal : 6 23 0.863636 0.0517355 0.0517355
BinVal : 6 24 0.833333 0.062113 0.062113
BinVal : 6 25 0.777778 0.06929 0.06929
BinVal : 6 26 0.723404 0.0652476 0.0652476
BinVal : 6 27 0.548387 0.0893812 0.0893812
BinVal : 6 28 0.857143 0.0539949 0.0539949
BinVal : 6 29 0.769231 0.0826286 0.0826286
BinVal : 6 30 0.6 0.219089 0.219089
BinVal : 6 31 0 0 0
BinVal : 6 32 0 0 0
BinVal : 6 33 0 0 0
BinVal : 6 34 0 0 0
BinVal : 6 35 0 0 0
BinVal : 6 36 0 0 0
BinVal : 6 37 0 0 0
BinVal : 6 38 0 0 0
BinVal : 6 39 0 0 0
BinVal : 6 40 0 0 0
BinVal : 6 41 0 0 0
BinVal : 6 42 0 0 0
BinVal : 6 43 0 0 0
BinVal : 7 0 0 0 0
BinVal : 7 1 0 0 0
BinVal : 7 2 0 0 0
BinVal : 7 3 0 0 0
BinVal : 7 4 0 0 0
BinVal : 7 5 0 0 0
BinVal : 7 6 0 0 0
BinVal : 7 7 0 0 0
BinVal : 7 8 0 0 0
BinVal : 7 9 0 0 0
BinVal : 7 10 0 0 0
BinVal : 7 11 0 0 0
BinVal : 7 12 0 0 0
BinVal : 7 13 1 0.0871301 0.0871301
BinVal : 7 14 0.875 0.0826797 0.0826797
BinVal : 7 15 0.921053 0.0437441 0.0437441
BinVal : 7 16 0.52381 0.108985 0.108985
BinVal : 7 17 0.638889 0.0800538 0.0800538
BinVal : 7 18 0.714286 0.0853735 0.0853735
BinVal : 7 19 0.774194 0.0750952 0.0750952
BinVal : 7 20 0.724138 0.0829961 0.0829961
BinVal : 7 21 0.945946 0.0371746 0.0371746
BinVal : 7 22 0.837838 0.0605974 0.0605974
BinVal : 7 23 0.75 0.0883883 0.0883883
BinVal : 7 24 0.833333 0.0760726 0.0760726
BinVal : 7 25 0.833333 0.0760726 0.0760726
BinVal : 7 26 0.666667 0.0860663 0.0860663
BinVal : 7 27 0.909091 0.0866784 0.0866784
BinVal : 7 28 0.736842 0.101023 0.101023
BinVal : 7 29 0.8125 0.0975781 0.0975781
BinVal : 7 30 0.75 0.216506 0.216506
BinVal : 7 31 0 0 0
BinVal : 7 32 0 0 0
BinVal : 7 33 0 0 0
BinVal : 7 34 0 0 0
BinVal : 7 35 0 0 0
BinVal : 7 36 0 0 0
BinVal : 7 37 0 0 0
BinVal : 7 38 0 0 0
BinVal : 7 39 0 0 0
BinVal : 7 40 0 0 0
BinVal : 7 41 0 0 0
BinVal : 7 42 0 0 0
BinVal : 7 43 0 0 0
BinVal : 8 0 0 0 0
BinVal : 8 1 0 0 0
BinVal : 8 2 0 0 0
BinVal : 8 3 0 0 0
BinVal : 8 4 0 0 0
BinVal : 8 5 0 0 0
BinVal : 8 6 0 0 0
BinVal : 8 7 0 0 0
BinVal : 8 8 0 0 0
BinVal : 8 9 0 0 0
BinVal : 8 10 0 0 0
BinVal : 8 11 0 0 0
BinVal : 8 12 0 0 0
BinVal : 8 13 0.8 0.178885 0.178885
BinVal : 8 14 0.809524 0.0856891 0.0856891
BinVal : 8 15 0.730769 0.0869893 0.0869893
BinVal : 8 16 0.529412 0.121058 0.121058
BinVal : 8 17 0.566667 0.090472 0.090472
BinVal : 8 18 0.75 0.0968246 0.0968246
BinVal : 8 19 0.809524 0.0856891 0.0856891
BinVal : 8 20 0.758621 0.0794627 0.0794627
BinVal : 8 21 0.971429 0.0281603 0.0281603
BinVal : 8 22 0.677419 0.083959 0.083959
BinVal : 8 23 0.516129 0.0897559 0.0897559
BinVal : 8 24 0.952381 0.0464714 0.0464714
BinVal : 8 25 0.611111 0.114904 0.114904
BinVal : 8 26 0.548387 0.0893812 0.0893812
BinVal : 8 27 0.714286 0.170747 0.170747
BinVal : 8 28 0.884615 0.0626563 0.0626563
BinVal : 8 29 0.933333 0.0644061 0.0644061
BinVal : 8 30 1 0.159077 0.159077
BinVal : 8 31 0 0 0
BinVal : 8 32 0 0 0
BinVal : 8 33 0 0 0
BinVal : 8 34 0 0 0
BinVal : 8 35 0 0 0
BinVal : 8 36 0 0 0
BinVal : 8 37 0 0 0
BinVal : 8 38 0 0 0
BinVal : 8 39 0 0 0
BinVal : 8 40 0 0 0
BinVal : 8 41 0 0 0
BinVal : 8 42 0 0 0
BinVal : 8 43 0 0 0
BinVal : 9 0 0 0 0
BinVal : 9 1 0 0 0
BinVal : 9 2 0 0 0
BinVal : 9 3 0 0 0
BinVal : 9 4 0 0 0
BinVal : 9 5 0 0 0
BinVal : 9 6 0 0 0
BinVal : 9 7 0 0 0
BinVal : 9 8 0 0 0
BinVal : 9 9 0 0 0
BinVal : 9 10 0 0 0
BinVal : 9 11 0 0 0
BinVal : 9 12 0 0 0
BinVal : 9 13 0.875 0.116927 0.116927
BinVal : 9 14 0.846154 0.0707589 0.0707589
BinVal : 9 15 0.741935 0.0785898 0.0785898
BinVal : 9 16 0.666667 0.111111 0.111111
BinVal : 9 17 0.395349 0.0745604 0.0745604
BinVal : 9 18 0.709677 0.0815249 0.0815249
BinVal : 9 19 0.821429 0.0723789 0.0723789
BinVal : 9 20 0.823529 0.0653787 0.0653787
BinVal : 9 21 0.804878 0.0618908 0.0618908
BinVal : 9 22 0.714286 0.0763604 0.0763604
BinVal : 9 23 0.5625 0.0876951 0.0876951
BinVal : 9 24 0.857143 0.0591485 0.0591485
BinVal : 9 25 0.78125 0.0730792 0.0730792
BinVal : 9 26 0.742857 0.0738764 0.0738764
BinVal : 9 27 0.72 0.0897998 0.0897998
BinVal : 9 28 0.852941 0.0607387 0.0607387
BinVal : 9 29 0.958333 0.0407894 0.0407894
BinVal : 9 30 0.636364 0.145041 0.145041
BinVal : 9 31 0 0 0
BinVal : 9 32 0 0 0
BinVal : 9 33 0 0 0
BinVal : 9 34 0 0 0
BinVal : 9 35 0 0 0
BinVal : 9 36 0 0 0
BinVal : 9 37 0 0 0
BinVal : 9 38 0 0 0
BinVal : 9 39 0 0 0
BinVal : 9 40 0 0 0
BinVal : 9 41 0 0 0
BinVal : 9 42 0 0 0
BinVal : 9 43 0 0 0
BinVal : 10 0 0 0 0
BinVal : 10 1 0 0 0
BinVal : 10 2 0 0 0
BinVal : 10 3 0 0 0
BinVal : 10 4 0 0 0
BinVal : 10 5 0 0 0
BinVal : 10 6 0 0 0
BinVal : 10 7 0 0 0
BinVal : 10 8 0 0 0
BinVal : 10 9 0 0 0
BinVal : 10 10 0 0 0
BinVal : 10 11 0 0 0
BinVal : 10 12 0 0 0
BinVal : 10 13 0.666667 0.19245 0.19245
BinVal : 10 14 0.894737 0.0406489 0.0406489
BinVal : 10 15 0.862745 0.0481859 0.0481859
BinVal : 10 16 0.854167 0.0509424 0.0509424
BinVal : 10 17 0.714286 0.0697071 0.0697071
BinVal : 10 18 0.830189 0.0515744 0.0515744
BinVal : 10 19 0.933333 0.0322031 0.0322031
BinVal : 10 20 0.803922 0.0555951 0.0555951
BinVal : 10 21 0.818182 0.0581456 0.0581456
BinVal : 10 22 0.833333 0.0507151 0.0507151
BinVal : 10 23 0.571429 0.0836486 0.0836486
BinVal : 10 24 0.867925 0.0465066 0.0465066
BinVal : 10 25 0.691176 0.0560267 0.0560267
BinVal : 10 26 0.447368 0.0806601 0.0806601
BinVal : 10 27 0.867925 0.0465066 0.0465066
BinVal : 10 28 0.878049 0.0511047 0.0511047
BinVal : 10 29 0.972973 0.0266593 0.0266593
BinVal : 10 30 1 0.0495858 0.0495858
BinVal : 10 31 0 0 0
BinVal : 10 32 0 0 0
BinVal : 10 33 0 0 0
BinVal : 10 34 0 0 0
BinVal : 10 35 0 0 0
BinVal : 10 36 0 0 0
BinVal : 10 37 0 0 0
BinVal : 10 38 0 0 0
BinVal : 10 39 0 0 0
BinVal : 10 40 0 0 0
BinVal : 10 41 0 0 0
BinVal : 10 42 0 0 0
BinVal : 10 43 0 0 0
BinVal : 11 0 0 0 0
BinVal : 11 1 0 0 0
BinVal : 11 2 0 0 0
BinVal : 11 3 0 0 0
BinVal : 11 4 0 0 0
BinVal : 11 5 0 0 0
BinVal : 11 6 0 0 0
BinVal : 11 7 0 0 0
BinVal : 11 8 0 0 0
BinVal : 11 9 0 0 0
BinVal : 11 10 0 0 0
BinVal : 11 11 0 0 0
BinVal : 11 12 0 0 0
BinVal : 11 13 1 0.0668855 0.0668855
BinVal : 11 14 0.8 0.0632455 0.0632455
BinVal : 11 15 0.9 0.0474342 0.0474342
BinVal : 11 16 0.886364 0.0478452 0.0478452
BinVal : 11 17 0.69697 0.0800006 0.0800006
BinVal : 11 18 0.809524 0.0494726 0.0494726
BinVal : 11 19 0.829787 0.0548189 0.0548189
BinVal : 11 20 0.888889 0.0468486 0.0468486
BinVal : 11 21 0.83871 0.0467105 0.0467105
BinVal : 11 22 0.857143 0.0418243 0.0418243
BinVal : 11 23 0.78 0.0585833 0.0585833
BinVal : 11 24 0.74 0.0620322 0.0620322
BinVal : 11 25 0.7 0.0591608 0.0591608
BinVal : 11 26 0.702703 0.0751416 0.0751416
BinVal : 11 27 0.893617 0.0449741 0.0449741
BinVal : 11 28 0.904762 0.0452948 0.0452948
BinVal : 11 29 0.857143 0.0539949 0.0539949
BinVal : 11 30 1 0.0456491 0.0456491
BinVal : 11 31 0 0 0
BinVal : 11 32 0 0 0
BinVal : 11 33 0 0 0
BinVal : 11 34 0 0 0
BinVal : 11 35 0 0 0
BinVal : 11 36 0 0 0
BinVal : 11 37 0 0 0
BinVal : 11 38 0 0 0
BinVal : 11 39 0 0 0
BinVal : 11 40 0 0 0
BinVal : 11 41 0 0 0
BinVal : 11 42 0 0 0
BinVal : 11 43 0 0 0
BinVal : 12 0 0 0 0
BinVal : 12 1 0 0 0
BinVal : 12 2 0 0 0
BinVal : 12 3 0 0 0
BinVal : 12 4 0 0 0
BinVal : 12 5 0 0 0
BinVal : 12 6 0 0 0
BinVal : 12 7 0 0 0
BinVal : 12 8 0 0 0
BinVal : 12 9 0 0 0
BinVal : 12 10 0 0 0
BinVal : 12 11 0 0 0
BinVal : 12 12 0 0 0
BinVal : 12 13 0.5 0.25 0.25
BinVal : 12 14 0.925926 0.050401 0.050401
BinVal : 12 15 0.931035 0.0332725 0.0332725
BinVal : 12 16 0.910714 0.0381055 0.0381055
BinVal : 12 17 0.787234 0.0596972 0.0596972
BinVal : 12 18 0.574074 0.0672906 0.0672906
BinVal : 12 19 0.744186 0.0665378 0.0665378
BinVal : 12 20 0.76 0.0603987 0.0603987
BinVal : 12 21 0.693878 0.0658402 0.0658402
BinVal : 12 22 0.72549 0.0624899 0.0624899
BinVal : 12 23 0.738095 0.0678427 0.0678427
BinVal : 12 24 0.804878 0.0618908 0.0618908
BinVal : 12 25 0.714286 0.0569156 0.0569156
BinVal : 12 26 0.818182 0.0671408 0.0671408
BinVal : 12 27 0.892857 0.0413313 0.0413313
BinVal : 12 28 0.921569 0.0376464 0.0376464
BinVal : 12 29 0.934783 0.0364048 0.0364048
BinVal : 12 30 0.714286 0.170747 0.170747
BinVal : 12 31 0 0 0
BinVal : 12 32 0 0 0
BinVal : 12 33 0 0 0
BinVal : 12 34 0 0 0
BinVal : 12 35 0 0 0
BinVal : 12 36 0 0 0
BinVal : 12 37 0 0 0
BinVal : 12 38 0 0 0
BinVal : 12 39 0 0 0
BinVal : 12 40 0 0 0
BinVal : 12 41 0 0 0
BinVal : 12 42 0 0 0
BinVal : 12 43 0 0 0
BinVal : 13 0 0 0 0
BinVal : 13 1 0 0 0
BinVal : 13 2 0 0 0
BinVal : 13 3 0 0 0
BinVal : 13 4 0 0 0
BinVal : 13 5 0 0 0
BinVal : 13 6 0 0 0
BinVal : 13 7 0 0 0
BinVal : 13 8 0 0 0
BinVal : 13 9 0 0 0
BinVal : 13 10 0 0 0
BinVal : 13 11 0 0 0
BinVal : 13 12 0 0 0
BinVal : 13 13 0.769231 0.116855 0.116855
BinVal : 13 14 0.868852 0.0432203 0.0432203
BinVal : 13 15 0.947368 0.0295764 0.0295764
BinVal : 13 16 0.819444 0.0453314 0.0453314
BinVal : 13 17 0.5 0.0680414 0.0680414
BinVal : 13 18 0.619048 0.0611825 0.0611825
BinVal : 13 19 0.868421 0.038775 0.038775
BinVal : 13 20 0.712644 0.0485162 0.0485162
BinVal : 13 21 0.71875 0.0562012 0.0562012
BinVal : 13 22 0.773333 0.0483444 0.0483444
BinVal : 13 23 0.666667 0.0544331 0.0544331
BinVal : 13 24 0.80597 0.0483121 0.0483121
BinVal : 13 25 0.662162 0.054982 0.054982
BinVal : 13 26 0.542857 0.0595415 0.0595415
BinVal : 13 27 0.803571 0.053091 0.053091
BinVal : 13 28 0.894737 0.035203 0.035203
BinVal : 13 29 0.888889 0.0468486 0.0468486
BinVal : 13 30 1 0.0871301 0.0871301
BinVal : 13 31 0 0 0
BinVal : 13 32 0 0 0
BinVal : 13 33 0 0 0
BinVal : 13 34 0 0 0
BinVal : 13 35 0 0 0
BinVal : 13 36 0 0 0
BinVal : 13 37 0 0 0
BinVal : 13 38 0 0 0
BinVal : 13 39 0 0 0
BinVal : 13 40 0 0 0
BinVal : 13 41 0 0 0
BinVal : 13 42 0 0 0
BinVal : 13 43 0 0 0
BinVal : 14 0 0 0 0
BinVal : 14 1 0 0 0
BinVal : 14 2 0 0 0
BinVal : 14 3 0 0 0
BinVal : 14 4 0 0 0
BinVal : 14 5 0 0 0
BinVal : 14 6 0 0 0
BinVal : 14 7 0 0 0
BinVal : 14 8 0 0 0
BinVal : 14 9 0 0 0
BinVal : 14 10 0 0 0
BinVal : 14 11 0 0 0
BinVal : 14 12 0 0 0
BinVal : 14 13 0.882353 0.0781425 0.0781425
BinVal : 14 14 0.901639 0.0381296 0.0381296
BinVal : 14 15 0.876543 0.0365512 0.0365512
BinVal : 14 16 0.621212 0.0597099 0.0597099
BinVal : 14 17 0.531646 0.0561416 0.0561416
BinVal : 14 18 0.698795 0.0503578 0.0503578
BinVal : 14 19 0.895522 0.0373691 0.0373691
BinVal : 14 20 0.833333 0.0369006 0.0369006
BinVal : 14 21 0.768293 0.0465936 0.0465936
BinVal : 14 22 0.7875 0.0457362 0.0457362
BinVal : 14 23 0.702128 0.0471693 0.0471693
BinVal : 14 24 0.828125 0.047159 0.047159
BinVal : 14 25 0.679012 0.0518729 0.0518729
BinVal : 14 26 0.513158 0.0573341 0.0573341
BinVal : 14 27 0.734375 0.0552082 0.0552082
BinVal : 14 28 0.893617 0.0318015 0.0318015
BinVal : 14 29 0.88 0.0375233 0.0375233
BinVal : 14 30 1 0.102643 0.102643
BinVal : 14 31 0 0 0
BinVal : 14 32 0 0 0
BinVal : 14 33 0 0 0
BinVal : 14 34 0 0 0
BinVal : 14 35 0 0 0
BinVal : 14 36 0 0 0
BinVal : 14 37 0 0 0
BinVal : 14 38 0 0 0
BinVal : 14 39 0 0 0
BinVal : 14 40 0 0 0
BinVal : 14 41 0 0 0
BinVal : 14 42 0 0 0
BinVal : 14 43 0 0 0
BinVal : 15 0 0 0 0
BinVal : 15 1 0 0 0
BinVal : 15 2 0 0 0
BinVal : 15 3 0 0 0
BinVal : 15 4 0 0 0
BinVal : 15 5 0 0 0
BinVal : 15 6 0 0 0
BinVal : 15 7 0 0 0
BinVal : 15 8 0 0 0
BinVal : 15 9 0 0 0
BinVal : 15 10 0 0 0
BinVal : 15 11 0 0 0
BinVal : 15 12 0 0 0
BinVal : 15 13 1 0.0756803 0.0756803
BinVal : 15 14 0.931818 0.0379991 0.0379991
BinVal : 15 15 0.953125 0.0264214 0.0264214
BinVal : 15 16 0.660714 0.0632697 0.0632697
BinVal : 15 17 0.639344 0.0614821 0.0614821
BinVal : 15 18 0.75 0.0652791 0.0652791
BinVal : 15 19 0.77027 0.0489006 0.0489006
BinVal : 15 20 0.752577 0.0438137 0.0438137
BinVal : 15 21 0.641791 0.0585771 0.0585771
BinVal : 15 22 0.745614 0.0407898 0.0407898
BinVal : 15 23 0.588889 0.0518651 0.0518651
BinVal : 15 24 0.777778 0.0489954 0.0489954
BinVal : 15 25 0.538462 0.0691321 0.0691321
BinVal : 15 26 0.494253 0.0536021 0.0536021
BinVal : 15 27 0.617647 0.0833418 0.0833418
BinVal : 15 28 0.894737 0.035203 0.035203
BinVal : 15 29 0.912281 0.0374692 0.0374692
BinVal : 15 30 1 0.0871301 0.0871301
BinVal : 15 31 0 0 0
BinVal : 15 32 0 0 0
BinVal : 15 33 0 0 0
BinVal : 15 34 0 0 0
BinVal : 15 35 0 0 0
BinVal : 15 36 0 0 0
BinVal : 15 37 0 0 0
BinVal : 15 38 0 0 0
BinVal : 15 39 0 0 0
BinVal : 15 40 0 0 0
BinVal : 15 41 0 0 0
BinVal : 15 42 0 0 0
BinVal : 15 43 0 0 0
BinVal : 16 0 0 0 0
BinVal : 16 1 0 0 0
BinVal : 16 2 0 0 0
BinVal : 16 3 0 0 0
BinVal : 16 4 0 0 0
BinVal : 16 5 0 0 0
BinVal : 16 6 0 0 0
BinVal : 16 7 0 0 0
BinVal : 16 8 0 0 0
BinVal : 16 9 0 0 0
BinVal : 16 10 0 0 0
BinVal : 16 11 0 0 0
BinVal : 16 12 0 0 0
BinVal : 16 13 1 0.0871301 0.0871301
BinVal : 16 14 0.866667 0.0438854 0.0438854
BinVal : 16 15 0.898305 0.0393492 0.0393492
BinVal : 16 16 0.654545 0.0641186 0.0641186
BinVal : 16 17 0.472222 0.0588346 0.0588346
BinVal : 16 18 0.724638 0.053776 0.053776
BinVal : 16 19 0.888889 0.037037 0.037037
BinVal : 16 20 0.744444 0.0459767 0.0459767
BinVal : 16 21 0.735632 0.0472797 0.0472797
BinVal : 16 22 0.777778 0.0400046 0.0400046
BinVal : 16 23 0.72043 0.0465371 0.0465371
BinVal : 16 24 0.8 0.0516398 0.0516398
BinVal : 16 25 0.708333 0.0535668 0.0535668
BinVal : 16 26 0.420455 0.0526213 0.0526213
BinVal : 16 27 0.642857 0.0640301 0.0640301
BinVal : 16 28 0.941176 0.0285336 0.0285336
BinVal : 16 29 0.907407 0.039445 0.039445
BinVal : 16 30 0.875 0.116927 0.116927
BinVal : 16 31 0 0 0
BinVal : 16 32 0 0 0
BinVal : 16 33 0 0 0
BinVal : 16 34 0 0 0
BinVal : 16 35 0 0 0
BinVal : 16 36 0 0 0
BinVal : 16 37 0 0 0
BinVal : 16 38 0 0 0
BinVal : 16 39 0 0 0
BinVal : 16 40 0 0 0
BinVal : 16 41 0 0 0
BinVal : 16 42 0 0 0
BinVal : 16 43 0 0 0
BinVal : 17 0 0 0 0
BinVal : 17 1 0 0 0
BinVal : 17 2 0 0 0
BinVal : 17 3 0 0 0
BinVal : 17 4 0 0 0
BinVal : 17 5 0 0 0
BinVal : 17 6 0 0 0
BinVal : 17 7 0 0 0
BinVal : 17 8 0 0 0
BinVal : 17 9 0 0 0
BinVal : 17 10 0 0 0
BinVal : 17 11 0 0 0
BinVal : 17 12 0 0 0
BinVal : 17 13 0.833333 0.107583 0.107583
BinVal : 17 14 0.914286 0.0334594 0.0334594
BinVal : 17 15 0.89899 0.030286 0.030286
BinVal : 17 16 0.77027 0.0489006 0.0489006
BinVal : 17 17 0.505882 0.0542289 0.0542289
BinVal : 17 18 0.779221 0.0472676 0.0472676
BinVal : 17 19 0.882353 0.0349464 0.0349464
BinVal : 17 20 0.864 0.0306599 0.0306599
BinVal : 17 21 0.669811 0.0456777 0.0456777
BinVal : 17 22 0.790323 0.0365567 0.0365567
BinVal : 17 23 0.720721 0.0425835 0.0425835
BinVal : 17 24 0.835443 0.041716 0.041716
BinVal : 17 25 0.72549 0.0624899 0.0624899
BinVal : 17 26 0.510417 0.05102 0.05102
BinVal : 17 27 0.780822 0.0484187 0.0484187
BinVal : 17 28 0.908046 0.0309799 0.0309799
BinVal : 17 29 0.858824 0.037768 0.037768
BinVal : 17 30 0.875 0.0826797 0.0826797
BinVal : 17 31 0 0 0
BinVal : 17 32 0 0 0
BinVal : 17 33 0 0 0
BinVal : 17 34 0 0 0
BinVal : 17 35 0 0 0
BinVal : 17 36 0 0 0
BinVal : 17 37 0 0 0
BinVal : 17 38 0 0 0
BinVal : 17 39 0 0 0
BinVal : 17 40 0 0 0
BinVal : 17 41 0 0 0
BinVal : 17 42 0 0 0
BinVal : 17 43 0 0 0
BinVal : 18 0 0 0 0
BinVal : 18 1 0 0 0
BinVal : 18 2 0 0 0
BinVal : 18 3 0 0 0
BinVal : 18 4 0 0 0
BinVal : 18 5 0 0 0
BinVal : 18 6 0 0 0
BinVal : 18 7 0 0 0
BinVal : 18 8 0 0 0
BinVal : 18 9 0 0 0
BinVal : 18 10 0 0 0
BinVal : 18 11 0 0 0
BinVal : 18 12 0 0 0
BinVal : 18 13 1 0.0456491 0.0456491
BinVal : 18 14 0.894737 0.0314865 0.0314865
BinVal : 18 15 0.898876 0.0319581 0.0319581
BinVal : 18 16 0.836066 0.0474013 0.0474013
BinVal : 18 17 0.686567 0.056673 0.056673
BinVal : 18 18 0.628205 0.0547211 0.0547211
BinVal : 18 19 0.833333 0.0439205 0.0439205
BinVal : 18 20 0.783784 0.0390734 0.0390734
BinVal : 18 21 0.729167 0.0453554 0.0453554
BinVal : 18 22 0.754545 0.0410329 0.0410329
BinVal : 18 23 0.7 0.0458258 0.0458258
BinVal : 18 24 0.811111 0.0412593 0.0412593
BinVal : 18 25 0.635135 0.0559607 0.0559607
BinVal : 18 26 0.676923 0.0580051 0.0580051
BinVal : 18 27 0.857143 0.0381802 0.0381802
BinVal : 18 28 0.815789 0.0444672 0.0444672
BinVal : 18 29 0.791667 0.0478613 0.0478613
BinVal : 18 30 1 0.0495858 0.0495858
BinVal : 18 31 0 0 0
BinVal : 18 32 0 0 0
BinVal : 18 33 0 0 0
BinVal : 18 34 0 0 0
BinVal : 18 35 0 0 0
BinVal : 18 36 0 0 0
BinVal : 18 37 0 0 0
BinVal : 18 38 0 0 0
BinVal : 18 39 0 0 0
BinVal : 18 40 0 0 0
BinVal : 18 41 0 0 0
BinVal : 18 42 0 0 0
BinVal : 18 43 0 0 0
BinVal : 19 0 0 0 0
BinVal : 19 1 0 0 0
BinVal : 19 2 0 0 0
BinVal : 19 3 0 0 0
BinVal : 19 4 0 0 0
BinVal : 19 5 0 0 0
BinVal : 19 6 0 0 0
BinVal : 19 7 0 0 0
BinVal : 19 8 0 0 0
BinVal : 19 9 0 0 0
BinVal : 19 10 0 0 0
BinVal : 19 11 0 0 0
BinVal : 19 12 0 0 0
BinVal : 19 13 1 0.0422902 0.0422902
BinVal : 19 14 0.890909 0.0420368 0.0420368
BinVal : 19 15 0.979592 0.0201988 0.0201988
BinVal : 19 16 0.833333 0.0481125 0.0481125
BinVal : 19 17 0.717391 0.0663884 0.0663884
BinVal : 19 18 0.560976 0.077504 0.077504
BinVal : 19 19 0.54321 0.0553477 0.0553477
BinVal : 19 20 0.583333 0.0821678 0.0821678
BinVal : 19 21 0.65625 0.0593699 0.0593699
BinVal : 19 22 0.657895 0.0544191 0.0544191
BinVal : 19 23 0.5 0.0645497 0.0645497
BinVal : 19 24 0.425926 0.0672906 0.0672906
BinVal : 19 25 0.488889 0.0745172 0.0745172
BinVal : 19 26 0.684211 0.0615682 0.0615682
BinVal : 19 27 0.824561 0.0503775 0.0503775
BinVal : 19 28 0.854545 0.047539 0.047539
BinVal : 19 29 0.857143 0.0591485 0.0591485
BinVal : 19 30 0.833333 0.152145 0.152145
BinVal : 19 31 0 0 0
BinVal : 19 32 0 0 0
BinVal : 19 33 0 0 0
BinVal : 19 34 0 0 0
BinVal : 19 35 0 0 0
BinVal : 19 36 0 0 0
BinVal : 19 37 0 0 0
BinVal : 19 38 0 0 0
BinVal : 19 39 0 0 0
BinVal : 19 40 0 0 0
BinVal : 19 41 0 0 0
BinVal : 19 42 0 0 0
BinVal : 19 43 0 0 0
BinVal : 20 0 0 0 0
BinVal : 20 1 0 0 0
BinVal : 20 2 0 0 0
BinVal : 20 3 0 0 0
BinVal : 20 4 0 0 0
BinVal : 20 5 0 0 0
BinVal : 20 6 0 0 0
BinVal : 20 7 0 0 0
BinVal : 20 8 0 0 0
BinVal : 20 9 0 0 0
BinVal : 20 10 0 0 0
BinVal : 20 11 0 0 0
BinVal : 20 12 0 0 0
BinVal : 20 13 0.818182 0.116291 0.116291
BinVal : 20 14 0.877193 0.0434732 0.0434732
BinVal : 20 15 0.80303 0.0489546 0.0489546
BinVal : 20 16 0.518519 0.096159 0.096159
BinVal : 20 17 0.545455 0.106159 0.106159
BinVal : 20 18 0.368421 0.110665 0.110665
BinVal : 20 19 0.490909 0.0674088 0.0674088
BinVal : 20 20 0.59375 0.050126 0.050126
BinVal : 20 21 0.666667 0.0496904 0.0496904
BinVal : 20 22 0.551724 0.053318 0.053318
BinVal : 20 23 0.43617 0.0511491 0.0511491
BinVal : 20 24 0.381818 0.0655096 0.0655096
BinVal : 20 25 0.235294 0.102879 0.102879
BinVal : 20 26 0.181818 0.0822304 0.0822304
BinVal : 20 27 0.72 0.0897998 0.0897998
BinVal : 20 28 0.9 0.0424264 0.0424264
BinVal : 20 29 0.860465 0.0528413 0.0528413
BinVal : 20 30 0.875 0.116927 0.116927
BinVal : 20 31 0 0 0
BinVal : 20 32 0 0 0
BinVal : 20 33 0 0 0
BinVal : 20 34 0 0 0
BinVal : 20 35 0 0 0
BinVal : 20 36 0 0 0
BinVal : 20 37 0 0 0
BinVal : 20 38 0 0 0
BinVal : 20 39 0 0 0
BinVal : 20 40 0 0 0
BinVal : 20 41 0 0 0
BinVal : 20 42 0 0 0
BinVal : 20 43 0 0 0
BinVal : 21 0 0 0 0
BinVal : 21 1 0 0 0
BinVal : 21 2 0 0 0
BinVal : 21 3 0 0 0
BinVal : 21 4 0 0 0
BinVal : 21 5 0 0 0
BinVal : 21 6 0 0 0
BinVal : 21 7 0 0 0
BinVal : 21 8 0 0 0
BinVal : 21 9 0 0 0
BinVal : 21 10 0 0 0
BinVal : 21 11 0 0 0
BinVal : 21 12 0 0 0
BinVal : 21 13 0.875 0.0826797 0.0826797
BinVal : 21 14 0.887324 0.0375256 0.0375256
BinVal : 21 15 0.779661 0.0539601 0.0539601
BinVal : 21 16 0.344828 0.0882632 0.0882632
BinVal : 21 17 0.292135 0.0482028 0.0482028
BinVal : 21 18 0.304348 0.0678426 0.0678426
BinVal : 21 19 0.566667 0.052234 0.052234
BinVal : 21 20 0.609524 0.04761 0.04761
BinVal : 21 21 0.783784 0.0390734 0.0390734
BinVal : 21 22 0.724771 0.0427794 0.0427794
BinVal : 21 23 0.47 0.0499099 0.0499099
BinVal : 21 24 0.434343 0.0498168 0.0498168
BinVal : 21 25 0.425 0.0781625 0.0781625
BinVal : 21 26 0.267442 0.0477295 0.0477295
BinVal : 21 27 0.521739 0.104159 0.104159
BinVal : 21 28 0.666667 0.0544331 0.0544331
BinVal : 21 29 0.864198 0.0380643 0.0380643
BinVal : 21 30 0.769231 0.116855 0.116855
BinVal : 21 31 0 0 0
BinVal : 21 32 0 0 0
BinVal : 21 33 0 0 0
BinVal : 21 34 0 0 0
BinVal : 21 35 0 0 0
BinVal : 21 36 0 0 0
BinVal : 21 37 0 0 0
BinVal : 21 38 0 0 0
BinVal : 21 39 0 0 0
BinVal : 21 40 0 0 0
BinVal : 21 41 0 0 0
BinVal : 21 42 0 0 0
BinVal : 21 43 0 0 0
BinVal : 22 0 0 0 0
BinVal : 22 1 0 0 0
BinVal : 22 2 0 0 0
BinVal : 22 3 0 0 0
BinVal : 22 4 0 0 0
BinVal : 22 5 0 0 0
BinVal : 22 6 0 0 0
BinVal : 22 7 0 0 0
BinVal : 22 8 0 0 0
BinVal : 22 9 0 0 0
BinVal : 22 10 0 0 0
BinVal : 22 11 0 0 0
BinVal : 22 12 0 0 0
BinVal : 22 13 0.875 0.0826797 0.0826797
BinVal : 22 14 0.883117 0.0366134 0.0366134
BinVal : 22 15 0.581395 0.0752322 0.0752322
BinVal : 22 16 0 0 0
BinVal : 22 17 0 0 0
BinVal : 22 18 0 0 0
BinVal : 22 19 0 0 0
BinVal : 22 20 0 0 0
BinVal : 22 21 1 0.159077 0.159077
BinVal : 22 22 0.25 0.216506 0.216506
BinVal : 22 23 0 0 0
BinVal : 22 24 0 0 0
BinVal : 22 25 1 0.218486 0.218486
BinVal : 22 26 0 0 0
BinVal : 22 27 0.5 0.25 0.25
BinVal : 22 28 0.547619 0.076801 0.076801
BinVal : 22 29 0.876923 0.0407486 0.0407486
BinVal : 22 30 0.933333 0.0644061 0.0644061
BinVal : 22 31 0 0 0
BinVal : 22 32 0 0 0
BinVal : 22 33 0 0 0
BinVal : 22 34 0 0 0
BinVal : 22 35 0 0 0
BinVal : 22 36 0 0 0
BinVal : 22 37 0 0 0
BinVal : 22 38 0 0 0
BinVal : 22 39 0 0 0
BinVal : 22 40 0 0 0
BinVal : 22 41 0 0 0
BinVal : 22 42 0 0 0
BinVal : 22 43 0 0 0
BinVal : 23 0 0 0 0
BinVal : 23 1 0 0 0
BinVal : 23 2 0 0 0
BinVal : 23 3 0 0 0
BinVal : 23 4 0 0 0
BinVal : 23 5 0 0 0
BinVal : 23 6 0 0 0
BinVal : 23 7 0 0 0
BinVal : 23 8 0 0 0
BinVal : 23 9 0 0 0
BinVal : 23 10 0 0 0
BinVal : 23 11 0 0 0
BinVal : 23 12 0 0 0
BinVal : 23 13 1 0.0368657 0.0368657
BinVal : 23 14 0.765625 0.0529509 0.0529509
BinVal : 23 15 0.518519 0.096159 0.096159
BinVal : 23 16 0 0 0
BinVal : 23 17 0 0 0
BinVal : 23 18 0 0 0
BinVal : 23 19 0 0 0
BinVal : 23 20 0.214286 0.0775443 0.0775443
BinVal : 23 21 0.1 0.0547723 0.0547723
BinVal : 23 22 0.266667 0.0659218 0.0659218
BinVal : 23 23 0.318182 0.0993026 0.0993026
BinVal : 23 24 0 0 0
BinVal : 23 25 0 0 0
BinVal : 23 26 0 0 0
BinVal : 23 27 0 0 0
BinVal : 23 28 0.515152 0.0869989 0.0869989
BinVal : 23 29 0.821429 0.0511796 0.0511796
BinVal : 23 30 0.866667 0.0877707 0.0877707
BinVal : 23 31 0 0 0
BinVal : 23 32 0 0 0
BinVal : 23 33 0 0 0
BinVal : 23 34 0 0 0
BinVal : 23 35 0 0 0
BinVal : 23 36 0 0 0
BinVal : 23 37 0 0 0
BinVal : 23 38 0 0 0
BinVal : 23 39 0 0 0
BinVal : 23 40 0 0 0
BinVal : 23 41 0 0 0
BinVal : 23 42 0 0 0
BinVal : 23 43 0 0 0
BinVal : 24 0 0 0 0
BinVal : 24 1 0 0 0
BinVal : 24 2 0 0 0
BinVal : 24 3 0 0 0
BinVal : 24 4 0 0 0
BinVal : 24 5 0 0 0
BinVal : 24 6 0 0 0
BinVal : 24 7 0 0 0
BinVal : 24 8 0 0 0
BinVal : 24 9 0 0 0
BinVal : 24 10 0 0 0
BinVal : 24 11 0 0 0
BinVal : 24 12 0 0 0
BinVal : 24 13 0.916667 0.0797856 0.0797856
BinVal : 24 14 0.822222 0.0569937 0.0569937
BinVal : 24 15 0.444444 0.0956292 0.0956292
BinVal : 24 16 0 0 0
BinVal : 24 17 0 0 0
BinVal : 24 18 0 0 0
BinVal : 24 19 0 0 0
BinVal : 24 20 0.553191 0.0725186 0.0725186
BinVal : 24 21 0.229167 0.0606646 0.0606646
BinVal : 24 22 0.313433 0.056673 0.056673
BinVal : 24 23 0.394737 0.0792929 0.0792929
BinVal : 24 24 0 0 0
BinVal : 24 25 0 0 0
BinVal : 24 26 0 0 0
BinVal : 24 27 0 0 0
BinVal : 24 28 0.5 0.102062 0.102062
BinVal : 24 29 0.883333 0.0414438 0.0414438
BinVal : 24 30 0.857143 0.13226 0.13226
BinVal : 24 31 0 0 0
BinVal : 24 32 0 0 0
BinVal : 24 33 0 0 0
BinVal : 24 34 0 0 0
BinVal : 24 35 0 0 0
BinVal : 24 36 0 0 0
BinVal : 24 37 0 0 0
BinVal : 24 38 0 0 0
BinVal : 24 39 0 0 0
BinVal : 24 40 0 0 0
BinVal : 24 41 0 0 0
BinVal : 24 42 0 0 0
BinVal : 24 43 0 0 0
BinVal : 25 0 0 0 0
BinVal : 25 1 0 0 0
BinVal : 25 2 0 0 0
BinVal : 25 3 0 0 0
BinVal : 25 4 0 0 0
BinVal : 25 5 0 0 0
BinVal : 25 6 0 0 0
BinVal : 25 7 0 0 0
BinVal : 25 8 0 0 0
BinVal : 25 9 0 0 0
BinVal : 25 10 0 0 0
BinVal : 25 11 0 0 0
BinVal : 25 12 0 0 0
BinVal : 25 13 0.9 0.067082 0.067082
BinVal : 25 14 0.9 0.0358569 0.0358569
BinVal : 25 15 0.482759 0.0927925 0.0927925
BinVal : 25 16 0 0 0
BinVal : 25 17 0 0 0
BinVal : 25 18 0 0 0
BinVal : 25 19 1 0.218486 0.218486
BinVal : 25 20 0 0 0
BinVal : 25 21 0 0 0
BinVal : 25 22 0 0 0
BinVal : 25 23 0.666667 0.272166 0.272166
BinVal : 25 24 0 0 0
BinVal : 25 25 0 0 0
BinVal : 25 26 1 0.218486 0.218486
BinVal : 25 27 0 0 0
BinVal : 25 28 0.52 0.0706541 0.0706541
BinVal : 25 29 0.909091 0.0387638 0.0387638
BinVal : 25 30 1 0.0542655 0.0542655
BinVal : 25 31 0 0 0
BinVal : 25 32 0 0 0
BinVal : 25 33 0 0 0
BinVal : 25 34 0 0 0
BinVal : 25 35 0 0 0
BinVal : 25 36 0 0 0
BinVal : 25 37 0 0 0
BinVal : 25 38 0 0 0
BinVal : 25 39 0 0 0
BinVal : 25 40 0 0 0
BinVal : 25 41 0 0 0
BinVal : 25 42 0 0 0
BinVal : 25 43 0 0 0
BinVal : 26 0 0 0 0
BinVal : 26 1 0 0 0
BinVal : 26 2 0 0 0
BinVal : 26 3 0 0 0
BinVal : 26 4 0 0 0
BinVal : 26 5 0 0 0
BinVal : 26 6 0 0 0
BinVal : 26 7 0 0 0
BinVal : 26 8 0 0 0
BinVal : 26 9 0 0 0
BinVal : 26 10 0 0 0
BinVal : 26 11 0 0 0
BinVal : 26 12 0 0 0
BinVal : 26 13 0.823529 0.0924594 0.0924594
BinVal : 26 14 0.885246 0.0408085 0.0408085
BinVal : 26 15 0.791667 0.0586179 0.0586179
BinVal : 26 16 0.5 0.158114 0.158114
BinVal : 26 17 0.2625 0.0491927 0.0491927
BinVal : 26 18 0.4 0.0828079 0.0828079
BinVal : 26 19 0.482759 0.0535737 0.0535737
BinVal : 26 20 0.526316 0.0512278 0.0512278
BinVal : 26 21 0.702703 0.0531331 0.0531331
BinVal : 26 22 0.72619 0.048653 0.048653
BinVal : 26 23 0.630952 0.0526502 0.0526502
BinVal : 26 24 0.506494 0.0569755 0.0569755
BinVal : 26 25 0.416667 0.0821678 0.0821678
BinVal : 26 26 0.276923 0.0555028 0.0555028
BinVal : 26 27 0.227273 0.0893461 0.0893461
BinVal : 26 28 0.777778 0.0619748 0.0619748
BinVal : 26 29 0.847458 0.0468089 0.0468089
BinVal : 26 30 0.8125 0.0975781 0.0975781
BinVal : 26 31 0 0 0
BinVal : 26 32 0 0 0
BinVal : 26 33 0 0 0
BinVal : 26 34 0 0 0
BinVal : 26 35 0 0 0
BinVal : 26 36 0 0 0
BinVal : 26 37 0 0 0
BinVal : 26 38 0 0 0
BinVal : 26 39 0 0 0
BinVal : 26 40 0 0 0
BinVal : 26 41 0 0 0
BinVal : 26 42 0 0 0
BinVal : 26 43 0 0 0
BinVal : 27 0 0 0 0
BinVal : 27 1 0 0 0
BinVal : 27 2 0 0 0
BinVal : 27 3 0 0 0
BinVal : 27 4 0 0 0
BinVal : 27 5 0 0 0
BinVal : 27 6 0 0 0
BinVal : 27 7 0 0 0
BinVal : 27 8 0 0 0
BinVal : 27 9 0 0 0
BinVal : 27 10 0 0 0
BinVal : 27 11 0 0 0
BinVal : 27 12 0 0 0
BinVal : 27 13 0.916667 0.0797856 0.0797856
BinVal : 27 14 0.848485 0.0624156 0.0624156
BinVal : 27 15 0.816667 0.0499537 0.0499537
BinVal : 27 16 0.666667 0.102869 0.102869
BinVal : 27 17 0.210526 0.0935288 0.0935288
BinVal : 27 18 0.5 0.158114 0.158114
BinVal : 27 19 0.5 0.073721 0.073721
BinVal : 27 20 0.31068 0.0455983 0.0455983
BinVal : 27 21 0.530612 0.0504129 0.0504129
BinVal : 27 22 0.529412 0.0494216 0.0494216
BinVal : 27 23 0.404494 0.0520241 0.0520241
BinVal : 27 24 0.490909 0.0674088 0.0674088
BinVal : 27 25 0.428571 0.13226 0.13226
BinVal : 27 26 0.421053 0.113269 0.113269
BinVal : 27 27 0.484848 0.0869989 0.0869989
BinVal : 27 28 0.888889 0.0427667 0.0427667
BinVal : 27 29 0.98 0.019799 0.019799
BinVal : 27 30 0.944444 0.0539903 0.0539903
BinVal : 27 31 0 0 0
BinVal : 27 32 0 0 0
BinVal : 27 33 0 0 0
BinVal : 27 34 0 0 0
BinVal : 27 35 0 0 0
BinVal : 27 36 0 0 0
BinVal : 27 37 0 0 0
BinVal : 27 38 0 0 0
BinVal : 27 39 0 0 0
BinVal : 27 40 0 0 0
BinVal : 27 41 0 0 0
BinVal : 27 42 0 0 0
BinVal : 27 43 0 0 0
BinVal : 28 0 0 0 0
BinVal : 28 1 0 0 0
BinVal : 28 2 0 0 0
BinVal : 28 3 0 0 0
BinVal : 28 4 0 0 0
BinVal : 28 5 0 0 0
BinVal : 28 6 0 0 0
BinVal : 28 7 0 0 0
BinVal : 28 8 0 0 0
BinVal : 28 9 0 0 0
BinVal : 28 10 0 0 0
BinVal : 28 11 0 0 0
BinVal : 28 12 0 0 0
BinVal : 28 13 1 0.0495858 0.0495858
BinVal : 28 14 0.875 0.0522913 0.0522913
BinVal : 28 15 0.941176 0.0329478 0.0329478
BinVal : 28 16 0.769231 0.0522589 0.0522589
BinVal : 28 17 0.622642 0.0665822 0.0665822
BinVal : 28 18 0.459459 0.0819288 0.0819288
BinVal : 28 19 0.567568 0.0575907 0.0575907
BinVal : 28 20 0.326531 0.066992 0.066992
BinVal : 28 21 0.409639 0.0539784 0.0539784
BinVal : 28 22 0.641509 0.0658722 0.0658722
BinVal : 28 23 0.293103 0.0597688 0.0597688
BinVal : 28 24 0.486111 0.0589028 0.0589028
BinVal : 28 25 0.432432 0.0814455 0.0814455
BinVal : 28 26 0.727273 0.0671408 0.0671408
BinVal : 28 27 0.746032 0.0548401 0.0548401
BinVal : 28 28 0.932203 0.032729 0.032729
BinVal : 28 29 0.9 0.0424264 0.0424264
BinVal : 28 30 1 0.0871301 0.0871301
BinVal : 28 31 0 0 0
BinVal : 28 32 0 0 0
BinVal : 28 33 0 0 0
BinVal : 28 34 0 0 0
BinVal : 28 35 0 0 0
BinVal : 28 36 0 0 0
BinVal : 28 37 0 0 0
BinVal : 28 38 0 0 0
BinVal : 28 39 0 0 0
BinVal : 28 40 0 0 0
BinVal : 28 41 0 0 0
BinVal : 28 42 0 0 0
BinVal : 28 43 0 0 0
BinVal : 29 0 0 0 0
BinVal : 29 1 0 0 0
BinVal : 29 2 0 0 0
BinVal : 29 3 0 0 0
BinVal : 29 4 0 0 0
BinVal : 29 5 0 0 0
BinVal : 29 6 0 0 0
BinVal : 29 7 0 0 0
BinVal : 29 8 0 0 0
BinVal : 29 9 0 0 0
BinVal : 29 10 0 0 0
BinVal : 29 11 0 0 0
BinVal : 29 12 0 0 0
BinVal : 29 13 0.714286 0.170747 0.170747
BinVal : 29 14 0.816667 0.0499537 0.0499537
BinVal : 29 15 0.833333 0.0507151 0.0507151
BinVal : 29 16 0.882353 0.0390712 0.0390712
BinVal : 29 17 0.6 0.058554 0.058554
BinVal : 29 18 0.719512 0.04961 0.04961
BinVal : 29 19 0.855263 0.0403583 0.0403583
BinVal : 29 20 0.78481 0.0462359 0.0462359
BinVal : 29 21 0.863158 0.0352609 0.0352609
BinVal : 29 22 0.942529 0.0249524 0.0249524
BinVal : 29 23 0.439024 0.0548036 0.0548036
BinVal : 29 24 0.824742 0.0386022 0.0386022
BinVal : 29 25 0.653061 0.0480829 0.0480829
BinVal : 29 26 0.569231 0.06142 0.06142
BinVal : 29 27 0.813333 0.0449922 0.0449922
BinVal : 29 28 0.909091 0.0327614 0.0327614
BinVal : 29 29 0.90625 0.0364351 0.0364351
BinVal : 29 30 1 0.0668855 0.0668855
BinVal : 29 31 0 0 0
BinVal : 29 32 0 0 0
BinVal : 29 33 0 0 0
BinVal : 29 34 0 0 0
BinVal : 29 35 0 0 0
BinVal : 29 36 0 0 0
BinVal : 29 37 0 0 0
BinVal : 29 38 0 0 0
BinVal : 29 39 0 0 0
BinVal : 29 40 0 0 0
BinVal : 29 41 0 0 0
BinVal : 29 42 0 0 0
BinVal : 29 43 0 0 0
BinVal : 30 0 0 0 0
BinVal : 30 1 0 0 0
BinVal : 30 2 0 0 0
BinVal : 30 3 0 0 0
BinVal : 30 4 0 0 0
BinVal : 30 5 0 0 0
BinVal : 30 6 0 0 0
BinVal : 30 7 0 0 0
BinVal : 30 8 0 0 0
BinVal : 30 9 0 0 0
BinVal : 30 10 0 0 0
BinVal : 30 11 0 0 0
BinVal : 30 12 0 0 0
BinVal : 30 13 0.916667 0.0797856 0.0797856
BinVal : 30 14 0.941176 0.0285336 0.0285336
BinVal : 30 15 0.924242 0.0325712 0.0325712
BinVal : 30 16 0.692308 0.0572468 0.0572468
BinVal : 30 17 0.625 0.0605154 0.0605154
BinVal : 30 18 0.648649 0.0554958 0.0554958
BinVal : 30 19 0.876923 0.0407486 0.0407486
BinVal : 30 20 0.76 0.0427083 0.0427083
BinVal : 30 21 0.91453 0.0258472 0.0258472
BinVal : 30 22 0.855932 0.0323268 0.0323268
BinVal : 30 23 0.578947 0.0462419 0.0462419
BinVal : 30 24 0.88 0.0375233 0.0375233
BinVal : 30 25 0.645161 0.060765 0.060765
BinVal : 30 26 0.529412 0.0541387 0.0541387
BinVal : 30 27 0.787879 0.0503211 0.0503211
BinVal : 30 28 0.934211 0.0284377 0.0284377
BinVal : 30 29 0.895522 0.0373691 0.0373691
BinVal : 30 30 0.833333 0.087841 0.087841
BinVal : 30 31 0 0 0
BinVal : 30 32 0 0 0
BinVal : 30 33 0 0 0
BinVal : 30 34 0 0 0
BinVal : 30 35 0 0 0
BinVal : 30 36 0 0 0
BinVal : 30 37 0 0 0
BinVal : 30 38 0 0 0
BinVal : 30 39 0 0 0
BinVal : 30 40 0 0 0
BinVal : 30 41 0 0 0
BinVal : 30 42 0 0 0
BinVal : 30 43 0 0 0
BinVal : 31 0 0 0 0
BinVal : 31 1 0 0 0
BinVal : 31 2 0 0 0
BinVal : 31 3 0 0 0
BinVal : 31 4 0 0 0
BinVal : 31 5 0 0 0
BinVal : 31 6 0 0 0
BinVal : 31 7 0 0 0
BinVal : 31 8 0 0 0
BinVal : 31 9 0 0 0
BinVal : 31 10 0 0 0
BinVal : 31 11 0 0 0
BinVal : 31 12 0 0 0
BinVal : 31 13 0.928571 0.0688303 0.0688303
BinVal : 31 14 0.895833 0.0440918 0.0440918
BinVal : 31 15 0.842105 0.0418273 0.0418273
BinVal : 31 16 0.827586 0.0495997 0.0495997
BinVal : 31 17 0.656716 0.0580067 0.0580067
BinVal : 31 18 0.746269 0.0531615 0.0531615
BinVal : 31 19 0.894737 0.035203 0.035203
BinVal : 31 20 0.696629 0.0487296 0.0487296
BinVal : 31 21 0.785714 0.0447702 0.0447702
BinVal : 31 22 0.850467 0.0344751 0.0344751
BinVal : 31 23 0.663366 0.0470213 0.0470213
BinVal : 31 24 0.9 0.0358569 0.0358569
BinVal : 31 25 0.630769 0.0598587 0.0598587
BinVal : 31 26 0.6875 0.0518223 0.0518223
BinVal : 31 27 0.795455 0.0608102 0.0608102
BinVal : 31 28 0.873563 0.0356307 0.0356307
BinVal : 31 29 0.938462 0.0298075 0.0298075
BinVal : 31 30 0.923077 0.0739053 0.0739053
BinVal : 31 31 0 0 0
BinVal : 31 32 0 0 0
BinVal : 31 33 0 0 0
BinVal : 31 34 0 0 0
BinVal : 31 35 0 0 0
BinVal : 31 36 0 0 0
BinVal : 31 37 0 0 0
BinVal : 31 38 0 0 0
BinVal : 31 39 0 0 0
BinVal : 31 40 0 0 0
BinVal : 31 41 0 0 0
BinVal : 31 42 0 0 0
BinVal : 31 43 0 0 0


