Comments : cosmic veto applied 
EffMethod : TagAndProbe 
EffName : eff 
EffType : Binned 
EffVarNames : phi deteta 
EffVersion : 5 
ObjQuality : l3l15 
ObjRelativeTo : loose 
ObjType : Muon 
ObjVersion : 1 
RunRangeHigh : 216000 
RunRangeLow : 194600 
TriggerVersionHigh : 14.99 
TriggerVersionLow : 13 
BinEdgesX : 0 0.19635 0.3927 0.58905 0.7854 0.98175 1.1781 1.37445 1.5708 1.76715 1.9635 2.15985 2.3562 2.55255 2.7489 2.94525 3.1416 3.33795 3.5343 3.73065 3.927 4.12335 4.3197 4.51605 4.7124 4.90875 5.1051 5.30145 5.4978 5.69415 5.8905 6.08685 6.2832 
BinEdgesY : -4.2 -4.00909 -3.81818 -3.62727 -3.43636 -3.24545 -3.05455 -2.86364 -2.67273 -2.48182 -2.29091 -2.1 -1.90909 -1.71818 -1.52727 -1.33636 -1.14545 -0.954545 -0.763636 -0.572727 -0.381818 -0.190909 0 0.190909 0.381818 0.572727 0.763636 0.954545 1.14545 1.33636 1.52727 1.71818 1.90909 2.1 2.29091 2.48182 2.67273 2.86364 3.05455 3.24545 3.43636 3.62727 3.81818 4.00909 4.2 
BinVal : 0 0 0 0 0
BinVal : 0 1 0 0 0
BinVal : 0 2 0 0 0
BinVal : 0 3 0 0 0
BinVal : 0 4 0 0 0
BinVal : 0 5 0 0 0
BinVal : 0 6 0 0 0
BinVal : 0 7 0 0 0
BinVal : 0 8 0 0 0
BinVal : 0 9 0 0 0
BinVal : 0 10 0 0 0
BinVal : 0 11 0.75 0.108253 0.108253
BinVal : 0 12 0.787234 0.0596972 0.0596972
BinVal : 0 13 0.907692 0.0359031 0.0359031
BinVal : 0 14 0.909091 0.0353863 0.0353863
BinVal : 0 15 0.867647 0.0410945 0.0410945
BinVal : 0 16 0.59375 0.050126 0.050126
BinVal : 0 17 0.53012 0.0547825 0.0547825
BinVal : 0 18 0.670455 0.0501073 0.0501073
BinVal : 0 19 0.757576 0.0430709 0.0430709
BinVal : 0 20 0.688073 0.0443742 0.0443742
BinVal : 0 21 0.794393 0.0390702 0.0390702
BinVal : 0 22 0.76699 0.0416546 0.0416546
BinVal : 0 23 0.495868 0.045453 0.045453
BinVal : 0 24 0.64 0.0429325 0.0429325
BinVal : 0 25 0.673684 0.0481045 0.0481045
BinVal : 0 26 0.583333 0.0474396 0.0474396
BinVal : 0 27 0.423913 0.0515215 0.0515215
BinVal : 0 28 0.94186 0.0252336 0.0252336
BinVal : 0 29 0.915254 0.036258 0.036258
BinVal : 0 30 0.77193 0.0555758 0.0555758
BinVal : 0 31 0.736842 0.0714338 0.0714338
BinVal : 0 32 0.5625 0.12402 0.12402
BinVal : 0 33 0 0 0
BinVal : 0 34 0 0 0
BinVal : 0 35 0 0 0
BinVal : 0 36 0 0 0
BinVal : 0 37 0 0 0
BinVal : 0 38 0 0 0
BinVal : 0 39 0 0 0
BinVal : 0 40 0 0 0
BinVal : 0 41 0 0 0
BinVal : 0 42 0 0 0
BinVal : 0 43 0 0 0
BinVal : 1 0 0 0 0
BinVal : 1 1 0 0 0
BinVal : 1 2 0 0 0
BinVal : 1 3 0 0 0
BinVal : 1 4 0 0 0
BinVal : 1 5 0 0 0
BinVal : 1 6 0 0 0
BinVal : 1 7 0 0 0
BinVal : 1 8 0 0 0
BinVal : 1 9 0 0 0
BinVal : 1 10 0 0 0
BinVal : 1 11 0.722222 0.105572 0.105572
BinVal : 1 12 0.842105 0.048298 0.048298
BinVal : 1 13 0.83871 0.0467105 0.0467105
BinVal : 1 14 0.86 0.0346987 0.0346987
BinVal : 1 15 0.929412 0.0277818 0.0277818
BinVal : 1 16 0.618644 0.0447141 0.0447141
BinVal : 1 17 0.586538 0.0482891 0.0482891
BinVal : 1 18 0.613208 0.0473031 0.0473031
BinVal : 1 19 0.8125 0.032526 0.032526
BinVal : 1 20 0.744526 0.0372609 0.0372609
BinVal : 1 21 0.854305 0.0287105 0.0287105
BinVal : 1 22 0.848276 0.0297928 0.0297928
BinVal : 1 23 0.351351 0.0453121 0.0453121
BinVal : 1 24 0.760563 0.0358112 0.0358112
BinVal : 1 25 0.700855 0.0423314 0.0423314
BinVal : 1 26 0.53125 0.0509313 0.0509313
BinVal : 1 27 0.617647 0.0481174 0.0481174
BinVal : 1 28 0.901099 0.0312944 0.0312944
BinVal : 1 29 0.861538 0.0428396 0.0428396
BinVal : 1 30 0.84375 0.0453865 0.0453865
BinVal : 1 31 0.82 0.0543323 0.0543323
BinVal : 1 32 0.756098 0.0670664 0.0670664
BinVal : 1 33 0 0 0
BinVal : 1 34 0 0 0
BinVal : 1 35 0 0 0
BinVal : 1 36 0 0 0
BinVal : 1 37 0 0 0
BinVal : 1 38 0 0 0
BinVal : 1 39 0 0 0
BinVal : 1 40 0 0 0
BinVal : 1 41 0 0 0
BinVal : 1 42 0 0 0
BinVal : 1 43 0 0 0
BinVal : 2 0 0 0 0
BinVal : 2 1 0 0 0
BinVal : 2 2 0 0 0
BinVal : 2 3 0 0 0
BinVal : 2 4 0 0 0
BinVal : 2 5 0 0 0
BinVal : 2 6 0 0 0
BinVal : 2 7 0 0 0
BinVal : 2 8 0 0 0
BinVal : 2 9 0 0 0
BinVal : 2 10 0 0 0
BinVal : 2 11 0.666667 0.121716 0.121716
BinVal : 2 12 0.717391 0.0663884 0.0663884
BinVal : 2 13 0.882353 0.0552551 0.0552551
BinVal : 2 14 0.941176 0.0255212 0.0255212
BinVal : 2 15 0.903226 0.0306575 0.0306575
BinVal : 2 16 0.793103 0.0434292 0.0434292
BinVal : 2 17 0.561983 0.0451039 0.0451039
BinVal : 2 18 0.647619 0.0466199 0.0466199
BinVal : 2 19 0.764706 0.0388847 0.0388847
BinVal : 2 20 0.793651 0.0360521 0.0360521
BinVal : 2 21 0.8125 0.0344991 0.0344991
BinVal : 2 22 0.857143 0.033065 0.033065
BinVal : 2 23 0.444444 0.0478146 0.0478146
BinVal : 2 24 0.818182 0.0350631 0.0350631
BinVal : 2 25 0.767857 0.0398941 0.0398941
BinVal : 2 26 0.49505 0.0497494 0.0497494
BinVal : 2 27 0.795455 0.0429993 0.0429993
BinVal : 2 28 0.868687 0.0339444 0.0339444
BinVal : 2 29 0.833333 0.0421975 0.0421975
BinVal : 2 30 0.909091 0.0353863 0.0353863
BinVal : 2 31 0.82 0.0543323 0.0543323
BinVal : 2 32 0.823529 0.0924594 0.0924594
BinVal : 2 33 0 0 0
BinVal : 2 34 0 0 0
BinVal : 2 35 0 0 0
BinVal : 2 36 0 0 0
BinVal : 2 37 0 0 0
BinVal : 2 38 0 0 0
BinVal : 2 39 0 0 0
BinVal : 2 40 0 0 0
BinVal : 2 41 0 0 0
BinVal : 2 42 0 0 0
BinVal : 2 43 0 0 0
BinVal : 3 0 0 0 0
BinVal : 3 1 0 0 0
BinVal : 3 2 0 0 0
BinVal : 3 3 0 0 0
BinVal : 3 4 0 0 0
BinVal : 3 5 0 0 0
BinVal : 3 6 0 0 0
BinVal : 3 7 0 0 0
BinVal : 3 8 0 0 0
BinVal : 3 9 0 0 0
BinVal : 3 10 0 0 0
BinVal : 3 11 0 0 0
BinVal : 3 12 0.869565 0.0702237 0.0702237
BinVal : 3 13 0.705882 0.0638031 0.0638031
BinVal : 3 14 0.857143 0.0499896 0.0499896
BinVal : 3 15 0.902778 0.0349146 0.0349146
BinVal : 3 16 0.905405 0.0340204 0.0340204
BinVal : 3 17 0.732558 0.0477295 0.0477295
BinVal : 3 18 0.54321 0.0553477 0.0553477
BinVal : 3 19 0.692308 0.0483824 0.0483824
BinVal : 3 20 0.769231 0.0441669 0.0441669
BinVal : 3 21 0.772277 0.0417282 0.0417282
BinVal : 3 22 0.821429 0.041788 0.041788
BinVal : 3 23 0.6 0.0531369 0.0531369
BinVal : 3 24 0.77907 0.044737 0.044737
BinVal : 3 25 0.6 0.0565685 0.0565685
BinVal : 3 26 0.651163 0.0513934 0.0513934
BinVal : 3 27 0.909091 0.0353863 0.0353863
BinVal : 3 28 0.893939 0.0379017 0.0379017
BinVal : 3 29 0.725 0.0706001 0.0706001
BinVal : 3 30 0.865385 0.0473315 0.0473315
BinVal : 3 31 0.828571 0.0637049 0.0637049
BinVal : 3 32 0 0 0
BinVal : 3 33 0 0 0
BinVal : 3 34 0 0 0
BinVal : 3 35 0 0 0
BinVal : 3 36 0 0 0
BinVal : 3 37 0 0 0
BinVal : 3 38 0 0 0
BinVal : 3 39 0 0 0
BinVal : 3 40 0 0 0
BinVal : 3 41 0 0 0
BinVal : 3 42 0 0 0
BinVal : 3 43 0 0 0
BinVal : 4 0 0 0 0
BinVal : 4 1 0 0 0
BinVal : 4 2 0 0 0
BinVal : 4 3 0 0 0
BinVal : 4 4 0 0 0
BinVal : 4 5 0 0 0
BinVal : 4 6 0 0 0
BinVal : 4 7 0 0 0
BinVal : 4 8 0 0 0
BinVal : 4 9 0 0 0
BinVal : 4 10 0 0 0
BinVal : 4 11 0 0 0
BinVal : 4 12 0.851852 0.0683673 0.0683673
BinVal : 4 13 0.794118 0.0693446 0.0693446
BinVal : 4 14 0.878788 0.0568144 0.0568144
BinVal : 4 15 0.903846 0.0408817 0.0408817
BinVal : 4 16 0.875 0.0441942 0.0441942
BinVal : 4 17 0.57377 0.0633178 0.0633178
BinVal : 4 18 0.733333 0.0466137 0.0466137
BinVal : 4 19 0.835294 0.0402314 0.0402314
BinVal : 4 20 0.809524 0.0494726 0.0494726
BinVal : 4 21 0.866667 0.0392523 0.0392523
BinVal : 4 22 0.8625 0.0385022 0.0385022
BinVal : 4 23 0.849315 0.0418705 0.0418705
BinVal : 4 24 0.790323 0.051699 0.051699
BinVal : 4 25 0.684211 0.0615682 0.0615682
BinVal : 4 26 0.576271 0.0643326 0.0643326
BinVal : 4 27 0.854839 0.0447375 0.0447375
BinVal : 4 28 0.695652 0.0678426 0.0678426
BinVal : 4 29 0.8 0.0632455 0.0632455
BinVal : 4 30 0.783784 0.0676771 0.0676771
BinVal : 4 31 0.8 0.08 0.08
BinVal : 4 32 0 0 0
BinVal : 4 33 0 0 0
BinVal : 4 34 0 0 0
BinVal : 4 35 0 0 0
BinVal : 4 36 0 0 0
BinVal : 4 37 0 0 0
BinVal : 4 38 0 0 0
BinVal : 4 39 0 0 0
BinVal : 4 40 0 0 0
BinVal : 4 41 0 0 0
BinVal : 4 42 0 0 0
BinVal : 4 43 0 0 0
BinVal : 5 0 0 0 0
BinVal : 5 1 0 0 0
BinVal : 5 2 0 0 0
BinVal : 5 3 0 0 0
BinVal : 5 4 0 0 0
BinVal : 5 5 0 0 0
BinVal : 5 6 0 0 0
BinVal : 5 7 0 0 0
BinVal : 5 8 0 0 0
BinVal : 5 9 0 0 0
BinVal : 5 10 0 0 0
BinVal : 5 11 0.875 0.116927 0.116927
BinVal : 5 12 0.678571 0.0882594 0.0882594
BinVal : 5 13 0.875 0.0522913 0.0522913
BinVal : 5 14 0.755556 0.0640644 0.0640644
BinVal : 5 15 0.942308 0.0323336 0.0323336
BinVal : 5 16 0.8125 0.048789 0.048789
BinVal : 5 17 0.666667 0.06415 0.06415
BinVal : 5 18 0.809524 0.0494726 0.0494726
BinVal : 5 19 0.904762 0.036983 0.036983
BinVal : 5 20 0.77027 0.0489006 0.0489006
BinVal : 5 21 0.862069 0.0369694 0.0369694
BinVal : 5 22 0.870588 0.0364069 0.0364069
BinVal : 5 23 0.752941 0.0467812 0.0467812
BinVal : 5 24 0.852459 0.0454076 0.0454076
BinVal : 5 25 0.6 0.0607644 0.0607644
BinVal : 5 26 0.53125 0.0623778 0.0623778
BinVal : 5 27 0.802817 0.0472187 0.0472187
BinVal : 5 28 0.727273 0.0671408 0.0671408
BinVal : 5 29 0.788462 0.0566348 0.0566348
BinVal : 5 30 0.717949 0.0720574 0.0720574
BinVal : 5 31 0.774194 0.0750952 0.0750952
BinVal : 5 32 1 0.0871301 0.0871301
BinVal : 5 33 0 0 0
BinVal : 5 34 0 0 0
BinVal : 5 35 0 0 0
BinVal : 5 36 0 0 0
BinVal : 5 37 0 0 0
BinVal : 5 38 0 0 0
BinVal : 5 39 0 0 0
BinVal : 5 40 0 0 0
BinVal : 5 41 0 0 0
BinVal : 5 42 0 0 0
BinVal : 5 43 0 0 0
BinVal : 6 0 0 0 0
BinVal : 6 1 0 0 0
BinVal : 6 2 0 0 0
BinVal : 6 3 0 0 0
BinVal : 6 4 0 0 0
BinVal : 6 5 0 0 0
BinVal : 6 6 0 0 0
BinVal : 6 7 0 0 0
BinVal : 6 8 0 0 0
BinVal : 6 9 0 0 0
BinVal : 6 10 0 0 0
BinVal : 6 11 0.8 0.10328 0.10328
BinVal : 6 12 0.941176 0.0570672 0.0570672
BinVal : 6 13 0.727273 0.0775275 0.0775275
BinVal : 6 14 0.814815 0.0747568 0.0747568
BinVal : 6 15 0.931035 0.0470544 0.0470544
BinVal : 6 16 0.731707 0.069196 0.069196
BinVal : 6 17 0.461538 0.0691321 0.0691321
BinVal : 6 18 0.759259 0.0581799 0.0581799
BinVal : 6 19 0.90625 0.051527 0.051527
BinVal : 6 20 0.816327 0.0553168 0.0553168
BinVal : 6 21 0.914894 0.0407022 0.0407022
BinVal : 6 22 0.883333 0.0414438 0.0414438
BinVal : 6 23 0.833333 0.0537914 0.0537914
BinVal : 6 24 0.773585 0.0574869 0.0574869
BinVal : 6 25 0.738095 0.0678427 0.0678427
BinVal : 6 26 0.673077 0.0650509 0.0650509
BinVal : 6 27 0.512821 0.0800378 0.0800378
BinVal : 6 28 0.857143 0.0539949 0.0539949
BinVal : 6 29 0.777778 0.0800091 0.0800091
BinVal : 6 30 0.727273 0.0949515 0.0949515
BinVal : 6 31 0.791667 0.0828982 0.0828982
BinVal : 6 32 0.833333 0.152145 0.152145
BinVal : 6 33 0 0 0
BinVal : 6 34 0 0 0
BinVal : 6 35 0 0 0
BinVal : 6 36 0 0 0
BinVal : 6 37 0 0 0
BinVal : 6 38 0 0 0
BinVal : 6 39 0 0 0
BinVal : 6 40 0 0 0
BinVal : 6 41 0 0 0
BinVal : 6 42 0 0 0
BinVal : 6 43 0 0 0
BinVal : 7 0 0 0 0
BinVal : 7 1 0 0 0
BinVal : 7 2 0 0 0
BinVal : 7 3 0 0 0
BinVal : 7 4 0 0 0
BinVal : 7 5 0 0 0
BinVal : 7 6 0 0 0
BinVal : 7 7 0 0 0
BinVal : 7 8 0 0 0
BinVal : 7 9 0 0 0
BinVal : 7 10 0 0 0
BinVal : 7 11 0.75 0.153093 0.153093
BinVal : 7 12 0.615385 0.134932 0.134932
BinVal : 7 13 1 0.0346427 0.0346427
BinVal : 7 14 0.714286 0.0985808 0.0985808
BinVal : 7 15 0.926829 0.0406702 0.0406702
BinVal : 7 16 0.433333 0.090472 0.090472
BinVal : 7 17 0.621622 0.0797307 0.0797307
BinVal : 7 18 0.741935 0.0785898 0.0785898
BinVal : 7 19 0.738095 0.0678427 0.0678427
BinVal : 7 20 0.71875 0.0794804 0.0794804
BinVal : 7 21 0.947368 0.0362235 0.0362235
BinVal : 7 22 0.837838 0.0605974 0.0605974
BinVal : 7 23 0.703704 0.0878772 0.0878772
BinVal : 7 24 0.769231 0.067466 0.067466
BinVal : 7 25 0.758621 0.0794627 0.0794627
BinVal : 7 26 0.645161 0.0859347 0.0859347
BinVal : 7 27 0.625 0.0988212 0.0988212
BinVal : 7 28 0.666667 0.102869 0.102869
BinVal : 7 29 0.789474 0.0935288 0.0935288
BinVal : 7 30 0.833333 0.087841 0.087841
BinVal : 7 31 0.769231 0.0826286 0.0826286
BinVal : 7 32 0.428571 0.187044 0.187044
BinVal : 7 33 0 0 0
BinVal : 7 34 0 0 0
BinVal : 7 35 0 0 0
BinVal : 7 36 0 0 0
BinVal : 7 37 0 0 0
BinVal : 7 38 0 0 0
BinVal : 7 39 0 0 0
BinVal : 7 40 0 0 0
BinVal : 7 41 0 0 0
BinVal : 7 42 0 0 0
BinVal : 7 43 0 0 0
BinVal : 8 0 0 0 0
BinVal : 8 1 0 0 0
BinVal : 8 2 0 0 0
BinVal : 8 3 0 0 0
BinVal : 8 4 0 0 0
BinVal : 8 5 0 0 0
BinVal : 8 6 0 0 0
BinVal : 8 7 0 0 0
BinVal : 8 8 0 0 0
BinVal : 8 9 0 0 0
BinVal : 8 10 0 0 0
BinVal : 8 11 0.5 0.25 0.25
BinVal : 8 12 1 0.0456491 0.0456491
BinVal : 8 13 0.736842 0.101023 0.101023
BinVal : 8 14 0.772727 0.0893461 0.0893461
BinVal : 8 15 0.75 0.0818317 0.0818317
BinVal : 8 16 0.333333 0.0860663 0.0860663
BinVal : 8 17 0.548387 0.0893812 0.0893812
BinVal : 8 18 0.6 0.0979796 0.0979796
BinVal : 8 19 0.766667 0.0772202 0.0772202
BinVal : 8 20 0.6875 0.0819382 0.0819382
BinVal : 8 21 0.925 0.0416458 0.0416458
BinVal : 8 22 0.677419 0.083959 0.083959
BinVal : 8 23 0.53125 0.0882155 0.0882155
BinVal : 8 24 0.727273 0.0775275 0.0775275
BinVal : 8 25 0.517241 0.0927925 0.0927925
BinVal : 8 26 0.53125 0.0882155 0.0882155
BinVal : 8 27 0.521739 0.104159 0.104159
BinVal : 8 28 0.857143 0.06613 0.06613
BinVal : 8 29 0.789474 0.0935288 0.0935288
BinVal : 8 30 0.714286 0.0985808 0.0985808
BinVal : 8 31 0.823529 0.0924594 0.0924594
BinVal : 8 32 1 0.0871301 0.0871301
BinVal : 8 33 0 0 0
BinVal : 8 34 0 0 0
BinVal : 8 35 0 0 0
BinVal : 8 36 0 0 0
BinVal : 8 37 0 0 0
BinVal : 8 38 0 0 0
BinVal : 8 39 0 0 0
BinVal : 8 40 0 0 0
BinVal : 8 41 0 0 0
BinVal : 8 42 0 0 0
BinVal : 8 43 0 0 0
BinVal : 9 0 0 0 0
BinVal : 9 1 0 0 0
BinVal : 9 2 0 0 0
BinVal : 9 3 0 0 0
BinVal : 9 4 0 0 0
BinVal : 9 5 0 0 0
BinVal : 9 6 0 0 0
BinVal : 9 7 0 0 0
BinVal : 9 8 0 0 0
BinVal : 9 9 0 0 0
BinVal : 9 10 0 0 0
BinVal : 9 11 0.666667 0.19245 0.19245
BinVal : 9 12 0.882353 0.0781425 0.0781425
BinVal : 9 13 0.933333 0.045542 0.045542
BinVal : 9 14 0.851852 0.0683673 0.0683673
BinVal : 9 15 0.741935 0.0785898 0.0785898
BinVal : 9 16 0.46875 0.0882155 0.0882155
BinVal : 9 17 0.354167 0.0690309 0.0690309
BinVal : 9 18 0.735294 0.0756611 0.0756611
BinVal : 9 19 0.725 0.0706001 0.0706001
BinVal : 9 20 0.756757 0.0705339 0.0705339
BinVal : 9 21 0.785714 0.0633147 0.0633147
BinVal : 9 22 0.702703 0.0751416 0.0751416
BinVal : 9 23 0.571429 0.0836486 0.0836486
BinVal : 9 24 0.795455 0.0608102 0.0608102
BinVal : 9 25 0.744186 0.0665378 0.0665378
BinVal : 9 26 0.710526 0.0735703 0.0735703
BinVal : 9 27 0.75 0.0684653 0.0684653
BinVal : 9 28 0.857143 0.0591485 0.0591485
BinVal : 9 29 0.958333 0.0407894 0.0407894
BinVal : 9 30 0.821429 0.0723789 0.0723789
BinVal : 9 31 0.75 0.125 0.125
BinVal : 9 32 1 0.0756803 0.0756803
BinVal : 9 33 0 0 0
BinVal : 9 34 0 0 0
BinVal : 9 35 0 0 0
BinVal : 9 36 0 0 0
BinVal : 9 37 0 0 0
BinVal : 9 38 0 0 0
BinVal : 9 39 0 0 0
BinVal : 9 40 0 0 0
BinVal : 9 41 0 0 0
BinVal : 9 42 0 0 0
BinVal : 9 43 0 0 0
BinVal : 10 0 0 0 0
BinVal : 10 1 0 0 0
BinVal : 10 2 0 0 0
BinVal : 10 3 0 0 0
BinVal : 10 4 0 0 0
BinVal : 10 5 0 0 0
BinVal : 10 6 0 0 0
BinVal : 10 7 0 0 0
BinVal : 10 8 0 0 0
BinVal : 10 9 0 0 0
BinVal : 10 10 0 0 0
BinVal : 10 11 0.666667 0.272166 0.272166
BinVal : 10 12 0.636364 0.102559 0.102559
BinVal : 10 13 0.738095 0.0678427 0.0678427
BinVal : 10 14 0.896552 0.0399885 0.0399885
BinVal : 10 15 0.865385 0.0473315 0.0473315
BinVal : 10 16 0.862745 0.0481859 0.0481859
BinVal : 10 17 0.596491 0.0649817 0.0649817
BinVal : 10 18 0.789474 0.0539989 0.0539989
BinVal : 10 19 0.890411 0.0365609 0.0365609
BinVal : 10 20 0.824561 0.0503775 0.0503775
BinVal : 10 21 0.829787 0.0548189 0.0548189
BinVal : 10 22 0.844828 0.047542 0.047542
BinVal : 10 23 0.618182 0.0655096 0.0655096
BinVal : 10 24 0.822581 0.048517 0.048517
BinVal : 10 25 0.675676 0.0544181 0.0544181
BinVal : 10 26 0.479167 0.0721061 0.0721061
BinVal : 10 27 0.87931 0.0427752 0.0427752
BinVal : 10 28 0.888889 0.0468486 0.0468486
BinVal : 10 29 0.973684 0.0259672 0.0259672
BinVal : 10 30 0.864865 0.0562027 0.0562027
BinVal : 10 31 0.740741 0.084337 0.084337
BinVal : 10 32 0.8 0.178885 0.178885
BinVal : 10 33 0 0 0
BinVal : 10 34 0 0 0
BinVal : 10 35 0 0 0
BinVal : 10 36 0 0 0
BinVal : 10 37 0 0 0
BinVal : 10 38 0 0 0
BinVal : 10 39 0 0 0
BinVal : 10 40 0 0 0
BinVal : 10 41 0 0 0
BinVal : 10 42 0 0 0
BinVal : 10 43 0 0 0
BinVal : 11 0 0 0 0
BinVal : 11 1 0 0 0
BinVal : 11 2 0 0 0
BinVal : 11 3 0 0 0
BinVal : 11 4 0 0 0
BinVal : 11 5 0 0 0
BinVal : 11 6 0 0 0
BinVal : 11 7 0 0 0
BinVal : 11 8 0 0 0
BinVal : 11 9 0 0 0
BinVal : 11 10 0 0 0
BinVal : 11 11 0 0 0
BinVal : 11 12 0.833333 0.087841 0.087841
BinVal : 11 13 0.823529 0.0653787 0.0653787
BinVal : 11 14 0.787234 0.0596972 0.0596972
BinVal : 11 15 0.906977 0.0442955 0.0442955
BinVal : 11 16 0.897959 0.0432431 0.0432431
BinVal : 11 17 0.65 0.0615765 0.0615765
BinVal : 11 18 0.768116 0.0508071 0.0508071
BinVal : 11 19 0.842105 0.048298 0.048298
BinVal : 11 20 0.901639 0.0381296 0.0381296
BinVal : 11 21 0.84507 0.0429422 0.0429422
BinVal : 11 22 0.849315 0.0418705 0.0418705
BinVal : 11 23 0.753846 0.0534303 0.0534303
BinVal : 11 24 0.714286 0.0569156 0.0569156
BinVal : 11 25 0.714286 0.0569156 0.0569156
BinVal : 11 26 0.691176 0.0560267 0.0560267
BinVal : 11 27 0.892857 0.0413313 0.0413313
BinVal : 11 28 0.92 0.0383667 0.0383667
BinVal : 11 29 0.863636 0.0517355 0.0517355
BinVal : 11 30 0.903226 0.0531003 0.0531003
BinVal : 11 31 0.904762 0.0640564 0.0640564
BinVal : 11 32 0 0 0
BinVal : 11 33 0 0 0
BinVal : 11 34 0 0 0
BinVal : 11 35 0 0 0
BinVal : 11 36 0 0 0
BinVal : 11 37 0 0 0
BinVal : 11 38 0 0 0
BinVal : 11 39 0 0 0
BinVal : 11 40 0 0 0
BinVal : 11 41 0 0 0
BinVal : 11 42 0 0 0
BinVal : 11 43 0 0 0
BinVal : 12 0 0 0 0
BinVal : 12 1 0 0 0
BinVal : 12 2 0 0 0
BinVal : 12 3 0 0 0
BinVal : 12 4 0 0 0
BinVal : 12 5 0 0 0
BinVal : 12 6 0 0 0
BinVal : 12 7 0 0 0
BinVal : 12 8 0 0 0
BinVal : 12 9 0 0 0
BinVal : 12 10 0 0 0
BinVal : 12 11 0 0 0
BinVal : 12 12 0.619048 0.105971 0.105971
BinVal : 12 13 0.787879 0.0711647 0.0711647
BinVal : 12 14 0.878049 0.0511047 0.0511047
BinVal : 12 15 0.919355 0.0345808 0.0345808
BinVal : 12 16 0.904762 0.036983 0.036983
BinVal : 12 17 0.692308 0.0572468 0.0572468
BinVal : 12 18 0.621212 0.0597099 0.0597099
BinVal : 12 19 0.695652 0.0553932 0.0553932
BinVal : 12 20 0.714286 0.0539949 0.0539949
BinVal : 12 21 0.615385 0.0603434 0.0603434
BinVal : 12 22 0.666667 0.0593914 0.0593914
BinVal : 12 23 0.677966 0.0608315 0.0608315
BinVal : 12 24 0.680556 0.0549494 0.0549494
BinVal : 12 25 0.657143 0.0567332 0.0567332
BinVal : 12 26 0.754386 0.0570146 0.0570146
BinVal : 12 27 0.887097 0.0401923 0.0401923
BinVal : 12 28 0.890909 0.0420368 0.0420368
BinVal : 12 29 0.886792 0.0435222 0.0435222
BinVal : 12 30 0.688889 0.0690122 0.0690122
BinVal : 12 31 0.928571 0.0688303 0.0688303
BinVal : 12 32 0 0 0
BinVal : 12 33 0 0 0
BinVal : 12 34 0 0 0
BinVal : 12 35 0 0 0
BinVal : 12 36 0 0 0
BinVal : 12 37 0 0 0
BinVal : 12 38 0 0 0
BinVal : 12 39 0 0 0
BinVal : 12 40 0 0 0
BinVal : 12 41 0 0 0
BinVal : 12 42 0 0 0
BinVal : 12 43 0 0 0
BinVal : 13 0 0 0 0
BinVal : 13 1 0 0 0
BinVal : 13 2 0 0 0
BinVal : 13 3 0 0 0
BinVal : 13 4 0 0 0
BinVal : 13 5 0 0 0
BinVal : 13 6 0 0 0
BinVal : 13 7 0 0 0
BinVal : 13 8 0 0 0
BinVal : 13 9 0 0 0
BinVal : 13 10 0 0 0
BinVal : 13 11 1 0.0756803 0.0756803
BinVal : 13 12 0.783784 0.0676771 0.0676771
BinVal : 13 13 0.803922 0.0555951 0.0555951
BinVal : 13 14 0.880597 0.0396149 0.0396149
BinVal : 13 15 0.931035 0.0332725 0.0332725
BinVal : 13 16 0.810127 0.044126 0.044126
BinVal : 13 17 0.459459 0.0579324 0.0579324
BinVal : 13 18 0.544304 0.0560331 0.0560331
BinVal : 13 19 0.828283 0.0379034 0.0379034
BinVal : 13 20 0.709677 0.0470684 0.0470684
BinVal : 13 21 0.673913 0.0488736 0.0488736
BinVal : 13 22 0.756098 0.0474231 0.0474231
BinVal : 13 23 0.632184 0.0516984 0.0516984
BinVal : 13 24 0.752809 0.0457261 0.0457261
BinVal : 13 25 0.611765 0.0528604 0.0528604
BinVal : 13 26 0.477273 0.0532451 0.0532451
BinVal : 13 27 0.806452 0.0501751 0.0501751
BinVal : 13 28 0.896104 0.0347723 0.0347723
BinVal : 13 29 0.891304 0.0458923 0.0458923
BinVal : 13 30 0.913043 0.0415449 0.0415449
BinVal : 13 31 0.807692 0.077292 0.077292
BinVal : 13 32 0.5 0.353553 0.353553
BinVal : 13 33 0 0 0
BinVal : 13 34 0 0 0
BinVal : 13 35 0 0 0
BinVal : 13 36 0 0 0
BinVal : 13 37 0 0 0
BinVal : 13 38 0 0 0
BinVal : 13 39 0 0 0
BinVal : 13 40 0 0 0
BinVal : 13 41 0 0 0
BinVal : 13 42 0 0 0
BinVal : 13 43 0 0 0
BinVal : 14 0 0 0 0
BinVal : 14 1 0 0 0
BinVal : 14 2 0 0 0
BinVal : 14 3 0 0 0
BinVal : 14 4 0 0 0
BinVal : 14 5 0 0 0
BinVal : 14 6 0 0 0
BinVal : 14 7 0 0 0
BinVal : 14 8 0 0 0
BinVal : 14 9 0 0 0
BinVal : 14 10 0 0 0
BinVal : 14 11 0.625 0.121031 0.121031
BinVal : 14 12 0.825 0.0600781 0.0600781
BinVal : 14 13 0.907692 0.0359031 0.0359031
BinVal : 14 14 0.904762 0.036983 0.036983
BinVal : 14 15 0.869048 0.0368077 0.0368077
BinVal : 14 16 0.573171 0.0546213 0.0546213
BinVal : 14 17 0.5 0.0533002 0.0533002
BinVal : 14 18 0.666667 0.0447437 0.0447437
BinVal : 14 19 0.770833 0.0428964 0.0428964
BinVal : 14 20 0.814815 0.0373784 0.0373784
BinVal : 14 21 0.703704 0.0439386 0.0439386
BinVal : 14 22 0.795181 0.0442975 0.0442975
BinVal : 14 23 0.688073 0.0443742 0.0443742
BinVal : 14 24 0.773196 0.0425191 0.0425191
BinVal : 14 25 0.628571 0.0471542 0.0471542
BinVal : 14 26 0.517647 0.0541988 0.0541988
BinVal : 14 27 0.604396 0.051259 0.051259
BinVal : 14 28 0.884211 0.0328285 0.0328285
BinVal : 14 29 0.88 0.0375233 0.0375233
BinVal : 14 30 0.803922 0.0555951 0.0555951
BinVal : 14 31 0.785714 0.0633147 0.0633147
BinVal : 14 32 0.583333 0.142319 0.142319
BinVal : 14 33 0 0 0
BinVal : 14 34 0 0 0
BinVal : 14 35 0 0 0
BinVal : 14 36 0 0 0
BinVal : 14 37 0 0 0
BinVal : 14 38 0 0 0
BinVal : 14 39 0 0 0
BinVal : 14 40 0 0 0
BinVal : 14 41 0 0 0
BinVal : 14 42 0 0 0
BinVal : 14 43 0 0 0
BinVal : 15 0 0 0 0
BinVal : 15 1 0 0 0
BinVal : 15 2 0 0 0
BinVal : 15 3 0 0 0
BinVal : 15 4 0 0 0
BinVal : 15 5 0 0 0
BinVal : 15 6 0 0 0
BinVal : 15 7 0 0 0
BinVal : 15 8 0 0 0
BinVal : 15 9 0 0 0
BinVal : 15 10 0 0 0
BinVal : 15 11 0.636364 0.145041 0.145041
BinVal : 15 12 0.777778 0.06929 0.06929
BinVal : 15 13 0.695652 0.0678426 0.0678426
BinVal : 15 14 0.94 0.0335857 0.0335857
BinVal : 15 15 0.942029 0.0281328 0.0281328
BinVal : 15 16 0.56701 0.0503093 0.0503093
BinVal : 15 17 0.567568 0.0575907 0.0575907
BinVal : 15 18 0.610526 0.0500299 0.0500299
BinVal : 15 19 0.757576 0.0430709 0.0430709
BinVal : 15 20 0.714286 0.0440867 0.0440867
BinVal : 15 21 0.568421 0.0508163 0.0508163
BinVal : 15 22 0.731092 0.0406457 0.0406457
BinVal : 15 23 0.58 0.0493558 0.0493558
BinVal : 15 24 0.747664 0.0419905 0.0419905
BinVal : 15 25 0.494505 0.0524111 0.0524111
BinVal : 15 26 0.5 0.0527046 0.0527046
BinVal : 15 27 0.550725 0.0598824 0.0598824
BinVal : 15 28 0.888889 0.0349189 0.0349189
BinVal : 15 29 0.901639 0.0381296 0.0381296
BinVal : 15 30 0.792453 0.0557067 0.0557067
BinVal : 15 31 0.75 0.0652791 0.0652791
BinVal : 15 32 0.823529 0.0924594 0.0924594
BinVal : 15 33 0 0 0
BinVal : 15 34 0 0 0
BinVal : 15 35 0 0 0
BinVal : 15 36 0 0 0
BinVal : 15 37 0 0 0
BinVal : 15 38 0 0 0
BinVal : 15 39 0 0 0
BinVal : 15 40 0 0 0
BinVal : 15 41 0 0 0
BinVal : 15 42 0 0 0
BinVal : 15 43 0 0 0
BinVal : 16 0 0 0 0
BinVal : 16 1 0 0 0
BinVal : 16 2 0 0 0
BinVal : 16 3 0 0 0
BinVal : 16 4 0 0 0
BinVal : 16 5 0 0 0
BinVal : 16 6 0 0 0
BinVal : 16 7 0 0 0
BinVal : 16 8 0 0 0
BinVal : 16 9 0 0 0
BinVal : 16 10 0 0 0
BinVal : 16 11 0.6 0.109545 0.109545
BinVal : 16 12 0.75 0.0968246 0.0968246
BinVal : 16 13 0.816327 0.0553168 0.0553168
BinVal : 16 14 0.811594 0.0470752 0.0470752
BinVal : 16 15 0.865672 0.0416604 0.0416604
BinVal : 16 16 0.558442 0.0565897 0.0565897
BinVal : 16 17 0.469136 0.0554496 0.0554496
BinVal : 16 18 0.587629 0.0499816 0.0499816
BinVal : 16 19 0.8 0.039036 0.039036
BinVal : 16 20 0.71875 0.045888 0.045888
BinVal : 16 21 0.65625 0.0419808 0.0419808
BinVal : 16 22 0.756522 0.0400214 0.0400214
BinVal : 16 23 0.669725 0.0450477 0.0450477
BinVal : 16 24 0.712766 0.0466689 0.0466689
BinVal : 16 25 0.685714 0.0453043 0.0453043
BinVal : 16 26 0.389474 0.0500299 0.0500299
BinVal : 16 27 0.611111 0.0574522 0.0574522
BinVal : 16 28 0.928571 0.0307818 0.0307818
BinVal : 16 29 0.864407 0.044571 0.044571
BinVal : 16 30 0.907407 0.039445 0.039445
BinVal : 16 31 0.906977 0.0442955 0.0442955
BinVal : 16 32 0.736842 0.101023 0.101023
BinVal : 16 33 0 0 0
BinVal : 16 34 0 0 0
BinVal : 16 35 0 0 0
BinVal : 16 36 0 0 0
BinVal : 16 37 0 0 0
BinVal : 16 38 0 0 0
BinVal : 16 39 0 0 0
BinVal : 16 40 0 0 0
BinVal : 16 41 0 0 0
BinVal : 16 42 0 0 0
BinVal : 16 43 0 0 0
BinVal : 17 0 0 0 0
BinVal : 17 1 0 0 0
BinVal : 17 2 0 0 0
BinVal : 17 3 0 0 0
BinVal : 17 4 0 0 0
BinVal : 17 5 0 0 0
BinVal : 17 6 0 0 0
BinVal : 17 7 0 0 0
BinVal : 17 8 0 0 0
BinVal : 17 9 0 0 0
BinVal : 17 10 0 0 0
BinVal : 17 11 0.666667 0.102869 0.102869
BinVal : 17 12 0.883721 0.0488848 0.0488848
BinVal : 17 13 0.875 0.0413399 0.0413399
BinVal : 17 14 0.901408 0.0353795 0.0353795
BinVal : 17 15 0.90099 0.0297193 0.0297193
BinVal : 17 16 0.63 0.0482804 0.0482804
BinVal : 17 17 0.52 0.04996 0.04996
BinVal : 17 18 0.6875 0.0437978 0.0437978
BinVal : 17 19 0.806723 0.0361975 0.0361975
BinVal : 17 20 0.859375 0.0307268 0.0307268
BinVal : 17 21 0.671642 0.0405686 0.0405686
BinVal : 17 22 0.80303 0.0346161 0.0346161
BinVal : 17 23 0.703125 0.040383 0.040383
BinVal : 17 24 0.79646 0.0378763 0.0378763
BinVal : 17 25 0.680851 0.0480794 0.0480794
BinVal : 17 26 0.490385 0.04902 0.04902
BinVal : 17 27 0.638298 0.0495591 0.0495591
BinVal : 17 28 0.909091 0.0306454 0.0306454
BinVal : 17 29 0.860465 0.0373645 0.0373645
BinVal : 17 30 0.828571 0.0450461 0.0450461
BinVal : 17 31 0.813559 0.0507036 0.0507036
BinVal : 17 32 0.785714 0.0775443 0.0775443
BinVal : 17 33 0 0 0
BinVal : 17 34 0 0 0
BinVal : 17 35 0 0 0
BinVal : 17 36 0 0 0
BinVal : 17 37 0 0 0
BinVal : 17 38 0 0 0
BinVal : 17 39 0 0 0
BinVal : 17 40 0 0 0
BinVal : 17 41 0 0 0
BinVal : 17 42 0 0 0
BinVal : 17 43 0 0 0
BinVal : 18 0 0 0 0
BinVal : 18 1 0 0 0
BinVal : 18 2 0 0 0
BinVal : 18 3 0 0 0
BinVal : 18 4 0 0 0
BinVal : 18 5 0 0 0
BinVal : 18 6 0 0 0
BinVal : 18 7 0 0 0
BinVal : 18 8 0 0 0
BinVal : 18 9 0 0 0
BinVal : 18 10 0 0 0
BinVal : 18 11 0.875 0.116927 0.116927
BinVal : 18 12 0.823529 0.0533815 0.0533815
BinVal : 18 13 0.875 0.0477352 0.0477352
BinVal : 18 14 0.896907 0.0308746 0.0308746
BinVal : 18 15 0.898876 0.0319581 0.0319581
BinVal : 18 16 0.835821 0.0452562 0.0452562
BinVal : 18 17 0.639535 0.0517743 0.0517743
BinVal : 18 18 0.607477 0.0472069 0.0472069
BinVal : 18 19 0.759615 0.0419019 0.0419019
BinVal : 18 20 0.761538 0.0373752 0.0373752
BinVal : 18 21 0.691667 0.0421568 0.0421568
BinVal : 18 22 0.747899 0.0398048 0.0398048
BinVal : 18 23 0.705882 0.0417689 0.0417689
BinVal : 18 24 0.786325 0.0378953 0.0378953
BinVal : 18 25 0.62069 0.0520206 0.0520206
BinVal : 18 26 0.640449 0.050866 0.050866
BinVal : 18 27 0.855556 0.0370556 0.0370556
BinVal : 18 28 0.818182 0.043954 0.043954
BinVal : 18 29 0.794521 0.0472907 0.0472907
BinVal : 18 30 0.909091 0.0353863 0.0353863
BinVal : 18 31 0.824561 0.0503775 0.0503775
BinVal : 18 32 0.444444 0.165635 0.165635
BinVal : 18 33 0 0 0
BinVal : 18 34 0 0 0
BinVal : 18 35 0 0 0
BinVal : 18 36 0 0 0
BinVal : 18 37 0 0 0
BinVal : 18 38 0 0 0
BinVal : 18 39 0 0 0
BinVal : 18 40 0 0 0
BinVal : 18 41 0 0 0
BinVal : 18 42 0 0 0
BinVal : 18 43 0 0 0
BinVal : 19 0 0 0 0
BinVal : 19 1 0 0 0
BinVal : 19 2 0 0 0
BinVal : 19 3 0 0 0
BinVal : 19 4 0 0 0
BinVal : 19 5 0 0 0
BinVal : 19 6 0 0 0
BinVal : 19 7 0 0 0
BinVal : 19 8 0 0 0
BinVal : 19 9 0 0 0
BinVal : 19 10 0 0 0
BinVal : 19 11 0 0 0
BinVal : 19 12 0.583333 0.100635 0.100635
BinVal : 19 13 0.918367 0.0391149 0.0391149
BinVal : 19 14 0.887097 0.0401923 0.0401923
BinVal : 19 15 0.962963 0.0256996 0.0256996
BinVal : 19 16 0.788732 0.0484454 0.0484454
BinVal : 19 17 0.615385 0.0603434 0.0603434
BinVal : 19 18 0.414286 0.0588768 0.0588768
BinVal : 19 19 0.510204 0.0504971 0.0504971
BinVal : 19 20 0.426966 0.0524314 0.0524314
BinVal : 19 21 0.575758 0.0496717 0.0496717
BinVal : 19 22 0.571429 0.0499896 0.0499896
BinVal : 19 23 0.404255 0.0506167 0.0506167
BinVal : 19 24 0.443038 0.0558881 0.0558881
BinVal : 19 25 0.352941 0.0518339 0.0518339
BinVal : 19 26 0.6375 0.0537464 0.0537464
BinVal : 19 27 0.787879 0.0503211 0.0503211
BinVal : 19 28 0.846154 0.0447519 0.0447519
BinVal : 19 29 0.863636 0.0517355 0.0517355
BinVal : 19 30 0.880952 0.0499703 0.0499703
BinVal : 19 31 0.619048 0.105971 0.105971
BinVal : 19 32 0 0 0
BinVal : 19 33 0 0 0
BinVal : 19 34 0 0 0
BinVal : 19 35 0 0 0
BinVal : 19 36 0 0 0
BinVal : 19 37 0 0 0
BinVal : 19 38 0 0 0
BinVal : 19 39 0 0 0
BinVal : 19 40 0 0 0
BinVal : 19 41 0 0 0
BinVal : 19 42 0 0 0
BinVal : 19 43 0 0 0
BinVal : 20 0 0 0 0
BinVal : 20 1 0 0 0
BinVal : 20 2 0 0 0
BinVal : 20 3 0 0 0
BinVal : 20 4 0 0 0
BinVal : 20 5 0 0 0
BinVal : 20 6 0 0 0
BinVal : 20 7 0 0 0
BinVal : 20 8 0 0 0
BinVal : 20 9 0 0 0
BinVal : 20 10 0 0 0
BinVal : 20 11 0 0 0
BinVal : 20 12 0.777778 0.0979908 0.0979908
BinVal : 20 13 0.82 0.0543323 0.0543323
BinVal : 20 14 0.873016 0.0419484 0.0419484
BinVal : 20 15 0.797297 0.046733 0.046733
BinVal : 20 16 0.363636 0.0592126 0.0592126
BinVal : 20 17 0.133333 0.0358323 0.0358323
BinVal : 20 18 0.104478 0.0373691 0.0373691
BinVal : 20 19 0.353659 0.0527978 0.0527978
BinVal : 20 20 0.588235 0.0487304 0.0487304
BinVal : 20 21 0.572727 0.0471661 0.0471661
BinVal : 20 22 0.520408 0.0504655 0.0504655
BinVal : 20 23 0.457143 0.0486154 0.0486154
BinVal : 20 24 0.223404 0.0429615 0.0429615
BinVal : 20 25 0.040404 0.0197897 0.0197897
BinVal : 20 26 0.0705882 0.0277818 0.0277818
BinVal : 20 27 0.434783 0.0596787 0.0596787
BinVal : 20 28 0.894737 0.0406489 0.0406489
BinVal : 20 29 0.8125 0.0563367 0.0563367
BinVal : 20 30 0.893617 0.0449741 0.0449741
BinVal : 20 31 0.78125 0.0730792 0.0730792
BinVal : 20 32 0 0 0
BinVal : 20 33 0 0 0
BinVal : 20 34 0 0 0
BinVal : 20 35 0 0 0
BinVal : 20 36 0 0 0
BinVal : 20 37 0 0 0
BinVal : 20 38 0 0 0
BinVal : 20 39 0 0 0
BinVal : 20 40 0 0 0
BinVal : 20 41 0 0 0
BinVal : 20 42 0 0 0
BinVal : 20 43 0 0 0
BinVal : 21 0 0 0 0
BinVal : 21 1 0 0 0
BinVal : 21 2 0 0 0
BinVal : 21 3 0 0 0
BinVal : 21 4 0 0 0
BinVal : 21 5 0 0 0
BinVal : 21 6 0 0 0
BinVal : 21 7 0 0 0
BinVal : 21 8 0 0 0
BinVal : 21 9 0 0 0
BinVal : 21 10 0 0 0
BinVal : 21 11 0.833333 0.152145 0.152145
BinVal : 21 12 0.774194 0.0750952 0.0750952
BinVal : 21 13 0.840909 0.0551405 0.0551405
BinVal : 21 14 0.888889 0.037037 0.037037
BinVal : 21 15 0.735632 0.0472797 0.0472797
BinVal : 21 16 0.424242 0.0496717 0.0496717
BinVal : 21 17 0.243243 0.0407227 0.0407227
BinVal : 21 18 0.170213 0.0387628 0.0387628
BinVal : 21 19 0.557692 0.0487016 0.0487016
BinVal : 21 20 0.608696 0.0455102 0.0455102
BinVal : 21 21 0.729323 0.0385265 0.0385265
BinVal : 21 22 0.711864 0.0416923 0.0416923
BinVal : 21 23 0.428571 0.046761 0.046761
BinVal : 21 24 0.431193 0.0474357 0.0474357
BinVal : 21 25 0.204545 0.0429993 0.0429993
BinVal : 21 26 0.247423 0.0438137 0.0438137
BinVal : 21 27 0.494845 0.0507646 0.0507646
BinVal : 21 28 0.625 0.0494106 0.0494106
BinVal : 21 29 0.865854 0.0376361 0.0376361
BinVal : 21 30 0.8 0.0516398 0.0516398
BinVal : 21 31 0.702128 0.0667074 0.0667074
BinVal : 21 32 0.833333 0.152145 0.152145
BinVal : 21 33 0 0 0
BinVal : 21 34 0 0 0
BinVal : 21 35 0 0 0
BinVal : 21 36 0 0 0
BinVal : 21 37 0 0 0
BinVal : 21 38 0 0 0
BinVal : 21 39 0 0 0
BinVal : 21 40 0 0 0
BinVal : 21 41 0 0 0
BinVal : 21 42 0 0 0
BinVal : 21 43 0 0 0
BinVal : 22 0 0 0 0
BinVal : 22 1 0 0 0
BinVal : 22 2 0 0 0
BinVal : 22 3 0 0 0
BinVal : 22 4 0 0 0
BinVal : 22 5 0 0 0
BinVal : 22 6 0 0 0
BinVal : 22 7 0 0 0
BinVal : 22 8 0 0 0
BinVal : 22 9 0 0 0
BinVal : 22 10 0 0 0
BinVal : 22 11 0.941176 0.0570672 0.0570672
BinVal : 22 12 0.87234 0.0486767 0.0486767
BinVal : 22 13 0.864407 0.044571 0.044571
BinVal : 22 14 0.883117 0.0366134 0.0366134
BinVal : 22 15 0.474359 0.0565394 0.0565394
BinVal : 22 16 0.474359 0.0565394 0.0565394
BinVal : 22 17 0.363636 0.0725204 0.0725204
BinVal : 22 18 0.655172 0.0624115 0.0624115
BinVal : 22 19 0.409091 0.0524118 0.0524118
BinVal : 22 20 0.514019 0.0483178 0.0483178
BinVal : 22 21 0.52809 0.0529162 0.0529162
BinVal : 22 22 0.530612 0.0504129 0.0504129
BinVal : 22 23 0.403361 0.0449707 0.0449707
BinVal : 22 24 0.42268 0.0501566 0.0501566
BinVal : 22 25 0.42623 0.0633178 0.0633178
BinVal : 22 26 0.351351 0.0784828 0.0784828
BinVal : 22 27 0.402174 0.0511211 0.0511211
BinVal : 22 28 0.426471 0.0599747 0.0599747
BinVal : 22 29 0.878788 0.0401738 0.0401738
BinVal : 22 30 0.890909 0.0420368 0.0420368
BinVal : 22 31 0.833333 0.062113 0.062113
BinVal : 22 32 0.923077 0.0522589 0.0522589
BinVal : 22 33 0 0 0
BinVal : 22 34 0 0 0
BinVal : 22 35 0 0 0
BinVal : 22 36 0 0 0
BinVal : 22 37 0 0 0
BinVal : 22 38 0 0 0
BinVal : 22 39 0 0 0
BinVal : 22 40 0 0 0
BinVal : 22 41 0 0 0
BinVal : 22 42 0 0 0
BinVal : 22 43 0 0 0
BinVal : 23 0 0 0 0
BinVal : 23 1 0 0 0
BinVal : 23 2 0 0 0
BinVal : 23 3 0 0 0
BinVal : 23 4 0 0 0
BinVal : 23 5 0 0 0
BinVal : 23 6 0 0 0
BinVal : 23 7 0 0 0
BinVal : 23 8 0 0 0
BinVal : 23 9 0 0 0
BinVal : 23 10 0 0 0
BinVal : 23 11 0.36 0.096 0.096
BinVal : 23 12 0.809524 0.0605913 0.0605913
BinVal : 23 13 0.87234 0.0486767 0.0486767
BinVal : 23 14 0.757143 0.0512525 0.0512525
BinVal : 23 15 0.333333 0.0593914 0.0593914
BinVal : 23 16 0.5 0.0668153 0.0668153
BinVal : 23 17 0.384615 0.134932 0.134932
BinVal : 23 18 0.462687 0.0609144 0.0609144
BinVal : 23 19 0.473684 0.114549 0.114549
BinVal : 23 20 0.212121 0.0711647 0.0711647
BinVal : 23 21 0.145833 0.0509424 0.0509424
BinVal : 23 22 0.264151 0.0605595 0.0605595
BinVal : 23 23 0.333333 0.0907218 0.0907218
BinVal : 23 24 0.571429 0.13226 0.13226
BinVal : 23 25 0.316667 0.060054 0.060054
BinVal : 23 26 0.421053 0.113269 0.113269
BinVal : 23 27 0.45614 0.0659713 0.0659713
BinVal : 23 28 0.366667 0.0622123 0.0622123
BinVal : 23 29 0.803279 0.0508972 0.0508972
BinVal : 23 30 0.836735 0.0528011 0.0528011
BinVal : 23 31 0.78125 0.0730792 0.0730792
BinVal : 23 32 0.857143 0.0763604 0.0763604
BinVal : 23 33 0 0 0
BinVal : 23 34 0 0 0
BinVal : 23 35 0 0 0
BinVal : 23 36 0 0 0
BinVal : 23 37 0 0 0
BinVal : 23 38 0 0 0
BinVal : 23 39 0 0 0
BinVal : 23 40 0 0 0
BinVal : 23 41 0 0 0
BinVal : 23 42 0 0 0
BinVal : 23 43 0 0 0
BinVal : 24 0 0 0 0
BinVal : 24 1 0 0 0
BinVal : 24 2 0 0 0
BinVal : 24 3 0 0 0
BinVal : 24 4 0 0 0
BinVal : 24 5 0 0 0
BinVal : 24 6 0 0 0
BinVal : 24 7 0 0 0
BinVal : 24 8 0 0 0
BinVal : 24 9 0 0 0
BinVal : 24 10 0 0 0
BinVal : 24 11 0.777778 0.0979908 0.0979908
BinVal : 24 12 0.636364 0.0837393 0.0837393
BinVal : 24 13 0.906977 0.0442955 0.0442955
BinVal : 24 14 0.764706 0.0593974 0.0593974
BinVal : 24 15 0.34375 0.0593699 0.0593699
BinVal : 24 16 0.604651 0.0745604 0.0745604
BinVal : 24 17 0.785714 0.109664 0.109664
BinVal : 24 18 0.442308 0.0688744 0.0688744
BinVal : 24 19 0.296296 0.0878772 0.0878772
BinVal : 24 20 0.527273 0.0673196 0.0673196
BinVal : 24 21 0.25 0.0559017 0.0559017
BinVal : 24 22 0.304878 0.0508378 0.0508378
BinVal : 24 23 0.355556 0.0713576 0.0713576
BinVal : 24 24 0.259259 0.084337 0.084337
BinVal : 24 25 0.285714 0.0645363 0.0645363
BinVal : 24 26 0.368421 0.110665 0.110665
BinVal : 24 27 0.333333 0.0680414 0.0680414
BinVal : 24 28 0.4 0.069282 0.069282
BinVal : 24 29 0.870968 0.042575 0.042575
BinVal : 24 30 0.825 0.0600781 0.0600781
BinVal : 24 31 0.8 0.0632455 0.0632455
BinVal : 24 32 0.578947 0.113269 0.113269
BinVal : 24 33 0 0 0
BinVal : 24 34 0 0 0
BinVal : 24 35 0 0 0
BinVal : 24 36 0 0 0
BinVal : 24 37 0 0 0
BinVal : 24 38 0 0 0
BinVal : 24 39 0 0 0
BinVal : 24 40 0 0 0
BinVal : 24 41 0 0 0
BinVal : 24 42 0 0 0
BinVal : 24 43 0 0 0
BinVal : 25 0 0 0 0
BinVal : 25 1 0 0 0
BinVal : 25 2 0 0 0
BinVal : 25 3 0 0 0
BinVal : 25 4 0 0 0
BinVal : 25 5 0 0 0
BinVal : 25 6 0 0 0
BinVal : 25 7 0 0 0
BinVal : 25 8 0 0 0
BinVal : 25 9 0 0 0
BinVal : 25 10 0 0 0
BinVal : 25 11 0.851852 0.0683673 0.0683673
BinVal : 25 12 0.78 0.0585833 0.0585833
BinVal : 25 13 0.893617 0.0449741 0.0449741
BinVal : 25 14 0.9 0.0358569 0.0358569
BinVal : 25 15 0.387097 0.06186 0.06186
BinVal : 25 16 0.558442 0.0565897 0.0565897
BinVal : 25 17 0.588235 0.0844035 0.0844035
BinVal : 25 18 0.528302 0.0685702 0.0685702
BinVal : 25 19 0.406977 0.0529751 0.0529751
BinVal : 25 20 0.373626 0.0507125 0.0507125
BinVal : 25 21 0.422535 0.0586226 0.0586226
BinVal : 25 22 0.548077 0.0488019 0.0488019
BinVal : 25 23 0.460784 0.0493549 0.0493549
BinVal : 25 24 0.409091 0.0524118 0.0524118
BinVal : 25 25 0.402985 0.0599238 0.0599238
BinVal : 25 26 0.391304 0.101764 0.101764
BinVal : 25 27 0.37931 0.0637119 0.0637119
BinVal : 25 28 0.447368 0.0570353 0.0570353
BinVal : 25 29 0.910714 0.0381055 0.0381055
BinVal : 25 30 0.803922 0.0555951 0.0555951
BinVal : 25 31 0.826923 0.0524627 0.0524627
BinVal : 25 32 0.863636 0.073165 0.073165
BinVal : 25 33 0 0 0
BinVal : 25 34 0 0 0
BinVal : 25 35 0 0 0
BinVal : 25 36 0 0 0
BinVal : 25 37 0 0 0
BinVal : 25 38 0 0 0
BinVal : 25 39 0 0 0
BinVal : 25 40 0 0 0
BinVal : 25 41 0 0 0
BinVal : 25 42 0 0 0
BinVal : 25 43 0 0 0
BinVal : 26 0 0 0 0
BinVal : 26 1 0 0 0
BinVal : 26 2 0 0 0
BinVal : 26 3 0 0 0
BinVal : 26 4 0 0 0
BinVal : 26 5 0 0 0
BinVal : 26 6 0 0 0
BinVal : 26 7 0 0 0
BinVal : 26 8 0 0 0
BinVal : 26 9 0 0 0
BinVal : 26 10 0 0 0
BinVal : 26 11 1 0.0756803 0.0756803
BinVal : 26 12 0.877551 0.0468291 0.0468291
BinVal : 26 13 0.830508 0.048845 0.048845
BinVal : 26 14 0.887097 0.0401923 0.0401923
BinVal : 26 15 0.71831 0.0533842 0.0533842
BinVal : 26 16 0.485294 0.0606077 0.0606077
BinVal : 26 17 0.27957 0.0465371 0.0465371
BinVal : 26 18 0.197368 0.0456552 0.0456552
BinVal : 26 19 0.438095 0.0484196 0.0484196
BinVal : 26 20 0.537037 0.0479803 0.0479803
BinVal : 26 21 0.569892 0.0513385 0.0513385
BinVal : 26 22 0.724771 0.0427794 0.0427794
BinVal : 26 23 0.592233 0.048421 0.048421
BinVal : 26 24 0.444444 0.0523783 0.0523783
BinVal : 26 25 0.2 0.0447214 0.0447214
BinVal : 26 26 0.202247 0.0425775 0.0425775
BinVal : 26 27 0.292683 0.0502457 0.0502457
BinVal : 26 28 0.646154 0.0593087 0.0593087
BinVal : 26 29 0.85 0.0460977 0.0460977
BinVal : 26 30 0.854167 0.0509424 0.0509424
BinVal : 26 31 0.755102 0.0614324 0.0614324
BinVal : 26 32 0.875 0.116927 0.116927
BinVal : 26 33 0 0 0
BinVal : 26 34 0 0 0
BinVal : 26 35 0 0 0
BinVal : 26 36 0 0 0
BinVal : 26 37 0 0 0
BinVal : 26 38 0 0 0
BinVal : 26 39 0 0 0
BinVal : 26 40 0 0 0
BinVal : 26 41 0 0 0
BinVal : 26 42 0 0 0
BinVal : 26 43 0 0 0
BinVal : 27 0 0 0 0
BinVal : 27 1 0 0 0
BinVal : 27 2 0 0 0
BinVal : 27 3 0 0 0
BinVal : 27 4 0 0 0
BinVal : 27 5 0 0 0
BinVal : 27 6 0 0 0
BinVal : 27 7 0 0 0
BinVal : 27 8 0 0 0
BinVal : 27 9 0 0 0
BinVal : 27 10 0 0 0
BinVal : 27 11 0 0 0
BinVal : 27 12 0.666667 0.102869 0.102869
BinVal : 27 13 0.842105 0.048298 0.048298
BinVal : 27 14 0.804878 0.0618908 0.0618908
BinVal : 27 15 0.823529 0.0462297 0.0462297
BinVal : 27 16 0.4875 0.0558842 0.0558842
BinVal : 27 17 0.0759494 0.0298055 0.0298055
BinVal : 27 18 0.0759494 0.0298055 0.0298055
BinVal : 27 19 0.255556 0.0459767 0.0459767
BinVal : 27 20 0.298246 0.0428477 0.0428477
BinVal : 27 21 0.504425 0.0470342 0.0470342
BinVal : 27 22 0.48062 0.0439895 0.0439895
BinVal : 27 23 0.405405 0.0466008 0.0466008
BinVal : 27 24 0.254545 0.0415333 0.0415333
BinVal : 27 25 0.0659341 0.026015 0.026015
BinVal : 27 26 0.105263 0.035203 0.035203
BinVal : 27 27 0.349398 0.0523334 0.0523334
BinVal : 27 28 0.870968 0.042575 0.042575
BinVal : 27 29 0.924242 0.0325712 0.0325712
BinVal : 27 30 0.826087 0.0558856 0.0558856
BinVal : 27 31 0.833333 0.087841 0.087841
BinVal : 27 32 0 0 0
BinVal : 27 33 0 0 0
BinVal : 27 34 0 0 0
BinVal : 27 35 0 0 0
BinVal : 27 36 0 0 0
BinVal : 27 37 0 0 0
BinVal : 27 38 0 0 0
BinVal : 27 39 0 0 0
BinVal : 27 40 0 0 0
BinVal : 27 41 0 0 0
BinVal : 27 42 0 0 0
BinVal : 27 43 0 0 0
BinVal : 28 0 0 0 0
BinVal : 28 1 0 0 0
BinVal : 28 2 0 0 0
BinVal : 28 3 0 0 0
BinVal : 28 4 0 0 0
BinVal : 28 5 0 0 0
BinVal : 28 6 0 0 0
BinVal : 28 7 0 0 0
BinVal : 28 8 0 0 0
BinVal : 28 9 0 0 0
BinVal : 28 10 0 0 0
BinVal : 28 11 0 0 0
BinVal : 28 12 0.846154 0.0707589 0.0707589
BinVal : 28 13 0.916667 0.0460642 0.0460642
BinVal : 28 14 0.886364 0.0478452 0.0478452
BinVal : 28 15 0.910714 0.0381055 0.0381055
BinVal : 28 16 0.743243 0.0507821 0.0507821
BinVal : 28 17 0.541667 0.0587206 0.0587206
BinVal : 28 18 0.355556 0.0504574 0.0504574
BinVal : 28 19 0.522222 0.0526525 0.0526525
BinVal : 28 20 0.350649 0.0543789 0.0543789
BinVal : 28 21 0.378641 0.0477932 0.0477932
BinVal : 28 22 0.521277 0.0515243 0.0515243
BinVal : 28 23 0.320388 0.045978 0.045978
BinVal : 28 24 0.454545 0.0530795 0.0530795
BinVal : 28 25 0.310811 0.0538024 0.0538024
BinVal : 28 26 0.609375 0.0609863 0.0609863
BinVal : 28 27 0.712329 0.0529818 0.0529818
BinVal : 28 28 0.925373 0.0321047 0.0321047
BinVal : 28 29 0.873016 0.0419484 0.0419484
BinVal : 28 30 0.777778 0.0619748 0.0619748
BinVal : 28 31 0.913043 0.0587534 0.0587534
BinVal : 28 32 0 0 0
BinVal : 28 33 0 0 0
BinVal : 28 34 0 0 0
BinVal : 28 35 0 0 0
BinVal : 28 36 0 0 0
BinVal : 28 37 0 0 0
BinVal : 28 38 0 0 0
BinVal : 28 39 0 0 0
BinVal : 28 40 0 0 0
BinVal : 28 41 0 0 0
BinVal : 28 42 0 0 0
BinVal : 28 43 0 0 0
BinVal : 29 0 0 0 0
BinVal : 29 1 0 0 0
BinVal : 29 2 0 0 0
BinVal : 29 3 0 0 0
BinVal : 29 4 0 0 0
BinVal : 29 5 0 0 0
BinVal : 29 6 0 0 0
BinVal : 29 7 0 0 0
BinVal : 29 8 0 0 0
BinVal : 29 9 0 0 0
BinVal : 29 10 0 0 0
BinVal : 29 11 0.8125 0.0975781 0.0975781
BinVal : 29 12 0.789474 0.0661348 0.0661348
BinVal : 29 13 0.862745 0.0481859 0.0481859
BinVal : 29 14 0.819672 0.0492251 0.0492251
BinVal : 29 15 0.818182 0.052007 0.052007
BinVal : 29 16 0.842105 0.0418273 0.0418273
BinVal : 29 17 0.52381 0.0544926 0.0544926
BinVal : 29 18 0.663043 0.0492792 0.0492792
BinVal : 29 19 0.819048 0.0375701 0.0375701
BinVal : 29 20 0.747253 0.0455571 0.0455571
BinVal : 29 21 0.865979 0.0345903 0.0345903
BinVal : 29 22 0.916667 0.0282085 0.0282085
BinVal : 29 23 0.427184 0.0487412 0.0487412
BinVal : 29 24 0.771186 0.0386705 0.0386705
BinVal : 29 25 0.578947 0.0462419 0.0462419
BinVal : 29 26 0.50505 0.0502493 0.0502493
BinVal : 29 27 0.788235 0.0443144 0.0443144
BinVal : 29 28 0.910256 0.0323621 0.0323621
BinVal : 29 29 0.90625 0.0364351 0.0364351
BinVal : 29 30 0.886792 0.0435222 0.0435222
BinVal : 29 31 0.857143 0.0539949 0.0539949
BinVal : 29 32 0.6 0.154919 0.154919
BinVal : 29 33 0 0 0
BinVal : 29 34 0 0 0
BinVal : 29 35 0 0 0
BinVal : 29 36 0 0 0
BinVal : 29 37 0 0 0
BinVal : 29 38 0 0 0
BinVal : 29 39 0 0 0
BinVal : 29 40 0 0 0
BinVal : 29 41 0 0 0
BinVal : 29 42 0 0 0
BinVal : 29 43 0 0 0
BinVal : 30 0 0 0 0
BinVal : 30 1 0 0 0
BinVal : 30 2 0 0 0
BinVal : 30 3 0 0 0
BinVal : 30 4 0 0 0
BinVal : 30 5 0 0 0
BinVal : 30 6 0 0 0
BinVal : 30 7 0 0 0
BinVal : 30 8 0 0 0
BinVal : 30 9 0 0 0
BinVal : 30 10 0 0 0
BinVal : 30 11 0.85 0.0798436 0.0798436
BinVal : 30 12 0.829268 0.0587642 0.0587642
BinVal : 30 13 0.819672 0.0492251 0.0492251
BinVal : 30 14 0.941176 0.0285336 0.0285336
BinVal : 30 15 0.925373 0.0321047 0.0321047
BinVal : 30 16 0.571429 0.0518766 0.0518766
BinVal : 30 17 0.633803 0.0571749 0.0571749
BinVal : 30 18 0.585859 0.0495055 0.0495055
BinVal : 30 19 0.791209 0.042607 0.042607
BinVal : 30 20 0.731481 0.0426459 0.0426459
BinVal : 30 21 0.897638 0.0268979 0.0268979
BinVal : 30 22 0.864 0.0306599 0.0306599
BinVal : 30 23 0.533835 0.0432561 0.0432561
BinVal : 30 24 0.821782 0.0380797 0.0380797
BinVal : 30 25 0.529412 0.0541387 0.0541387
BinVal : 30 26 0.521739 0.0520793 0.0520793
BinVal : 30 27 0.716049 0.0501015 0.0501015
BinVal : 30 28 0.934211 0.0284377 0.0284377
BinVal : 30 29 0.897059 0.0368511 0.0368511
BinVal : 30 30 0.901639 0.0381296 0.0381296
BinVal : 30 31 0.754717 0.0591001 0.0591001
BinVal : 30 32 0.678571 0.0882594 0.0882594
BinVal : 30 33 0 0 0
BinVal : 30 34 0 0 0
BinVal : 30 35 0 0 0
BinVal : 30 36 0 0 0
BinVal : 30 37 0 0 0
BinVal : 30 38 0 0 0
BinVal : 30 39 0 0 0
BinVal : 30 40 0 0 0
BinVal : 30 41 0 0 0
BinVal : 30 42 0 0 0
BinVal : 30 43 0 0 0
BinVal : 31 0 0 0 0
BinVal : 31 1 0 0 0
BinVal : 31 2 0 0 0
BinVal : 31 3 0 0 0
BinVal : 31 4 0 0 0
BinVal : 31 5 0 0 0
BinVal : 31 6 0 0 0
BinVal : 31 7 0 0 0
BinVal : 31 8 0 0 0
BinVal : 31 9 0 0 0
BinVal : 31 10 0 0 0
BinVal : 31 11 0.777778 0.0979908 0.0979908
BinVal : 31 12 0.815789 0.0628861 0.0628861
BinVal : 31 13 0.898305 0.0393492 0.0393492
BinVal : 31 14 0.851852 0.048343 0.048343
BinVal : 31 15 0.825 0.0424816 0.0424816
BinVal : 31 16 0.653061 0.0480829 0.0480829
BinVal : 31 17 0.657534 0.0555401 0.0555401
BinVal : 31 18 0.656863 0.0470079 0.0470079
BinVal : 31 19 0.861111 0.0332776 0.0332776
BinVal : 31 20 0.691589 0.0446475 0.0446475
BinVal : 31 21 0.766667 0.0445831 0.0445831
BinVal : 31 22 0.853211 0.033897 0.033897
BinVal : 31 23 0.651786 0.045016 0.045016
BinVal : 31 24 0.821053 0.0393266 0.0393266
BinVal : 31 25 0.597701 0.0525723 0.0525723
BinVal : 31 26 0.659574 0.0488741 0.0488741
BinVal : 31 27 0.728395 0.0494208 0.0494208
BinVal : 31 28 0.863158 0.0352609 0.0352609
BinVal : 31 29 0.941176 0.0285336 0.0285336
BinVal : 31 30 0.943396 0.0317418 0.0317418
BinVal : 31 31 0.9 0.0474342 0.0474342
BinVal : 31 32 0.833333 0.087841 0.087841
BinVal : 31 33 0 0 0
BinVal : 31 34 0 0 0
BinVal : 31 35 0 0 0
BinVal : 31 36 0 0 0
BinVal : 31 37 0 0 0
BinVal : 31 38 0 0 0
BinVal : 31 39 0 0 0
BinVal : 31 40 0 0 0
BinVal : 31 41 0 0 0
BinVal : 31 42 0 0 0
BinVal : 31 43 0 0 0


