Comments : cosmic veto applied 
EffMethod : TagAndProbe 
EffName : eff 
EffType : Binned 
EffVarNames : phi deteta 
EffVersion : 5 
ObjQuality : l3l15 
ObjRelativeTo : medium_l1atlx_l2m5 
ObjType : Muon 
ObjVersion : 1 
RunRangeHigh : 216000 
RunRangeLow : 194600 
TriggerVersionHigh : 14.99 
TriggerVersionLow : 13 
BinEdgesX : 0 0.19635 0.3927 0.58905 0.7854 0.98175 1.1781 1.37445 1.5708 1.76715 1.9635 2.15985 2.3562 2.55255 2.7489 2.94525 3.1416 3.33795 3.5343 3.73065 3.927 4.12335 4.3197 4.51605 4.7124 4.90875 5.1051 5.30145 5.4978 5.69415 5.8905 6.08685 6.2832 
BinEdgesY : -4.2 -4.00909 -3.81818 -3.62727 -3.43636 -3.24545 -3.05455 -2.86364 -2.67273 -2.48182 -2.29091 -2.1 -1.90909 -1.71818 -1.52727 -1.33636 -1.14545 -0.954545 -0.763636 -0.572727 -0.381818 -0.190909 0 0.190909 0.381818 0.572727 0.763636 0.954545 1.14545 1.33636 1.52727 1.71818 1.90909 2.1 2.29091 2.48182 2.67273 2.86364 3.05455 3.24545 3.43636 3.62727 3.81818 4.00909 4.2 
BinVal : 0 0 0 0 0
BinVal : 0 1 0 0 0
BinVal : 0 2 0 0 0
BinVal : 0 3 0 0 0
BinVal : 0 4 0 0 0
BinVal : 0 5 0 0 0
BinVal : 0 6 0 0 0
BinVal : 0 7 0 0 0
BinVal : 0 8 0 0 0
BinVal : 0 9 0 0 0
BinVal : 0 10 0 0 0
BinVal : 0 11 0.8 0.126491 0.126491
BinVal : 0 12 0.775 0.0660256 0.0660256
BinVal : 0 13 0.948276 0.0290804 0.0290804
BinVal : 0 14 0.9 0.0387298 0.0387298
BinVal : 0 15 0.878788 0.0401738 0.0401738
BinVal : 0 16 0.807018 0.0522713 0.0522713
BinVal : 0 17 0.534247 0.0583831 0.0583831
BinVal : 0 18 0.785714 0.0633147 0.0633147
BinVal : 0 19 0.850746 0.0435337 0.0435337
BinVal : 0 20 0.761364 0.0454384 0.0454384
BinVal : 0 21 0.828283 0.0379034 0.0379034
BinVal : 0 22 0.791209 0.042607 0.042607
BinVal : 0 23 0.521127 0.0592861 0.0592861
BinVal : 0 24 0.797297 0.046733 0.046733
BinVal : 0 25 0.814815 0.052861 0.052861
BinVal : 0 26 0.655172 0.0509588 0.0509588
BinVal : 0 27 0.565217 0.0730912 0.0730912
BinVal : 0 28 0.951807 0.0235086 0.0235086
BinVal : 0 29 0.942308 0.0323336 0.0323336
BinVal : 0 30 0.82 0.0543323 0.0543323
BinVal : 0 31 0.764706 0.0727467 0.0727467
BinVal : 0 32 0.6 0.154919 0.154919
BinVal : 0 33 0 0 0
BinVal : 0 34 0 0 0
BinVal : 0 35 0 0 0
BinVal : 0 36 0 0 0
BinVal : 0 37 0 0 0
BinVal : 0 38 0 0 0
BinVal : 0 39 0 0 0
BinVal : 0 40 0 0 0
BinVal : 0 41 0 0 0
BinVal : 0 42 0 0 0
BinVal : 0 43 0 0 0
BinVal : 1 0 0 0 0
BinVal : 1 1 0 0 0
BinVal : 1 2 0 0 0
BinVal : 1 3 0 0 0
BinVal : 1 4 0 0 0
BinVal : 1 5 0 0 0
BinVal : 1 6 0 0 0
BinVal : 1 7 0 0 0
BinVal : 1 8 0 0 0
BinVal : 1 9 0 0 0
BinVal : 1 10 0 0 0
BinVal : 1 11 0.6875 0.115878 0.115878
BinVal : 1 12 0.836364 0.0498834 0.0498834
BinVal : 1 13 0.852459 0.0454076 0.0454076
BinVal : 1 14 0.875 0.0337539 0.0337539
BinVal : 1 15 0.927711 0.0284252 0.0284252
BinVal : 1 16 0.740741 0.048692 0.048692
BinVal : 1 17 0.610526 0.0500299 0.0500299
BinVal : 1 18 0.576923 0.068512 0.068512
BinVal : 1 19 0.898876 0.0319581 0.0319581
BinVal : 1 20 0.754098 0.0389865 0.0389865
BinVal : 1 21 0.849624 0.0309939 0.0309939
BinVal : 1 22 0.852941 0.0303694 0.0303694
BinVal : 1 23 0.30303 0.0565689 0.0565689
BinVal : 1 24 0.872549 0.0330192 0.0330192
BinVal : 1 25 0.780822 0.0484187 0.0484187
BinVal : 1 26 0.594595 0.0570741 0.0570741
BinVal : 1 27 0.698413 0.0578219 0.0578219
BinVal : 1 28 0.9 0.0316228 0.0316228
BinVal : 1 29 0.859375 0.0434543 0.0434543
BinVal : 1 30 0.868852 0.0432203 0.0432203
BinVal : 1 31 0.808511 0.057394 0.057394
BinVal : 1 32 0.764706 0.0727467 0.0727467
BinVal : 1 33 0 0 0
BinVal : 1 34 0 0 0
BinVal : 1 35 0 0 0
BinVal : 1 36 0 0 0
BinVal : 1 37 0 0 0
BinVal : 1 38 0 0 0
BinVal : 1 39 0 0 0
BinVal : 1 40 0 0 0
BinVal : 1 41 0 0 0
BinVal : 1 42 0 0 0
BinVal : 1 43 0 0 0
BinVal : 2 0 0 0 0
BinVal : 2 1 0 0 0
BinVal : 2 2 0 0 0
BinVal : 2 3 0 0 0
BinVal : 2 4 0 0 0
BinVal : 2 5 0 0 0
BinVal : 2 6 0 0 0
BinVal : 2 7 0 0 0
BinVal : 2 8 0 0 0
BinVal : 2 9 0 0 0
BinVal : 2 10 0 0 0
BinVal : 2 11 0.692308 0.128008 0.128008
BinVal : 2 12 0.727273 0.0671408 0.0671408
BinVal : 2 13 0.935484 0.0441237 0.0441237
BinVal : 2 14 0.939759 0.0261165 0.0261165
BinVal : 2 15 0.902174 0.0309727 0.0309727
BinVal : 2 16 0.849315 0.0418705 0.0418705
BinVal : 2 17 0.617284 0.0540055 0.0540055
BinVal : 2 18 0.704918 0.058395 0.058395
BinVal : 2 19 0.822785 0.0429616 0.0429616
BinVal : 2 20 0.807692 0.038646 0.038646
BinVal : 2 21 0.839286 0.0347035 0.0347035
BinVal : 2 22 0.852941 0.0350675 0.0350675
BinVal : 2 23 0.362069 0.0631057 0.0631057
BinVal : 2 24 0.918367 0.0276584 0.0276584
BinVal : 2 25 0.851852 0.0394719 0.0394719
BinVal : 2 26 0.646154 0.0593087 0.0593087
BinVal : 2 27 0.828947 0.0431938 0.0431938
BinVal : 2 28 0.873684 0.0340835 0.0340835
BinVal : 2 29 0.831169 0.0426899 0.0426899
BinVal : 2 30 0.934426 0.0316937 0.0316937
BinVal : 2 31 0.816327 0.0553168 0.0553168
BinVal : 2 32 0.823529 0.0924594 0.0924594
BinVal : 2 33 0 0 0
BinVal : 2 34 0 0 0
BinVal : 2 35 0 0 0
BinVal : 2 36 0 0 0
BinVal : 2 37 0 0 0
BinVal : 2 38 0 0 0
BinVal : 2 39 0 0 0
BinVal : 2 40 0 0 0
BinVal : 2 41 0 0 0
BinVal : 2 42 0 0 0
BinVal : 2 43 0 0 0
BinVal : 3 0 0 0 0
BinVal : 3 1 0 0 0
BinVal : 3 2 0 0 0
BinVal : 3 3 0 0 0
BinVal : 3 4 0 0 0
BinVal : 3 5 0 0 0
BinVal : 3 6 0 0 0
BinVal : 3 7 0 0 0
BinVal : 3 8 0 0 0
BinVal : 3 9 0 0 0
BinVal : 3 10 0 0 0
BinVal : 3 11 0 0 0
BinVal : 3 12 0.888889 0.0740741 0.0740741
BinVal : 3 13 0.725 0.0706001 0.0706001
BinVal : 3 14 0.911111 0.0424232 0.0424232
BinVal : 3 15 0.915254 0.036258 0.036258
BinVal : 3 16 0.901408 0.0353795 0.0353795
BinVal : 3 17 0.761905 0.0657205 0.0657205
BinVal : 3 18 0.548387 0.063202 0.063202
BinVal : 3 19 0.818182 0.052007 0.052007
BinVal : 3 20 0.87931 0.0427752 0.0427752
BinVal : 3 21 0.790123 0.0452467 0.0452467
BinVal : 3 22 0.898551 0.0363472 0.0363472
BinVal : 3 23 0.545455 0.0750657 0.0750657
BinVal : 3 24 0.830769 0.0465075 0.0465075
BinVal : 3 25 0.655172 0.0624115 0.0624115
BinVal : 3 26 0.707317 0.0710581 0.0710581
BinVal : 3 27 0.916667 0.0356812 0.0356812
BinVal : 3 28 0.887097 0.0401923 0.0401923
BinVal : 3 29 0.8 0.0676123 0.0676123
BinVal : 3 30 0.886364 0.0478452 0.0478452
BinVal : 3 31 0.83871 0.0660586 0.0660586
BinVal : 3 32 0 0 0
BinVal : 3 33 0 0 0
BinVal : 3 34 0 0 0
BinVal : 3 35 0 0 0
BinVal : 3 36 0 0 0
BinVal : 3 37 0 0 0
BinVal : 3 38 0 0 0
BinVal : 3 39 0 0 0
BinVal : 3 40 0 0 0
BinVal : 3 41 0 0 0
BinVal : 3 42 0 0 0
BinVal : 3 43 0 0 0
BinVal : 4 0 0 0 0
BinVal : 4 1 0 0 0
BinVal : 4 2 0 0 0
BinVal : 4 3 0 0 0
BinVal : 4 4 0 0 0
BinVal : 4 5 0 0 0
BinVal : 4 6 0 0 0
BinVal : 4 7 0 0 0
BinVal : 4 8 0 0 0
BinVal : 4 9 0 0 0
BinVal : 4 10 0 0 0
BinVal : 4 11 0 0 0
BinVal : 4 12 0.85 0.0798436 0.0798436
BinVal : 4 13 0.888889 0.0604812 0.0604812
BinVal : 4 14 0.92 0.0542586 0.0542586
BinVal : 4 15 0.906977 0.0442955 0.0442955
BinVal : 4 16 0.904762 0.0452948 0.0452948
BinVal : 4 17 0.633333 0.0879815 0.0879815
BinVal : 4 18 0.759494 0.0480852 0.0480852
BinVal : 4 19 0.870968 0.042575 0.042575
BinVal : 4 20 0.780488 0.0646428 0.0646428
BinVal : 4 21 0.892857 0.0413313 0.0413313
BinVal : 4 22 0.876712 0.0384793 0.0384793
BinVal : 4 23 0.92 0.0383667 0.0383667
BinVal : 4 24 0.883721 0.0488848 0.0488848
BinVal : 4 25 0.679245 0.0641153 0.0641153
BinVal : 4 26 0.652174 0.0993113 0.0993113
BinVal : 4 27 0.86 0.0490714 0.0490714
BinVal : 4 28 0.771429 0.0709782 0.0709782
BinVal : 4 29 0.83871 0.0660586 0.0660586
BinVal : 4 30 0.785714 0.0775443 0.0775443
BinVal : 4 31 0.833333 0.0760726 0.0760726
BinVal : 4 32 0 0 0
BinVal : 4 33 0 0 0
BinVal : 4 34 0 0 0
BinVal : 4 35 0 0 0
BinVal : 4 36 0 0 0
BinVal : 4 37 0 0 0
BinVal : 4 38 0 0 0
BinVal : 4 39 0 0 0
BinVal : 4 40 0 0 0
BinVal : 4 41 0 0 0
BinVal : 4 42 0 0 0
BinVal : 4 43 0 0 0
BinVal : 5 0 0 0 0
BinVal : 5 1 0 0 0
BinVal : 5 2 0 0 0
BinVal : 5 3 0 0 0
BinVal : 5 4 0 0 0
BinVal : 5 5 0 0 0
BinVal : 5 6 0 0 0
BinVal : 5 7 0 0 0
BinVal : 5 8 0 0 0
BinVal : 5 9 0 0 0
BinVal : 5 10 0 0 0
BinVal : 5 11 0.857143 0.13226 0.13226
BinVal : 5 12 0.695652 0.0959439 0.0959439
BinVal : 5 13 0.916667 0.0460642 0.0460642
BinVal : 5 14 0.744186 0.0665378 0.0665378
BinVal : 5 15 0.938776 0.0342488 0.0342488
BinVal : 5 16 0.84 0.0518459 0.0518459
BinVal : 5 17 0.756757 0.0705339 0.0705339
BinVal : 5 18 0.823529 0.0533815 0.0533815
BinVal : 5 19 0.9375 0.0349386 0.0349386
BinVal : 5 20 0.773585 0.0574869 0.0574869
BinVal : 5 21 0.873016 0.0419484 0.0419484
BinVal : 5 22 0.879518 0.0357309 0.0357309
BinVal : 5 23 0.793103 0.0531897 0.0531897
BinVal : 5 24 0.925 0.0416458 0.0416458
BinVal : 5 25 0.653846 0.0659737 0.0659737
BinVal : 5 26 0.648649 0.0784828 0.0784828
BinVal : 5 27 0.793103 0.0531897 0.0531897
BinVal : 5 28 0.714286 0.0697071 0.0697071
BinVal : 5 29 0.770833 0.0606646 0.0606646
BinVal : 5 30 0.72973 0.0730095 0.0730095
BinVal : 5 31 0.75 0.0818317 0.0818317
BinVal : 5 32 1 0.102643 0.102643
BinVal : 5 33 0 0 0
BinVal : 5 34 0 0 0
BinVal : 5 35 0 0 0
BinVal : 5 36 0 0 0
BinVal : 5 37 0 0 0
BinVal : 5 38 0 0 0
BinVal : 5 39 0 0 0
BinVal : 5 40 0 0 0
BinVal : 5 41 0 0 0
BinVal : 5 42 0 0 0
BinVal : 5 43 0 0 0
BinVal : 6 0 0 0 0
BinVal : 6 1 0 0 0
BinVal : 6 2 0 0 0
BinVal : 6 3 0 0 0
BinVal : 6 4 0 0 0
BinVal : 6 5 0 0 0
BinVal : 6 6 0 0 0
BinVal : 6 7 0 0 0
BinVal : 6 8 0 0 0
BinVal : 6 9 0 0 0
BinVal : 6 10 0 0 0
BinVal : 6 11 0.916667 0.0797856 0.0797856
BinVal : 6 12 0.923077 0.0739053 0.0739053
BinVal : 6 13 0.766667 0.0772202 0.0772202
BinVal : 6 14 0.791667 0.0828982 0.0828982
BinVal : 6 15 0.928571 0.0486704 0.0486704
BinVal : 6 16 0.833333 0.0760726 0.0760726
BinVal : 6 17 0.47619 0.0770641 0.0770641
BinVal : 6 18 0.875 0.0584634 0.0584634
BinVal : 6 19 0.9 0.067082 0.067082
BinVal : 6 20 0.825 0.0600781 0.0600781
BinVal : 6 21 0.947368 0.0362235 0.0362235
BinVal : 6 22 0.87931 0.0427752 0.0427752
BinVal : 6 23 0.888889 0.0523783 0.0523783
BinVal : 6 24 0.818182 0.0671408 0.0671408
BinVal : 6 25 0.771429 0.0709782 0.0709782
BinVal : 6 26 0.72093 0.068402 0.068402
BinVal : 6 27 0.541667 0.101707 0.101707
BinVal : 6 28 0.857143 0.0539949 0.0539949
BinVal : 6 29 0.8 0.08 0.08
BinVal : 6 30 0.8 0.0894427 0.0894427
BinVal : 6 31 0.863636 0.073165 0.073165
BinVal : 6 32 0.833333 0.152145 0.152145
BinVal : 6 33 0 0 0
BinVal : 6 34 0 0 0
BinVal : 6 35 0 0 0
BinVal : 6 36 0 0 0
BinVal : 6 37 0 0 0
BinVal : 6 38 0 0 0
BinVal : 6 39 0 0 0
BinVal : 6 40 0 0 0
BinVal : 6 41 0 0 0
BinVal : 6 42 0 0 0
BinVal : 6 43 0 0 0
BinVal : 7 0 0 0 0
BinVal : 7 1 0 0 0
BinVal : 7 2 0 0 0
BinVal : 7 3 0 0 0
BinVal : 7 4 0 0 0
BinVal : 7 5 0 0 0
BinVal : 7 6 0 0 0
BinVal : 7 7 0 0 0
BinVal : 7 8 0 0 0
BinVal : 7 9 0 0 0
BinVal : 7 10 0 0 0
BinVal : 7 11 0.666667 0.19245 0.19245
BinVal : 7 12 0.666667 0.157135 0.157135
BinVal : 7 13 1 0.0368657 0.0368657
BinVal : 7 14 0.933333 0.0644061 0.0644061
BinVal : 7 15 0.921053 0.0437441 0.0437441
BinVal : 7 16 0.666667 0.121716 0.121716
BinVal : 7 17 0.628571 0.0816735 0.0816735
BinVal : 7 18 0.730769 0.0869893 0.0869893
BinVal : 7 19 0.821429 0.0723789 0.0723789
BinVal : 7 20 0.714286 0.0853735 0.0853735
BinVal : 7 21 1 0.018786 0.018786
BinVal : 7 22 0.837838 0.0605974 0.0605974
BinVal : 7 23 0.684211 0.106639 0.106639
BinVal : 7 24 0.909091 0.0612909 0.0612909
BinVal : 7 25 0.826087 0.0790342 0.0790342
BinVal : 7 26 0.678571 0.0882594 0.0882594
BinVal : 7 27 0.888889 0.104757 0.104757
BinVal : 7 28 0.705882 0.11051 0.11051
BinVal : 7 29 0.8125 0.0975781 0.0975781
BinVal : 7 30 0.882353 0.0781425 0.0781425
BinVal : 7 31 0.761905 0.0929429 0.0929429
BinVal : 7 32 0.5 0.204124 0.204124
BinVal : 7 33 0 0 0
BinVal : 7 34 0 0 0
BinVal : 7 35 0 0 0
BinVal : 7 36 0 0 0
BinVal : 7 37 0 0 0
BinVal : 7 38 0 0 0
BinVal : 7 39 0 0 0
BinVal : 7 40 0 0 0
BinVal : 7 41 0 0 0
BinVal : 7 42 0 0 0
BinVal : 7 43 0 0 0
BinVal : 8 0 0 0 0
BinVal : 8 1 0 0 0
BinVal : 8 2 0 0 0
BinVal : 8 3 0 0 0
BinVal : 8 4 0 0 0
BinVal : 8 5 0 0 0
BinVal : 8 6 0 0 0
BinVal : 8 7 0 0 0
BinVal : 8 8 0 0 0
BinVal : 8 9 0 0 0
BinVal : 8 10 0 0 0
BinVal : 8 11 1 0.159077 0.159077
BinVal : 8 12 1 0.0495858 0.0495858
BinVal : 8 13 0.923077 0.0739053 0.0739053
BinVal : 8 14 0.809524 0.0856891 0.0856891
BinVal : 8 15 0.76 0.0854166 0.0854166
BinVal : 8 16 0.529412 0.121058 0.121058
BinVal : 8 17 0.607143 0.0922962 0.0922962
BinVal : 8 18 0.75 0.0968246 0.0968246
BinVal : 8 19 0.8 0.0894427 0.0894427
BinVal : 8 20 0.769231 0.0826286 0.0826286
BinVal : 8 21 0.969697 0.0298404 0.0298404
BinVal : 8 22 0.695652 0.0959439 0.0959439
BinVal : 8 23 0.538462 0.138264 0.138264
BinVal : 8 24 0.941176 0.0570672 0.0570672
BinVal : 8 25 0.714286 0.120736 0.120736
BinVal : 8 26 0.548387 0.0893812 0.0893812
BinVal : 8 27 0.714286 0.170747 0.170747
BinVal : 8 28 0.88 0.0649923 0.0649923
BinVal : 8 29 0.933333 0.0644061 0.0644061
BinVal : 8 30 0.833333 0.087841 0.087841
BinVal : 8 31 0.909091 0.0866784 0.0866784
BinVal : 8 32 1 0.0871301 0.0871301
BinVal : 8 33 0 0 0
BinVal : 8 34 0 0 0
BinVal : 8 35 0 0 0
BinVal : 8 36 0 0 0
BinVal : 8 37 0 0 0
BinVal : 8 38 0 0 0
BinVal : 8 39 0 0 0
BinVal : 8 40 0 0 0
BinVal : 8 41 0 0 0
BinVal : 8 42 0 0 0
BinVal : 8 43 0 0 0
BinVal : 9 0 0 0 0
BinVal : 9 1 0 0 0
BinVal : 9 2 0 0 0
BinVal : 9 3 0 0 0
BinVal : 9 4 0 0 0
BinVal : 9 5 0 0 0
BinVal : 9 6 0 0 0
BinVal : 9 7 0 0 0
BinVal : 9 8 0 0 0
BinVal : 9 9 0 0 0
BinVal : 9 10 0 0 0
BinVal : 9 11 0.666667 0.272166 0.272166
BinVal : 9 12 0.933333 0.0644061 0.0644061
BinVal : 9 13 0.96 0.0391918 0.0391918
BinVal : 9 14 0.869565 0.0702237 0.0702237
BinVal : 9 15 0.733333 0.0807373 0.0807373
BinVal : 9 16 0.666667 0.111111 0.111111
BinVal : 9 17 0.441176 0.0851538 0.0851538
BinVal : 9 18 0.709677 0.0815249 0.0815249
BinVal : 9 19 0.851852 0.0683673 0.0683673
BinVal : 9 20 0.83871 0.0660586 0.0660586
BinVal : 9 21 0.837838 0.0605974 0.0605974
BinVal : 9 22 0.851852 0.0683673 0.0683673
BinVal : 9 23 0.642857 0.12806 0.12806
BinVal : 9 24 0.866667 0.0620633 0.0620633
BinVal : 9 25 0.857143 0.06613 0.06613
BinVal : 9 26 0.8 0.0730297 0.0730297
BinVal : 9 27 0.789474 0.0935288 0.0935288
BinVal : 9 28 0.878788 0.0568144 0.0568144
BinVal : 9 29 0.958333 0.0407894 0.0407894
BinVal : 9 30 0.851852 0.0683673 0.0683673
BinVal : 9 31 0.75 0.125 0.125
BinVal : 9 32 1 0.0871301 0.0871301
BinVal : 9 33 0 0 0
BinVal : 9 34 0 0 0
BinVal : 9 35 0 0 0
BinVal : 9 36 0 0 0
BinVal : 9 37 0 0 0
BinVal : 9 38 0 0 0
BinVal : 9 39 0 0 0
BinVal : 9 40 0 0 0
BinVal : 9 41 0 0 0
BinVal : 9 42 0 0 0
BinVal : 9 43 0 0 0
BinVal : 10 0 0 0 0
BinVal : 10 1 0 0 0
BinVal : 10 2 0 0 0
BinVal : 10 3 0 0 0
BinVal : 10 4 0 0 0
BinVal : 10 5 0 0 0
BinVal : 10 6 0 0 0
BinVal : 10 7 0 0 0
BinVal : 10 8 0 0 0
BinVal : 10 9 0 0 0
BinVal : 10 10 0 0 0
BinVal : 10 11 1 0.159077 0.159077
BinVal : 10 12 0.666667 0.102869 0.102869
BinVal : 10 13 0.725 0.0706001 0.0706001
BinVal : 10 14 0.894737 0.0406489 0.0406489
BinVal : 10 15 0.88 0.0459565 0.0459565
BinVal : 10 16 0.847826 0.0529596 0.0529596
BinVal : 10 17 0.717949 0.0720574 0.0720574
BinVal : 10 18 0.826923 0.0524627 0.0524627
BinVal : 10 19 0.932203 0.032729 0.032729
BinVal : 10 20 0.8125 0.0563367 0.0563367
BinVal : 10 21 0.8 0.0676123 0.0676123
BinVal : 10 22 0.9 0.0474342 0.0474342
BinVal : 10 23 0.666667 0.111111 0.111111
BinVal : 10 24 0.902439 0.0463399 0.0463399
BinVal : 10 25 0.77193 0.0555758 0.0555758
BinVal : 10 26 0.428571 0.0836486 0.0836486
BinVal : 10 27 0.911111 0.0424232 0.0424232
BinVal : 10 28 0.878049 0.0511047 0.0511047
BinVal : 10 29 0.972222 0.0273893 0.0273893
BinVal : 10 30 0.888889 0.0523783 0.0523783
BinVal : 10 31 0.782609 0.0860061 0.0860061
BinVal : 10 32 0.8 0.178885 0.178885
BinVal : 10 33 0 0 0
BinVal : 10 34 0 0 0
BinVal : 10 35 0 0 0
BinVal : 10 36 0 0 0
BinVal : 10 37 0 0 0
BinVal : 10 38 0 0 0
BinVal : 10 39 0 0 0
BinVal : 10 40 0 0 0
BinVal : 10 41 0 0 0
BinVal : 10 42 0 0 0
BinVal : 10 43 0 0 0
BinVal : 11 0 0 0 0
BinVal : 11 1 0 0 0
BinVal : 11 2 0 0 0
BinVal : 11 3 0 0 0
BinVal : 11 4 0 0 0
BinVal : 11 5 0 0 0
BinVal : 11 6 0 0 0
BinVal : 11 7 0 0 0
BinVal : 11 8 0 0 0
BinVal : 11 9 0 0 0
BinVal : 11 10 0 0 0
BinVal : 11 11 0 0 0
BinVal : 11 12 0.875 0.0826797 0.0826797
BinVal : 11 13 0.892857 0.0584512 0.0584512
BinVal : 11 14 0.864865 0.0562027 0.0562027
BinVal : 11 15 0.923077 0.0426692 0.0426692
BinVal : 11 16 0.886364 0.0478452 0.0478452
BinVal : 11 17 0.730769 0.0869893 0.0869893
BinVal : 11 18 0.833333 0.0481125 0.0481125
BinVal : 11 19 0.826087 0.0558856 0.0558856
BinVal : 11 20 0.921053 0.0437441 0.0437441
BinVal : 11 21 0.857143 0.0499896 0.0499896
BinVal : 11 22 0.88 0.0459565 0.0459565
BinVal : 11 23 0.8 0.08 0.08
BinVal : 11 24 0.783784 0.0676771 0.0676771
BinVal : 11 25 0.706897 0.0597688 0.0597688
BinVal : 11 26 0.678571 0.0882594 0.0882594
BinVal : 11 27 0.893617 0.0449741 0.0449741
BinVal : 11 28 0.925 0.0416458 0.0416458
BinVal : 11 29 0.857143 0.0539949 0.0539949
BinVal : 11 30 1 0.0224566 0.0224566
BinVal : 11 31 0.933333 0.0644061 0.0644061
BinVal : 11 32 0 0 0
BinVal : 11 33 0 0 0
BinVal : 11 34 0 0 0
BinVal : 11 35 0 0 0
BinVal : 11 36 0 0 0
BinVal : 11 37 0 0 0
BinVal : 11 38 0 0 0
BinVal : 11 39 0 0 0
BinVal : 11 40 0 0 0
BinVal : 11 41 0 0 0
BinVal : 11 42 0 0 0
BinVal : 11 43 0 0 0
BinVal : 12 0 0 0 0
BinVal : 12 1 0 0 0
BinVal : 12 2 0 0 0
BinVal : 12 3 0 0 0
BinVal : 12 4 0 0 0
BinVal : 12 5 0 0 0
BinVal : 12 6 0 0 0
BinVal : 12 7 0 0 0
BinVal : 12 8 0 0 0
BinVal : 12 9 0 0 0
BinVal : 12 10 0 0 0
BinVal : 12 11 0 0 0
BinVal : 12 12 0.6 0.126491 0.126491
BinVal : 12 13 0.8 0.10328 0.10328
BinVal : 12 14 0.925926 0.050401 0.050401
BinVal : 12 15 0.928571 0.0344151 0.0344151
BinVal : 12 16 0.924528 0.0362839 0.0362839
BinVal : 12 17 0.813953 0.0593439 0.0593439
BinVal : 12 18 0.571429 0.070696 0.070696
BinVal : 12 19 0.756098 0.0670664 0.0670664
BinVal : 12 20 0.782609 0.0608155 0.0608155
BinVal : 12 21 0.756757 0.0705339 0.0705339
BinVal : 12 22 0.75 0.0625 0.0625
BinVal : 12 23 0.882353 0.0552551 0.0552551
BinVal : 12 24 0.783784 0.0676771 0.0676771
BinVal : 12 25 0.721311 0.0574058 0.0574058
BinVal : 12 26 0.785714 0.0775443 0.0775443
BinVal : 12 27 0.892857 0.0413313 0.0413313
BinVal : 12 28 0.92 0.0383667 0.0383667
BinVal : 12 29 0.934783 0.0364048 0.0364048
BinVal : 12 30 0.833333 0.0680414 0.0680414
BinVal : 12 31 0.928571 0.0688303 0.0688303
BinVal : 12 32 0 0 0
BinVal : 12 33 0 0 0
BinVal : 12 34 0 0 0
BinVal : 12 35 0 0 0
BinVal : 12 36 0 0 0
BinVal : 12 37 0 0 0
BinVal : 12 38 0 0 0
BinVal : 12 39 0 0 0
BinVal : 12 40 0 0 0
BinVal : 12 41 0 0 0
BinVal : 12 42 0 0 0
BinVal : 12 43 0 0 0
BinVal : 13 0 0 0 0
BinVal : 13 1 0 0 0
BinVal : 13 2 0 0 0
BinVal : 13 3 0 0 0
BinVal : 13 4 0 0 0
BinVal : 13 5 0 0 0
BinVal : 13 6 0 0 0
BinVal : 13 7 0 0 0
BinVal : 13 8 0 0 0
BinVal : 13 9 0 0 0
BinVal : 13 10 0 0 0
BinVal : 13 11 1 0.0756803 0.0756803
BinVal : 13 12 0.787879 0.0711647 0.0711647
BinVal : 13 13 0.8 0.0632455 0.0632455
BinVal : 13 14 0.898305 0.0393492 0.0393492
BinVal : 13 15 0.963636 0.0252411 0.0252411
BinVal : 13 16 0.80597 0.0483121 0.0483121
BinVal : 13 17 0.520833 0.0721061 0.0721061
BinVal : 13 18 0.606557 0.0625478 0.0625478
BinVal : 13 19 0.878378 0.0379953 0.0379953
BinVal : 13 20 0.73913 0.0528625 0.0528625
BinVal : 13 21 0.755102 0.0614324 0.0614324
BinVal : 13 22 0.805556 0.0466422 0.0466422
BinVal : 13 23 0.707692 0.0564138 0.0564138
BinVal : 13 24 0.8 0.0496139 0.0496139
BinVal : 13 25 0.681818 0.0573324 0.0573324
BinVal : 13 26 0.516129 0.063467 0.063467
BinVal : 13 27 0.823529 0.0533815 0.0533815
BinVal : 13 28 0.906667 0.0335901 0.0335901
BinVal : 13 29 0.930233 0.0388497 0.0388497
BinVal : 13 30 0.904762 0.0452948 0.0452948
BinVal : 13 31 0.869565 0.0702237 0.0702237
BinVal : 13 32 1 0.218486 0.218486
BinVal : 13 33 0 0 0
BinVal : 13 34 0 0 0
BinVal : 13 35 0 0 0
BinVal : 13 36 0 0 0
BinVal : 13 37 0 0 0
BinVal : 13 38 0 0 0
BinVal : 13 39 0 0 0
BinVal : 13 40 0 0 0
BinVal : 13 41 0 0 0
BinVal : 13 42 0 0 0
BinVal : 13 43 0 0 0
BinVal : 14 0 0 0 0
BinVal : 14 1 0 0 0
BinVal : 14 2 0 0 0
BinVal : 14 3 0 0 0
BinVal : 14 4 0 0 0
BinVal : 14 5 0 0 0
BinVal : 14 6 0 0 0
BinVal : 14 7 0 0 0
BinVal : 14 8 0 0 0
BinVal : 14 9 0 0 0
BinVal : 14 10 0 0 0
BinVal : 14 11 0.714286 0.120736 0.120736
BinVal : 14 12 0.825 0.0600781 0.0600781
BinVal : 14 13 0.903226 0.0375476 0.0375476
BinVal : 14 14 0.916667 0.0356812 0.0356812
BinVal : 14 15 0.886076 0.0357462 0.0357462
BinVal : 14 16 0.722222 0.0609519 0.0609519
BinVal : 14 17 0.588235 0.0596823 0.0596823
BinVal : 14 18 0.716049 0.0501015 0.0501015
BinVal : 14 19 0.890625 0.0390136 0.0390136
BinVal : 14 20 0.829268 0.0415526 0.0415526
BinVal : 14 21 0.794521 0.0472907 0.0472907
BinVal : 14 22 0.792208 0.0462369 0.0462369
BinVal : 14 23 0.756098 0.0474231 0.0474231
BinVal : 14 24 0.84127 0.0460391 0.0460391
BinVal : 14 25 0.722222 0.0527859 0.0527859
BinVal : 14 26 0.521127 0.0592861 0.0592861
BinVal : 14 27 0.8 0.053936 0.053936
BinVal : 14 28 0.912088 0.029684 0.029684
BinVal : 14 29 0.88 0.0375233 0.0375233
BinVal : 14 30 0.816327 0.0553168 0.0553168
BinVal : 14 31 0.804878 0.0618908 0.0618908
BinVal : 14 32 0.545455 0.150131 0.150131
BinVal : 14 33 0 0 0
BinVal : 14 34 0 0 0
BinVal : 14 35 0 0 0
BinVal : 14 36 0 0 0
BinVal : 14 37 0 0 0
BinVal : 14 38 0 0 0
BinVal : 14 39 0 0 0
BinVal : 14 40 0 0 0
BinVal : 14 41 0 0 0
BinVal : 14 42 0 0 0
BinVal : 14 43 0 0 0
BinVal : 15 0 0 0 0
BinVal : 15 1 0 0 0
BinVal : 15 2 0 0 0
BinVal : 15 3 0 0 0
BinVal : 15 4 0 0 0
BinVal : 15 5 0 0 0
BinVal : 15 6 0 0 0
BinVal : 15 7 0 0 0
BinVal : 15 8 0 0 0
BinVal : 15 9 0 0 0
BinVal : 15 10 0 0 0
BinVal : 15 11 0.75 0.216506 0.216506
BinVal : 15 12 0.821429 0.0723789 0.0723789
BinVal : 15 13 0.731707 0.069196 0.069196
BinVal : 15 14 0.953488 0.0321147 0.0321147
BinVal : 15 15 0.953125 0.0264214 0.0264214
BinVal : 15 16 0.704545 0.0687818 0.0687818
BinVal : 15 17 0.653846 0.0659737 0.0659737
BinVal : 15 18 0.780488 0.0646428 0.0646428
BinVal : 15 19 0.802817 0.0472187 0.0472187
BinVal : 15 20 0.8 0.046188 0.046188
BinVal : 15 21 0.705882 0.0638031 0.0638031
BinVal : 15 22 0.761468 0.0408212 0.0408212
BinVal : 15 23 0.681818 0.0573324 0.0573324
BinVal : 15 24 0.80303 0.0489546 0.0489546
BinVal : 15 25 0.560976 0.077504 0.077504
BinVal : 15 26 0.505882 0.0542289 0.0542289
BinVal : 15 27 0.68 0.0932952 0.0932952
BinVal : 15 28 0.894737 0.035203 0.035203
BinVal : 15 29 0.912281 0.0374692 0.0374692
BinVal : 15 30 0.803922 0.0555951 0.0555951
BinVal : 15 31 0.763158 0.0689676 0.0689676
BinVal : 15 32 0.823529 0.0924594 0.0924594
BinVal : 15 33 0 0 0
BinVal : 15 34 0 0 0
BinVal : 15 35 0 0 0
BinVal : 15 36 0 0 0
BinVal : 15 37 0 0 0
BinVal : 15 38 0 0 0
BinVal : 15 39 0 0 0
BinVal : 15 40 0 0 0
BinVal : 15 41 0 0 0
BinVal : 15 42 0 0 0
BinVal : 15 43 0 0 0
BinVal : 16 0 0 0 0
BinVal : 16 1 0 0 0
BinVal : 16 2 0 0 0
BinVal : 16 3 0 0 0
BinVal : 16 4 0 0 0
BinVal : 16 5 0 0 0
BinVal : 16 6 0 0 0
BinVal : 16 7 0 0 0
BinVal : 16 8 0 0 0
BinVal : 16 9 0 0 0
BinVal : 16 10 0 0 0
BinVal : 16 11 0.647059 0.115904 0.115904
BinVal : 16 12 0.823529 0.0924594 0.0924594
BinVal : 16 13 0.863636 0.0517355 0.0517355
BinVal : 16 14 0.866667 0.0438854 0.0438854
BinVal : 16 15 0.898305 0.0393492 0.0393492
BinVal : 16 16 0.666667 0.0680414 0.0680414
BinVal : 16 17 0.460317 0.0627954 0.0627954
BinVal : 16 18 0.78125 0.0516748 0.0516748
BinVal : 16 19 0.901408 0.0353795 0.0353795
BinVal : 16 20 0.782051 0.0467463 0.0467463
BinVal : 16 21 0.784615 0.0509893 0.0509893
BinVal : 16 22 0.785047 0.0397126 0.0397126
BinVal : 16 23 0.759036 0.0469427 0.0469427
BinVal : 16 24 0.877551 0.0468291 0.0468291
BinVal : 16 25 0.779661 0.0539601 0.0539601
BinVal : 16 26 0.43038 0.0557064 0.0557064
BinVal : 16 27 0.697674 0.0700373 0.0700373
BinVal : 16 28 0.939394 0.0293704 0.0293704
BinVal : 16 29 0.923077 0.0369527 0.0369527
BinVal : 16 30 0.916667 0.0398928 0.0398928
BinVal : 16 31 0.923077 0.0426692 0.0426692
BinVal : 16 32 0.833333 0.107583 0.107583
BinVal : 16 33 0 0 0
BinVal : 16 34 0 0 0
BinVal : 16 35 0 0 0
BinVal : 16 36 0 0 0
BinVal : 16 37 0 0 0
BinVal : 16 38 0 0 0
BinVal : 16 39 0 0 0
BinVal : 16 40 0 0 0
BinVal : 16 41 0 0 0
BinVal : 16 42 0 0 0
BinVal : 16 43 0 0 0
BinVal : 17 0 0 0 0
BinVal : 17 1 0 0 0
BinVal : 17 2 0 0 0
BinVal : 17 3 0 0 0
BinVal : 17 4 0 0 0
BinVal : 17 5 0 0 0
BinVal : 17 6 0 0 0
BinVal : 17 7 0 0 0
BinVal : 17 8 0 0 0
BinVal : 17 9 0 0 0
BinVal : 17 10 0 0 0
BinVal : 17 11 0.625 0.121031 0.121031
BinVal : 17 12 0.883721 0.0488848 0.0488848
BinVal : 17 13 0.881356 0.0420991 0.0420991
BinVal : 17 14 0.913043 0.0339213 0.0339213
BinVal : 17 15 0.896907 0.0308746 0.0308746
BinVal : 17 16 0.783333 0.0531856 0.0531856
BinVal : 17 17 0.5 0.0566139 0.0566139
BinVal : 17 18 0.8 0.046188 0.046188
BinVal : 17 19 0.890244 0.0345193 0.0345193
BinVal : 17 20 0.876033 0.0299585 0.0299585
BinVal : 17 21 0.654762 0.0518754 0.0518754
BinVal : 17 22 0.795082 0.036544 0.036544
BinVal : 17 23 0.72549 0.044187 0.044187
BinVal : 17 24 0.80303 0.0489546 0.0489546
BinVal : 17 25 0.729167 0.0641422 0.0641422
BinVal : 17 26 0.522727 0.0532451 0.0532451
BinVal : 17 27 0.836066 0.0474013 0.0474013
BinVal : 17 28 0.906977 0.0313216 0.0313216
BinVal : 17 29 0.865854 0.0376361 0.0376361
BinVal : 17 30 0.828571 0.0450461 0.0450461
BinVal : 17 31 0.813559 0.0507036 0.0507036
BinVal : 17 32 0.863636 0.073165 0.073165
BinVal : 17 33 0 0 0
BinVal : 17 34 0 0 0
BinVal : 17 35 0 0 0
BinVal : 17 36 0 0 0
BinVal : 17 37 0 0 0
BinVal : 17 38 0 0 0
BinVal : 17 39 0 0 0
BinVal : 17 40 0 0 0
BinVal : 17 41 0 0 0
BinVal : 17 42 0 0 0
BinVal : 17 43 0 0 0
BinVal : 18 0 0 0 0
BinVal : 18 1 0 0 0
BinVal : 18 2 0 0 0
BinVal : 18 3 0 0 0
BinVal : 18 4 0 0 0
BinVal : 18 5 0 0 0
BinVal : 18 6 0 0 0
BinVal : 18 7 0 0 0
BinVal : 18 8 0 0 0
BinVal : 18 9 0 0 0
BinVal : 18 10 0 0 0
BinVal : 18 11 0.875 0.116927 0.116927
BinVal : 18 12 0.869565 0.0496557 0.0496557
BinVal : 18 13 0.888889 0.0468486 0.0468486
BinVal : 18 14 0.904255 0.0303486 0.0303486
BinVal : 18 15 0.898876 0.0319581 0.0319581
BinVal : 18 16 0.862069 0.0452781 0.0452781
BinVal : 18 17 0.688525 0.0592934 0.0592934
BinVal : 18 18 0.642857 0.0572703 0.0572703
BinVal : 18 19 0.828571 0.0450461 0.0450461
BinVal : 18 20 0.817308 0.037891 0.037891
BinVal : 18 21 0.794521 0.0472907 0.0472907
BinVal : 18 22 0.757009 0.0414623 0.0414623
BinVal : 18 23 0.744186 0.0470494 0.0470494
BinVal : 18 24 0.816901 0.0458985 0.0458985
BinVal : 18 25 0.666667 0.0567504 0.0567504
BinVal : 18 26 0.696429 0.0614433 0.0614433
BinVal : 18 27 0.861111 0.0407565 0.0407565
BinVal : 18 28 0.813333 0.0449922 0.0449922
BinVal : 18 29 0.788732 0.0484454 0.0484454
BinVal : 18 30 0.935484 0.0312001 0.0312001
BinVal : 18 31 0.833333 0.0507151 0.0507151
BinVal : 18 32 0.5 0.176777 0.176777
BinVal : 18 33 0 0 0
BinVal : 18 34 0 0 0
BinVal : 18 35 0 0 0
BinVal : 18 36 0 0 0
BinVal : 18 37 0 0 0
BinVal : 18 38 0 0 0
BinVal : 18 39 0 0 0
BinVal : 18 40 0 0 0
BinVal : 18 41 0 0 0
BinVal : 18 42 0 0 0
BinVal : 18 43 0 0 0
BinVal : 19 0 0 0 0
BinVal : 19 1 0 0 0
BinVal : 19 2 0 0 0
BinVal : 19 3 0 0 0
BinVal : 19 4 0 0 0
BinVal : 19 5 0 0 0
BinVal : 19 6 0 0 0
BinVal : 19 7 0 0 0
BinVal : 19 8 0 0 0
BinVal : 19 9 0 0 0
BinVal : 19 10 0 0 0
BinVal : 19 11 0 0 0
BinVal : 19 12 0.526316 0.114549 0.114549
BinVal : 19 13 0.947368 0.0362235 0.0362235
BinVal : 19 14 0.907407 0.039445 0.039445
BinVal : 19 15 0.979592 0.0201988 0.0201988
BinVal : 19 16 0.847458 0.0468089 0.0468089
BinVal : 19 17 0.730769 0.0869893 0.0869893
BinVal : 19 18 0.62069 0.0901022 0.0901022
BinVal : 19 19 0.594595 0.0570741 0.0570741
BinVal : 19 20 0.6 0.0979796 0.0979796
BinVal : 19 21 0.727273 0.0671408 0.0671408
BinVal : 19 22 0.723077 0.0555028 0.0555028
BinVal : 19 23 0.571429 0.093522 0.093522
BinVal : 19 24 0.458333 0.101707 0.101707
BinVal : 19 25 0.529412 0.0856008 0.0856008
BinVal : 19 26 0.666667 0.0754851 0.0754851
BinVal : 19 27 0.826923 0.0524627 0.0524627
BinVal : 19 28 0.851852 0.048343 0.048343
BinVal : 19 29 0.852941 0.0607387 0.0607387
BinVal : 19 30 0.903226 0.0531003 0.0531003
BinVal : 19 31 0.578947 0.113269 0.113269
BinVal : 19 32 0 0 0
BinVal : 19 33 0 0 0
BinVal : 19 34 0 0 0
BinVal : 19 35 0 0 0
BinVal : 19 36 0 0 0
BinVal : 19 37 0 0 0
BinVal : 19 38 0 0 0
BinVal : 19 39 0 0 0
BinVal : 19 40 0 0 0
BinVal : 19 41 0 0 0
BinVal : 19 42 0 0 0
BinVal : 19 43 0 0 0
BinVal : 20 0 0 0 0
BinVal : 20 1 0 0 0
BinVal : 20 2 0 0 0
BinVal : 20 3 0 0 0
BinVal : 20 4 0 0 0
BinVal : 20 5 0 0 0
BinVal : 20 6 0 0 0
BinVal : 20 7 0 0 0
BinVal : 20 8 0 0 0
BinVal : 20 9 0 0 0
BinVal : 20 10 0 0 0
BinVal : 20 11 0 0 0
BinVal : 20 12 0.777778 0.0979908 0.0979908
BinVal : 20 13 0.853659 0.0551993 0.0551993
BinVal : 20 14 0.909091 0.0387638 0.0387638
BinVal : 20 15 0.8 0.0496139 0.0496139
BinVal : 20 16 0.590909 0.104824 0.104824
BinVal : 20 17 0.642857 0.12806 0.12806
BinVal : 20 18 0.538462 0.138264 0.138264
BinVal : 20 19 0.510204 0.0714137 0.0714137
BinVal : 20 20 0.623529 0.0525514 0.0525514
BinVal : 20 21 0.681818 0.0496513 0.0496513
BinVal : 20 22 0.60274 0.0572718 0.0572718
BinVal : 20 23 0.608696 0.101764 0.101764
BinVal : 20 24 0.342857 0.0802329 0.0802329
BinVal : 20 25 0.230769 0.116855 0.116855
BinVal : 20 26 0.1875 0.0975781 0.0975781
BinVal : 20 27 0.736842 0.101023 0.101023
BinVal : 20 28 0.918367 0.0391149 0.0391149
BinVal : 20 29 0.902439 0.0463399 0.0463399
BinVal : 20 30 0.925 0.0416458 0.0416458
BinVal : 20 31 0.814815 0.0747568 0.0747568
BinVal : 20 32 0 0 0
BinVal : 20 33 0 0 0
BinVal : 20 34 0 0 0
BinVal : 20 35 0 0 0
BinVal : 20 36 0 0 0
BinVal : 20 37 0 0 0
BinVal : 20 38 0 0 0
BinVal : 20 39 0 0 0
BinVal : 20 40 0 0 0
BinVal : 20 41 0 0 0
BinVal : 20 42 0 0 0
BinVal : 20 43 0 0 0
BinVal : 21 0 0 0 0
BinVal : 21 1 0 0 0
BinVal : 21 2 0 0 0
BinVal : 21 3 0 0 0
BinVal : 21 4 0 0 0
BinVal : 21 5 0 0 0
BinVal : 21 6 0 0 0
BinVal : 21 7 0 0 0
BinVal : 21 8 0 0 0
BinVal : 21 9 0 0 0
BinVal : 21 10 0 0 0
BinVal : 21 11 1 0.0871301 0.0871301
BinVal : 21 12 0.774194 0.0750952 0.0750952
BinVal : 21 13 0.833333 0.0575055 0.0575055
BinVal : 21 14 0.885714 0.0380271 0.0380271
BinVal : 21 15 0.8 0.053936 0.053936
BinVal : 21 16 0.304348 0.0959439 0.0959439
BinVal : 21 17 0.289474 0.0520221 0.0520221
BinVal : 21 18 0.361111 0.0800538 0.0800538
BinVal : 21 19 0.576471 0.0535946 0.0535946
BinVal : 21 20 0.622449 0.0489696 0.0489696
BinVal : 21 21 0.787037 0.0393947 0.0393947
BinVal : 21 22 0.752381 0.0421227 0.0421227
BinVal : 21 23 0.638298 0.0700871 0.0700871
BinVal : 21 24 0.478261 0.0736513 0.0736513
BinVal : 21 25 0.444444 0.0828173 0.0828173
BinVal : 21 26 0.269841 0.0559233 0.0559233
BinVal : 21 27 0.222222 0.13858 0.13858
BinVal : 21 28 0.695652 0.0553932 0.0553932
BinVal : 21 29 0.881579 0.0370628 0.0370628
BinVal : 21 30 0.79661 0.0524037 0.0524037
BinVal : 21 31 0.704545 0.0687818 0.0687818
BinVal : 21 32 0.833333 0.152145 0.152145
BinVal : 21 33 0 0 0
BinVal : 21 34 0 0 0
BinVal : 21 35 0 0 0
BinVal : 21 36 0 0 0
BinVal : 21 37 0 0 0
BinVal : 21 38 0 0 0
BinVal : 21 39 0 0 0
BinVal : 21 40 0 0 0
BinVal : 21 41 0 0 0
BinVal : 21 42 0 0 0
BinVal : 21 43 0 0 0
BinVal : 22 0 0 0 0
BinVal : 22 1 0 0 0
BinVal : 22 2 0 0 0
BinVal : 22 3 0 0 0
BinVal : 22 4 0 0 0
BinVal : 22 5 0 0 0
BinVal : 22 6 0 0 0
BinVal : 22 7 0 0 0
BinVal : 22 8 0 0 0
BinVal : 22 9 0 0 0
BinVal : 22 10 0 0 0
BinVal : 22 11 0.923077 0.0739053 0.0739053
BinVal : 22 12 0.87234 0.0486767 0.0486767
BinVal : 22 13 0.864407 0.044571 0.044571
BinVal : 22 14 0.883117 0.0366134 0.0366134
BinVal : 22 15 0.631579 0.0782518 0.0782518
BinVal : 22 16 0 0 0
BinVal : 22 17 0 0 0
BinVal : 22 18 0 0 0
BinVal : 22 19 0 0 0
BinVal : 22 20 0 0 0
BinVal : 22 21 0 0 0
BinVal : 22 22 0.5 0.353553 0.353553
BinVal : 22 23 0 0 0
BinVal : 22 24 0 0 0
BinVal : 22 25 0 0 0
BinVal : 22 26 0 0 0
BinVal : 22 27 0.5 0.353553 0.353553
BinVal : 22 28 0.575 0.0781625 0.0781625
BinVal : 22 29 0.888889 0.0395943 0.0395943
BinVal : 22 30 0.924528 0.0362839 0.0362839
BinVal : 22 31 0.828571 0.0637049 0.0637049
BinVal : 22 32 0.956522 0.0425226 0.0425226
BinVal : 22 33 0 0 0
BinVal : 22 34 0 0 0
BinVal : 22 35 0 0 0
BinVal : 22 36 0 0 0
BinVal : 22 37 0 0 0
BinVal : 22 38 0 0 0
BinVal : 22 39 0 0 0
BinVal : 22 40 0 0 0
BinVal : 22 41 0 0 0
BinVal : 22 42 0 0 0
BinVal : 22 43 0 0 0
BinVal : 23 0 0 0 0
BinVal : 23 1 0 0 0
BinVal : 23 2 0 0 0
BinVal : 23 3 0 0 0
BinVal : 23 4 0 0 0
BinVal : 23 5 0 0 0
BinVal : 23 6 0 0 0
BinVal : 23 7 0 0 0
BinVal : 23 8 0 0 0
BinVal : 23 9 0 0 0
BinVal : 23 10 0 0 0
BinVal : 23 11 0.466667 0.128812 0.128812
BinVal : 23 12 0.885714 0.0537785 0.0537785
BinVal : 23 13 0.948718 0.0353199 0.0353199
BinVal : 23 14 0.813559 0.0507036 0.0507036
BinVal : 23 15 0.565217 0.103367 0.103367
BinVal : 23 16 0 0 0
BinVal : 23 17 0 0 0
BinVal : 23 18 0 0 0
BinVal : 23 19 0 0 0
BinVal : 23 20 1 0.218486 0.218486
BinVal : 23 21 0 0 0
BinVal : 23 22 0 0 0
BinVal : 23 23 0 0 0
BinVal : 23 24 0 0 0
BinVal : 23 25 0 0 0
BinVal : 23 26 0 0 0
BinVal : 23 27 0 0 0
BinVal : 23 28 0.548387 0.0893812 0.0893812
BinVal : 23 29 0.836364 0.0498834 0.0498834
BinVal : 23 30 0.897436 0.0485811 0.0485811
BinVal : 23 31 0.833333 0.0760726 0.0760726
BinVal : 23 32 0.928571 0.0688303 0.0688303
BinVal : 23 33 0 0 0
BinVal : 23 34 0 0 0
BinVal : 23 35 0 0 0
BinVal : 23 36 0 0 0
BinVal : 23 37 0 0 0
BinVal : 23 38 0 0 0
BinVal : 23 39 0 0 0
BinVal : 23 40 0 0 0
BinVal : 23 41 0 0 0
BinVal : 23 42 0 0 0
BinVal : 23 43 0 0 0
BinVal : 24 0 0 0 0
BinVal : 24 1 0 0 0
BinVal : 24 2 0 0 0
BinVal : 24 3 0 0 0
BinVal : 24 4 0 0 0
BinVal : 24 5 0 0 0
BinVal : 24 6 0 0 0
BinVal : 24 7 0 0 0
BinVal : 24 8 0 0 0
BinVal : 24 9 0 0 0
BinVal : 24 10 0 0 0
BinVal : 24 11 0.785714 0.109664 0.109664
BinVal : 24 12 0.75 0.0968246 0.0968246
BinVal : 24 13 0.974359 0.0253102 0.0253102
BinVal : 24 14 0.822222 0.0569937 0.0569937
BinVal : 24 15 0.461538 0.0977675 0.0977675
BinVal : 24 16 0 0 0
BinVal : 24 17 0 0 0
BinVal : 24 18 0 0 0
BinVal : 24 19 0 0 0
BinVal : 24 20 0 0 0
BinVal : 24 21 0 0 0
BinVal : 24 22 0 0 0
BinVal : 24 23 0 0 0
BinVal : 24 24 0 0 0
BinVal : 24 25 0 0 0
BinVal : 24 26 0 0 0
BinVal : 24 27 0 0 0
BinVal : 24 28 0.454545 0.106159 0.106159
BinVal : 24 29 0.896552 0.0399885 0.0399885
BinVal : 24 30 0.882353 0.0552551 0.0552551
BinVal : 24 31 0.828571 0.0637049 0.0637049
BinVal : 24 32 0.692308 0.128008 0.128008
BinVal : 24 33 0 0 0
BinVal : 24 34 0 0 0
BinVal : 24 35 0 0 0
BinVal : 24 36 0 0 0
BinVal : 24 37 0 0 0
BinVal : 24 38 0 0 0
BinVal : 24 39 0 0 0
BinVal : 24 40 0 0 0
BinVal : 24 41 0 0 0
BinVal : 24 42 0 0 0
BinVal : 24 43 0 0 0
BinVal : 25 0 0 0 0
BinVal : 25 1 0 0 0
BinVal : 25 2 0 0 0
BinVal : 25 3 0 0 0
BinVal : 25 4 0 0 0
BinVal : 25 5 0 0 0
BinVal : 25 6 0 0 0
BinVal : 25 7 0 0 0
BinVal : 25 8 0 0 0
BinVal : 25 9 0 0 0
BinVal : 25 10 0 0 0
BinVal : 25 11 0.909091 0.0612909 0.0612909
BinVal : 25 12 0.714286 0.0763604 0.0763604
BinVal : 25 13 0.893617 0.0449741 0.0449741
BinVal : 25 14 0.911765 0.034396 0.034396
BinVal : 25 15 0.541667 0.101707 0.101707
BinVal : 25 16 0 0 0
BinVal : 25 17 0 0 0
BinVal : 25 18 0 0 0
BinVal : 25 19 0 0 0
BinVal : 25 20 0 0 0
BinVal : 25 21 0 0 0
BinVal : 25 22 0 0 0
BinVal : 25 23 0 0 0
BinVal : 25 24 0 0 0
BinVal : 25 25 0 0 0
BinVal : 25 26 0 0 0
BinVal : 25 27 0 0 0
BinVal : 25 28 0.555556 0.0740741 0.0740741
BinVal : 25 29 0.909091 0.0387638 0.0387638
BinVal : 25 30 0.833333 0.0537914 0.0537914
BinVal : 25 31 0.84 0.0518459 0.0518459
BinVal : 25 32 0.842105 0.0836547 0.0836547
BinVal : 25 33 0 0 0
BinVal : 25 34 0 0 0
BinVal : 25 35 0 0 0
BinVal : 25 36 0 0 0
BinVal : 25 37 0 0 0
BinVal : 25 38 0 0 0
BinVal : 25 39 0 0 0
BinVal : 25 40 0 0 0
BinVal : 25 41 0 0 0
BinVal : 25 42 0 0 0
BinVal : 25 43 0 0 0
BinVal : 26 0 0 0 0
BinVal : 26 1 0 0 0
BinVal : 26 2 0 0 0
BinVal : 26 3 0 0 0
BinVal : 26 4 0 0 0
BinVal : 26 5 0 0 0
BinVal : 26 6 0 0 0
BinVal : 26 7 0 0 0
BinVal : 26 8 0 0 0
BinVal : 26 9 0 0 0
BinVal : 26 10 0 0 0
BinVal : 26 11 1 0.102643 0.102643
BinVal : 26 12 0.914286 0.0473188 0.0473188
BinVal : 26 13 0.857143 0.0499896 0.0499896
BinVal : 26 14 0.898305 0.0393492 0.0393492
BinVal : 26 15 0.804348 0.0584905 0.0584905
BinVal : 26 16 0.666667 0.19245 0.19245
BinVal : 26 17 0.291667 0.0656057 0.0656057
BinVal : 26 18 0.393939 0.0850581 0.0850581
BinVal : 26 19 0.480519 0.056937 0.056937
BinVal : 26 20 0.558442 0.0565897 0.0565897
BinVal : 26 21 0.732394 0.0525401 0.0525401
BinVal : 26 22 0.740741 0.048692 0.048692
BinVal : 26 23 0.767442 0.064425 0.064425
BinVal : 26 24 0.568627 0.0693514 0.0693514
BinVal : 26 25 0.4375 0.0876951 0.0876951
BinVal : 26 26 0.352941 0.0819565 0.0819565
BinVal : 26 27 0.444444 0.165635 0.165635
BinVal : 26 28 0.777778 0.0619748 0.0619748
BinVal : 26 29 0.862069 0.0452781 0.0452781
BinVal : 26 30 0.866667 0.0506745 0.0506745
BinVal : 26 31 0.73913 0.0647431 0.0647431
BinVal : 26 32 0.857143 0.13226 0.13226
BinVal : 26 33 0 0 0
BinVal : 26 34 0 0 0
BinVal : 26 35 0 0 0
BinVal : 26 36 0 0 0
BinVal : 26 37 0 0 0
BinVal : 26 38 0 0 0
BinVal : 26 39 0 0 0
BinVal : 26 40 0 0 0
BinVal : 26 41 0 0 0
BinVal : 26 42 0 0 0
BinVal : 26 43 0 0 0
BinVal : 27 0 0 0 0
BinVal : 27 1 0 0 0
BinVal : 27 2 0 0 0
BinVal : 27 3 0 0 0
BinVal : 27 4 0 0 0
BinVal : 27 5 0 0 0
BinVal : 27 6 0 0 0
BinVal : 27 7 0 0 0
BinVal : 27 8 0 0 0
BinVal : 27 9 0 0 0
BinVal : 27 10 0 0 0
BinVal : 27 11 0 0 0
BinVal : 27 12 0.705882 0.11051 0.11051
BinVal : 27 13 0.888889 0.0523783 0.0523783
BinVal : 27 14 0.875 0.0584634 0.0584634
BinVal : 27 15 0.854545 0.047539 0.047539
BinVal : 27 16 0.611111 0.114904 0.114904
BinVal : 27 17 0.117647 0.0781425 0.0781425
BinVal : 27 18 0.625 0.171163 0.171163
BinVal : 27 19 0.52381 0.0770641 0.0770641
BinVal : 27 20 0.317073 0.0513878 0.0513878
BinVal : 27 21 0.533333 0.0525874 0.0525874
BinVal : 27 22 0.6 0.0531369 0.0531369
BinVal : 27 23 0.647059 0.115904 0.115904
BinVal : 27 24 0.448276 0.0923495 0.0923495
BinVal : 27 25 0.428571 0.13226 0.13226
BinVal : 27 26 0.25 0.153093 0.153093
BinVal : 27 27 0.551724 0.0923495 0.0923495
BinVal : 27 28 0.888889 0.0427667 0.0427667
BinVal : 27 29 0.98 0.019799 0.019799
BinVal : 27 30 0.853659 0.0551993 0.0551993
BinVal : 27 31 0.866667 0.0877707 0.0877707
BinVal : 27 32 0 0 0
BinVal : 27 33 0 0 0
BinVal : 27 34 0 0 0
BinVal : 27 35 0 0 0
BinVal : 27 36 0 0 0
BinVal : 27 37 0 0 0
BinVal : 27 38 0 0 0
BinVal : 27 39 0 0 0
BinVal : 27 40 0 0 0
BinVal : 27 41 0 0 0
BinVal : 27 42 0 0 0
BinVal : 27 43 0 0 0
BinVal : 28 0 0 0 0
BinVal : 28 1 0 0 0
BinVal : 28 2 0 0 0
BinVal : 28 3 0 0 0
BinVal : 28 4 0 0 0
BinVal : 28 5 0 0 0
BinVal : 28 6 0 0 0
BinVal : 28 7 0 0 0
BinVal : 28 8 0 0 0
BinVal : 28 9 0 0 0
BinVal : 28 10 0 0 0
BinVal : 28 11 0 0 0
BinVal : 28 12 0.904762 0.0640564 0.0640564
BinVal : 28 13 0.933333 0.045542 0.045542
BinVal : 28 14 0.894737 0.0497845 0.0497845
BinVal : 28 15 0.96 0.0277128 0.0277128
BinVal : 28 16 0.803279 0.0508972 0.0508972
BinVal : 28 17 0.710526 0.0735703 0.0735703
BinVal : 28 18 0.45 0.111243 0.111243
BinVal : 28 19 0.583333 0.0636469 0.0636469
BinVal : 28 20 0.382353 0.0833418 0.0833418
BinVal : 28 21 0.440678 0.0646347 0.0646347
BinVal : 28 22 0.641509 0.0658722 0.0658722
BinVal : 28 23 0.478261 0.104159 0.104159
BinVal : 28 24 0.761905 0.0929429 0.0929429
BinVal : 28 25 0.576923 0.0968907 0.0968907
BinVal : 28 26 0.758621 0.0794627 0.0794627
BinVal : 28 27 0.741379 0.057496 0.057496
BinVal : 28 28 0.929825 0.0338342 0.0338342
BinVal : 28 29 0.897959 0.0432431 0.0432431
BinVal : 28 30 0.903226 0.0531003 0.0531003
BinVal : 28 31 0.904762 0.0640564 0.0640564
BinVal : 28 32 0 0 0
BinVal : 28 33 0 0 0
BinVal : 28 34 0 0 0
BinVal : 28 35 0 0 0
BinVal : 28 36 0 0 0
BinVal : 28 37 0 0 0
BinVal : 28 38 0 0 0
BinVal : 28 39 0 0 0
BinVal : 28 40 0 0 0
BinVal : 28 41 0 0 0
BinVal : 28 42 0 0 0
BinVal : 28 43 0 0 0
BinVal : 29 0 0 0 0
BinVal : 29 1 0 0 0
BinVal : 29 2 0 0 0
BinVal : 29 3 0 0 0
BinVal : 29 4 0 0 0
BinVal : 29 5 0 0 0
BinVal : 29 6 0 0 0
BinVal : 29 7 0 0 0
BinVal : 29 8 0 0 0
BinVal : 29 9 0 0 0
BinVal : 29 10 0 0 0
BinVal : 29 11 0.8125 0.0975781 0.0975781
BinVal : 29 12 0.777778 0.06929 0.06929
BinVal : 29 13 0.857143 0.0499896 0.0499896
BinVal : 29 14 0.821429 0.0511796 0.0511796
BinVal : 29 15 0.830189 0.0515744 0.0515744
BinVal : 29 16 0.918033 0.0351224 0.0351224
BinVal : 29 17 0.622951 0.0620527 0.0620527
BinVal : 29 18 0.764706 0.0593974 0.0593974
BinVal : 29 19 0.855263 0.0403583 0.0403583
BinVal : 29 20 0.777778 0.0489954 0.0489954
BinVal : 29 21 0.880952 0.0353343 0.0353343
BinVal : 29 22 0.939024 0.0264247 0.0264247
BinVal : 29 23 0.441176 0.0602128 0.0602128
BinVal : 29 24 0.853933 0.0374363 0.0374363
BinVal : 29 25 0.674157 0.0496809 0.0496809
BinVal : 29 26 0.616667 0.0627679 0.0627679
BinVal : 29 27 0.811594 0.0470752 0.0470752
BinVal : 29 28 0.906667 0.0335901 0.0335901
BinVal : 29 29 0.90625 0.0364351 0.0364351
BinVal : 29 30 0.886792 0.0435222 0.0435222
BinVal : 29 31 0.837838 0.0605974 0.0605974
BinVal : 29 32 0.6 0.154919 0.154919
BinVal : 29 33 0 0 0
BinVal : 29 34 0 0 0
BinVal : 29 35 0 0 0
BinVal : 29 36 0 0 0
BinVal : 29 37 0 0 0
BinVal : 29 38 0 0 0
BinVal : 29 39 0 0 0
BinVal : 29 40 0 0 0
BinVal : 29 41 0 0 0
BinVal : 29 42 0 0 0
BinVal : 29 43 0 0 0
BinVal : 30 0 0 0 0
BinVal : 30 1 0 0 0
BinVal : 30 2 0 0 0
BinVal : 30 3 0 0 0
BinVal : 30 4 0 0 0
BinVal : 30 5 0 0 0
BinVal : 30 6 0 0 0
BinVal : 30 7 0 0 0
BinVal : 30 8 0 0 0
BinVal : 30 9 0 0 0
BinVal : 30 10 0 0 0
BinVal : 30 11 0.833333 0.087841 0.087841
BinVal : 30 12 0.820513 0.0614507 0.0614507
BinVal : 30 13 0.830508 0.048845 0.048845
BinVal : 30 14 0.941176 0.0285336 0.0285336
BinVal : 30 15 0.924242 0.0325712 0.0325712
BinVal : 30 16 0.709091 0.0612418 0.0612418
BinVal : 30 17 0.619048 0.0611825 0.0611825
BinVal : 30 18 0.681818 0.0702175 0.0702175
BinVal : 30 19 0.876923 0.0407486 0.0407486
BinVal : 30 20 0.776596 0.0429615 0.0429615
BinVal : 30 21 0.90991 0.0271754 0.0271754
BinVal : 30 22 0.866071 0.0321814 0.0321814
BinVal : 30 23 0.56 0.0496387 0.0496387
BinVal : 30 24 0.88 0.0375233 0.0375233
BinVal : 30 25 0.701754 0.0605958 0.0605958
BinVal : 30 26 0.545455 0.0567443 0.0567443
BinVal : 30 27 0.854545 0.047539 0.047539
BinVal : 30 28 0.934211 0.0284377 0.0284377
BinVal : 30 29 0.909091 0.0353863 0.0353863
BinVal : 30 30 0.915254 0.036258 0.036258
BinVal : 30 31 0.76 0.0603987 0.0603987
BinVal : 30 32 0.7 0.10247 0.10247
BinVal : 30 33 0 0 0
BinVal : 30 34 0 0 0
BinVal : 30 35 0 0 0
BinVal : 30 36 0 0 0
BinVal : 30 37 0 0 0
BinVal : 30 38 0 0 0
BinVal : 30 39 0 0 0
BinVal : 30 40 0 0 0
BinVal : 30 41 0 0 0
BinVal : 30 42 0 0 0
BinVal : 30 43 0 0 0
BinVal : 31 0 0 0 0
BinVal : 31 1 0 0 0
BinVal : 31 2 0 0 0
BinVal : 31 3 0 0 0
BinVal : 31 4 0 0 0
BinVal : 31 5 0 0 0
BinVal : 31 6 0 0 0
BinVal : 31 7 0 0 0
BinVal : 31 8 0 0 0
BinVal : 31 9 0 0 0
BinVal : 31 10 0 0 0
BinVal : 31 11 0.875 0.116927 0.116927
BinVal : 31 12 0.869565 0.0702237 0.0702237
BinVal : 31 13 0.943396 0.0317418 0.0317418
BinVal : 31 14 0.893617 0.0449741 0.0449741
BinVal : 31 15 0.837838 0.0428488 0.0428488
BinVal : 31 16 0.875 0.0477352 0.0477352
BinVal : 31 17 0.65 0.0615765 0.0615765
BinVal : 31 18 0.693878 0.0658402 0.0658402
BinVal : 31 19 0.917808 0.0321461 0.0321461
BinVal : 31 20 0.734177 0.049703 0.049703
BinVal : 31 21 0.824324 0.0442373 0.0442373
BinVal : 31 22 0.861386 0.0343828 0.0343828
BinVal : 31 23 0.696203 0.0517424 0.0517424
BinVal : 31 24 0.904762 0.036983 0.036983
BinVal : 31 25 0.709091 0.0612418 0.0612418
BinVal : 31 26 0.7 0.0547723 0.0547723
BinVal : 31 27 0.815789 0.0628861 0.0628861
BinVal : 31 28 0.894118 0.0333733 0.0333733
BinVal : 31 29 0.935484 0.0312001 0.0312001
BinVal : 31 30 0.9375 0.0349386 0.0349386
BinVal : 31 31 0.897436 0.0485811 0.0485811
BinVal : 31 32 0.818182 0.116291 0.116291
BinVal : 31 33 0 0 0
BinVal : 31 34 0 0 0
BinVal : 31 35 0 0 0
BinVal : 31 36 0 0 0
BinVal : 31 37 0 0 0
BinVal : 31 38 0 0 0
BinVal : 31 39 0 0 0
BinVal : 31 40 0 0 0
BinVal : 31 41 0 0 0
BinVal : 31 42 0 0 0
BinVal : 31 43 0 0 0


