Comments : includes prescale inefficiency, cosmic veto applied 
EffMethod : TagAndProbe 
EffName : eff 
EffType : Binned 
EffVarNames : phi deteta 
EffVersion : 3 
ObjQuality : SingleMuonTriggersOR-AND-MuFromMuJets 
ObjRelativeTo : tight_tracktight_iso_deltaR 
ObjType : MuANDSingleMuonOR 
ObjVersion : 1 
RunRangeHigh : -1 
RunRangeLow : -1 
TriggerVersionHigh : 15.21 
TriggerVersionLow : 15 
BinEdgesX : 0 0.3927 0.7854 1.1781 1.5708 1.9635 2.3562 2.7489 3.1416 3.5343 3.927 4.3197 4.7124 5.1051 5.4978 5.8905 6.2832 
BinEdgesY : -3 -2.8 -2.6 -2.4 -2.2 -2 -1.8 -1.6 -1.4 -1.2 -1 -0.8 -0.6 -0.4 -0.2 0 0.2 0.4 0.6 0.8 1 1.2 1.4 1.6 1.8 2 2.2 2.4 2.6 2.8 3 
BinVal : 0 0 0 0 0
BinVal : 0 1 0 0 0
BinVal : 0 2 0 0 0
BinVal : 0 3 0 0 0
BinVal : 0 4 0 0 0
BinVal : 0 5 0 0 0
BinVal : 0 6 0 0 0
BinVal : 0 7 0.731707 0.069196 0.069196
BinVal : 0 8 0.901961 0.0416398 0.0416398
BinVal : 0 9 0.716981 0.0618762 0.0618762
BinVal : 0 10 0.654545 0.0641186 0.0641186
BinVal : 0 11 0.75 0.0652791 0.0652791
BinVal : 0 12 0.711111 0.0675659 0.0675659
BinVal : 0 13 0.629032 0.0613492 0.0613492
BinVal : 0 14 0.636364 0.0648642 0.0648642
BinVal : 0 15 0.765625 0.0529509 0.0529509
BinVal : 0 16 0.611111 0.0663401 0.0663401
BinVal : 0 17 0.907407 0.039445 0.039445
BinVal : 0 18 0.804878 0.0618908 0.0618908
BinVal : 0 19 0.829268 0.0587642 0.0587642
BinVal : 0 20 0.763636 0.0572865 0.0572865
BinVal : 0 21 0.895833 0.0440918 0.0440918
BinVal : 0 22 0.782609 0.0608155 0.0608155
BinVal : 0 23 0 0 0
BinVal : 0 24 0 0 0
BinVal : 0 25 0 0 0
BinVal : 0 26 0 0 0
BinVal : 0 27 0 0 0
BinVal : 0 28 0 0 0
BinVal : 0 29 0 0 0
BinVal : 1 0 0 0 0
BinVal : 1 1 0 0 0
BinVal : 1 2 0 0 0
BinVal : 1 3 0 0 0
BinVal : 1 4 0 0 0
BinVal : 1 5 0 0 0
BinVal : 1 6 0 0 0
BinVal : 1 7 0.630435 0.0711683 0.0711683
BinVal : 1 8 0.567568 0.0814455 0.0814455
BinVal : 1 9 0.840909 0.0551405 0.0551405
BinVal : 1 10 0.666667 0.0727393 0.0727393
BinVal : 1 11 0.56 0.0701997 0.0701997
BinVal : 1 12 0.530612 0.0712946 0.0712946
BinVal : 1 13 0.627451 0.0677012 0.0677012
BinVal : 1 14 0.693548 0.0585495 0.0585495
BinVal : 1 15 0.614035 0.0644812 0.0644812
BinVal : 1 16 0.519231 0.0692862 0.0692862
BinVal : 1 17 0.588235 0.0689152 0.0689152
BinVal : 1 18 0.764706 0.0593974 0.0593974
BinVal : 1 19 0.714286 0.0763604 0.0763604
BinVal : 1 20 0.765957 0.0617591 0.0617591
BinVal : 1 21 0.870968 0.042575 0.042575
BinVal : 1 22 0.657143 0.0802329 0.0802329
BinVal : 1 23 0 0 0
BinVal : 1 24 0 0 0
BinVal : 1 25 0 0 0
BinVal : 1 26 0 0 0
BinVal : 1 27 0 0 0
BinVal : 1 28 0 0 0
BinVal : 1 29 0 0 0
BinVal : 2 0 0 0 0
BinVal : 2 1 0 0 0
BinVal : 2 2 0 0 0
BinVal : 2 3 0 0 0
BinVal : 2 4 0 0 0
BinVal : 2 5 0 0 0
BinVal : 2 6 0 0 0
BinVal : 2 7 0.724138 0.0829961 0.0829961
BinVal : 2 8 0.870968 0.0602101 0.0602101
BinVal : 2 9 0.829268 0.0587642 0.0587642
BinVal : 2 10 0.791667 0.0828982 0.0828982
BinVal : 2 11 0.78125 0.0730792 0.0730792
BinVal : 2 12 0.689655 0.0859091 0.0859091
BinVal : 2 13 0.657143 0.0802329 0.0802329
BinVal : 2 14 0.820513 0.0614507 0.0614507
BinVal : 2 15 0.8125 0.0563367 0.0563367
BinVal : 2 16 0.763158 0.0689676 0.0689676
BinVal : 2 17 0.878788 0.0568144 0.0568144
BinVal : 2 18 0.727273 0.0949515 0.0949515
BinVal : 2 19 0.458333 0.101707 0.101707
BinVal : 2 20 0.903226 0.0531003 0.0531003
BinVal : 2 21 0.848485 0.0624156 0.0624156
BinVal : 2 22 0.736842 0.101023 0.101023
BinVal : 2 23 0 0 0
BinVal : 2 24 0 0 0
BinVal : 2 25 0 0 0
BinVal : 2 26 0 0 0
BinVal : 2 27 0 0 0
BinVal : 2 28 0 0 0
BinVal : 2 29 0 0 0
BinVal : 3 0 0 0 0
BinVal : 3 1 0 0 0
BinVal : 3 2 0 0 0
BinVal : 3 3 0 0 0
BinVal : 3 4 0 0 0
BinVal : 3 5 0 0 0
BinVal : 3 6 0 0 0
BinVal : 3 7 0.928571 0.0688303 0.0688303
BinVal : 3 8 0.705882 0.11051 0.11051
BinVal : 3 9 0.866667 0.0877707 0.0877707
BinVal : 3 10 0.705882 0.11051 0.11051
BinVal : 3 11 0.833333 0.107583 0.107583
BinVal : 3 12 0.75 0.108253 0.108253
BinVal : 3 13 0.833333 0.087841 0.087841
BinVal : 3 14 0.619048 0.105971 0.105971
BinVal : 3 15 0.928571 0.0688303 0.0688303
BinVal : 3 16 0.884615 0.0626563 0.0626563
BinVal : 3 17 0.875 0.0826797 0.0826797
BinVal : 3 18 0.8125 0.0975781 0.0975781
BinVal : 3 19 0.777778 0.13858 0.13858
BinVal : 3 20 0.875 0.0826797 0.0826797
BinVal : 3 21 1 0.0326734 0.0326734
BinVal : 3 22 0.722222 0.105572 0.105572
BinVal : 3 23 0 0 0
BinVal : 3 24 0 0 0
BinVal : 3 25 0 0 0
BinVal : 3 26 0 0 0
BinVal : 3 27 0 0 0
BinVal : 3 28 0 0 0
BinVal : 3 29 0 0 0
BinVal : 4 0 0 0 0
BinVal : 4 1 0 0 0
BinVal : 4 2 0 0 0
BinVal : 4 3 0 0 0
BinVal : 4 4 0 0 0
BinVal : 4 5 0 0 0
BinVal : 4 6 0 0 0
BinVal : 4 7 0.909091 0.0866784 0.0866784
BinVal : 4 8 0.928571 0.0688303 0.0688303
BinVal : 4 9 0.75 0.125 0.125
BinVal : 4 10 0.615385 0.134932 0.134932
BinVal : 4 11 0.823529 0.0924594 0.0924594
BinVal : 4 12 0.7 0.10247 0.10247
BinVal : 4 13 0.8125 0.0975781 0.0975781
BinVal : 4 14 0.809524 0.0856891 0.0856891
BinVal : 4 15 0.7 0.10247 0.10247
BinVal : 4 16 0.705882 0.11051 0.11051
BinVal : 4 17 0.647059 0.115904 0.115904
BinVal : 4 18 0.785714 0.109664 0.109664
BinVal : 4 19 0.777778 0.13858 0.13858
BinVal : 4 20 0.631579 0.110665 0.110665
BinVal : 4 21 0.857143 0.0763604 0.0763604
BinVal : 4 22 0.866667 0.0877707 0.0877707
BinVal : 4 23 0 0 0
BinVal : 4 24 0 0 0
BinVal : 4 25 0 0 0
BinVal : 4 26 0 0 0
BinVal : 4 27 0 0 0
BinVal : 4 28 0 0 0
BinVal : 4 29 0 0 0
BinVal : 5 0 0 0 0
BinVal : 5 1 0 0 0
BinVal : 5 2 0 0 0
BinVal : 5 3 0 0 0
BinVal : 5 4 0 0 0
BinVal : 5 5 0 0 0
BinVal : 5 6 0 0 0
BinVal : 5 7 0.740741 0.084337 0.084337
BinVal : 5 8 0.945946 0.0371746 0.0371746
BinVal : 5 9 0.967742 0.0317335 0.0317335
BinVal : 5 10 0.833333 0.087841 0.087841
BinVal : 5 11 0.666667 0.082061 0.082061
BinVal : 5 12 0.741935 0.0785898 0.0785898
BinVal : 5 13 0.756757 0.0705339 0.0705339
BinVal : 5 14 0.771429 0.0709782 0.0709782
BinVal : 5 15 0.666667 0.0660098 0.0660098
BinVal : 5 16 0.692308 0.0905151 0.0905151
BinVal : 5 17 0.810811 0.0643883 0.0643883
BinVal : 5 18 0.741935 0.0785898 0.0785898
BinVal : 5 19 0.75 0.0765466 0.0765466
BinVal : 5 20 0.72973 0.0730095 0.0730095
BinVal : 5 21 0.928571 0.0486704 0.0486704
BinVal : 5 22 0.904762 0.0640564 0.0640564
BinVal : 5 23 0 0 0
BinVal : 5 24 0 0 0
BinVal : 5 25 0 0 0
BinVal : 5 26 0 0 0
BinVal : 5 27 0 0 0
BinVal : 5 28 0 0 0
BinVal : 5 29 0 0 0
BinVal : 6 0 0 0 0
BinVal : 6 1 0 0 0
BinVal : 6 2 0 0 0
BinVal : 6 3 0 0 0
BinVal : 6 4 0 0 0
BinVal : 6 5 0 0 0
BinVal : 6 6 0 0 0
BinVal : 6 7 0.795455 0.0608102 0.0608102
BinVal : 6 8 0.875 0.0477352 0.0477352
BinVal : 6 9 0.926829 0.0406702 0.0406702
BinVal : 6 10 0.636364 0.0837393 0.0837393
BinVal : 6 11 0.679245 0.0641153 0.0641153
BinVal : 6 12 0.866667 0.0620633 0.0620633
BinVal : 6 13 0.75 0.0652791 0.0652791
BinVal : 6 14 0.695652 0.0678426 0.0678426
BinVal : 6 15 0.676471 0.0802309 0.0802309
BinVal : 6 16 0.777778 0.06929 0.06929
BinVal : 6 17 0.769231 0.067466 0.067466
BinVal : 6 18 0.690476 0.071334 0.071334
BinVal : 6 19 0.676471 0.0802309 0.0802309
BinVal : 6 20 0.808511 0.057394 0.057394
BinVal : 6 21 0.916667 0.0460642 0.0460642
BinVal : 6 22 0.636364 0.0837393 0.0837393
BinVal : 6 23 0 0 0
BinVal : 6 24 0 0 0
BinVal : 6 25 0 0 0
BinVal : 6 26 0 0 0
BinVal : 6 27 0 0 0
BinVal : 6 28 0 0 0
BinVal : 6 29 0 0 0
BinVal : 7 0 0 0 0
BinVal : 7 1 0 0 0
BinVal : 7 2 0 0 0
BinVal : 7 3 0 0 0
BinVal : 7 4 0 0 0
BinVal : 7 5 0 0 0
BinVal : 7 6 0 0 0
BinVal : 7 7 0.605263 0.0792929 0.0792929
BinVal : 7 8 0.880952 0.0499703 0.0499703
BinVal : 7 9 0.625 0.0698771 0.0698771
BinVal : 7 10 0.755556 0.0640644 0.0640644
BinVal : 7 11 0.513514 0.0821695 0.0821695
BinVal : 7 12 0.7 0.0648074 0.0648074
BinVal : 7 13 0.745098 0.0610251 0.0610251
BinVal : 7 14 0.666667 0.0660098 0.0660098
BinVal : 7 15 0.72549 0.0624899 0.0624899
BinVal : 7 16 0.733333 0.0807373 0.0807373
BinVal : 7 17 0.757576 0.0746009 0.0746009
BinVal : 7 18 0.285714 0.120736 0.120736
BinVal : 7 19 0.75 0.108253 0.108253
BinVal : 7 20 0.770833 0.0606646 0.0606646
BinVal : 7 21 0.846154 0.0577744 0.0577744
BinVal : 7 22 0.72 0.063498 0.063498
BinVal : 7 23 0 0 0
BinVal : 7 24 0 0 0
BinVal : 7 25 0 0 0
BinVal : 7 26 0 0 0
BinVal : 7 27 0 0 0
BinVal : 7 28 0 0 0
BinVal : 7 29 0 0 0
BinVal : 8 0 0 0 0
BinVal : 8 1 0 0 0
BinVal : 8 2 0 0 0
BinVal : 8 3 0 0 0
BinVal : 8 4 0 0 0
BinVal : 8 5 0 0 0
BinVal : 8 6 0 0 0
BinVal : 8 7 0.780488 0.0646428 0.0646428
BinVal : 8 8 0.929825 0.0338342 0.0338342
BinVal : 8 9 0.641026 0.0768134 0.0768134
BinVal : 8 10 0.757576 0.0746009 0.0746009
BinVal : 8 11 0.833333 0.0575055 0.0575055
BinVal : 8 12 0.897959 0.0432431 0.0432431
BinVal : 8 13 0.907692 0.0359031 0.0359031
BinVal : 8 14 0.766667 0.0546029 0.0546029
BinVal : 8 15 0.796296 0.0548075 0.0548075
BinVal : 8 16 0.82 0.0543323 0.0543323
BinVal : 8 17 0.888889 0.0468486 0.0468486
BinVal : 8 18 0.461538 0.138264 0.138264
BinVal : 8 19 0.653846 0.0933009 0.0933009
BinVal : 8 20 0.860465 0.0528413 0.0528413
BinVal : 8 21 0.9 0.0424264 0.0424264
BinVal : 8 22 0.727273 0.0600526 0.0600526
BinVal : 8 23 0 0 0
BinVal : 8 24 0 0 0
BinVal : 8 25 0 0 0
BinVal : 8 26 0 0 0
BinVal : 8 27 0 0 0
BinVal : 8 28 0 0 0
BinVal : 8 29 0 0 0
BinVal : 9 0 0 0 0
BinVal : 9 1 0 0 0
BinVal : 9 2 0 0 0
BinVal : 9 3 0 0 0
BinVal : 9 4 0 0 0
BinVal : 9 5 0 0 0
BinVal : 9 6 0 0 0
BinVal : 9 7 0.714286 0.0853735 0.0853735
BinVal : 9 8 0.947368 0.0362235 0.0362235
BinVal : 9 9 0.947368 0.0295764 0.0295764
BinVal : 9 10 0.928571 0.0486704 0.0486704
BinVal : 9 11 0.705882 0.0781425 0.0781425
BinVal : 9 12 0.807692 0.0546537 0.0546537
BinVal : 9 13 0.730769 0.0615107 0.0615107
BinVal : 9 14 0.695652 0.0678426 0.0678426
BinVal : 9 15 0.766667 0.0546029 0.0546029
BinVal : 9 16 0.825 0.0600781 0.0600781
BinVal : 9 17 0.795455 0.0608102 0.0608102
BinVal : 9 18 0.814815 0.0747568 0.0747568
BinVal : 9 19 0.866667 0.0620633 0.0620633
BinVal : 9 20 0.888889 0.0468486 0.0468486
BinVal : 9 21 0.952381 0.0268303 0.0268303
BinVal : 9 22 0.724138 0.0829961 0.0829961
BinVal : 9 23 0 0 0
BinVal : 9 24 0 0 0
BinVal : 9 25 0 0 0
BinVal : 9 26 0 0 0
BinVal : 9 27 0 0 0
BinVal : 9 28 0 0 0
BinVal : 9 29 0 0 0
BinVal : 10 0 0 0 0
BinVal : 10 1 0 0 0
BinVal : 10 2 0 0 0
BinVal : 10 3 0 0 0
BinVal : 10 4 0 0 0
BinVal : 10 5 0 0 0
BinVal : 10 6 0 0 0
BinVal : 10 7 0.810811 0.0643883 0.0643883
BinVal : 10 8 0.933333 0.045542 0.045542
BinVal : 10 9 0.5 0.158114 0.158114
BinVal : 10 10 0.619048 0.105971 0.105971
BinVal : 10 11 1 0.0871301 0.0871301
BinVal : 10 12 0.648649 0.0784828 0.0784828
BinVal : 10 13 0.761905 0.0657205 0.0657205
BinVal : 10 14 0.808511 0.057394 0.057394
BinVal : 10 15 0.833333 0.0537914 0.0537914
BinVal : 10 16 0.878788 0.0568144 0.0568144
BinVal : 10 17 0.78125 0.0730792 0.0730792
BinVal : 10 18 0.583333 0.142319 0.142319
BinVal : 10 19 0.736842 0.101023 0.101023
BinVal : 10 20 1 0.0326734 0.0326734
BinVal : 10 21 0.846154 0.0500341 0.0500341
BinVal : 10 22 0.648649 0.0784828 0.0784828
BinVal : 10 23 0 0 0
BinVal : 10 24 0 0 0
BinVal : 10 25 0 0 0
BinVal : 10 26 0 0 0
BinVal : 10 27 0 0 0
BinVal : 10 28 0 0 0
BinVal : 10 29 0 0 0
BinVal : 11 0 0 0 0
BinVal : 11 1 0 0 0
BinVal : 11 2 0 0 0
BinVal : 11 3 0 0 0
BinVal : 11 4 0 0 0
BinVal : 11 5 0 0 0
BinVal : 11 6 0 0 0
BinVal : 11 7 0.82 0.0543323 0.0543323
BinVal : 11 8 0.875 0.0522913 0.0522913
BinVal : 11 9 0 0 0
BinVal : 11 10 1 0.218486 0.218486
BinVal : 11 11 0 0 0
BinVal : 11 12 0 0 0
BinVal : 11 13 0 0 0
BinVal : 11 14 0 0 0
BinVal : 11 15 0 0 0
BinVal : 11 16 0 0 0
BinVal : 11 17 0 0 0
BinVal : 11 18 0 0 0
BinVal : 11 19 0 0 0
BinVal : 11 20 0 0 0
BinVal : 11 21 0.697674 0.0700373 0.0700373
BinVal : 11 22 0.714286 0.0645363 0.0645363
BinVal : 11 23 0 0 0
BinVal : 11 24 0 0 0
BinVal : 11 25 0 0 0
BinVal : 11 26 0 0 0
BinVal : 11 27 0 0 0
BinVal : 11 28 0 0 0
BinVal : 11 29 0 0 0
BinVal : 12 0 0 0 0
BinVal : 12 1 0 0 0
BinVal : 12 2 0 0 0
BinVal : 12 3 0 0 0
BinVal : 12 4 0 0 0
BinVal : 12 5 0 0 0
BinVal : 12 6 0 0 0
BinVal : 12 7 0.864865 0.0562027 0.0562027
BinVal : 12 8 0.655172 0.0882632 0.0882632
BinVal : 12 9 0 0 0
BinVal : 12 10 0 0 0
BinVal : 12 11 0 0 0
BinVal : 12 12 0 0 0
BinVal : 12 13 0 0 0
BinVal : 12 14 0 0 0
BinVal : 12 15 0 0 0
BinVal : 12 16 0 0 0
BinVal : 12 17 0 0 0
BinVal : 12 18 0 0 0
BinVal : 12 19 0 0 0
BinVal : 12 20 0 0 0
BinVal : 12 21 0.787879 0.0711647 0.0711647
BinVal : 12 22 0.651163 0.0726812 0.0726812
BinVal : 12 23 0 0 0
BinVal : 12 24 0 0 0
BinVal : 12 25 0 0 0
BinVal : 12 26 0 0 0
BinVal : 12 27 0 0 0
BinVal : 12 28 0 0 0
BinVal : 12 29 0 0 0
BinVal : 13 0 0 0 0
BinVal : 13 1 0 0 0
BinVal : 13 2 0 0 0
BinVal : 13 3 0 0 0
BinVal : 13 4 0 0 0
BinVal : 13 5 0 0 0
BinVal : 13 6 0 0 0
BinVal : 13 7 0.666667 0.0860663 0.0860663
BinVal : 13 8 0.9375 0.0349386 0.0349386
BinVal : 13 9 0.944444 0.0539903 0.0539903
BinVal : 13 10 0.761905 0.0929429 0.0929429
BinVal : 13 11 0.555556 0.165635 0.165635
BinVal : 13 12 0.75 0.0652791 0.0652791
BinVal : 13 13 0.789474 0.0539989 0.0539989
BinVal : 13 14 0.902439 0.0463399 0.0463399
BinVal : 13 15 0.915254 0.036258 0.036258
BinVal : 13 16 0.875 0.0441942 0.0441942
BinVal : 13 17 0.878049 0.0511047 0.0511047
BinVal : 13 18 0.333333 0.19245 0.19245
BinVal : 13 19 0.666667 0.121716 0.121716
BinVal : 13 20 0.933333 0.0644061 0.0644061
BinVal : 13 21 0.931818 0.0379991 0.0379991
BinVal : 13 22 0.736842 0.0714338 0.0714338
BinVal : 13 23 0 0 0
BinVal : 13 24 0 0 0
BinVal : 13 25 0 0 0
BinVal : 13 26 0 0 0
BinVal : 13 27 0 0 0
BinVal : 13 28 0 0 0
BinVal : 13 29 0 0 0
BinVal : 14 0 0 0 0
BinVal : 14 1 0 0 0
BinVal : 14 2 0 0 0
BinVal : 14 3 0 0 0
BinVal : 14 4 0 0 0
BinVal : 14 5 0 0 0
BinVal : 14 6 0 0 0
BinVal : 14 7 0.827586 0.0701445 0.0701445
BinVal : 14 8 0.862069 0.0640329 0.0640329
BinVal : 14 9 0.965517 0.0239589 0.0239589
BinVal : 14 10 0.888889 0.0523783 0.0523783
BinVal : 14 11 0.708333 0.0656057 0.0656057
BinVal : 14 12 0.745098 0.0610251 0.0610251
BinVal : 14 13 0.83871 0.0660586 0.0660586
BinVal : 14 14 0.844444 0.0540284 0.0540284
BinVal : 14 15 0.7 0.0724569 0.0724569
BinVal : 14 16 0.606061 0.0850581 0.0850581
BinVal : 14 17 0.814815 0.0747568 0.0747568
BinVal : 14 18 0.615385 0.0954113 0.0954113
BinVal : 14 19 0.791667 0.0828982 0.0828982
BinVal : 14 20 0.897436 0.0485811 0.0485811
BinVal : 14 21 0.970588 0.028976 0.028976
BinVal : 14 22 0.767442 0.064425 0.064425
BinVal : 14 23 0 0 0
BinVal : 14 24 0 0 0
BinVal : 14 25 0 0 0
BinVal : 14 26 0 0 0
BinVal : 14 27 0 0 0
BinVal : 14 28 0 0 0
BinVal : 14 29 0 0 0
BinVal : 15 0 0 0 0
BinVal : 15 1 0 0 0
BinVal : 15 2 0 0 0
BinVal : 15 3 0 0 0
BinVal : 15 4 0 0 0
BinVal : 15 5 0 0 0
BinVal : 15 6 0 0 0
BinVal : 15 7 0.727273 0.0775275 0.0775275
BinVal : 15 8 1 0.0157046 0.0157046
BinVal : 15 9 0.652174 0.0702237 0.0702237
BinVal : 15 10 0.827586 0.0701445 0.0701445
BinVal : 15 11 0.8 0.0676123 0.0676123
BinVal : 15 12 0.84375 0.0641862 0.0641862
BinVal : 15 13 0.723404 0.0652476 0.0652476
BinVal : 15 14 0.777778 0.056575 0.056575
BinVal : 15 15 0.85 0.0460977 0.0460977
BinVal : 15 16 0.571429 0.070696 0.070696
BinVal : 15 17 0.814815 0.052861 0.052861
BinVal : 15 18 0.818182 0.0822304 0.0822304
BinVal : 15 19 0.818182 0.0822304 0.0822304
BinVal : 15 20 0.588235 0.0844035 0.0844035
BinVal : 15 21 0.880952 0.0499703 0.0499703
BinVal : 15 22 0.844444 0.0540284 0.0540284
BinVal : 15 23 0 0 0
BinVal : 15 24 0 0 0
BinVal : 15 25 0 0 0
BinVal : 15 26 0 0 0
BinVal : 15 27 0 0 0
BinVal : 15 28 0 0 0
BinVal : 15 29 0 0 0


Comments : includes prescale inefficiency, cosmic veto applied 
EffMethod : TagAndProbe 
EffName : eff 
EffType : Binned 
EffVarNames : phi deteta 
EffVersion : 3 
ObjQuality : SingleMuonTriggersOR-AND-MuFromMuJets 
ObjRelativeTo : tight_tracktight_iso_deltaR 
ObjType : MuANDSingleMuonOR 
ObjVersion : 1 
RunRangeHigh : -1 
RunRangeLow : -1 
TriggerVersionHigh : 15.49 
TriggerVersionLow : 15.22 
BinEdgesX : 0 0.3927 0.7854 1.1781 1.5708 1.9635 2.3562 2.7489 3.1416 3.5343 3.927 4.3197 4.7124 5.1051 5.4978 5.8905 6.2832 
BinEdgesY : -3 -2.8 -2.6 -2.4 -2.2 -2 -1.8 -1.6 -1.4 -1.2 -1 -0.8 -0.6 -0.4 -0.2 0 0.2 0.4 0.6 0.8 1 1.2 1.4 1.6 1.8 2 2.2 2.4 2.6 2.8 3 
BinVal : 0 0 0 0 0
BinVal : 0 1 0 0 0
BinVal : 0 2 0 0 0
BinVal : 0 3 0 0 0
BinVal : 0 4 0 0 0
BinVal : 0 5 0 0 0
BinVal : 0 6 0 0 0
BinVal : 0 7 0.686275 0.0649739 0.0649739
BinVal : 0 8 0.851351 0.0413541 0.0413541
BinVal : 0 9 0.777778 0.0523783 0.0523783
BinVal : 0 10 0.62 0.068644 0.068644
BinVal : 0 11 0.608696 0.0719579 0.0719579
BinVal : 0 12 0.833333 0.0507151 0.0507151
BinVal : 0 13 0.731343 0.0541529 0.0541529
BinVal : 0 14 0.746988 0.0477187 0.0477187
BinVal : 0 15 0.632353 0.058471 0.058471
BinVal : 0 16 0.548387 0.063202 0.063202
BinVal : 0 17 0.807692 0.0546537 0.0546537
BinVal : 0 18 0.762712 0.055385 0.055385
BinVal : 0 19 0.709677 0.0576468 0.0576468
BinVal : 0 20 0.830769 0.0465075 0.0465075
BinVal : 0 21 0.928571 0.0344151 0.0344151
BinVal : 0 22 0.647059 0.0669172 0.0669172
BinVal : 0 23 0 0 0
BinVal : 0 24 0 0 0
BinVal : 0 25 0 0 0
BinVal : 0 26 0 0 0
BinVal : 0 27 0 0 0
BinVal : 0 28 0 0 0
BinVal : 0 29 0 0 0
BinVal : 1 0 0 0 0
BinVal : 1 1 0 0 0
BinVal : 1 2 0 0 0
BinVal : 1 3 0 0 0
BinVal : 1 4 0 0 0
BinVal : 1 5 0 0 0
BinVal : 1 6 0 0 0
BinVal : 1 7 0.77551 0.0596066 0.0596066
BinVal : 1 8 0.826923 0.0524627 0.0524627
BinVal : 1 9 0.921569 0.0376464 0.0376464
BinVal : 1 10 0.756757 0.0705339 0.0705339
BinVal : 1 11 0.630137 0.0565036 0.0565036
BinVal : 1 12 0.597222 0.0578009 0.0578009
BinVal : 1 13 0.653846 0.0659737 0.0659737
BinVal : 1 14 0.794521 0.0472907 0.0472907
BinVal : 1 15 0.670732 0.051897 0.051897
BinVal : 1 16 0.474576 0.0650102 0.0650102
BinVal : 1 17 0.677419 0.059368 0.059368
BinVal : 1 18 0.735294 0.0535005 0.0535005
BinVal : 1 19 0.722222 0.0746505 0.0746505
BinVal : 1 20 0.906667 0.0335901 0.0335901
BinVal : 1 21 0.903846 0.0408817 0.0408817
BinVal : 1 22 0.659091 0.0714604 0.0714604
BinVal : 1 23 0 0 0
BinVal : 1 24 0 0 0
BinVal : 1 25 0 0 0
BinVal : 1 26 0 0 0
BinVal : 1 27 0 0 0
BinVal : 1 28 0 0 0
BinVal : 1 29 0 0 0
BinVal : 2 0 0 0 0
BinVal : 2 1 0 0 0
BinVal : 2 2 0 0 0
BinVal : 2 3 0 0 0
BinVal : 2 4 0 0 0
BinVal : 2 5 0 0 0
BinVal : 2 6 0 0 0
BinVal : 2 7 0.676471 0.0802309 0.0802309
BinVal : 2 8 0.790698 0.062038 0.062038
BinVal : 2 9 0.836735 0.0528011 0.0528011
BinVal : 2 10 0.75 0.0721688 0.0721688
BinVal : 2 11 0.641509 0.0658722 0.0658722
BinVal : 2 12 0.711111 0.0675659 0.0675659
BinVal : 2 13 0.682927 0.0726733 0.0726733
BinVal : 2 14 0.645833 0.0690309 0.0690309
BinVal : 2 15 0.742857 0.0738764 0.0738764
BinVal : 2 16 0.410256 0.0787639 0.0787639
BinVal : 2 17 0.818182 0.0581456 0.0581456
BinVal : 2 18 0.794872 0.064659 0.064659
BinVal : 2 19 0.7 0.10247 0.10247
BinVal : 2 20 0.885714 0.0537785 0.0537785
BinVal : 2 21 0.902439 0.0463399 0.0463399
BinVal : 2 22 0.8 0.0676123 0.0676123
BinVal : 2 23 0 0 0
BinVal : 2 24 0 0 0
BinVal : 2 25 0 0 0
BinVal : 2 26 0 0 0
BinVal : 2 27 0 0 0
BinVal : 2 28 0 0 0
BinVal : 2 29 0 0 0
BinVal : 3 0 0 0 0
BinVal : 3 1 0 0 0
BinVal : 3 2 0 0 0
BinVal : 3 3 0 0 0
BinVal : 3 4 0 0 0
BinVal : 3 5 0 0 0
BinVal : 3 6 0 0 0
BinVal : 3 7 0.761905 0.0929429 0.0929429
BinVal : 3 8 1 0.0346427 0.0346427
BinVal : 3 9 0.6 0.109545 0.109545
BinVal : 3 10 0.857143 0.093522 0.093522
BinVal : 3 11 0.588235 0.119365 0.119365
BinVal : 3 12 0.764706 0.102879 0.102879
BinVal : 3 13 0.608696 0.101764 0.101764
BinVal : 3 14 0.758621 0.0794627 0.0794627
BinVal : 3 15 0.733333 0.0807373 0.0807373
BinVal : 3 16 0.518519 0.096159 0.096159
BinVal : 3 17 0.733333 0.0807373 0.0807373
BinVal : 3 18 0.96 0.0391918 0.0391918
BinVal : 3 19 0.777778 0.13858 0.13858
BinVal : 3 20 0.666667 0.121716 0.121716
BinVal : 3 21 0.894737 0.0704059 0.0704059
BinVal : 3 22 0.869565 0.0702237 0.0702237
BinVal : 3 23 0 0 0
BinVal : 3 24 0 0 0
BinVal : 3 25 0 0 0
BinVal : 3 26 0 0 0
BinVal : 3 27 0 0 0
BinVal : 3 28 0 0 0
BinVal : 3 29 0 0 0
BinVal : 4 0 0 0 0
BinVal : 4 1 0 0 0
BinVal : 4 2 0 0 0
BinVal : 4 3 0 0 0
BinVal : 4 4 0 0 0
BinVal : 4 5 0 0 0
BinVal : 4 6 0 0 0
BinVal : 4 7 0.615385 0.0954113 0.0954113
BinVal : 4 8 0.851852 0.0683673 0.0683673
BinVal : 4 9 0.84 0.0733212 0.0733212
BinVal : 4 10 0.45 0.111243 0.111243
BinVal : 4 11 0.9375 0.0605154 0.0605154
BinVal : 4 12 0.689655 0.0859091 0.0859091
BinVal : 4 13 0.761905 0.0929429 0.0929429
BinVal : 4 14 0.44 0.0992774 0.0992774
BinVal : 4 15 0.76 0.0854166 0.0854166
BinVal : 4 16 0.294118 0.11051 0.11051
BinVal : 4 17 0.740741 0.084337 0.084337
BinVal : 4 18 0.8125 0.0975781 0.0975781
BinVal : 4 19 0.5625 0.12402 0.12402
BinVal : 4 20 0.833333 0.0760726 0.0760726
BinVal : 4 21 1 0.0326734 0.0326734
BinVal : 4 22 0.684211 0.106639 0.106639
BinVal : 4 23 0 0 0
BinVal : 4 24 0 0 0
BinVal : 4 25 0 0 0
BinVal : 4 26 0 0 0
BinVal : 4 27 0 0 0
BinVal : 4 28 0 0 0
BinVal : 4 29 0 0 0
BinVal : 5 0 0 0 0
BinVal : 5 1 0 0 0
BinVal : 5 2 0 0 0
BinVal : 5 3 0 0 0
BinVal : 5 4 0 0 0
BinVal : 5 5 0 0 0
BinVal : 5 6 0 0 0
BinVal : 5 7 0.709677 0.0815249 0.0815249
BinVal : 5 8 0.978261 0.0215015 0.0215015
BinVal : 5 9 0.895833 0.0440918 0.0440918
BinVal : 5 10 0.677419 0.083959 0.083959
BinVal : 5 11 0.512821 0.0800378 0.0800378
BinVal : 5 12 0.711538 0.0628263 0.0628263
BinVal : 5 13 0.575758 0.086034 0.086034
BinVal : 5 14 0.716981 0.0618762 0.0618762
BinVal : 5 15 0.686275 0.0649739 0.0649739
BinVal : 5 16 0.465116 0.0760635 0.0760635
BinVal : 5 17 0.705882 0.0781425 0.0781425
BinVal : 5 18 0.705882 0.0781425 0.0781425
BinVal : 5 19 0.826087 0.0790342 0.0790342
BinVal : 5 20 0.868421 0.0548361 0.0548361
BinVal : 5 21 0.944444 0.0381769 0.0381769
BinVal : 5 22 0.724138 0.0829961 0.0829961
BinVal : 5 23 0 0 0
BinVal : 5 24 0 0 0
BinVal : 5 25 0 0 0
BinVal : 5 26 0 0 0
BinVal : 5 27 0 0 0
BinVal : 5 28 0 0 0
BinVal : 5 29 0 0 0
BinVal : 6 0 0 0 0
BinVal : 6 1 0 0 0
BinVal : 6 2 0 0 0
BinVal : 6 3 0 0 0
BinVal : 6 4 0 0 0
BinVal : 6 5 0 0 0
BinVal : 6 6 0 0 0
BinVal : 6 7 0.674419 0.0714596 0.0714596
BinVal : 6 8 0.864407 0.044571 0.044571
BinVal : 6 9 0.90625 0.0364351 0.0364351
BinVal : 6 10 0.55 0.0786607 0.0786607
BinVal : 6 11 0.28 0.063498 0.063498
BinVal : 6 12 0.395349 0.0745604 0.0745604
BinVal : 6 13 0.625 0.0605154 0.0605154
BinVal : 6 14 0.644737 0.0548984 0.0548984
BinVal : 6 15 0.522388 0.0610235 0.0610235
BinVal : 6 16 0.568965 0.0650257 0.0650257
BinVal : 6 17 0.836364 0.0498834 0.0498834
BinVal : 6 18 0.6875 0.057939 0.057939
BinVal : 6 19 0.704545 0.0687818 0.0687818
BinVal : 6 20 0.848485 0.0441345 0.0441345
BinVal : 6 21 0.868421 0.0548361 0.0548361
BinVal : 6 22 0.622222 0.0722744 0.0722744
BinVal : 6 23 0 0 0
BinVal : 6 24 0 0 0
BinVal : 6 25 0 0 0
BinVal : 6 26 0 0 0
BinVal : 6 27 0 0 0
BinVal : 6 28 0 0 0
BinVal : 6 29 0 0 0
BinVal : 7 0 0 0 0
BinVal : 7 1 0 0 0
BinVal : 7 2 0 0 0
BinVal : 7 3 0 0 0
BinVal : 7 4 0 0 0
BinVal : 7 5 0 0 0
BinVal : 7 6 0 0 0
BinVal : 7 7 0.730769 0.0615107 0.0615107
BinVal : 7 8 0.95082 0.0276873 0.0276873
BinVal : 7 9 0.583333 0.0711594 0.0711594
BinVal : 7 10 0.342857 0.0802329 0.0802329
BinVal : 7 11 0.230769 0.067466 0.067466
BinVal : 7 12 0.47541 0.063941 0.063941
BinVal : 7 13 0.6 0.0531369 0.0531369
BinVal : 7 14 0.639535 0.0517743 0.0517743
BinVal : 7 15 0.842857 0.0434986 0.0434986
BinVal : 7 16 0.738636 0.0468378 0.0468378
BinVal : 7 17 0.771429 0.0501891 0.0501891
BinVal : 7 18 0.701754 0.0605958 0.0605958
BinVal : 7 19 0.666667 0.06415 0.06415
BinVal : 7 20 0.766667 0.0546029 0.0546029
BinVal : 7 21 0.862745 0.0481859 0.0481859
BinVal : 7 22 0.652174 0.0702237 0.0702237
BinVal : 7 23 0 0 0
BinVal : 7 24 0 0 0
BinVal : 7 25 0 0 0
BinVal : 7 26 0 0 0
BinVal : 7 27 0 0 0
BinVal : 7 28 0 0 0
BinVal : 7 29 0 0 0
BinVal : 8 0 0 0 0
BinVal : 8 1 0 0 0
BinVal : 8 2 0 0 0
BinVal : 8 3 0 0 0
BinVal : 8 4 0 0 0
BinVal : 8 5 0 0 0
BinVal : 8 6 0 0 0
BinVal : 8 7 0.816327 0.0553168 0.0553168
BinVal : 8 8 0.924242 0.0325712 0.0325712
BinVal : 8 9 0.622642 0.0665822 0.0665822
BinVal : 8 10 0.27451 0.0624899 0.0624899
BinVal : 8 11 0.40678 0.0639531 0.0639531
BinVal : 8 12 0.348485 0.0586519 0.0586519
BinVal : 8 13 0.822785 0.0429616 0.0429616
BinVal : 8 14 0.712644 0.0485162 0.0485162
BinVal : 8 15 0.813187 0.0408581 0.0408581
BinVal : 8 16 0.814815 0.0431609 0.0431609
BinVal : 8 17 0.877193 0.0434732 0.0434732
BinVal : 8 18 0.672131 0.0601052 0.0601052
BinVal : 8 19 0.75 0.0600481 0.0600481
BinVal : 8 20 0.7 0.0591608 0.0591608
BinVal : 8 21 0.9 0.0387298 0.0387298
BinVal : 8 22 0.78 0.0585833 0.0585833
BinVal : 8 23 0 0 0
BinVal : 8 24 0 0 0
BinVal : 8 25 0 0 0
BinVal : 8 26 0 0 0
BinVal : 8 27 0 0 0
BinVal : 8 28 0 0 0
BinVal : 8 29 0 0 0
BinVal : 9 0 0 0 0
BinVal : 9 1 0 0 0
BinVal : 9 2 0 0 0
BinVal : 9 3 0 0 0
BinVal : 9 4 0 0 0
BinVal : 9 5 0 0 0
BinVal : 9 6 0 0 0
BinVal : 9 7 0.777778 0.056575 0.056575
BinVal : 9 8 0.863636 0.0422418 0.0422418
BinVal : 9 9 0.9375 0.0302577 0.0302577
BinVal : 9 10 0.4 0.0894427 0.0894427
BinVal : 9 11 0.320755 0.0641153 0.0641153
BinVal : 9 12 0.344262 0.0608338 0.0608338
BinVal : 9 13 0.529412 0.0605289 0.0605289
BinVal : 9 14 0.639344 0.0614821 0.0614821
BinVal : 9 15 0.725 0.0499218 0.0499218
BinVal : 9 16 0.676056 0.0555389 0.0555389
BinVal : 9 17 0.777778 0.0523783 0.0523783
BinVal : 9 18 0.691176 0.0560267 0.0560267
BinVal : 9 19 0.814815 0.052861 0.052861
BinVal : 9 20 0.9375 0.0302577 0.0302577
BinVal : 9 21 0.883721 0.0488848 0.0488848
BinVal : 9 22 0.756757 0.0705339 0.0705339
BinVal : 9 23 0 0 0
BinVal : 9 24 0 0 0
BinVal : 9 25 0 0 0
BinVal : 9 26 0 0 0
BinVal : 9 27 0 0 0
BinVal : 9 28 0 0 0
BinVal : 9 29 0 0 0
BinVal : 10 0 0 0 0
BinVal : 10 1 0 0 0
BinVal : 10 2 0 0 0
BinVal : 10 3 0 0 0
BinVal : 10 4 0 0 0
BinVal : 10 5 0 0 0
BinVal : 10 6 0 0 0
BinVal : 10 7 0.791667 0.0586179 0.0586179
BinVal : 10 8 0.901639 0.0381296 0.0381296
BinVal : 10 9 0.9 0.067082 0.067082
BinVal : 10 10 0.695652 0.0959439 0.0959439
BinVal : 10 11 0.333333 0.272166 0.272166
BinVal : 10 12 0.648148 0.0649861 0.0649861
BinVal : 10 13 0.833333 0.0537914 0.0537914
BinVal : 10 14 0.784615 0.0509893 0.0509893
BinVal : 10 15 0.862069 0.0369694 0.0369694
BinVal : 10 16 0.814815 0.052861 0.052861
BinVal : 10 17 0.769231 0.067466 0.067466
BinVal : 10 18 0.5 0.133631 0.133631
BinVal : 10 19 0.857143 0.0763604 0.0763604
BinVal : 10 20 0.636364 0.145041 0.145041
BinVal : 10 21 0.90566 0.0401506 0.0401506
BinVal : 10 22 0.702128 0.0667074 0.0667074
BinVal : 10 23 0 0 0
BinVal : 10 24 0 0 0
BinVal : 10 25 0 0 0
BinVal : 10 26 0 0 0
BinVal : 10 27 0 0 0
BinVal : 10 28 0 0 0
BinVal : 10 29 0 0 0
BinVal : 11 0 0 0 0
BinVal : 11 1 0 0 0
BinVal : 11 2 0 0 0
BinVal : 11 3 0 0 0
BinVal : 11 4 0 0 0
BinVal : 11 5 0 0 0
BinVal : 11 6 0 0 0
BinVal : 11 7 0.775 0.0660256 0.0660256
BinVal : 11 8 0.870968 0.0602101 0.0602101
BinVal : 11 9 1 0.159077 0.159077
BinVal : 11 10 0 0 0
BinVal : 11 11 0 0 0
BinVal : 11 12 0 0 0
BinVal : 11 13 0 0 0
BinVal : 11 14 0 0 0
BinVal : 11 15 0 0 0
BinVal : 11 16 0 0 0
BinVal : 11 17 0 0 0
BinVal : 11 18 0 0 0
BinVal : 11 19 0 0 0
BinVal : 11 20 0 0 0
BinVal : 11 21 0.6 0.0730297 0.0730297
BinVal : 11 22 0.661538 0.0586915 0.0586915
BinVal : 11 23 0 0 0
BinVal : 11 24 0 0 0
BinVal : 11 25 0 0 0
BinVal : 11 26 0 0 0
BinVal : 11 27 0 0 0
BinVal : 11 28 0 0 0
BinVal : 11 29 0 0 0
BinVal : 12 0 0 0 0
BinVal : 12 1 0 0 0
BinVal : 12 2 0 0 0
BinVal : 12 3 0 0 0
BinVal : 12 4 0 0 0
BinVal : 12 5 0 0 0
BinVal : 12 6 0 0 0
BinVal : 12 7 0.833333 0.0507151 0.0507151
BinVal : 12 8 0.871795 0.0535337 0.0535337
BinVal : 12 9 0 0 0
BinVal : 12 10 0 0 0
BinVal : 12 11 0 0 0
BinVal : 12 12 0 0 0
BinVal : 12 13 0 0 0
BinVal : 12 14 0 0 0
BinVal : 12 15 0 0 0
BinVal : 12 16 0 0 0
BinVal : 12 17 1 0.218486 0.218486
BinVal : 12 18 0 0 0
BinVal : 12 19 0 0 0
BinVal : 12 20 0 0 0
BinVal : 12 21 0.891892 0.0510487 0.0510487
BinVal : 12 22 0.859375 0.0434543 0.0434543
BinVal : 12 23 0 0 0
BinVal : 12 24 0 0 0
BinVal : 12 25 0 0 0
BinVal : 12 26 0 0 0
BinVal : 12 27 0 0 0
BinVal : 12 28 0 0 0
BinVal : 12 29 0 0 0
BinVal : 13 0 0 0 0
BinVal : 13 1 0 0 0
BinVal : 13 2 0 0 0
BinVal : 13 3 0 0 0
BinVal : 13 4 0 0 0
BinVal : 13 5 0 0 0
BinVal : 13 6 0 0 0
BinVal : 13 7 0.741379 0.057496 0.057496
BinVal : 13 8 0.936508 0.0307217 0.0307217
BinVal : 13 9 0.76 0.0854166 0.0854166
BinVal : 13 10 0.75 0.0765466 0.0765466
BinVal : 13 11 0.666667 0.157135 0.157135
BinVal : 13 12 0.779661 0.0539601 0.0539601
BinVal : 13 13 0.725 0.0706001 0.0706001
BinVal : 13 14 0.704545 0.0687818 0.0687818
BinVal : 13 15 0.8 0.0632455 0.0632455
BinVal : 13 16 0.783784 0.0676771 0.0676771
BinVal : 13 17 0.804348 0.0584905 0.0584905
BinVal : 13 18 0.4 0.219089 0.219089
BinVal : 13 19 0.724138 0.0829961 0.0829961
BinVal : 13 20 0.777778 0.0979908 0.0979908
BinVal : 13 21 0.931035 0.0332725 0.0332725
BinVal : 13 22 0.813953 0.0593439 0.0593439
BinVal : 13 23 0 0 0
BinVal : 13 24 0 0 0
BinVal : 13 25 0 0 0
BinVal : 13 26 0 0 0
BinVal : 13 27 0 0 0
BinVal : 13 28 0 0 0
BinVal : 13 29 0 0 0
BinVal : 14 0 0 0 0
BinVal : 14 1 0 0 0
BinVal : 14 2 0 0 0
BinVal : 14 3 0 0 0
BinVal : 14 4 0 0 0
BinVal : 14 5 0 0 0
BinVal : 14 6 0 0 0
BinVal : 14 7 0.769231 0.067466 0.067466
BinVal : 14 8 0.9375 0.0349386 0.0349386
BinVal : 14 9 0.918033 0.0351224 0.0351224
BinVal : 14 10 0.694444 0.0767737 0.0767737
BinVal : 14 11 0.703704 0.0621386 0.0621386
BinVal : 14 12 0.818182 0.052007 0.052007
BinVal : 14 13 0.692308 0.0640039 0.0640039
BinVal : 14 14 0.672131 0.0601052 0.0601052
BinVal : 14 15 0.741935 0.0555714 0.0555714
BinVal : 14 16 0.604651 0.0745604 0.0745604
BinVal : 14 17 0.703704 0.0621386 0.0621386
BinVal : 14 18 0.785714 0.0775443 0.0775443
BinVal : 14 19 0.709677 0.0815249 0.0815249
BinVal : 14 20 0.905405 0.0340204 0.0340204
BinVal : 14 21 0.923077 0.0426692 0.0426692
BinVal : 14 22 0.8 0.0632455 0.0632455
BinVal : 14 23 0 0 0
BinVal : 14 24 0 0 0
BinVal : 14 25 0 0 0
BinVal : 14 26 0 0 0
BinVal : 14 27 0 0 0
BinVal : 14 28 0 0 0
BinVal : 14 29 0 0 0
BinVal : 15 0 0 0 0
BinVal : 15 1 0 0 0
BinVal : 15 2 0 0 0
BinVal : 15 3 0 0 0
BinVal : 15 4 0 0 0
BinVal : 15 5 0 0 0
BinVal : 15 6 0 0 0
BinVal : 15 7 0.914894 0.0407022 0.0407022
BinVal : 15 8 0.982456 0.0173893 0.0173893
BinVal : 15 9 0.658537 0.0740577 0.0740577
BinVal : 15 10 0.753623 0.0518743 0.0518743
BinVal : 15 11 0.859649 0.0460077 0.0460077
BinVal : 15 12 0.850746 0.0435337 0.0435337
BinVal : 15 13 0.769231 0.0522589 0.0522589
BinVal : 15 14 0.756757 0.049875 0.049875
BinVal : 15 15 0.746667 0.0502203 0.0502203
BinVal : 15 16 0.555556 0.0676201 0.0676201
BinVal : 15 17 0.903846 0.0408817 0.0408817
BinVal : 15 18 0.645833 0.0690309 0.0690309
BinVal : 15 19 0.75 0.0721688 0.0721688
BinVal : 15 20 0.698413 0.0578219 0.0578219
BinVal : 15 21 0.927273 0.0350164 0.0350164
BinVal : 15 22 0.761194 0.0520874 0.0520874
BinVal : 15 23 0 0 0
BinVal : 15 24 0 0 0
BinVal : 15 25 0 0 0
BinVal : 15 26 0 0 0
BinVal : 15 27 0 0 0
BinVal : 15 28 0 0 0
BinVal : 15 29 0 0 0


Comments : includes prescale inefficiency, cosmic veto applied 
EffMethod : TagAndProbe 
EffName : eff 
EffType : Binned 
EffVarNames : phi deteta 
EffVersion : 3 
ObjQuality : SingleMuonTriggersOR-AND-MuFromMuJets 
ObjRelativeTo : tight_tracktight_iso_deltaR 
ObjType : MuANDSingleMuonOR 
ObjVersion : 1 
RunRangeHigh : -1 
RunRangeLow : -1 
TriggerVersionHigh : 15.59 
TriggerVersionLow : 15.5 
BinEdgesX : 0 0.3927 0.7854 1.1781 1.5708 1.9635 2.3562 2.7489 3.1416 3.5343 3.927 4.3197 4.7124 5.1051 5.4978 5.8905 6.2832 
BinEdgesY : -3 -2.8 -2.6 -2.4 -2.2 -2 -1.8 -1.6 -1.4 -1.2 -1 -0.8 -0.6 -0.4 -0.2 0 0.2 0.4 0.6 0.8 1 1.2 1.4 1.6 1.8 2 2.2 2.4 2.6 2.8 3 
BinVal : 0 0 0 0 0
BinVal : 0 1 0 0 0
BinVal : 0 2 0 0 0
BinVal : 0 3 0 0 0
BinVal : 0 4 0 0 0
BinVal : 0 5 0 0 0
BinVal : 0 6 0 0 0
BinVal : 0 7 0.475 0.0789581 0.0789581
BinVal : 0 8 0.759259 0.0581799 0.0581799
BinVal : 0 9 0.76 0.0603987 0.0603987
BinVal : 0 10 0.786885 0.0524321 0.0524321
BinVal : 0 11 0.717391 0.0663884 0.0663884
BinVal : 0 12 0.738095 0.0678427 0.0678427
BinVal : 0 13 0.706897 0.0597688 0.0597688
BinVal : 0 14 0.679245 0.0641153 0.0641153
BinVal : 0 15 0.666667 0.0580259 0.0580259
BinVal : 0 16 0.615385 0.067466 0.067466
BinVal : 0 17 0.666667 0.0785674 0.0785674
BinVal : 0 18 0.808511 0.057394 0.057394
BinVal : 0 19 0.727273 0.0775275 0.0775275
BinVal : 0 20 0.719298 0.0595168 0.0595168
BinVal : 0 21 0.833333 0.0575055 0.0575055
BinVal : 0 22 0.6 0.0894427 0.0894427
BinVal : 0 23 0 0 0
BinVal : 0 24 0 0 0
BinVal : 0 25 0 0 0
BinVal : 0 26 0 0 0
BinVal : 0 27 0 0 0
BinVal : 0 28 0 0 0
BinVal : 0 29 0 0 0
BinVal : 1 0 0 0 0
BinVal : 1 1 0 0 0
BinVal : 1 2 0 0 0
BinVal : 1 3 0 0 0
BinVal : 1 4 0 0 0
BinVal : 1 5 0 0 0
BinVal : 1 6 0 0 0
BinVal : 1 7 0.69697 0.0800006 0.0800006
BinVal : 1 8 0.795918 0.0575756 0.0575756
BinVal : 1 9 0.868421 0.0548361 0.0548361
BinVal : 1 10 0.588235 0.0844035 0.0844035
BinVal : 1 11 0.757576 0.0527508 0.0527508
BinVal : 1 12 0.782609 0.0608155 0.0608155
BinVal : 1 13 0.660714 0.0632697 0.0632697
BinVal : 1 14 0.7 0.0547723 0.0547723
BinVal : 1 15 0.704545 0.0687818 0.0687818
BinVal : 1 16 0.368421 0.0782518 0.0782518
BinVal : 1 17 0.75 0.0652791 0.0652791
BinVal : 1 18 0.840909 0.0551405 0.0551405
BinVal : 1 19 0.62963 0.0929349 0.0929349
BinVal : 1 20 0.763158 0.0689676 0.0689676
BinVal : 1 21 0.918919 0.0448743 0.0448743
BinVal : 1 22 0.578947 0.0800933 0.0800933
BinVal : 1 23 0 0 0
BinVal : 1 24 0 0 0
BinVal : 1 25 0 0 0
BinVal : 1 26 0 0 0
BinVal : 1 27 0 0 0
BinVal : 1 28 0 0 0
BinVal : 1 29 0 0 0
BinVal : 2 0 0 0 0
BinVal : 2 1 0 0 0
BinVal : 2 2 0 0 0
BinVal : 2 3 0 0 0
BinVal : 2 4 0 0 0
BinVal : 2 5 0 0 0
BinVal : 2 6 0 0 0
BinVal : 2 7 0.611111 0.114904 0.114904
BinVal : 2 8 0.857143 0.0763604 0.0763604
BinVal : 2 9 0.730769 0.0869893 0.0869893
BinVal : 2 10 0.722222 0.105572 0.105572
BinVal : 2 11 0.636364 0.102559 0.102559
BinVal : 2 12 0.5625 0.12402 0.12402
BinVal : 2 13 0.633333 0.0879815 0.0879815
BinVal : 2 14 0.6 0.0774597 0.0774597
BinVal : 2 15 0.5625 0.0876951 0.0876951
BinVal : 2 16 0.681818 0.0993026 0.0993026
BinVal : 2 17 0.625 0.121031 0.121031
BinVal : 2 18 0.578947 0.113269 0.113269
BinVal : 2 19 0.521739 0.104159 0.104159
BinVal : 2 20 0.925926 0.050401 0.050401
BinVal : 2 21 0.954545 0.0444095 0.0444095
BinVal : 2 22 0.869565 0.0702237 0.0702237
BinVal : 2 23 0 0 0
BinVal : 2 24 0 0 0
BinVal : 2 25 0 0 0
BinVal : 2 26 0 0 0
BinVal : 2 27 0 0 0
BinVal : 2 28 0 0 0
BinVal : 2 29 0 0 0
BinVal : 3 0 0 0 0
BinVal : 3 1 0 0 0
BinVal : 3 2 0 0 0
BinVal : 3 3 0 0 0
BinVal : 3 4 0 0 0
BinVal : 3 5 0 0 0
BinVal : 3 6 0 0 0
BinVal : 3 7 0.625 0.171163 0.171163
BinVal : 3 8 0.933333 0.0644061 0.0644061
BinVal : 3 9 0.6 0.154919 0.154919
BinVal : 3 10 0.8 0.10328 0.10328
BinVal : 3 11 0.6 0.126491 0.126491
BinVal : 3 12 0.846154 0.100068 0.100068
BinVal : 3 13 0.526316 0.114549 0.114549
BinVal : 3 14 0.466667 0.128812 0.128812
BinVal : 3 15 0.5625 0.12402 0.12402
BinVal : 3 16 0.5 0.117851 0.117851
BinVal : 3 17 0.923077 0.0739053 0.0739053
BinVal : 3 18 0.727273 0.134282 0.134282
BinVal : 3 19 0.375 0.171163 0.171163
BinVal : 3 20 0.636364 0.145041 0.145041
BinVal : 3 21 1 0.0422902 0.0422902
BinVal : 3 22 0.6875 0.115878 0.115878
BinVal : 3 23 0 0 0
BinVal : 3 24 0 0 0
BinVal : 3 25 0 0 0
BinVal : 3 26 0 0 0
BinVal : 3 27 0 0 0
BinVal : 3 28 0 0 0
BinVal : 3 29 0 0 0
BinVal : 4 0 0 0 0
BinVal : 4 1 0 0 0
BinVal : 4 2 0 0 0
BinVal : 4 3 0 0 0
BinVal : 4 4 0 0 0
BinVal : 4 5 0 0 0
BinVal : 4 6 0 0 0
BinVal : 4 7 0.9 0.0948683 0.0948683
BinVal : 4 8 1 0.0346427 0.0346427
BinVal : 4 9 1 0.0756803 0.0756803
BinVal : 4 10 0.545455 0.150131 0.150131
BinVal : 4 11 0.538462 0.138264 0.138264
BinVal : 4 12 0.545455 0.150131 0.150131
BinVal : 4 13 0.75 0.0968246 0.0968246
BinVal : 4 14 0.52381 0.108985 0.108985
BinVal : 4 15 0.56 0.0992774 0.0992774
BinVal : 4 16 0.307692 0.128008 0.128008
BinVal : 4 17 0.615385 0.134932 0.134932
BinVal : 4 18 0.625 0.121031 0.121031
BinVal : 4 19 0.8 0.10328 0.10328
BinVal : 4 20 0.736842 0.101023 0.101023
BinVal : 4 21 0.904762 0.0640564 0.0640564
BinVal : 4 22 0.764706 0.102879 0.102879
BinVal : 4 23 0 0 0
BinVal : 4 24 0 0 0
BinVal : 4 25 0 0 0
BinVal : 4 26 0 0 0
BinVal : 4 27 0 0 0
BinVal : 4 28 0 0 0
BinVal : 4 29 0 0 0
BinVal : 5 0 0 0 0
BinVal : 5 1 0 0 0
BinVal : 5 2 0 0 0
BinVal : 5 3 0 0 0
BinVal : 5 4 0 0 0
BinVal : 5 5 0 0 0
BinVal : 5 6 0 0 0
BinVal : 5 7 0.727273 0.134282 0.134282
BinVal : 5 8 0.92 0.0542586 0.0542586
BinVal : 5 9 0.68 0.0932952 0.0932952
BinVal : 5 10 0.846154 0.0707589 0.0707589
BinVal : 5 11 0.7 0.083666 0.083666
BinVal : 5 12 0.913043 0.0587534 0.0587534
BinVal : 5 13 0.638889 0.0800538 0.0800538
BinVal : 5 14 0.484848 0.0869989 0.0869989
BinVal : 5 15 0.676471 0.0802309 0.0802309
BinVal : 5 16 0.619048 0.105971 0.105971
BinVal : 5 17 0.758621 0.0794627 0.0794627
BinVal : 5 18 0.8 0.0632455 0.0632455
BinVal : 5 19 0.655172 0.0882632 0.0882632
BinVal : 5 20 0.757576 0.0746009 0.0746009
BinVal : 5 21 0.8 0.0894427 0.0894427
BinVal : 5 22 0.411765 0.119365 0.119365
BinVal : 5 23 0 0 0
BinVal : 5 24 0 0 0
BinVal : 5 25 0 0 0
BinVal : 5 26 0 0 0
BinVal : 5 27 0 0 0
BinVal : 5 28 0 0 0
BinVal : 5 29 0 0 0
BinVal : 6 0 0 0 0
BinVal : 6 1 0 0 0
BinVal : 6 2 0 0 0
BinVal : 6 3 0 0 0
BinVal : 6 4 0 0 0
BinVal : 6 5 0 0 0
BinVal : 6 6 0 0 0
BinVal : 6 7 0.685714 0.0784693 0.0784693
BinVal : 6 8 0.813953 0.0593439 0.0593439
BinVal : 6 9 0.78125 0.0730792 0.0730792
BinVal : 6 10 0.777778 0.06929 0.06929
BinVal : 6 11 0.684211 0.0754053 0.0754053
BinVal : 6 12 0.627907 0.0737122 0.0737122
BinVal : 6 13 0.7 0.0724569 0.0724569
BinVal : 6 14 0.568182 0.0746737 0.0746737
BinVal : 6 15 0.714286 0.0645363 0.0645363
BinVal : 6 16 0.657143 0.0802329 0.0802329
BinVal : 6 17 0.727273 0.0775275 0.0775275
BinVal : 6 18 0.489796 0.0714137 0.0714137
BinVal : 6 19 0.702703 0.0751416 0.0751416
BinVal : 6 20 0.804348 0.0584905 0.0584905
BinVal : 6 21 0.764706 0.0727467 0.0727467
BinVal : 6 22 0.714286 0.0853735 0.0853735
BinVal : 6 23 0 0 0
BinVal : 6 24 0 0 0
BinVal : 6 25 0 0 0
BinVal : 6 26 0 0 0
BinVal : 6 27 0 0 0
BinVal : 6 28 0 0 0
BinVal : 6 29 0 0 0
BinVal : 7 0 0 0 0
BinVal : 7 1 0 0 0
BinVal : 7 2 0 0 0
BinVal : 7 3 0 0 0
BinVal : 7 4 0 0 0
BinVal : 7 5 0 0 0
BinVal : 7 6 0 0 0
BinVal : 7 7 0.65625 0.0839617 0.0839617
BinVal : 7 8 0.902439 0.0463399 0.0463399
BinVal : 7 9 0.794872 0.064659 0.064659
BinVal : 7 10 0.78125 0.0730792 0.0730792
BinVal : 7 11 0.588235 0.119365 0.119365
BinVal : 7 12 0.878049 0.0511047 0.0511047
BinVal : 7 13 0.602941 0.0593349 0.0593349
BinVal : 7 14 0.5625 0.0716027 0.0716027
BinVal : 7 15 0.614035 0.0644812 0.0644812
BinVal : 7 16 0.609756 0.0761823 0.0761823
BinVal : 7 17 0.727273 0.0775275 0.0775275
BinVal : 7 18 0.589744 0.0787639 0.0787639
BinVal : 7 19 0.72973 0.0730095 0.0730095
BinVal : 7 20 0.72973 0.0730095 0.0730095
BinVal : 7 21 0.904762 0.0452948 0.0452948
BinVal : 7 22 0.7 0.0724569 0.0724569
BinVal : 7 23 0 0 0
BinVal : 7 24 0 0 0
BinVal : 7 25 0 0 0
BinVal : 7 26 0 0 0
BinVal : 7 27 0 0 0
BinVal : 7 28 0 0 0
BinVal : 7 29 0 0 0
BinVal : 8 0 0 0 0
BinVal : 8 1 0 0 0
BinVal : 8 2 0 0 0
BinVal : 8 3 0 0 0
BinVal : 8 4 0 0 0
BinVal : 8 5 0 0 0
BinVal : 8 6 0 0 0
BinVal : 8 7 0.8 0.0730297 0.0730297
BinVal : 8 8 0.948718 0.0353199 0.0353199
BinVal : 8 9 0.631579 0.0782518 0.0782518
BinVal : 8 10 0.709677 0.0815249 0.0815249
BinVal : 8 11 0.7 0.083666 0.083666
BinVal : 8 12 0.826923 0.0524627 0.0524627
BinVal : 8 13 0.833333 0.0458735 0.0458735
BinVal : 8 14 0.779661 0.0539601 0.0539601
BinVal : 8 15 0.774194 0.0531003 0.0531003
BinVal : 8 16 0.740741 0.0596353 0.0596353
BinVal : 8 17 0.842105 0.0591528 0.0591528
BinVal : 8 18 0.485714 0.0844809 0.0844809
BinVal : 8 19 0.717949 0.0720574 0.0720574
BinVal : 8 20 0.763158 0.0689676 0.0689676
BinVal : 8 21 0.844444 0.0540284 0.0540284
BinVal : 8 22 0.709677 0.0815249 0.0815249
BinVal : 8 23 0 0 0
BinVal : 8 24 0 0 0
BinVal : 8 25 0 0 0
BinVal : 8 26 0 0 0
BinVal : 8 27 0 0 0
BinVal : 8 28 0 0 0
BinVal : 8 29 0 0 0
BinVal : 9 0 0 0 0
BinVal : 9 1 0 0 0
BinVal : 9 2 0 0 0
BinVal : 9 3 0 0 0
BinVal : 9 4 0 0 0
BinVal : 9 5 0 0 0
BinVal : 9 6 0 0 0
BinVal : 9 7 0.770833 0.0606646 0.0606646
BinVal : 9 8 0.923077 0.0426692 0.0426692
BinVal : 9 9 0.846154 0.0577744 0.0577744
BinVal : 9 10 0.69697 0.0800006 0.0800006
BinVal : 9 11 0.725 0.0706001 0.0706001
BinVal : 9 12 0.813953 0.0593439 0.0593439
BinVal : 9 13 0.55 0.0786607 0.0786607
BinVal : 9 14 0.6 0.0660578 0.0660578
BinVal : 9 15 0.763636 0.0572865 0.0572865
BinVal : 9 16 0.763158 0.0689676 0.0689676
BinVal : 9 17 0.72549 0.0624899 0.0624899
BinVal : 9 18 0.594595 0.080715 0.080715
BinVal : 9 19 0.78125 0.0730792 0.0730792
BinVal : 9 20 0.884615 0.0443047 0.0443047
BinVal : 9 21 0.871795 0.0535337 0.0535337
BinVal : 9 22 0.777778 0.06929 0.06929
BinVal : 9 23 0 0 0
BinVal : 9 24 0 0 0
BinVal : 9 25 0 0 0
BinVal : 9 26 0 0 0
BinVal : 9 27 0 0 0
BinVal : 9 28 0 0 0
BinVal : 9 29 0 0 0
BinVal : 10 0 0 0 0
BinVal : 10 1 0 0 0
BinVal : 10 2 0 0 0
BinVal : 10 3 0 0 0
BinVal : 10 4 0 0 0
BinVal : 10 5 0 0 0
BinVal : 10 6 0 0 0
BinVal : 10 7 0.69697 0.0800006 0.0800006
BinVal : 10 8 0.875 0.0675077 0.0675077
BinVal : 10 9 0.666667 0.136083 0.136083
BinVal : 10 10 0.5 0.117851 0.117851
BinVal : 10 11 1 0.0756803 0.0756803
BinVal : 10 12 0.68 0.0932952 0.0932952
BinVal : 10 13 0.76087 0.0628917 0.0628917
BinVal : 10 14 0.727273 0.0600526 0.0600526
BinVal : 10 15 0.809524 0.0605913 0.0605913
BinVal : 10 16 0.518519 0.096159 0.096159
BinVal : 10 17 0.545455 0.106159 0.106159
BinVal : 10 18 0.444444 0.165635 0.165635
BinVal : 10 19 0.9 0.0948683 0.0948683
BinVal : 10 20 0.666667 0.121716 0.121716
BinVal : 10 21 1 0.0148902 0.0148902
BinVal : 10 22 0.675 0.0740566 0.0740566
BinVal : 10 23 0 0 0
BinVal : 10 24 0 0 0
BinVal : 10 25 0 0 0
BinVal : 10 26 0 0 0
BinVal : 10 27 0 0 0
BinVal : 10 28 0 0 0
BinVal : 10 29 0 0 0
BinVal : 11 0 0 0 0
BinVal : 11 1 0 0 0
BinVal : 11 2 0 0 0
BinVal : 11 3 0 0 0
BinVal : 11 4 0 0 0
BinVal : 11 5 0 0 0
BinVal : 11 6 0 0 0
BinVal : 11 7 0.84375 0.0641862 0.0641862
BinVal : 11 8 0.757576 0.0746009 0.0746009
BinVal : 11 9 0 0 0
BinVal : 11 10 0 0 0
BinVal : 11 11 0 0 0
BinVal : 11 12 0 0 0
BinVal : 11 13 0 0 0
BinVal : 11 14 0 0 0
BinVal : 11 15 0 0 0
BinVal : 11 16 0 0 0
BinVal : 11 17 0 0 0
BinVal : 11 18 0 0 0
BinVal : 11 19 0 0 0
BinVal : 11 20 0 0 0
BinVal : 11 21 0.923077 0.0426692 0.0426692
BinVal : 11 22 0.787879 0.0711647 0.0711647
BinVal : 11 23 0 0 0
BinVal : 11 24 0 0 0
BinVal : 11 25 0 0 0
BinVal : 11 26 0 0 0
BinVal : 11 27 0 0 0
BinVal : 11 28 0 0 0
BinVal : 11 29 0 0 0
BinVal : 12 0 0 0 0
BinVal : 12 1 0 0 0
BinVal : 12 2 0 0 0
BinVal : 12 3 0 0 0
BinVal : 12 4 0 0 0
BinVal : 12 5 0 0 0
BinVal : 12 6 0 0 0
BinVal : 12 7 0.764706 0.0727467 0.0727467
BinVal : 12 8 0.75 0.0968246 0.0968246
BinVal : 12 9 0 0 0
BinVal : 12 10 0 0 0
BinVal : 12 11 0 0 0
BinVal : 12 12 0 0 0
BinVal : 12 13 0 0 0
BinVal : 12 14 0 0 0
BinVal : 12 15 0 0 0
BinVal : 12 16 0 0 0
BinVal : 12 17 0 0 0
BinVal : 12 18 0 0 0
BinVal : 12 19 0 0 0
BinVal : 12 20 0 0 0
BinVal : 12 21 0.870968 0.0602101 0.0602101
BinVal : 12 22 0.904762 0.0452948 0.0452948
BinVal : 12 23 0 0 0
BinVal : 12 24 0 0 0
BinVal : 12 25 0 0 0
BinVal : 12 26 0 0 0
BinVal : 12 27 0 0 0
BinVal : 12 28 0 0 0
BinVal : 12 29 0 0 0
BinVal : 13 0 0 0 0
BinVal : 13 1 0 0 0
BinVal : 13 2 0 0 0
BinVal : 13 3 0 0 0
BinVal : 13 4 0 0 0
BinVal : 13 5 0 0 0
BinVal : 13 6 0 0 0
BinVal : 13 7 0.69697 0.0800006 0.0800006
BinVal : 13 8 0.978261 0.0215015 0.0215015
BinVal : 13 9 0.75 0.153093 0.153093
BinVal : 13 10 0.666667 0.121716 0.121716
BinVal : 13 11 0.666667 0.19245 0.19245
BinVal : 13 12 0.675676 0.0769588 0.0769588
BinVal : 13 13 0.675676 0.0769588 0.0769588
BinVal : 13 14 0.804348 0.0584905 0.0584905
BinVal : 13 15 0.765957 0.0617591 0.0617591
BinVal : 13 16 0.707317 0.0710581 0.0710581
BinVal : 13 17 0.703704 0.0878772 0.0878772
BinVal : 13 18 1 0.0871301 0.0871301
BinVal : 13 19 0.777778 0.13858 0.13858
BinVal : 13 20 0.75 0.125 0.125
BinVal : 13 21 0.864865 0.0562027 0.0562027
BinVal : 13 22 0.8 0.08 0.08
BinVal : 13 23 0 0 0
BinVal : 13 24 0 0 0
BinVal : 13 25 0 0 0
BinVal : 13 26 0 0 0
BinVal : 13 27 0 0 0
BinVal : 13 28 0 0 0
BinVal : 13 29 0 0 0
BinVal : 14 0 0 0 0
BinVal : 14 1 0 0 0
BinVal : 14 2 0 0 0
BinVal : 14 3 0 0 0
BinVal : 14 4 0 0 0
BinVal : 14 5 0 0 0
BinVal : 14 6 0 0 0
BinVal : 14 7 0.666667 0.0907218 0.0907218
BinVal : 14 8 0.911765 0.0486433 0.0486433
BinVal : 14 9 0.95 0.0344601 0.0344601
BinVal : 14 10 0.694444 0.0767737 0.0767737
BinVal : 14 11 0.71875 0.0794804 0.0794804
BinVal : 14 12 0.742857 0.0738764 0.0738764
BinVal : 14 13 0.652174 0.0702237 0.0702237
BinVal : 14 14 0.617021 0.0709069 0.0709069
BinVal : 14 15 0.682927 0.0726733 0.0726733
BinVal : 14 16 0.4 0.0894427 0.0894427
BinVal : 14 17 0.755556 0.0640644 0.0640644
BinVal : 14 18 0.702703 0.0751416 0.0751416
BinVal : 14 19 0.727273 0.0775275 0.0775275
BinVal : 14 20 0.941176 0.0403526 0.0403526
BinVal : 14 21 0.918919 0.0448743 0.0448743
BinVal : 14 22 0.647059 0.0819565 0.0819565
BinVal : 14 23 0 0 0
BinVal : 14 24 0 0 0
BinVal : 14 25 0 0 0
BinVal : 14 26 0 0 0
BinVal : 14 27 0 0 0
BinVal : 14 28 0 0 0
BinVal : 14 29 0 0 0
BinVal : 15 0 0 0 0
BinVal : 15 1 0 0 0
BinVal : 15 2 0 0 0
BinVal : 15 3 0 0 0
BinVal : 15 4 0 0 0
BinVal : 15 5 0 0 0
BinVal : 15 6 0 0 0
BinVal : 15 7 0.864865 0.0562027 0.0562027
BinVal : 15 8 0.918367 0.0391149 0.0391149
BinVal : 15 9 0.5 0.0883883 0.0883883
BinVal : 15 10 0.666667 0.0754851 0.0754851
BinVal : 15 11 0.666667 0.0754851 0.0754851
BinVal : 15 12 0.657895 0.0769602 0.0769602
BinVal : 15 13 0.702128 0.0667074 0.0667074
BinVal : 15 14 0.714286 0.0603682 0.0603682
BinVal : 15 15 0.836066 0.0474013 0.0474013
BinVal : 15 16 0.386364 0.0734053 0.0734053
BinVal : 15 17 0.8125 0.0563367 0.0563367
BinVal : 15 18 0.6 0.0894427 0.0894427
BinVal : 15 19 0.676471 0.0802309 0.0802309
BinVal : 15 20 0.641026 0.0768134 0.0768134
BinVal : 15 21 0.83871 0.0660586 0.0660586
BinVal : 15 22 0.677419 0.083959 0.083959
BinVal : 15 23 0 0 0
BinVal : 15 24 0 0 0
BinVal : 15 25 0 0 0
BinVal : 15 26 0 0 0
BinVal : 15 27 0 0 0
BinVal : 15 28 0 0 0
BinVal : 15 29 0 0 0


Comments : includes prescale inefficiency, cosmic veto applied 
EffMethod : TagAndProbe 
EffName : eff 
EffType : Binned 
EffVarNames : phi deteta 
EffVersion : 3 
ObjQuality : SingleMuonTriggersOR-AND-MuFromMuJets 
ObjRelativeTo : tight_tracktight_iso_deltaR 
ObjType : MuANDSingleMuonOR 
ObjVersion : 1 
RunRangeHigh : -1 
RunRangeLow : -1 
TriggerVersionHigh : 15.89 
TriggerVersionLow : 15.6 
BinEdgesX : 0 0.3927 0.7854 1.1781 1.5708 1.9635 2.3562 2.7489 3.1416 3.5343 3.927 4.3197 4.7124 5.1051 5.4978 5.8905 6.2832 
BinEdgesY : -3 -2.8 -2.6 -2.4 -2.2 -2 -1.8 -1.6 -1.4 -1.2 -1 -0.8 -0.6 -0.4 -0.2 0 0.2 0.4 0.6 0.8 1 1.2 1.4 1.6 1.8 2 2.2 2.4 2.6 2.8 3 
BinVal : 0 0 0 0 0
BinVal : 0 1 0 0 0
BinVal : 0 2 0 0 0
BinVal : 0 3 0 0 0
BinVal : 0 4 0 0 0
BinVal : 0 5 0 0 0
BinVal : 0 6 0 0 0
BinVal : 0 7 0.597222 0.0578009 0.0578009
BinVal : 0 8 0.860759 0.0389502 0.0389502
BinVal : 0 9 0.694737 0.0472482 0.0472482
BinVal : 0 10 0.736434 0.0387897 0.0387897
BinVal : 0 11 0.730769 0.0434946 0.0434946
BinVal : 0 12 0.8 0.039036 0.039036
BinVal : 0 13 0.644928 0.0407356 0.0407356
BinVal : 0 14 0.686131 0.0396476 0.0396476
BinVal : 0 15 0.674419 0.0412572 0.0412572
BinVal : 0 16 0.617391 0.045322 0.045322
BinVal : 0 17 0.715517 0.0418899 0.0418899
BinVal : 0 18 0.795455 0.0429993 0.0429993
BinVal : 0 19 0.62963 0.053656 0.053656
BinVal : 0 20 0.691489 0.0476391 0.0476391
BinVal : 0 21 0.854545 0.0336151 0.0336151
BinVal : 0 22 0.682353 0.0504972 0.0504972
BinVal : 0 23 0 0 0
BinVal : 0 24 0 0 0
BinVal : 0 25 0 0 0
BinVal : 0 26 0 0 0
BinVal : 0 27 0 0 0
BinVal : 0 28 0 0 0
BinVal : 0 29 0 0 0
BinVal : 1 0 0 0 0
BinVal : 1 1 0 0 0
BinVal : 1 2 0 0 0
BinVal : 1 3 0 0 0
BinVal : 1 4 0 0 0
BinVal : 1 5 0 0 0
BinVal : 1 6 0 0 0
BinVal : 1 7 0.64557 0.0538175 0.0538175
BinVal : 1 8 0.87234 0.0344196 0.0344196
BinVal : 1 9 0.878505 0.0315835 0.0315835
BinVal : 1 10 0.805195 0.0451342 0.0451342
BinVal : 1 11 0.754717 0.04179 0.04179
BinVal : 1 12 0.75 0.0441942 0.0441942
BinVal : 1 13 0.700935 0.0442619 0.0442619
BinVal : 1 14 0.818965 0.0357507 0.0357507
BinVal : 1 15 0.761538 0.0373752 0.0373752
BinVal : 1 16 0.63 0.0482804 0.0482804
BinVal : 1 17 0.817308 0.037891 0.037891
BinVal : 1 18 0.745902 0.039415 0.039415
BinVal : 1 19 0.716049 0.0501015 0.0501015
BinVal : 1 20 0.878788 0.0328018 0.0328018
BinVal : 1 21 0.9 0.0316228 0.0316228
BinVal : 1 22 0.7 0.0483046 0.0483046
BinVal : 1 23 0 0 0
BinVal : 1 24 0 0 0
BinVal : 1 25 0 0 0
BinVal : 1 26 0 0 0
BinVal : 1 27 0 0 0
BinVal : 1 28 0 0 0
BinVal : 1 29 0 0 0
BinVal : 2 0 0 0 0
BinVal : 2 1 0 0 0
BinVal : 2 2 0 0 0
BinVal : 2 3 0 0 0
BinVal : 2 4 0 0 0
BinVal : 2 5 0 0 0
BinVal : 2 6 0 0 0
BinVal : 2 7 0.608696 0.0587534 0.0587534
BinVal : 2 8 0.870968 0.042575 0.042575
BinVal : 2 9 0.866667 0.0438854 0.0438854
BinVal : 2 10 0.717949 0.0720574 0.0720574
BinVal : 2 11 0.690141 0.054881 0.054881
BinVal : 2 12 0.591549 0.0583359 0.0583359
BinVal : 2 13 0.558824 0.0602128 0.0602128
BinVal : 2 14 0.633803 0.0571749 0.0571749
BinVal : 2 15 0.617284 0.0540055 0.0540055
BinVal : 2 16 0.6 0.0607644 0.0607644
BinVal : 2 17 0.811321 0.0537428 0.0537428
BinVal : 2 18 0.75 0.0541266 0.0541266
BinVal : 2 19 0.630435 0.0711683 0.0711683
BinVal : 2 20 0.852941 0.0429488 0.0429488
BinVal : 2 21 0.881356 0.0420991 0.0420991
BinVal : 2 22 0.625 0.0765466 0.0765466
BinVal : 2 23 0 0 0
BinVal : 2 24 0 0 0
BinVal : 2 25 0 0 0
BinVal : 2 26 0 0 0
BinVal : 2 27 0 0 0
BinVal : 2 28 0 0 0
BinVal : 2 29 0 0 0
BinVal : 3 0 0 0 0
BinVal : 3 1 0 0 0
BinVal : 3 2 0 0 0
BinVal : 3 3 0 0 0
BinVal : 3 4 0 0 0
BinVal : 3 5 0 0 0
BinVal : 3 6 0 0 0
BinVal : 3 7 0.730769 0.0869893 0.0869893
BinVal : 3 8 0.92 0.0542586 0.0542586
BinVal : 3 9 0.666667 0.0907218 0.0907218
BinVal : 3 10 0.758621 0.0794627 0.0794627
BinVal : 3 11 0.735294 0.0756611 0.0756611
BinVal : 3 12 0.8 0.08 0.08
BinVal : 3 13 0.564103 0.0794034 0.0794034
BinVal : 3 14 0.540541 0.0819288 0.0819288
BinVal : 3 15 0.658537 0.0740577 0.0740577
BinVal : 3 16 0.577778 0.0736283 0.0736283
BinVal : 3 17 0.703704 0.0878772 0.0878772
BinVal : 3 18 0.794118 0.0693446 0.0693446
BinVal : 3 19 0.652174 0.0702237 0.0702237
BinVal : 3 20 0.666667 0.096225 0.096225
BinVal : 3 21 0.947368 0.0362235 0.0362235
BinVal : 3 22 0.814815 0.0747568 0.0747568
BinVal : 3 23 0 0 0
BinVal : 3 24 0 0 0
BinVal : 3 25 0 0 0
BinVal : 3 26 0 0 0
BinVal : 3 27 0 0 0
BinVal : 3 28 0 0 0
BinVal : 3 29 0 0 0
BinVal : 4 0 0 0 0
BinVal : 4 1 0 0 0
BinVal : 4 2 0 0 0
BinVal : 4 3 0 0 0
BinVal : 4 4 0 0 0
BinVal : 4 5 0 0 0
BinVal : 4 6 0 0 0
BinVal : 4 7 0.615385 0.0954113 0.0954113
BinVal : 4 8 0.825 0.0600781 0.0600781
BinVal : 4 9 0.565217 0.103367 0.103367
BinVal : 4 10 0.576923 0.0968907 0.0968907
BinVal : 4 11 0.613636 0.0734053 0.0734053
BinVal : 4 12 0.735294 0.0756611 0.0756611
BinVal : 4 13 0.589744 0.0787639 0.0787639
BinVal : 4 14 0.473684 0.0809983 0.0809983
BinVal : 4 15 0.714286 0.0697071 0.0697071
BinVal : 4 16 0.52 0.09992 0.09992
BinVal : 4 17 0.75 0.0721688 0.0721688
BinVal : 4 18 0.75 0.0818317 0.0818317
BinVal : 4 19 0.789474 0.0935288 0.0935288
BinVal : 4 20 0.64 0.096 0.096
BinVal : 4 21 0.935484 0.0441237 0.0441237
BinVal : 4 22 0.724138 0.0829961 0.0829961
BinVal : 4 23 0 0 0
BinVal : 4 24 0 0 0
BinVal : 4 25 0 0 0
BinVal : 4 26 0 0 0
BinVal : 4 27 0 0 0
BinVal : 4 28 0 0 0
BinVal : 4 29 0 0 0
BinVal : 5 0 0 0 0
BinVal : 5 1 0 0 0
BinVal : 5 2 0 0 0
BinVal : 5 3 0 0 0
BinVal : 5 4 0 0 0
BinVal : 5 5 0 0 0
BinVal : 5 6 0 0 0
BinVal : 5 7 0.711111 0.0675659 0.0675659
BinVal : 5 8 0.948276 0.0290804 0.0290804
BinVal : 5 9 0.878378 0.0379953 0.0379953
BinVal : 5 10 0.75 0.0600481 0.0600481
BinVal : 5 11 0.682927 0.0513878 0.0513878
BinVal : 5 12 0.723077 0.0555028 0.0555028
BinVal : 5 13 0.795918 0.0575756 0.0575756
BinVal : 5 14 0.7375 0.0491927 0.0491927
BinVal : 5 15 0.761194 0.0520874 0.0520874
BinVal : 5 16 0.688525 0.0592934 0.0592934
BinVal : 5 17 0.823529 0.0533815 0.0533815
BinVal : 5 18 0.723404 0.046137 0.046137
BinVal : 5 19 0.744681 0.063603 0.063603
BinVal : 5 20 0.753247 0.0491309 0.0491309
BinVal : 5 21 0.86 0.0490714 0.0490714
BinVal : 5 22 0.666667 0.0608581 0.0608581
BinVal : 5 23 0 0 0
BinVal : 5 24 0 0 0
BinVal : 5 25 0 0 0
BinVal : 5 26 0 0 0
BinVal : 5 27 0 0 0
BinVal : 5 28 0 0 0
BinVal : 5 29 0 0 0
BinVal : 6 0 0 0 0
BinVal : 6 1 0 0 0
BinVal : 6 2 0 0 0
BinVal : 6 3 0 0 0
BinVal : 6 4 0 0 0
BinVal : 6 5 0 0 0
BinVal : 6 6 0 0 0
BinVal : 6 7 0.643836 0.0560469 0.0560469
BinVal : 6 8 0.892857 0.0337468 0.0337468
BinVal : 6 9 0.860759 0.0389502 0.0389502
BinVal : 6 10 0.732558 0.0477295 0.0477295
BinVal : 6 11 0.747368 0.044581 0.044581
BinVal : 6 12 0.714286 0.0473567 0.0473567
BinVal : 6 13 0.609756 0.053869 0.053869
BinVal : 6 14 0.581818 0.0470305 0.0470305
BinVal : 6 15 0.684211 0.0476905 0.0476905
BinVal : 6 16 0.707071 0.0457399 0.0457399
BinVal : 6 17 0.716216 0.0524083 0.0524083
BinVal : 6 18 0.78125 0.0421923 0.0421923
BinVal : 6 19 0.736111 0.0519417 0.0519417
BinVal : 6 20 0.866667 0.0392523 0.0392523
BinVal : 6 21 0.936709 0.0273943 0.0273943
BinVal : 6 22 0.806452 0.0501751 0.0501751
BinVal : 6 23 0 0 0
BinVal : 6 24 0 0 0
BinVal : 6 25 0 0 0
BinVal : 6 26 0 0 0
BinVal : 6 27 0 0 0
BinVal : 6 28 0 0 0
BinVal : 6 29 0 0 0
BinVal : 7 0 0 0 0
BinVal : 7 1 0 0 0
BinVal : 7 2 0 0 0
BinVal : 7 3 0 0 0
BinVal : 7 4 0 0 0
BinVal : 7 5 0 0 0
BinVal : 7 6 0 0 0
BinVal : 7 7 0.792208 0.0462369 0.0462369
BinVal : 7 8 0.918367 0.0276584 0.0276584
BinVal : 7 9 0.7375 0.0491927 0.0491927
BinVal : 7 10 0.790698 0.0438675 0.0438675
BinVal : 7 11 0.6 0.0632455 0.0632455
BinVal : 7 12 0.761905 0.0415653 0.0415653
BinVal : 7 13 0.702128 0.0471693 0.0471693
BinVal : 7 14 0.615385 0.0477057 0.0477057
BinVal : 7 15 0.752212 0.0406135 0.0406135
BinVal : 7 16 0.715447 0.0406834 0.0406834
BinVal : 7 17 0.83 0.0375633 0.0375633
BinVal : 7 18 0.728261 0.0463795 0.0463795
BinVal : 7 19 0.786667 0.0473036 0.0473036
BinVal : 7 20 0.697368 0.0526965 0.0526965
BinVal : 7 21 0.974359 0.017897 0.017897
BinVal : 7 22 0.730337 0.0470411 0.0470411
BinVal : 7 23 0 0 0
BinVal : 7 24 0 0 0
BinVal : 7 25 0 0 0
BinVal : 7 26 0 0 0
BinVal : 7 27 0 0 0
BinVal : 7 28 0 0 0
BinVal : 7 29 0 0 0
BinVal : 8 0 0 0 0
BinVal : 8 1 0 0 0
BinVal : 8 2 0 0 0
BinVal : 8 3 0 0 0
BinVal : 8 4 0 0 0
BinVal : 8 5 0 0 0
BinVal : 8 6 0 0 0
BinVal : 8 7 0.741935 0.0555714 0.0555714
BinVal : 8 8 0.977778 0.0155379 0.0155379
BinVal : 8 9 0.723404 0.046137 0.046137
BinVal : 8 10 0.78 0.0414246 0.0414246
BinVal : 8 11 0.847826 0.0374481 0.0374481
BinVal : 8 12 0.87963 0.0313111 0.0313111
BinVal : 8 13 0.80597 0.0341618 0.0341618
BinVal : 8 14 0.757009 0.0414623 0.0414623
BinVal : 8 15 0.852113 0.02979 0.02979
BinVal : 8 16 0.858268 0.0309488 0.0309488
BinVal : 8 17 0.891089 0.0309981 0.0309981
BinVal : 8 18 0.685714 0.0554862 0.0554862
BinVal : 8 19 0.777778 0.0417834 0.0417834
BinVal : 8 20 0.734694 0.0445978 0.0445978
BinVal : 8 21 0.862069 0.0369694 0.0369694
BinVal : 8 22 0.666667 0.0514344 0.0514344
BinVal : 8 23 0 0 0
BinVal : 8 24 0 0 0
BinVal : 8 25 0 0 0
BinVal : 8 26 0 0 0
BinVal : 8 27 0 0 0
BinVal : 8 28 0 0 0
BinVal : 8 29 0 0 0
BinVal : 9 0 0 0 0
BinVal : 9 1 0 0 0
BinVal : 9 2 0 0 0
BinVal : 9 3 0 0 0
BinVal : 9 4 0 0 0
BinVal : 9 5 0 0 0
BinVal : 9 6 0 0 0
BinVal : 9 7 0.788235 0.0443144 0.0443144
BinVal : 9 8 0.924731 0.0273573 0.0273573
BinVal : 9 9 0.857143 0.0381802 0.0381802
BinVal : 9 10 0.795455 0.0429993 0.0429993
BinVal : 9 11 0.815789 0.0444672 0.0444672
BinVal : 9 12 0.823529 0.0377464 0.0377464
BinVal : 9 13 0.593407 0.0514915 0.0514915
BinVal : 9 14 0.725926 0.0383896 0.0383896
BinVal : 9 15 0.840336 0.0335781 0.0335781
BinVal : 9 16 0.823009 0.0359037 0.0359037
BinVal : 9 17 0.72549 0.044187 0.044187
BinVal : 9 18 0.808824 0.0476859 0.0476859
BinVal : 9 19 0.746667 0.0502203 0.0502203
BinVal : 9 20 0.851852 0.0341836 0.0341836
BinVal : 9 21 0.82716 0.0420121 0.0420121
BinVal : 9 22 0.75 0.0484123 0.0484123
BinVal : 9 23 0 0 0
BinVal : 9 24 0 0 0
BinVal : 9 25 0 0 0
BinVal : 9 26 0 0 0
BinVal : 9 27 0 0 0
BinVal : 9 28 0 0 0
BinVal : 9 29 0 0 0
BinVal : 10 0 0 0 0
BinVal : 10 1 0 0 0
BinVal : 10 2 0 0 0
BinVal : 10 3 0 0 0
BinVal : 10 4 0 0 0
BinVal : 10 5 0 0 0
BinVal : 10 6 0 0 0
BinVal : 10 7 0.634921 0.0606573 0.0606573
BinVal : 10 8 0.863014 0.0402426 0.0402426
BinVal : 10 9 0.741935 0.0785898 0.0785898
BinVal : 10 10 0.733333 0.0807373 0.0807373
BinVal : 10 11 0.666667 0.136083 0.136083
BinVal : 10 12 0.797468 0.0452157 0.0452157
BinVal : 10 13 0.842105 0.0418273 0.0418273
BinVal : 10 14 0.824742 0.0386022 0.0386022
BinVal : 10 15 0.776699 0.0410349 0.0410349
BinVal : 10 16 0.775281 0.044244 0.044244
BinVal : 10 17 0.78125 0.0516748 0.0516748
BinVal : 10 18 0.733333 0.11418 0.11418
BinVal : 10 19 0.717949 0.0720574 0.0720574
BinVal : 10 20 0.84 0.0733212 0.0733212
BinVal : 10 21 0.840426 0.0377718 0.0377718
BinVal : 10 22 0.677966 0.0608315 0.0608315
BinVal : 10 23 0 0 0
BinVal : 10 24 0 0 0
BinVal : 10 25 0 0 0
BinVal : 10 26 0 0 0
BinVal : 10 27 0 0 0
BinVal : 10 28 0 0 0
BinVal : 10 29 0 0 0
BinVal : 11 0 0 0 0
BinVal : 11 1 0 0 0
BinVal : 11 2 0 0 0
BinVal : 11 3 0 0 0
BinVal : 11 4 0 0 0
BinVal : 11 5 0 0 0
BinVal : 11 6 0 0 0
BinVal : 11 7 0.819444 0.0453314 0.0453314
BinVal : 11 8 0.940298 0.028946 0.028946
BinVal : 11 9 0.5 0.353553 0.353553
BinVal : 11 10 0 0 0
BinVal : 11 11 0 0 0
BinVal : 11 12 1 0.218486 0.218486
BinVal : 11 13 0 0 0
BinVal : 11 14 0 0 0
BinVal : 11 15 0 0 0
BinVal : 11 16 0 0 0
BinVal : 11 17 0 0 0
BinVal : 11 18 0 0 0
BinVal : 11 19 0 0 0
BinVal : 11 20 0 0 0
BinVal : 11 21 0.884058 0.0385422 0.0385422
BinVal : 11 22 0.712121 0.0557327 0.0557327
BinVal : 11 23 0 0 0
BinVal : 11 24 0 0 0
BinVal : 11 25 0 0 0
BinVal : 11 26 0 0 0
BinVal : 11 27 0 0 0
BinVal : 11 28 0 0 0
BinVal : 11 29 0 0 0
BinVal : 12 0 0 0 0
BinVal : 12 1 0 0 0
BinVal : 12 2 0 0 0
BinVal : 12 3 0 0 0
BinVal : 12 4 0 0 0
BinVal : 12 5 0 0 0
BinVal : 12 6 0 0 0
BinVal : 12 7 0.634921 0.0606573 0.0606573
BinVal : 12 8 0.833333 0.0481125 0.0481125
BinVal : 12 9 0 0 0
BinVal : 12 10 0 0 0
BinVal : 12 11 0 0 0
BinVal : 12 12 0 0 0
BinVal : 12 13 0 0 0
BinVal : 12 14 0 0 0
BinVal : 12 15 0 0 0
BinVal : 12 16 0 0 0
BinVal : 12 17 0 0 0
BinVal : 12 18 0 0 0
BinVal : 12 19 0 0 0
BinVal : 12 20 0 0 0
BinVal : 12 21 0.685185 0.0632026 0.0632026
BinVal : 12 22 0.74359 0.049441 0.049441
BinVal : 12 23 0 0 0
BinVal : 12 24 0 0 0
BinVal : 12 25 0 0 0
BinVal : 12 26 0 0 0
BinVal : 12 27 0 0 0
BinVal : 12 28 0 0 0
BinVal : 12 29 0 0 0
BinVal : 13 0 0 0 0
BinVal : 13 1 0 0 0
BinVal : 13 2 0 0 0
BinVal : 13 3 0 0 0
BinVal : 13 4 0 0 0
BinVal : 13 5 0 0 0
BinVal : 13 6 0 0 0
BinVal : 13 7 0.735294 0.0535005 0.0535005
BinVal : 13 8 0.904762 0.0320282 0.0320282
BinVal : 13 9 0.925926 0.050401 0.050401
BinVal : 13 10 0.571429 0.0836486 0.0836486
BinVal : 13 11 0.538462 0.138264 0.138264
BinVal : 13 12 0.675 0.0523659 0.0523659
BinVal : 13 13 0.78022 0.0434092 0.0434092
BinVal : 13 14 0.846154 0.0353795 0.0353795
BinVal : 13 15 0.833333 0.035861 0.035861
BinVal : 13 16 0.810811 0.0371746 0.0371746
BinVal : 13 17 0.746667 0.0502203 0.0502203
BinVal : 13 18 0.714286 0.170747 0.170747
BinVal : 13 19 0.680851 0.0679945 0.0679945
BinVal : 13 20 0.871795 0.0535337 0.0535337
BinVal : 13 21 0.906977 0.0313216 0.0313216
BinVal : 13 22 0.790323 0.051699 0.051699
BinVal : 13 23 0 0 0
BinVal : 13 24 0 0 0
BinVal : 13 25 0 0 0
BinVal : 13 26 0 0 0
BinVal : 13 27 0 0 0
BinVal : 13 28 0 0 0
BinVal : 13 29 0 0 0
BinVal : 14 0 0 0 0
BinVal : 14 1 0 0 0
BinVal : 14 2 0 0 0
BinVal : 14 3 0 0 0
BinVal : 14 4 0 0 0
BinVal : 14 5 0 0 0
BinVal : 14 6 0 0 0
BinVal : 14 7 0.714286 0.0603682 0.0603682
BinVal : 14 8 0.967213 0.0228006 0.0228006
BinVal : 14 9 0.911392 0.0319724 0.0319724
BinVal : 14 10 0.813559 0.0507036 0.0507036
BinVal : 14 11 0.714286 0.0514821 0.0514821
BinVal : 14 12 0.729167 0.0453554 0.0453554
BinVal : 14 13 0.717949 0.0509523 0.0509523
BinVal : 14 14 0.781955 0.0358045 0.0358045
BinVal : 14 15 0.576271 0.0454901 0.0454901
BinVal : 14 16 0.628571 0.0577519 0.0577519
BinVal : 14 17 0.808511 0.0405837 0.0405837
BinVal : 14 18 0.75 0.051031 0.051031
BinVal : 14 19 0.691176 0.0560267 0.0560267
BinVal : 14 20 0.912088 0.029684 0.029684
BinVal : 14 21 0.882353 0.0349464 0.0349464
BinVal : 14 22 0.692308 0.0572468 0.0572468
BinVal : 14 23 0 0 0
BinVal : 14 24 0 0 0
BinVal : 14 25 0 0 0
BinVal : 14 26 0 0 0
BinVal : 14 27 0 0 0
BinVal : 14 28 0 0 0
BinVal : 14 29 0 0 0
BinVal : 15 0 0 0 0
BinVal : 15 1 0 0 0
BinVal : 15 2 0 0 0
BinVal : 15 3 0 0 0
BinVal : 15 4 0 0 0
BinVal : 15 5 0 0 0
BinVal : 15 6 0 0 0
BinVal : 15 7 0.760563 0.0506447 0.0506447
BinVal : 15 8 0.9 0.03 0.03
BinVal : 15 9 0.658824 0.0514239 0.0514239
BinVal : 15 10 0.817073 0.0426935 0.0426935
BinVal : 15 11 0.690476 0.0504408 0.0504408
BinVal : 15 12 0.869565 0.0351119 0.0351119
BinVal : 15 13 0.764706 0.0388847 0.0388847
BinVal : 15 14 0.787611 0.0384754 0.0384754
BinVal : 15 15 0.730159 0.0395437 0.0395437
BinVal : 15 16 0.697917 0.0468629 0.0468629
BinVal : 15 17 0.862069 0.0369694 0.0369694
BinVal : 15 18 0.773333 0.0483444 0.0483444
BinVal : 15 19 0.790123 0.0452467 0.0452467
BinVal : 15 20 0.678571 0.0509566 0.0509566
BinVal : 15 21 0.922222 0.0282309 0.0282309
BinVal : 15 22 0.728395 0.0494208 0.0494208
BinVal : 15 23 0 0 0
BinVal : 15 24 0 0 0
BinVal : 15 25 0 0 0
BinVal : 15 26 0 0 0
BinVal : 15 27 0 0 0
BinVal : 15 28 0 0 0
BinVal : 15 29 0 0 0


Comments : includes prescale inefficiency, cosmic veto applied 
EffMethod : TagAndProbe 
EffName : eff 
EffType : Binned 
EffVarNames : phi deteta 
EffVersion : 3 
ObjQuality : SingleMuonTriggersOR-AND-MuFromMuJets 
ObjRelativeTo : tight_tracktight_iso_deltaR 
ObjType : MuANDSingleMuonOR 
ObjVersion : 1 
RunRangeHigh : -1 
RunRangeLow : -1 
TriggerVersionHigh : 15.99 
TriggerVersionLow : 15.9 
BinEdgesX : 0 0.3927 0.7854 1.1781 1.5708 1.9635 2.3562 2.7489 3.1416 3.5343 3.927 4.3197 4.7124 5.1051 5.4978 5.8905 6.2832 
BinEdgesY : -3 -2.8 -2.6 -2.4 -2.2 -2 -1.8 -1.6 -1.4 -1.2 -1 -0.8 -0.6 -0.4 -0.2 0 0.2 0.4 0.6 0.8 1 1.2 1.4 1.6 1.8 2 2.2 2.4 2.6 2.8 3 
BinVal : 0 0 0 0 0
BinVal : 0 1 0 0 0
BinVal : 0 2 0 0 0
BinVal : 0 3 0 0 0
BinVal : 0 4 0 0 0
BinVal : 0 5 0 0 0
BinVal : 0 6 0 0 0
BinVal : 0 7 0.625 0.0570544 0.0570544
BinVal : 0 8 0.925 0.029448 0.029448
BinVal : 0 9 0.695122 0.0508378 0.0508378
BinVal : 0 10 0.597222 0.0578009 0.0578009
BinVal : 0 11 0.535714 0.0544151 0.0544151
BinVal : 0 12 0.598039 0.0485464 0.0485464
BinVal : 0 13 0.580357 0.0466314 0.0466314
BinVal : 0 14 0.558824 0.0491636 0.0491636
BinVal : 0 15 0.565657 0.0498168 0.0498168
BinVal : 0 16 0.543478 0.0519311 0.0519311
BinVal : 0 17 0.576923 0.0559399 0.0559399
BinVal : 0 18 0.644737 0.0548984 0.0548984
BinVal : 0 19 0.666667 0.0608581 0.0608581
BinVal : 0 20 0.662338 0.0538934 0.0538934
BinVal : 0 21 0.947368 0.0256139 0.0256139
BinVal : 0 22 0.721311 0.0574058 0.0574058
BinVal : 0 23 0 0 0
BinVal : 0 24 0 0 0
BinVal : 0 25 0 0 0
BinVal : 0 26 0 0 0
BinVal : 0 27 0 0 0
BinVal : 0 28 0 0 0
BinVal : 0 29 0 0 0
BinVal : 1 0 0 0 0
BinVal : 1 1 0 0 0
BinVal : 1 2 0 0 0
BinVal : 1 3 0 0 0
BinVal : 1 4 0 0 0
BinVal : 1 5 0 0 0
BinVal : 1 6 0 0 0
BinVal : 1 7 0.638298 0.0700871 0.0700871
BinVal : 1 8 0.982143 0.017697 0.017697
BinVal : 1 9 0.923077 0.0330515 0.0330515
BinVal : 1 10 0.673077 0.0650509 0.0650509
BinVal : 1 11 0.736842 0.0583254 0.0583254
BinVal : 1 12 0.607143 0.0652633 0.0652633
BinVal : 1 13 0.641509 0.0658722 0.0658722
BinVal : 1 14 0.607143 0.0532872 0.0532872
BinVal : 1 15 0.635135 0.0559607 0.0559607
BinVal : 1 16 0.57377 0.0633178 0.0633178
BinVal : 1 17 0.630137 0.0565036 0.0565036
BinVal : 1 18 0.724138 0.0586871 0.0586871
BinVal : 1 19 0.673469 0.066992 0.066992
BinVal : 1 20 0.90625 0.0364351 0.0364351
BinVal : 1 21 0.914894 0.0407022 0.0407022
BinVal : 1 22 0.681818 0.0702175 0.0702175
BinVal : 1 23 0 0 0
BinVal : 1 24 0 0 0
BinVal : 1 25 0 0 0
BinVal : 1 26 0 0 0
BinVal : 1 27 0 0 0
BinVal : 1 28 0 0 0
BinVal : 1 29 0 0 0
BinVal : 2 0 0 0 0
BinVal : 2 1 0 0 0
BinVal : 2 2 0 0 0
BinVal : 2 3 0 0 0
BinVal : 2 4 0 0 0
BinVal : 2 5 0 0 0
BinVal : 2 6 0 0 0
BinVal : 2 7 0.714286 0.0985808 0.0985808
BinVal : 2 8 0.962963 0.0363447 0.0363447
BinVal : 2 9 0.935484 0.0441237 0.0441237
BinVal : 2 10 0.73913 0.0915605 0.0915605
BinVal : 2 11 0.756757 0.0705339 0.0705339
BinVal : 2 12 0.758621 0.0794627 0.0794627
BinVal : 2 13 0.551724 0.0923495 0.0923495
BinVal : 2 14 0.647059 0.0819565 0.0819565
BinVal : 2 15 0.525 0.0789581 0.0789581
BinVal : 2 16 0.72973 0.0730095 0.0730095
BinVal : 2 17 0.84375 0.0641862 0.0641862
BinVal : 2 18 0.828571 0.0637049 0.0637049
BinVal : 2 19 0.791667 0.0828982 0.0828982
BinVal : 2 20 0.862069 0.0640329 0.0640329
BinVal : 2 21 0.827586 0.0701445 0.0701445
BinVal : 2 22 0.6 0.0979796 0.0979796
BinVal : 2 23 0 0 0
BinVal : 2 24 0 0 0
BinVal : 2 25 0 0 0
BinVal : 2 26 0 0 0
BinVal : 2 27 0 0 0
BinVal : 2 28 0 0 0
BinVal : 2 29 0 0 0
BinVal : 3 0 0 0 0
BinVal : 3 1 0 0 0
BinVal : 3 2 0 0 0
BinVal : 3 3 0 0 0
BinVal : 3 4 0 0 0
BinVal : 3 5 0 0 0
BinVal : 3 6 0 0 0
BinVal : 3 7 0.928571 0.0688303 0.0688303
BinVal : 3 8 0.846154 0.100068 0.100068
BinVal : 3 9 0.5625 0.12402 0.12402
BinVal : 3 10 0.666667 0.19245 0.19245
BinVal : 3 11 0.727273 0.134282 0.134282
BinVal : 3 12 0.777778 0.13858 0.13858
BinVal : 3 13 0.666667 0.157135 0.157135
BinVal : 3 14 0.666667 0.111111 0.111111
BinVal : 3 15 0.846154 0.100068 0.100068
BinVal : 3 16 0.555556 0.165635 0.165635
BinVal : 3 17 0.588235 0.119365 0.119365
BinVal : 3 18 0.875 0.116927 0.116927
BinVal : 3 19 0.636364 0.145041 0.145041
BinVal : 3 20 0.625 0.171163 0.171163
BinVal : 3 21 0.8125 0.0975781 0.0975781
BinVal : 3 22 0.692308 0.128008 0.128008
BinVal : 3 23 0 0 0
BinVal : 3 24 0 0 0
BinVal : 3 25 0 0 0
BinVal : 3 26 0 0 0
BinVal : 3 27 0 0 0
BinVal : 3 28 0 0 0
BinVal : 3 29 0 0 0
BinVal : 4 0 0 0 0
BinVal : 4 1 0 0 0
BinVal : 4 2 0 0 0
BinVal : 4 3 0 0 0
BinVal : 4 4 0 0 0
BinVal : 4 5 0 0 0
BinVal : 4 6 0 0 0
BinVal : 4 7 0.666667 0.19245 0.19245
BinVal : 4 8 0.888889 0.104757 0.104757
BinVal : 4 9 0.916667 0.0797856 0.0797856
BinVal : 4 10 0.6 0.219089 0.219089
BinVal : 4 11 0.666667 0.19245 0.19245
BinVal : 4 12 0.8 0.178885 0.178885
BinVal : 4 13 0.714286 0.0985808 0.0985808
BinVal : 4 14 0.727273 0.134282 0.134282
BinVal : 4 15 0.5 0.133631 0.133631
BinVal : 4 16 0.5 0.204124 0.204124
BinVal : 4 17 0.888889 0.104757 0.104757
BinVal : 4 18 0.5 0.176777 0.176777
BinVal : 4 19 0.833333 0.152145 0.152145
BinVal : 4 20 0.888889 0.104757 0.104757
BinVal : 4 21 1 0.124824 0.124824
BinVal : 4 22 0.818182 0.116291 0.116291
BinVal : 4 23 0 0 0
BinVal : 4 24 0 0 0
BinVal : 4 25 0 0 0
BinVal : 4 26 0 0 0
BinVal : 4 27 0 0 0
BinVal : 4 28 0 0 0
BinVal : 4 29 0 0 0
BinVal : 5 0 0 0 0
BinVal : 5 1 0 0 0
BinVal : 5 2 0 0 0
BinVal : 5 3 0 0 0
BinVal : 5 4 0 0 0
BinVal : 5 5 0 0 0
BinVal : 5 6 0 0 0
BinVal : 5 7 0.777778 0.0979908 0.0979908
BinVal : 5 8 0.941176 0.0570672 0.0570672
BinVal : 5 9 0.826087 0.0790342 0.0790342
BinVal : 5 10 0.722222 0.105572 0.105572
BinVal : 5 11 0.705882 0.11051 0.11051
BinVal : 5 12 0.774194 0.0750952 0.0750952
BinVal : 5 13 0.703704 0.0878772 0.0878772
BinVal : 5 14 0.692308 0.0905151 0.0905151
BinVal : 5 15 0.694444 0.0767737 0.0767737
BinVal : 5 16 0.772727 0.0893461 0.0893461
BinVal : 5 17 1 0.0368657 0.0368657
BinVal : 5 18 0.645161 0.0859347 0.0859347
BinVal : 5 19 0.6875 0.115878 0.115878
BinVal : 5 20 0.956522 0.0425226 0.0425226
BinVal : 5 21 1 0.0542655 0.0542655
BinVal : 5 22 0.823529 0.0924594 0.0924594
BinVal : 5 23 0 0 0
BinVal : 5 24 0 0 0
BinVal : 5 25 0 0 0
BinVal : 5 26 0 0 0
BinVal : 5 27 0 0 0
BinVal : 5 28 0 0 0
BinVal : 5 29 0 0 0
BinVal : 6 0 0 0 0
BinVal : 6 1 0 0 0
BinVal : 6 2 0 0 0
BinVal : 6 3 0 0 0
BinVal : 6 4 0 0 0
BinVal : 6 5 0 0 0
BinVal : 6 6 0 0 0
BinVal : 6 7 0.72549 0.0624899 0.0624899
BinVal : 6 8 0.978723 0.021049 0.021049
BinVal : 6 9 0.852941 0.0429488 0.0429488
BinVal : 6 10 0.756098 0.0670664 0.0670664
BinVal : 6 11 0.694915 0.0599446 0.0599446
BinVal : 6 12 0.666667 0.0680414 0.0680414
BinVal : 6 13 0.746032 0.0548401 0.0548401
BinVal : 6 14 0.641791 0.0585771 0.0585771
BinVal : 6 15 0.709091 0.0612418 0.0612418
BinVal : 6 16 0.685185 0.0632026 0.0632026
BinVal : 6 17 0.777778 0.056575 0.056575
BinVal : 6 18 0.695652 0.0553932 0.0553932
BinVal : 6 19 0.641026 0.0768134 0.0768134
BinVal : 6 20 0.814815 0.052861 0.052861
BinVal : 6 21 0.772727 0.0631772 0.0631772
BinVal : 6 22 0.675 0.0740566 0.0740566
BinVal : 6 23 0 0 0
BinVal : 6 24 0 0 0
BinVal : 6 25 0 0 0
BinVal : 6 26 0 0 0
BinVal : 6 27 0 0 0
BinVal : 6 28 0 0 0
BinVal : 6 29 0 0 0
BinVal : 7 0 0 0 0
BinVal : 7 1 0 0 0
BinVal : 7 2 0 0 0
BinVal : 7 3 0 0 0
BinVal : 7 4 0 0 0
BinVal : 7 5 0 0 0
BinVal : 7 6 0 0 0
BinVal : 7 7 0.85 0.0460977 0.0460977
BinVal : 7 8 0.926471 0.0316513 0.0316513
BinVal : 7 9 0.688525 0.0592934 0.0592934
BinVal : 7 10 0.820895 0.0468446 0.0468446
BinVal : 7 11 0.698413 0.0578219 0.0578219
BinVal : 7 12 0.8 0.053936 0.053936
BinVal : 7 13 0.765432 0.0470809 0.0470809
BinVal : 7 14 0.70339 0.0420485 0.0420485
BinVal : 7 15 0.699029 0.0451951 0.0451951
BinVal : 7 16 0.72093 0.0483675 0.0483675
BinVal : 7 17 0.793651 0.0509854 0.0509854
BinVal : 7 18 0.8 0.053936 0.053936
BinVal : 7 19 0.79661 0.0524037 0.0524037
BinVal : 7 20 0.708861 0.0511113 0.0511113
BinVal : 7 21 0.971831 0.019636 0.019636
BinVal : 7 22 0.690909 0.0623121 0.0623121
BinVal : 7 23 0 0 0
BinVal : 7 24 0 0 0
BinVal : 7 25 0 0 0
BinVal : 7 26 0 0 0
BinVal : 7 27 0 0 0
BinVal : 7 28 0 0 0
BinVal : 7 29 0 0 0
BinVal : 8 0 0 0 0
BinVal : 8 1 0 0 0
BinVal : 8 2 0 0 0
BinVal : 8 3 0 0 0
BinVal : 8 4 0 0 0
BinVal : 8 5 0 0 0
BinVal : 8 6 0 0 0
BinVal : 8 7 0.77193 0.0555758 0.0555758
BinVal : 8 8 0.953846 0.0260247 0.0260247
BinVal : 8 9 0.823529 0.0533815 0.0533815
BinVal : 8 10 0.914894 0.0407022 0.0407022
BinVal : 8 11 0.878788 0.0401738 0.0401738
BinVal : 8 12 0.830508 0.048845 0.048845
BinVal : 8 13 0.847222 0.0423997 0.0423997
BinVal : 8 14 0.731183 0.0459727 0.0459727
BinVal : 8 15 0.831579 0.0383962 0.0383962
BinVal : 8 16 0.8625 0.0385022 0.0385022
BinVal : 8 17 0.873016 0.0419484 0.0419484
BinVal : 8 18 0.922078 0.030547 0.030547
BinVal : 8 19 0.785714 0.0548321 0.0548321
BinVal : 8 20 0.730159 0.0559233 0.0559233
BinVal : 8 21 0.861111 0.0407565 0.0407565
BinVal : 8 22 0.690909 0.0623121 0.0623121
BinVal : 8 23 0 0 0
BinVal : 8 24 0 0 0
BinVal : 8 25 0 0 0
BinVal : 8 26 0 0 0
BinVal : 8 27 0 0 0
BinVal : 8 28 0 0 0
BinVal : 8 29 0 0 0
BinVal : 9 0 0 0 0
BinVal : 9 1 0 0 0
BinVal : 9 2 0 0 0
BinVal : 9 3 0 0 0
BinVal : 9 4 0 0 0
BinVal : 9 5 0 0 0
BinVal : 9 6 0 0 0
BinVal : 9 7 0.732143 0.0591774 0.0591774
BinVal : 9 8 0.913043 0.0415449 0.0415449
BinVal : 9 9 0.919355 0.0345808 0.0345808
BinVal : 9 10 0.741935 0.0785898 0.0785898
BinVal : 9 11 0.84375 0.0641862 0.0641862
BinVal : 9 12 0.859649 0.0460077 0.0460077
BinVal : 9 13 0.56 0.0701997 0.0701997
BinVal : 9 14 0.769231 0.0522589 0.0522589
BinVal : 9 15 0.797101 0.0484141 0.0484141
BinVal : 9 16 0.813953 0.0593439 0.0593439
BinVal : 9 17 0.857143 0.0499896 0.0499896
BinVal : 9 18 0.708333 0.0656057 0.0656057
BinVal : 9 19 0.735294 0.0756611 0.0756611
BinVal : 9 20 0.964912 0.0243716 0.0243716
BinVal : 9 21 0.863636 0.0517355 0.0517355
BinVal : 9 22 0.75 0.0625 0.0625
BinVal : 9 23 0 0 0
BinVal : 9 24 0 0 0
BinVal : 9 25 0 0 0
BinVal : 9 26 0 0 0
BinVal : 9 27 0 0 0
BinVal : 9 28 0 0 0
BinVal : 9 29 0 0 0
BinVal : 10 0 0 0 0
BinVal : 10 1 0 0 0
BinVal : 10 2 0 0 0
BinVal : 10 3 0 0 0
BinVal : 10 4 0 0 0
BinVal : 10 5 0 0 0
BinVal : 10 6 0 0 0
BinVal : 10 7 0.615385 0.0954113 0.0954113
BinVal : 10 8 0.95 0.0344601 0.0344601
BinVal : 10 9 0.928571 0.0688303 0.0688303
BinVal : 10 10 0.470588 0.121058 0.121058
BinVal : 10 11 0 0 0
BinVal : 10 12 0.692308 0.0905151 0.0905151
BinVal : 10 13 0.829268 0.0587642 0.0587642
BinVal : 10 14 0.795918 0.0575756 0.0575756
BinVal : 10 15 0.788462 0.0566348 0.0566348
BinVal : 10 16 0.625 0.0855817 0.0855817
BinVal : 10 17 0.684211 0.106639 0.106639
BinVal : 10 18 0.75 0.153093 0.153093
BinVal : 10 19 0.684211 0.106639 0.106639
BinVal : 10 20 0.6875 0.115878 0.115878
BinVal : 10 21 0.97619 0.0235244 0.0235244
BinVal : 10 22 0.703704 0.0878772 0.0878772
BinVal : 10 23 0 0 0
BinVal : 10 24 0 0 0
BinVal : 10 25 0 0 0
BinVal : 10 26 0 0 0
BinVal : 10 27 0 0 0
BinVal : 10 28 0 0 0
BinVal : 10 29 0 0 0
BinVal : 11 0 0 0 0
BinVal : 11 1 0 0 0
BinVal : 11 2 0 0 0
BinVal : 11 3 0 0 0
BinVal : 11 4 0 0 0
BinVal : 11 5 0 0 0
BinVal : 11 6 0 0 0
BinVal : 11 7 0.794872 0.064659 0.064659
BinVal : 11 8 0.777778 0.0979908 0.0979908
BinVal : 11 9 0 0 0
BinVal : 11 10 0 0 0
BinVal : 11 11 0 0 0
BinVal : 11 12 0 0 0
BinVal : 11 13 0 0 0
BinVal : 11 14 0 0 0
BinVal : 11 15 0 0 0
BinVal : 11 16 0 0 0
BinVal : 11 17 0 0 0
BinVal : 11 18 0 0 0
BinVal : 11 19 0 0 0
BinVal : 11 20 0 0 0
BinVal : 11 21 0.869565 0.0702237 0.0702237
BinVal : 11 22 0.740741 0.084337 0.084337
BinVal : 11 23 0 0 0
BinVal : 11 24 0 0 0
BinVal : 11 25 0 0 0
BinVal : 11 26 0 0 0
BinVal : 11 27 0 0 0
BinVal : 11 28 0 0 0
BinVal : 11 29 0 0 0
BinVal : 12 0 0 0 0
BinVal : 12 1 0 0 0
BinVal : 12 2 0 0 0
BinVal : 12 3 0 0 0
BinVal : 12 4 0 0 0
BinVal : 12 5 0 0 0
BinVal : 12 6 0 0 0
BinVal : 12 7 0.909091 0.0866784 0.0866784
BinVal : 12 8 0.785714 0.109664 0.109664
BinVal : 12 9 0 0 0
BinVal : 12 10 0 0 0
BinVal : 12 11 0 0 0
BinVal : 12 12 0 0 0
BinVal : 12 13 0 0 0
BinVal : 12 14 0 0 0
BinVal : 12 15 0 0 0
BinVal : 12 16 0 0 0
BinVal : 12 17 0 0 0
BinVal : 12 18 0 0 0
BinVal : 12 19 0 0 0
BinVal : 12 20 0 0 0
BinVal : 12 21 0.722222 0.105572 0.105572
BinVal : 12 22 0.740741 0.084337 0.084337
BinVal : 12 23 0 0 0
BinVal : 12 24 0 0 0
BinVal : 12 25 0 0 0
BinVal : 12 26 0 0 0
BinVal : 12 27 0 0 0
BinVal : 12 28 0 0 0
BinVal : 12 29 0 0 0
BinVal : 13 0 0 0 0
BinVal : 13 1 0 0 0
BinVal : 13 2 0 0 0
BinVal : 13 3 0 0 0
BinVal : 13 4 0 0 0
BinVal : 13 5 0 0 0
BinVal : 13 6 0 0 0
BinVal : 13 7 0.645161 0.0859347 0.0859347
BinVal : 13 8 0.933333 0.045542 0.045542
BinVal : 13 9 1 0.0668855 0.0668855
BinVal : 13 10 0.933333 0.0644061 0.0644061
BinVal : 13 11 1 0.102643 0.102643
BinVal : 13 12 0.6875 0.115878 0.115878
BinVal : 13 13 0.857143 0.0591485 0.0591485
BinVal : 13 14 0.833333 0.0680414 0.0680414
BinVal : 13 15 0.8 0.0730297 0.0730297
BinVal : 13 16 0.851852 0.0683673 0.0683673
BinVal : 13 17 0.6 0.109545 0.109545
BinVal : 13 18 0.666667 0.272166 0.272166
BinVal : 13 19 0.777778 0.0979908 0.0979908
BinVal : 13 20 1 0.0668855 0.0668855
BinVal : 13 21 0.911765 0.0486433 0.0486433
BinVal : 13 22 0.827586 0.0701445 0.0701445
BinVal : 13 23 0 0 0
BinVal : 13 24 0 0 0
BinVal : 13 25 0 0 0
BinVal : 13 26 0 0 0
BinVal : 13 27 0 0 0
BinVal : 13 28 0 0 0
BinVal : 13 29 0 0 0
BinVal : 14 0 0 0 0
BinVal : 14 1 0 0 0
BinVal : 14 2 0 0 0
BinVal : 14 3 0 0 0
BinVal : 14 4 0 0 0
BinVal : 14 5 0 0 0
BinVal : 14 6 0 0 0
BinVal : 14 7 0.690476 0.071334 0.071334
BinVal : 14 8 0.854167 0.0509424 0.0509424
BinVal : 14 9 0.866667 0.0506745 0.0506745
BinVal : 14 10 0.829787 0.0548189 0.0548189
BinVal : 14 11 0.735849 0.0605595 0.0605595
BinVal : 14 12 0.755556 0.0640644 0.0640644
BinVal : 14 13 0.745098 0.0610251 0.0610251
BinVal : 14 14 0.771429 0.0501891 0.0501891
BinVal : 14 15 0.732394 0.0525401 0.0525401
BinVal : 14 16 0.7 0.0724569 0.0724569
BinVal : 14 17 0.790698 0.062038 0.062038
BinVal : 14 18 0.710526 0.0735703 0.0735703
BinVal : 14 19 0.731707 0.069196 0.069196
BinVal : 14 20 0.87931 0.0427752 0.0427752
BinVal : 14 21 0.92 0.0383667 0.0383667
BinVal : 14 22 0.680851 0.0679945 0.0679945
BinVal : 14 23 0 0 0
BinVal : 14 24 0 0 0
BinVal : 14 25 0 0 0
BinVal : 14 26 0 0 0
BinVal : 14 27 0 0 0
BinVal : 14 28 0 0 0
BinVal : 14 29 0 0 0
BinVal : 15 0 0 0 0
BinVal : 15 1 0 0 0
BinVal : 15 2 0 0 0
BinVal : 15 3 0 0 0
BinVal : 15 4 0 0 0
BinVal : 15 5 0 0 0
BinVal : 15 6 0 0 0
BinVal : 15 7 0.728814 0.0578784 0.0578784
BinVal : 15 8 0.926471 0.0316513 0.0316513
BinVal : 15 9 0.633333 0.0622123 0.0622123
BinVal : 15 10 0.765625 0.0529509 0.0529509
BinVal : 15 11 0.882353 0.0349464 0.0349464
BinVal : 15 12 0.802469 0.0442374 0.0442374
BinVal : 15 13 0.744444 0.0459767 0.0459767
BinVal : 15 14 0.833333 0.0332008 0.0332008
BinVal : 15 15 0.795918 0.0407121 0.0407121
BinVal : 15 16 0.583333 0.0537914 0.0537914
BinVal : 15 17 0.870968 0.042575 0.042575
BinVal : 15 18 0.77027 0.0489006 0.0489006
BinVal : 15 19 0.901961 0.0416398 0.0416398
BinVal : 15 20 0.68 0.053864 0.053864
BinVal : 15 21 0.930556 0.0299587 0.0299587
BinVal : 15 22 0.672414 0.0616264 0.0616264
BinVal : 15 23 0 0 0
BinVal : 15 24 0 0 0
BinVal : 15 25 0 0 0
BinVal : 15 26 0 0 0
BinVal : 15 27 0 0 0
BinVal : 15 28 0 0 0
BinVal : 15 29 0 0 0


Comments : includes prescale inefficiency, cosmic veto applied 
EffMethod : TagAndProbe 
EffName : eff 
EffType : Binned 
EffVarNames : phi deteta 
EffVersion : 3 
ObjQuality : SingleMuonTriggersOR-AND-MuFromMuJets 
ObjRelativeTo : tight_tracktight_iso_deltaR 
ObjType : MuANDSingleMuonOR 
ObjVersion : 1 
RunRangeHigh : -1 
RunRangeLow : -1 
TriggerVersionHigh : 16.1 
TriggerVersionLow : 16 
BinEdgesX : 0 0.3927 0.7854 1.1781 1.5708 1.9635 2.3562 2.7489 3.1416 3.5343 3.927 4.3197 4.7124 5.1051 5.4978 5.8905 6.2832 
BinEdgesY : -3 -2.8 -2.6 -2.4 -2.2 -2 -1.8 -1.6 -1.4 -1.2 -1 -0.8 -0.6 -0.4 -0.2 0 0.2 0.4 0.6 0.8 1 1.2 1.4 1.6 1.8 2 2.2 2.4 2.6 2.8 3 
BinVal : 0 0 0 0 0
BinVal : 0 1 0 0 0
BinVal : 0 2 0 0 0
BinVal : 0 3 0 0 0
BinVal : 0 4 0 0 0
BinVal : 0 5 0 0 0
BinVal : 0 6 0 0 0
BinVal : 0 7 0.660714 0.0447384 0.0447384
BinVal : 0 8 0.923077 0.0261295 0.0261295
BinVal : 0 9 0.818182 0.0367745 0.0367745
BinVal : 0 10 0.842975 0.0330749 0.0330749
BinVal : 0 11 0.830645 0.0336818 0.0336818
BinVal : 0 12 0.820513 0.0354786 0.0354786
BinVal : 0 13 0.736527 0.0340882 0.0340882
BinVal : 0 14 0.7375 0.0347845 0.0347845
BinVal : 0 15 0.80814 0.0300242 0.0300242
BinVal : 0 16 0.735714 0.0372673 0.0372673
BinVal : 0 17 0.788991 0.0390817 0.0390817
BinVal : 0 18 0.866667 0.0331742 0.0331742
BinVal : 0 19 0.860215 0.0359577 0.0359577
BinVal : 0 20 0.875 0.0301904 0.0301904
BinVal : 0 21 0.938596 0.0224845 0.0224845
BinVal : 0 22 0.769231 0.0441669 0.0441669
BinVal : 0 23 0 0 0
BinVal : 0 24 0 0 0
BinVal : 0 25 0 0 0
BinVal : 0 26 0 0 0
BinVal : 0 27 0 0 0
BinVal : 0 28 0 0 0
BinVal : 0 29 0 0 0
BinVal : 1 0 0 0 0
BinVal : 1 1 0 0 0
BinVal : 1 2 0 0 0
BinVal : 1 3 0 0 0
BinVal : 1 4 0 0 0
BinVal : 1 5 0 0 0
BinVal : 1 6 0 0 0
BinVal : 1 7 0.776786 0.0393462 0.0393462
BinVal : 1 8 0.942308 0.0228633 0.0228633
BinVal : 1 9 0.93985 0.0206169 0.0206169
BinVal : 1 10 0.848837 0.0386265 0.0386265
BinVal : 1 11 0.854839 0.0316342 0.0316342
BinVal : 1 12 0.732283 0.0392894 0.0392894
BinVal : 1 13 0.717391 0.0383293 0.0383293
BinVal : 1 14 0.726115 0.0355908 0.0355908
BinVal : 1 15 0.707602 0.0347843 0.0347843
BinVal : 1 16 0.700787 0.0406332 0.0406332
BinVal : 1 17 0.772727 0.0399568 0.0399568
BinVal : 1 18 0.788321 0.0349004 0.0349004
BinVal : 1 19 0.813725 0.0385492 0.0385492
BinVal : 1 20 0.953488 0.0185414 0.0185414
BinVal : 1 21 0.968992 0.0152616 0.0152616
BinVal : 1 22 0.721154 0.0439723 0.0439723
BinVal : 1 23 0 0 0
BinVal : 1 24 0 0 0
BinVal : 1 25 0 0 0
BinVal : 1 26 0 0 0
BinVal : 1 27 0 0 0
BinVal : 1 28 0 0 0
BinVal : 1 29 0 0 0
BinVal : 2 0 0 0 0
BinVal : 2 1 0 0 0
BinVal : 2 2 0 0 0
BinVal : 2 3 0 0 0
BinVal : 2 4 0 0 0
BinVal : 2 5 0 0 0
BinVal : 2 6 0 0 0
BinVal : 2 7 0.774648 0.0495854 0.0495854
BinVal : 2 8 0.958904 0.0232341 0.0232341
BinVal : 2 9 0.90411 0.0344617 0.0344617
BinVal : 2 10 0.7 0.0648074 0.0648074
BinVal : 2 11 0.752577 0.0438137 0.0438137
BinVal : 2 12 0.678571 0.0509566 0.0509566
BinVal : 2 13 0.552632 0.0570353 0.0570353
BinVal : 2 14 0.697674 0.0495239 0.0495239
BinVal : 2 15 0.620253 0.0546032 0.0546032
BinVal : 2 16 0.577465 0.0586226 0.0586226
BinVal : 2 17 0.74359 0.049441 0.049441
BinVal : 2 18 0.757143 0.0512525 0.0512525
BinVal : 2 19 0.729167 0.0641422 0.0641422
BinVal : 2 20 0.887755 0.0318872 0.0318872
BinVal : 2 21 0.931507 0.0295635 0.0295635
BinVal : 2 22 0.873239 0.0394848 0.0394848
BinVal : 2 23 0 0 0
BinVal : 2 24 0 0 0
BinVal : 2 25 0 0 0
BinVal : 2 26 0 0 0
BinVal : 2 27 0 0 0
BinVal : 2 28 0 0 0
BinVal : 2 29 0 0 0
BinVal : 3 0 0 0 0
BinVal : 3 1 0 0 0
BinVal : 3 2 0 0 0
BinVal : 3 3 0 0 0
BinVal : 3 4 0 0 0
BinVal : 3 5 0 0 0
BinVal : 3 6 0 0 0
BinVal : 3 7 0.794872 0.064659 0.064659
BinVal : 3 8 0.90566 0.0401506 0.0401506
BinVal : 3 9 0.518519 0.096159 0.096159
BinVal : 3 10 0.733333 0.0807373 0.0807373
BinVal : 3 11 0.777778 0.0800091 0.0800091
BinVal : 3 12 0.586207 0.0914572 0.0914572
BinVal : 3 13 0.666667 0.0702728 0.0702728
BinVal : 3 14 0.542857 0.0842044 0.0842044
BinVal : 3 15 0.543478 0.0734417 0.0734417
BinVal : 3 16 0.625 0.0765466 0.0765466
BinVal : 3 17 0.787879 0.0711647 0.0711647
BinVal : 3 18 0.78125 0.0730792 0.0730792
BinVal : 3 19 0.848485 0.0624156 0.0624156
BinVal : 3 20 0.84 0.0733212 0.0733212
BinVal : 3 21 0.926829 0.0406702 0.0406702
BinVal : 3 22 0.777778 0.06929 0.06929
BinVal : 3 23 0 0 0
BinVal : 3 24 0 0 0
BinVal : 3 25 0 0 0
BinVal : 3 26 0 0 0
BinVal : 3 27 0 0 0
BinVal : 3 28 0 0 0
BinVal : 3 29 0 0 0
BinVal : 4 0 0 0 0
BinVal : 4 1 0 0 0
BinVal : 4 2 0 0 0
BinVal : 4 3 0 0 0
BinVal : 4 4 0 0 0
BinVal : 4 5 0 0 0
BinVal : 4 6 0 0 0
BinVal : 4 7 0.761905 0.0929429 0.0929429
BinVal : 4 8 1 0.0233703 0.0233703
BinVal : 4 9 0.869565 0.0702237 0.0702237
BinVal : 4 10 0.764706 0.102879 0.102879
BinVal : 4 11 0.85 0.0798436 0.0798436
BinVal : 4 12 0.777778 0.0979908 0.0979908
BinVal : 4 13 0.625 0.0988212 0.0988212
BinVal : 4 14 0.689655 0.0859091 0.0859091
BinVal : 4 15 0.653846 0.0933009 0.0933009
BinVal : 4 16 0.636364 0.102559 0.102559
BinVal : 4 17 0.75 0.108253 0.108253
BinVal : 4 18 0.944444 0.0539903 0.0539903
BinVal : 4 19 0.736842 0.101023 0.101023
BinVal : 4 20 0.846154 0.100068 0.100068
BinVal : 4 21 1 0.0279117 0.0279117
BinVal : 4 22 0.833333 0.087841 0.087841
BinVal : 4 23 0 0 0
BinVal : 4 24 0 0 0
BinVal : 4 25 0 0 0
BinVal : 4 26 0 0 0
BinVal : 4 27 0 0 0
BinVal : 4 28 0 0 0
BinVal : 4 29 0 0 0
BinVal : 5 0 0 0 0
BinVal : 5 1 0 0 0
BinVal : 5 2 0 0 0
BinVal : 5 3 0 0 0
BinVal : 5 4 0 0 0
BinVal : 5 5 0 0 0
BinVal : 5 6 0.0606061 0.041536 0.041536
BinVal : 5 7 0.638889 0.0800538 0.0800538
BinVal : 5 8 0.959184 0.0282664 0.0282664
BinVal : 5 9 0.888889 0.0468486 0.0468486
BinVal : 5 10 0.775 0.0660256 0.0660256
BinVal : 5 11 0.717391 0.0663884 0.0663884
BinVal : 5 12 0.847826 0.0529596 0.0529596
BinVal : 5 13 0.676923 0.0580051 0.0580051
BinVal : 5 14 0.806452 0.0501751 0.0501751
BinVal : 5 15 0.685714 0.0554862 0.0554862
BinVal : 5 16 0.711111 0.0675659 0.0675659
BinVal : 5 17 0.866667 0.0620633 0.0620633
BinVal : 5 18 0.816667 0.0499537 0.0499537
BinVal : 5 19 0.896552 0.0565523 0.0565523
BinVal : 5 20 0.897436 0.0485811 0.0485811
BinVal : 5 21 0.9 0.0424264 0.0424264
BinVal : 5 22 0.8125 0.0689981 0.0689981
BinVal : 5 23 0 0 0
BinVal : 5 24 0 0 0
BinVal : 5 25 0 0 0
BinVal : 5 26 0 0 0
BinVal : 5 27 0 0 0
BinVal : 5 28 0 0 0
BinVal : 5 29 0 0 0
BinVal : 6 0 0 0 0
BinVal : 6 1 0 0 0
BinVal : 6 2 0 0 0
BinVal : 6 3 0 0 0
BinVal : 6 4 0 0 0
BinVal : 6 5 0 0 0
BinVal : 6 6 0 0 0
BinVal : 6 7 0.697674 0.0700373 0.0700373
BinVal : 6 8 0.876712 0.0384793 0.0384793
BinVal : 6 9 0.923077 0.0301717 0.0301717
BinVal : 6 10 0.84375 0.0453865 0.0453865
BinVal : 6 11 0.793651 0.0509854 0.0509854
BinVal : 6 12 0.722222 0.0527859 0.0527859
BinVal : 6 13 0.777778 0.0523783 0.0523783
BinVal : 6 14 0.590909 0.0605199 0.0605199
BinVal : 6 15 0.658228 0.0533633 0.0533633
BinVal : 6 16 0.771429 0.0501891 0.0501891
BinVal : 6 17 0.836066 0.0474013 0.0474013
BinVal : 6 18 0.819444 0.0453314 0.0453314
BinVal : 6 19 0.779661 0.0539601 0.0539601
BinVal : 6 20 0.819444 0.0453314 0.0453314
BinVal : 6 21 0.866667 0.0438854 0.0438854
BinVal : 6 22 0.655738 0.0608338 0.0608338
BinVal : 6 23 0 0 0
BinVal : 6 24 0 0 0
BinVal : 6 25 0 0 0
BinVal : 6 26 0 0 0
BinVal : 6 27 0 0 0
BinVal : 6 28 0 0 0
BinVal : 6 29 0 0 0
BinVal : 7 0 0 0 0
BinVal : 7 1 0 0 0
BinVal : 7 2 0 0 0
BinVal : 7 3 0 0 0
BinVal : 7 4 0 0 0
BinVal : 7 5 0 0 0
BinVal : 7 6 0 0 0
BinVal : 7 7 0.819444 0.0453314 0.0453314
BinVal : 7 8 0.985507 0.0143874 0.0143874
BinVal : 7 9 0.846154 0.0408527 0.0408527
BinVal : 7 10 0.84127 0.0460391 0.0460391
BinVal : 7 11 0.634921 0.0606573 0.0606573
BinVal : 7 12 0.776316 0.0478002 0.0478002
BinVal : 7 13 0.669903 0.0463349 0.0463349
BinVal : 7 14 0.637168 0.0452315 0.0452315
BinVal : 7 15 0.772727 0.0399568 0.0399568
BinVal : 7 16 0.697479 0.0421085 0.0421085
BinVal : 7 17 0.795181 0.0442975 0.0442975
BinVal : 7 18 0.867647 0.0410945 0.0410945
BinVal : 7 19 0.853333 0.0408502 0.0408502
BinVal : 7 20 0.871429 0.0400073 0.0400073
BinVal : 7 21 0.952381 0.0268303 0.0268303
BinVal : 7 22 0.803279 0.0508972 0.0508972
BinVal : 7 23 0 0 0
BinVal : 7 24 0 0 0
BinVal : 7 25 0 0 0
BinVal : 7 26 0 0 0
BinVal : 7 27 0 0 0
BinVal : 7 28 0 0 0
BinVal : 7 29 0 0 0
BinVal : 8 0 0 0 0
BinVal : 8 1 0 0 0
BinVal : 8 2 0 0 0
BinVal : 8 3 0 0 0
BinVal : 8 4 0 0 0
BinVal : 8 5 0 0 0
BinVal : 8 6 0.0144928 0.0143874 0.0143874
BinVal : 8 7 0.741935 0.0453739 0.0453739
BinVal : 8 8 0.978723 0.0121527 0.0121527
BinVal : 8 9 0.824074 0.0366384 0.0366384
BinVal : 8 10 0.932584 0.0265785 0.0265785
BinVal : 8 11 0.942308 0.0228633 0.0228633
BinVal : 8 12 0.897196 0.02936 0.02936
BinVal : 8 13 0.835821 0.032001 0.032001
BinVal : 8 14 0.727891 0.0367067 0.0367067
BinVal : 8 15 0.887218 0.0274289 0.0274289
BinVal : 8 16 0.939394 0.020768 0.020768
BinVal : 8 17 0.858491 0.0338538 0.0338538
BinVal : 8 18 0.922222 0.0282309 0.0282309
BinVal : 8 19 0.882979 0.0331546 0.0331546
BinVal : 8 20 0.822034 0.0352105 0.0352105
BinVal : 8 21 0.96 0.0226274 0.0226274
BinVal : 8 22 0.681818 0.0496513 0.0496513
BinVal : 8 23 0 0 0
BinVal : 8 24 0 0 0
BinVal : 8 25 0 0 0
BinVal : 8 26 0 0 0
BinVal : 8 27 0 0 0
BinVal : 8 28 0 0 0
BinVal : 8 29 0 0 0
BinVal : 9 0 0 0 0
BinVal : 9 1 0 0 0
BinVal : 9 2 0 0 0
BinVal : 9 3 0 0 0
BinVal : 9 4 0 0 0
BinVal : 9 5 0 0 0
BinVal : 9 6 0 0 0
BinVal : 9 7 0.771186 0.0386705 0.0386705
BinVal : 9 8 0.955752 0.0193455 0.0193455
BinVal : 9 9 0.91195 0.0224725 0.0224725
BinVal : 9 10 0.875 0.0337539 0.0337539
BinVal : 9 11 0.902913 0.0291733 0.0291733
BinVal : 9 12 0.844595 0.0297801 0.0297801
BinVal : 9 13 0.727273 0.0424636 0.0424636
BinVal : 9 14 0.789062 0.0360602 0.0360602
BinVal : 9 15 0.855072 0.0299666 0.0299666
BinVal : 9 16 0.808696 0.036678 0.036678
BinVal : 9 17 0.777778 0.037037 0.037037
BinVal : 9 18 0.817391 0.0360269 0.0360269
BinVal : 9 19 0.8125 0.0398361 0.0398361
BinVal : 9 20 0.975806 0.0137981 0.0137981
BinVal : 9 21 0.782178 0.0410717 0.0410717
BinVal : 9 22 0.77 0.0420833 0.0420833
BinVal : 9 23 0 0 0
BinVal : 9 24 0 0 0
BinVal : 9 25 0 0 0
BinVal : 9 26 0 0 0
BinVal : 9 27 0 0 0
BinVal : 9 28 0 0 0
BinVal : 9 29 0 0 0
BinVal : 10 0 0 0 0
BinVal : 10 1 0 0 0
BinVal : 10 2 0 0 0
BinVal : 10 3 0 0 0
BinVal : 10 4 0 0 0
BinVal : 10 5 0 0 0
BinVal : 10 6 0 0 0
BinVal : 10 7 0.792793 0.0384699 0.0384699
BinVal : 10 8 0.990909 0.00904949 0.00904949
BinVal : 10 9 0.97619 0.0235244 0.0235244
BinVal : 10 10 0.835821 0.0452562 0.0452562
BinVal : 10 11 0.647059 0.115904 0.115904
BinVal : 10 12 0.78 0.0414246 0.0414246
BinVal : 10 13 0.834862 0.0355645 0.0355645
BinVal : 10 14 0.813084 0.0376876 0.0376876
BinVal : 10 15 0.823529 0.0377464 0.0377464
BinVal : 10 16 0.83871 0.0381389 0.0381389
BinVal : 10 17 0.776596 0.0429615 0.0429615
BinVal : 10 18 0.857143 0.0763604 0.0763604
BinVal : 10 19 0.830189 0.0515744 0.0515744
BinVal : 10 20 0.918919 0.0448743 0.0448743
BinVal : 10 21 0.97619 0.0135818 0.0135818
BinVal : 10 22 0.732558 0.0477295 0.0477295
BinVal : 10 23 0 0 0
BinVal : 10 24 0 0 0
BinVal : 10 25 0 0 0
BinVal : 10 26 0 0 0
BinVal : 10 27 0 0 0
BinVal : 10 28 0 0 0
BinVal : 10 29 0 0 0
BinVal : 11 0 0 0 0
BinVal : 11 1 0 0 0
BinVal : 11 2 0 0 0
BinVal : 11 3 0 0 0
BinVal : 11 4 0 0 0
BinVal : 11 5 0 0 0
BinVal : 11 6 0.0327869 0.0228006 0.0228006
BinVal : 11 7 0.853659 0.0390318 0.0390318
BinVal : 11 8 0.96875 0.017758 0.017758
BinVal : 11 9 0 0 0
BinVal : 11 10 0 0 0
BinVal : 11 11 0 0 0
BinVal : 11 12 0 0 0
BinVal : 11 13 0 0 0
BinVal : 11 14 0 0 0
BinVal : 11 15 0 0 0
BinVal : 11 16 0 0 0
BinVal : 11 17 0 0 0
BinVal : 11 18 0 0 0
BinVal : 11 19 0 0 0
BinVal : 11 20 0 0 0
BinVal : 11 21 0.954545 0.0256398 0.0256398
BinVal : 11 22 0.802632 0.0456552 0.0456552
BinVal : 11 23 0 0 0
BinVal : 11 24 0 0 0
BinVal : 11 25 0 0 0
BinVal : 11 26 0 0 0
BinVal : 11 27 0 0 0
BinVal : 11 28 0 0 0
BinVal : 11 29 0 0 0
BinVal : 12 0 0 0 0
BinVal : 12 1 0 0 0
BinVal : 12 2 0 0 0
BinVal : 12 3 0 0 0
BinVal : 12 4 0 0 0
BinVal : 12 5 0 0 0
BinVal : 12 6 0 0 0
BinVal : 12 7 0.744681 0.063603 0.063603
BinVal : 12 8 0.966102 0.02356 0.02356
BinVal : 12 9 0 0 0
BinVal : 12 10 0 0 0
BinVal : 12 11 0 0 0
BinVal : 12 12 0 0 0
BinVal : 12 13 0 0 0
BinVal : 12 14 0 0 0
BinVal : 12 15 0 0 0
BinVal : 12 16 0 0 0
BinVal : 12 17 0 0 0
BinVal : 12 18 0 0 0
BinVal : 12 19 0 0 0
BinVal : 12 20 0 0 0
BinVal : 12 21 0.942857 0.0392347 0.0392347
BinVal : 12 22 0.765957 0.0617591 0.0617591
BinVal : 12 23 0 0 0
BinVal : 12 24 0 0 0
BinVal : 12 25 0 0 0
BinVal : 12 26 0 0 0
BinVal : 12 27 0 0 0
BinVal : 12 28 0 0 0
BinVal : 12 29 0 0 0
BinVal : 13 0 0 0 0
BinVal : 13 1 0 0 0
BinVal : 13 2 0 0 0
BinVal : 13 3 0 0 0
BinVal : 13 4 0 0 0
BinVal : 13 5 0 0 0
BinVal : 13 6 0 0 0
BinVal : 13 7 0.648148 0.0649861 0.0649861
BinVal : 13 8 0.929825 0.0338342 0.0338342
BinVal : 13 9 0.92 0.0542586 0.0542586
BinVal : 13 10 0.948718 0.0353199 0.0353199
BinVal : 13 11 0.916667 0.0797856 0.0797856
BinVal : 13 12 0.890909 0.0420368 0.0420368
BinVal : 13 13 0.951613 0.027252 0.027252
BinVal : 13 14 0.931507 0.0295635 0.0295635
BinVal : 13 15 0.847059 0.03904 0.03904
BinVal : 13 16 0.928571 0.0307818 0.0307818
BinVal : 13 17 0.755102 0.0614324 0.0614324
BinVal : 13 18 0.75 0.153093 0.153093
BinVal : 13 19 0.851852 0.0683673 0.0683673
BinVal : 13 20 0.863636 0.073165 0.073165
BinVal : 13 21 0.972222 0.0193671 0.0193671
BinVal : 13 22 0.777778 0.056575 0.056575
BinVal : 13 23 0 0 0
BinVal : 13 24 0 0 0
BinVal : 13 25 0 0 0
BinVal : 13 26 0 0 0
BinVal : 13 27 0 0 0
BinVal : 13 28 0 0 0
BinVal : 13 29 0 0 0
BinVal : 14 0 0 0 0
BinVal : 14 1 0 0 0
BinVal : 14 2 0 0 0
BinVal : 14 3 0 0 0
BinVal : 14 4 0 0 0
BinVal : 14 5 0 0 0
BinVal : 14 6 0 0 0
BinVal : 14 7 0.787879 0.0503211 0.0503211
BinVal : 14 8 0.947368 0.0295764 0.0295764
BinVal : 14 9 0.964912 0.0243716 0.0243716
BinVal : 14 10 0.88 0.0459565 0.0459565
BinVal : 14 11 0.745098 0.0610251 0.0610251
BinVal : 14 12 0.71831 0.0533842 0.0533842
BinVal : 14 13 0.678571 0.0624088 0.0624088
BinVal : 14 14 0.740741 0.048692 0.048692
BinVal : 14 15 0.746479 0.0516282 0.0516282
BinVal : 14 16 0.814815 0.052861 0.052861
BinVal : 14 17 0.72549 0.0624899 0.0624899
BinVal : 14 18 0.866667 0.0506745 0.0506745
BinVal : 14 19 0.837209 0.0562986 0.0562986
BinVal : 14 20 0.936709 0.0273943 0.0273943
BinVal : 14 21 0.983333 0.0165272 0.0165272
BinVal : 14 22 0.85 0.0460977 0.0460977
BinVal : 14 23 0 0 0
BinVal : 14 24 0 0 0
BinVal : 14 25 0 0 0
BinVal : 14 26 0 0 0
BinVal : 14 27 0 0 0
BinVal : 14 28 0 0 0
BinVal : 14 29 0 0 0
BinVal : 15 0 0 0 0
BinVal : 15 1 0 0 0
BinVal : 15 2 0 0 0
BinVal : 15 3 0 0 0
BinVal : 15 4 0 0 0
BinVal : 15 5 0 0 0
BinVal : 15 6 0 0 0
BinVal : 15 7 0.76 0.0603987 0.0603987
BinVal : 15 8 0.9875 0.0124216 0.0124216
BinVal : 15 9 0.864865 0.0397413 0.0397413
BinVal : 15 10 0.871429 0.0400073 0.0400073
BinVal : 15 11 0.872093 0.0360147 0.0360147
BinVal : 15 12 0.858974 0.0394087 0.0394087
BinVal : 15 13 0.739583 0.0447912 0.0447912
BinVal : 15 14 0.759615 0.0419019 0.0419019
BinVal : 15 15 0.669643 0.0444431 0.0444431
BinVal : 15 16 0.67033 0.0492792 0.0492792
BinVal : 15 17 0.918605 0.0294859 0.0294859
BinVal : 15 18 0.915254 0.036258 0.036258
BinVal : 15 19 0.849057 0.0491742 0.0491742
BinVal : 15 20 0.721519 0.0504322 0.0504322
BinVal : 15 21 0.917647 0.0298173 0.0298173
BinVal : 15 22 0.793651 0.0509854 0.0509854
BinVal : 15 23 0 0 0
BinVal : 15 24 0 0 0
BinVal : 15 25 0 0 0
BinVal : 15 26 0 0 0
BinVal : 15 27 0 0 0
BinVal : 15 28 0 0 0
BinVal : 15 29 0 0 0


