Comments : cosmic veto applied 
EffMethod : TagAndProbe 
EffName : eff 
EffType : Binned 
EffVarNames : phi deteta 
EffVersion : 5 
ObjQuality : l1wtlx 
ObjRelativeTo : tight 
ObjType : Muon 
ObjVersion : 1 
RunRangeHigh : 216000 
RunRangeLow : 160000 
TriggerVersionHigh : 12.99 
TriggerVersionLow : 8 
BinEdgesX : 0 0.19635 0.3927 0.58905 0.7854 0.98175 1.1781 1.37445 1.5708 1.76715 1.9635 2.15985 2.3562 2.55255 2.7489 2.94525 3.1416 3.33795 3.5343 3.73065 3.927 4.12335 4.3197 4.51605 4.7124 4.90875 5.1051 5.30145 5.4978 5.69415 5.8905 6.08685 6.2832 
BinEdgesY : -4.2 -4.00909 -3.81818 -3.62727 -3.43636 -3.24545 -3.05455 -2.86364 -2.67273 -2.48182 -2.29091 -2.1 -1.90909 -1.71818 -1.52727 -1.33636 -1.14545 -0.954545 -0.763636 -0.572727 -0.381818 -0.190909 0 0.190909 0.381818 0.572727 0.763636 0.954545 1.14545 1.33636 1.52727 1.71818 1.90909 2.1 2.29091 2.48182 2.67273 2.86364 3.05455 3.24545 3.43636 3.62727 3.81818 4.00909 4.2 
BinVal : 0 0 0 0 0
BinVal : 0 1 0 0 0
BinVal : 0 2 0 0 0
BinVal : 0 3 0 0 0
BinVal : 0 4 0 0 0
BinVal : 0 5 0 0 0
BinVal : 0 6 0 0 0
BinVal : 0 7 0 0 0
BinVal : 0 8 0 0 0
BinVal : 0 9 0 0 0
BinVal : 0 10 0 0 0
BinVal : 0 11 0 0 0
BinVal : 0 12 0 0 0
BinVal : 0 13 0 0 0
BinVal : 0 14 0.625 0.0855817 0.0855817
BinVal : 0 15 1 0.0157046 0.0157046
BinVal : 0 16 1 0.0181909 0.0181909
BinVal : 0 17 0.981818 0.0180158 0.0180158
BinVal : 0 18 0.973684 0.0259672 0.0259672
BinVal : 0 19 0.769231 0.067466 0.067466
BinVal : 0 20 0.877551 0.0468291 0.0468291
BinVal : 0 21 0.96875 0.0217491 0.0217491
BinVal : 0 22 0.963636 0.0252411 0.0252411
BinVal : 0 23 0.962264 0.026175 0.026175
BinVal : 0 24 0.897436 0.0485811 0.0485811
BinVal : 0 25 1 0.0148902 0.0148902
BinVal : 0 26 1 0.0145144 0.0145144
BinVal : 0 27 0.897436 0.0485811 0.0485811
BinVal : 0 28 0.90625 0.051527 0.051527
BinVal : 0 29 0.703704 0.0878772 0.0878772
BinVal : 0 30 0 0 0
BinVal : 0 31 0 0 0
BinVal : 0 32 0 0 0
BinVal : 0 33 0 0 0
BinVal : 0 34 0 0 0
BinVal : 0 35 0 0 0
BinVal : 0 36 0 0 0
BinVal : 0 37 0 0 0
BinVal : 0 38 0 0 0
BinVal : 0 39 0 0 0
BinVal : 0 40 0 0 0
BinVal : 0 41 0 0 0
BinVal : 0 42 0 0 0
BinVal : 0 43 0 0 0
BinVal : 1 0 0 0 0
BinVal : 1 1 0 0 0
BinVal : 1 2 0 0 0
BinVal : 1 3 0 0 0
BinVal : 1 4 0 0 0
BinVal : 1 5 0 0 0
BinVal : 1 6 0 0 0
BinVal : 1 7 0 0 0
BinVal : 1 8 0 0 0
BinVal : 1 9 0 0 0
BinVal : 1 10 0 0 0
BinVal : 1 11 0 0 0
BinVal : 1 12 0 0 0
BinVal : 1 13 0 0 0
BinVal : 1 14 0.542857 0.0842044 0.0842044
BinVal : 1 15 0.954545 0.0314022 0.0314022
BinVal : 1 16 0.954545 0.0314022 0.0314022
BinVal : 1 17 1 0.0128865 0.0128865
BinVal : 1 18 0.981132 0.0186891 0.0186891
BinVal : 1 19 0.913043 0.0415449 0.0415449
BinVal : 1 20 0.83871 0.0467105 0.0467105
BinVal : 1 21 1 0.0103354 0.0103354
BinVal : 1 22 0.973684 0.0183616 0.0183616
BinVal : 1 23 0.948052 0.0252904 0.0252904
BinVal : 1 24 0.9375 0.0349386 0.0349386
BinVal : 1 25 0.970588 0.028976 0.028976
BinVal : 1 26 1 0.0107217 0.0107217
BinVal : 1 27 0.882353 0.0451156 0.0451156
BinVal : 1 28 0.9375 0.0349386 0.0349386
BinVal : 1 29 0.5 0.0883883 0.0883883
BinVal : 1 30 0 0 0
BinVal : 1 31 0 0 0
BinVal : 1 32 0 0 0
BinVal : 1 33 0 0 0
BinVal : 1 34 0 0 0
BinVal : 1 35 0 0 0
BinVal : 1 36 0 0 0
BinVal : 1 37 0 0 0
BinVal : 1 38 0 0 0
BinVal : 1 39 0 0 0
BinVal : 1 40 0 0 0
BinVal : 1 41 0 0 0
BinVal : 1 42 0 0 0
BinVal : 1 43 0 0 0
BinVal : 2 0 0 0 0
BinVal : 2 1 0 0 0
BinVal : 2 2 0 0 0
BinVal : 2 3 0 0 0
BinVal : 2 4 0 0 0
BinVal : 2 5 0 0 0
BinVal : 2 6 0 0 0
BinVal : 2 7 0 0 0
BinVal : 2 8 0 0 0
BinVal : 2 9 0 0 0
BinVal : 2 10 0 0 0
BinVal : 2 11 0 0 0
BinVal : 2 12 0 0 0
BinVal : 2 13 0 0 0
BinVal : 2 14 0.530612 0.0712946 0.0712946
BinVal : 2 15 0.978261 0.0215015 0.0215015
BinVal : 2 16 0.978723 0.021049 0.021049
BinVal : 2 17 0.975 0.0246855 0.0246855
BinVal : 2 18 1 0.0128865 0.0128865
BinVal : 2 19 0.951219 0.0336412 0.0336412
BinVal : 2 20 0.913793 0.0368537 0.0368537
BinVal : 2 21 0.983333 0.0165272 0.0165272
BinVal : 2 22 0.983051 0.0168049 0.0168049
BinVal : 2 23 0.837209 0.0562986 0.0562986
BinVal : 2 24 0.928571 0.0397392 0.0397392
BinVal : 2 25 1 0.0123324 0.0123324
BinVal : 2 26 1 0.017632 0.017632
BinVal : 2 27 1 0.0141568 0.0141568
BinVal : 2 28 0.982143 0.017697 0.017697
BinVal : 2 29 0.673913 0.0691178 0.0691178
BinVal : 2 30 0 0 0
BinVal : 2 31 0 0 0
BinVal : 2 32 0 0 0
BinVal : 2 33 0 0 0
BinVal : 2 34 0 0 0
BinVal : 2 35 0 0 0
BinVal : 2 36 0 0 0
BinVal : 2 37 0 0 0
BinVal : 2 38 0 0 0
BinVal : 2 39 0 0 0
BinVal : 2 40 0 0 0
BinVal : 2 41 0 0 0
BinVal : 2 42 0 0 0
BinVal : 2 43 0 0 0
BinVal : 3 0 0 0 0
BinVal : 3 1 0 0 0
BinVal : 3 2 0 0 0
BinVal : 3 3 0 0 0
BinVal : 3 4 0 0 0
BinVal : 3 5 0 0 0
BinVal : 3 6 0 0 0
BinVal : 3 7 0 0 0
BinVal : 3 8 0 0 0
BinVal : 3 9 0 0 0
BinVal : 3 10 0 0 0
BinVal : 3 11 0 0 0
BinVal : 3 12 0 0 0
BinVal : 3 13 0 0 0
BinVal : 3 14 0.586207 0.0914572 0.0914572
BinVal : 3 15 0.972973 0.0266593 0.0266593
BinVal : 3 16 0.964286 0.0247988 0.0247988
BinVal : 3 17 0.923077 0.0522589 0.0522589
BinVal : 3 18 1 0.0171075 0.0171075
BinVal : 3 19 0.958333 0.0288424 0.0288424
BinVal : 3 20 0.894737 0.0497845 0.0497845
BinVal : 3 21 0.913043 0.0415449 0.0415449
BinVal : 3 22 0.979167 0.0206152 0.0206152
BinVal : 3 23 0.916667 0.0398928 0.0398928
BinVal : 3 24 0.969697 0.0298404 0.0298404
BinVal : 3 25 1 0.0166125 0.0166125
BinVal : 3 26 0.964286 0.0350707 0.0350707
BinVal : 3 27 0.964286 0.0350707 0.0350707
BinVal : 3 28 0.948718 0.0353199 0.0353199
BinVal : 3 29 0.52 0.09992 0.09992
BinVal : 3 30 0 0 0
BinVal : 3 31 0 0 0
BinVal : 3 32 0 0 0
BinVal : 3 33 0 0 0
BinVal : 3 34 0 0 0
BinVal : 3 35 0 0 0
BinVal : 3 36 0 0 0
BinVal : 3 37 0 0 0
BinVal : 3 38 0 0 0
BinVal : 3 39 0 0 0
BinVal : 3 40 0 0 0
BinVal : 3 41 0 0 0
BinVal : 3 42 0 0 0
BinVal : 3 43 0 0 0
BinVal : 4 0 0 0 0
BinVal : 4 1 0 0 0
BinVal : 4 2 0 0 0
BinVal : 4 3 0 0 0
BinVal : 4 4 0 0 0
BinVal : 4 5 0 0 0
BinVal : 4 6 0 0 0
BinVal : 4 7 0 0 0
BinVal : 4 8 0 0 0
BinVal : 4 9 0 0 0
BinVal : 4 10 0 0 0
BinVal : 4 11 0 0 0
BinVal : 4 12 0 0 0
BinVal : 4 13 0 0 0
BinVal : 4 14 0.928571 0.0688303 0.0688303
BinVal : 4 15 0.904762 0.0640564 0.0640564
BinVal : 4 16 0.942857 0.0392347 0.0392347
BinVal : 4 17 0.857143 0.0763604 0.0763604
BinVal : 4 18 1 0.017632 0.017632
BinVal : 4 19 1 0.0201001 0.0201001
BinVal : 4 20 1 0.0148902 0.0148902
BinVal : 4 21 1 0.0157046 0.0157046
BinVal : 4 22 1 0.0138164 0.0138164
BinVal : 4 23 0.961538 0.0377146 0.0377146
BinVal : 4 24 0.96875 0.0307578 0.0307578
BinVal : 4 25 1 0.017632 0.017632
BinVal : 4 26 0.818182 0.0822304 0.0822304
BinVal : 4 27 0.92 0.0542586 0.0542586
BinVal : 4 28 0.96875 0.0307578 0.0307578
BinVal : 4 29 0.647059 0.115904 0.115904
BinVal : 4 30 0 0 0
BinVal : 4 31 0 0 0
BinVal : 4 32 0 0 0
BinVal : 4 33 0 0 0
BinVal : 4 34 0 0 0
BinVal : 4 35 0 0 0
BinVal : 4 36 0 0 0
BinVal : 4 37 0 0 0
BinVal : 4 38 0 0 0
BinVal : 4 39 0 0 0
BinVal : 4 40 0 0 0
BinVal : 4 41 0 0 0
BinVal : 4 42 0 0 0
BinVal : 4 43 0 0 0
BinVal : 5 0 0 0 0
BinVal : 5 1 0 0 0
BinVal : 5 2 0 0 0
BinVal : 5 3 0 0 0
BinVal : 5 4 0 0 0
BinVal : 5 5 0 0 0
BinVal : 5 6 0 0 0
BinVal : 5 7 0 0 0
BinVal : 5 8 0 0 0
BinVal : 5 9 0 0 0
BinVal : 5 10 0 0 0
BinVal : 5 11 0 0 0
BinVal : 5 12 0 0 0
BinVal : 5 13 0 0 0
BinVal : 5 14 0.5 0.0944911 0.0944911
BinVal : 5 15 0.8 0.08 0.08
BinVal : 5 16 0.973684 0.0259672 0.0259672
BinVal : 5 17 1 0.0266185 0.0266185
BinVal : 5 18 1 0.0134912 0.0134912
BinVal : 5 19 0.974359 0.0253102 0.0253102
BinVal : 5 20 0.969697 0.0298404 0.0298404
BinVal : 5 21 1 0.0152869 0.0152869
BinVal : 5 22 1 0.0141568 0.0141568
BinVal : 5 23 0.866667 0.0620633 0.0620633
BinVal : 5 24 1 0.0157046 0.0157046
BinVal : 5 25 1 0.018786 0.018786
BinVal : 5 26 0.935484 0.0441237 0.0441237
BinVal : 5 27 0.933333 0.045542 0.045542
BinVal : 5 28 0.947368 0.0362235 0.0362235
BinVal : 5 29 0.576923 0.0968907 0.0968907
BinVal : 5 30 0 0 0
BinVal : 5 31 0 0 0
BinVal : 5 32 0 0 0
BinVal : 5 33 0 0 0
BinVal : 5 34 0 0 0
BinVal : 5 35 0 0 0
BinVal : 5 36 0 0 0
BinVal : 5 37 0 0 0
BinVal : 5 38 0 0 0
BinVal : 5 39 0 0 0
BinVal : 5 40 0 0 0
BinVal : 5 41 0 0 0
BinVal : 5 42 0 0 0
BinVal : 5 43 0 0 0
BinVal : 6 0 0 0 0
BinVal : 6 1 0 0 0
BinVal : 6 2 0 0 0
BinVal : 6 3 0 0 0
BinVal : 6 4 0 0 0
BinVal : 6 5 0 0 0
BinVal : 6 6 0 0 0
BinVal : 6 7 0 0 0
BinVal : 6 8 0 0 0
BinVal : 6 9 0 0 0
BinVal : 6 10 0 0 0
BinVal : 6 11 0 0 0
BinVal : 6 12 0 0 0
BinVal : 6 13 0 0 0
BinVal : 6 14 0.647059 0.115904 0.115904
BinVal : 6 15 1 0.0293374 0.0293374
BinVal : 6 16 0.944444 0.0539903 0.0539903
BinVal : 6 17 1 0.0456491 0.0456491
BinVal : 6 18 1 0.0326734 0.0326734
BinVal : 6 19 1 0.0279117 0.0279117
BinVal : 6 20 0.933333 0.0644061 0.0644061
BinVal : 6 21 1 0.0293374 0.0293374
BinVal : 6 22 1 0.0326734 0.0326734
BinVal : 6 23 0.954545 0.0444095 0.0444095
BinVal : 6 24 0.933333 0.0644061 0.0644061
BinVal : 6 25 1 0.0346427 0.0346427
BinVal : 6 26 1 0.0326734 0.0326734
BinVal : 6 27 0.75 0.125 0.125
BinVal : 6 28 0.846154 0.100068 0.100068
BinVal : 6 29 0.307692 0.128008 0.128008
BinVal : 6 30 0 0 0
BinVal : 6 31 0 0 0
BinVal : 6 32 0 0 0
BinVal : 6 33 0 0 0
BinVal : 6 34 0 0 0
BinVal : 6 35 0 0 0
BinVal : 6 36 0 0 0
BinVal : 6 37 0 0 0
BinVal : 6 38 0 0 0
BinVal : 6 39 0 0 0
BinVal : 6 40 0 0 0
BinVal : 6 41 0 0 0
BinVal : 6 42 0 0 0
BinVal : 6 43 0 0 0
BinVal : 7 0 0 0 0
BinVal : 7 1 0 0 0
BinVal : 7 2 0 0 0
BinVal : 7 3 0 0 0
BinVal : 7 4 0 0 0
BinVal : 7 5 0 0 0
BinVal : 7 6 0 0 0
BinVal : 7 7 0 0 0
BinVal : 7 8 0 0 0
BinVal : 7 9 0 0 0
BinVal : 7 10 0 0 0
BinVal : 7 11 0 0 0
BinVal : 7 12 0 0 0
BinVal : 7 13 0 0 0
BinVal : 7 14 0.5 0.176777 0.176777
BinVal : 7 15 1 0.0422902 0.0422902
BinVal : 7 16 0.833333 0.152145 0.152145
BinVal : 7 17 1 0.0495858 0.0495858
BinVal : 7 18 1 0.0495858 0.0495858
BinVal : 7 19 1 0.0456491 0.0456491
BinVal : 7 20 1 0.0495858 0.0495858
BinVal : 7 21 1 0.0309157 0.0309157
BinVal : 7 22 1 0.0326734 0.0326734
BinVal : 7 23 1 0.0668855 0.0668855
BinVal : 7 24 1 0.102643 0.102643
BinVal : 7 25 1 0.0456491 0.0456491
BinVal : 7 26 1 0.0599198 0.0599198
BinVal : 7 27 0.714286 0.170747 0.170747
BinVal : 7 28 1 0.0756803 0.0756803
BinVal : 7 29 0.285714 0.170747 0.170747
BinVal : 7 30 0 0 0
BinVal : 7 31 0 0 0
BinVal : 7 32 0 0 0
BinVal : 7 33 0 0 0
BinVal : 7 34 0 0 0
BinVal : 7 35 0 0 0
BinVal : 7 36 0 0 0
BinVal : 7 37 0 0 0
BinVal : 7 38 0 0 0
BinVal : 7 39 0 0 0
BinVal : 7 40 0 0 0
BinVal : 7 41 0 0 0
BinVal : 7 42 0 0 0
BinVal : 7 43 0 0 0
BinVal : 8 0 0 0 0
BinVal : 8 1 0 0 0
BinVal : 8 2 0 0 0
BinVal : 8 3 0 0 0
BinVal : 8 4 0 0 0
BinVal : 8 5 0 0 0
BinVal : 8 6 0 0 0
BinVal : 8 7 0 0 0
BinVal : 8 8 0 0 0
BinVal : 8 9 0 0 0
BinVal : 8 10 0 0 0
BinVal : 8 11 0 0 0
BinVal : 8 12 0 0 0
BinVal : 8 13 0 0 0
BinVal : 8 14 0.833333 0.107583 0.107583
BinVal : 8 15 1 0.0422902 0.0422902
BinVal : 8 16 1 0.0542655 0.0542655
BinVal : 8 17 1 0.0668855 0.0668855
BinVal : 8 18 1 0.0599198 0.0599198
BinVal : 8 19 1 0.039392 0.039392
BinVal : 8 20 1 0.0542655 0.0542655
BinVal : 8 21 1 0.0346427 0.0346427
BinVal : 8 22 1 0.0456491 0.0456491
BinVal : 8 23 1 0.0495858 0.0495858
BinVal : 8 24 1 0.0368657 0.0368657
BinVal : 8 25 1 0.0871301 0.0871301
BinVal : 8 26 1 0.0871301 0.0871301
BinVal : 8 27 0.5 0.176777 0.176777
BinVal : 8 28 0.857143 0.093522 0.093522
BinVal : 8 29 0.714286 0.170747 0.170747
BinVal : 8 30 0 0 0
BinVal : 8 31 0 0 0
BinVal : 8 32 0 0 0
BinVal : 8 33 0 0 0
BinVal : 8 34 0 0 0
BinVal : 8 35 0 0 0
BinVal : 8 36 0 0 0
BinVal : 8 37 0 0 0
BinVal : 8 38 0 0 0
BinVal : 8 39 0 0 0
BinVal : 8 40 0 0 0
BinVal : 8 41 0 0 0
BinVal : 8 42 0 0 0
BinVal : 8 43 0 0 0
BinVal : 9 0 0 0 0
BinVal : 9 1 0 0 0
BinVal : 9 2 0 0 0
BinVal : 9 3 0 0 0
BinVal : 9 4 0 0 0
BinVal : 9 5 0 0 0
BinVal : 9 6 0 0 0
BinVal : 9 7 0 0 0
BinVal : 9 8 0 0 0
BinVal : 9 9 0 0 0
BinVal : 9 10 0 0 0
BinVal : 9 11 0 0 0
BinVal : 9 12 0 0 0
BinVal : 9 13 0 0 0
BinVal : 9 14 0.5 0.125 0.125
BinVal : 9 15 1 0.0368657 0.0368657
BinVal : 9 16 1 0.0495858 0.0495858
BinVal : 9 17 1 0.0233703 0.0233703
BinVal : 9 18 1 0.0599198 0.0599198
BinVal : 9 19 1 0.0422902 0.0422902
BinVal : 9 20 1 0.0233703 0.0233703
BinVal : 9 21 1 0.0216126 0.0216126
BinVal : 9 22 1 0.0279117 0.0279117
BinVal : 9 23 0.933333 0.0644061 0.0644061
BinVal : 9 24 0.958333 0.0407894 0.0407894
BinVal : 9 25 1 0.0456491 0.0456491
BinVal : 9 26 1 0.0326734 0.0326734
BinVal : 9 27 0.9375 0.0605154 0.0605154
BinVal : 9 28 1 0.0422902 0.0422902
BinVal : 9 29 0.777778 0.13858 0.13858
BinVal : 9 30 0 0 0
BinVal : 9 31 0 0 0
BinVal : 9 32 0 0 0
BinVal : 9 33 0 0 0
BinVal : 9 34 0 0 0
BinVal : 9 35 0 0 0
BinVal : 9 36 0 0 0
BinVal : 9 37 0 0 0
BinVal : 9 38 0 0 0
BinVal : 9 39 0 0 0
BinVal : 9 40 0 0 0
BinVal : 9 41 0 0 0
BinVal : 9 42 0 0 0
BinVal : 9 43 0 0 0
BinVal : 10 0 0 0 0
BinVal : 10 1 0 0 0
BinVal : 10 2 0 0 0
BinVal : 10 3 0 0 0
BinVal : 10 4 0 0 0
BinVal : 10 5 0 0 0
BinVal : 10 6 0 0 0
BinVal : 10 7 0 0 0
BinVal : 10 8 0 0 0
BinVal : 10 9 0 0 0
BinVal : 10 10 0 0 0
BinVal : 10 11 0 0 0
BinVal : 10 12 0 0 0
BinVal : 10 13 0 0 0
BinVal : 10 14 0.695652 0.0959439 0.0959439
BinVal : 10 15 0.95 0.048734 0.048734
BinVal : 10 16 0.969697 0.0298404 0.0298404
BinVal : 10 17 0.933333 0.0644061 0.0644061
BinVal : 10 18 1 0.0293374 0.0293374
BinVal : 10 19 1 0.017632 0.017632
BinVal : 10 20 0.96875 0.0307578 0.0307578
BinVal : 10 21 1 0.0166125 0.0166125
BinVal : 10 22 1 0.0131822 0.0131822
BinVal : 10 23 1 0.0346427 0.0346427
BinVal : 10 24 0.972973 0.0266593 0.0266593
BinVal : 10 25 1 0.0233703 0.0233703
BinVal : 10 26 0.952381 0.0464714 0.0464714
BinVal : 10 27 0.961538 0.0377146 0.0377146
BinVal : 10 28 0.964286 0.0350707 0.0350707
BinVal : 10 29 0.516129 0.0897559 0.0897559
BinVal : 10 30 0 0 0
BinVal : 10 31 0 0 0
BinVal : 10 32 0 0 0
BinVal : 10 33 0 0 0
BinVal : 10 34 0 0 0
BinVal : 10 35 0 0 0
BinVal : 10 36 0 0 0
BinVal : 10 37 0 0 0
BinVal : 10 38 0 0 0
BinVal : 10 39 0 0 0
BinVal : 10 40 0 0 0
BinVal : 10 41 0 0 0
BinVal : 10 42 0 0 0
BinVal : 10 43 0 0 0
BinVal : 11 0 0 0 0
BinVal : 11 1 0 0 0
BinVal : 11 2 0 0 0
BinVal : 11 3 0 0 0
BinVal : 11 4 0 0 0
BinVal : 11 5 0 0 0
BinVal : 11 6 0 0 0
BinVal : 11 7 0 0 0
BinVal : 11 8 0 0 0
BinVal : 11 9 0 0 0
BinVal : 11 10 0 0 0
BinVal : 11 11 0 0 0
BinVal : 11 12 0 0 0
BinVal : 11 13 0 0 0
BinVal : 11 14 0.75 0.0968246 0.0968246
BinVal : 11 15 1 0.0166125 0.0166125
BinVal : 11 16 1 0.0141568 0.0141568
BinVal : 11 17 0.909091 0.0612909 0.0612909
BinVal : 11 18 1 0.018786 0.018786
BinVal : 11 19 1 0.0208287 0.0208287
BinVal : 11 20 0.88 0.0649923 0.0649923
BinVal : 11 21 1 0.0131822 0.0131822
BinVal : 11 22 1 0.0208287 0.0208287
BinVal : 11 23 0.956522 0.0425226 0.0425226
BinVal : 11 24 1 0.017632 0.017632
BinVal : 11 25 1 0.0208287 0.0208287
BinVal : 11 26 0.888889 0.0604812 0.0604812
BinVal : 11 27 0.969697 0.0298404 0.0298404
BinVal : 11 28 0.925926 0.050401 0.050401
BinVal : 11 29 0.722222 0.105572 0.105572
BinVal : 11 30 0 0 0
BinVal : 11 31 0 0 0
BinVal : 11 32 0 0 0
BinVal : 11 33 0 0 0
BinVal : 11 34 0 0 0
BinVal : 11 35 0 0 0
BinVal : 11 36 0 0 0
BinVal : 11 37 0 0 0
BinVal : 11 38 0 0 0
BinVal : 11 39 0 0 0
BinVal : 11 40 0 0 0
BinVal : 11 41 0 0 0
BinVal : 11 42 0 0 0
BinVal : 11 43 0 0 0
BinVal : 12 0 0 0 0
BinVal : 12 1 0 0 0
BinVal : 12 2 0 0 0
BinVal : 12 3 0 0 0
BinVal : 12 4 0 0 0
BinVal : 12 5 0 0 0
BinVal : 12 6 0 0 0
BinVal : 12 7 0 0 0
BinVal : 12 8 0 0 0
BinVal : 12 9 0 0 0
BinVal : 12 10 0 0 0
BinVal : 12 11 0 0 0
BinVal : 12 12 0 0 0
BinVal : 12 13 0 0 0
BinVal : 12 14 0.631579 0.110665 0.110665
BinVal : 12 15 0.933333 0.045542 0.045542
BinVal : 12 16 0.954545 0.0314022 0.0314022
BinVal : 12 17 0.933333 0.0644061 0.0644061
BinVal : 12 18 0.866667 0.0877707 0.0877707
BinVal : 12 19 0.758621 0.0794627 0.0794627
BinVal : 12 20 0.857143 0.0591485 0.0591485
BinVal : 12 21 1 0.0109258 0.0109258
BinVal : 12 22 1 0.0148902 0.0148902
BinVal : 12 23 0.888889 0.0523783 0.0523783
BinVal : 12 24 0.96875 0.0307578 0.0307578
BinVal : 12 25 0.972973 0.0266593 0.0266593
BinVal : 12 26 0.882353 0.0781425 0.0781425
BinVal : 12 27 0.970588 0.028976 0.028976
BinVal : 12 28 0.964286 0.0350707 0.0350707
BinVal : 12 29 0.590909 0.104824 0.104824
BinVal : 12 30 0 0 0
BinVal : 12 31 0 0 0
BinVal : 12 32 0 0 0
BinVal : 12 33 0 0 0
BinVal : 12 34 0 0 0
BinVal : 12 35 0 0 0
BinVal : 12 36 0 0 0
BinVal : 12 37 0 0 0
BinVal : 12 38 0 0 0
BinVal : 12 39 0 0 0
BinVal : 12 40 0 0 0
BinVal : 12 41 0 0 0
BinVal : 12 42 0 0 0
BinVal : 12 43 0 0 0
BinVal : 13 0 0 0 0
BinVal : 13 1 0 0 0
BinVal : 13 2 0 0 0
BinVal : 13 3 0 0 0
BinVal : 13 4 0 0 0
BinVal : 13 5 0 0 0
BinVal : 13 6 0 0 0
BinVal : 13 7 0 0 0
BinVal : 13 8 0 0 0
BinVal : 13 9 0 0 0
BinVal : 13 10 0 0 0
BinVal : 13 11 0 0 0
BinVal : 13 12 0 0 0
BinVal : 13 13 0 0 0
BinVal : 13 14 0.548387 0.0893812 0.0893812
BinVal : 13 15 0.976744 0.0229838 0.0229838
BinVal : 13 16 0.981818 0.0180158 0.0180158
BinVal : 13 17 1 0.0181909 0.0181909
BinVal : 13 18 1 0.0171075 0.0171075
BinVal : 13 19 0.977273 0.0224675 0.0224675
BinVal : 13 20 0.910714 0.0381055 0.0381055
BinVal : 13 21 1 0.0118251 0.0118251
BinVal : 13 22 1 0.00903559 0.00903559
BinVal : 13 23 0.980769 0.019045 0.019045
BinVal : 13 24 1 0.0118251 0.0118251
BinVal : 13 25 1 0.0115867 0.0115867
BinVal : 13 26 0.97619 0.0235244 0.0235244
BinVal : 13 27 0.965517 0.0239589 0.0239589
BinVal : 13 28 0.956522 0.030068 0.030068
BinVal : 13 29 0.547619 0.076801 0.076801
BinVal : 13 30 0 0 0
BinVal : 13 31 0 0 0
BinVal : 13 32 0 0 0
BinVal : 13 33 0 0 0
BinVal : 13 34 0 0 0
BinVal : 13 35 0 0 0
BinVal : 13 36 0 0 0
BinVal : 13 37 0 0 0
BinVal : 13 38 0 0 0
BinVal : 13 39 0 0 0
BinVal : 13 40 0 0 0
BinVal : 13 41 0 0 0
BinVal : 13 42 0 0 0
BinVal : 13 43 0 0 0
BinVal : 14 0 0 0 0
BinVal : 14 1 0 0 0
BinVal : 14 2 0 0 0
BinVal : 14 3 0 0 0
BinVal : 14 4 0 0 0
BinVal : 14 5 0 0 0
BinVal : 14 6 0 0 0
BinVal : 14 7 0 0 0
BinVal : 14 8 0 0 0
BinVal : 14 9 0 0 0
BinVal : 14 10 0 0 0
BinVal : 14 11 0 0 0
BinVal : 14 12 0 0 0
BinVal : 14 13 0 0 0
BinVal : 14 14 0.724138 0.0829961 0.0829961
BinVal : 14 15 0.977778 0.0219739 0.0219739
BinVal : 14 16 0.866667 0.0620633 0.0620633
BinVal : 14 17 0.958333 0.0407894 0.0407894
BinVal : 14 18 1 0.0171075 0.0171075
BinVal : 14 19 0.93617 0.0356566 0.0356566
BinVal : 14 20 1 0.012074 0.012074
BinVal : 14 21 0.984615 0.0152658 0.0152658
BinVal : 14 22 1 0.00712919 0.00712919
BinVal : 14 23 0.983051 0.0168049 0.0168049
BinVal : 14 24 1 0.012074 0.012074
BinVal : 14 25 0.962264 0.026175 0.026175
BinVal : 14 26 1 0.0118251 0.0118251
BinVal : 14 27 0.939394 0.041536 0.041536
BinVal : 14 28 0.957447 0.0294425 0.0294425
BinVal : 14 29 0.380952 0.0749329 0.0749329
BinVal : 14 30 0 0 0
BinVal : 14 31 0 0 0
BinVal : 14 32 0 0 0
BinVal : 14 33 0 0 0
BinVal : 14 34 0 0 0
BinVal : 14 35 0 0 0
BinVal : 14 36 0 0 0
BinVal : 14 37 0 0 0
BinVal : 14 38 0 0 0
BinVal : 14 39 0 0 0
BinVal : 14 40 0 0 0
BinVal : 14 41 0 0 0
BinVal : 14 42 0 0 0
BinVal : 14 43 0 0 0
BinVal : 15 0 0 0 0
BinVal : 15 1 0 0 0
BinVal : 15 2 0 0 0
BinVal : 15 3 0 0 0
BinVal : 15 4 0 0 0
BinVal : 15 5 0 0 0
BinVal : 15 6 0 0 0
BinVal : 15 7 0 0 0
BinVal : 15 8 0 0 0
BinVal : 15 9 0 0 0
BinVal : 15 10 0 0 0
BinVal : 15 11 0 0 0
BinVal : 15 12 0 0 0
BinVal : 15 13 0 0 0
BinVal : 15 14 0.457143 0.0842044 0.0842044
BinVal : 15 15 1 0.0152869 0.0152869
BinVal : 15 16 0.8 0.08 0.08
BinVal : 15 17 0.975 0.0246855 0.0246855
BinVal : 15 18 0.710526 0.0735703 0.0735703
BinVal : 15 19 0.888889 0.0468486 0.0468486
BinVal : 15 20 0.980769 0.019045 0.019045
BinVal : 15 21 1 0.0103354 0.0103354
BinVal : 15 22 1 0.00712919 0.00712919
BinVal : 15 23 1 0.0134912 0.0134912
BinVal : 15 24 0.942308 0.0323336 0.0323336
BinVal : 15 25 1 0.0201001 0.0201001
BinVal : 15 26 1 0.0128865 0.0128865
BinVal : 15 27 0.771429 0.0709782 0.0709782
BinVal : 15 28 0.972973 0.0266593 0.0266593
BinVal : 15 29 0.393939 0.0850581 0.0850581
BinVal : 15 30 0 0 0
BinVal : 15 31 0 0 0
BinVal : 15 32 0 0 0
BinVal : 15 33 0 0 0
BinVal : 15 34 0 0 0
BinVal : 15 35 0 0 0
BinVal : 15 36 0 0 0
BinVal : 15 37 0 0 0
BinVal : 15 38 0 0 0
BinVal : 15 39 0 0 0
BinVal : 15 40 0 0 0
BinVal : 15 41 0 0 0
BinVal : 15 42 0 0 0
BinVal : 15 43 0 0 0
BinVal : 16 0 0 0 0
BinVal : 16 1 0 0 0
BinVal : 16 2 0 0 0
BinVal : 16 3 0 0 0
BinVal : 16 4 0 0 0
BinVal : 16 5 0 0 0
BinVal : 16 6 0 0 0
BinVal : 16 7 0 0 0
BinVal : 16 8 0 0 0
BinVal : 16 9 0 0 0
BinVal : 16 10 0 0 0
BinVal : 16 11 0 0 0
BinVal : 16 12 0 0 0
BinVal : 16 13 0 0 0
BinVal : 16 14 0.742857 0.0738764 0.0738764
BinVal : 16 15 0.977778 0.0219739 0.0219739
BinVal : 16 16 0.818182 0.0822304 0.0822304
BinVal : 16 17 0.974359 0.0253102 0.0253102
BinVal : 16 18 0.939394 0.041536 0.041536
BinVal : 16 19 0.907407 0.039445 0.039445
BinVal : 16 20 1 0.0107217 0.0107217
BinVal : 16 21 0.983607 0.0162585 0.0162585
BinVal : 16 22 1 0.0083766 0.0083766
BinVal : 16 23 1 0.0101533 0.0101533
BinVal : 16 24 1 0.0128865 0.0128865
BinVal : 16 25 1 0.0141568 0.0141568
BinVal : 16 26 0.979592 0.0201988 0.0201988
BinVal : 16 27 0.8 0.0676123 0.0676123
BinVal : 16 28 0.925 0.0416458 0.0416458
BinVal : 16 29 0.527778 0.0832046 0.0832046
BinVal : 16 30 0 0 0
BinVal : 16 31 0 0 0
BinVal : 16 32 0 0 0
BinVal : 16 33 0 0 0
BinVal : 16 34 0 0 0
BinVal : 16 35 0 0 0
BinVal : 16 36 0 0 0
BinVal : 16 37 0 0 0
BinVal : 16 38 0 0 0
BinVal : 16 39 0 0 0
BinVal : 16 40 0 0 0
BinVal : 16 41 0 0 0
BinVal : 16 42 0 0 0
BinVal : 16 43 0 0 0
BinVal : 17 0 0 0 0
BinVal : 17 1 0 0 0
BinVal : 17 2 0 0 0
BinVal : 17 3 0 0 0
BinVal : 17 4 0 0 0
BinVal : 17 5 0 0 0
BinVal : 17 6 0 0 0
BinVal : 17 7 0 0 0
BinVal : 17 8 0 0 0
BinVal : 17 9 0 0 0
BinVal : 17 10 0 0 0
BinVal : 17 11 0 0 0
BinVal : 17 12 0 0 0
BinVal : 17 13 0 0 0
BinVal : 17 14 0.488889 0.0745172 0.0745172
BinVal : 17 15 0.981132 0.0186891 0.0186891
BinVal : 17 16 0.9375 0.0427908 0.0427908
BinVal : 17 17 0.925 0.0416458 0.0416458
BinVal : 17 18 0.962963 0.0363447 0.0363447
BinVal : 17 19 0.925926 0.0356389 0.0356389
BinVal : 17 20 1 0.00862837 0.00862837
BinVal : 17 21 1 0.00731039 0.00731039
BinVal : 17 22 0.962025 0.0215044 0.0215044
BinVal : 17 23 0.955224 0.0252661 0.0252661
BinVal : 17 24 0.910714 0.0381055 0.0381055
BinVal : 17 25 0.971429 0.0281603 0.0281603
BinVal : 17 26 0.976744 0.0229838 0.0229838
BinVal : 17 27 0.976744 0.0229838 0.0229838
BinVal : 17 28 1 0.0118251 0.0118251
BinVal : 17 29 0.692308 0.0739053 0.0739053
BinVal : 17 30 0 0 0
BinVal : 17 31 0 0 0
BinVal : 17 32 0 0 0
BinVal : 17 33 0 0 0
BinVal : 17 34 0 0 0
BinVal : 17 35 0 0 0
BinVal : 17 36 0 0 0
BinVal : 17 37 0 0 0
BinVal : 17 38 0 0 0
BinVal : 17 39 0 0 0
BinVal : 17 40 0 0 0
BinVal : 17 41 0 0 0
BinVal : 17 42 0 0 0
BinVal : 17 43 0 0 0
BinVal : 18 0 0 0 0
BinVal : 18 1 0 0 0
BinVal : 18 2 0 0 0
BinVal : 18 3 0 0 0
BinVal : 18 4 0 0 0
BinVal : 18 5 0 0 0
BinVal : 18 6 0 0 0
BinVal : 18 7 0 0 0
BinVal : 18 8 0 0 0
BinVal : 18 9 0 0 0
BinVal : 18 10 0 0 0
BinVal : 18 11 0 0 0
BinVal : 18 12 0 0 0
BinVal : 18 13 0 0 0
BinVal : 18 14 0.653061 0.0679994 0.0679994
BinVal : 18 15 0.941176 0.0329478 0.0329478
BinVal : 18 16 0.942308 0.0323336 0.0323336
BinVal : 18 17 0.972973 0.0266593 0.0266593
BinVal : 18 18 1 0.0152869 0.0152869
BinVal : 18 19 1 0.0113578 0.0113578
BinVal : 18 20 0.965517 0.0239589 0.0239589
BinVal : 18 21 0.964912 0.0243716 0.0243716
BinVal : 18 22 1 0.00802565 0.00802565
BinVal : 18 23 0.967213 0.0228006 0.0228006
BinVal : 18 24 0.943396 0.0317418 0.0317418
BinVal : 18 25 1 0.0101533 0.0101533
BinVal : 18 26 1 0.0128865 0.0128865
BinVal : 18 27 0.906977 0.0442955 0.0442955
BinVal : 18 28 0.962963 0.0256996 0.0256996
BinVal : 18 29 0.526316 0.0809983 0.0809983
BinVal : 18 30 0 0 0
BinVal : 18 31 0 0 0
BinVal : 18 32 0 0 0
BinVal : 18 33 0 0 0
BinVal : 18 34 0 0 0
BinVal : 18 35 0 0 0
BinVal : 18 36 0 0 0
BinVal : 18 37 0 0 0
BinVal : 18 38 0 0 0
BinVal : 18 39 0 0 0
BinVal : 18 40 0 0 0
BinVal : 18 41 0 0 0
BinVal : 18 42 0 0 0
BinVal : 18 43 0 0 0
BinVal : 19 0 0 0 0
BinVal : 19 1 0 0 0
BinVal : 19 2 0 0 0
BinVal : 19 3 0 0 0
BinVal : 19 4 0 0 0
BinVal : 19 5 0 0 0
BinVal : 19 6 0 0 0
BinVal : 19 7 0 0 0
BinVal : 19 8 0 0 0
BinVal : 19 9 0 0 0
BinVal : 19 10 0 0 0
BinVal : 19 11 0 0 0
BinVal : 19 12 0 0 0
BinVal : 19 13 0 0 0
BinVal : 19 14 0.666667 0.102869 0.102869
BinVal : 19 15 0.95 0.0344601 0.0344601
BinVal : 19 16 0.965517 0.033883 0.033883
BinVal : 19 17 0.8125 0.0689981 0.0689981
BinVal : 19 18 0.958333 0.0407894 0.0407894
BinVal : 19 19 0.948718 0.0353199 0.0353199
BinVal : 19 20 0.5 0.0833333 0.0833333
BinVal : 19 21 1 0.0166125 0.0166125
BinVal : 19 22 0.948718 0.0353199 0.0353199
BinVal : 19 23 1 0.0216126 0.0216126
BinVal : 19 24 0.909091 0.0500438 0.0500438
BinVal : 19 25 0.875 0.0675077 0.0675077
BinVal : 19 26 0.971429 0.0281603 0.0281603
BinVal : 19 27 0.974359 0.0253102 0.0253102
BinVal : 19 28 1 0.0111375 0.0111375
BinVal : 19 29 0.655172 0.0882632 0.0882632
BinVal : 19 30 0 0 0
BinVal : 19 31 0 0 0
BinVal : 19 32 0 0 0
BinVal : 19 33 0 0 0
BinVal : 19 34 0 0 0
BinVal : 19 35 0 0 0
BinVal : 19 36 0 0 0
BinVal : 19 37 0 0 0
BinVal : 19 38 0 0 0
BinVal : 19 39 0 0 0
BinVal : 19 40 0 0 0
BinVal : 19 41 0 0 0
BinVal : 19 42 0 0 0
BinVal : 19 43 0 0 0
BinVal : 20 0 0 0 0
BinVal : 20 1 0 0 0
BinVal : 20 2 0 0 0
BinVal : 20 3 0 0 0
BinVal : 20 4 0 0 0
BinVal : 20 5 0 0 0
BinVal : 20 6 0 0 0
BinVal : 20 7 0 0 0
BinVal : 20 8 0 0 0
BinVal : 20 9 0 0 0
BinVal : 20 10 0 0 0
BinVal : 20 11 0 0 0
BinVal : 20 12 0 0 0
BinVal : 20 13 0 0 0
BinVal : 20 14 0.826087 0.0790342 0.0790342
BinVal : 20 15 0.926829 0.0406702 0.0406702
BinVal : 20 16 1 0.0326734 0.0326734
BinVal : 20 17 1 0.0599198 0.0599198
BinVal : 20 18 1 0.218486 0.218486
BinVal : 20 19 1 0.0145144 0.0145144
BinVal : 20 20 0.974359 0.0253102 0.0253102
BinVal : 20 21 0.931035 0.0332725 0.0332725
BinVal : 20 22 0.887324 0.0375256 0.0375256
BinVal : 20 23 1 0.0128865 0.0128865
BinVal : 20 24 1 0.0161462 0.0161462
BinVal : 20 25 1 0.159077 0.159077
BinVal : 20 26 1 0.0495858 0.0495858
BinVal : 20 27 0.866667 0.0877707 0.0877707
BinVal : 20 28 0.857143 0.0591485 0.0591485
BinVal : 20 29 0.642857 0.0905522 0.0905522
BinVal : 20 30 0 0 0
BinVal : 20 31 0 0 0
BinVal : 20 32 0 0 0
BinVal : 20 33 0 0 0
BinVal : 20 34 0 0 0
BinVal : 20 35 0 0 0
BinVal : 20 36 0 0 0
BinVal : 20 37 0 0 0
BinVal : 20 38 0 0 0
BinVal : 20 39 0 0 0
BinVal : 20 40 0 0 0
BinVal : 20 41 0 0 0
BinVal : 20 42 0 0 0
BinVal : 20 43 0 0 0
BinVal : 21 0 0 0 0
BinVal : 21 1 0 0 0
BinVal : 21 2 0 0 0
BinVal : 21 3 0 0 0
BinVal : 21 4 0 0 0
BinVal : 21 5 0 0 0
BinVal : 21 6 0 0 0
BinVal : 21 7 0 0 0
BinVal : 21 8 0 0 0
BinVal : 21 9 0 0 0
BinVal : 21 10 0 0 0
BinVal : 21 11 0 0 0
BinVal : 21 12 0 0 0
BinVal : 21 13 0 0 0
BinVal : 21 14 0.677419 0.083959 0.083959
BinVal : 21 15 1 0.018786 0.018786
BinVal : 21 16 1 0.0668855 0.0668855
BinVal : 21 17 1 0.0266185 0.0266185
BinVal : 21 18 1 0.039392 0.039392
BinVal : 21 19 1 0.0126033 0.0126033
BinVal : 21 20 1 0.00825644 0.00825644
BinVal : 21 21 0.810345 0.0514758 0.0514758
BinVal : 21 22 0.872727 0.0449392 0.0449392
BinVal : 21 23 1 0.0134912 0.0134912
BinVal : 21 24 1 0.0141568 0.0141568
BinVal : 21 25 1 0.0233703 0.0233703
BinVal : 21 26 1 0.0224566 0.0224566
BinVal : 21 27 1 0.159077 0.159077
BinVal : 21 28 0.923077 0.0426692 0.0426692
BinVal : 21 29 0.568182 0.0746737 0.0746737
BinVal : 21 30 0 0 0
BinVal : 21 31 0 0 0
BinVal : 21 32 0 0 0
BinVal : 21 33 0 0 0
BinVal : 21 34 0 0 0
BinVal : 21 35 0 0 0
BinVal : 21 36 0 0 0
BinVal : 21 37 0 0 0
BinVal : 21 38 0 0 0
BinVal : 21 39 0 0 0
BinVal : 21 40 0 0 0
BinVal : 21 41 0 0 0
BinVal : 21 42 0 0 0
BinVal : 21 43 0 0 0
BinVal : 22 0 0 0 0
BinVal : 22 1 0 0 0
BinVal : 22 2 0 0 0
BinVal : 22 3 0 0 0
BinVal : 22 4 0 0 0
BinVal : 22 5 0 0 0
BinVal : 22 6 0 0 0
BinVal : 22 7 0 0 0
BinVal : 22 8 0 0 0
BinVal : 22 9 0 0 0
BinVal : 22 10 0 0 0
BinVal : 22 11 0 0 0
BinVal : 22 12 0 0 0
BinVal : 22 13 0 0 0
BinVal : 22 14 0.571429 0.0763604 0.0763604
BinVal : 22 15 0.894737 0.0704059 0.0704059
BinVal : 22 16 0 0 0
BinVal : 22 17 0 0 0
BinVal : 22 18 0 0 0
BinVal : 22 19 1 0.218486 0.218486
BinVal : 22 20 0 0 0
BinVal : 22 21 0 0 0
BinVal : 22 22 0 0 0
BinVal : 22 23 0 0 0
BinVal : 22 24 0 0 0
BinVal : 22 25 0 0 0
BinVal : 22 26 0 0 0
BinVal : 22 27 0 0 0
BinVal : 22 28 0.954545 0.0444095 0.0444095
BinVal : 22 29 0.5 0.0811107 0.0811107
BinVal : 22 30 0 0 0
BinVal : 22 31 0 0 0
BinVal : 22 32 0 0 0
BinVal : 22 33 0 0 0
BinVal : 22 34 0 0 0
BinVal : 22 35 0 0 0
BinVal : 22 36 0 0 0
BinVal : 22 37 0 0 0
BinVal : 22 38 0 0 0
BinVal : 22 39 0 0 0
BinVal : 22 40 0 0 0
BinVal : 22 41 0 0 0
BinVal : 22 42 0 0 0
BinVal : 22 43 0 0 0
BinVal : 23 0 0 0 0
BinVal : 23 1 0 0 0
BinVal : 23 2 0 0 0
BinVal : 23 3 0 0 0
BinVal : 23 4 0 0 0
BinVal : 23 5 0 0 0
BinVal : 23 6 0 0 0
BinVal : 23 7 0 0 0
BinVal : 23 8 0 0 0
BinVal : 23 9 0 0 0
BinVal : 23 10 0 0 0
BinVal : 23 11 0 0 0
BinVal : 23 12 0 0 0
BinVal : 23 13 0 0 0
BinVal : 23 14 0.627907 0.0737122 0.0737122
BinVal : 23 15 1 0.0542655 0.0542655
BinVal : 23 16 0 0 0
BinVal : 23 17 0 0 0
BinVal : 23 18 0 0 0
BinVal : 23 19 0 0 0
BinVal : 23 20 0 0 0
BinVal : 23 21 0 0 0
BinVal : 23 22 0 0 0
BinVal : 23 23 0 0 0
BinVal : 23 24 0 0 0
BinVal : 23 25 0 0 0
BinVal : 23 26 0 0 0
BinVal : 23 27 0 0 0
BinVal : 23 28 1 0.0279117 0.0279117
BinVal : 23 29 0.727273 0.0949515 0.0949515
BinVal : 23 30 0 0 0
BinVal : 23 31 0 0 0
BinVal : 23 32 0 0 0
BinVal : 23 33 0 0 0
BinVal : 23 34 0 0 0
BinVal : 23 35 0 0 0
BinVal : 23 36 0 0 0
BinVal : 23 37 0 0 0
BinVal : 23 38 0 0 0
BinVal : 23 39 0 0 0
BinVal : 23 40 0 0 0
BinVal : 23 41 0 0 0
BinVal : 23 42 0 0 0
BinVal : 23 43 0 0 0
BinVal : 24 0 0 0 0
BinVal : 24 1 0 0 0
BinVal : 24 2 0 0 0
BinVal : 24 3 0 0 0
BinVal : 24 4 0 0 0
BinVal : 24 5 0 0 0
BinVal : 24 6 0 0 0
BinVal : 24 7 0 0 0
BinVal : 24 8 0 0 0
BinVal : 24 9 0 0 0
BinVal : 24 10 0 0 0
BinVal : 24 11 0 0 0
BinVal : 24 12 0 0 0
BinVal : 24 13 0 0 0
BinVal : 24 14 0.703704 0.0878772 0.0878772
BinVal : 24 15 0.888889 0.104757 0.104757
BinVal : 24 16 0 0 0
BinVal : 24 17 0 0 0
BinVal : 24 18 0 0 0
BinVal : 24 19 0 0 0
BinVal : 24 20 0 0 0
BinVal : 24 21 0 0 0
BinVal : 24 22 0 0 0
BinVal : 24 23 0 0 0
BinVal : 24 24 0 0 0
BinVal : 24 25 0 0 0
BinVal : 24 26 0 0 0
BinVal : 24 27 0 0 0
BinVal : 24 28 1 0.039392 0.039392
BinVal : 24 29 0.702703 0.0751416 0.0751416
BinVal : 24 30 0 0 0
BinVal : 24 31 0 0 0
BinVal : 24 32 0 0 0
BinVal : 24 33 0 0 0
BinVal : 24 34 0 0 0
BinVal : 24 35 0 0 0
BinVal : 24 36 0 0 0
BinVal : 24 37 0 0 0
BinVal : 24 38 0 0 0
BinVal : 24 39 0 0 0
BinVal : 24 40 0 0 0
BinVal : 24 41 0 0 0
BinVal : 24 42 0 0 0
BinVal : 24 43 0 0 0
BinVal : 25 0 0 0 0
BinVal : 25 1 0 0 0
BinVal : 25 2 0 0 0
BinVal : 25 3 0 0 0
BinVal : 25 4 0 0 0
BinVal : 25 5 0 0 0
BinVal : 25 6 0 0 0
BinVal : 25 7 0 0 0
BinVal : 25 8 0 0 0
BinVal : 25 9 0 0 0
BinVal : 25 10 0 0 0
BinVal : 25 11 0 0 0
BinVal : 25 12 0 0 0
BinVal : 25 13 0 0 0
BinVal : 25 14 0.644444 0.0713576 0.0713576
BinVal : 25 15 0.95 0.048734 0.048734
BinVal : 25 16 0 0 0
BinVal : 25 17 0 0 0
BinVal : 25 18 0 0 0
BinVal : 25 19 0 0 0
BinVal : 25 20 0 0 0
BinVal : 25 21 1 0.218486 0.218486
BinVal : 25 22 1 0.218486 0.218486
BinVal : 25 23 0 0 0
BinVal : 25 24 0 0 0
BinVal : 25 25 0 0 0
BinVal : 25 26 0 0 0
BinVal : 25 27 0 0 0
BinVal : 25 28 0.947368 0.0512278 0.0512278
BinVal : 25 29 0.595238 0.0757392 0.0757392
BinVal : 25 30 0 0 0
BinVal : 25 31 0 0 0
BinVal : 25 32 0 0 0
BinVal : 25 33 0 0 0
BinVal : 25 34 0 0 0
BinVal : 25 35 0 0 0
BinVal : 25 36 0 0 0
BinVal : 25 37 0 0 0
BinVal : 25 38 0 0 0
BinVal : 25 39 0 0 0
BinVal : 25 40 0 0 0
BinVal : 25 41 0 0 0
BinVal : 25 42 0 0 0
BinVal : 25 43 0 0 0
BinVal : 26 0 0 0 0
BinVal : 26 1 0 0 0
BinVal : 26 2 0 0 0
BinVal : 26 3 0 0 0
BinVal : 26 4 0 0 0
BinVal : 26 5 0 0 0
BinVal : 26 6 0 0 0
BinVal : 26 7 0 0 0
BinVal : 26 8 0 0 0
BinVal : 26 9 0 0 0
BinVal : 26 10 0 0 0
BinVal : 26 11 0 0 0
BinVal : 26 12 0 0 0
BinVal : 26 13 0.0714286 0.0688303 0.0688303
BinVal : 26 14 0.517241 0.0927925 0.0927925
BinVal : 26 15 1 0.0152869 0.0152869
BinVal : 26 16 0.75 0.216506 0.216506
BinVal : 26 17 0.956522 0.0425226 0.0425226
BinVal : 26 18 1 0.0233703 0.0233703
BinVal : 26 19 1 0.0152869 0.0152869
BinVal : 26 20 0.962264 0.026175 0.026175
BinVal : 26 21 0.852459 0.0454076 0.0454076
BinVal : 26 22 0.839286 0.0490781 0.0490781
BinVal : 26 23 1 0.0157046 0.0157046
BinVal : 26 24 1 0.0138164 0.0138164
BinVal : 26 25 1 0.0456491 0.0456491
BinVal : 26 26 1 0.0134912 0.0134912
BinVal : 26 27 1 0.124824 0.124824
BinVal : 26 28 1 0.0166125 0.0166125
BinVal : 26 29 0.612903 0.0874832 0.0874832
BinVal : 26 30 0 0 0
BinVal : 26 31 0 0 0
BinVal : 26 32 0 0 0
BinVal : 26 33 0 0 0
BinVal : 26 34 0 0 0
BinVal : 26 35 0 0 0
BinVal : 26 36 0 0 0
BinVal : 26 37 0 0 0
BinVal : 26 38 0 0 0
BinVal : 26 39 0 0 0
BinVal : 26 40 0 0 0
BinVal : 26 41 0 0 0
BinVal : 26 42 0 0 0
BinVal : 26 43 0 0 0
BinVal : 27 0 0 0 0
BinVal : 27 1 0 0 0
BinVal : 27 2 0 0 0
BinVal : 27 3 0 0 0
BinVal : 27 4 0 0 0
BinVal : 27 5 0 0 0
BinVal : 27 6 0 0 0
BinVal : 27 7 0 0 0
BinVal : 27 8 0 0 0
BinVal : 27 9 0 0 0
BinVal : 27 10 0 0 0
BinVal : 27 11 0 0 0
BinVal : 27 12 0 0 0
BinVal : 27 13 0 0 0
BinVal : 27 14 0.677419 0.083959 0.083959
BinVal : 27 15 0.942857 0.0392347 0.0392347
BinVal : 27 16 0.727273 0.134282 0.134282
BinVal : 27 17 1 0.0668855 0.0668855
BinVal : 27 18 1 0.0871301 0.0871301
BinVal : 27 19 1 0.0233703 0.0233703
BinVal : 27 20 1 0.012074 0.012074
BinVal : 27 21 0.791667 0.0586179 0.0586179
BinVal : 27 22 0.928571 0.0344151 0.0344151
BinVal : 27 23 1 0.00997686 0.00997686
BinVal : 27 24 1 0.0243611 0.0243611
BinVal : 27 25 1 0.218486 0.218486
BinVal : 27 26 0.833333 0.152145 0.152145
BinVal : 27 27 1 0.0542655 0.0542655
BinVal : 27 28 1 0.0134912 0.0134912
BinVal : 27 29 0.608696 0.101764 0.101764
BinVal : 27 30 0 0 0
BinVal : 27 31 0 0 0
BinVal : 27 32 0 0 0
BinVal : 27 33 0 0 0
BinVal : 27 34 0 0 0
BinVal : 27 35 0 0 0
BinVal : 27 36 0 0 0
BinVal : 27 37 0 0 0
BinVal : 27 38 0 0 0
BinVal : 27 39 0 0 0
BinVal : 27 40 0 0 0
BinVal : 27 41 0 0 0
BinVal : 27 42 0 0 0
BinVal : 27 43 0 0 0
BinVal : 28 0 0 0 0
BinVal : 28 1 0 0 0
BinVal : 28 2 0 0 0
BinVal : 28 3 0 0 0
BinVal : 28 4 0 0 0
BinVal : 28 5 0 0 0
BinVal : 28 6 0 0 0
BinVal : 28 7 0 0 0
BinVal : 28 8 0 0 0
BinVal : 28 9 0 0 0
BinVal : 28 10 0 0 0
BinVal : 28 11 0 0 0
BinVal : 28 12 0 0 0
BinVal : 28 13 0 0 0
BinVal : 28 14 0.653846 0.0933009 0.0933009
BinVal : 28 15 0.942857 0.0392347 0.0392347
BinVal : 28 16 0.953488 0.0321147 0.0321147
BinVal : 28 17 0.962963 0.0363447 0.0363447
BinVal : 28 18 0.727273 0.0949515 0.0949515
BinVal : 28 19 0.885714 0.0537785 0.0537785
BinVal : 28 20 0.967742 0.0317335 0.0317335
BinVal : 28 21 0.93617 0.0356566 0.0356566
BinVal : 28 22 0.697674 0.0700373 0.0700373
BinVal : 28 23 0.833333 0.0760726 0.0760726
BinVal : 28 24 0.92 0.0542586 0.0542586
BinVal : 28 25 0.588235 0.119365 0.119365
BinVal : 28 26 1 0.0181909 0.0181909
BinVal : 28 27 0.939394 0.041536 0.041536
BinVal : 28 28 1 0.0145144 0.0145144
BinVal : 28 29 0.46875 0.0882155 0.0882155
BinVal : 28 30 0 0 0
BinVal : 28 31 0 0 0
BinVal : 28 32 0 0 0
BinVal : 28 33 0 0 0
BinVal : 28 34 0 0 0
BinVal : 28 35 0 0 0
BinVal : 28 36 0 0 0
BinVal : 28 37 0 0 0
BinVal : 28 38 0 0 0
BinVal : 28 39 0 0 0
BinVal : 28 40 0 0 0
BinVal : 28 41 0 0 0
BinVal : 28 42 0 0 0
BinVal : 28 43 0 0 0
BinVal : 29 0 0 0 0
BinVal : 29 1 0 0 0
BinVal : 29 2 0 0 0
BinVal : 29 3 0 0 0
BinVal : 29 4 0 0 0
BinVal : 29 5 0 0 0
BinVal : 29 6 0 0 0
BinVal : 29 7 0 0 0
BinVal : 29 8 0 0 0
BinVal : 29 9 0 0 0
BinVal : 29 10 0 0 0
BinVal : 29 11 0 0 0
BinVal : 29 12 0 0 0
BinVal : 29 13 0 0 0
BinVal : 29 14 0.472222 0.0832046 0.0832046
BinVal : 29 15 1 0.0134912 0.0134912
BinVal : 29 16 0.930233 0.0388497 0.0388497
BinVal : 29 17 1 0.0105252 0.0105252
BinVal : 29 18 1 0.0109258 0.0109258
BinVal : 29 19 0.911111 0.0424232 0.0424232
BinVal : 29 20 0.966102 0.02356 0.02356
BinVal : 29 21 0.981818 0.0180158 0.0180158
BinVal : 29 22 0.986111 0.0137921 0.0137921
BinVal : 29 23 0.928571 0.0344151 0.0344151
BinVal : 29 24 0.98 0.019799 0.019799
BinVal : 29 25 1 0.0126033 0.0126033
BinVal : 29 26 1 0.0194201 0.0194201
BinVal : 29 27 1 0.00875998 0.00875998
BinVal : 29 28 0.979592 0.0201988 0.0201988
BinVal : 29 29 0.55 0.0786607 0.0786607
BinVal : 29 30 0 0 0
BinVal : 29 31 0 0 0
BinVal : 29 32 0 0 0
BinVal : 29 33 0 0 0
BinVal : 29 34 0 0 0
BinVal : 29 35 0 0 0
BinVal : 29 36 0 0 0
BinVal : 29 37 0 0 0
BinVal : 29 38 0 0 0
BinVal : 29 39 0 0 0
BinVal : 29 40 0 0 0
BinVal : 29 41 0 0 0
BinVal : 29 42 0 0 0
BinVal : 29 43 0 0 0
BinVal : 30 0 0 0 0
BinVal : 30 1 0 0 0
BinVal : 30 2 0 0 0
BinVal : 30 3 0 0 0
BinVal : 30 4 0 0 0
BinVal : 30 5 0 0 0
BinVal : 30 6 0 0 0
BinVal : 30 7 0 0 0
BinVal : 30 8 0 0 0
BinVal : 30 9 0 0 0
BinVal : 30 10 0 0 0
BinVal : 30 11 0 0 0
BinVal : 30 12 0 0 0
BinVal : 30 13 0 0 0
BinVal : 30 14 0.641026 0.0768134 0.0768134
BinVal : 30 15 0.934783 0.0364048 0.0364048
BinVal : 30 16 0.888889 0.0523783 0.0523783
BinVal : 30 17 1 0.0113578 0.0113578
BinVal : 30 18 0.953488 0.0321147 0.0321147
BinVal : 30 19 0.793103 0.0752216 0.0752216
BinVal : 30 20 0.842105 0.0418273 0.0418273
BinVal : 30 21 1 0.0107217 0.0107217
BinVal : 30 22 0.969231 0.0214198 0.0214198
BinVal : 30 23 0.979592 0.0201988 0.0201988
BinVal : 30 24 0.938776 0.0342488 0.0342488
BinVal : 30 25 1 0.0134912 0.0134912
BinVal : 30 26 1 0.0126033 0.0126033
BinVal : 30 27 0.933333 0.045542 0.045542
BinVal : 30 28 1 0.0152869 0.0152869
BinVal : 30 29 0.641026 0.0768134 0.0768134
BinVal : 30 30 0 0 0
BinVal : 30 31 0 0 0
BinVal : 30 32 0 0 0
BinVal : 30 33 0 0 0
BinVal : 30 34 0 0 0
BinVal : 30 35 0 0 0
BinVal : 30 36 0 0 0
BinVal : 30 37 0 0 0
BinVal : 30 38 0 0 0
BinVal : 30 39 0 0 0
BinVal : 30 40 0 0 0
BinVal : 30 41 0 0 0
BinVal : 30 42 0 0 0
BinVal : 30 43 0 0 0
BinVal : 31 0 0 0 0
BinVal : 31 1 0 0 0
BinVal : 31 2 0 0 0
BinVal : 31 3 0 0 0
BinVal : 31 4 0 0 0
BinVal : 31 5 0 0 0
BinVal : 31 6 0 0 0
BinVal : 31 7 0 0 0
BinVal : 31 8 0 0 0
BinVal : 31 9 0 0 0
BinVal : 31 10 0 0 0
BinVal : 31 11 0 0 0
BinVal : 31 12 0 0 0
BinVal : 31 13 0 0 0
BinVal : 31 14 0.648649 0.0784828 0.0784828
BinVal : 31 15 0.976744 0.0229838 0.0229838
BinVal : 31 16 0.65625 0.0839617 0.0839617
BinVal : 31 17 1 0.0126033 0.0126033
BinVal : 31 18 0.975 0.0246855 0.0246855
BinVal : 31 19 0.72973 0.0730095 0.0730095
BinVal : 31 20 0.87037 0.0457096 0.0457096
BinVal : 31 21 0.881356 0.0420991 0.0420991
BinVal : 31 22 1 0.00903559 0.00903559
BinVal : 31 23 0.941176 0.0329478 0.0329478
BinVal : 31 24 0.883721 0.0488848 0.0488848
BinVal : 31 25 0.958333 0.0407894 0.0407894
BinVal : 31 26 1 0.0152869 0.0152869
BinVal : 31 27 0.862069 0.0640329 0.0640329
BinVal : 31 28 1 0.0145144 0.0145144
BinVal : 31 29 0.6 0.0828079 0.0828079
BinVal : 31 30 0 0 0
BinVal : 31 31 0 0 0
BinVal : 31 32 0 0 0
BinVal : 31 33 0 0 0
BinVal : 31 34 0 0 0
BinVal : 31 35 0 0 0
BinVal : 31 36 0 0 0
BinVal : 31 37 0 0 0
BinVal : 31 38 0 0 0
BinVal : 31 39 0 0 0
BinVal : 31 40 0 0 0
BinVal : 31 41 0 0 0
BinVal : 31 42 0 0 0
BinVal : 31 43 0 0 0


Comments : cosmic veto applied 
EffMethod : TagAndProbe 
EffName : eff 
EffType : Binned 
EffVarNames : phi deteta 
EffVersion : 5 
ObjQuality : l1wtlx 
ObjRelativeTo : tight 
ObjType : Muon 
ObjVersion : 1 
RunRangeHigh : 216000 
RunRangeLow : 160000 
TriggerVersionHigh : 14.99 
TriggerVersionLow : 13 
BinEdgesX : 0 0.19635 0.3927 0.58905 0.7854 0.98175 1.1781 1.37445 1.5708 1.76715 1.9635 2.15985 2.3562 2.55255 2.7489 2.94525 3.1416 3.33795 3.5343 3.73065 3.927 4.12335 4.3197 4.51605 4.7124 4.90875 5.1051 5.30145 5.4978 5.69415 5.8905 6.08685 6.2832 
BinEdgesY : -4.2 -4.00909 -3.81818 -3.62727 -3.43636 -3.24545 -3.05455 -2.86364 -2.67273 -2.48182 -2.29091 -2.1 -1.90909 -1.71818 -1.52727 -1.33636 -1.14545 -0.954545 -0.763636 -0.572727 -0.381818 -0.190909 0 0.190909 0.381818 0.572727 0.763636 0.954545 1.14545 1.33636 1.52727 1.71818 1.90909 2.1 2.29091 2.48182 2.67273 2.86364 3.05455 3.24545 3.43636 3.62727 3.81818 4.00909 4.2 
BinVal : 0 0 0 0 0
BinVal : 0 1 0 0 0
BinVal : 0 2 0 0 0
BinVal : 0 3 0 0 0
BinVal : 0 4 0 0 0
BinVal : 0 5 0 0 0
BinVal : 0 6 0 0 0
BinVal : 0 7 0 0 0
BinVal : 0 8 0 0 0
BinVal : 0 9 0 0 0
BinVal : 0 10 0 0 0
BinVal : 0 11 0 0 0
BinVal : 0 12 0 0 0
BinVal : 0 13 0.689655 0.0859091 0.0859091
BinVal : 0 14 0.984127 0.0157465 0.0157465
BinVal : 0 15 1 0.00825644 0.00825644
BinVal : 0 16 0.869565 0.0405437 0.0405437
BinVal : 0 17 1 0.00760031 0.00760031
BinVal : 0 18 1 0.0118251 0.0118251
BinVal : 0 19 0.942857 0.0277431 0.0277431
BinVal : 0 20 0.989691 0.010256 0.010256
BinVal : 0 21 1 0.00538969 0.00538969
BinVal : 0 22 0.989796 0.0101519 0.0101519
BinVal : 0 23 1 0.00538969 0.00538969
BinVal : 0 24 0.896552 0.0326505 0.0326505
BinVal : 0 25 1 0.00903559 0.00903559
BinVal : 0 26 0.988636 0.0112989 0.0112989
BinVal : 0 27 0.877193 0.0434732 0.0434732
BinVal : 0 28 0.988235 0.0116953 0.0116953
BinVal : 0 29 1 0.0105252 0.0105252
BinVal : 0 30 0.545455 0.106159 0.106159
BinVal : 0 31 0 0 0
BinVal : 0 32 0 0 0
BinVal : 0 33 0 0 0
BinVal : 0 34 0 0 0
BinVal : 0 35 0 0 0
BinVal : 0 36 0 0 0
BinVal : 0 37 0 0 0
BinVal : 0 38 0 0 0
BinVal : 0 39 0 0 0
BinVal : 0 40 0 0 0
BinVal : 0 41 0 0 0
BinVal : 0 42 0 0 0
BinVal : 0 43 0 0 0
BinVal : 1 0 0 0 0
BinVal : 1 1 0 0 0
BinVal : 1 2 0 0 0
BinVal : 1 3 0 0 0
BinVal : 1 4 0 0 0
BinVal : 1 5 0 0 0
BinVal : 1 6 0 0 0
BinVal : 1 7 0 0 0
BinVal : 1 8 0 0 0
BinVal : 1 9 0 0 0
BinVal : 1 10 0 0 0
BinVal : 1 11 0 0 0
BinVal : 1 12 0 0 0
BinVal : 1 13 0.444444 0.0956292 0.0956292
BinVal : 1 14 1 0.00571108 0.00571108
BinVal : 1 15 0.988235 0.0116953 0.0116953
BinVal : 1 16 0.943182 0.0246774 0.0246774
BinVal : 1 17 1 0.0057683 0.0057683
BinVal : 1 18 1 0.00875998 0.00875998
BinVal : 1 19 0.938144 0.024459 0.024459
BinVal : 1 20 0.977778 0.0126866 0.0126866
BinVal : 1 21 1 0.00381517 0.00381517
BinVal : 1 22 1 0.00400114 0.00400114
BinVal : 1 23 0.970297 0.0168924 0.0168924
BinVal : 1 24 0.962963 0.0181723 0.0181723
BinVal : 1 25 1 0.00687265 0.00687265
BinVal : 1 26 1 0.00721884 0.00721884
BinVal : 1 27 0.91358 0.0312203 0.0312203
BinVal : 1 28 1 0.00613832 0.00613832
BinVal : 1 29 1 0.0088954 0.0088954
BinVal : 1 30 0.576923 0.0968907 0.0968907
BinVal : 1 31 0 0 0
BinVal : 1 32 0 0 0
BinVal : 1 33 0 0 0
BinVal : 1 34 0 0 0
BinVal : 1 35 0 0 0
BinVal : 1 36 0 0 0
BinVal : 1 37 0 0 0
BinVal : 1 38 0 0 0
BinVal : 1 39 0 0 0
BinVal : 1 40 0 0 0
BinVal : 1 41 0 0 0
BinVal : 1 42 0 0 0
BinVal : 1 43 0 0 0
BinVal : 2 0 0 0 0
BinVal : 2 1 0 0 0
BinVal : 2 2 0 0 0
BinVal : 2 3 0 0 0
BinVal : 2 4 0 0 0
BinVal : 2 5 0 0 0
BinVal : 2 6 0 0 0
BinVal : 2 7 0 0 0
BinVal : 2 8 0 0 0
BinVal : 2 9 0 0 0
BinVal : 2 10 0 0 0
BinVal : 2 11 0 0 0
BinVal : 2 12 0 0 0
BinVal : 2 13 0.4375 0.12402 0.12402
BinVal : 2 14 1 0.00663519 0.00663519
BinVal : 2 15 1 0.00601053 0.00601053
BinVal : 2 16 0.97561 0.0170349 0.0170349
BinVal : 2 17 0.988095 0.0118337 0.0118337
BinVal : 2 18 0.985507 0.0143874 0.0143874
BinVal : 2 19 0.952381 0.0232357 0.0232357
BinVal : 2 20 0.973214 0.0152562 0.0152562
BinVal : 2 21 0.992063 0.00790495 0.00790495
BinVal : 2 22 1 0.00519514 0.00519514
BinVal : 2 23 0.957447 0.020819 0.020819
BinVal : 2 24 0.980952 0.0133398 0.0133398
BinVal : 2 25 0.978495 0.0150422 0.0150422
BinVal : 2 26 0.971429 0.0199123 0.0199123
BinVal : 2 27 1 0.00679159 0.00679159
BinVal : 2 28 0.989899 0.0100499 0.0100499
BinVal : 2 29 0.987179 0.0127381 0.0127381
BinVal : 2 30 0.454545 0.0866784 0.0866784
BinVal : 2 31 0 0 0
BinVal : 2 32 0 0 0
BinVal : 2 33 0 0 0
BinVal : 2 34 0 0 0
BinVal : 2 35 0 0 0
BinVal : 2 36 0 0 0
BinVal : 2 37 0 0 0
BinVal : 2 38 0 0 0
BinVal : 2 39 0 0 0
BinVal : 2 40 0 0 0
BinVal : 2 41 0 0 0
BinVal : 2 42 0 0 0
BinVal : 2 43 0 0 0
BinVal : 3 0 0 0 0
BinVal : 3 1 0 0 0
BinVal : 3 2 0 0 0
BinVal : 3 3 0 0 0
BinVal : 3 4 0 0 0
BinVal : 3 5 0 0 0
BinVal : 3 6 0 0 0
BinVal : 3 7 0 0 0
BinVal : 3 8 0 0 0
BinVal : 3 9 0 0 0
BinVal : 3 10 0 0 0
BinVal : 3 11 0 0 0
BinVal : 3 12 0 0 0
BinVal : 3 13 0.272727 0.0949515 0.0949515
BinVal : 3 14 1 0.0123324 0.0123324
BinVal : 3 15 0.952381 0.0268303 0.0268303
BinVal : 3 16 0.972973 0.018851 0.018851
BinVal : 3 17 0.949153 0.0286007 0.0286007
BinVal : 3 18 0.929577 0.0303647 0.0303647
BinVal : 3 19 0.967213 0.0228006 0.0228006
BinVal : 3 20 0.928571 0.0307818 0.0307818
BinVal : 3 21 0.978022 0.0153691 0.0153691
BinVal : 3 22 0.986301 0.0136045 0.0136045
BinVal : 3 23 0.95082 0.0276873 0.0276873
BinVal : 3 24 1 0.00813913 0.00813913
BinVal : 3 25 0.984615 0.0152658 0.0152658
BinVal : 3 26 0.942308 0.0323336 0.0323336
BinVal : 3 27 0.953125 0.0264214 0.0264214
BinVal : 3 28 0.984127 0.0157465 0.0157465
BinVal : 3 29 1 0.0152869 0.0152869
BinVal : 3 30 0.210526 0.0935288 0.0935288
BinVal : 3 31 0 0 0
BinVal : 3 32 0 0 0
BinVal : 3 33 0 0 0
BinVal : 3 34 0 0 0
BinVal : 3 35 0 0 0
BinVal : 3 36 0 0 0
BinVal : 3 37 0 0 0
BinVal : 3 38 0 0 0
BinVal : 3 39 0 0 0
BinVal : 3 40 0 0 0
BinVal : 3 41 0 0 0
BinVal : 3 42 0 0 0
BinVal : 3 43 0 0 0
BinVal : 4 0 0 0 0
BinVal : 4 1 0 0 0
BinVal : 4 2 0 0 0
BinVal : 4 3 0 0 0
BinVal : 4 4 0 0 0
BinVal : 4 5 0 0 0
BinVal : 4 6 0 0 0
BinVal : 4 7 0 0 0
BinVal : 4 8 0 0 0
BinVal : 4 9 0 0 0
BinVal : 4 10 0 0 0
BinVal : 4 11 0 0 0
BinVal : 4 12 0 0 0
BinVal : 4 13 0.615385 0.134932 0.134932
BinVal : 4 14 0.882353 0.0552551 0.0552551
BinVal : 4 15 0.93617 0.0356566 0.0356566
BinVal : 4 16 0.862745 0.0481859 0.0481859
BinVal : 4 17 0.921053 0.0437441 0.0437441
BinVal : 4 18 1 0.00687265 0.00687265
BinVal : 4 19 0.929577 0.0303647 0.0303647
BinVal : 4 20 0.979167 0.0206152 0.0206152
BinVal : 4 21 1 0.00802565 0.00802565
BinVal : 4 22 1 0.00760031 0.00760031
BinVal : 4 23 0.949153 0.0286007 0.0286007
BinVal : 4 24 1 0.0123324 0.0123324
BinVal : 4 25 1 0.0105252 0.0105252
BinVal : 4 26 0.866667 0.0620633 0.0620633
BinVal : 4 27 0.909091 0.0387638 0.0387638
BinVal : 4 28 0.973684 0.0259672 0.0259672
BinVal : 4 29 0.944444 0.0381769 0.0381769
BinVal : 4 30 0.727273 0.134282 0.134282
BinVal : 4 31 0 0 0
BinVal : 4 32 0 0 0
BinVal : 4 33 0 0 0
BinVal : 4 34 0 0 0
BinVal : 4 35 0 0 0
BinVal : 4 36 0 0 0
BinVal : 4 37 0 0 0
BinVal : 4 38 0 0 0
BinVal : 4 39 0 0 0
BinVal : 4 40 0 0 0
BinVal : 4 41 0 0 0
BinVal : 4 42 0 0 0
BinVal : 4 43 0 0 0
BinVal : 5 0 0 0 0
BinVal : 5 1 0 0 0
BinVal : 5 2 0 0 0
BinVal : 5 3 0 0 0
BinVal : 5 4 0 0 0
BinVal : 5 5 0 0 0
BinVal : 5 6 0 0 0
BinVal : 5 7 0 0 0
BinVal : 5 8 0 0 0
BinVal : 5 9 0 0 0
BinVal : 5 10 0 0 0
BinVal : 5 11 0 0 0
BinVal : 5 12 0 0 0
BinVal : 5 13 0.466667 0.128812 0.128812
BinVal : 5 14 0.955556 0.0307207 0.0307207
BinVal : 5 15 0.962264 0.026175 0.026175
BinVal : 5 16 0.928571 0.0344151 0.0344151
BinVal : 5 17 1 0.0134912 0.0134912
BinVal : 5 18 1 0.0105252 0.0105252
BinVal : 5 19 0.979592 0.0201988 0.0201988
BinVal : 5 20 0.96875 0.0217491 0.0217491
BinVal : 5 21 0.987805 0.0121205 0.0121205
BinVal : 5 22 1 0.00671244 0.00671244
BinVal : 5 23 0.911765 0.034396 0.034396
BinVal : 5 24 0.978261 0.0215015 0.0215015
BinVal : 5 25 1 0.00997686 0.00997686
BinVal : 5 26 0.977273 0.0224675 0.0224675
BinVal : 5 27 0.970149 0.0207902 0.0207902
BinVal : 5 28 0.954545 0.0314022 0.0314022
BinVal : 5 29 0.96 0.0277128 0.0277128
BinVal : 5 30 0.5 0.144338 0.144338
BinVal : 5 31 0 0 0
BinVal : 5 32 0 0 0
BinVal : 5 33 0 0 0
BinVal : 5 34 0 0 0
BinVal : 5 35 0 0 0
BinVal : 5 36 0 0 0
BinVal : 5 37 0 0 0
BinVal : 5 38 0 0 0
BinVal : 5 39 0 0 0
BinVal : 5 40 0 0 0
BinVal : 5 41 0 0 0
BinVal : 5 42 0 0 0
BinVal : 5 43 0 0 0
BinVal : 6 0 0 0 0
BinVal : 6 1 0 0 0
BinVal : 6 2 0 0 0
BinVal : 6 3 0 0 0
BinVal : 6 4 0 0 0
BinVal : 6 5 0 0 0
BinVal : 6 6 0 0 0
BinVal : 6 7 0 0 0
BinVal : 6 8 0 0 0
BinVal : 6 9 0 0 0
BinVal : 6 10 0 0 0
BinVal : 6 11 0 0 0
BinVal : 6 12 0 0 0
BinVal : 6 13 0.6 0.154919 0.154919
BinVal : 6 14 0.931035 0.0470544 0.0470544
BinVal : 6 15 0.965517 0.033883 0.033883
BinVal : 6 16 0.862069 0.0640329 0.0640329
BinVal : 6 17 1 0.0123324 0.0123324
BinVal : 6 18 0.941176 0.0403526 0.0403526
BinVal : 6 19 0.923077 0.0522589 0.0522589
BinVal : 6 20 1 0.0115867 0.0115867
BinVal : 6 21 1 0.0115867 0.0115867
BinVal : 6 22 1 0.00948286 0.00948286
BinVal : 6 23 0.977778 0.0219739 0.0219739
BinVal : 6 24 0.973684 0.0259672 0.0259672
BinVal : 6 25 1 0.0148902 0.0148902
BinVal : 6 26 0.979167 0.0206152 0.0206152
BinVal : 6 27 1 0.0181909 0.0181909
BinVal : 6 28 1 0.0131822 0.0131822
BinVal : 6 29 0.962963 0.0363447 0.0363447
BinVal : 6 30 0.833333 0.152145 0.152145
BinVal : 6 31 0 0 0
BinVal : 6 32 0 0 0
BinVal : 6 33 0 0 0
BinVal : 6 34 0 0 0
BinVal : 6 35 0 0 0
BinVal : 6 36 0 0 0
BinVal : 6 37 0 0 0
BinVal : 6 38 0 0 0
BinVal : 6 39 0 0 0
BinVal : 6 40 0 0 0
BinVal : 6 41 0 0 0
BinVal : 6 42 0 0 0
BinVal : 6 43 0 0 0
BinVal : 7 0 0 0 0
BinVal : 7 1 0 0 0
BinVal : 7 2 0 0 0
BinVal : 7 3 0 0 0
BinVal : 7 4 0 0 0
BinVal : 7 5 0 0 0
BinVal : 7 6 0 0 0
BinVal : 7 7 0 0 0
BinVal : 7 8 0 0 0
BinVal : 7 9 0 0 0
BinVal : 7 10 0 0 0
BinVal : 7 11 0 0 0
BinVal : 7 12 0 0 0
BinVal : 7 13 0.555556 0.165635 0.165635
BinVal : 7 14 0.9375 0.0605154 0.0605154
BinVal : 7 15 0.974359 0.0253102 0.0253102
BinVal : 7 16 0.95 0.048734 0.048734
BinVal : 7 17 1 0.0148902 0.0148902
BinVal : 7 18 1 0.0201001 0.0201001
BinVal : 7 19 1 0.0181909 0.0181909
BinVal : 7 20 1 0.0194201 0.0194201
BinVal : 7 21 1 0.0145144 0.0145144
BinVal : 7 22 1 0.0148902 0.0148902
BinVal : 7 23 0.916667 0.0564169 0.0564169
BinVal : 7 24 0.96 0.0391918 0.0391918
BinVal : 7 25 1 0.0224566 0.0224566
BinVal : 7 26 1 0.018786 0.018786
BinVal : 7 27 0.785714 0.109664 0.109664
BinVal : 7 28 1 0.0266185 0.0266185
BinVal : 7 29 1 0.0346427 0.0346427
BinVal : 7 30 0.444444 0.165635 0.165635
BinVal : 7 31 0 0 0
BinVal : 7 32 0 0 0
BinVal : 7 33 0 0 0
BinVal : 7 34 0 0 0
BinVal : 7 35 0 0 0
BinVal : 7 36 0 0 0
BinVal : 7 37 0 0 0
BinVal : 7 38 0 0 0
BinVal : 7 39 0 0 0
BinVal : 7 40 0 0 0
BinVal : 7 41 0 0 0
BinVal : 7 42 0 0 0
BinVal : 7 43 0 0 0
BinVal : 8 0 0 0 0
BinVal : 8 1 0 0 0
BinVal : 8 2 0 0 0
BinVal : 8 3 0 0 0
BinVal : 8 4 0 0 0
BinVal : 8 5 0 0 0
BinVal : 8 6 0 0 0
BinVal : 8 7 0 0 0
BinVal : 8 8 0 0 0
BinVal : 8 9 0 0 0
BinVal : 8 10 0 0 0
BinVal : 8 11 0 0 0
BinVal : 8 12 0 0 0
BinVal : 8 13 1 0.102643 0.102643
BinVal : 8 14 1 0.0243611 0.0243611
BinVal : 8 15 1 0.0224566 0.0224566
BinVal : 8 16 0.944444 0.0539903 0.0539903
BinVal : 8 17 1 0.0194201 0.0194201
BinVal : 8 18 1 0.0279117 0.0279117
BinVal : 8 19 0.916667 0.0564169 0.0564169
BinVal : 8 20 1 0.0181909 0.0181909
BinVal : 8 21 1 0.0157046 0.0157046
BinVal : 8 22 1 0.0201001 0.0201001
BinVal : 8 23 0.954545 0.0444095 0.0444095
BinVal : 8 24 0.956522 0.0425226 0.0425226
BinVal : 8 25 1 0.0293374 0.0293374
BinVal : 8 26 1 0.0208287 0.0208287
BinVal : 8 27 0.615385 0.134932 0.134932
BinVal : 8 28 1 0.0208287 0.0208287
BinVal : 8 29 1 0.0346427 0.0346427
BinVal : 8 30 0.25 0.153093 0.153093
BinVal : 8 31 0 0 0
BinVal : 8 32 0 0 0
BinVal : 8 33 0 0 0
BinVal : 8 34 0 0 0
BinVal : 8 35 0 0 0
BinVal : 8 36 0 0 0
BinVal : 8 37 0 0 0
BinVal : 8 38 0 0 0
BinVal : 8 39 0 0 0
BinVal : 8 40 0 0 0
BinVal : 8 41 0 0 0
BinVal : 8 42 0 0 0
BinVal : 8 43 0 0 0
BinVal : 9 0 0 0 0
BinVal : 9 1 0 0 0
BinVal : 9 2 0 0 0
BinVal : 9 3 0 0 0
BinVal : 9 4 0 0 0
BinVal : 9 5 0 0 0
BinVal : 9 6 0 0 0
BinVal : 9 7 0 0 0
BinVal : 9 8 0 0 0
BinVal : 9 9 0 0 0
BinVal : 9 10 0 0 0
BinVal : 9 11 0 0 0
BinVal : 9 12 0 0 0
BinVal : 9 13 0.8 0.126491 0.126491
BinVal : 9 14 0.958333 0.0407894 0.0407894
BinVal : 9 15 1 0.0171075 0.0171075
BinVal : 9 16 0.947368 0.0512278 0.0512278
BinVal : 9 17 1 0.0134912 0.0134912
BinVal : 9 18 1 0.0181909 0.0181909
BinVal : 9 19 0.805556 0.0659621 0.0659621
BinVal : 9 20 1 0.0161462 0.0161462
BinVal : 9 21 1 0.0134912 0.0134912
BinVal : 9 22 1 0.017632 0.017632
BinVal : 9 23 0.952381 0.0464714 0.0464714
BinVal : 9 24 1 0.0152869 0.0152869
BinVal : 9 25 1 0.0161462 0.0161462
BinVal : 9 26 1 0.017632 0.017632
BinVal : 9 27 0.962963 0.0363447 0.0363447
BinVal : 9 28 0.971429 0.0281603 0.0281603
BinVal : 9 29 1 0.0224566 0.0224566
BinVal : 9 30 0.714286 0.120736 0.120736
BinVal : 9 31 0 0 0
BinVal : 9 32 0 0 0
BinVal : 9 33 0 0 0
BinVal : 9 34 0 0 0
BinVal : 9 35 0 0 0
BinVal : 9 36 0 0 0
BinVal : 9 37 0 0 0
BinVal : 9 38 0 0 0
BinVal : 9 39 0 0 0
BinVal : 9 40 0 0 0
BinVal : 9 41 0 0 0
BinVal : 9 42 0 0 0
BinVal : 9 43 0 0 0
BinVal : 10 0 0 0 0
BinVal : 10 1 0 0 0
BinVal : 10 2 0 0 0
BinVal : 10 3 0 0 0
BinVal : 10 4 0 0 0
BinVal : 10 5 0 0 0
BinVal : 10 6 0 0 0
BinVal : 10 7 0 0 0
BinVal : 10 8 0 0 0
BinVal : 10 9 0 0 0
BinVal : 10 10 0 0 0
BinVal : 10 11 0 0 0
BinVal : 10 12 0 0 0
BinVal : 10 13 0.333333 0.111111 0.111111
BinVal : 10 14 0.983051 0.0168049 0.0168049
BinVal : 10 15 1 0.0109258 0.0109258
BinVal : 10 16 0.979592 0.0201988 0.0201988
BinVal : 10 17 0.975 0.0246855 0.0246855
BinVal : 10 18 1 0.0103354 0.0103354
BinVal : 10 19 1 0.00932837 0.00932837
BinVal : 10 20 0.925926 0.0356389 0.0356389
BinVal : 10 21 0.978723 0.021049 0.021049
BinVal : 10 22 0.977273 0.0224675 0.0224675
BinVal : 10 23 1 0.0216126 0.0216126
BinVal : 10 24 1 0.0105252 0.0105252
BinVal : 10 25 1 0.00862837 0.00862837
BinVal : 10 26 0.972973 0.0266593 0.0266593
BinVal : 10 27 0.910714 0.0381055 0.0381055
BinVal : 10 28 0.933333 0.0371849 0.0371849
BinVal : 10 29 1 0.0145144 0.0145144
BinVal : 10 30 0.5 0.111803 0.111803
BinVal : 10 31 0 0 0
BinVal : 10 32 0 0 0
BinVal : 10 33 0 0 0
BinVal : 10 34 0 0 0
BinVal : 10 35 0 0 0
BinVal : 10 36 0 0 0
BinVal : 10 37 0 0 0
BinVal : 10 38 0 0 0
BinVal : 10 39 0 0 0
BinVal : 10 40 0 0 0
BinVal : 10 41 0 0 0
BinVal : 10 42 0 0 0
BinVal : 10 43 0 0 0
BinVal : 11 0 0 0 0
BinVal : 11 1 0 0 0
BinVal : 11 2 0 0 0
BinVal : 11 3 0 0 0
BinVal : 11 4 0 0 0
BinVal : 11 5 0 0 0
BinVal : 11 6 0 0 0
BinVal : 11 7 0 0 0
BinVal : 11 8 0 0 0
BinVal : 11 9 0 0 0
BinVal : 11 10 0 0 0
BinVal : 11 11 0 0 0
BinVal : 11 12 0 0 0
BinVal : 11 13 0.636364 0.145041 0.145041
BinVal : 11 14 0.948718 0.0353199 0.0353199
BinVal : 11 15 1 0.0138164 0.0138164
BinVal : 11 16 0.9375 0.0349386 0.0349386
BinVal : 11 17 0.911765 0.0486433 0.0486433
BinVal : 11 18 1 0.00875998 0.00875998
BinVal : 11 19 1 0.0115867 0.0115867
BinVal : 11 20 0.9375 0.0349386 0.0349386
BinVal : 11 21 1 0.00903559 0.00903559
BinVal : 11 22 1 0.00964212 0.00964212
BinVal : 11 23 1 0.0171075 0.0171075
BinVal : 11 24 1 0.0113578 0.0113578
BinVal : 11 25 1 0.00980616 0.00980616
BinVal : 11 26 1 0.0161462 0.0161462
BinVal : 11 27 0.892857 0.0413313 0.0413313
BinVal : 11 28 0.914894 0.0407022 0.0407022
BinVal : 11 29 1 0.0131822 0.0131822
BinVal : 11 30 0.785714 0.109664 0.109664
BinVal : 11 31 0 0 0
BinVal : 11 32 0 0 0
BinVal : 11 33 0 0 0
BinVal : 11 34 0 0 0
BinVal : 11 35 0 0 0
BinVal : 11 36 0 0 0
BinVal : 11 37 0 0 0
BinVal : 11 38 0 0 0
BinVal : 11 39 0 0 0
BinVal : 11 40 0 0 0
BinVal : 11 41 0 0 0
BinVal : 11 42 0 0 0
BinVal : 11 43 0 0 0
BinVal : 12 0 0 0 0
BinVal : 12 1 0 0 0
BinVal : 12 2 0 0 0
BinVal : 12 3 0 0 0
BinVal : 12 4 0 0 0
BinVal : 12 5 0 0 0
BinVal : 12 6 0 0 0
BinVal : 12 7 0 0 0
BinVal : 12 8 0 0 0
BinVal : 12 9 0 0 0
BinVal : 12 10 0 0 0
BinVal : 12 11 0 0 0
BinVal : 12 12 0 0 0
BinVal : 12 13 0.384615 0.134932 0.134932
BinVal : 12 14 0.787879 0.0711647 0.0711647
BinVal : 12 15 1 0.0101533 0.0101533
BinVal : 12 16 0.982456 0.0173893 0.0173893
BinVal : 12 17 0.979592 0.0201988 0.0201988
BinVal : 12 18 0.913793 0.0368537 0.0368537
BinVal : 12 19 0.836735 0.0528011 0.0528011
BinVal : 12 20 0.980392 0.0194147 0.0194147
BinVal : 12 21 0.777778 0.0523783 0.0523783
BinVal : 12 22 0.931035 0.0332725 0.0332725
BinVal : 12 23 0.886364 0.0478452 0.0478452
BinVal : 12 24 1 0.0134912 0.0134912
BinVal : 12 25 1 0.00932837 0.00932837
BinVal : 12 26 0.842105 0.0591528 0.0591528
BinVal : 12 27 0.920635 0.0340556 0.0340556
BinVal : 12 28 0.981132 0.0186891 0.0186891
BinVal : 12 29 0.938776 0.0342488 0.0342488
BinVal : 12 30 0.428571 0.13226 0.13226
BinVal : 12 31 0 0 0
BinVal : 12 32 0 0 0
BinVal : 12 33 0 0 0
BinVal : 12 34 0 0 0
BinVal : 12 35 0 0 0
BinVal : 12 36 0 0 0
BinVal : 12 37 0 0 0
BinVal : 12 38 0 0 0
BinVal : 12 39 0 0 0
BinVal : 12 40 0 0 0
BinVal : 12 41 0 0 0
BinVal : 12 42 0 0 0
BinVal : 12 43 0 0 0
BinVal : 13 0 0 0 0
BinVal : 13 1 0 0 0
BinVal : 13 2 0 0 0
BinVal : 13 3 0 0 0
BinVal : 13 4 0 0 0
BinVal : 13 5 0 0 0
BinVal : 13 6 0 0 0
BinVal : 13 7 0 0 0
BinVal : 13 8 0 0 0
BinVal : 13 9 0 0 0
BinVal : 13 10 0 0 0
BinVal : 13 11 0 0 0
BinVal : 13 12 0 0 0
BinVal : 13 13 0.5 0.0980581 0.0980581
BinVal : 13 14 0.910448 0.0348842 0.0348842
BinVal : 13 15 1 0.0103354 0.0103354
BinVal : 13 16 0.972973 0.018851 0.018851
BinVal : 13 17 0.981132 0.0186891 0.0186891
BinVal : 13 18 1 0.00903559 0.00903559
BinVal : 13 19 0.95 0.024367 0.024367
BinVal : 13 20 0.978022 0.0153691 0.0153691
BinVal : 13 21 0.735632 0.0472797 0.0472797
BinVal : 13 22 0.987179 0.0127381 0.0127381
BinVal : 13 23 0.986486 0.0134219 0.0134219
BinVal : 13 24 0.985294 0.0145974 0.0145974
BinVal : 13 25 1 0.00791502 0.00791502
BinVal : 13 26 0.984375 0.0155024 0.0155024
BinVal : 13 27 0.964912 0.0243716 0.0243716
BinVal : 13 28 0.987013 0.0129024 0.0129024
BinVal : 13 29 1 0.0126033 0.0126033
BinVal : 13 30 0.263158 0.101023 0.101023
BinVal : 13 31 0 0 0
BinVal : 13 32 0 0 0
BinVal : 13 33 0 0 0
BinVal : 13 34 0 0 0
BinVal : 13 35 0 0 0
BinVal : 13 36 0 0 0
BinVal : 13 37 0 0 0
BinVal : 13 38 0 0 0
BinVal : 13 39 0 0 0
BinVal : 13 40 0 0 0
BinVal : 13 41 0 0 0
BinVal : 13 42 0 0 0
BinVal : 13 43 0 0 0
BinVal : 14 0 0 0 0
BinVal : 14 1 0 0 0
BinVal : 14 2 0 0 0
BinVal : 14 3 0 0 0
BinVal : 14 4 0 0 0
BinVal : 14 5 0 0 0
BinVal : 14 6 0 0 0
BinVal : 14 7 0 0 0
BinVal : 14 8 0 0 0
BinVal : 14 9 0 0 0
BinVal : 14 10 0 0 0
BinVal : 14 11 0 0 0
BinVal : 14 12 0 0 0
BinVal : 14 13 0.68 0.0932952 0.0932952
BinVal : 14 14 0.96875 0.0217491 0.0217491
BinVal : 14 15 0.97619 0.0166342 0.0166342
BinVal : 14 16 0.95 0.0281366 0.0281366
BinVal : 14 17 1 0.00862837 0.00862837
BinVal : 14 18 1 0.00780725 0.00780725
BinVal : 14 19 0.916667 0.0325723 0.0325723
BinVal : 14 20 0.990566 0.00938936 0.00938936
BinVal : 14 21 0.785047 0.0397126 0.0397126
BinVal : 14 22 0.987805 0.0121205 0.0121205
BinVal : 14 23 0.946237 0.0233885 0.0233885
BinVal : 14 24 0.927536 0.0312105 0.0312105
BinVal : 14 25 1 0.00712919 0.00712919
BinVal : 14 26 1 0.00825644 0.00825644
BinVal : 14 27 0.898551 0.0363472 0.0363472
BinVal : 14 28 0.989247 0.0106947 0.0106947
BinVal : 14 29 1 0.0074048 0.0074048
BinVal : 14 30 0.222222 0.0979908 0.0979908
BinVal : 14 31 0 0 0
BinVal : 14 32 0 0 0
BinVal : 14 33 0 0 0
BinVal : 14 34 0 0 0
BinVal : 14 35 0 0 0
BinVal : 14 36 0 0 0
BinVal : 14 37 0 0 0
BinVal : 14 38 0 0 0
BinVal : 14 39 0 0 0
BinVal : 14 40 0 0 0
BinVal : 14 41 0 0 0
BinVal : 14 42 0 0 0
BinVal : 14 43 0 0 0
BinVal : 15 0 0 0 0
BinVal : 15 1 0 0 0
BinVal : 15 2 0 0 0
BinVal : 15 3 0 0 0
BinVal : 15 4 0 0 0
BinVal : 15 5 0 0 0
BinVal : 15 6 0 0 0
BinVal : 15 7 0 0 0
BinVal : 15 8 0 0 0
BinVal : 15 9 0 0 0
BinVal : 15 10 0 0 0
BinVal : 15 11 0 0 0
BinVal : 15 12 0 0 0
BinVal : 15 13 0.4 0.126491 0.126491
BinVal : 15 14 0.956522 0.030068 0.030068
BinVal : 15 15 1 0.00850058 0.00850058
BinVal : 15 16 0.78125 0.0516748 0.0516748
BinVal : 15 17 0.962963 0.0256996 0.0256996
BinVal : 15 18 0.727273 0.0600526 0.0600526
BinVal : 15 19 0.934211 0.0284377 0.0284377
BinVal : 15 20 1 0.00613832 0.00613832
BinVal : 15 21 0.715909 0.0480747 0.0480747
BinVal : 15 22 0.990909 0.00904949 0.00904949
BinVal : 15 23 0.94382 0.0244084 0.0244084
BinVal : 15 24 0.958904 0.0232341 0.0232341
BinVal : 15 25 0.961538 0.0266683 0.0266683
BinVal : 15 26 1 0.00704145 0.00704145
BinVal : 15 27 0.647059 0.0669172 0.0669172
BinVal : 15 28 0.974684 0.0176734 0.0176734
BinVal : 15 29 1 0.00964212 0.00964212
BinVal : 15 30 0.210526 0.0935288 0.0935288
BinVal : 15 31 0 0 0
BinVal : 15 32 0 0 0
BinVal : 15 33 0 0 0
BinVal : 15 34 0 0 0
BinVal : 15 35 0 0 0
BinVal : 15 36 0 0 0
BinVal : 15 37 0 0 0
BinVal : 15 38 0 0 0
BinVal : 15 39 0 0 0
BinVal : 15 40 0 0 0
BinVal : 15 41 0 0 0
BinVal : 15 42 0 0 0
BinVal : 15 43 0 0 0
BinVal : 16 0 0 0 0
BinVal : 16 1 0 0 0
BinVal : 16 2 0 0 0
BinVal : 16 3 0 0 0
BinVal : 16 4 0 0 0
BinVal : 16 5 0 0 0
BinVal : 16 6 0 0 0
BinVal : 16 7 0 0 0
BinVal : 16 8 0 0 0
BinVal : 16 9 0 0 0
BinVal : 16 10 0 0 0
BinVal : 16 11 0 0 0
BinVal : 16 12 0 0 0
BinVal : 16 13 0.294118 0.11051 0.11051
BinVal : 16 14 1 0.00903559 0.00903559
BinVal : 16 15 0.983607 0.0162585 0.0162585
BinVal : 16 16 0.885246 0.0408085 0.0408085
BinVal : 16 17 0.985294 0.0145974 0.0145974
BinVal : 16 18 1 0.00903559 0.00903559
BinVal : 16 19 0.901235 0.0331496 0.0331496
BinVal : 16 20 1 0.00627279 0.00627279
BinVal : 16 21 0.716814 0.0423838 0.0423838
BinVal : 16 22 0.990991 0.00896834 0.00896834
BinVal : 16 23 0.938144 0.024459 0.024459
BinVal : 16 24 0.945455 0.0306209 0.0306209
BinVal : 16 25 0.985075 0.0148136 0.0148136
BinVal : 16 26 1 0.00731039 0.00731039
BinVal : 16 27 0.894737 0.0406489 0.0406489
BinVal : 16 28 1 0.00825644 0.00825644
BinVal : 16 29 1 0.0101533 0.0101533
BinVal : 16 30 0.421053 0.113269 0.113269
BinVal : 16 31 0 0 0
BinVal : 16 32 0 0 0
BinVal : 16 33 0 0 0
BinVal : 16 34 0 0 0
BinVal : 16 35 0 0 0
BinVal : 16 36 0 0 0
BinVal : 16 37 0 0 0
BinVal : 16 38 0 0 0
BinVal : 16 39 0 0 0
BinVal : 16 40 0 0 0
BinVal : 16 41 0 0 0
BinVal : 16 42 0 0 0
BinVal : 16 43 0 0 0
BinVal : 17 0 0 0 0
BinVal : 17 1 0 0 0
BinVal : 17 2 0 0 0
BinVal : 17 3 0 0 0
BinVal : 17 4 0 0 0
BinVal : 17 5 0 0 0
BinVal : 17 6 0 0 0
BinVal : 17 7 0 0 0
BinVal : 17 8 0 0 0
BinVal : 17 9 0 0 0
BinVal : 17 10 0 0 0
BinVal : 17 11 0 0 0
BinVal : 17 12 0 0 0
BinVal : 17 13 0.5 0.0980581 0.0980581
BinVal : 17 14 1 0.00802565 0.00802565
BinVal : 17 15 0.980198 0.0138628 0.0138628
BinVal : 17 16 0.959459 0.0229267 0.0229267
BinVal : 17 17 0.976744 0.016252 0.016252
BinVal : 17 18 0.987179 0.0127381 0.0127381
BinVal : 17 19 0.955056 0.0219611 0.0219611
BinVal : 17 20 1 0.00446749 0.00446749
BinVal : 17 21 0.857143 0.031174 0.031174
BinVal : 17 22 1 0.00450277 0.00450277
BinVal : 17 23 0.909091 0.0261345 0.0261345
BinVal : 17 24 0.951807 0.0235086 0.0235086
BinVal : 17 25 0.981132 0.0186891 0.0186891
BinVal : 17 26 1 0.00634241 0.00634241
BinVal : 17 27 0.960526 0.0223358 0.0223358
BinVal : 17 28 0.988636 0.0112989 0.0112989
BinVal : 17 29 0.988095 0.0118337 0.0118337
BinVal : 17 30 0.484848 0.0869989 0.0869989
BinVal : 17 31 0 0 0
BinVal : 17 32 0 0 0
BinVal : 17 33 0 0 0
BinVal : 17 34 0 0 0
BinVal : 17 35 0 0 0
BinVal : 17 36 0 0 0
BinVal : 17 37 0 0 0
BinVal : 17 38 0 0 0
BinVal : 17 39 0 0 0
BinVal : 17 40 0 0 0
BinVal : 17 41 0 0 0
BinVal : 17 42 0 0 0
BinVal : 17 43 0 0 0
BinVal : 18 0 0 0 0
BinVal : 18 1 0 0 0
BinVal : 18 2 0 0 0
BinVal : 18 3 0 0 0
BinVal : 18 4 0 0 0
BinVal : 18 5 0 0 0
BinVal : 18 6 0 0 0
BinVal : 18 7 0 0 0
BinVal : 18 8 0 0 0
BinVal : 18 9 0 0 0
BinVal : 18 10 0 0 0
BinVal : 18 11 0 0 0
BinVal : 18 12 0 0 0
BinVal : 18 13 0.52381 0.108985 0.108985
BinVal : 18 14 0.979798 0.01414 0.01414
BinVal : 18 15 1 0.00634241 0.00634241
BinVal : 18 16 0.983607 0.0162585 0.0162585
BinVal : 18 17 1 0.00903559 0.00903559
BinVal : 18 18 0.974026 0.0181263 0.0181263
BinVal : 18 19 1 0.00780725 0.00780725
BinVal : 18 20 0.965217 0.0170862 0.0170862
BinVal : 18 21 0.846847 0.0341825 0.0341825
BinVal : 18 22 0.981818 0.0127391 0.0127391
BinVal : 18 23 0.96 0.0195959 0.0195959
BinVal : 18 24 0.989011 0.0109285 0.0109285
BinVal : 18 25 1 0.00780725 0.00780725
BinVal : 18 26 0.923077 0.0330515 0.0330515
BinVal : 18 27 0.977273 0.0158869 0.0158869
BinVal : 18 28 0.986842 0.013071 0.013071
BinVal : 18 29 0.986486 0.0134219 0.0134219
BinVal : 18 30 0.428571 0.10799 0.10799
BinVal : 18 31 0 0 0
BinVal : 18 32 0 0 0
BinVal : 18 33 0 0 0
BinVal : 18 34 0 0 0
BinVal : 18 35 0 0 0
BinVal : 18 36 0 0 0
BinVal : 18 37 0 0 0
BinVal : 18 38 0 0 0
BinVal : 18 39 0 0 0
BinVal : 18 40 0 0 0
BinVal : 18 41 0 0 0
BinVal : 18 42 0 0 0
BinVal : 18 43 0 0 0
BinVal : 19 0 0 0 0
BinVal : 19 1 0 0 0
BinVal : 19 2 0 0 0
BinVal : 19 3 0 0 0
BinVal : 19 4 0 0 0
BinVal : 19 5 0 0 0
BinVal : 19 6 0 0 0
BinVal : 19 7 0 0 0
BinVal : 19 8 0 0 0
BinVal : 19 9 0 0 0
BinVal : 19 10 0 0 0
BinVal : 19 11 0 0 0
BinVal : 19 12 0 0 0
BinVal : 19 13 0.6 0.109545 0.109545
BinVal : 19 14 0.965517 0.0239589 0.0239589
BinVal : 19 15 0.960784 0.0271805 0.0271805
BinVal : 19 16 0.966667 0.0231741 0.0231741
BinVal : 19 17 0.951219 0.0336412 0.0336412
BinVal : 19 18 1 0.017632 0.017632
BinVal : 19 19 0.97561 0.0170349 0.0170349
BinVal : 19 20 0.576271 0.0643326 0.0643326
BinVal : 19 21 0.833333 0.0421975 0.0421975
BinVal : 19 22 0.947368 0.0256139 0.0256139
BinVal : 19 23 0.961538 0.0266683 0.0266683
BinVal : 19 24 0.945455 0.0306209 0.0306209
BinVal : 19 25 0.763158 0.0689676 0.0689676
BinVal : 19 26 0.886792 0.0435222 0.0435222
BinVal : 19 27 0.95082 0.0276873 0.0276873
BinVal : 19 28 0.931035 0.0332725 0.0332725
BinVal : 19 29 0.9 0.0474342 0.0474342
BinVal : 19 30 0.461538 0.138264 0.138264
BinVal : 19 31 0 0 0
BinVal : 19 32 0 0 0
BinVal : 19 33 0 0 0
BinVal : 19 34 0 0 0
BinVal : 19 35 0 0 0
BinVal : 19 36 0 0 0
BinVal : 19 37 0 0 0
BinVal : 19 38 0 0 0
BinVal : 19 39 0 0 0
BinVal : 19 40 0 0 0
BinVal : 19 41 0 0 0
BinVal : 19 42 0 0 0
BinVal : 19 43 0 0 0
BinVal : 20 0 0 0 0
BinVal : 20 1 0 0 0
BinVal : 20 2 0 0 0
BinVal : 20 3 0 0 0
BinVal : 20 4 0 0 0
BinVal : 20 5 0 0 0
BinVal : 20 6 0 0 0
BinVal : 20 7 0 0 0
BinVal : 20 8 0 0 0
BinVal : 20 9 0 0 0
BinVal : 20 10 0 0 0
BinVal : 20 11 0 0 0
BinVal : 20 12 0 0 0
BinVal : 20 13 0.705882 0.11051 0.11051
BinVal : 20 14 0.964912 0.0243716 0.0243716
BinVal : 20 15 0.985294 0.0145974 0.0145974
BinVal : 20 16 1 0.0201001 0.0201001
BinVal : 20 17 1 0.0422902 0.0422902
BinVal : 20 18 1 0.0599198 0.0599198
BinVal : 20 19 1 0.0118251 0.0118251
BinVal : 20 20 1 0.00721884 0.00721884
BinVal : 20 21 1 0.00634241 0.00634241
BinVal : 20 22 0.987654 0.0122692 0.0122692
BinVal : 20 23 1 0.00875998 0.00875998
BinVal : 20 24 0.974359 0.0253102 0.0253102
BinVal : 20 25 1 0.0422902 0.0422902
BinVal : 20 26 1 0.039392 0.039392
BinVal : 20 27 0.958333 0.0407894 0.0407894
BinVal : 20 28 0.941176 0.0329478 0.0329478
BinVal : 20 29 0.954545 0.0314022 0.0314022
BinVal : 20 30 0.533333 0.128812 0.128812
BinVal : 20 31 0 0 0
BinVal : 20 32 0 0 0
BinVal : 20 33 0 0 0
BinVal : 20 34 0 0 0
BinVal : 20 35 0 0 0
BinVal : 20 36 0 0 0
BinVal : 20 37 0 0 0
BinVal : 20 38 0 0 0
BinVal : 20 39 0 0 0
BinVal : 20 40 0 0 0
BinVal : 20 41 0 0 0
BinVal : 20 42 0 0 0
BinVal : 20 43 0 0 0
BinVal : 21 0 0 0 0
BinVal : 21 1 0 0 0
BinVal : 21 2 0 0 0
BinVal : 21 3 0 0 0
BinVal : 21 4 0 0 0
BinVal : 21 5 0 0 0
BinVal : 21 6 0 0 0
BinVal : 21 7 0 0 0
BinVal : 21 8 0 0 0
BinVal : 21 9 0 0 0
BinVal : 21 10 0 0 0
BinVal : 21 11 0 0 0
BinVal : 21 12 0 0 0
BinVal : 21 13 0.727273 0.0949515 0.0949515
BinVal : 21 14 0.986842 0.013071 0.013071
BinVal : 21 15 1 0.0103354 0.0103354
BinVal : 21 16 1 0.0668855 0.0668855
BinVal : 21 17 0.985075 0.0148136 0.0148136
BinVal : 21 18 1 0.0201001 0.0201001
BinVal : 21 19 1 0.00671244 0.00671244
BinVal : 21 20 1 0.00634241 0.00634241
BinVal : 21 21 1 0.00519514 0.00519514
BinVal : 21 22 1 0.0053401 0.0053401
BinVal : 21 23 1 0.00760031 0.00760031
BinVal : 21 24 1 0.00712919 0.00712919
BinVal : 21 25 0.970588 0.028976 0.028976
BinVal : 21 26 1 0.0083766 0.0083766
BinVal : 21 27 0.909091 0.0866784 0.0866784
BinVal : 21 28 1 0.00791502 0.00791502
BinVal : 21 29 0.987179 0.0127381 0.0127381
BinVal : 21 30 0.565217 0.103367 0.103367
BinVal : 21 31 0 0 0
BinVal : 21 32 0 0 0
BinVal : 21 33 0 0 0
BinVal : 21 34 0 0 0
BinVal : 21 35 0 0 0
BinVal : 21 36 0 0 0
BinVal : 21 37 0 0 0
BinVal : 21 38 0 0 0
BinVal : 21 39 0 0 0
BinVal : 21 40 0 0 0
BinVal : 21 41 0 0 0
BinVal : 21 42 0 0 0
BinVal : 21 43 0 0 0
BinVal : 22 0 0 0 0
BinVal : 22 1 0 0 0
BinVal : 22 2 0 0 0
BinVal : 22 3 0 0 0
BinVal : 22 4 0 0 0
BinVal : 22 5 0 0 0
BinVal : 22 6 0 0 0
BinVal : 22 7 0 0 0
BinVal : 22 8 0 0 0
BinVal : 22 9 0 0 0
BinVal : 22 10 0 0 0
BinVal : 22 11 0 0 0
BinVal : 22 12 0 0 0
BinVal : 22 13 0.615385 0.0954113 0.0954113
BinVal : 22 14 1 0.00731039 0.00731039
BinVal : 22 15 1 0.0138164 0.0138164
BinVal : 22 16 0 0 0
BinVal : 22 17 0 0 0
BinVal : 22 18 0 0 0
BinVal : 22 19 0 0 0
BinVal : 22 20 1 0.218486 0.218486
BinVal : 22 21 0 0 0
BinVal : 22 22 1 0.218486 0.218486
BinVal : 22 23 0 0 0
BinVal : 22 24 0 0 0
BinVal : 22 25 0 0 0
BinVal : 22 26 0 0 0
BinVal : 22 27 0 0 0
BinVal : 22 28 1 0.0134912 0.0134912
BinVal : 22 29 0.984375 0.0155024 0.0155024
BinVal : 22 30 0.666667 0.102869 0.102869
BinVal : 22 31 0 0 0
BinVal : 22 32 0 0 0
BinVal : 22 33 0 0 0
BinVal : 22 34 0 0 0
BinVal : 22 35 0 0 0
BinVal : 22 36 0 0 0
BinVal : 22 37 0 0 0
BinVal : 22 38 0 0 0
BinVal : 22 39 0 0 0
BinVal : 22 40 0 0 0
BinVal : 22 41 0 0 0
BinVal : 22 42 0 0 0
BinVal : 22 43 0 0 0
BinVal : 23 0 0 0 0
BinVal : 23 1 0 0 0
BinVal : 23 2 0 0 0
BinVal : 23 3 0 0 0
BinVal : 23 4 0 0 0
BinVal : 23 5 0 0 0
BinVal : 23 6 0 0 0
BinVal : 23 7 0 0 0
BinVal : 23 8 0 0 0
BinVal : 23 9 0 0 0
BinVal : 23 10 0 0 0
BinVal : 23 11 0 0 0
BinVal : 23 12 0 0 0
BinVal : 23 13 0.8125 0.0975781 0.0975781
BinVal : 23 14 0.983607 0.0162585 0.0162585
BinVal : 23 15 1 0.0208287 0.0208287
BinVal : 23 16 0 0 0
BinVal : 23 17 0 0 0
BinVal : 23 18 0 0 0
BinVal : 23 19 0 0 0
BinVal : 23 20 0 0 0
BinVal : 23 21 0 0 0
BinVal : 23 22 0 0 0
BinVal : 23 23 0 0 0
BinVal : 23 24 0 0 0
BinVal : 23 25 0 0 0
BinVal : 23 26 0 0 0
BinVal : 23 27 0 0 0
BinVal : 23 28 1 0.0194201 0.0194201
BinVal : 23 29 0.982143 0.017697 0.017697
BinVal : 23 30 0.75 0.0968246 0.0968246
BinVal : 23 31 0 0 0
BinVal : 23 32 0 0 0
BinVal : 23 33 0 0 0
BinVal : 23 34 0 0 0
BinVal : 23 35 0 0 0
BinVal : 23 36 0 0 0
BinVal : 23 37 0 0 0
BinVal : 23 38 0 0 0
BinVal : 23 39 0 0 0
BinVal : 23 40 0 0 0
BinVal : 23 41 0 0 0
BinVal : 23 42 0 0 0
BinVal : 23 43 0 0 0
BinVal : 24 0 0 0 0
BinVal : 24 1 0 0 0
BinVal : 24 2 0 0 0
BinVal : 24 3 0 0 0
BinVal : 24 4 0 0 0
BinVal : 24 5 0 0 0
BinVal : 24 6 0 0 0
BinVal : 24 7 0 0 0
BinVal : 24 8 0 0 0
BinVal : 24 9 0 0 0
BinVal : 24 10 0 0 0
BinVal : 24 11 0 0 0
BinVal : 24 12 0 0 0
BinVal : 24 13 0.631579 0.110665 0.110665
BinVal : 24 14 0.978261 0.0215015 0.0215015
BinVal : 24 15 0.961538 0.0377146 0.0377146
BinVal : 24 16 0 0 0
BinVal : 24 17 0 0 0
BinVal : 24 18 0 0 0
BinVal : 24 19 0 0 0
BinVal : 24 20 0 0 0
BinVal : 24 21 0 0 0
BinVal : 24 22 0 0 0
BinVal : 24 23 0 0 0
BinVal : 24 24 0 0 0
BinVal : 24 25 0 0 0
BinVal : 24 26 0 0 0
BinVal : 24 27 0 0 0
BinVal : 24 28 1 0.0224566 0.0224566
BinVal : 24 29 1 0.00948286 0.00948286
BinVal : 24 30 0.583333 0.142319 0.142319
BinVal : 24 31 0 0 0
BinVal : 24 32 0 0 0
BinVal : 24 33 0 0 0
BinVal : 24 34 0 0 0
BinVal : 24 35 0 0 0
BinVal : 24 36 0 0 0
BinVal : 24 37 0 0 0
BinVal : 24 38 0 0 0
BinVal : 24 39 0 0 0
BinVal : 24 40 0 0 0
BinVal : 24 41 0 0 0
BinVal : 24 42 0 0 0
BinVal : 24 43 0 0 0
BinVal : 25 0 0 0 0
BinVal : 25 1 0 0 0
BinVal : 25 2 0 0 0
BinVal : 25 3 0 0 0
BinVal : 25 4 0 0 0
BinVal : 25 5 0 0 0
BinVal : 25 6 0 0 0
BinVal : 25 7 0 0 0
BinVal : 25 8 0 0 0
BinVal : 25 9 0 0 0
BinVal : 25 10 0 0 0
BinVal : 25 11 0 0 0
BinVal : 25 12 0 0 0
BinVal : 25 13 0.833333 0.0760726 0.0760726
BinVal : 25 14 1 0.00813913 0.00813913
BinVal : 25 15 1 0.017632 0.017632
BinVal : 25 16 0 0 0
BinVal : 25 17 0 0 0
BinVal : 25 18 0 0 0
BinVal : 25 19 0 0 0
BinVal : 25 20 0 0 0
BinVal : 25 21 0 0 0
BinVal : 25 22 0 0 0
BinVal : 25 23 0 0 0
BinVal : 25 24 0 0 0
BinVal : 25 25 1 0.218486 0.218486
BinVal : 25 26 0 0 0
BinVal : 25 27 0 0 0
BinVal : 25 28 1 0.012074 0.012074
BinVal : 25 29 1 0.0101533 0.0101533
BinVal : 25 30 0.6 0.126491 0.126491
BinVal : 25 31 0 0 0
BinVal : 25 32 0 0 0
BinVal : 25 33 0 0 0
BinVal : 25 34 0 0 0
BinVal : 25 35 0 0 0
BinVal : 25 36 0 0 0
BinVal : 25 37 0 0 0
BinVal : 25 38 0 0 0
BinVal : 25 39 0 0 0
BinVal : 25 40 0 0 0
BinVal : 25 41 0 0 0
BinVal : 25 42 0 0 0
BinVal : 25 43 0 0 0
BinVal : 26 0 0 0 0
BinVal : 26 1 0 0 0
BinVal : 26 2 0 0 0
BinVal : 26 3 0 0 0
BinVal : 26 4 0 0 0
BinVal : 26 5 0 0 0
BinVal : 26 6 0 0 0
BinVal : 26 7 0 0 0
BinVal : 26 8 0 0 0
BinVal : 26 9 0 0 0
BinVal : 26 10 0 0 0
BinVal : 26 11 0 0 0
BinVal : 26 12 0 0 0
BinVal : 26 13 0.789474 0.0935288 0.0935288
BinVal : 26 14 1 0.00903559 0.00903559
BinVal : 26 15 0.941176 0.0329478 0.0329478
BinVal : 26 16 0.666667 0.272166 0.272166
BinVal : 26 17 1 0.0138164 0.0138164
BinVal : 26 18 1 0.0171075 0.0171075
BinVal : 26 19 1 0.00704145 0.00704145
BinVal : 26 20 1 0.00731039 0.00731039
BinVal : 26 21 1 0.00791502 0.00791502
BinVal : 26 22 0.908046 0.0309799 0.0309799
BinVal : 26 23 0.9 0.033541 0.033541
BinVal : 26 24 0.926471 0.0316513 0.0316513
BinVal : 26 25 1 0.0309157 0.0309157
BinVal : 26 26 0.9 0.0547723 0.0547723
BinVal : 26 27 1 0.0871301 0.0871301
BinVal : 26 28 0.957447 0.0294425 0.0294425
BinVal : 26 29 0.983607 0.0162585 0.0162585
BinVal : 26 30 0.789474 0.0935288 0.0935288
BinVal : 26 31 0 0 0
BinVal : 26 32 0 0 0
BinVal : 26 33 0 0 0
BinVal : 26 34 0 0 0
BinVal : 26 35 0 0 0
BinVal : 26 36 0 0 0
BinVal : 26 37 0 0 0
BinVal : 26 38 0 0 0
BinVal : 26 39 0 0 0
BinVal : 26 40 0 0 0
BinVal : 26 41 0 0 0
BinVal : 26 42 0 0 0
BinVal : 26 43 0 0 0
BinVal : 27 0 0 0 0
BinVal : 27 1 0 0 0
BinVal : 27 2 0 0 0
BinVal : 27 3 0 0 0
BinVal : 27 4 0 0 0
BinVal : 27 5 0 0 0
BinVal : 27 6 0 0 0
BinVal : 27 7 0 0 0
BinVal : 27 8 0 0 0
BinVal : 27 9 0 0 0
BinVal : 27 10 0 0 0
BinVal : 27 11 0 0 0
BinVal : 27 12 0 0 0
BinVal : 27 13 0.928571 0.0688303 0.0688303
BinVal : 27 14 0.969697 0.0298404 0.0298404
BinVal : 27 15 0.919355 0.0345808 0.0345808
BinVal : 27 16 0.904762 0.0640564 0.0640564
BinVal : 27 17 1 0.039392 0.039392
BinVal : 27 18 1 0.0756803 0.0756803
BinVal : 27 19 1 0.0134912 0.0134912
BinVal : 27 20 1 0.00731039 0.00731039
BinVal : 27 21 1 0.00620508 0.00620508
BinVal : 27 22 0.878788 0.0328018 0.0328018
BinVal : 27 23 0.875 0.0389756 0.0389756
BinVal : 27 24 0.955556 0.0307207 0.0307207
BinVal : 27 25 1 0.0668855 0.0668855
BinVal : 27 26 1 0.039392 0.039392
BinVal : 27 27 0.911765 0.0486433 0.0486433
BinVal : 27 28 0.912281 0.0374692 0.0374692
BinVal : 27 29 0.942308 0.0323336 0.0323336
BinVal : 27 30 0.904762 0.0640564 0.0640564
BinVal : 27 31 0 0 0
BinVal : 27 32 0 0 0
BinVal : 27 33 0 0 0
BinVal : 27 34 0 0 0
BinVal : 27 35 0 0 0
BinVal : 27 36 0 0 0
BinVal : 27 37 0 0 0
BinVal : 27 38 0 0 0
BinVal : 27 39 0 0 0
BinVal : 27 40 0 0 0
BinVal : 27 41 0 0 0
BinVal : 27 42 0 0 0
BinVal : 27 43 0 0 0
BinVal : 28 0 0 0 0
BinVal : 28 1 0 0 0
BinVal : 28 2 0 0 0
BinVal : 28 3 0 0 0
BinVal : 28 4 0 0 0
BinVal : 28 5 0 0 0
BinVal : 28 6 0 0 0
BinVal : 28 7 0 0 0
BinVal : 28 8 0 0 0
BinVal : 28 9 0 0 0
BinVal : 28 10 0 0 0
BinVal : 28 11 0 0 0
BinVal : 28 12 0 0 0
BinVal : 28 13 0.588235 0.119365 0.119365
BinVal : 28 14 0.95 0.0344601 0.0344601
BinVal : 28 15 0.928571 0.0344151 0.0344151
BinVal : 28 16 0.924242 0.0325712 0.0325712
BinVal : 28 17 0.976744 0.0229838 0.0229838
BinVal : 28 18 0.75 0.0765466 0.0765466
BinVal : 28 19 0.934211 0.0284377 0.0284377
BinVal : 28 20 0.976744 0.0229838 0.0229838
BinVal : 28 21 0.9875 0.0124216 0.0124216
BinVal : 28 22 0.726027 0.0521998 0.0521998
BinVal : 28 23 0.806452 0.0501751 0.0501751
BinVal : 28 24 0.966102 0.02356 0.02356
BinVal : 28 25 0.806452 0.0709583 0.0709583
BinVal : 28 26 0.975 0.0246855 0.0246855
BinVal : 28 27 0.951613 0.027252 0.027252
BinVal : 28 28 0.983333 0.0165272 0.0165272
BinVal : 28 29 0.925926 0.0356389 0.0356389
BinVal : 28 30 0.384615 0.134932 0.134932
BinVal : 28 31 0 0 0
BinVal : 28 32 0 0 0
BinVal : 28 33 0 0 0
BinVal : 28 34 0 0 0
BinVal : 28 35 0 0 0
BinVal : 28 36 0 0 0
BinVal : 28 37 0 0 0
BinVal : 28 38 0 0 0
BinVal : 28 39 0 0 0
BinVal : 28 40 0 0 0
BinVal : 28 41 0 0 0
BinVal : 28 42 0 0 0
BinVal : 28 43 0 0 0
BinVal : 29 0 0 0 0
BinVal : 29 1 0 0 0
BinVal : 29 2 0 0 0
BinVal : 29 3 0 0 0
BinVal : 29 4 0 0 0
BinVal : 29 5 0 0 0
BinVal : 29 6 0 0 0
BinVal : 29 7 0 0 0
BinVal : 29 8 0 0 0
BinVal : 29 9 0 0 0
BinVal : 29 10 0 0 0
BinVal : 29 11 0 0 0
BinVal : 29 12 0 0 0
BinVal : 29 13 0.35 0.106654 0.106654
BinVal : 29 14 1 0.00948286 0.00948286
BinVal : 29 15 0.982456 0.0173893 0.0173893
BinVal : 29 16 0.955882 0.0249031 0.0249031
BinVal : 29 17 0.985075 0.0148136 0.0148136
BinVal : 29 18 1 0.00850058 0.00850058
BinVal : 29 19 0.962025 0.0215044 0.0215044
BinVal : 29 20 0.951807 0.0235086 0.0235086
BinVal : 29 21 1 0.00571108 0.00571108
BinVal : 29 22 1 0.00634241 0.00634241
BinVal : 29 23 0.939024 0.0264247 0.0264247
BinVal : 29 24 0.979592 0.0142827 0.0142827
BinVal : 29 25 1 0.00687265 0.00687265
BinVal : 29 26 0.981481 0.0183463 0.0183463
BinVal : 29 27 0.950617 0.024074 0.024074
BinVal : 29 28 1 0.00721884 0.00721884
BinVal : 29 29 1 0.00850058 0.00850058
BinVal : 29 30 0.304348 0.0959439 0.0959439
BinVal : 29 31 0 0 0
BinVal : 29 32 0 0 0
BinVal : 29 33 0 0 0
BinVal : 29 34 0 0 0
BinVal : 29 35 0 0 0
BinVal : 29 36 0 0 0
BinVal : 29 37 0 0 0
BinVal : 29 38 0 0 0
BinVal : 29 39 0 0 0
BinVal : 29 40 0 0 0
BinVal : 29 41 0 0 0
BinVal : 29 42 0 0 0
BinVal : 29 43 0 0 0
BinVal : 30 0 0 0 0
BinVal : 30 1 0 0 0
BinVal : 30 2 0 0 0
BinVal : 30 3 0 0 0
BinVal : 30 4 0 0 0
BinVal : 30 5 0 0 0
BinVal : 30 6 0 0 0
BinVal : 30 7 0 0 0
BinVal : 30 8 0 0 0
BinVal : 30 9 0 0 0
BinVal : 30 10 0 0 0
BinVal : 30 11 0 0 0
BinVal : 30 12 0 0 0
BinVal : 30 13 0.545455 0.106159 0.106159
BinVal : 30 14 1 0.00825644 0.00825644
BinVal : 30 15 0.985294 0.0145974 0.0145974
BinVal : 30 16 0.968254 0.0220886 0.0220886
BinVal : 30 17 0.985075 0.0148136 0.0148136
BinVal : 30 18 1 0.0103354 0.0103354
BinVal : 30 19 0.956522 0.0245504 0.0245504
BinVal : 30 20 0.980392 0.0137282 0.0137282
BinVal : 30 21 1 0.00484419 0.00484419
BinVal : 30 22 0.991453 0.0085104 0.0085104
BinVal : 30 23 0.909091 0.0261345 0.0261345
BinVal : 30 24 0.925926 0.029099 0.029099
BinVal : 30 25 1 0.0105252 0.0105252
BinVal : 30 26 0.985714 0.0141833 0.0141833
BinVal : 30 27 0.954545 0.0256398 0.0256398
BinVal : 30 28 1 0.00731039 0.00731039
BinVal : 30 29 0.985075 0.0148136 0.0148136
BinVal : 30 30 0.642857 0.0905522 0.0905522
BinVal : 30 31 0 0 0
BinVal : 30 32 0 0 0
BinVal : 30 33 0 0 0
BinVal : 30 34 0 0 0
BinVal : 30 35 0 0 0
BinVal : 30 36 0 0 0
BinVal : 30 37 0 0 0
BinVal : 30 38 0 0 0
BinVal : 30 39 0 0 0
BinVal : 30 40 0 0 0
BinVal : 30 41 0 0 0
BinVal : 30 42 0 0 0
BinVal : 30 43 0 0 0
BinVal : 31 0 0 0 0
BinVal : 31 1 0 0 0
BinVal : 31 2 0 0 0
BinVal : 31 3 0 0 0
BinVal : 31 4 0 0 0
BinVal : 31 5 0 0 0
BinVal : 31 6 0 0 0
BinVal : 31 7 0 0 0
BinVal : 31 8 0 0 0
BinVal : 31 9 0 0 0
BinVal : 31 10 0 0 0
BinVal : 31 11 0 0 0
BinVal : 31 12 0 0 0
BinVal : 31 13 0.517241 0.0927925 0.0927925
BinVal : 31 14 0.979167 0.0206152 0.0206152
BinVal : 31 15 1 0.00721884 0.00721884
BinVal : 31 16 0.864407 0.044571 0.044571
BinVal : 31 17 1 0.00850058 0.00850058
BinVal : 31 18 1 0.0103354 0.0103354
BinVal : 31 19 0.936709 0.0273943 0.0273943
BinVal : 31 20 0.946237 0.0233885 0.0233885
BinVal : 31 21 1 0.00704145 0.00704145
BinVal : 31 22 1 0.00524187 0.00524187
BinVal : 31 23 1 0.00594759 0.00594759
BinVal : 31 24 0.917808 0.0321461 0.0321461
BinVal : 31 25 1 0.0111375 0.0111375
BinVal : 31 26 1 0.00917959 0.00917959
BinVal : 31 27 0.745455 0.058737 0.058737
BinVal : 31 28 0.955056 0.0219611 0.0219611
BinVal : 31 29 1 0.00862837 0.00862837
BinVal : 31 30 0.565217 0.103367 0.103367
BinVal : 31 31 0 0 0
BinVal : 31 32 0 0 0
BinVal : 31 33 0 0 0
BinVal : 31 34 0 0 0
BinVal : 31 35 0 0 0
BinVal : 31 36 0 0 0
BinVal : 31 37 0 0 0
BinVal : 31 38 0 0 0
BinVal : 31 39 0 0 0
BinVal : 31 40 0 0 0
BinVal : 31 41 0 0 0
BinVal : 31 42 0 0 0
BinVal : 31 43 0 0 0
