Comments : includes prescale inefficiency, cosmic veto applied 
EffMethod : TagAndProbe 
EffName : eff 
EffType : Binned 
EffVarNames : phi deteta 
EffVersion : 5 
ObjQuality : SingleMuonTriggersOR-AND-MuFromMuJets 
ObjRelativeTo : medium_tracknewmedium_iso_NPTightDeltaR 
ObjType : MuANDSingleMuonOR 
ObjVersion : 1 
RunRangeHigh : -1 
RunRangeLow : -1 
TriggerVersionHigh : 10.3 
TriggerVersionLow : 8 
BinEdges1 : 0 3.9 4.25 5.15 5.5 6.2832 
BinEdges2 : -2.2 -1.9 -1.6 -1.4 -1.2 -1 -0.6 -0.2 0.2 0.6 1 1.2 1.4 1.6 1.9 2.2 
BinVal : 0 2     0.28125 0.0794804 0.0794804 0 0
BinVal : 0 3     0.857143 0.0591485 0.0591485 0 0
BinVal : 0 4     0.823529 0.0653787 0.0653787 0 0
BinVal : 0 5     0.893333 0.0356443 0.0356443 0 0
BinVal : 0 6     0.90625 0.0297491 0.0297491 0 0
BinVal : 0 7     0.916667 0.0282085 0.0282085 0 0
BinVal : 0 8     0.814433 0.0394723 0.0394723 0 0
BinVal : 0 9     0.846154 0.0408527 0.0408527 0 0
BinVal : 0 10     0.85 0.0564579 0.0564579 0 0
BinVal : 0 11     0.939394 0.041536 0.041536 0 0
BinVal : 0 12     0.210526 0.0935288 0.0935288 0 0
BinVal : 1 3     1 0.124824 0.124824 0 0
BinVal : 1 4     0.5 0.25 0.25 0 0
BinVal : 1 5     0.214286 0.109664 0.109664 0 0
BinVal : 1 6     0.833333 0.152145 0.152145 0 0
BinVal : 1 7     0.375 0.171163 0.171163 0 0
BinVal : 1 8     0.5 0.144338 0.144338 0 0
BinVal : 1 9     0.3 0.144914 0.144914 0 0
BinVal : 1 11     0.8 0.178885 0.178885 0 0
BinVal : 2 2     0.222222 0.13858 0.13858 0 0
BinVal : 2 3     0.666667 0.121716 0.121716 0 0
BinVal : 2 5     0.153846 0.100068 0.100068 0 0
BinVal : 2 6     0.222222 0.0979908 0.0979908 0 0
BinVal : 2 7     0.0625 0.0605154 0.0605154 0 0
BinVal : 2 8     0.0625 0.0605154 0.0605154 0 0
BinVal : 2 9     0.166667 0.107583 0.107583 0 0
BinVal : 2 11     0.909091 0.0866784 0.0866784 0 0
BinVal : 2 12     0.4 0.154919 0.154919 0 0
BinVal : 3 3     1 0.124824 0.124824 0 0
BinVal : 3 5     0.111111 0.104757 0.104757 0 0
BinVal : 3 6     0.3125 0.115878 0.115878 0 0
BinVal : 3 7     0.0833333 0.0797856 0.0797856 0 0
BinVal : 3 8     0.4 0.126491 0.126491 0 0
BinVal : 3 9     0.357143 0.12806 0.12806 0 0
BinVal : 3 11     0.666667 0.272166 0.272166 0 0
BinVal : 3 12     0.666667 0.272166 0.272166 0 0
BinVal : 4 2     0.2 0.126491 0.126491 0 0
BinVal : 4 3     0.875 0.116927 0.116927 0 0
BinVal : 4 4     0.571429 0.13226 0.13226 0 0
BinVal : 4 5     0.857143 0.0763604 0.0763604 0 0
BinVal : 4 6     0.892857 0.0584512 0.0584512 0 0
BinVal : 4 7     0.826087 0.0790342 0.0790342 0 0
BinVal : 4 8     0.95 0.048734 0.048734 0 0
BinVal : 4 9     0.772727 0.0893461 0.0893461 0 0
BinVal : 4 10     0.846154 0.100068 0.100068 0 0
BinVal : 4 11     1 0.0871301 0.0871301 0 0


Comments : includes prescale inefficiency, cosmic veto applied 
EffMethod : TagAndProbe 
EffName : eff 
EffType : Binned 
EffVarNames : phi deteta 
EffVersion : 5 
ObjQuality : SingleMuonTriggersOR-AND-MuFromMuJets 
ObjRelativeTo : medium_tracknewmedium_iso_NPTightDeltaR 
ObjType : MuANDSingleMuonOR 
ObjVersion : 1 
RunRangeHigh : -1 
RunRangeLow : -1 
TriggerVersionHigh : 12 
TriggerVersionLow : 10.3 
BinEdges1 : 0 0.3927 0.7854 1.1781 1.5708 1.9635 2.3562 2.7489 3.1416 3.5343 3.927 4.3197 4.7124 5.1051 5.4978 5.8905 6.2832 
BinEdges2 : -2.2 -1.9 -1.6 -1.4 -1.2 -1 -0.6 -0.2 0.2 0.6 1 1.2 1.4 1.6 1.9 2.2 
BinVal : 0 1     0.266667 0.11418 0.11418 0 0
BinVal : 0 2     0.533333 0.128812 0.128812 0 0
BinVal : 0 3     0.954545 0.0444095 0.0444095 0 0
BinVal : 0 4     0.88 0.0649923 0.0649923 0 0
BinVal : 0 5     0.782609 0.0608155 0.0608155 0 0
BinVal : 0 6     0.863636 0.0517355 0.0517355 0 0
BinVal : 0 7     0.681818 0.0573324 0.0573324 0 0
BinVal : 0 8     0.692308 0.0640039 0.0640039 0 0
BinVal : 0 9     0.857143 0.06613 0.06613 0 0
BinVal : 0 10     0.851852 0.0683673 0.0683673 0 0
BinVal : 0 11     0.842105 0.0836547 0.0836547 0 0
BinVal : 0 12     0.583333 0.142319 0.142319 0 0
BinVal : 0 13     0.1875 0.0975781 0.0975781 0 0
BinVal : 1 1     0.133333 0.0877707 0.0877707 0 0
BinVal : 1 2     0.846154 0.100068 0.100068 0 0
BinVal : 1 3     0.789474 0.0935288 0.0935288 0 0
BinVal : 1 4     0.944444 0.0539903 0.0539903 0 0
BinVal : 1 5     0.833333 0.062113 0.062113 0 0
BinVal : 1 6     0.78 0.0585833 0.0585833 0 0
BinVal : 1 7     0.814286 0.0464796 0.0464796 0 0
BinVal : 1 8     0.694444 0.0767737 0.0767737 0 0
BinVal : 1 9     0.864865 0.0562027 0.0562027 0 0
BinVal : 1 10     0.882353 0.0781425 0.0781425 0 0
BinVal : 1 11     0.909091 0.0612909 0.0612909 0 0
BinVal : 1 12     0.545455 0.150131 0.150131 0 0
BinVal : 1 13     0.285714 0.170747 0.170747 0 0
BinVal : 2 2     0.363636 0.145041 0.145041 0 0
BinVal : 2 3     1 0.039392 0.039392 0 0
BinVal : 2 4     0.846154 0.100068 0.100068 0 0
BinVal : 2 5     0.791667 0.0828982 0.0828982 0 0
BinVal : 2 6     0.736842 0.0714338 0.0714338 0 0
BinVal : 2 7     0.714286 0.0697071 0.0697071 0 0
BinVal : 2 8     0.888889 0.0604812 0.0604812 0 0
BinVal : 2 9     0.607143 0.0922962 0.0922962 0 0
BinVal : 2 10     0.8125 0.0975781 0.0975781 0 0
BinVal : 2 11     0.909091 0.0866784 0.0866784 0 0
BinVal : 2 12     0.888889 0.104757 0.104757 0 0
BinVal : 2 13     0.5 0.204124 0.204124 0 0
BinVal : 3 1     0.333333 0.272166 0.272166 0 0
BinVal : 3 2     0.428571 0.187044 0.187044 0 0
BinVal : 3 3     1 0.102643 0.102643 0 0
BinVal : 3 4     0.916667 0.0797856 0.0797856 0 0
BinVal : 3 5     0.666667 0.19245 0.19245 0 0
BinVal : 3 6     0.666667 0.136083 0.136083 0 0
BinVal : 3 7     0.785714 0.109664 0.109664 0 0
BinVal : 3 8     1 0.0542655 0.0542655 0 0
BinVal : 3 9     0.857143 0.093522 0.093522 0 0
BinVal : 3 10     1 0.0871301 0.0871301 0 0
BinVal : 3 11     1 0.102643 0.102643 0 0
BinVal : 3 13     0.5 0.353553 0.353553 0 0
BinVal : 4 1     0.333333 0.272166 0.272166 0 0
BinVal : 4 2     0.857143 0.13226 0.13226 0 0
BinVal : 4 3     1 0.0871301 0.0871301 0 0
BinVal : 4 4     1 0.0668855 0.0668855 0 0
BinVal : 4 5     0.888889 0.104757 0.104757 0 0
BinVal : 4 6     0.769231 0.116855 0.116855 0 0
BinVal : 4 7     0.652174 0.0993113 0.0993113 0 0
BinVal : 4 8     0.692308 0.128008 0.128008 0 0
BinVal : 4 9     0.8 0.126491 0.126491 0 0
BinVal : 4 10     1 0.124824 0.124824 0 0
BinVal : 4 11     1 0.0871301 0.0871301 0 0
BinVal : 4 12     0.5 0.204124 0.204124 0 0
BinVal : 5 1     0.2 0.126491 0.126491 0 0
BinVal : 5 2     0.818182 0.116291 0.116291 0 0
BinVal : 5 3     0.875 0.0826797 0.0826797 0 0
BinVal : 5 4     0.9 0.067082 0.067082 0 0
BinVal : 5 5     0.714286 0.0985808 0.0985808 0 0
BinVal : 5 6     0.586207 0.0914572 0.0914572 0 0
BinVal : 5 7     0.71875 0.0794804 0.0794804 0 0
BinVal : 5 8     0.769231 0.0826286 0.0826286 0 0
BinVal : 5 9     0.758621 0.0794627 0.0794627 0 0
BinVal : 5 10     0.875 0.0826797 0.0826797 0 0
BinVal : 5 11     0.875 0.0826797 0.0826797 0 0
BinVal : 5 12     0.545455 0.150131 0.150131 0 0
BinVal : 5 13     0.375 0.171163 0.171163 0 0
BinVal : 6 1     0.25 0.153093 0.153093 0 0
BinVal : 6 2     0.384615 0.134932 0.134932 0 0
BinVal : 6 3     1 0.0326734 0.0326734 0 0
BinVal : 6 4     0.84 0.0733212 0.0733212 0 0
BinVal : 6 5     0.8 0.08 0.08 0 0
BinVal : 6 6     0.75 0.0684653 0.0684653 0 0
BinVal : 6 7     0.744681 0.063603 0.063603 0 0
BinVal : 6 8     0.659574 0.0691185 0.0691185 0 0
BinVal : 6 9     0.631579 0.0782518 0.0782518 0 0
BinVal : 6 10     0.954545 0.0444095 0.0444095 0 0
BinVal : 6 11     0.888889 0.0740741 0.0740741 0 0
BinVal : 6 12     0.529412 0.121058 0.121058 0 0
BinVal : 6 13     0.1 0.0948683 0.0948683 0 0
BinVal : 7 1     0.333333 0.102869 0.102869 0 0
BinVal : 7 2     0.578947 0.113269 0.113269 0 0
BinVal : 7 3     1 0.0293374 0.0293374 0 0
BinVal : 7 4     0.8125 0.0975781 0.0975781 0 0
BinVal : 7 5     0.714286 0.0645363 0.0645363 0 0
BinVal : 7 6     0.771429 0.0709782 0.0709782 0 0
BinVal : 7 7     0.75 0.0541266 0.0541266 0 0
BinVal : 7 8     0.777778 0.056575 0.056575 0 0
BinVal : 7 9     0.65 0.0754155 0.0754155 0 0
BinVal : 7 10     0.695652 0.0959439 0.0959439 0 0
BinVal : 7 11     1 0.0254407 0.0254407 0 0
BinVal : 7 12     0.615385 0.134932 0.134932 0 0
BinVal : 7 13     0.142857 0.093522 0.093522 0 0
BinVal : 8 1     0.0869565 0.0587534 0.0587534 0 0
BinVal : 8 2     0.454545 0.150131 0.150131 0 0
BinVal : 8 3     0.833333 0.0760726 0.0760726 0 0
BinVal : 8 4     0.846154 0.0707589 0.0707589 0 0
BinVal : 8 5     0.75 0.0600481 0.0600481 0 0
BinVal : 8 6     0.652174 0.0702237 0.0702237 0 0
BinVal : 8 7     0.623377 0.0552184 0.0552184 0 0
BinVal : 8 8     0.682927 0.0726733 0.0726733 0 0
BinVal : 8 9     0.591837 0.0702134 0.0702134 0 0
BinVal : 8 10     0.653846 0.0933009 0.0933009 0 0
BinVal : 8 11     0.882353 0.0781425 0.0781425 0 0
BinVal : 8 12     0.666667 0.111111 0.111111 0 0
BinVal : 8 13     0.263158 0.101023 0.101023 0 0
BinVal : 9 1     0.235294 0.102879 0.102879 0 0
BinVal : 9 2     0.625 0.121031 0.121031 0 0
BinVal : 9 3     0.85 0.0798436 0.0798436 0 0
BinVal : 9 4     0.9 0.067082 0.067082 0 0
BinVal : 9 5     0.804878 0.0618908 0.0618908 0 0
BinVal : 9 6     0.645833 0.0690309 0.0690309 0 0
BinVal : 9 7     0.761905 0.0657205 0.0657205 0 0
BinVal : 9 8     0.76087 0.0628917 0.0628917 0 0
BinVal : 9 9     0.823529 0.0533815 0.0533815 0 0
BinVal : 9 10     0.909091 0.0612909 0.0612909 0 0
BinVal : 9 11     1 0.0201001 0.0201001 0 0
BinVal : 9 12     0.5 0.133631 0.133631 0 0
BinVal : 9 13     0.125 0.116927 0.116927 0 0
BinVal : 10 1     0.388889 0.114904 0.114904 0 0
BinVal : 10 2     0.769231 0.116855 0.116855 0 0
BinVal : 10 3     0.842105 0.0836547 0.0836547 0 0
BinVal : 10 4     0.47619 0.108985 0.108985 0 0
BinVal : 10 5     0.361111 0.0800538 0.0800538 0 0
BinVal : 10 6     0.709091 0.0612418 0.0612418 0 0
BinVal : 10 7     0.72973 0.0516255 0.0516255 0 0
BinVal : 10 8     0.608696 0.0719579 0.0719579 0 0
BinVal : 10 9     0.205128 0.064659 0.064659 0 0
BinVal : 10 10     0.4 0.109545 0.109545 0 0
BinVal : 10 11     0.941176 0.0570672 0.0570672 0 0
BinVal : 10 12     0.533333 0.128812 0.128812 0 0
BinVal : 10 13     0.333333 0.121716 0.121716 0 0
BinVal : 11 1     0.117647 0.0781425 0.0781425 0 0
BinVal : 11 2     0.625 0.121031 0.121031 0 0
BinVal : 11 3     0.866667 0.0877707 0.0877707 0 0
BinVal : 11 4     0.0434783 0.0425226 0.0425226 0 0
BinVal : 11 11     0.833333 0.087841 0.087841 0 0
BinVal : 11 12     0.375 0.171163 0.171163 0 0
BinVal : 11 13     0.0769231 0.0739053 0.0739053 0 0
BinVal : 12 1     0.222222 0.0979908 0.0979908 0 0
BinVal : 12 2     0.521739 0.104159 0.104159 0 0
BinVal : 12 3     0.588235 0.119365 0.119365 0 0
BinVal : 12 7     0.0588235 0.0570672 0.0570672 0 0
BinVal : 12 11     0.857143 0.093522 0.093522 0 0
BinVal : 12 12     0.923077 0.0739053 0.0739053 0 0
BinVal : 12 13     0.25 0.125 0.125 0 0
BinVal : 13 1     0.307692 0.128008 0.128008 0 0
BinVal : 13 2     0.428571 0.10799 0.10799 0 0
BinVal : 13 3     0.789474 0.0935288 0.0935288 0 0
BinVal : 13 4     0.227273 0.0893461 0.0893461 0 0
BinVal : 13 5     0.282051 0.0720574 0.0720574 0 0
BinVal : 13 6     0.745098 0.0610251 0.0610251 0 0
BinVal : 13 7     0.741935 0.0555714 0.0555714 0 0
BinVal : 13 8     0.666667 0.0727393 0.0727393 0 0
BinVal : 13 9     0.282609 0.0663884 0.0663884 0 0
BinVal : 13 10     0.458333 0.101707 0.101707 0 0
BinVal : 13 11     0.842105 0.0836547 0.0836547 0 0
BinVal : 13 12     0.8125 0.0975781 0.0975781 0 0
BinVal : 13 13     0.230769 0.116855 0.116855 0 0
BinVal : 14 1     0.2 0.126491 0.126491 0 0
BinVal : 14 2     0.714286 0.120736 0.120736 0 0
BinVal : 14 3     0.904762 0.0640564 0.0640564 0 0
BinVal : 14 4     1 0.0368657 0.0368657 0 0
BinVal : 14 5     0.647059 0.0819565 0.0819565 0 0
BinVal : 14 6     0.666667 0.0680414 0.0680414 0 0
BinVal : 14 7     0.777778 0.056575 0.056575 0 0
BinVal : 14 8     0.666667 0.0727393 0.0727393 0 0
BinVal : 14 9     0.805556 0.0659621 0.0659621 0 0
BinVal : 14 10     0.913043 0.0587534 0.0587534 0 0
BinVal : 14 11     0.952381 0.0464714 0.0464714 0 0
BinVal : 14 12     0.615385 0.134932 0.134932 0 0
BinVal : 14 13     0.263158 0.101023 0.101023 0 0
BinVal : 15 1     0.263158 0.101023 0.101023 0 0
BinVal : 15 2     0.5 0.125 0.125 0 0
BinVal : 15 3     0.9 0.067082 0.067082 0 0
BinVal : 15 4     0.73913 0.0915605 0.0915605 0 0
BinVal : 15 5     0.65625 0.0839617 0.0839617 0 0
BinVal : 15 6     0.745763 0.0566884 0.0566884 0 0
BinVal : 15 7     0.730159 0.0559233 0.0559233 0 0
BinVal : 15 8     0.755556 0.0640644 0.0640644 0 0
BinVal : 15 9     0.76 0.0603987 0.0603987 0 0
BinVal : 15 10     0.785714 0.109664 0.109664 0 0
BinVal : 15 11     0.947368 0.0512278 0.0512278 0 0
BinVal : 15 12     0.588235 0.119365 0.119365 0 0
BinVal : 15 13     0.117647 0.0781425 0.0781425 0 0


Comments : includes prescale inefficiency, cosmic veto applied 
EffMethod : TagAndProbe 
EffName : eff 
EffType : Binned 
EffVarNames : phi deteta 
EffVersion : 5 
ObjQuality : SingleMuonTriggersOR-AND-MuFromMuJets 
ObjRelativeTo : medium_tracknewmedium_iso_NPTightDeltaR 
ObjType : MuANDSingleMuonOR 
ObjVersion : 1 
RunRangeHigh : -1 
RunRangeLow : -1 
TriggerVersionHigh : 13 
TriggerVersionLow : 12 
BinEdges1 : 0 0.3927 0.7854 1.1781 1.5708 1.9635 2.3562 2.7489 3.1416 3.5343 3.927 4.3197 4.7124 5.1051 5.4978 5.8905 6.2832 
BinEdges2 : -2.2 -2 -1.8 -1.6 -1.55 -1.5 -1.4 -1.2 -1.1 -1 -0.8 -0.6 -0.4 -0.2 0 0.2 0.4 0.6 0.8 1 1.1 1.2 1.4 1.5 1.55 1.6 1.8 2 2.2 
BinVal : 0 4     0.0526316 0.0512278 0.0512278 0 0
BinVal : 0 5     0.36 0.096 0.096 0 0
BinVal : 0 6     0.961538 0.0266683 0.0266683 0 0
BinVal : 0 7     0.933333 0.045542 0.045542 0 0
BinVal : 0 8     0.954545 0.0444095 0.0444095 0 0
BinVal : 0 9     0.932432 0.0291784 0.0291784 0 0
BinVal : 0 10     0.782609 0.0496557 0.0496557 0 0
BinVal : 0 11     0.724638 0.053776 0.053776 0 0
BinVal : 0 12     0.674699 0.0514232 0.0514232 0 0
BinVal : 0 13     0.870968 0.0347623 0.0347623 0 0
BinVal : 0 14     0.77551 0.0421482 0.0421482 0 0
BinVal : 0 15     0.787234 0.0422123 0.0422123 0 0
BinVal : 0 16     0.802469 0.0442374 0.0442374 0 0
BinVal : 0 17     0.7375 0.0491927 0.0491927 0 0
BinVal : 0 18     0.878788 0.0401738 0.0401738 0 0
BinVal : 0 19     0.575 0.0781625 0.0781625 0 0
BinVal : 0 20     0.935484 0.0441237 0.0441237 0 0
BinVal : 0 21     0.944444 0.0311713 0.0311713 0 0
BinVal : 0 22     0.461538 0.0977675 0.0977675 0 0
BinVal : 1 5     0.333333 0.0907218 0.0907218 0 0
BinVal : 1 6     0.896552 0.0399885 0.0399885 0 0
BinVal : 1 7     0.944444 0.0381769 0.0381769 0 0
BinVal : 1 8     0.975 0.0246855 0.0246855 0 0
BinVal : 1 9     0.833333 0.0507151 0.0507151 0 0
BinVal : 1 10     0.84507 0.0429422 0.0429422 0 0
BinVal : 1 11     0.7125 0.0506018 0.0506018 0 0
BinVal : 1 12     0.714286 0.0539949 0.0539949 0 0
BinVal : 1 13     0.675676 0.0544181 0.0544181 0 0
BinVal : 1 14     0.785714 0.0447702 0.0447702 0 0
BinVal : 1 15     0.726027 0.0521998 0.0521998 0 0
BinVal : 1 16     0.843373 0.0398936 0.0398936 0 0
BinVal : 1 17     0.8 0.053936 0.053936 0 0
BinVal : 1 18     0.87037 0.0457096 0.0457096 0 0
BinVal : 1 19     0.967742 0.0317335 0.0317335 0 0
BinVal : 1 20     0.894737 0.0497845 0.0497845 0 0
BinVal : 1 21     0.855072 0.0423792 0.0423792 0 0
BinVal : 1 22     0.4 0.109545 0.109545 0 0
BinVal : 2 5     0.473684 0.114549 0.114549 0 0
BinVal : 2 6     0.9 0.0547723 0.0547723 0 0
BinVal : 2 7     0.916667 0.0564169 0.0564169 0 0
BinVal : 2 8     0.878788 0.0568144 0.0568144 0 0
BinVal : 2 9     0.76087 0.0628917 0.0628917 0 0
BinVal : 2 10     0.883333 0.0414438 0.0414438 0 0
BinVal : 2 11     0.730769 0.0615107 0.0615107 0 0
BinVal : 2 12     0.896552 0.0399885 0.0399885 0 0
BinVal : 2 13     0.847826 0.0529596 0.0529596 0 0
BinVal : 2 14     0.836066 0.0474013 0.0474013 0 0
BinVal : 2 15     0.822222 0.0569937 0.0569937 0 0
BinVal : 2 16     0.636364 0.0648642 0.0648642 0 0
BinVal : 2 17     0.894737 0.0406489 0.0406489 0 0
BinVal : 2 18     0.825 0.0600781 0.0600781 0 0
BinVal : 2 19     0.916667 0.0564169 0.0564169 0 0
BinVal : 2 20     0.869565 0.0702237 0.0702237 0 0
BinVal : 2 21     0.833333 0.0537914 0.0537914 0 0
BinVal : 2 22     0.409091 0.104824 0.104824 0 0
BinVal : 3 5     0.611111 0.114904 0.114904 0 0
BinVal : 3 6     0.875 0.0826797 0.0826797 0 0
BinVal : 3 7     0.857143 0.093522 0.093522 0 0
BinVal : 3 8     0.777778 0.13858 0.13858 0 0
BinVal : 3 9     1 0.0346427 0.0346427 0 0
BinVal : 3 10     0.708333 0.0927805 0.0927805 0 0
BinVal : 3 11     0.782609 0.0860061 0.0860061 0 0
BinVal : 3 12     0.761905 0.0929429 0.0929429 0 0
BinVal : 3 13     0.758621 0.0794627 0.0794627 0 0
BinVal : 3 14     0.75 0.0883883 0.0883883 0 0
BinVal : 3 15     0.652174 0.0993113 0.0993113 0 0
BinVal : 3 16     0.826087 0.0790342 0.0790342 0 0
BinVal : 3 17     0.75 0.0968246 0.0968246 0 0
BinVal : 3 18     0.857143 0.093522 0.093522 0 0
BinVal : 3 19     0.222222 0.13858 0.13858 0 0
BinVal : 3 20     0.888889 0.104757 0.104757 0 0
BinVal : 3 21     0.8 0.126491 0.126491 0 0
BinVal : 3 22     0.25 0.153093 0.153093 0 0
BinVal : 4 5     0.625 0.171163 0.171163 0 0
BinVal : 4 6     0.894737 0.0704059 0.0704059 0 0
BinVal : 4 7     1 0.0495858 0.0495858 0 0
BinVal : 4 8     1 0.0668855 0.0668855 0 0
BinVal : 4 9     0.875 0.0675077 0.0675077 0 0
BinVal : 4 10     0.857143 0.0763604 0.0763604 0 0
BinVal : 4 11     0.823529 0.0924594 0.0924594 0 0
BinVal : 4 12     0.777778 0.0800091 0.0800091 0 0
BinVal : 4 13     0.826087 0.0790342 0.0790342 0 0
BinVal : 4 14     0.727273 0.0949515 0.0949515 0 0
BinVal : 4 15     0.642857 0.12806 0.12806 0 0
BinVal : 4 16     0.772727 0.0893461 0.0893461 0 0
BinVal : 4 17     0.733333 0.11418 0.11418 0 0
BinVal : 4 18     0.947368 0.0512278 0.0512278 0 0
BinVal : 4 19     0.5 0.158114 0.158114 0 0
BinVal : 4 20     0.75 0.153093 0.153093 0 0
BinVal : 4 21     1 0.0279117 0.0279117 0 0
BinVal : 4 22     0.625 0.171163 0.171163 0 0
BinVal : 5 5     0.666667 0.102869 0.102869 0 0
BinVal : 5 6     0.90625 0.051527 0.051527 0 0
BinVal : 5 7     1 0.0208287 0.0208287 0 0
BinVal : 5 8     0.862069 0.0640329 0.0640329 0 0
BinVal : 5 9     0.757576 0.0746009 0.0746009 0 0
BinVal : 5 10     0.818182 0.0581456 0.0581456 0 0
BinVal : 5 11     0.803571 0.053091 0.053091 0 0
BinVal : 5 12     0.785714 0.0633147 0.0633147 0 0
BinVal : 5 13     0.709677 0.0576468 0.0576468 0 0
BinVal : 5 14     0.716981 0.0618762 0.0618762 0 0
BinVal : 5 15     0.6 0.0828079 0.0828079 0 0
BinVal : 5 16     0.695652 0.0678426 0.0678426 0 0
BinVal : 5 17     0.804878 0.0618908 0.0618908 0 0
BinVal : 5 18     0.875 0.0584634 0.0584634 0 0
BinVal : 5 19     0.833333 0.0680414 0.0680414 0 0
BinVal : 5 20     0.95 0.048734 0.048734 0 0
BinVal : 5 21     0.925 0.0416458 0.0416458 0 0
BinVal : 5 22     0.5 0.125 0.125 0 0
BinVal : 6 5     0.375 0.121031 0.121031 0 0
BinVal : 6 6     0.893617 0.0449741 0.0449741 0 0
BinVal : 6 7     0.914286 0.0473188 0.0473188 0 0
BinVal : 6 8     0.947368 0.0362235 0.0362235 0 0
BinVal : 6 9     0.772727 0.0631772 0.0631772 0 0
BinVal : 6 10     0.705882 0.0781425 0.0781425 0 0
BinVal : 6 11     0.548387 0.063202 0.063202 0 0
BinVal : 6 12     0.75 0.0525105 0.0525105 0 0
BinVal : 6 13     0.838235 0.044655 0.044655 0 0
BinVal : 6 14     0.74026 0.0499708 0.0499708 0 0
BinVal : 6 15     0.865672 0.0416604 0.0416604 0 0
BinVal : 6 16     0.71831 0.0533842 0.0533842 0 0
BinVal : 6 17     0.814286 0.0464796 0.0464796 0 0
BinVal : 6 18     0.823529 0.0533815 0.0533815 0 0
BinVal : 6 19     0.871795 0.0535337 0.0535337 0 0
BinVal : 6 20     0.918919 0.0448743 0.0448743 0 0
BinVal : 6 21     0.911111 0.0424232 0.0424232 0 0
BinVal : 6 22     0.277778 0.105572 0.105572 0 0
BinVal : 7 5     0.46875 0.0882155 0.0882155 0 0
BinVal : 7 6     0.945455 0.0306209 0.0306209 0 0
BinVal : 7 7     0.869565 0.0702237 0.0702237 0 0
BinVal : 7 8     0.741935 0.0785898 0.0785898 0 0
BinVal : 7 9     0.702703 0.0751416 0.0751416 0 0
BinVal : 7 10     0.529412 0.0605289 0.0605289 0 0
BinVal : 7 11     0.722892 0.0491272 0.0491272 0 0
BinVal : 7 12     0.728395 0.0494208 0.0494208 0 0
BinVal : 7 13     0.776471 0.0451877 0.0451877 0 0
BinVal : 7 14     0.767857 0.0398941 0.0398941 0 0
BinVal : 7 15     0.738636 0.0468378 0.0468378 0 0
BinVal : 7 16     0.759494 0.0480852 0.0480852 0 0
BinVal : 7 17     0.782051 0.0467463 0.0467463 0 0
BinVal : 7 18     0.970588 0.0204891 0.0204891 0 0
BinVal : 7 19     0.638889 0.0800538 0.0800538 0 0
BinVal : 7 20     0.903226 0.0531003 0.0531003 0 0
BinVal : 7 21     0.979592 0.0201988 0.0201988 0 0
BinVal : 7 22     0.206897 0.0752216 0.0752216 0 0
BinVal : 8 5     0.457143 0.0842044 0.0842044 0 0
BinVal : 8 6     0.953125 0.0264214 0.0264214 0 0
BinVal : 8 7     0.866667 0.0620633 0.0620633 0 0
BinVal : 8 8     0.538462 0.138264 0.138264 0 0
BinVal : 8 9     0.784314 0.0575932 0.0575932 0 0
BinVal : 8 10     0.631579 0.0638923 0.0638923 0 0
BinVal : 8 11     0.839506 0.0407848 0.0407848 0 0
BinVal : 8 12     0.880435 0.0338265 0.0338265 0 0
BinVal : 8 13     0.90099 0.0297193 0.0297193 0 0
BinVal : 8 14     0.877358 0.0318606 0.0318606 0 0
BinVal : 8 15     0.804348 0.041359 0.041359 0 0
BinVal : 8 16     0.85 0.0399218 0.0399218 0 0
BinVal : 8 17     0.707317 0.0502457 0.0502457 0 0
BinVal : 8 18     0.904762 0.036983 0.036983 0 0
BinVal : 8 19     0.583333 0.0821678 0.0821678 0 0
BinVal : 8 20     0.90625 0.051527 0.051527 0 0
BinVal : 8 21     0.928571 0.0307818 0.0307818 0 0
BinVal : 8 22     0.416667 0.100635 0.100635 0 0
BinVal : 9 4     0.0769231 0.0739053 0.0739053 0 0
BinVal : 9 5     0.541667 0.101707 0.101707 0 0
BinVal : 9 6     0.885246 0.0408085 0.0408085 0 0
BinVal : 9 7     1 0.0145144 0.0145144 0 0
BinVal : 9 8     0.972973 0.0266593 0.0266593 0 0
BinVal : 9 9     0.809524 0.0605913 0.0605913 0 0
BinVal : 9 10     0.811321 0.0537428 0.0537428 0 0
BinVal : 9 11     0.816901 0.0458985 0.0458985 0 0
BinVal : 9 12     0.689189 0.0538024 0.0538024 0 0
BinVal : 9 13     0.767123 0.0494691 0.0494691 0 0
BinVal : 9 14     0.808511 0.0405837 0.0405837 0 0
BinVal : 9 15     0.863014 0.0402426 0.0402426 0 0
BinVal : 9 16     0.745763 0.0566884 0.0566884 0 0
BinVal : 9 17     0.810345 0.0514758 0.0514758 0 0
BinVal : 9 18     0.88 0.0459565 0.0459565 0 0
BinVal : 9 19     0.76 0.0854166 0.0854166 0 0
BinVal : 9 20     0.974359 0.0253102 0.0253102 0 0
BinVal : 9 21     0.95082 0.0276873 0.0276873 0 0
BinVal : 9 22     0.516129 0.0897559 0.0897559 0 0
BinVal : 10 5     0.6 0.126491 0.126491 0 0
BinVal : 10 6     0.923077 0.0369527 0.0369527 0 0
BinVal : 10 7     0.625 0.0988212 0.0988212 0 0
BinVal : 10 8     0.16 0.0733212 0.0733212 0 0
BinVal : 10 9     0.402597 0.0558887 0.0558887 0 0
BinVal : 10 10     0.1 0.0387298 0.0387298 0 0
BinVal : 10 11     0.73913 0.0457803 0.0457803 0 0
BinVal : 10 12     0.738636 0.0468378 0.0468378 0 0
BinVal : 10 13     0.633027 0.0461652 0.0461652 0 0
BinVal : 10 14     0.770833 0.0428964 0.0428964 0 0
BinVal : 10 15     0.846154 0.0378222 0.0378222 0 0
BinVal : 10 16     0.732558 0.0477295 0.0477295 0 0
BinVal : 10 17     0.211268 0.0484454 0.0484454 0 0
BinVal : 10 18     0.438356 0.0580741 0.0580741 0 0
BinVal : 10 19     0.25 0.0883883 0.0883883 0 0
BinVal : 10 20     0.666667 0.121716 0.121716 0 0
BinVal : 10 21     0.878788 0.0401738 0.0401738 0 0
BinVal : 10 22     0.548387 0.0893812 0.0893812 0 0
BinVal : 11 5     0.527778 0.0832046 0.0832046 0 0
BinVal : 11 6     0.66 0.0669925 0.0669925 0 0
BinVal : 11 11     0.0196078 0.0194147 0.0194147 0 0
BinVal : 11 21     0.714286 0.0645363 0.0645363 0 0
BinVal : 11 22     0.407407 0.0945607 0.0945607 0 0
BinVal : 12 5     0.56 0.0992774 0.0992774 0 0
BinVal : 12 6     0.704545 0.0687818 0.0687818 0 0
BinVal : 12 14     0.0169492 0.0168049 0.0168049 0 0
BinVal : 12 21     0.88 0.0459565 0.0459565 0 0
BinVal : 12 22     0.514286 0.0844809 0.0844809 0 0
BinVal : 13 4     0.0588235 0.0570672 0.0570672 0 0
BinVal : 13 5     0.428571 0.13226 0.13226 0 0
BinVal : 13 6     0.910714 0.0381055 0.0381055 0 0
BinVal : 13 7     0.461538 0.0977675 0.0977675 0 0
BinVal : 13 8     0.111111 0.0740741 0.0740741 0 0
BinVal : 13 9     0.38983 0.0634947 0.0634947 0 0
BinVal : 13 10     0.195652 0.041359 0.041359 0 0
BinVal : 13 11     0.65625 0.0593699 0.0593699 0 0
BinVal : 13 12     0.759036 0.0469427 0.0469427 0 0
BinVal : 13 13     0.615385 0.0509995 0.0509995 0 0
BinVal : 13 14     0.619048 0.0473917 0.0473917 0 0
BinVal : 13 15     0.793103 0.0434292 0.0434292 0 0
BinVal : 13 16     0.602564 0.05541 0.05541 0 0
BinVal : 13 17     0.0983607 0.0381296 0.0381296 0 0
BinVal : 13 18     0.42029 0.0594231 0.0594231 0 0
BinVal : 13 19     0.173913 0.0790342 0.0790342 0 0
BinVal : 13 20     0.571429 0.093522 0.093522 0 0
BinVal : 13 21     0.823529 0.0533815 0.0533815 0 0
BinVal : 13 22     0.411765 0.119365 0.119365 0 0
BinVal : 13 23     0.0909091 0.0866784 0.0866784 0 0
BinVal : 14 4     0.111111 0.104757 0.104757 0 0
BinVal : 14 5     0.352941 0.115904 0.115904 0 0
BinVal : 14 6     0.92 0.0383667 0.0383667 0 0
BinVal : 14 7     0.964286 0.0350707 0.0350707 0 0
BinVal : 14 8     0.916667 0.0460642 0.0460642 0 0
BinVal : 14 9     0.741379 0.057496 0.057496 0 0
BinVal : 14 10     0.863636 0.0422418 0.0422418 0 0
BinVal : 14 11     0.628205 0.0547211 0.0547211 0 0
BinVal : 14 12     0.703125 0.0571101 0.0571101 0 0
BinVal : 14 13     0.650602 0.0523334 0.0523334 0 0
BinVal : 14 14     0.778947 0.0425736 0.0425736 0 0
BinVal : 14 15     0.742424 0.0538278 0.0538278 0 0
BinVal : 14 16     0.710145 0.0546185 0.0546185 0 0
BinVal : 14 17     0.735849 0.0605595 0.0605595 0 0
BinVal : 14 18     0.875 0.0477352 0.0477352 0 0
BinVal : 14 19     0.875 0.0522913 0.0522913 0 0
BinVal : 14 20     0.909091 0.0500438 0.0500438 0 0
BinVal : 14 21     0.898305 0.0393492 0.0393492 0 0
BinVal : 14 22     0.357143 0.0905522 0.0905522 0 0
BinVal : 15 5     0.451613 0.0893812 0.0893812 0 0
BinVal : 15 6     0.924242 0.0325712 0.0325712 0 0
BinVal : 15 7     0.861111 0.0576384 0.0576384 0 0
BinVal : 15 8     0.542857 0.0842044 0.0842044 0 0
BinVal : 15 9     0.897059 0.0368511 0.0368511 0 0
BinVal : 15 10     0.766234 0.048231 0.048231 0 0
BinVal : 15 11     0.636364 0.0648642 0.0648642 0 0
BinVal : 15 12     0.625 0.0516077 0.0516077 0 0
BinVal : 15 13     0.795181 0.0442975 0.0442975 0 0
BinVal : 15 14     0.793478 0.0422043 0.0422043 0 0
BinVal : 15 15     0.786667 0.0473036 0.0473036 0 0
BinVal : 15 16     0.830986 0.0444763 0.0444763 0 0
BinVal : 15 17     0.693548 0.0585495 0.0585495 0 0
BinVal : 15 18     0.894737 0.0406489 0.0406489 0 0
BinVal : 15 19     0.62069 0.0901022 0.0901022 0 0
BinVal : 15 20     0.914286 0.0473188 0.0473188 0 0
BinVal : 15 21     0.9 0.0387298 0.0387298 0 0
BinVal : 15 22     0.481481 0.096159 0.096159 0 0


Comments : includes prescale inefficiency, cosmic veto applied 
EffMethod : TagAndProbe 
EffName : eff 
EffType : Binned 
EffVarNames : phi deteta 
EffVersion : 5 
ObjQuality : SingleMuonTriggersOR-AND-MuFromMuJets 
ObjRelativeTo : medium_tracknewmedium_iso_NPTightDeltaR 
ObjType : MuANDSingleMuonOR 
ObjVersion : 1 
RunRangeHigh : -1 
RunRangeLow : -1 
TriggerVersionHigh : 13.2 
TriggerVersionLow : 13 
BinEdges1 : 0 0.7854 1.5708 2.3562 3.1416 3.927 4.7124 5.4978 6.2832 
BinEdges2 : -2.2 -1.9 -1.6 -1.4 -1.2 -1 -0.6 -0.2 0.2 0.6 1 1.2 1.4 1.6 1.9 2.2 
BinVal : 0 1     0.866667 0.0877707 0.0877707 0 0
BinVal : 0 2     0.8 0.126491 0.126491 0 0
BinVal : 0 3     0.944444 0.0539903 0.0539903 0 0
BinVal : 0 4     0.730769 0.0869893 0.0869893 0 0
BinVal : 0 5     0.909091 0.0500438 0.0500438 0 0
BinVal : 0 6     0.575758 0.086034 0.086034 0 0
BinVal : 0 7     0.894737 0.0406489 0.0406489 0 0
BinVal : 0 8     0.823529 0.0653787 0.0653787 0 0
BinVal : 0 9     0.818182 0.0581456 0.0581456 0 0
BinVal : 0 10     0.947368 0.0512278 0.0512278 0 0
BinVal : 0 11     1 0.0346427 0.0346427 0 0
BinVal : 0 12     1 0.0456491 0.0456491 0 0
BinVal : 0 13     0.818182 0.116291 0.116291 0 0
BinVal : 0 14     0.5 0.353553 0.353553 0 0
BinVal : 1 0     0.5 0.353553 0.353553 0 0
BinVal : 1 1     0.8 0.178885 0.178885 0 0
BinVal : 1 2     0.9 0.0948683 0.0948683 0 0
BinVal : 1 3     1 0.0871301 0.0871301 0 0
BinVal : 1 4     0.8 0.126491 0.126491 0 0
BinVal : 1 5     0.6875 0.115878 0.115878 0 0
BinVal : 1 6     0.8 0.10328 0.10328 0 0
BinVal : 1 7     0.891892 0.0510487 0.0510487 0 0
BinVal : 1 8     0.785714 0.0775443 0.0775443 0 0
BinVal : 1 9     0.857143 0.093522 0.093522 0 0
BinVal : 1 10     0.909091 0.0866784 0.0866784 0 0
BinVal : 1 11     0.75 0.153093 0.153093 0 0
BinVal : 1 12     1 0.0668855 0.0668855 0 0
BinVal : 1 13     0.4 0.154919 0.154919 0 0
BinVal : 1 14     1 0.218486 0.218486 0 0
BinVal : 2 1     0.857143 0.13226 0.13226 0 0
BinVal : 2 2     0.7 0.144914 0.144914 0 0
BinVal : 2 3     1 0.0756803 0.0756803 0 0
BinVal : 2 4     0.888889 0.104757 0.104757 0 0
BinVal : 2 5     0.791667 0.0828982 0.0828982 0 0
BinVal : 2 6     0.8 0.0894427 0.0894427 0 0
BinVal : 2 7     0.842105 0.0836547 0.0836547 0 0
BinVal : 2 8     0.818182 0.0822304 0.0822304 0 0
BinVal : 2 9     0.75 0.0968246 0.0968246 0 0
BinVal : 2 10     1 0.0871301 0.0871301 0 0
BinVal : 2 11     1 0.159077 0.159077 0 0
BinVal : 2 12     1 0.124824 0.124824 0 0
BinVal : 2 13     0.333333 0.19245 0.19245 0 0
BinVal : 3 0     1 0.218486 0.218486 0 0
BinVal : 3 1     1 0.0756803 0.0756803 0 0
BinVal : 3 2     1 0.0542655 0.0542655 0 0
BinVal : 3 3     0.916667 0.0797856 0.0797856 0 0
BinVal : 3 4     0.857143 0.093522 0.093522 0 0
BinVal : 3 5     0.5 0.25 0.25 0 0
BinVal : 3 6     0.852941 0.0607387 0.0607387 0 0
BinVal : 3 7     0.744681 0.063603 0.063603 0 0
BinVal : 3 8     0.851852 0.0683673 0.0683673 0 0
BinVal : 3 9     0.815789 0.0628861 0.0628861 0 0
BinVal : 3 10     0.8 0.0894427 0.0894427 0 0
BinVal : 3 11     1 0.0233703 0.0233703 0 0
BinVal : 3 12     0.8125 0.0975781 0.0975781 0 0
BinVal : 3 13     0.75 0.108253 0.108253 0 0
BinVal : 3 14     0.666667 0.272166 0.272166 0 0
BinVal : 4 0     0.666667 0.272166 0.272166 0 0
BinVal : 4 1     0.454545 0.150131 0.150131 0 0
BinVal : 4 2     0.941176 0.0570672 0.0570672 0 0
BinVal : 4 3     1 0.0368657 0.0368657 0 0
BinVal : 4 4     1 0.0346427 0.0346427 0 0
BinVal : 4 5     0.857143 0.13226 0.13226 0 0
BinVal : 4 6     0.880952 0.0499703 0.0499703 0 0
BinVal : 4 7     0.901961 0.0416398 0.0416398 0 0
BinVal : 4 8     0.76087 0.0628917 0.0628917 0 0
BinVal : 4 9     0.7 0.0724569 0.0724569 0 0
BinVal : 4 10     0.928571 0.0688303 0.0688303 0 0
BinVal : 4 11     1 0.0279117 0.0279117 0 0
BinVal : 4 12     1 0.0422902 0.0422902 0 0
BinVal : 4 13     0.722222 0.105572 0.105572 0 0
BinVal : 4 14     0.857143 0.13226 0.13226 0 0
BinVal : 5 1     0.769231 0.116855 0.116855 0 0
BinVal : 5 2     0.866667 0.0877707 0.0877707 0 0
BinVal : 5 3     0.833333 0.107583 0.107583 0 0
BinVal : 5 4     0.2 0.0894427 0.0894427 0 0
BinVal : 5 5     0.162162 0.0605974 0.0605974 0 0
BinVal : 5 6     0.46875 0.0882155 0.0882155 0 0
BinVal : 5 7     0.603774 0.0671848 0.0671848 0 0
BinVal : 5 8     0.394737 0.0792929 0.0792929 0 0
BinVal : 5 9     0.212121 0.0711647 0.0711647 0 0
BinVal : 5 10     0.3 0.10247 0.10247 0 0
BinVal : 5 11     1 0.0495858 0.0495858 0 0
BinVal : 5 12     1 0.0368657 0.0368657 0 0
BinVal : 5 13     0.5 0.144338 0.144338 0 0
BinVal : 5 14     1 0.218486 0.218486 0 0
BinVal : 6 0     1 0.102643 0.102643 0 0
BinVal : 6 1     0.571429 0.13226 0.13226 0 0
BinVal : 6 2     0.928571 0.0688303 0.0688303 0 0
BinVal : 6 3     0.772727 0.0893461 0.0893461 0 0
BinVal : 6 4     0.157895 0.0836547 0.0836547 0 0
BinVal : 6 5     0.171429 0.0637049 0.0637049 0 0
BinVal : 6 6     0.377778 0.0722744 0.0722744 0 0
BinVal : 6 7     0.26 0.0620322 0.0620322 0 0
BinVal : 6 8     0.2 0.0565685 0.0565685 0 0
BinVal : 6 9     0.0344828 0.033883 0.033883 0 0
BinVal : 6 10     0.304348 0.0959439 0.0959439 0 0
BinVal : 6 11     0.733333 0.11418 0.11418 0 0
BinVal : 6 12     0.846154 0.100068 0.100068 0 0
BinVal : 6 13     0.8 0.10328 0.10328 0 0
BinVal : 6 14     0.333333 0.272166 0.272166 0 0
BinVal : 7 0     1 0.124824 0.124824 0 0
BinVal : 7 1     0.5 0.176777 0.176777 0 0
BinVal : 7 2     0.833333 0.107583 0.107583 0 0
BinVal : 7 3     1 0.0599198 0.0599198 0 0
BinVal : 7 4     0.909091 0.0866784 0.0866784 0 0
BinVal : 7 5     0.75 0.0721688 0.0721688 0 0
BinVal : 7 6     0.52 0.09992 0.09992 0 0
BinVal : 7 7     0.793103 0.0531897 0.0531897 0 0
BinVal : 7 8     0.72093 0.068402 0.068402 0 0
BinVal : 7 9     0.815789 0.0628861 0.0628861 0 0
BinVal : 7 10     0.68 0.0932952 0.0932952 0 0
BinVal : 7 11     0.882353 0.0781425 0.0781425 0 0
BinVal : 7 12     0.85 0.0798436 0.0798436 0 0
BinVal : 7 13     0.777778 0.0979908 0.0979908 0 0
BinVal : 7 14     1 0.124824 0.124824 0 0


Comments : includes prescale inefficiency, cosmic veto applied 
EffMethod : TagAndProbe 
EffName : eff 
EffType : Binned 
EffVarNames : phi deteta 
EffVersion : 5 
ObjQuality : SingleMuonTriggersOR-AND-MuFromMuJets 
ObjRelativeTo : medium_tracknewmedium_iso_NPTightDeltaR 
ObjType : MuANDSingleMuonOR 
ObjVersion : 1 
RunRangeHigh : -1 
RunRangeLow : -1 
TriggerVersionHigh : 14 
TriggerVersionLow : 13.2 
BinEdges1 : 0 0.3927 0.7854 1.1781 1.5708 1.9635 2.3562 2.7489 3.1416 3.5343 3.927 4.3197 4.7124 5.1051 5.4978 5.8905 6.2832 
BinEdges2 : -2.2 -2 -1.8 -1.6 -1.55 -1.5 -1.4 -1.2 -1.1 -1 -0.8 -0.6 -0.4 -0.2 0 0.2 0.4 0.6 0.8 1 1.1 1.2 1.4 1.5 1.55 1.6 1.8 2 2.2 
BinVal : 0 0     1 0.124824 0.124824 0 0
BinVal : 0 1     0.468085 0.0727838 0.0727838 0 0
BinVal : 0 2     0.481481 0.0679947 0.0679947 0 0
BinVal : 0 3     0.4375 0.12402 0.12402 0 0
BinVal : 0 4     0.857143 0.06613 0.06613 0 0
BinVal : 0 5     0.84 0.0518459 0.0518459 0 0
BinVal : 0 6     0.868687 0.0339444 0.0339444 0 0
BinVal : 0 7     0.955556 0.0307207 0.0307207 0 0
BinVal : 0 8     0.612245 0.0696055 0.0696055 0 0
BinVal : 0 9     0.742268 0.0444098 0.0444098 0 0
BinVal : 0 10     0.475728 0.0492084 0.0492084 0 0
BinVal : 0 11     0.84 0.0366606 0.0366606 0 0
BinVal : 0 12     0.76378 0.0376913 0.0376913 0 0
BinVal : 0 13     0.798561 0.0340187 0.0340187 0 0
BinVal : 0 14     0.828358 0.0325738 0.0325738 0 0
BinVal : 0 15     0.661157 0.0430288 0.0430288 0 0
BinVal : 0 16     0.798319 0.036783 0.036783 0 0
BinVal : 0 17     0.607143 0.0461481 0.0461481 0 0
BinVal : 0 18     0.68 0.053864 0.053864 0 0
BinVal : 0 19     0.627907 0.0737122 0.0737122 0 0
BinVal : 0 20     0.892857 0.0413313 0.0413313 0 0
BinVal : 0 21     0.955056 0.0219611 0.0219611 0 0
BinVal : 0 22     0.771429 0.0709782 0.0709782 0 0
BinVal : 0 23     0.833333 0.087841 0.087841 0 0
BinVal : 0 24     0.555556 0.117121 0.117121 0 0
BinVal : 0 25     0.509091 0.0674088 0.0674088 0 0
BinVal : 0 26     0.309524 0.071334 0.071334 0 0
BinVal : 1 1     0.55 0.111243 0.111243 0 0
BinVal : 1 2     0.444444 0.0828173 0.0828173 0 0
BinVal : 1 3     0.55 0.111243 0.111243 0 0
BinVal : 1 4     0.615385 0.134932 0.134932 0 0
BinVal : 1 5     0.911111 0.0424232 0.0424232 0 0
BinVal : 1 6     0.876543 0.0365512 0.0365512 0 0
BinVal : 1 7     0.854167 0.0509424 0.0509424 0 0
BinVal : 1 8     0.934426 0.0316937 0.0316937 0 0
BinVal : 1 9     0.635294 0.0522095 0.0522095 0 0
BinVal : 1 10     0.557895 0.0509539 0.0509539 0 0
BinVal : 1 11     0.643564 0.0476569 0.0476569 0 0
BinVal : 1 12     0.68932 0.0455983 0.0455983 0 0
BinVal : 1 13     0.654135 0.041244 0.041244 0 0
BinVal : 1 14     0.715517 0.0418899 0.0418899 0 0
BinVal : 1 15     0.747253 0.0455571 0.0455571 0 0
BinVal : 1 16     0.566667 0.045236 0.045236 0 0
BinVal : 1 17     0.580357 0.0466314 0.0466314 0 0
BinVal : 1 18     0.620253 0.0546032 0.0546032 0 0
BinVal : 1 19     0.955556 0.0307207 0.0307207 0 0
BinVal : 1 20     0.888889 0.0427667 0.0427667 0 0
BinVal : 1 21     0.824324 0.0442373 0.0442373 0 0
BinVal : 1 22     0.814815 0.0747568 0.0747568 0 0
BinVal : 1 23     0.857143 0.093522 0.093522 0 0
BinVal : 1 24     0.555556 0.117121 0.117121 0 0
BinVal : 1 25     0.455882 0.0603974 0.0603974 0 0
BinVal : 1 26     0.458333 0.101707 0.101707 0 0
BinVal : 2 1     0.333333 0.111111 0.111111 0 0
BinVal : 2 2     0.477273 0.0752999 0.0752999 0 0
BinVal : 2 3     0.583333 0.142319 0.142319 0 0
BinVal : 2 4     0.75 0.153093 0.153093 0 0
BinVal : 2 5     0.833333 0.087841 0.087841 0 0
BinVal : 2 6     0.887097 0.0401923 0.0401923 0 0
BinVal : 2 7     0.923077 0.0522589 0.0522589 0 0
BinVal : 2 8     0.807692 0.077292 0.077292 0 0
BinVal : 2 9     0.844828 0.047542 0.047542 0 0
BinVal : 2 10     0.765432 0.0470809 0.0470809 0 0
BinVal : 2 11     0.817073 0.0426935 0.0426935 0 0
BinVal : 2 12     0.80303 0.0489546 0.0489546 0 0
BinVal : 2 13     0.781609 0.0442948 0.0442948 0 0
BinVal : 2 14     0.806818 0.0420852 0.0420852 0 0
BinVal : 2 15     0.73494 0.0484461 0.0484461 0 0
BinVal : 2 16     0.645161 0.060765 0.060765 0 0
BinVal : 2 17     0.701299 0.0521585 0.0521585 0 0
BinVal : 2 18     0.808511 0.057394 0.057394 0 0
BinVal : 2 19     1 0.0148902 0.0148902 0 0
BinVal : 2 20     0.90625 0.051527 0.051527 0 0
BinVal : 2 21     0.836735 0.0528011 0.0528011 0 0
BinVal : 2 22     0.928571 0.0688303 0.0688303 0 0
BinVal : 2 23     1 0.0756803 0.0756803 0 0
BinVal : 2 24     0.7 0.144914 0.144914 0 0
BinVal : 2 25     0.485714 0.0844809 0.0844809 0 0
BinVal : 2 26     0.25 0.108253 0.108253 0 0
BinVal : 3 1     0.444444 0.165635 0.165635 0 0
BinVal : 3 2     0.47619 0.108985 0.108985 0 0
BinVal : 3 3     0.5 0.25 0.25 0 0
BinVal : 3 4     1 0.0756803 0.0756803 0 0
BinVal : 3 5     0.785714 0.109664 0.109664 0 0
BinVal : 3 6     0.933333 0.045542 0.045542 0 0
BinVal : 3 7     0.933333 0.0644061 0.0644061 0 0
BinVal : 3 8     0.823529 0.0924594 0.0924594 0 0
BinVal : 3 9     0.605263 0.0792929 0.0792929 0 0
BinVal : 3 10     0.56 0.0992774 0.0992774 0 0
BinVal : 3 11     0.674419 0.0714596 0.0714596 0 0
BinVal : 3 12     0.711538 0.0628263 0.0628263 0 0
BinVal : 3 13     0.897959 0.0432431 0.0432431 0 0
BinVal : 3 14     0.764706 0.0593974 0.0593974 0 0
BinVal : 3 15     0.647059 0.0669172 0.0669172 0 0
BinVal : 3 16     0.710526 0.0735703 0.0735703 0 0
BinVal : 3 17     0.581395 0.0752322 0.0752322 0 0
BinVal : 3 18     0.72093 0.068402 0.068402 0 0
BinVal : 3 19     0.375 0.171163 0.171163 0 0
BinVal : 3 20     0.96 0.0391918 0.0391918 0 0
BinVal : 3 21     0.926829 0.0406702 0.0406702 0 0
BinVal : 3 22     0.857143 0.13226 0.13226 0 0
BinVal : 3 23     1 0.102643 0.102643 0 0
BinVal : 3 24     0.5 0.158114 0.158114 0 0
BinVal : 3 25     0.214286 0.109664 0.109664 0 0
BinVal : 3 26     0.611111 0.114904 0.114904 0 0
BinVal : 4 1     0.285714 0.170747 0.170747 0 0
BinVal : 4 2     0.473684 0.114549 0.114549 0 0
BinVal : 4 3     0.75 0.216506 0.216506 0 0
BinVal : 4 4     0.857143 0.13226 0.13226 0 0
BinVal : 4 5     0.833333 0.107583 0.107583 0 0
BinVal : 4 6     0.870968 0.0602101 0.0602101 0 0
BinVal : 4 7     0.772727 0.0893461 0.0893461 0 0
BinVal : 4 8     1 0.102643 0.102643 0 0
BinVal : 4 9     0.657895 0.0769602 0.0769602 0 0
BinVal : 4 10     0.571429 0.0836486 0.0836486 0 0
BinVal : 4 11     0.657143 0.0802329 0.0802329 0 0
BinVal : 4 12     0.642857 0.0905522 0.0905522 0 0
BinVal : 4 13     0.857143 0.0539949 0.0539949 0 0
BinVal : 4 14     0.625 0.0765466 0.0765466 0 0
BinVal : 4 15     0.48 0.09992 0.09992 0 0
BinVal : 4 16     0.787879 0.0711647 0.0711647 0 0
BinVal : 4 17     0.657143 0.0802329 0.0802329 0 0
BinVal : 4 18     0.8 0.0730297 0.0730297 0 0
BinVal : 4 19     0.5 0.158114 0.158114 0 0
BinVal : 4 20     0.842105 0.0836547 0.0836547 0 0
BinVal : 4 21     0.916667 0.0460642 0.0460642 0 0
BinVal : 4 22     1 0.0422902 0.0422902 0 0
BinVal : 4 23     1 0.0668855 0.0668855 0 0
BinVal : 4 24     1 0.0756803 0.0756803 0 0
BinVal : 4 25     0.380952 0.105971 0.105971 0 0
BinVal : 4 26     0.583333 0.142319 0.142319 0 0
BinVal : 5 1     0.555556 0.165635 0.165635 0 0
BinVal : 5 2     0.424242 0.086034 0.086034 0 0
BinVal : 5 3     0.615385 0.134932 0.134932 0 0
BinVal : 5 4     0.875 0.0826797 0.0826797 0 0
BinVal : 5 5     0.714286 0.0985808 0.0985808 0 0
BinVal : 5 6     0.869565 0.0496557 0.0496557 0 0
BinVal : 5 7     0.875 0.0584634 0.0584634 0 0
BinVal : 5 8     0.935484 0.0441237 0.0441237 0 0
BinVal : 5 9     0.811321 0.0537428 0.0537428 0 0
BinVal : 5 10     0.807229 0.0432992 0.0432992 0 0
BinVal : 5 11     0.757143 0.0512525 0.0512525 0 0
BinVal : 5 12     0.72549 0.0624899 0.0624899 0 0
BinVal : 5 13     0.873418 0.0374097 0.0374097 0 0
BinVal : 5 14     0.830986 0.0444763 0.0444763 0 0
BinVal : 5 15     0.682927 0.0726733 0.0726733 0 0
BinVal : 5 16     0.666667 0.0523783 0.0523783 0 0
BinVal : 5 17     0.720588 0.0544141 0.0544141 0 0
BinVal : 5 18     0.666667 0.06415 0.06415 0 0
BinVal : 5 19     0.861111 0.0576384 0.0576384 0 0
BinVal : 5 20     0.793103 0.0752216 0.0752216 0 0
BinVal : 5 21     0.916667 0.0398928 0.0398928 0 0
BinVal : 5 22     0.866667 0.0877707 0.0877707 0 0
BinVal : 5 23     1 0.0599198 0.0599198 0 0
BinVal : 5 24     0.777778 0.13858 0.13858 0 0
BinVal : 5 25     0.37037 0.0929349 0.0929349 0 0
BinVal : 5 26     0.428571 0.187044 0.187044 0 0
BinVal : 6 1     0.6 0.109545 0.109545 0 0
BinVal : 6 2     0.477273 0.0752999 0.0752999 0 0
BinVal : 6 3     0.294118 0.11051 0.11051 0 0
BinVal : 6 4     0.533333 0.128812 0.128812 0 0
BinVal : 6 5     0.740741 0.084337 0.084337 0 0
BinVal : 6 6     0.9375 0.0302577 0.0302577 0 0
BinVal : 6 7     0.954545 0.0314022 0.0314022 0 0
BinVal : 6 8     0.976744 0.0229838 0.0229838 0 0
BinVal : 6 9     0.786885 0.0524321 0.0524321 0 0
BinVal : 6 10     0.818182 0.043954 0.043954 0 0
BinVal : 6 11     0.726316 0.0457431 0.0457431 0 0
BinVal : 6 12     0.902174 0.0309727 0.0309727 0 0
BinVal : 6 13     0.641304 0.0500036 0.0500036 0 0
BinVal : 6 14     0.838095 0.0359486 0.0359486 0 0
BinVal : 6 15     0.719298 0.0595168 0.0595168 0 0
BinVal : 6 16     0.732673 0.0440368 0.0440368 0 0
BinVal : 6 17     0.775281 0.044244 0.044244 0 0
BinVal : 6 18     0.753846 0.0534303 0.0534303 0 0
BinVal : 6 19     0.971429 0.0281603 0.0281603 0 0
BinVal : 6 20     0.916667 0.0460642 0.0460642 0 0
BinVal : 6 21     0.964912 0.0243716 0.0243716 0 0
BinVal : 6 22     0.96875 0.0307578 0.0307578 0 0
BinVal : 6 23     0.769231 0.116855 0.116855 0 0
BinVal : 6 24     0.533333 0.128812 0.128812 0 0
BinVal : 6 25     0.518519 0.096159 0.096159 0 0
BinVal : 6 26     0.555556 0.117121 0.117121 0 0
BinVal : 7 1     0.4375 0.0876951 0.0876951 0 0
BinVal : 7 2     0.490566 0.0686681 0.0686681 0 0
BinVal : 7 3     0.6 0.154919 0.154919 0 0
BinVal : 7 4     0.846154 0.100068 0.100068 0 0
BinVal : 7 5     0.827586 0.0701445 0.0701445 0 0
BinVal : 7 6     0.906667 0.0335901 0.0335901 0 0
BinVal : 7 7     0.877551 0.0468291 0.0468291 0 0
BinVal : 7 8     0.65625 0.0839617 0.0839617 0 0
BinVal : 7 9     0.608108 0.0567489 0.0567489 0 0
BinVal : 7 10     0.485437 0.0492456 0.0492456 0 0
BinVal : 7 11     0.819149 0.0396989 0.0396989 0 0
BinVal : 7 12     0.793893 0.035342 0.035342 0 0
BinVal : 7 13     0.610619 0.0458705 0.0458705 0 0
BinVal : 7 14     0.8125 0.0368811 0.0368811 0 0
BinVal : 7 15     0.724138 0.041498 0.041498 0 0
BinVal : 7 16     0.804348 0.041359 0.041359 0 0
BinVal : 7 17     0.634615 0.0472187 0.0472187 0 0
BinVal : 7 18     0.764706 0.0460091 0.0460091 0 0
BinVal : 7 19     0.571429 0.0763604 0.0763604 0 0
BinVal : 7 20     0.975 0.0246855 0.0246855 0 0
BinVal : 7 21     0.932432 0.0291784 0.0291784 0 0
BinVal : 7 22     0.939394 0.041536 0.041536 0 0
BinVal : 7 23     0.857143 0.0763604 0.0763604 0 0
BinVal : 7 24     0.588235 0.119365 0.119365 0 0
BinVal : 7 25     0.529412 0.0698928 0.0698928 0 0
BinVal : 7 26     0.342105 0.0769602 0.0769602 0 0
BinVal : 8 0     0.333333 0.272166 0.272166 0 0
BinVal : 8 1     0.513514 0.0821695 0.0821695 0 0
BinVal : 8 2     0.5 0.0721688 0.0721688 0 0
BinVal : 8 3     0.545455 0.106159 0.106159 0 0
BinVal : 8 4     0.947368 0.0512278 0.0512278 0 0
BinVal : 8 5     0.906977 0.0442955 0.0442955 0 0
BinVal : 8 6     0.959459 0.0229267 0.0229267 0 0
BinVal : 8 7     0.901961 0.0416398 0.0416398 0 0
BinVal : 8 8     0.764706 0.0727467 0.0727467 0 0
BinVal : 8 9     0.818182 0.0411152 0.0411152 0 0
BinVal : 8 10     0.7125 0.0506018 0.0506018 0 0
BinVal : 8 11     0.845455 0.0344649 0.0344649 0 0
BinVal : 8 12     0.884615 0.0313281 0.0313281 0 0
BinVal : 8 13     0.585366 0.0444215 0.0444215 0 0
BinVal : 8 14     0.848485 0.0312078 0.0312078 0 0
BinVal : 8 15     0.861111 0.0332776 0.0332776 0 0
BinVal : 8 16     0.8875 0.0353277 0.0353277 0 0
BinVal : 8 17     0.637363 0.0503975 0.0503975 0 0
BinVal : 8 18     0.701149 0.0490764 0.0490764 0 0
BinVal : 8 19     0.68 0.0659697 0.0659697 0 0
BinVal : 8 20     0.892857 0.0413313 0.0413313 0 0
BinVal : 8 21     0.971831 0.019636 0.019636 0 0
BinVal : 8 22     0.897436 0.0485811 0.0485811 0 0
BinVal : 8 23     0.882353 0.0781425 0.0781425 0 0
BinVal : 8 24     0.411765 0.119365 0.119365 0 0
BinVal : 8 25     0.52381 0.0629226 0.0629226 0 0
BinVal : 8 26     0.404762 0.0757392 0.0757392 0 0
BinVal : 8 27     0.666667 0.272166 0.272166 0 0
BinVal : 9 1     0.26087 0.0915605 0.0915605 0 0
BinVal : 9 2     0.355556 0.0713576 0.0713576 0 0
BinVal : 9 3     0.8 0.126491 0.126491 0 0
BinVal : 9 4     0.909091 0.0612909 0.0612909 0 0
BinVal : 9 5     0.948718 0.0353199 0.0353199 0 0
BinVal : 9 6     0.966292 0.0191304 0.0191304 0 0
BinVal : 9 7     0.942857 0.0392347 0.0392347 0 0
BinVal : 9 8     0.931035 0.0470544 0.0470544 0 0
BinVal : 9 9     0.78 0.0585833 0.0585833 0 0
BinVal : 9 10     0.690141 0.054881 0.054881 0 0
BinVal : 9 11     0.673684 0.0481045 0.0481045 0 0
BinVal : 9 12     0.729167 0.0453554 0.0453554 0 0
BinVal : 9 13     0.607477 0.0472069 0.0472069 0 0
BinVal : 9 14     0.807018 0.0369614 0.0369614 0 0
BinVal : 9 15     0.8 0.04 0.04 0 0
BinVal : 9 16     0.619048 0.0529856 0.0529856 0 0
BinVal : 9 17     0.769231 0.0522589 0.0522589 0 0
BinVal : 9 18     0.705882 0.0552551 0.0552551 0 0
BinVal : 9 19     0.914894 0.0407022 0.0407022 0 0
BinVal : 9 20     0.97619 0.0235244 0.0235244 0 0
BinVal : 9 21     0.953846 0.0260247 0.0260247 0 0
BinVal : 9 22     1 0.0166125 0.0166125 0 0
BinVal : 9 23     0.8 0.126491 0.126491 0 0
BinVal : 9 24     0.777778 0.13858 0.13858 0 0
BinVal : 9 25     0.642857 0.0739356 0.0739356 0 0
BinVal : 9 26     0.5 0.117851 0.117851 0 0
BinVal : 9 27     1 0.218486 0.218486 0 0
BinVal : 10 1     0.470588 0.121058 0.121058 0 0
BinVal : 10 2     0.339623 0.0650514 0.0650514 0 0
BinVal : 10 3     0.6875 0.115878 0.115878 0 0
BinVal : 10 4     0.894737 0.0704059 0.0704059 0 0
BinVal : 10 5     0.857143 0.06613 0.06613 0 0
BinVal : 10 6     0.878378 0.0379953 0.0379953 0 0
BinVal : 10 7     0.571429 0.0836486 0.0836486 0 0
BinVal : 10 8     0.0540541 0.0371746 0.0371746 0 0
BinVal : 10 9     0.342857 0.0463225 0.0463225 0 0
BinVal : 10 10     0.180851 0.0396989 0.0396989 0 0
BinVal : 10 11     0.566372 0.0466198 0.0466198 0 0
BinVal : 10 12     0.703704 0.0439386 0.0439386 0 0
BinVal : 10 13     0.783333 0.0376079 0.0376079 0 0
BinVal : 10 14     0.793388 0.0368068 0.0368068 0 0
BinVal : 10 15     0.648649 0.0453121 0.0453121 0 0
BinVal : 10 16     0.452381 0.0443411 0.0443411 0 0
BinVal : 10 17     0.120482 0.0357309 0.0357309 0 0
BinVal : 10 18     0.281553 0.0443158 0.0443158 0 0
BinVal : 10 19     0.0882353 0.0486433 0.0486433 0 0
BinVal : 10 20     0.347826 0.0993113 0.0993113 0 0
BinVal : 10 21     0.958904 0.0232341 0.0232341 0 0
BinVal : 10 22     0.935484 0.0441237 0.0441237 0 0
BinVal : 10 23     1 0.039392 0.039392 0 0
BinVal : 10 24     0.705882 0.11051 0.11051 0 0
BinVal : 10 25     0.432836 0.0605311 0.0605311 0 0
BinVal : 10 26     0.541667 0.101707 0.101707 0 0
BinVal : 11 0     0.666667 0.272166 0.272166 0 0
BinVal : 11 1     0.411765 0.0844035 0.0844035 0 0
BinVal : 11 2     0.375 0.0698771 0.0698771 0 0
BinVal : 11 3     0.846154 0.100068 0.100068 0 0
BinVal : 11 4     0.888889 0.104757 0.104757 0 0
BinVal : 11 5     0.921053 0.0437441 0.0437441 0 0
BinVal : 11 6     0.719512 0.04961 0.04961 0 0
BinVal : 11 19     0.0217391 0.0215015 0.0215015 0 0
BinVal : 11 21     0.771429 0.0501891 0.0501891 0 0
BinVal : 11 22     0.948718 0.0353199 0.0353199 0 0
BinVal : 11 23     0.842105 0.0836547 0.0836547 0 0
BinVal : 11 24     0.818182 0.116291 0.116291 0 0
BinVal : 11 25     0.487179 0.0800378 0.0800378 0 0
BinVal : 11 26     0.486486 0.0821695 0.0821695 0 0
BinVal : 12 0     1 0.218486 0.218486 0 0
BinVal : 12 1     0.5 0.0944911 0.0944911 0 0
BinVal : 12 2     0.487179 0.0800378 0.0800378 0 0
BinVal : 12 3     0.846154 0.100068 0.100068 0 0
BinVal : 12 4     0.545455 0.150131 0.150131 0 0
BinVal : 12 5     0.882353 0.0552551 0.0552551 0 0
BinVal : 12 6     0.736842 0.0583254 0.0583254 0 0
BinVal : 12 12     0.0117647 0.0116953 0.0116953 0 0
BinVal : 12 15     0.0108696 0.0108103 0.0108103 0 0
BinVal : 12 17     0.0188679 0.0186891 0.0186891 0 0
BinVal : 12 21     0.75 0.0541266 0.0541266 0 0
BinVal : 12 22     0.948718 0.0353199 0.0353199 0 0
BinVal : 12 23     0.8125 0.0975781 0.0975781 0 0
BinVal : 12 24     0.9 0.0948683 0.0948683 0 0
BinVal : 12 25     0.425926 0.0672906 0.0672906 0 0
BinVal : 12 26     0.510204 0.0714137 0.0714137 0 0
BinVal : 13 1     0.47619 0.108985 0.108985 0 0
BinVal : 13 2     0.533333 0.0743698 0.0743698 0 0
BinVal : 13 3     0.727273 0.134282 0.134282 0 0
BinVal : 13 4     0.833333 0.087841 0.087841 0 0
BinVal : 13 5     0.944444 0.0539903 0.0539903 0 0
BinVal : 13 6     0.939759 0.0261165 0.0261165 0 0
BinVal : 13 7     0.567568 0.0814455 0.0814455 0 0
BinVal : 13 8     0.205128 0.064659 0.064659 0 0
BinVal : 13 9     0.282051 0.0509523 0.0509523 0 0
BinVal : 13 10     0.0945946 0.0340204 0.0340204 0 0
BinVal : 13 11     0.428571 0.046761 0.046761 0 0
BinVal : 13 12     0.723214 0.0422762 0.0422762 0 0
BinVal : 13 13     0.723577 0.0403252 0.0403252 0 0
BinVal : 13 14     0.718518 0.0387059 0.0387059 0 0
BinVal : 13 15     0.639175 0.048761 0.048761 0 0
BinVal : 13 16     0.491525 0.0460221 0.0460221 0 0
BinVal : 13 17     0.0823529 0.0298173 0.0298173 0 0
BinVal : 13 18     0.184211 0.0444672 0.0444672 0 0
BinVal : 13 19     0.186047 0.0593439 0.0593439 0 0
BinVal : 13 20     0.567568 0.0814455 0.0814455 0 0
BinVal : 13 21     0.928571 0.0307818 0.0307818 0 0
BinVal : 13 22     0.916667 0.0460642 0.0460642 0 0
BinVal : 13 23     0.909091 0.0612909 0.0612909 0 0
BinVal : 13 24     0.777778 0.13858 0.13858 0 0
BinVal : 13 25     0.354167 0.0690309 0.0690309 0 0
BinVal : 13 26     0.548387 0.0893812 0.0893812 0 0
BinVal : 14 0     0.5 0.353553 0.353553 0 0
BinVal : 14 1     0.608696 0.101764 0.101764 0 0
BinVal : 14 2     0.571429 0.0763604 0.0763604 0 0
BinVal : 14 3     0.3 0.10247 0.10247 0 0
BinVal : 14 4     0.733333 0.11418 0.11418 0 0
BinVal : 14 5     0.928571 0.0486704 0.0486704 0 0
BinVal : 14 6     0.894737 0.035203 0.035203 0 0
BinVal : 14 7     0.909091 0.0433392 0.0433392 0 0
BinVal : 14 8     0.901961 0.0416398 0.0416398 0 0
BinVal : 14 9     0.612245 0.0696055 0.0696055 0 0
BinVal : 14 10     0.694444 0.0542872 0.0542872 0 0
BinVal : 14 11     0.698113 0.0445894 0.0445894 0 0
BinVal : 14 12     0.72043 0.0465371 0.0465371 0 0
BinVal : 14 13     0.809091 0.0374728 0.0374728 0 0
BinVal : 14 14     0.604167 0.0499113 0.0499113 0 0
BinVal : 14 15     0.704082 0.0461089 0.0461089 0 0
BinVal : 14 16     0.676471 0.0463214 0.0463214 0 0
BinVal : 14 17     0.564356 0.049338 0.049338 0 0
BinVal : 14 18     0.803571 0.053091 0.053091 0 0
BinVal : 14 19     0.76087 0.0628917 0.0628917 0 0
BinVal : 14 20     0.918919 0.0448743 0.0448743 0 0
BinVal : 14 21     0.894737 0.035203 0.035203 0 0
BinVal : 14 22     0.860465 0.0528413 0.0528413 0 0
BinVal : 14 23     0.875 0.0826797 0.0826797 0 0
BinVal : 14 24     0.666667 0.111111 0.111111 0 0
BinVal : 14 25     0.5 0.0721688 0.0721688 0 0
BinVal : 14 26     0.307692 0.128008 0.128008 0 0
BinVal : 14 27     1 0.218486 0.218486 0 0
BinVal : 15 0     0.5 0.353553 0.353553 0 0
BinVal : 15 1     0.5 0.0790569 0.0790569 0 0
BinVal : 15 2     0.564103 0.0794034 0.0794034 0 0
BinVal : 15 3     0.666667 0.136083 0.136083 0 0
BinVal : 15 4     0.842105 0.0836547 0.0836547 0 0
BinVal : 15 5     0.931818 0.0379991 0.0379991 0 0
BinVal : 15 6     0.906977 0.0313216 0.0313216 0 0
BinVal : 15 7     0.953488 0.0321147 0.0321147 0 0
BinVal : 15 8     0.729167 0.0641422 0.0641422 0 0
BinVal : 15 9     0.7125 0.0506018 0.0506018 0 0
BinVal : 15 10     0.461538 0.0564461 0.0564461 0 0
BinVal : 15 11     0.854167 0.0360217 0.0360217 0 0
BinVal : 15 12     0.809524 0.0383213 0.0383213 0 0
BinVal : 15 13     0.837838 0.0349859 0.0349859 0 0
BinVal : 15 14     0.852713 0.0312024 0.0312024 0 0
BinVal : 15 15     0.726562 0.0393968 0.0393968 0 0
BinVal : 15 16     0.87037 0.0323216 0.0323216 0 0
BinVal : 15 17     0.612245 0.0492185 0.0492185 0 0
BinVal : 15 18     0.722222 0.0472131 0.0472131 0 0
BinVal : 15 19     0.666667 0.0754851 0.0754851 0 0
BinVal : 15 20     0.916667 0.0356812 0.0356812 0 0
BinVal : 15 21     0.925926 0.029099 0.029099 0 0
BinVal : 15 22     0.886364 0.0478452 0.0478452 0 0
BinVal : 15 23     0.888889 0.0604812 0.0604812 0 0
BinVal : 15 24     0.75 0.108253 0.108253 0 0
BinVal : 15 25     0.528302 0.0685702 0.0685702 0 0
BinVal : 15 26     0.484848 0.0869989 0.0869989 0 0
BinVal : 15 27     0.666667 0.272166 0.272166 0 0


Comments : includes prescale inefficiency, cosmic veto applied 
EffMethod : TagAndProbe 
EffName : eff 
EffType : Binned 
EffVarNames : phi deteta 
EffVersion : 5 
ObjQuality : SingleMuonTriggersOR-AND-MuFromMuJets 
ObjRelativeTo : medium_tracknewmedium_iso_NPTightDeltaR 
ObjType : MuANDSingleMuonOR 
ObjVersion : 1 
RunRangeHigh : -1 
RunRangeLow : -1 
TriggerVersionHigh : 14.6 
TriggerVersionLow : 14 
BinEdges1 : 0 0.3927 0.7854 1.1781 1.5708 1.9635 2.3562 2.7489 3.1416 3.5343 3.927 4.3197 4.7124 5.1051 5.4978 5.8905 6.2832 
BinEdges2 : -2.2 -2 -1.8 -1.6 -1.55 -1.5 -1.4 -1.2 -1.1 -1 -0.8 -0.6 -0.4 -0.2 0 0.2 0.4 0.6 0.8 1 1.1 1.2 1.4 1.5 1.55 1.6 1.8 2 2.2 
BinVal : 0 1     0.115385 0.0626563 0.0626563 0 0
BinVal : 0 2     0.111111 0.0523783 0.0523783 0 0
BinVal : 0 4     0.833333 0.152145 0.152145 0 0
BinVal : 0 5     0.833333 0.087841 0.087841 0 0
BinVal : 0 6     0.829268 0.0587642 0.0587642 0 0
BinVal : 0 7     0.684211 0.106639 0.106639 0 0
BinVal : 0 8     0.807692 0.077292 0.077292 0 0
BinVal : 0 9     0.794118 0.0693446 0.0693446 0 0
BinVal : 0 10     0.612903 0.0874832 0.0874832 0 0
BinVal : 0 11     0.782609 0.0608155 0.0608155 0 0
BinVal : 0 12     0.807692 0.0446246 0.0446246 0 0
BinVal : 0 13     0.727273 0.0548202 0.0548202 0 0
BinVal : 0 14     0.757576 0.0527508 0.0527508 0 0
BinVal : 0 15     0.647059 0.0669172 0.0669172 0 0
BinVal : 0 16     0.745455 0.058737 0.058737 0 0
BinVal : 0 17     0.54902 0.0696767 0.0696767 0 0
BinVal : 0 18     0.55 0.0786607 0.0786607 0 0
BinVal : 0 19     0.454545 0.106159 0.106159 0 0
BinVal : 0 20     0.935484 0.0441237 0.0441237 0 0
BinVal : 0 21     0.842105 0.0591528 0.0591528 0 0
BinVal : 0 22     0.96 0.0391918 0.0391918 0 0
BinVal : 0 23     0.75 0.125 0.125 0 0
BinVal : 0 24     0.333333 0.136083 0.136083 0 0
BinVal : 0 25     0.0645161 0.0441237 0.0441237 0 0
BinVal : 0 26     0.111111 0.0604812 0.0604812 0 0
BinVal : 1 2     0.05 0.048734 0.048734 0 0
BinVal : 1 4     0.571429 0.187044 0.187044 0 0
BinVal : 1 5     0.5625 0.12402 0.12402 0 0
BinVal : 1 6     0.641509 0.0658722 0.0658722 0 0
BinVal : 1 7     0.730769 0.0869893 0.0869893 0 0
BinVal : 1 8     0.789474 0.0935288 0.0935288 0 0
BinVal : 1 9     0.666667 0.082061 0.082061 0 0
BinVal : 1 10     0.581395 0.0752322 0.0752322 0 0
BinVal : 1 11     0.488372 0.0762287 0.0762287 0 0
BinVal : 1 12     0.62963 0.0657149 0.0657149 0 0
BinVal : 1 13     0.609375 0.0609863 0.0609863 0 0
BinVal : 1 14     0.537037 0.0678545 0.0678545 0 0
BinVal : 1 15     0.538462 0.0798268 0.0798268 0 0
BinVal : 1 16     0.512195 0.0780637 0.0780637 0 0
BinVal : 1 17     0.54 0.070484 0.070484 0 0
BinVal : 1 18     0.666667 0.096225 0.096225 0 0
BinVal : 1 19     0.777778 0.0979908 0.0979908 0 0
BinVal : 1 20     0.695652 0.0959439 0.0959439 0 0
BinVal : 1 21     0.705882 0.0781425 0.0781425 0 0
BinVal : 1 22     0.538462 0.138264 0.138264 0 0
BinVal : 1 23     0.4 0.219089 0.219089 0 0
BinVal : 1 24     0.3 0.144914 0.144914 0 0
BinVal : 1 25     0.0555556 0.0381769 0.0381769 0 0
BinVal : 1 26     0.142857 0.093522 0.093522 0 0
BinVal : 2 0     1 0.218486 0.218486 0 0
BinVal : 2 1     0.166667 0.107583 0.107583 0 0
BinVal : 2 2     0.25 0.153093 0.153093 0 0
BinVal : 2 3     0.5 0.25 0.25 0 0
BinVal : 2 4     0.714286 0.170747 0.170747 0 0
BinVal : 2 5     0.833333 0.152145 0.152145 0 0
BinVal : 2 6     0.857143 0.0763604 0.0763604 0 0
BinVal : 2 7     0.777778 0.0979908 0.0979908 0 0
BinVal : 2 8     0.8 0.126491 0.126491 0 0
BinVal : 2 9     0.705882 0.11051 0.11051 0 0
BinVal : 2 10     0.676471 0.0802309 0.0802309 0 0
BinVal : 2 11     0.697674 0.0700373 0.0700373 0 0
BinVal : 2 12     0.727273 0.0775275 0.0775275 0 0
BinVal : 2 13     0.703704 0.0621386 0.0621386 0 0
BinVal : 2 14     0.704545 0.0687818 0.0687818 0 0
BinVal : 2 15     0.607143 0.0922962 0.0922962 0 0
BinVal : 2 16     0.782609 0.0860061 0.0860061 0 0
BinVal : 2 17     0.594595 0.080715 0.080715 0 0
BinVal : 2 18     0.652174 0.0993113 0.0993113 0 0
BinVal : 2 19     0.888889 0.104757 0.104757 0 0
BinVal : 2 20     0.9 0.0948683 0.0948683 0 0
BinVal : 2 21     0.884615 0.0626563 0.0626563 0 0
BinVal : 2 22     0.923077 0.0739053 0.0739053 0 0
BinVal : 2 23     0.5 0.204124 0.204124 0 0
BinVal : 2 24     0.166667 0.152145 0.152145 0 0
BinVal : 2 25     0.0526316 0.0512278 0.0512278 0 0
BinVal : 3 2     0.0909091 0.0866784 0.0866784 0 0
BinVal : 3 4     0.666667 0.272166 0.272166 0 0
BinVal : 3 5     0.625 0.171163 0.171163 0 0
BinVal : 3 6     0.866667 0.0877707 0.0877707 0 0
BinVal : 3 7     1 0.0668855 0.0668855 0 0
BinVal : 3 8     1 0.0756803 0.0756803 0 0
BinVal : 3 9     0.75 0.125 0.125 0 0
BinVal : 3 10     0.6 0.126491 0.126491 0 0
BinVal : 3 11     0.5625 0.12402 0.12402 0 0
BinVal : 3 12     0.588235 0.119365 0.119365 0 0
BinVal : 3 13     0.705882 0.11051 0.11051 0 0
BinVal : 3 14     0.647059 0.115904 0.115904 0 0
BinVal : 3 15     0.8 0.10328 0.10328 0 0
BinVal : 3 16     0.65 0.106654 0.106654 0 0
BinVal : 3 17     0.666667 0.111111 0.111111 0 0
BinVal : 3 18     0.454545 0.106159 0.106159 0 0
BinVal : 3 19     0.25 0.216506 0.216506 0 0
BinVal : 3 20     0.857143 0.13226 0.13226 0 0
BinVal : 3 21     0.764706 0.102879 0.102879 0 0
BinVal : 3 22     0.5 0.25 0.25 0 0
BinVal : 3 25     0.2 0.126491 0.126491 0 0
BinVal : 3 26     0.666667 0.19245 0.19245 0 0
BinVal : 4 3     0.666667 0.272166 0.272166 0 0
BinVal : 4 4     1 0.159077 0.159077 0 0
BinVal : 4 5     0.571429 0.187044 0.187044 0 0
BinVal : 4 6     0.846154 0.100068 0.100068 0 0
BinVal : 4 7     0.5 0.176777 0.176777 0 0
BinVal : 4 8     1 0.102643 0.102643 0 0
BinVal : 4 9     0.714286 0.120736 0.120736 0 0
BinVal : 4 10     0.555556 0.117121 0.117121 0 0
BinVal : 4 11     0.428571 0.13226 0.13226 0 0
BinVal : 4 12     0.5625 0.12402 0.12402 0 0
BinVal : 4 13     0.666667 0.0907218 0.0907218 0 0
BinVal : 4 14     0.692308 0.128008 0.128008 0 0
BinVal : 4 15     0.285714 0.170747 0.170747 0 0
BinVal : 4 16     0.75 0.0968246 0.0968246 0 0
BinVal : 4 17     0.4375 0.12402 0.12402 0 0
BinVal : 4 18     0.375 0.121031 0.121031 0 0
BinVal : 4 19     0.666667 0.19245 0.19245 0 0
BinVal : 4 20     0.75 0.125 0.125 0 0
BinVal : 4 21     0.857143 0.093522 0.093522 0 0
BinVal : 4 22     1 0.218486 0.218486 0 0
BinVal : 4 25     0.166667 0.152145 0.152145 0 0
BinVal : 4 26     0.166667 0.152145 0.152145 0 0
BinVal : 5 1     0.2 0.178885 0.178885 0 0
BinVal : 5 3     0.25 0.216506 0.216506 0 0
BinVal : 5 4     0.5 0.176777 0.176777 0 0
BinVal : 5 5     0.5 0.176777 0.176777 0 0
BinVal : 5 6     0.857143 0.06613 0.06613 0 0
BinVal : 5 7     0.714286 0.120736 0.120736 0 0
BinVal : 5 8     0.923077 0.0739053 0.0739053 0 0
BinVal : 5 9     0.588235 0.119365 0.119365 0 0
BinVal : 5 10     0.758621 0.0794627 0.0794627 0 0
BinVal : 5 11     0.741935 0.0785898 0.0785898 0 0
BinVal : 5 12     0.793103 0.0752216 0.0752216 0 0
BinVal : 5 13     0.837838 0.0605974 0.0605974 0 0
BinVal : 5 14     0.62069 0.0901022 0.0901022 0 0
BinVal : 5 15     0.666667 0.136083 0.136083 0 0
BinVal : 5 16     0.588235 0.0844035 0.0844035 0 0
BinVal : 5 17     0.763158 0.0689676 0.0689676 0 0
BinVal : 5 18     0.8 0.0894427 0.0894427 0 0
BinVal : 5 19     0.789474 0.0935288 0.0935288 0 0
BinVal : 5 20     0.454545 0.150131 0.150131 0 0
BinVal : 5 21     0.892857 0.0584512 0.0584512 0 0
BinVal : 5 22     0.555556 0.165635 0.165635 0 0
BinVal : 5 23     0.833333 0.152145 0.152145 0 0
BinVal : 5 24     0.571429 0.187044 0.187044 0 0
BinVal : 6 1     0.142857 0.13226 0.13226 0 0
BinVal : 6 2     0.142857 0.13226 0.13226 0 0
BinVal : 6 4     0.666667 0.19245 0.19245 0 0
BinVal : 6 5     0.571429 0.13226 0.13226 0 0
BinVal : 6 6     0.952381 0.0464714 0.0464714 0 0
BinVal : 6 7     0.933333 0.0644061 0.0644061 0 0
BinVal : 6 8     0.928571 0.0688303 0.0688303 0 0
BinVal : 6 9     0.826087 0.0790342 0.0790342 0 0
BinVal : 6 10     0.704545 0.0687818 0.0687818 0 0
BinVal : 6 11     0.649123 0.0632126 0.0632126 0 0
BinVal : 6 12     0.756757 0.0705339 0.0705339 0 0
BinVal : 6 13     0.595238 0.0757392 0.0757392 0 0
BinVal : 6 14     0.645161 0.0859347 0.0859347 0 0
BinVal : 6 15     0.72 0.0897998 0.0897998 0 0
BinVal : 6 16     0.741935 0.0785898 0.0785898 0 0
BinVal : 6 17     0.833333 0.0680414 0.0680414 0 0
BinVal : 6 18     0.692308 0.0905151 0.0905151 0 0
BinVal : 6 19     0.92 0.0542586 0.0542586 0 0
BinVal : 6 20     0.928571 0.0688303 0.0688303 0 0
BinVal : 6 21     0.914286 0.0473188 0.0473188 0 0
BinVal : 6 22     1 0.0756803 0.0756803 0 0
BinVal : 6 23     0.75 0.216506 0.216506 0 0
BinVal : 6 25     0.0588235 0.0570672 0.0570672 0 0
BinVal : 7 1     0.05 0.048734 0.048734 0 0
BinVal : 7 2     0.117647 0.0781425 0.0781425 0 0
BinVal : 7 3     0.166667 0.152145 0.152145 0 0
BinVal : 7 4     0.363636 0.145041 0.145041 0 0
BinVal : 7 5     0.9 0.0948683 0.0948683 0 0
BinVal : 7 6     0.96875 0.0307578 0.0307578 0 0
BinVal : 7 7     0.785714 0.109664 0.109664 0 0
BinVal : 7 8     0.714286 0.120736 0.120736 0 0
BinVal : 7 9     0.642857 0.0739356 0.0739356 0 0
BinVal : 7 10     0.533333 0.0743698 0.0743698 0 0
BinVal : 7 11     0.833333 0.0680414 0.0680414 0 0
BinVal : 7 12     0.745098 0.0610251 0.0610251 0 0
BinVal : 7 13     0.484848 0.0615175 0.0615175 0 0
BinVal : 7 14     0.636364 0.0725204 0.0725204 0 0
BinVal : 7 15     0.574468 0.0721191 0.0721191 0 0
BinVal : 7 16     0.820513 0.0614507 0.0614507 0 0
BinVal : 7 17     0.571429 0.070696 0.070696 0 0
BinVal : 7 18     0.575758 0.086034 0.086034 0 0
BinVal : 7 19     0.666667 0.102869 0.102869 0 0
BinVal : 7 20     0.9 0.067082 0.067082 0 0
BinVal : 7 21     0.829268 0.0587642 0.0587642 0 0
BinVal : 7 22     0.857143 0.0763604 0.0763604 0 0
BinVal : 7 23     0.833333 0.152145 0.152145 0 0
BinVal : 7 24     0.25 0.153093 0.153093 0 0
BinVal : 7 25     0.0454545 0.0444095 0.0444095 0 0
BinVal : 7 26     0.0588235 0.0570672 0.0570672 0 0
BinVal : 8 1     0.25 0.153093 0.153093 0 0
BinVal : 8 2     0.09375 0.051527 0.051527 0 0
BinVal : 8 3     0.142857 0.13226 0.13226 0 0
BinVal : 8 4     1 0.0756803 0.0756803 0 0
BinVal : 8 5     0.842105 0.0836547 0.0836547 0 0
BinVal : 8 6     0.966667 0.0327731 0.0327731 0 0
BinVal : 8 7     0.833333 0.0760726 0.0760726 0 0
BinVal : 8 8     0.6 0.126491 0.126491 0 0
BinVal : 8 9     0.694444 0.0767737 0.0767737 0 0
BinVal : 8 10     0.75 0.0625 0.0625 0 0
BinVal : 8 11     0.880952 0.0499703 0.0499703 0 0
BinVal : 8 12     0.887097 0.0401923 0.0401923 0 0
BinVal : 8 13     0.627451 0.0677012 0.0677012 0 0
BinVal : 8 14     0.727273 0.0671408 0.0671408 0 0
BinVal : 8 15     0.680851 0.0679945 0.0679945 0 0
BinVal : 8 16     0.913043 0.0415449 0.0415449 0 0
BinVal : 8 17     0.54386 0.0659713 0.0659713 0 0
BinVal : 8 18     0.659574 0.0691185 0.0691185 0 0
BinVal : 8 19     0.882353 0.0781425 0.0781425 0 0
BinVal : 8 20     0.842105 0.0836547 0.0836547 0 0
BinVal : 8 21     0.973684 0.0259672 0.0259672 0 0
BinVal : 8 22     0.954545 0.0444095 0.0444095 0 0
BinVal : 8 23     0.714286 0.170747 0.170747 0 0
BinVal : 8 24     0.125 0.116927 0.116927 0 0
BinVal : 8 25     0.107143 0.0584512 0.0584512 0 0
BinVal : 8 26     0.0526316 0.0512278 0.0512278 0 0
BinVal : 9 1     0.1 0.0948683 0.0948683 0 0
BinVal : 9 2     0.176471 0.0924594 0.0924594 0 0
BinVal : 9 3     0.333333 0.157135 0.157135 0 0
BinVal : 9 4     0.857143 0.13226 0.13226 0 0
BinVal : 9 5     0.916667 0.0797856 0.0797856 0 0
BinVal : 9 6     0.952381 0.0464714 0.0464714 0 0
BinVal : 9 7     1 0.0293374 0.0293374 0 0
BinVal : 9 8     1 0.0279117 0.0279117 0 0
BinVal : 9 9     0.774194 0.0750952 0.0750952 0 0
BinVal : 9 10     0.666667 0.0860663 0.0860663 0 0
BinVal : 9 11     0.533333 0.0743698 0.0743698 0 0
BinVal : 9 12     0.666667 0.0702728 0.0702728 0 0
BinVal : 9 13     0.609756 0.0761823 0.0761823 0 0
BinVal : 9 14     0.666667 0.0785674 0.0785674 0 0
BinVal : 9 15     0.648649 0.0784828 0.0784828 0 0
BinVal : 9 16     0.651163 0.0726812 0.0726812 0 0
BinVal : 9 17     0.741935 0.0785898 0.0785898 0 0
BinVal : 9 18     0.666667 0.0860663 0.0860663 0 0
BinVal : 9 19     0.85 0.0798436 0.0798436 0 0
BinVal : 9 20     1 0.0279117 0.0279117 0 0
BinVal : 9 21     0.931035 0.0470544 0.0470544 0 0
BinVal : 9 22     0.666667 0.19245 0.19245 0 0
BinVal : 9 23     0.9 0.0948683 0.0948683 0 0
BinVal : 9 24     0.142857 0.13226 0.13226 0 0
BinVal : 9 25     0.0588235 0.0570672 0.0570672 0 0
BinVal : 9 26     0.2 0.126491 0.126491 0 0
BinVal : 10 1     0.375 0.171163 0.171163 0 0
BinVal : 10 2     0.125 0.0826797 0.0826797 0 0
BinVal : 10 3     0.25 0.153093 0.153093 0 0
BinVal : 10 4     0.75 0.216506 0.216506 0 0
BinVal : 10 5     0.833333 0.107583 0.107583 0 0
BinVal : 10 6     0.840909 0.0551405 0.0551405 0 0
BinVal : 10 7     0.6 0.154919 0.154919 0 0
BinVal : 10 8     0.263158 0.101023 0.101023 0 0
BinVal : 10 9     0.348837 0.0726812 0.0726812 0 0
BinVal : 10 10     0.142857 0.0539949 0.0539949 0 0
BinVal : 10 11     0.55814 0.0757321 0.0757321 0 0
BinVal : 10 12     0.655172 0.0624115 0.0624115 0 0
BinVal : 10 13     0.703704 0.0621386 0.0621386 0 0
BinVal : 10 14     0.690909 0.0623121 0.0623121 0 0
BinVal : 10 15     0.861111 0.0576384 0.0576384 0 0
BinVal : 10 16     0.553191 0.0725186 0.0725186 0 0
BinVal : 10 17     0.111111 0.0468486 0.0468486 0 0
BinVal : 10 18     0.333333 0.0680414 0.0680414 0 0
BinVal : 10 19     0.130435 0.0702237 0.0702237 0 0
BinVal : 10 20     0.785714 0.109664 0.109664 0 0
BinVal : 10 21     0.829268 0.0587642 0.0587642 0 0
BinVal : 10 22     0.894737 0.0704059 0.0704059 0 0
BinVal : 10 23     1 0.124824 0.124824 0 0
BinVal : 10 24     0.75 0.216506 0.216506 0 0
BinVal : 10 25     0.0769231 0.0522589 0.0522589 0 0
BinVal : 10 26     0.153846 0.100068 0.100068 0 0
BinVal : 11 1     0.176471 0.0924594 0.0924594 0 0
BinVal : 11 2     0.193548 0.0709583 0.0709583 0 0
BinVal : 11 3     0.375 0.171163 0.171163 0 0
BinVal : 11 4     0.769231 0.116855 0.116855 0 0
BinVal : 11 5     0.75 0.108253 0.108253 0 0
BinVal : 11 6     0.633333 0.0879815 0.0879815 0 0
BinVal : 11 14     0.0208333 0.0206152 0.0206152 0 0
BinVal : 11 21     0.78125 0.0730792 0.0730792 0 0
BinVal : 11 22     1 0.0668855 0.0668855 0 0
BinVal : 11 23     1 0.0871301 0.0871301 0 0
BinVal : 11 24     0.1 0.0948683 0.0948683 0 0
BinVal : 11 25     0.0454545 0.0444095 0.0444095 0 0
BinVal : 11 26     0.0384615 0.0377146 0.0377146 0 0
BinVal : 11 27     1 0.218486 0.218486 0 0
BinVal : 12 1     0.133333 0.0877707 0.0877707 0 0
BinVal : 12 2     0.0909091 0.0612909 0.0612909 0 0
BinVal : 12 3     0.636364 0.145041 0.145041 0 0
BinVal : 12 4     0.909091 0.0866784 0.0866784 0 0
BinVal : 12 5     0.857143 0.093522 0.093522 0 0
BinVal : 12 6     0.655172 0.0882632 0.0882632 0 0
BinVal : 12 14     0.0238095 0.0235244 0.0235244 0 0
BinVal : 12 21     0.653846 0.0933009 0.0933009 0 0
BinVal : 12 22     0.941176 0.0570672 0.0570672 0 0
BinVal : 12 23     0.8 0.178885 0.178885 0 0
BinVal : 12 24     0.333333 0.19245 0.19245 0 0
BinVal : 12 25     0.0833333 0.0797856 0.0797856 0 0
BinVal : 13 4     1 0.0542655 0.0542655 0 0
BinVal : 13 5     0.769231 0.116855 0.116855 0 0
BinVal : 13 6     0.705882 0.0781425 0.0781425 0 0
BinVal : 13 7     0.5 0.144338 0.144338 0 0
BinVal : 13 9     0.216216 0.0676771 0.0676771 0 0
BinVal : 13 10     0.171429 0.0637049 0.0637049 0 0
BinVal : 13 11     0.511628 0.0762287 0.0762287 0 0
BinVal : 13 12     0.585366 0.0769404 0.0769404 0 0
BinVal : 13 13     0.711538 0.0628263 0.0628263 0 0
BinVal : 13 14     0.777778 0.056575 0.056575 0 0
BinVal : 13 15     0.6 0.0730297 0.0730297 0 0
BinVal : 13 16     0.527273 0.0673196 0.0673196 0 0
BinVal : 13 17     0.111111 0.0468486 0.0468486 0 0
BinVal : 13 18     0.142857 0.0591485 0.0591485 0 0
BinVal : 13 19     0.1875 0.0975781 0.0975781 0 0
BinVal : 13 20     0.5 0.133631 0.133631 0 0
BinVal : 13 21     0.909091 0.0500438 0.0500438 0 0
BinVal : 13 22     0.9 0.0948683 0.0948683 0 0
BinVal : 13 23     0.666667 0.157135 0.157135 0 0
BinVal : 13 24     0.714286 0.170747 0.170747 0 0
BinVal : 13 25     0.0714286 0.0688303 0.0688303 0 0
BinVal : 13 26     0.166667 0.152145 0.152145 0 0
BinVal : 14 1     0.1 0.0948683 0.0948683 0 0
BinVal : 14 2     0.117647 0.0781425 0.0781425 0 0
BinVal : 14 4     0.5 0.158114 0.158114 0 0
BinVal : 14 5     0.764706 0.102879 0.102879 0 0
BinVal : 14 6     0.76 0.0854166 0.0854166 0 0
BinVal : 14 7     0.933333 0.0644061 0.0644061 0 0
BinVal : 14 8     0.764706 0.102879 0.102879 0 0
BinVal : 14 9     0.642857 0.0905522 0.0905522 0 0
BinVal : 14 10     0.552632 0.0806601 0.0806601 0 0
BinVal : 14 11     0.514286 0.0844809 0.0844809 0 0
BinVal : 14 12     0.580645 0.0886269 0.0886269 0 0
BinVal : 14 13     0.636364 0.0725204 0.0725204 0 0
BinVal : 14 14     0.596154 0.0680433 0.0680433 0 0
BinVal : 14 15     0.6 0.0774597 0.0774597 0 0
BinVal : 14 16     0.513514 0.0821695 0.0821695 0 0
BinVal : 14 17     0.625 0.0698771 0.0698771 0 0
BinVal : 14 18     0.645161 0.0859347 0.0859347 0 0
BinVal : 14 19     0.666667 0.102869 0.102869 0 0
BinVal : 14 20     0.88 0.0649923 0.0649923 0 0
BinVal : 14 21     0.764706 0.0727467 0.0727467 0 0
BinVal : 14 22     0.833333 0.107583 0.107583 0 0
BinVal : 14 23     1 0.0542655 0.0542655 0 0
BinVal : 14 24     0.428571 0.187044 0.187044 0 0
BinVal : 14 25     0.0869565 0.0587534 0.0587534 0 0
BinVal : 15 1     0.3 0.144914 0.144914 0 0
BinVal : 15 2     0.103448 0.0565523 0.0565523 0 0
BinVal : 15 3     0.142857 0.13226 0.13226 0 0
BinVal : 15 4     0.75 0.153093 0.153093 0 0
BinVal : 15 5     0.769231 0.116855 0.116855 0 0
BinVal : 15 6     0.9 0.0474342 0.0474342 0 0
BinVal : 15 7     0.869565 0.0702237 0.0702237 0 0
BinVal : 15 8     0.625 0.121031 0.121031 0 0
BinVal : 15 9     0.710526 0.0735703 0.0735703 0 0
BinVal : 15 10     0.4 0.0774597 0.0774597 0 0
BinVal : 15 11     0.777778 0.0619748 0.0619748 0 0
BinVal : 15 12     0.730769 0.0615107 0.0615107 0 0
BinVal : 15 13     0.69697 0.0565689 0.0565689 0 0
BinVal : 15 14     0.746032 0.0548401 0.0548401 0 0
BinVal : 15 15     0.734694 0.0630709 0.0630709 0 0
BinVal : 15 16     0.818182 0.0671408 0.0671408 0 0
BinVal : 15 17     0.595238 0.0757392 0.0757392 0 0
BinVal : 15 18     0.645161 0.0859347 0.0859347 0 0
BinVal : 15 19     0.555556 0.165635 0.165635 0 0
BinVal : 15 20     0.9375 0.0605154 0.0605154 0 0
BinVal : 15 21     0.837838 0.0605974 0.0605974 0 0
BinVal : 15 22     0.727273 0.134282 0.134282 0 0
BinVal : 15 23     0.428571 0.187044 0.187044 0 0
BinVal : 15 24     0.571429 0.187044 0.187044 0 0
BinVal : 15 25     0.12 0.0649923 0.0649923 0 0
BinVal : 15 26     0.0454545 0.0444095 0.0444095 0 0


Comments : includes prescale inefficiency, cosmic veto applied 
EffMethod : TagAndProbe 
EffName : eff 
EffType : Binned 
EffVarNames : phi deteta 
EffVersion : 5 
ObjQuality : SingleMuonTriggersOR-AND-MuFromMuJets 
ObjRelativeTo : medium_tracknewmedium_iso_NPTightDeltaR 
ObjType : MuANDSingleMuonOR 
ObjVersion : 1 
RunRangeHigh : -1 
RunRangeLow : -1 
TriggerVersionHigh : 15 
TriggerVersionLow : 14.6 
BinEdges1 : 0 0.3927 0.7854 1.1781 1.5708 1.9635 2.3562 2.7489 3.1416 3.5343 3.927 4.3197 4.7124 5.1051 5.4978 5.8905 6.2832 
BinEdges2 : -2.2 -2 -1.8 -1.6 -1.55 -1.5 -1.4 -1.2 -1.1 -1 -0.8 -0.6 -0.4 -0.2 0 0.2 0.4 0.6 0.8 1 1.1 1.2 1.4 1.5 1.55 1.6 1.8 2 2.2 
BinVal : 0 1     0.12 0.0649923 0.0649923 0 0
BinVal : 0 2     0.027027 0.0266593 0.0266593 0 0
BinVal : 0 3     0.6 0.219089 0.219089 0 0
BinVal : 0 4     0.583333 0.142319 0.142319 0 0
BinVal : 0 5     0.857143 0.0763604 0.0763604 0 0
BinVal : 0 6     0.94 0.0335857 0.0335857 0 0
BinVal : 0 7     0.964286 0.0350707 0.0350707 0 0
BinVal : 0 8     0.615385 0.0954113 0.0954113 0 0
BinVal : 0 9     0.66 0.0669925 0.0669925 0 0
BinVal : 0 10     0.425532 0.0721191 0.0721191 0 0
BinVal : 0 11     0.813559 0.0507036 0.0507036 0 0
BinVal : 0 12     0.676471 0.0567318 0.0567318 0 0
BinVal : 0 13     0.707865 0.0482028 0.0482028 0 0
BinVal : 0 14     0.762712 0.055385 0.055385 0 0
BinVal : 0 15     0.634921 0.0606573 0.0606573 0 0
BinVal : 0 16     0.875 0.0413399 0.0413399 0 0
BinVal : 0 17     0.698113 0.063059 0.063059 0 0
BinVal : 0 18     0.714286 0.0645363 0.0645363 0 0
BinVal : 0 19     0.677419 0.083959 0.083959 0 0
BinVal : 0 20     0.857143 0.0763604 0.0763604 0 0
BinVal : 0 21     0.924528 0.0362839 0.0362839 0 0
BinVal : 0 22     0.941176 0.0570672 0.0570672 0 0
BinVal : 0 23     0.8 0.178885 0.178885 0 0
BinVal : 0 24     0.0909091 0.0866784 0.0866784 0 0
BinVal : 0 25     0.0625 0.0427908 0.0427908 0 0
BinVal : 0 26     0.0434783 0.0425226 0.0425226 0 0
BinVal : 1 2     0.030303 0.0298404 0.0298404 0 0
BinVal : 1 3     0.2 0.126491 0.126491 0 0
BinVal : 1 4     0.625 0.171163 0.171163 0 0
BinVal : 1 5     0.85 0.0798436 0.0798436 0 0
BinVal : 1 6     0.857143 0.0499896 0.0499896 0 0
BinVal : 1 7     0.909091 0.0612909 0.0612909 0 0
BinVal : 1 8     0.592593 0.0945607 0.0945607 0 0
BinVal : 1 9     0.714286 0.0697071 0.0697071 0 0
BinVal : 1 10     0.378378 0.0797307 0.0797307 0 0
BinVal : 1 11     0.46 0.070484 0.070484 0 0
BinVal : 1 12     0.642857 0.0739356 0.0739356 0 0
BinVal : 1 13     0.521739 0.0736513 0.0736513 0 0
BinVal : 1 14     0.5 0.0693375 0.0693375 0 0
BinVal : 1 15     0.4375 0.0716027 0.0716027 0 0
BinVal : 1 16     0.538462 0.0618336 0.0618336 0 0
BinVal : 1 17     0.690476 0.071334 0.071334 0 0
BinVal : 1 18     0.642857 0.0739356 0.0739356 0 0
BinVal : 1 19     0.777778 0.0800091 0.0800091 0 0
BinVal : 1 20     0.863636 0.073165 0.073165 0 0
BinVal : 1 21     0.809524 0.0605913 0.0605913 0 0
BinVal : 1 22     0.772727 0.0893461 0.0893461 0 0
BinVal : 1 23     0.636364 0.145041 0.145041 0 0
BinVal : 1 24     0.111111 0.104757 0.104757 0 0
BinVal : 1 25     0.037037 0.0363447 0.0363447 0 0
BinVal : 1 26     0.0588235 0.0570672 0.0570672 0 0
BinVal : 2 3     0.25 0.153093 0.153093 0 0
BinVal : 2 4     0.5 0.25 0.25 0 0
BinVal : 2 5     0.777778 0.13858 0.13858 0 0
BinVal : 2 6     0.8 0.0730297 0.0730297 0 0
BinVal : 2 7     0.913043 0.0587534 0.0587534 0 0
BinVal : 2 8     0.928571 0.0486704 0.0486704 0 0
BinVal : 2 9     0.75 0.0968246 0.0968246 0 0
BinVal : 2 10     0.666667 0.0702728 0.0702728 0 0
BinVal : 2 11     0.725 0.0706001 0.0706001 0 0
BinVal : 2 12     0.75 0.0968246 0.0968246 0 0
BinVal : 2 13     0.755102 0.0614324 0.0614324 0 0
BinVal : 2 14     0.666667 0.082061 0.082061 0 0
BinVal : 2 15     0.771429 0.0709782 0.0709782 0 0
BinVal : 2 16     0.682927 0.0726733 0.0726733 0 0
BinVal : 2 17     0.72093 0.068402 0.068402 0 0
BinVal : 2 18     0.777778 0.0800091 0.0800091 0 0
BinVal : 2 19     0.941176 0.0570672 0.0570672 0 0
BinVal : 2 20     0.863636 0.073165 0.073165 0 0
BinVal : 2 21     0.857143 0.06613 0.06613 0 0
BinVal : 2 22     0.933333 0.0644061 0.0644061 0 0
BinVal : 2 23     0.666667 0.272166 0.272166 0 0
BinVal : 2 24     0.142857 0.13226 0.13226 0 0
BinVal : 3 2     0.3 0.144914 0.144914 0 0
BinVal : 3 3     1 0.218486 0.218486 0 0
BinVal : 3 4     0.5 0.353553 0.353553 0 0
BinVal : 3 5     0.833333 0.152145 0.152145 0 0
BinVal : 3 6     0.714286 0.120736 0.120736 0 0
BinVal : 3 7     0.888889 0.104757 0.104757 0 0
BinVal : 3 8     0.818182 0.116291 0.116291 0 0
BinVal : 3 9     0.578947 0.113269 0.113269 0 0
BinVal : 3 10     0.703704 0.0878772 0.0878772 0 0
BinVal : 3 11     0.625 0.121031 0.121031 0 0
BinVal : 3 12     0.6 0.0979796 0.0979796 0 0
BinVal : 3 13     0.761905 0.0929429 0.0929429 0 0
BinVal : 3 14     0.818182 0.0822304 0.0822304 0 0
BinVal : 3 15     0.823529 0.0924594 0.0924594 0 0
BinVal : 3 16     0.761905 0.0929429 0.0929429 0 0
BinVal : 3 17     0.823529 0.0924594 0.0924594 0 0
BinVal : 3 18     0.647059 0.115904 0.115904 0 0
BinVal : 3 19     0.875 0.116927 0.116927 0 0
BinVal : 3 20     0.777778 0.13858 0.13858 0 0
BinVal : 3 21     0.75 0.0968246 0.0968246 0 0
BinVal : 3 22     1 0.0495858 0.0495858 0 0
BinVal : 3 23     0.666667 0.19245 0.19245 0 0
BinVal : 3 24     0.333333 0.272166 0.272166 0 0
BinVal : 3 25     0.0769231 0.0739053 0.0739053 0 0
BinVal : 4 2     0.125 0.116927 0.116927 0 0
BinVal : 4 3     1 0.218486 0.218486 0 0
BinVal : 4 4     0.5 0.353553 0.353553 0 0
BinVal : 4 5     1 0.102643 0.102643 0 0
BinVal : 4 6     0.666667 0.157135 0.157135 0 0
BinVal : 4 7     0.75 0.153093 0.153093 0 0
BinVal : 4 8     0.5 0.25 0.25 0 0
BinVal : 4 9     0.736842 0.101023 0.101023 0 0
BinVal : 4 10     0.818182 0.116291 0.116291 0 0
BinVal : 4 11     0.708333 0.0927805 0.0927805 0 0
BinVal : 4 12     0.647059 0.115904 0.115904 0 0
BinVal : 4 13     0.875 0.0675077 0.0675077 0 0
BinVal : 4 14     0.75 0.125 0.125 0 0
BinVal : 4 15     0.375 0.171163 0.171163 0 0
BinVal : 4 16     0.857143 0.093522 0.093522 0 0
BinVal : 4 17     0.5 0.111803 0.111803 0 0
BinVal : 4 18     0.666667 0.111111 0.111111 0 0
BinVal : 4 19     0.4 0.219089 0.219089 0 0
BinVal : 4 20     0.9 0.0948683 0.0948683 0 0
BinVal : 4 21     0.941176 0.0570672 0.0570672 0 0
BinVal : 4 22     0.888889 0.104757 0.104757 0 0
BinVal : 4 23     0.25 0.216506 0.216506 0 0
BinVal : 4 25     0.0909091 0.0866784 0.0866784 0 0
BinVal : 5 4     0.666667 0.272166 0.272166 0 0
BinVal : 5 5     0.909091 0.0866784 0.0866784 0 0
BinVal : 5 6     0.857143 0.06613 0.06613 0 0
BinVal : 5 7     0.88 0.0649923 0.0649923 0 0
BinVal : 5 8     0.75 0.108253 0.108253 0 0
BinVal : 5 9     0.806452 0.0709583 0.0709583 0 0
BinVal : 5 10     0.688889 0.0690122 0.0690122 0 0
BinVal : 5 11     0.790698 0.062038 0.062038 0 0
BinVal : 5 12     0.709677 0.0815249 0.0815249 0 0
BinVal : 5 13     0.69697 0.0800006 0.0800006 0 0
BinVal : 5 14     0.653846 0.0933009 0.0933009 0 0
BinVal : 5 15     0.6 0.154919 0.154919 0 0
BinVal : 5 16     0.709677 0.0815249 0.0815249 0 0
BinVal : 5 17     0.578947 0.0800933 0.0800933 0 0
BinVal : 5 18     0.85 0.0798436 0.0798436 0 0
BinVal : 5 19     0.947368 0.0512278 0.0512278 0 0
BinVal : 5 20     0.714286 0.0985808 0.0985808 0 0
BinVal : 5 21     0.878788 0.0568144 0.0568144 0 0
BinVal : 5 22     0.869565 0.0702237 0.0702237 0 0
BinVal : 5 23     0.857143 0.13226 0.13226 0 0
BinVal : 5 24     0.25 0.153093 0.153093 0 0
BinVal : 5 25     0.0555556 0.0539903 0.0539903 0 0
BinVal : 6 1     0.166667 0.152145 0.152145 0 0
BinVal : 6 2     0.0666667 0.0644061 0.0644061 0 0
BinVal : 6 4     0.428571 0.13226 0.13226 0 0
BinVal : 6 5     0.666667 0.111111 0.111111 0 0
BinVal : 6 6     0.955556 0.0307207 0.0307207 0 0
BinVal : 6 7     0.944444 0.0539903 0.0539903 0 0
BinVal : 6 8     0.892857 0.0584512 0.0584512 0 0
BinVal : 6 9     0.758621 0.0794627 0.0794627 0 0
BinVal : 6 10     0.75 0.0684653 0.0684653 0 0
BinVal : 6 11     0.75 0.0684653 0.0684653 0 0
BinVal : 6 12     0.780488 0.0646428 0.0646428 0 0
BinVal : 6 13     0.388889 0.0812497 0.0812497 0 0
BinVal : 6 14     0.585366 0.0769404 0.0769404 0 0
BinVal : 6 15     0.74 0.0620322 0.0620322 0 0
BinVal : 6 16     0.560976 0.077504 0.077504 0 0
BinVal : 6 17     0.680851 0.0679945 0.0679945 0 0
BinVal : 6 18     0.645161 0.0859347 0.0859347 0 0
BinVal : 6 19     0.75 0.0968246 0.0968246 0 0
BinVal : 6 20     0.882353 0.0781425 0.0781425 0 0
BinVal : 6 21     0.885714 0.0537785 0.0537785 0 0
BinVal : 6 22     0.8 0.10328 0.10328 0 0
BinVal : 6 23     0.714286 0.120736 0.120736 0 0
BinVal : 7 1     0.0526316 0.0512278 0.0512278 0 0
BinVal : 7 2     0.2 0.0894427 0.0894427 0 0
BinVal : 7 3     0.1 0.0948683 0.0948683 0 0
BinVal : 7 4     0.615385 0.134932 0.134932 0 0
BinVal : 7 5     0.722222 0.105572 0.105572 0 0
BinVal : 7 6     0.793103 0.0752216 0.0752216 0 0
BinVal : 7 7     0.76 0.0854166 0.0854166 0 0
BinVal : 7 8     0.409091 0.104824 0.104824 0 0
BinVal : 7 9     0.589744 0.0787639 0.0787639 0 0
BinVal : 7 10     0.470588 0.0856008 0.0856008 0 0
BinVal : 7 11     0.622222 0.0722744 0.0722744 0 0
BinVal : 7 12     0.716981 0.0618762 0.0618762 0 0
BinVal : 7 13     0.434783 0.0730912 0.0730912 0 0
BinVal : 7 14     0.813559 0.0507036 0.0507036 0 0
BinVal : 7 15     0.730769 0.0615107 0.0615107 0 0
BinVal : 7 16     0.754098 0.0551353 0.0551353 0 0
BinVal : 7 17     0.558824 0.0602128 0.0602128 0 0
BinVal : 7 18     0.425 0.0781625 0.0781625 0 0
BinVal : 7 19     0.52381 0.108985 0.108985 0 0
BinVal : 7 20     0.866667 0.0620633 0.0620633 0 0
BinVal : 7 21     0.863636 0.0517355 0.0517355 0 0
BinVal : 7 22     0.782609 0.0860061 0.0860061 0 0
BinVal : 7 23     0.818182 0.116291 0.116291 0 0
BinVal : 7 24     0.272727 0.134282 0.134282 0 0
BinVal : 7 25     0.03125 0.0307578 0.0307578 0 0
BinVal : 8 1     0.0769231 0.0739053 0.0739053 0 0
BinVal : 8 3     0.111111 0.104757 0.104757 0 0
BinVal : 8 4     1 0.159077 0.159077 0 0
BinVal : 8 5     0.882353 0.0781425 0.0781425 0 0
BinVal : 8 6     0.957447 0.0294425 0.0294425 0 0
BinVal : 8 7     0.83871 0.0660586 0.0660586 0 0
BinVal : 8 8     0.52381 0.108985 0.108985 0 0
BinVal : 8 9     0.773585 0.0574869 0.0574869 0 0
BinVal : 8 10     0.666667 0.0660098 0.0660098 0 0
BinVal : 8 11     0.808511 0.057394 0.057394 0 0
BinVal : 8 12     0.8 0.0516398 0.0516398 0 0
BinVal : 8 13     0.701299 0.0521585 0.0521585 0 0
BinVal : 8 14     0.868421 0.038775 0.038775 0 0
BinVal : 8 15     0.693548 0.0585495 0.0585495 0 0
BinVal : 8 16     0.869565 0.0496557 0.0496557 0 0
BinVal : 8 17     0.604651 0.0745604 0.0745604 0 0
BinVal : 8 18     0.675676 0.0769588 0.0769588 0 0
BinVal : 8 19     0.666667 0.111111 0.111111 0 0
BinVal : 8 20     1 0.0194201 0.0194201 0 0
BinVal : 8 21     0.951219 0.0336412 0.0336412 0 0
BinVal : 8 22     1 0.0266185 0.0266185 0 0
BinVal : 8 23     0.555556 0.165635 0.165635 0 0
BinVal : 8 24     0.363636 0.145041 0.145041 0 0
BinVal : 8 26     0.0714286 0.0688303 0.0688303 0 0
BinVal : 9 1     0.125 0.116927 0.116927 0 0
BinVal : 9 2     0.217391 0.0860061 0.0860061 0 0
BinVal : 9 3     0.222222 0.13858 0.13858 0 0
BinVal : 9 4     0.666667 0.157135 0.157135 0 0
BinVal : 9 5     0.952381 0.0464714 0.0464714 0 0
BinVal : 9 6     0.918919 0.0448743 0.0448743 0 0
BinVal : 9 7     0.884615 0.0626563 0.0626563 0 0
BinVal : 9 8     0.954545 0.0444095 0.0444095 0 0
BinVal : 9 9     0.833333 0.087841 0.087841 0 0
BinVal : 9 10     0.837209 0.0562986 0.0562986 0 0
BinVal : 9 11     0.795918 0.0575756 0.0575756 0 0
BinVal : 9 12     0.705882 0.0638031 0.0638031 0 0
BinVal : 9 13     0.596154 0.0680433 0.0680433 0 0
BinVal : 9 14     0.735849 0.0605595 0.0605595 0 0
BinVal : 9 15     0.75 0.0578638 0.0578638 0 0
BinVal : 9 16     0.76087 0.0628917 0.0628917 0 0
BinVal : 9 17     0.675 0.0740566 0.0740566 0 0
BinVal : 9 18     0.787879 0.0711647 0.0711647 0 0
BinVal : 9 19     1 0.0309157 0.0309157 0 0
BinVal : 9 20     1 0.0254407 0.0254407 0 0
BinVal : 9 21     0.828571 0.0637049 0.0637049 0 0
BinVal : 9 22     0.789474 0.0935288 0.0935288 0 0
BinVal : 9 23     0.5 0.158114 0.158114 0 0
BinVal : 9 24     0.285714 0.170747 0.170747 0 0
BinVal : 9 26     0.1 0.0948683 0.0948683 0 0
BinVal : 10 1     0.285714 0.170747 0.170747 0 0
BinVal : 10 4     0.5 0.204124 0.204124 0 0
BinVal : 10 5     0.866667 0.0877707 0.0877707 0 0
BinVal : 10 6     0.828571 0.0637049 0.0637049 0 0
BinVal : 10 7     0.75 0.125 0.125 0 0
BinVal : 10 8     0.304348 0.0959439 0.0959439 0 0
BinVal : 10 9     0.423077 0.068512 0.068512 0 0
BinVal : 10 10     0.243243 0.0705339 0.0705339 0 0
BinVal : 10 11     0.52 0.0706541 0.0706541 0 0
BinVal : 10 12     0.684211 0.0615682 0.0615682 0 0
BinVal : 10 13     0.71875 0.0562012 0.0562012 0 0
BinVal : 10 14     0.680851 0.0679945 0.0679945 0 0
BinVal : 10 15     0.695652 0.0678426 0.0678426 0 0
BinVal : 10 16     0.581395 0.0752322 0.0752322 0 0
BinVal : 10 17     0.08 0.0383667 0.0383667 0 0
BinVal : 10 18     0.254545 0.058737 0.058737 0 0
BinVal : 10 19     0.24 0.0854166 0.0854166 0 0
BinVal : 10 20     0.466667 0.128812 0.128812 0 0
BinVal : 10 21     0.837838 0.0605974 0.0605974 0 0
BinVal : 10 22     1 0.0243611 0.0243611 0 0
BinVal : 10 23     0.583333 0.142319 0.142319 0 0
BinVal : 10 24     0.5 0.25 0.25 0 0
BinVal : 10 25     0.0434783 0.0425226 0.0425226 0 0
BinVal : 10 26     0.0909091 0.0866784 0.0866784 0 0
BinVal : 11 1     0.0555556 0.0539903 0.0539903 0 0
BinVal : 11 2     0.235294 0.0727467 0.0727467 0 0
BinVal : 11 3     0.555556 0.165635 0.165635 0 0
BinVal : 11 4     0.888889 0.104757 0.104757 0 0
BinVal : 11 5     0.888889 0.0740741 0.0740741 0 0
BinVal : 11 6     0.827586 0.0701445 0.0701445 0 0
BinVal : 11 19     0.047619 0.0464714 0.0464714 0 0
BinVal : 11 21     0.693878 0.0658402 0.0658402 0 0
BinVal : 11 22     0.9375 0.0605154 0.0605154 0 0
BinVal : 11 23     0.636364 0.145041 0.145041 0 0
BinVal : 11 24     0.428571 0.187044 0.187044 0 0
BinVal : 11 25     0.0740741 0.050401 0.050401 0 0
BinVal : 11 26     0.0526316 0.0512278 0.0512278 0 0
BinVal : 12 0     0.2 0.178885 0.178885 0 0
BinVal : 12 3     0.1 0.0948683 0.0948683 0 0
BinVal : 12 4     0.714286 0.170747 0.170747 0 0
BinVal : 12 5     0.625 0.171163 0.171163 0 0
BinVal : 12 6     0.777778 0.0800091 0.0800091 0 0
BinVal : 12 9     0.0384615 0.0377146 0.0377146 0 0
BinVal : 12 13     0.0181818 0.0180158 0.0180158 0 0
BinVal : 12 21     0.71875 0.0794804 0.0794804 0 0
BinVal : 12 22     0.888889 0.104757 0.104757 0 0
BinVal : 12 23     0.444444 0.165635 0.165635 0 0
BinVal : 12 24     0.5 0.204124 0.204124 0 0
BinVal : 12 25     0.142857 0.0763604 0.0763604 0 0
BinVal : 12 26     0.0434783 0.0425226 0.0425226 0 0
BinVal : 13 1     0.166667 0.107583 0.107583 0 0
BinVal : 13 3     0.5 0.176777 0.176777 0 0
BinVal : 13 4     0.8 0.178885 0.178885 0 0
BinVal : 13 5     0.8 0.10328 0.10328 0 0
BinVal : 13 6     0.875 0.0584634 0.0584634 0 0
BinVal : 13 7     0.769231 0.116855 0.116855 0 0
BinVal : 13 8     0.263158 0.101023 0.101023 0 0
BinVal : 13 9     0.355556 0.0713576 0.0713576 0 0
BinVal : 13 10     0.190476 0.0605913 0.0605913 0 0
BinVal : 13 11     0.435897 0.0794034 0.0794034 0 0
BinVal : 13 12     0.557377 0.0635955 0.0635955 0 0
BinVal : 13 13     0.689655 0.0607469 0.0607469 0 0
BinVal : 13 14     0.6875 0.057939 0.057939 0 0
BinVal : 13 15     0.741379 0.057496 0.057496 0 0
BinVal : 13 16     0.54717 0.068374 0.068374 0 0
BinVal : 13 17     0.0769231 0.0426692 0.0426692 0 0
BinVal : 13 18     0.26087 0.0647431 0.0647431 0 0
BinVal : 13 19     0.190476 0.0856891 0.0856891 0 0
BinVal : 13 20     0.647059 0.115904 0.115904 0 0
BinVal : 13 21     0.878788 0.0568144 0.0568144 0 0
BinVal : 13 22     0.666667 0.19245 0.19245 0 0
BinVal : 13 23     0.6 0.219089 0.219089 0 0
BinVal : 13 24     0.222222 0.13858 0.13858 0 0
BinVal : 13 25     0.0606061 0.041536 0.041536 0 0
BinVal : 13 26     0.142857 0.13226 0.13226 0 0
BinVal : 14 2     0.0967742 0.0531003 0.0531003 0 0
BinVal : 14 4     0.833333 0.152145 0.152145 0 0
BinVal : 14 5     0.888889 0.0740741 0.0740741 0 0
BinVal : 14 6     0.891892 0.0510487 0.0510487 0 0
BinVal : 14 7     0.777778 0.0979908 0.0979908 0 0
BinVal : 14 8     0.833333 0.0760726 0.0760726 0 0
BinVal : 14 9     0.666667 0.0785674 0.0785674 0 0
BinVal : 14 10     0.333333 0.0907218 0.0907218 0 0
BinVal : 14 11     0.603774 0.0671848 0.0671848 0 0
BinVal : 14 12     0.772727 0.0631772 0.0631772 0 0
BinVal : 14 13     0.683333 0.060054 0.060054 0 0
BinVal : 14 14     0.652174 0.0702237 0.0702237 0 0
BinVal : 14 15     0.413043 0.0725975 0.0725975 0 0
BinVal : 14 16     0.578947 0.0653959 0.0653959 0 0
BinVal : 14 17     0.621622 0.0797307 0.0797307 0 0
BinVal : 14 18     0.806452 0.0709583 0.0709583 0 0
BinVal : 14 19     0.88 0.0649923 0.0649923 0 0
BinVal : 14 20     0.896552 0.0565523 0.0565523 0 0
BinVal : 14 21     0.973684 0.0259672 0.0259672 0 0
BinVal : 14 22     0.866667 0.0877707 0.0877707 0 0
BinVal : 14 23     1 0.0756803 0.0756803 0 0
BinVal : 14 25     0.08 0.0542586 0.0542586 0 0
BinVal : 14 26     0.25 0.153093 0.153093 0 0
BinVal : 15 1     0.2 0.0894427 0.0894427 0 0
BinVal : 15 2     0.1 0.067082 0.067082 0 0
BinVal : 15 3     0.166667 0.107583 0.107583 0 0
BinVal : 15 4     0.9 0.0948683 0.0948683 0 0
BinVal : 15 5     1 0.0266185 0.0266185 0 0
BinVal : 15 6     1 0.0166125 0.0166125 0 0
BinVal : 15 7     0.928571 0.0688303 0.0688303 0 0
BinVal : 15 8     0.583333 0.100635 0.100635 0 0
BinVal : 15 9     0.702703 0.0751416 0.0751416 0 0
BinVal : 15 10     0.487179 0.0800378 0.0800378 0 0
BinVal : 15 11     0.902439 0.0463399 0.0463399 0 0
BinVal : 15 12     0.734694 0.0630709 0.0630709 0 0
BinVal : 15 13     0.8 0.053936 0.053936 0 0
BinVal : 15 14     0.826923 0.0524627 0.0524627 0 0
BinVal : 15 15     0.716418 0.0550662 0.0550662 0 0
BinVal : 15 16     0.811321 0.0537428 0.0537428 0 0
BinVal : 15 17     0.723404 0.0652476 0.0652476 0 0
BinVal : 15 18     0.547619 0.076801 0.076801 0 0
BinVal : 15 19     0.5 0.1066 0.1066 0 0
BinVal : 15 20     1 0.0266185 0.0266185 0 0
BinVal : 15 21     0.921569 0.0376464 0.0376464 0 0
BinVal : 15 22     0.88 0.0649923 0.0649923 0 0
BinVal : 15 23     0.857143 0.13226 0.13226 0 0
BinVal : 15 25     0.181818 0.0671408 0.0671408 0 0
BinVal : 15 26     0.307692 0.128008 0.128008 0 0


