Comments : cosmic veto applied 
EffMethod : TagAndProbe 
EffName : eff 
EffType : Binned 
EffVarNames : phi deteta 
EffVersion : 5 
ObjQuality : l3l10 
ObjRelativeTo : medium_l1wtlx 
ObjType : Muon 
ObjVersion : 1 
RunRangeHigh : 216000 
RunRangeLow : 194600 
TriggerVersionHigh : 14.99 
TriggerVersionLow : 13 
BinEdgesX : 0 0.19635 0.3927 0.58905 0.7854 0.98175 1.1781 1.37445 1.5708 1.76715 1.9635 2.15985 2.3562 2.55255 2.7489 2.94525 3.1416 3.33795 3.5343 3.73065 3.927 4.12335 4.3197 4.51605 4.7124 4.90875 5.1051 5.30145 5.4978 5.69415 5.8905 6.08685 6.2832 
BinEdgesY : -4.2 -4.00909 -3.81818 -3.62727 -3.43636 -3.24545 -3.05455 -2.86364 -2.67273 -2.48182 -2.29091 -2.1 -1.90909 -1.71818 -1.52727 -1.33636 -1.14545 -0.954545 -0.763636 -0.572727 -0.381818 -0.190909 0 0.190909 0.381818 0.572727 0.763636 0.954545 1.14545 1.33636 1.52727 1.71818 1.90909 2.1 2.29091 2.48182 2.67273 2.86364 3.05455 3.24545 3.43636 3.62727 3.81818 4.00909 4.2 
BinVal : 0 0 0 0 0
BinVal : 0 1 0 0 0
BinVal : 0 2 0 0 0
BinVal : 0 3 0 0 0
BinVal : 0 4 0 0 0
BinVal : 0 5 0 0 0
BinVal : 0 6 0 0 0
BinVal : 0 7 0 0 0
BinVal : 0 8 0 0 0
BinVal : 0 9 0 0 0
BinVal : 0 10 0 0 0
BinVal : 0 11 0 0 0
BinVal : 0 12 0 0 0
BinVal : 0 13 0.95 0.048734 0.048734
BinVal : 0 14 0.919355 0.0345808 0.0345808
BinVal : 0 15 0.925373 0.0321047 0.0321047
BinVal : 0 16 0.819672 0.0492251 0.0492251
BinVal : 0 17 0.666667 0.0544331 0.0544331
BinVal : 0 18 0.8125 0.0563367 0.0563367
BinVal : 0 19 0.865672 0.0416604 0.0416604
BinVal : 0 20 0.808511 0.0405837 0.0405837
BinVal : 0 21 0.846154 0.0353795 0.0353795
BinVal : 0 22 0.873684 0.0340835 0.0340835
BinVal : 0 23 0.598131 0.0473967 0.0473967
BinVal : 0 24 0.855263 0.0403583 0.0403583
BinVal : 0 25 0.806452 0.0501751 0.0501751
BinVal : 0 26 0.704545 0.0486361 0.0486361
BinVal : 0 27 0.75 0.0600481 0.0600481
BinVal : 0 28 0.975904 0.0168322 0.0168322
BinVal : 0 29 0.961538 0.0266683 0.0266683
BinVal : 0 30 0.833333 0.107583 0.107583
BinVal : 0 31 0 0 0
BinVal : 0 32 0 0 0
BinVal : 0 33 0 0 0
BinVal : 0 34 0 0 0
BinVal : 0 35 0 0 0
BinVal : 0 36 0 0 0
BinVal : 0 37 0 0 0
BinVal : 0 38 0 0 0
BinVal : 0 39 0 0 0
BinVal : 0 40 0 0 0
BinVal : 0 41 0 0 0
BinVal : 0 42 0 0 0
BinVal : 0 43 0 0 0
BinVal : 1 0 0 0 0
BinVal : 1 1 0 0 0
BinVal : 1 2 0 0 0
BinVal : 1 3 0 0 0
BinVal : 1 4 0 0 0
BinVal : 1 5 0 0 0
BinVal : 1 6 0 0 0
BinVal : 1 7 0 0 0
BinVal : 1 8 0 0 0
BinVal : 1 9 0 0 0
BinVal : 1 10 0 0 0
BinVal : 1 11 0 0 0
BinVal : 1 12 0 0 0
BinVal : 1 13 0.916667 0.0797856 0.0797856
BinVal : 1 14 0.888889 0.0315853 0.0315853
BinVal : 1 15 0.940476 0.0258154 0.0258154
BinVal : 1 16 0.821429 0.041788 0.041788
BinVal : 1 17 0.75 0.0441942 0.0441942
BinVal : 1 18 0.707692 0.0564138 0.0564138
BinVal : 1 19 0.944444 0.0241452 0.0241452
BinVal : 1 20 0.833333 0.0324375 0.0324375
BinVal : 1 21 0.903448 0.0245272 0.0245272
BinVal : 1 22 0.907801 0.024364 0.024364
BinVal : 1 23 0.44898 0.050244 0.050244
BinVal : 1 24 0.923077 0.0261295 0.0261295
BinVal : 1 25 0.797619 0.0438372 0.0438372
BinVal : 1 26 0.658228 0.0533633 0.0533633
BinVal : 1 27 0.835616 0.0433782 0.0433782
BinVal : 1 28 0.912088 0.029684 0.029684
BinVal : 1 29 0.890625 0.0390136 0.0390136
BinVal : 1 30 0.866667 0.0877707 0.0877707
BinVal : 1 31 0 0 0
BinVal : 1 32 0 0 0
BinVal : 1 33 0 0 0
BinVal : 1 34 0 0 0
BinVal : 1 35 0 0 0
BinVal : 1 36 0 0 0
BinVal : 1 37 0 0 0
BinVal : 1 38 0 0 0
BinVal : 1 39 0 0 0
BinVal : 1 40 0 0 0
BinVal : 1 41 0 0 0
BinVal : 1 42 0 0 0
BinVal : 1 43 0 0 0
BinVal : 2 0 0 0 0
BinVal : 2 1 0 0 0
BinVal : 2 2 0 0 0
BinVal : 2 3 0 0 0
BinVal : 2 4 0 0 0
BinVal : 2 5 0 0 0
BinVal : 2 6 0 0 0
BinVal : 2 7 0 0 0
BinVal : 2 8 0 0 0
BinVal : 2 9 0 0 0
BinVal : 2 10 0 0 0
BinVal : 2 11 0 0 0
BinVal : 2 12 0 0 0
BinVal : 2 13 0.714286 0.170747 0.170747
BinVal : 2 14 0.951807 0.0235086 0.0235086
BinVal : 2 15 0.945652 0.0236354 0.0236354
BinVal : 2 16 0.858974 0.0394087 0.0394087
BinVal : 2 17 0.764706 0.0460091 0.0460091
BinVal : 2 18 0.764706 0.0514397 0.0514397
BinVal : 2 19 0.888889 0.0349189 0.0349189
BinVal : 2 20 0.833333 0.035861 0.035861
BinVal : 2 21 0.862903 0.0308876 0.0308876
BinVal : 2 22 0.935185 0.0236905 0.0236905
BinVal : 2 23 0.573034 0.0524314 0.0524314
BinVal : 2 24 0.92233 0.0263725 0.0263725
BinVal : 2 25 0.858696 0.0363165 0.0363165
BinVal : 2 26 0.716418 0.0550662 0.0550662
BinVal : 2 27 0.888889 0.0349189 0.0349189
BinVal : 2 28 0.907216 0.0294581 0.0294581
BinVal : 2 29 0.883117 0.0366134 0.0366134
BinVal : 2 30 1 0.0346427 0.0346427
BinVal : 2 31 0 0 0
BinVal : 2 32 0 0 0
BinVal : 2 33 0 0 0
BinVal : 2 34 0 0 0
BinVal : 2 35 0 0 0
BinVal : 2 36 0 0 0
BinVal : 2 37 0 0 0
BinVal : 2 38 0 0 0
BinVal : 2 39 0 0 0
BinVal : 2 40 0 0 0
BinVal : 2 41 0 0 0
BinVal : 2 42 0 0 0
BinVal : 2 43 0 0 0
BinVal : 3 0 0 0 0
BinVal : 3 1 0 0 0
BinVal : 3 2 0 0 0
BinVal : 3 3 0 0 0
BinVal : 3 4 0 0 0
BinVal : 3 5 0 0 0
BinVal : 3 6 0 0 0
BinVal : 3 7 0 0 0
BinVal : 3 8 0 0 0
BinVal : 3 9 0 0 0
BinVal : 3 10 0 0 0
BinVal : 3 11 0 0 0
BinVal : 3 12 0 0 0
BinVal : 3 13 0.666667 0.19245 0.19245
BinVal : 3 14 0.933333 0.0371849 0.0371849
BinVal : 3 15 0.95 0.0281366 0.0281366
BinVal : 3 16 0.929577 0.0303647 0.0303647
BinVal : 3 17 0.821429 0.0511796 0.0511796
BinVal : 3 18 0.61194 0.0595342 0.0595342
BinVal : 3 19 0.881356 0.0420991 0.0420991
BinVal : 3 20 0.903226 0.0375476 0.0375476
BinVal : 3 21 0.855556 0.0370556 0.0370556
BinVal : 3 22 0.916667 0.0325723 0.0325723
BinVal : 3 23 0.701754 0.0605958 0.0605958
BinVal : 3 24 0.880597 0.0396149 0.0396149
BinVal : 3 25 0.734375 0.0552082 0.0552082
BinVal : 3 26 0.755102 0.0614324 0.0614324
BinVal : 3 27 0.966667 0.0231741 0.0231741
BinVal : 3 28 0.903226 0.0375476 0.0375476
BinVal : 3 29 0.857143 0.0591485 0.0591485
BinVal : 3 30 1 0.102643 0.102643
BinVal : 3 31 0 0 0
BinVal : 3 32 0 0 0
BinVal : 3 33 0 0 0
BinVal : 3 34 0 0 0
BinVal : 3 35 0 0 0
BinVal : 3 36 0 0 0
BinVal : 3 37 0 0 0
BinVal : 3 38 0 0 0
BinVal : 3 39 0 0 0
BinVal : 3 40 0 0 0
BinVal : 3 41 0 0 0
BinVal : 3 42 0 0 0
BinVal : 3 43 0 0 0
BinVal : 4 0 0 0 0
BinVal : 4 1 0 0 0
BinVal : 4 2 0 0 0
BinVal : 4 3 0 0 0
BinVal : 4 4 0 0 0
BinVal : 4 5 0 0 0
BinVal : 4 6 0 0 0
BinVal : 4 7 0 0 0
BinVal : 4 8 0 0 0
BinVal : 4 9 0 0 0
BinVal : 4 10 0 0 0
BinVal : 4 11 0 0 0
BinVal : 4 12 0 0 0
BinVal : 4 13 1 0.0599198 0.0599198
BinVal : 4 14 0.96 0.0391918 0.0391918
BinVal : 4 15 0.953488 0.0321147 0.0321147
BinVal : 4 16 0.906977 0.0442955 0.0442955
BinVal : 4 17 0.75 0.0721688 0.0721688
BinVal : 4 18 0.777778 0.0461933 0.0461933
BinVal : 4 19 0.890625 0.0390136 0.0390136
BinVal : 4 20 0.8 0.0596285 0.0596285
BinVal : 4 21 0.927536 0.0312105 0.0312105
BinVal : 4 22 0.931507 0.0295635 0.0295635
BinVal : 4 23 0.890909 0.0420368 0.0420368
BinVal : 4 24 0.87234 0.0486767 0.0486767
BinVal : 4 25 0.796296 0.0548075 0.0548075
BinVal : 4 26 0.692308 0.0905151 0.0905151
BinVal : 4 27 0.88 0.0459565 0.0459565
BinVal : 4 28 0.864865 0.0562027 0.0562027
BinVal : 4 29 0.848485 0.0624156 0.0624156
BinVal : 4 30 0.75 0.153093 0.153093
BinVal : 4 31 0 0 0
BinVal : 4 32 0 0 0
BinVal : 4 33 0 0 0
BinVal : 4 34 0 0 0
BinVal : 4 35 0 0 0
BinVal : 4 36 0 0 0
BinVal : 4 37 0 0 0
BinVal : 4 38 0 0 0
BinVal : 4 39 0 0 0
BinVal : 4 40 0 0 0
BinVal : 4 41 0 0 0
BinVal : 4 42 0 0 0
BinVal : 4 43 0 0 0
BinVal : 5 0 0 0 0
BinVal : 5 1 0 0 0
BinVal : 5 2 0 0 0
BinVal : 5 3 0 0 0
BinVal : 5 4 0 0 0
BinVal : 5 5 0 0 0
BinVal : 5 6 0 0 0
BinVal : 5 7 0 0 0
BinVal : 5 8 0 0 0
BinVal : 5 9 0 0 0
BinVal : 5 10 0 0 0
BinVal : 5 11 0 0 0
BinVal : 5 12 0 0 0
BinVal : 5 13 1 0.0668855 0.0668855
BinVal : 5 14 0.767442 0.064425 0.064425
BinVal : 5 15 0.959184 0.0282664 0.0282664
BinVal : 5 16 0.923077 0.0369527 0.0369527
BinVal : 5 17 0.780488 0.0646428 0.0646428
BinVal : 5 18 0.830189 0.0515744 0.0515744
BinVal : 5 19 0.979592 0.0201988 0.0201988
BinVal : 5 20 0.85 0.0460977 0.0460977
BinVal : 5 21 0.898734 0.0339417 0.0339417
BinVal : 5 22 0.951807 0.0235086 0.0235086
BinVal : 5 23 0.822581 0.048517 0.048517
BinVal : 5 24 0.866667 0.0506745 0.0506745
BinVal : 5 25 0.689655 0.0607469 0.0607469
BinVal : 5 26 0.809524 0.0605913 0.0605913
BinVal : 5 27 0.890625 0.0390136 0.0390136
BinVal : 5 28 0.738095 0.0678427 0.0678427
BinVal : 5 29 0.875 0.0477352 0.0477352
BinVal : 5 30 0.8 0.178885 0.178885
BinVal : 5 31 0 0 0
BinVal : 5 32 0 0 0
BinVal : 5 33 0 0 0
BinVal : 5 34 0 0 0
BinVal : 5 35 0 0 0
BinVal : 5 36 0 0 0
BinVal : 5 37 0 0 0
BinVal : 5 38 0 0 0
BinVal : 5 39 0 0 0
BinVal : 5 40 0 0 0
BinVal : 5 41 0 0 0
BinVal : 5 42 0 0 0
BinVal : 5 43 0 0 0
BinVal : 6 0 0 0 0
BinVal : 6 1 0 0 0
BinVal : 6 2 0 0 0
BinVal : 6 3 0 0 0
BinVal : 6 4 0 0 0
BinVal : 6 5 0 0 0
BinVal : 6 6 0 0 0
BinVal : 6 7 0 0 0
BinVal : 6 8 0 0 0
BinVal : 6 9 0 0 0
BinVal : 6 10 0 0 0
BinVal : 6 11 0 0 0
BinVal : 6 12 0 0 0
BinVal : 6 13 1 0.0756803 0.0756803
BinVal : 6 14 0.916667 0.0564169 0.0564169
BinVal : 6 15 0.928571 0.0486704 0.0486704
BinVal : 6 16 0.8 0.08 0.08
BinVal : 6 17 0.613636 0.0734053 0.0734053
BinVal : 6 18 0.90625 0.051527 0.051527
BinVal : 6 19 0.909091 0.0612909 0.0612909
BinVal : 6 20 0.875 0.0477352 0.0477352
BinVal : 6 21 0.914894 0.0407022 0.0407022
BinVal : 6 22 0.913793 0.0368537 0.0368537
BinVal : 6 23 0.931818 0.0379991 0.0379991
BinVal : 6 24 0.916667 0.0460642 0.0460642
BinVal : 6 25 0.833333 0.062113 0.062113
BinVal : 6 26 0.808511 0.057394 0.057394
BinVal : 6 27 0.7 0.083666 0.083666
BinVal : 6 28 0.880952 0.0499703 0.0499703
BinVal : 6 29 0.807692 0.077292 0.077292
BinVal : 6 30 0.6 0.219089 0.219089
BinVal : 6 31 0 0 0
BinVal : 6 32 0 0 0
BinVal : 6 33 0 0 0
BinVal : 6 34 0 0 0
BinVal : 6 35 0 0 0
BinVal : 6 36 0 0 0
BinVal : 6 37 0 0 0
BinVal : 6 38 0 0 0
BinVal : 6 39 0 0 0
BinVal : 6 40 0 0 0
BinVal : 6 41 0 0 0
BinVal : 6 42 0 0 0
BinVal : 6 43 0 0 0
BinVal : 7 0 0 0 0
BinVal : 7 1 0 0 0
BinVal : 7 2 0 0 0
BinVal : 7 3 0 0 0
BinVal : 7 4 0 0 0
BinVal : 7 5 0 0 0
BinVal : 7 6 0 0 0
BinVal : 7 7 0 0 0
BinVal : 7 8 0 0 0
BinVal : 7 9 0 0 0
BinVal : 7 10 0 0 0
BinVal : 7 11 0 0 0
BinVal : 7 12 0 0 0
BinVal : 7 13 1 0.0871301 0.0871301
BinVal : 7 14 1 0.0346427 0.0346427
BinVal : 7 15 0.947368 0.0362235 0.0362235
BinVal : 7 16 0.789474 0.0935288 0.0935288
BinVal : 7 17 0.75 0.0721688 0.0721688
BinVal : 7 18 0.769231 0.0826286 0.0826286
BinVal : 7 19 0.9 0.0547723 0.0547723
BinVal : 7 20 0.793103 0.0752216 0.0752216
BinVal : 7 21 0.945946 0.0371746 0.0371746
BinVal : 7 22 0.918919 0.0448743 0.0448743
BinVal : 7 23 0.782609 0.0860061 0.0860061
BinVal : 7 24 0.875 0.0675077 0.0675077
BinVal : 7 25 0.916667 0.0564169 0.0564169
BinVal : 7 26 0.733333 0.0807373 0.0807373
BinVal : 7 27 0.909091 0.0866784 0.0866784
BinVal : 7 28 0.789474 0.0935288 0.0935288
BinVal : 7 29 0.9375 0.0605154 0.0605154
BinVal : 7 30 1 0.102643 0.102643
BinVal : 7 31 0 0 0
BinVal : 7 32 0 0 0
BinVal : 7 33 0 0 0
BinVal : 7 34 0 0 0
BinVal : 7 35 0 0 0
BinVal : 7 36 0 0 0
BinVal : 7 37 0 0 0
BinVal : 7 38 0 0 0
BinVal : 7 39 0 0 0
BinVal : 7 40 0 0 0
BinVal : 7 41 0 0 0
BinVal : 7 42 0 0 0
BinVal : 7 43 0 0 0
BinVal : 8 0 0 0 0
BinVal : 8 1 0 0 0
BinVal : 8 2 0 0 0
BinVal : 8 3 0 0 0
BinVal : 8 4 0 0 0
BinVal : 8 5 0 0 0
BinVal : 8 6 0 0 0
BinVal : 8 7 0 0 0
BinVal : 8 8 0 0 0
BinVal : 8 9 0 0 0
BinVal : 8 10 0 0 0
BinVal : 8 11 0 0 0
BinVal : 8 12 0 0 0
BinVal : 8 13 1 0.102643 0.102643
BinVal : 8 14 0.904762 0.0640564 0.0640564
BinVal : 8 15 0.8 0.08 0.08
BinVal : 8 16 0.823529 0.0924594 0.0924594
BinVal : 8 17 0.724138 0.0829961 0.0829961
BinVal : 8 18 0.85 0.0798436 0.0798436
BinVal : 8 19 0.952381 0.0464714 0.0464714
BinVal : 8 20 0.892857 0.0584512 0.0584512
BinVal : 8 21 0.971429 0.0281603 0.0281603
BinVal : 8 22 0.730769 0.0869893 0.0869893
BinVal : 8 23 0.9 0.067082 0.067082
BinVal : 8 24 0.952381 0.0464714 0.0464714
BinVal : 8 25 0.764706 0.102879 0.102879
BinVal : 8 26 0.580645 0.0886269 0.0886269
BinVal : 8 27 0.714286 0.170747 0.170747
BinVal : 8 28 0.884615 0.0626563 0.0626563
BinVal : 8 29 0.933333 0.0644061 0.0644061
BinVal : 8 30 1 0.159077 0.159077
BinVal : 8 31 0 0 0
BinVal : 8 32 0 0 0
BinVal : 8 33 0 0 0
BinVal : 8 34 0 0 0
BinVal : 8 35 0 0 0
BinVal : 8 36 0 0 0
BinVal : 8 37 0 0 0
BinVal : 8 38 0 0 0
BinVal : 8 39 0 0 0
BinVal : 8 40 0 0 0
BinVal : 8 41 0 0 0
BinVal : 8 42 0 0 0
BinVal : 8 43 0 0 0
BinVal : 9 0 0 0 0
BinVal : 9 1 0 0 0
BinVal : 9 2 0 0 0
BinVal : 9 3 0 0 0
BinVal : 9 4 0 0 0
BinVal : 9 5 0 0 0
BinVal : 9 6 0 0 0
BinVal : 9 7 0 0 0
BinVal : 9 8 0 0 0
BinVal : 9 9 0 0 0
BinVal : 9 10 0 0 0
BinVal : 9 11 0 0 0
BinVal : 9 12 0 0 0
BinVal : 9 13 0.875 0.116927 0.116927
BinVal : 9 14 0.869565 0.0702237 0.0702237
BinVal : 9 15 0.870968 0.0602101 0.0602101
BinVal : 9 16 0.722222 0.105572 0.105572
BinVal : 9 17 0.619048 0.0749329 0.0749329
BinVal : 9 18 0.774194 0.0750952 0.0750952
BinVal : 9 19 0.892857 0.0584512 0.0584512
BinVal : 9 20 0.823529 0.0653787 0.0653787
BinVal : 9 21 0.878049 0.0511047 0.0511047
BinVal : 9 22 0.866667 0.0620633 0.0620633
BinVal : 9 23 0.85 0.0798436 0.0798436
BinVal : 9 24 0.882353 0.0552551 0.0552551
BinVal : 9 25 0.8125 0.0689981 0.0689981
BinVal : 9 26 0.848485 0.0624156 0.0624156
BinVal : 9 27 0.8 0.08 0.08
BinVal : 9 28 0.969697 0.0298404 0.0298404
BinVal : 9 29 1 0.0224566 0.0224566
BinVal : 9 30 0.7 0.144914 0.144914
BinVal : 9 31 0 0 0
BinVal : 9 32 0 0 0
BinVal : 9 33 0 0 0
BinVal : 9 34 0 0 0
BinVal : 9 35 0 0 0
BinVal : 9 36 0 0 0
BinVal : 9 37 0 0 0
BinVal : 9 38 0 0 0
BinVal : 9 39 0 0 0
BinVal : 9 40 0 0 0
BinVal : 9 41 0 0 0
BinVal : 9 42 0 0 0
BinVal : 9 43 0 0 0
BinVal : 10 0 0 0 0
BinVal : 10 1 0 0 0
BinVal : 10 2 0 0 0
BinVal : 10 3 0 0 0
BinVal : 10 4 0 0 0
BinVal : 10 5 0 0 0
BinVal : 10 6 0 0 0
BinVal : 10 7 0 0 0
BinVal : 10 8 0 0 0
BinVal : 10 9 0 0 0
BinVal : 10 10 0 0 0
BinVal : 10 11 0 0 0
BinVal : 10 12 0 0 0
BinVal : 10 13 0.666667 0.19245 0.19245
BinVal : 10 14 0.912281 0.0374692 0.0374692
BinVal : 10 15 0.88 0.0459565 0.0459565
BinVal : 10 16 0.895833 0.0440918 0.0440918
BinVal : 10 17 0.804878 0.0618908 0.0618908
BinVal : 10 18 0.826923 0.0524627 0.0524627
BinVal : 10 19 0.983333 0.0165272 0.0165272
BinVal : 10 20 0.823529 0.0533815 0.0533815
BinVal : 10 21 0.909091 0.0433392 0.0433392
BinVal : 10 22 0.953488 0.0321147 0.0321147
BinVal : 10 23 0.818182 0.0822304 0.0822304
BinVal : 10 24 0.924528 0.0362839 0.0362839
BinVal : 10 25 0.731343 0.0541529 0.0541529
BinVal : 10 26 0.742857 0.0738764 0.0738764
BinVal : 10 27 0.882353 0.0451156 0.0451156
BinVal : 10 28 0.902439 0.0463399 0.0463399
BinVal : 10 29 0.972222 0.0273893 0.0273893
BinVal : 10 30 1 0.0495858 0.0495858
BinVal : 10 31 0 0 0
BinVal : 10 32 0 0 0
BinVal : 10 33 0 0 0
BinVal : 10 34 0 0 0
BinVal : 10 35 0 0 0
BinVal : 10 36 0 0 0
BinVal : 10 37 0 0 0
BinVal : 10 38 0 0 0
BinVal : 10 39 0 0 0
BinVal : 10 40 0 0 0
BinVal : 10 41 0 0 0
BinVal : 10 42 0 0 0
BinVal : 10 43 0 0 0
BinVal : 11 0 0 0 0
BinVal : 11 1 0 0 0
BinVal : 11 2 0 0 0
BinVal : 11 3 0 0 0
BinVal : 11 4 0 0 0
BinVal : 11 5 0 0 0
BinVal : 11 6 0 0 0
BinVal : 11 7 0 0 0
BinVal : 11 8 0 0 0
BinVal : 11 9 0 0 0
BinVal : 11 10 0 0 0
BinVal : 11 11 0 0 0
BinVal : 11 12 0 0 0
BinVal : 11 13 1 0.0668855 0.0668855
BinVal : 11 14 0.868421 0.0548361 0.0548361
BinVal : 11 15 0.975 0.0246855 0.0246855
BinVal : 11 16 0.931818 0.0379991 0.0379991
BinVal : 11 17 0.709677 0.0815249 0.0815249
BinVal : 11 18 0.903226 0.0375476 0.0375476
BinVal : 11 19 0.851064 0.0519317 0.0519317
BinVal : 11 20 0.931818 0.0379991 0.0379991
BinVal : 11 21 0.887097 0.0401923 0.0401923
BinVal : 11 22 0.947368 0.0295764 0.0295764
BinVal : 11 23 0.821429 0.0723789 0.0723789
BinVal : 11 24 0.76 0.0603987 0.0603987
BinVal : 11 25 0.783333 0.0531856 0.0531856
BinVal : 11 26 0.8 0.0676123 0.0676123
BinVal : 11 27 0.93617 0.0356566 0.0356566
BinVal : 11 28 0.926829 0.0406702 0.0406702
BinVal : 11 29 0.880952 0.0499703 0.0499703
BinVal : 11 30 1 0.0456491 0.0456491
BinVal : 11 31 0 0 0
BinVal : 11 32 0 0 0
BinVal : 11 33 0 0 0
BinVal : 11 34 0 0 0
BinVal : 11 35 0 0 0
BinVal : 11 36 0 0 0
BinVal : 11 37 0 0 0
BinVal : 11 38 0 0 0
BinVal : 11 39 0 0 0
BinVal : 11 40 0 0 0
BinVal : 11 41 0 0 0
BinVal : 11 42 0 0 0
BinVal : 11 43 0 0 0
BinVal : 12 0 0 0 0
BinVal : 12 1 0 0 0
BinVal : 12 2 0 0 0
BinVal : 12 3 0 0 0
BinVal : 12 4 0 0 0
BinVal : 12 5 0 0 0
BinVal : 12 6 0 0 0
BinVal : 12 7 0 0 0
BinVal : 12 8 0 0 0
BinVal : 12 9 0 0 0
BinVal : 12 10 0 0 0
BinVal : 12 11 0 0 0
BinVal : 12 12 0 0 0
BinVal : 12 13 0.75 0.216506 0.216506
BinVal : 12 14 0.925926 0.050401 0.050401
BinVal : 12 15 0.929825 0.0338342 0.0338342
BinVal : 12 16 0.909091 0.0387638 0.0387638
BinVal : 12 17 0.891304 0.0458923 0.0458923
BinVal : 12 18 0.698113 0.063059 0.063059
BinVal : 12 19 0.880952 0.0499703 0.0499703
BinVal : 12 20 0.816327 0.0553168 0.0553168
BinVal : 12 21 0.75 0.0625 0.0625
BinVal : 12 22 0.862745 0.0481859 0.0481859
BinVal : 12 23 0.789474 0.0661348 0.0661348
BinVal : 12 24 0.926829 0.0406702 0.0406702
BinVal : 12 25 0.809524 0.0494726 0.0494726
BinVal : 12 26 0.875 0.0584634 0.0584634
BinVal : 12 27 0.946429 0.0300896 0.0300896
BinVal : 12 28 0.941176 0.0329478 0.0329478
BinVal : 12 29 0.934783 0.0364048 0.0364048
BinVal : 12 30 0.833333 0.152145 0.152145
BinVal : 12 31 0 0 0
BinVal : 12 32 0 0 0
BinVal : 12 33 0 0 0
BinVal : 12 34 0 0 0
BinVal : 12 35 0 0 0
BinVal : 12 36 0 0 0
BinVal : 12 37 0 0 0
BinVal : 12 38 0 0 0
BinVal : 12 39 0 0 0
BinVal : 12 40 0 0 0
BinVal : 12 41 0 0 0
BinVal : 12 42 0 0 0
BinVal : 12 43 0 0 0
BinVal : 13 0 0 0 0
BinVal : 13 1 0 0 0
BinVal : 13 2 0 0 0
BinVal : 13 3 0 0 0
BinVal : 13 4 0 0 0
BinVal : 13 5 0 0 0
BinVal : 13 6 0 0 0
BinVal : 13 7 0 0 0
BinVal : 13 8 0 0 0
BinVal : 13 9 0 0 0
BinVal : 13 10 0 0 0
BinVal : 13 11 0 0 0
BinVal : 13 12 0 0 0
BinVal : 13 13 0.846154 0.100068 0.100068
BinVal : 13 14 0.9 0.0387298 0.0387298
BinVal : 13 15 0.963636 0.0252411 0.0252411
BinVal : 13 16 0.916667 0.0325723 0.0325723
BinVal : 13 17 0.685185 0.0632026 0.0632026
BinVal : 13 18 0.809524 0.0494726 0.0494726
BinVal : 13 19 0.894737 0.035203 0.035203
BinVal : 13 20 0.781609 0.0442948 0.0442948
BinVal : 13 21 0.854839 0.0447375 0.0447375
BinVal : 13 22 0.813333 0.0449922 0.0449922
BinVal : 13 23 0.726027 0.0521998 0.0521998
BinVal : 13 24 0.835821 0.0452562 0.0452562
BinVal : 13 25 0.739726 0.0513558 0.0513558
BinVal : 13 26 0.671642 0.0573727 0.0573727
BinVal : 13 27 0.890909 0.0420368 0.0420368
BinVal : 13 28 0.92 0.0313262 0.0313262
BinVal : 13 29 0.931818 0.0379991 0.0379991
BinVal : 13 30 1 0.0871301 0.0871301
BinVal : 13 31 0 0 0
BinVal : 13 32 0 0 0
BinVal : 13 33 0 0 0
BinVal : 13 34 0 0 0
BinVal : 13 35 0 0 0
BinVal : 13 36 0 0 0
BinVal : 13 37 0 0 0
BinVal : 13 38 0 0 0
BinVal : 13 39 0 0 0
BinVal : 13 40 0 0 0
BinVal : 13 41 0 0 0
BinVal : 13 42 0 0 0
BinVal : 13 43 0 0 0
BinVal : 14 0 0 0 0
BinVal : 14 1 0 0 0
BinVal : 14 2 0 0 0
BinVal : 14 3 0 0 0
BinVal : 14 4 0 0 0
BinVal : 14 5 0 0 0
BinVal : 14 6 0 0 0
BinVal : 14 7 0 0 0
BinVal : 14 8 0 0 0
BinVal : 14 9 0 0 0
BinVal : 14 10 0 0 0
BinVal : 14 11 0 0 0
BinVal : 14 12 0 0 0
BinVal : 14 13 0.882353 0.0781425 0.0781425
BinVal : 14 14 0.95 0.0281366 0.0281366
BinVal : 14 15 0.95 0.024367 0.024367
BinVal : 14 16 0.779661 0.0539601 0.0539601
BinVal : 14 17 0.690141 0.054881 0.054881
BinVal : 14 18 0.765432 0.0470809 0.0470809
BinVal : 14 19 0.954545 0.0256398 0.0256398
BinVal : 14 20 0.892157 0.0307126 0.0307126
BinVal : 14 21 0.8125 0.0436383 0.0436383
BinVal : 14 22 0.875 0.0369755 0.0369755
BinVal : 14 23 0.769231 0.0441669 0.0441669
BinVal : 14 24 0.90625 0.0364351 0.0364351
BinVal : 14 25 0.759494 0.0480852 0.0480852
BinVal : 14 26 0.643836 0.0560469 0.0560469
BinVal : 14 27 0.868852 0.0432203 0.0432203
BinVal : 14 28 0.934066 0.026015 0.026015
BinVal : 14 29 0.88 0.0375233 0.0375233
BinVal : 14 30 1 0.102643 0.102643
BinVal : 14 31 0 0 0
BinVal : 14 32 0 0 0
BinVal : 14 33 0 0 0
BinVal : 14 34 0 0 0
BinVal : 14 35 0 0 0
BinVal : 14 36 0 0 0
BinVal : 14 37 0 0 0
BinVal : 14 38 0 0 0
BinVal : 14 39 0 0 0
BinVal : 14 40 0 0 0
BinVal : 14 41 0 0 0
BinVal : 14 42 0 0 0
BinVal : 14 43 0 0 0
BinVal : 15 0 0 0 0
BinVal : 15 1 0 0 0
BinVal : 15 2 0 0 0
BinVal : 15 3 0 0 0
BinVal : 15 4 0 0 0
BinVal : 15 5 0 0 0
BinVal : 15 6 0 0 0
BinVal : 15 7 0 0 0
BinVal : 15 8 0 0 0
BinVal : 15 9 0 0 0
BinVal : 15 10 0 0 0
BinVal : 15 11 0 0 0
BinVal : 15 12 0 0 0
BinVal : 15 13 1 0.0756803 0.0756803
BinVal : 15 14 0.954545 0.0314022 0.0314022
BinVal : 15 15 0.953125 0.0264214 0.0264214
BinVal : 15 16 0.711538 0.0628263 0.0628263
BinVal : 15 17 0.75 0.0578638 0.0578638
BinVal : 15 18 0.837209 0.0562986 0.0562986
BinVal : 15 19 0.887324 0.0375256 0.0375256
BinVal : 15 20 0.888889 0.0331269 0.0331269
BinVal : 15 21 0.75 0.0541266 0.0541266
BinVal : 15 22 0.785714 0.0387722 0.0387722
BinVal : 15 23 0.709302 0.0489652 0.0489652
BinVal : 15 24 0.884058 0.0385422 0.0385422
BinVal : 15 25 0.75 0.0600481 0.0600481
BinVal : 15 26 0.581395 0.0531972 0.0531972
BinVal : 15 27 0.677419 0.083959 0.083959
BinVal : 15 28 0.921053 0.0309317 0.0309317
BinVal : 15 29 0.964912 0.0243716 0.0243716
BinVal : 15 30 1 0.0871301 0.0871301
BinVal : 15 31 0 0 0
BinVal : 15 32 0 0 0
BinVal : 15 33 0 0 0
BinVal : 15 34 0 0 0
BinVal : 15 35 0 0 0
BinVal : 15 36 0 0 0
BinVal : 15 37 0 0 0
BinVal : 15 38 0 0 0
BinVal : 15 39 0 0 0
BinVal : 15 40 0 0 0
BinVal : 15 41 0 0 0
BinVal : 15 42 0 0 0
BinVal : 15 43 0 0 0
BinVal : 16 0 0 0 0
BinVal : 16 1 0 0 0
BinVal : 16 2 0 0 0
BinVal : 16 3 0 0 0
BinVal : 16 4 0 0 0
BinVal : 16 5 0 0 0
BinVal : 16 6 0 0 0
BinVal : 16 7 0 0 0
BinVal : 16 8 0 0 0
BinVal : 16 9 0 0 0
BinVal : 16 10 0 0 0
BinVal : 16 11 0 0 0
BinVal : 16 12 0 0 0
BinVal : 16 13 1 0.0871301 0.0871301
BinVal : 16 14 0.916667 0.0356812 0.0356812
BinVal : 16 15 0.915254 0.036258 0.036258
BinVal : 16 16 0.796296 0.0548075 0.0548075
BinVal : 16 17 0.652174 0.0573374 0.0573374
BinVal : 16 18 0.8125 0.048789 0.048789
BinVal : 16 19 0.943662 0.027364 0.027364
BinVal : 16 20 0.820225 0.0407039 0.0407039
BinVal : 16 21 0.783133 0.0452351 0.0452351
BinVal : 16 22 0.869159 0.0326009 0.0326009
BinVal : 16 23 0.761364 0.0454384 0.0454384
BinVal : 16 24 0.90566 0.0401506 0.0401506
BinVal : 16 25 0.785714 0.0490433 0.0490433
BinVal : 16 26 0.529412 0.0541387 0.0541387
BinVal : 16 27 0.792453 0.0557067 0.0557067
BinVal : 16 28 0.954545 0.0256398 0.0256398
BinVal : 16 29 0.925926 0.0356389 0.0356389
BinVal : 16 30 0.875 0.116927 0.116927
BinVal : 16 31 0 0 0
BinVal : 16 32 0 0 0
BinVal : 16 33 0 0 0
BinVal : 16 34 0 0 0
BinVal : 16 35 0 0 0
BinVal : 16 36 0 0 0
BinVal : 16 37 0 0 0
BinVal : 16 38 0 0 0
BinVal : 16 39 0 0 0
BinVal : 16 40 0 0 0
BinVal : 16 41 0 0 0
BinVal : 16 42 0 0 0
BinVal : 16 43 0 0 0
BinVal : 17 0 0 0 0
BinVal : 17 1 0 0 0
BinVal : 17 2 0 0 0
BinVal : 17 3 0 0 0
BinVal : 17 4 0 0 0
BinVal : 17 5 0 0 0
BinVal : 17 6 0 0 0
BinVal : 17 7 0 0 0
BinVal : 17 8 0 0 0
BinVal : 17 9 0 0 0
BinVal : 17 10 0 0 0
BinVal : 17 11 0 0 0
BinVal : 17 12 0 0 0
BinVal : 17 13 1 0.0422902 0.0422902
BinVal : 17 14 0.942029 0.0281328 0.0281328
BinVal : 17 15 0.929293 0.0257626 0.0257626
BinVal : 17 16 0.859155 0.0412836 0.0412836
BinVal : 17 17 0.658537 0.0523667 0.0523667
BinVal : 17 18 0.855263 0.0403583 0.0403583
BinVal : 17 19 0.941176 0.0255212 0.0255212
BinVal : 17 20 0.912 0.0253387 0.0253387
BinVal : 17 21 0.716981 0.0437531 0.0437531
BinVal : 17 22 0.854839 0.0316342 0.0316342
BinVal : 17 23 0.790909 0.0387735 0.0387735
BinVal : 17 24 0.886076 0.0357462 0.0357462
BinVal : 17 25 0.784314 0.0575932 0.0575932
BinVal : 17 26 0.574468 0.0509959 0.0509959
BinVal : 17 27 0.861111 0.0407565 0.0407565
BinVal : 17 28 0.94186 0.0252336 0.0252336
BinVal : 17 29 0.903614 0.0323935 0.0323935
BinVal : 17 30 0.875 0.0826797 0.0826797
BinVal : 17 31 0 0 0
BinVal : 17 32 0 0 0
BinVal : 17 33 0 0 0
BinVal : 17 34 0 0 0
BinVal : 17 35 0 0 0
BinVal : 17 36 0 0 0
BinVal : 17 37 0 0 0
BinVal : 17 38 0 0 0
BinVal : 17 39 0 0 0
BinVal : 17 40 0 0 0
BinVal : 17 41 0 0 0
BinVal : 17 42 0 0 0
BinVal : 17 43 0 0 0
BinVal : 18 0 0 0 0
BinVal : 18 1 0 0 0
BinVal : 18 2 0 0 0
BinVal : 18 3 0 0 0
BinVal : 18 4 0 0 0
BinVal : 18 5 0 0 0
BinVal : 18 6 0 0 0
BinVal : 18 7 0 0 0
BinVal : 18 8 0 0 0
BinVal : 18 9 0 0 0
BinVal : 18 10 0 0 0
BinVal : 18 11 0 0 0
BinVal : 18 12 0 0 0
BinVal : 18 13 1 0.0456491 0.0456491
BinVal : 18 14 0.947368 0.0229098 0.0229098
BinVal : 18 15 0.932584 0.0265785 0.0265785
BinVal : 18 16 0.85 0.0460977 0.0460977
BinVal : 18 17 0.765625 0.0529509 0.0529509
BinVal : 18 18 0.702703 0.0531331 0.0531331
BinVal : 18 19 0.901408 0.0353795 0.0353795
BinVal : 18 20 0.81982 0.0364797 0.0364797
BinVal : 18 21 0.784946 0.0426042 0.0426042
BinVal : 18 22 0.8 0.0381385 0.0381385
BinVal : 18 23 0.78125 0.0421923 0.0421923
BinVal : 18 24 0.911111 0.0299977 0.0299977
BinVal : 18 25 0.726027 0.0521998 0.0521998
BinVal : 18 26 0.774194 0.0531003 0.0531003
BinVal : 18 27 0.916667 0.0301561 0.0301561
BinVal : 18 28 0.853333 0.0408502 0.0408502
BinVal : 18 29 0.902778 0.0349146 0.0349146
BinVal : 18 30 1 0.0542655 0.0542655
BinVal : 18 31 0 0 0
BinVal : 18 32 0 0 0
BinVal : 18 33 0 0 0
BinVal : 18 34 0 0 0
BinVal : 18 35 0 0 0
BinVal : 18 36 0 0 0
BinVal : 18 37 0 0 0
BinVal : 18 38 0 0 0
BinVal : 18 39 0 0 0
BinVal : 18 40 0 0 0
BinVal : 18 41 0 0 0
BinVal : 18 42 0 0 0
BinVal : 18 43 0 0 0
BinVal : 19 0 0 0 0
BinVal : 19 1 0 0 0
BinVal : 19 2 0 0 0
BinVal : 19 3 0 0 0
BinVal : 19 4 0 0 0
BinVal : 19 5 0 0 0
BinVal : 19 6 0 0 0
BinVal : 19 7 0 0 0
BinVal : 19 8 0 0 0
BinVal : 19 9 0 0 0
BinVal : 19 10 0 0 0
BinVal : 19 11 0 0 0
BinVal : 19 12 0 0 0
BinVal : 19 13 1 0.0422902 0.0422902
BinVal : 19 14 0.927273 0.0350164 0.0350164
BinVal : 19 15 0.979592 0.0201988 0.0201988
BinVal : 19 16 0.85 0.0460977 0.0460977
BinVal : 19 17 0.775 0.0660256 0.0660256
BinVal : 19 18 0.742857 0.0738764 0.0738764
BinVal : 19 19 0.654321 0.0528432 0.0528432
BinVal : 19 20 0.611111 0.0812497 0.0812497
BinVal : 19 21 0.71875 0.0562012 0.0562012
BinVal : 19 22 0.72 0.0518459 0.0518459
BinVal : 19 23 0.568965 0.0650257 0.0650257
BinVal : 19 24 0.592593 0.0668645 0.0668645
BinVal : 19 25 0.611111 0.0812497 0.0812497
BinVal : 19 26 0.791667 0.0586179 0.0586179
BinVal : 19 27 0.894737 0.0406489 0.0406489
BinVal : 19 28 0.962963 0.0256996 0.0256996
BinVal : 19 29 0.857143 0.0591485 0.0591485
BinVal : 19 30 0.833333 0.152145 0.152145
BinVal : 19 31 0 0 0
BinVal : 19 32 0 0 0
BinVal : 19 33 0 0 0
BinVal : 19 34 0 0 0
BinVal : 19 35 0 0 0
BinVal : 19 36 0 0 0
BinVal : 19 37 0 0 0
BinVal : 19 38 0 0 0
BinVal : 19 39 0 0 0
BinVal : 19 40 0 0 0
BinVal : 19 41 0 0 0
BinVal : 19 42 0 0 0
BinVal : 19 43 0 0 0
BinVal : 20 0 0 0 0
BinVal : 20 1 0 0 0
BinVal : 20 2 0 0 0
BinVal : 20 3 0 0 0
BinVal : 20 4 0 0 0
BinVal : 20 5 0 0 0
BinVal : 20 6 0 0 0
BinVal : 20 7 0 0 0
BinVal : 20 8 0 0 0
BinVal : 20 9 0 0 0
BinVal : 20 10 0 0 0
BinVal : 20 11 0 0 0
BinVal : 20 12 0 0 0
BinVal : 20 13 0.909091 0.0866784 0.0866784
BinVal : 20 14 0.927273 0.0350164 0.0350164
BinVal : 20 15 0.924242 0.0325712 0.0325712
BinVal : 20 16 0.740741 0.084337 0.084337
BinVal : 20 17 0.6 0.109545 0.109545
BinVal : 20 18 0.466667 0.128812 0.128812
BinVal : 20 19 0.566038 0.0680786 0.0680786
BinVal : 20 20 0.681818 0.0496513 0.0496513
BinVal : 20 21 0.775281 0.044244 0.044244
BinVal : 20 22 0.662651 0.0518971 0.0518971
BinVal : 20 23 0.530864 0.0554496 0.0554496
BinVal : 20 24 0.538462 0.0691321 0.0691321
BinVal : 20 25 0.428571 0.13226 0.13226
BinVal : 20 26 0.227273 0.0893461 0.0893461
BinVal : 20 27 0.75 0.0883883 0.0883883
BinVal : 20 28 0.96 0.0277128 0.0277128
BinVal : 20 29 0.926829 0.0406702 0.0406702
BinVal : 20 30 0.875 0.116927 0.116927
BinVal : 20 31 0 0 0
BinVal : 20 32 0 0 0
BinVal : 20 33 0 0 0
BinVal : 20 34 0 0 0
BinVal : 20 35 0 0 0
BinVal : 20 36 0 0 0
BinVal : 20 37 0 0 0
BinVal : 20 38 0 0 0
BinVal : 20 39 0 0 0
BinVal : 20 40 0 0 0
BinVal : 20 41 0 0 0
BinVal : 20 42 0 0 0
BinVal : 20 43 0 0 0
BinVal : 21 0 0 0 0
BinVal : 21 1 0 0 0
BinVal : 21 2 0 0 0
BinVal : 21 3 0 0 0
BinVal : 21 4 0 0 0
BinVal : 21 5 0 0 0
BinVal : 21 6 0 0 0
BinVal : 21 7 0 0 0
BinVal : 21 8 0 0 0
BinVal : 21 9 0 0 0
BinVal : 21 10 0 0 0
BinVal : 21 11 0 0 0
BinVal : 21 12 0 0 0
BinVal : 21 13 0.875 0.0826797 0.0826797
BinVal : 21 14 0.885714 0.0380271 0.0380271
BinVal : 21 15 0.813559 0.0507036 0.0507036
BinVal : 21 16 0.413793 0.0914572 0.0914572
BinVal : 21 17 0.383721 0.0524381 0.0524381
BinVal : 21 18 0.463415 0.0778776 0.0778776
BinVal : 21 19 0.696629 0.0487296 0.0487296
BinVal : 21 20 0.717172 0.0452643 0.0452643
BinVal : 21 21 0.853211 0.033897 0.033897
BinVal : 21 22 0.858491 0.0338538 0.0338538
BinVal : 21 23 0.550562 0.0527282 0.0527282
BinVal : 21 24 0.553191 0.0512784 0.0512784
BinVal : 21 25 0.552632 0.0806601 0.0806601
BinVal : 21 26 0.405063 0.055231 0.055231
BinVal : 21 27 0.590909 0.104824 0.104824
BinVal : 21 28 0.753425 0.0504468 0.0504468
BinVal : 21 29 0.910256 0.0323621 0.0323621
BinVal : 21 30 0.846154 0.100068 0.100068
BinVal : 21 31 0 0 0
BinVal : 21 32 0 0 0
BinVal : 21 33 0 0 0
BinVal : 21 34 0 0 0
BinVal : 21 35 0 0 0
BinVal : 21 36 0 0 0
BinVal : 21 37 0 0 0
BinVal : 21 38 0 0 0
BinVal : 21 39 0 0 0
BinVal : 21 40 0 0 0
BinVal : 21 41 0 0 0
BinVal : 21 42 0 0 0
BinVal : 21 43 0 0 0
BinVal : 22 0 0 0 0
BinVal : 22 1 0 0 0
BinVal : 22 2 0 0 0
BinVal : 22 3 0 0 0
BinVal : 22 4 0 0 0
BinVal : 22 5 0 0 0
BinVal : 22 6 0 0 0
BinVal : 22 7 0 0 0
BinVal : 22 8 0 0 0
BinVal : 22 9 0 0 0
BinVal : 22 10 0 0 0
BinVal : 22 11 0 0 0
BinVal : 22 12 0 0 0
BinVal : 22 13 0.875 0.0826797 0.0826797
BinVal : 22 14 0.922078 0.030547 0.030547
BinVal : 22 15 0.756098 0.0670664 0.0670664
BinVal : 22 16 0 0 0
BinVal : 22 17 0 0 0
BinVal : 22 18 0 0 0
BinVal : 22 19 0 0 0
BinVal : 22 20 0 0 0
BinVal : 22 21 0 0 0
BinVal : 22 22 0.5 0.353553 0.353553
BinVal : 22 23 0 0 0
BinVal : 22 24 0 0 0
BinVal : 22 25 0 0 0
BinVal : 22 26 0 0 0
BinVal : 22 27 0.5 0.25 0.25
BinVal : 22 28 0.738095 0.0678427 0.0678427
BinVal : 22 29 0.90625 0.0364351 0.0364351
BinVal : 22 30 0.933333 0.0644061 0.0644061
BinVal : 22 31 0 0 0
BinVal : 22 32 0 0 0
BinVal : 22 33 0 0 0
BinVal : 22 34 0 0 0
BinVal : 22 35 0 0 0
BinVal : 22 36 0 0 0
BinVal : 22 37 0 0 0
BinVal : 22 38 0 0 0
BinVal : 22 39 0 0 0
BinVal : 22 40 0 0 0
BinVal : 22 41 0 0 0
BinVal : 22 42 0 0 0
BinVal : 22 43 0 0 0
BinVal : 23 0 0 0 0
BinVal : 23 1 0 0 0
BinVal : 23 2 0 0 0
BinVal : 23 3 0 0 0
BinVal : 23 4 0 0 0
BinVal : 23 5 0 0 0
BinVal : 23 6 0 0 0
BinVal : 23 7 0 0 0
BinVal : 23 8 0 0 0
BinVal : 23 9 0 0 0
BinVal : 23 10 0 0 0
BinVal : 23 11 0 0 0
BinVal : 23 12 0 0 0
BinVal : 23 13 1 0.0368657 0.0368657
BinVal : 23 14 0.885246 0.0408085 0.0408085
BinVal : 23 15 0.666667 0.0907218 0.0907218
BinVal : 23 16 0 0 0
BinVal : 23 17 0 0 0
BinVal : 23 18 0 0 0
BinVal : 23 19 0 0 0
BinVal : 23 20 0.285714 0.0853735 0.0853735
BinVal : 23 21 0.2 0.0730297 0.0730297
BinVal : 23 22 0.355556 0.0713576 0.0713576
BinVal : 23 23 0.428571 0.10799 0.10799
BinVal : 23 24 0 0 0
BinVal : 23 25 0 0 0
BinVal : 23 26 0 0 0
BinVal : 23 27 0 0 0
BinVal : 23 28 0.666667 0.082061 0.082061
BinVal : 23 29 0.875 0.0441942 0.0441942
BinVal : 23 30 0.933333 0.0644061 0.0644061
BinVal : 23 31 0 0 0
BinVal : 23 32 0 0 0
BinVal : 23 33 0 0 0
BinVal : 23 34 0 0 0
BinVal : 23 35 0 0 0
BinVal : 23 36 0 0 0
BinVal : 23 37 0 0 0
BinVal : 23 38 0 0 0
BinVal : 23 39 0 0 0
BinVal : 23 40 0 0 0
BinVal : 23 41 0 0 0
BinVal : 23 42 0 0 0
BinVal : 23 43 0 0 0
BinVal : 24 0 0 0 0
BinVal : 24 1 0 0 0
BinVal : 24 2 0 0 0
BinVal : 24 3 0 0 0
BinVal : 24 4 0 0 0
BinVal : 24 5 0 0 0
BinVal : 24 6 0 0 0
BinVal : 24 7 0 0 0
BinVal : 24 8 0 0 0
BinVal : 24 9 0 0 0
BinVal : 24 10 0 0 0
BinVal : 24 11 0 0 0
BinVal : 24 12 0 0 0
BinVal : 24 13 0.916667 0.0797856 0.0797856
BinVal : 24 14 0.933333 0.0371849 0.0371849
BinVal : 24 15 0.62963 0.0929349 0.0929349
BinVal : 24 16 0 0 0
BinVal : 24 17 0 0 0
BinVal : 24 18 0 0 0
BinVal : 24 19 0 0 0
BinVal : 24 20 0.680851 0.0679945 0.0679945
BinVal : 24 21 0.416667 0.0711594 0.0711594
BinVal : 24 22 0.492537 0.0610779 0.0610779
BinVal : 24 23 0.526316 0.0809983 0.0809983
BinVal : 24 24 0 0 0
BinVal : 24 25 0 0 0
BinVal : 24 26 0 0 0
BinVal : 24 27 0 0 0
BinVal : 24 28 0.666667 0.096225 0.096225
BinVal : 24 29 0.933333 0.0322031 0.0322031
BinVal : 24 30 0.857143 0.13226 0.13226
BinVal : 24 31 0 0 0
BinVal : 24 32 0 0 0
BinVal : 24 33 0 0 0
BinVal : 24 34 0 0 0
BinVal : 24 35 0 0 0
BinVal : 24 36 0 0 0
BinVal : 24 37 0 0 0
BinVal : 24 38 0 0 0
BinVal : 24 39 0 0 0
BinVal : 24 40 0 0 0
BinVal : 24 41 0 0 0
BinVal : 24 42 0 0 0
BinVal : 24 43 0 0 0
BinVal : 25 0 0 0 0
BinVal : 25 1 0 0 0
BinVal : 25 2 0 0 0
BinVal : 25 3 0 0 0
BinVal : 25 4 0 0 0
BinVal : 25 5 0 0 0
BinVal : 25 6 0 0 0
BinVal : 25 7 0 0 0
BinVal : 25 8 0 0 0
BinVal : 25 9 0 0 0
BinVal : 25 10 0 0 0
BinVal : 25 11 0 0 0
BinVal : 25 12 0 0 0
BinVal : 25 13 0.9 0.067082 0.067082
BinVal : 25 14 0.928571 0.0307818 0.0307818
BinVal : 25 15 0.655172 0.0882632 0.0882632
BinVal : 25 16 1 0.218486 0.218486
BinVal : 25 17 0 0 0
BinVal : 25 18 0 0 0
BinVal : 25 19 1 0.218486 0.218486
BinVal : 25 20 0 0 0
BinVal : 25 21 0 0 0
BinVal : 25 22 0 0 0
BinVal : 25 23 0 0 0
BinVal : 25 24 0 0 0
BinVal : 25 25 0 0 0
BinVal : 25 26 1 0.218486 0.218486
BinVal : 25 27 0 0 0
BinVal : 25 28 0.68 0.0659697 0.0659697
BinVal : 25 29 0.945455 0.0306209 0.0306209
BinVal : 25 30 1 0.0542655 0.0542655
BinVal : 25 31 0 0 0
BinVal : 25 32 0 0 0
BinVal : 25 33 0 0 0
BinVal : 25 34 0 0 0
BinVal : 25 35 0 0 0
BinVal : 25 36 0 0 0
BinVal : 25 37 0 0 0
BinVal : 25 38 0 0 0
BinVal : 25 39 0 0 0
BinVal : 25 40 0 0 0
BinVal : 25 41 0 0 0
BinVal : 25 42 0 0 0
BinVal : 25 43 0 0 0
BinVal : 26 0 0 0 0
BinVal : 26 1 0 0 0
BinVal : 26 2 0 0 0
BinVal : 26 3 0 0 0
BinVal : 26 4 0 0 0
BinVal : 26 5 0 0 0
BinVal : 26 6 0 0 0
BinVal : 26 7 0 0 0
BinVal : 26 8 0 0 0
BinVal : 26 9 0 0 0
BinVal : 26 10 0 0 0
BinVal : 26 11 0 0 0
BinVal : 26 12 0 0 0
BinVal : 26 13 0.8125 0.0975781 0.0975781
BinVal : 26 14 0.883333 0.0414438 0.0414438
BinVal : 26 15 0.8125 0.0563367 0.0563367
BinVal : 26 16 0.666667 0.157135 0.157135
BinVal : 26 17 0.396825 0.0616383 0.0616383
BinVal : 26 18 0.588235 0.0844035 0.0844035
BinVal : 26 19 0.578313 0.0542048 0.0542048
BinVal : 26 20 0.653846 0.0538673 0.0538673
BinVal : 26 21 0.859155 0.0412836 0.0412836
BinVal : 26 22 0.851852 0.0394719 0.0394719
BinVal : 26 23 0.821918 0.0447778 0.0447778
BinVal : 26 24 0.628571 0.0577519 0.0577519
BinVal : 26 25 0.515152 0.0869989 0.0869989
BinVal : 26 26 0.395349 0.0745604 0.0745604
BinVal : 26 27 0.590909 0.104824 0.104824
BinVal : 26 28 0.888889 0.0468486 0.0468486
BinVal : 26 29 0.949153 0.0286007 0.0286007
BinVal : 26 30 0.8125 0.0975781 0.0975781
BinVal : 26 31 0 0 0
BinVal : 26 32 0 0 0
BinVal : 26 33 0 0 0
BinVal : 26 34 0 0 0
BinVal : 26 35 0 0 0
BinVal : 26 36 0 0 0
BinVal : 26 37 0 0 0
BinVal : 26 38 0 0 0
BinVal : 26 39 0 0 0
BinVal : 26 40 0 0 0
BinVal : 26 41 0 0 0
BinVal : 26 42 0 0 0
BinVal : 26 43 0 0 0
BinVal : 27 0 0 0 0
BinVal : 27 1 0 0 0
BinVal : 27 2 0 0 0
BinVal : 27 3 0 0 0
BinVal : 27 4 0 0 0
BinVal : 27 5 0 0 0
BinVal : 27 6 0 0 0
BinVal : 27 7 0 0 0
BinVal : 27 8 0 0 0
BinVal : 27 9 0 0 0
BinVal : 27 10 0 0 0
BinVal : 27 11 0 0 0
BinVal : 27 12 0 0 0
BinVal : 27 13 1 0.0422902 0.0422902
BinVal : 27 14 0.878788 0.0568144 0.0568144
BinVal : 27 15 0.87931 0.0427752 0.0427752
BinVal : 27 16 0.761905 0.0929429 0.0929429
BinVal : 27 17 0.421053 0.113269 0.113269
BinVal : 27 18 0.625 0.171163 0.171163
BinVal : 27 19 0.521739 0.0736513 0.0736513
BinVal : 27 20 0.47619 0.0544926 0.0544926
BinVal : 27 21 0.712766 0.0466689 0.0466689
BinVal : 27 22 0.656566 0.0477247 0.0477247
BinVal : 27 23 0.537313 0.0609144 0.0609144
BinVal : 27 24 0.56 0.0701997 0.0701997
BinVal : 27 25 0.5 0.133631 0.133631
BinVal : 27 26 0.411765 0.119365 0.119365
BinVal : 27 27 0.65625 0.0839617 0.0839617
BinVal : 27 28 0.944444 0.0311713 0.0311713
BinVal : 27 29 0.98 0.019799 0.019799
BinVal : 27 30 1 0.0293374 0.0293374
BinVal : 27 31 0 0 0
BinVal : 27 32 0 0 0
BinVal : 27 33 0 0 0
BinVal : 27 34 0 0 0
BinVal : 27 35 0 0 0
BinVal : 27 36 0 0 0
BinVal : 27 37 0 0 0
BinVal : 27 38 0 0 0
BinVal : 27 39 0 0 0
BinVal : 27 40 0 0 0
BinVal : 27 41 0 0 0
BinVal : 27 42 0 0 0
BinVal : 27 43 0 0 0
BinVal : 28 0 0 0 0
BinVal : 28 1 0 0 0
BinVal : 28 2 0 0 0
BinVal : 28 3 0 0 0
BinVal : 28 4 0 0 0
BinVal : 28 5 0 0 0
BinVal : 28 6 0 0 0
BinVal : 28 7 0 0 0
BinVal : 28 8 0 0 0
BinVal : 28 9 0 0 0
BinVal : 28 10 0 0 0
BinVal : 28 11 0 0 0
BinVal : 28 12 0 0 0
BinVal : 28 13 1 0.0495858 0.0495858
BinVal : 28 14 0.925 0.0416458 0.0416458
BinVal : 28 15 0.960784 0.0271805 0.0271805
BinVal : 28 16 0.84375 0.0453865 0.0453865
BinVal : 28 17 0.772727 0.0631772 0.0631772
BinVal : 28 18 0.653846 0.0933009 0.0933009
BinVal : 28 19 0.739726 0.0513558 0.0513558
BinVal : 28 20 0.488889 0.0745172 0.0745172
BinVal : 28 21 0.5 0.0552158 0.0552158
BinVal : 28 22 0.698113 0.063059 0.063059
BinVal : 28 23 0.4 0.0660578 0.0660578
BinVal : 28 24 0.541667 0.0587206 0.0587206
BinVal : 28 25 0.666667 0.0907218 0.0907218
BinVal : 28 26 0.820513 0.0614507 0.0614507
BinVal : 28 27 0.79661 0.0524037 0.0524037
BinVal : 28 28 0.932203 0.032729 0.032729
BinVal : 28 29 0.979592 0.0201988 0.0201988
BinVal : 28 30 1 0.0871301 0.0871301
BinVal : 28 31 0 0 0
BinVal : 28 32 0 0 0
BinVal : 28 33 0 0 0
BinVal : 28 34 0 0 0
BinVal : 28 35 0 0 0
BinVal : 28 36 0 0 0
BinVal : 28 37 0 0 0
BinVal : 28 38 0 0 0
BinVal : 28 39 0 0 0
BinVal : 28 40 0 0 0
BinVal : 28 41 0 0 0
BinVal : 28 42 0 0 0
BinVal : 28 43 0 0 0
BinVal : 29 0 0 0 0
BinVal : 29 1 0 0 0
BinVal : 29 2 0 0 0
BinVal : 29 3 0 0 0
BinVal : 29 4 0 0 0
BinVal : 29 5 0 0 0
BinVal : 29 6 0 0 0
BinVal : 29 7 0 0 0
BinVal : 29 8 0 0 0
BinVal : 29 9 0 0 0
BinVal : 29 10 0 0 0
BinVal : 29 11 0 0 0
BinVal : 29 12 0 0 0
BinVal : 29 13 0.714286 0.170747 0.170747
BinVal : 29 14 0.847458 0.0468089 0.0468089
BinVal : 29 15 0.944444 0.0311713 0.0311713
BinVal : 29 16 0.9375 0.0302577 0.0302577
BinVal : 29 17 0.776119 0.0509255 0.0509255
BinVal : 29 18 0.809524 0.0494726 0.0494726
BinVal : 29 19 0.907895 0.0331706 0.0331706
BinVal : 29 20 0.835443 0.041716 0.041716
BinVal : 29 21 0.936842 0.0249566 0.0249566
BinVal : 29 22 0.954023 0.0224538 0.0224538
BinVal : 29 23 0.487179 0.0565952 0.0565952
BinVal : 29 24 0.865979 0.0345903 0.0345903
BinVal : 29 25 0.71875 0.045888 0.045888
BinVal : 29 26 0.66129 0.0601055 0.0601055
BinVal : 29 27 0.906667 0.0335901 0.0335901
BinVal : 29 28 0.961039 0.0220516 0.0220516
BinVal : 29 29 0.9375 0.0302577 0.0302577
BinVal : 29 30 1 0.0668855 0.0668855
BinVal : 29 31 0 0 0
BinVal : 29 32 0 0 0
BinVal : 29 33 0 0 0
BinVal : 29 34 0 0 0
BinVal : 29 35 0 0 0
BinVal : 29 36 0 0 0
BinVal : 29 37 0 0 0
BinVal : 29 38 0 0 0
BinVal : 29 39 0 0 0
BinVal : 29 40 0 0 0
BinVal : 29 41 0 0 0
BinVal : 29 42 0 0 0
BinVal : 29 43 0 0 0
BinVal : 30 0 0 0 0
BinVal : 30 1 0 0 0
BinVal : 30 2 0 0 0
BinVal : 30 3 0 0 0
BinVal : 30 4 0 0 0
BinVal : 30 5 0 0 0
BinVal : 30 6 0 0 0
BinVal : 30 7 0 0 0
BinVal : 30 8 0 0 0
BinVal : 30 9 0 0 0
BinVal : 30 10 0 0 0
BinVal : 30 11 0 0 0
BinVal : 30 12 0 0 0
BinVal : 30 13 0.916667 0.0797856 0.0797856
BinVal : 30 14 0.941176 0.0285336 0.0285336
BinVal : 30 15 0.939394 0.0293704 0.0293704
BinVal : 30 16 0.84127 0.0460391 0.0460391
BinVal : 30 17 0.75 0.0541266 0.0541266
BinVal : 30 18 0.833333 0.0507151 0.0507151
BinVal : 30 19 0.938462 0.0298075 0.0298075
BinVal : 30 20 0.838384 0.0369953 0.0369953
BinVal : 30 21 0.957265 0.0186989 0.0186989
BinVal : 30 22 0.888889 0.0290542 0.0290542
BinVal : 30 23 0.635514 0.0465276 0.0465276
BinVal : 30 24 0.906667 0.0335901 0.0335901
BinVal : 30 25 0.693548 0.0585495 0.0585495
BinVal : 30 26 0.607595 0.0549365 0.0549365
BinVal : 30 27 0.890625 0.0390136 0.0390136
BinVal : 30 28 0.960526 0.0223358 0.0223358
BinVal : 30 29 0.954545 0.0256398 0.0256398
BinVal : 30 30 1 0.0293374 0.0293374
BinVal : 30 31 0 0 0
BinVal : 30 32 0 0 0
BinVal : 30 33 0 0 0
BinVal : 30 34 0 0 0
BinVal : 30 35 0 0 0
BinVal : 30 36 0 0 0
BinVal : 30 37 0 0 0
BinVal : 30 38 0 0 0
BinVal : 30 39 0 0 0
BinVal : 30 40 0 0 0
BinVal : 30 41 0 0 0
BinVal : 30 42 0 0 0
BinVal : 30 43 0 0 0
BinVal : 31 0 0 0 0
BinVal : 31 1 0 0 0
BinVal : 31 2 0 0 0
BinVal : 31 3 0 0 0
BinVal : 31 4 0 0 0
BinVal : 31 5 0 0 0
BinVal : 31 6 0 0 0
BinVal : 31 7 0 0 0
BinVal : 31 8 0 0 0
BinVal : 31 9 0 0 0
BinVal : 31 10 0 0 0
BinVal : 31 11 0 0 0
BinVal : 31 12 0 0 0
BinVal : 31 13 0.928571 0.0688303 0.0688303
BinVal : 31 14 0.957447 0.0294425 0.0294425
BinVal : 31 15 0.881579 0.0370628 0.0370628
BinVal : 31 16 0.90566 0.0401506 0.0401506
BinVal : 31 17 0.753846 0.0534303 0.0534303
BinVal : 31 18 0.807018 0.0522713 0.0522713
BinVal : 31 19 0.933333 0.0288033 0.0288033
BinVal : 31 20 0.77907 0.044737 0.044737
BinVal : 31 21 0.924051 0.0298055 0.0298055
BinVal : 31 22 0.914286 0.0273195 0.0273195
BinVal : 31 23 0.71875 0.045888 0.045888
BinVal : 31 24 0.941176 0.0285336 0.0285336
BinVal : 31 25 0.714286 0.0569156 0.0569156
BinVal : 31 26 0.77027 0.0489006 0.0489006
BinVal : 31 27 0.878049 0.0511047 0.0511047
BinVal : 31 28 0.917647 0.0298173 0.0298173
BinVal : 31 29 0.953125 0.0264214 0.0264214
BinVal : 31 30 0.923077 0.0739053 0.0739053
BinVal : 31 31 0 0 0
BinVal : 31 32 0 0 0
BinVal : 31 33 0 0 0
BinVal : 31 34 0 0 0
BinVal : 31 35 0 0 0
BinVal : 31 36 0 0 0
BinVal : 31 37 0 0 0
BinVal : 31 38 0 0 0
BinVal : 31 39 0 0 0
BinVal : 31 40 0 0 0
BinVal : 31 41 0 0 0
BinVal : 31 42 0 0 0
BinVal : 31 43 0 0 0


