Comments : cosmic veto applied 
EffMethod : TagAndProbe 
EffName : eff 
EffType : Binned 
EffVarNames : phi deteta 
EffVersion : 5 
ObjQuality : l3l3 
ObjRelativeTo : loose_l1atlx 
ObjType : Muon 
ObjVersion : 1 
RunRangeHigh : 216000 
RunRangeLow : 194600 
TriggerVersionHigh : 14.99 
TriggerVersionLow : 13 
BinEdgesX : 0 0.19635 0.3927 0.58905 0.7854 0.98175 1.1781 1.37445 1.5708 1.76715 1.9635 2.15985 2.3562 2.55255 2.7489 2.94525 3.1416 3.33795 3.5343 3.73065 3.927 4.12335 4.3197 4.51605 4.7124 4.90875 5.1051 5.30145 5.4978 5.69415 5.8905 6.08685 6.2832 
BinEdgesY : -4.2 -4.00909 -3.81818 -3.62727 -3.43636 -3.24545 -3.05455 -2.86364 -2.67273 -2.48182 -2.29091 -2.1 -1.90909 -1.71818 -1.52727 -1.33636 -1.14545 -0.954545 -0.763636 -0.572727 -0.381818 -0.190909 0 0.190909 0.381818 0.572727 0.763636 0.954545 1.14545 1.33636 1.52727 1.71818 1.90909 2.1 2.29091 2.48182 2.67273 2.86364 3.05455 3.24545 3.43636 3.62727 3.81818 4.00909 4.2 
BinVal : 0 0 0 0 0
BinVal : 0 1 0 0 0
BinVal : 0 2 0 0 0
BinVal : 0 3 0 0 0
BinVal : 0 4 0 0 0
BinVal : 0 5 0 0 0
BinVal : 0 6 0 0 0
BinVal : 0 7 0 0 0
BinVal : 0 8 0 0 0
BinVal : 0 9 0 0 0
BinVal : 0 10 0 0 0
BinVal : 0 11 1 0.0495858 0.0495858
BinVal : 0 12 0.95 0.0344601 0.0344601
BinVal : 0 13 0.983607 0.0162585 0.0162585
BinVal : 0 14 1 0.00903559 0.00903559
BinVal : 0 15 0.985075 0.0148136 0.0148136
BinVal : 0 16 0.914286 0.0334594 0.0334594
BinVal : 0 17 0.8375 0.0412453 0.0412453
BinVal : 0 18 0.892308 0.0384497 0.0384497
BinVal : 0 19 0.985075 0.0148136 0.0148136
BinVal : 0 20 0.89899 0.030286 0.030286
BinVal : 0 21 0.951923 0.0209774 0.0209774
BinVal : 0 22 0.948454 0.0224503 0.0224503
BinVal : 0 23 0.884956 0.0300161 0.0300161
BinVal : 0 24 0.924051 0.0298055 0.0298055
BinVal : 0 25 0.921875 0.033546 0.033546
BinVal : 0 26 0.831579 0.0383962 0.0383962
BinVal : 0 27 0.923077 0.0369527 0.0369527
BinVal : 0 28 1 0.00679159 0.00679159
BinVal : 0 29 0.981132 0.0186891 0.0186891
BinVal : 0 30 0.980769 0.019045 0.019045
BinVal : 0 31 0.970588 0.028976 0.028976
BinVal : 0 32 0.909091 0.0866784 0.0866784
BinVal : 0 33 0 0 0
BinVal : 0 34 0 0 0
BinVal : 0 35 0 0 0
BinVal : 0 36 0 0 0
BinVal : 0 37 0 0 0
BinVal : 0 38 0 0 0
BinVal : 0 39 0 0 0
BinVal : 0 40 0 0 0
BinVal : 0 41 0 0 0
BinVal : 0 42 0 0 0
BinVal : 0 43 0 0 0
BinVal : 1 0 0 0 0
BinVal : 1 1 0 0 0
BinVal : 1 2 0 0 0
BinVal : 1 3 0 0 0
BinVal : 1 4 0 0 0
BinVal : 1 5 0 0 0
BinVal : 1 6 0 0 0
BinVal : 1 7 0 0 0
BinVal : 1 8 0 0 0
BinVal : 1 9 0 0 0
BinVal : 1 10 0 0 0
BinVal : 1 11 1 0.0309157 0.0309157
BinVal : 1 12 0.982143 0.017697 0.017697
BinVal : 1 13 0.951613 0.027252 0.027252
BinVal : 1 14 0.96 0.0195959 0.0195959
BinVal : 1 15 0.97619 0.0166342 0.0166342
BinVal : 1 16 0.965517 0.0195624 0.0195624
BinVal : 1 17 0.87 0.0336303 0.0336303
BinVal : 1 18 0.875 0.0352548 0.0352548
BinVal : 1 19 1 0.00627279 0.00627279
BinVal : 1 20 0.954545 0.0181301 0.0181301
BinVal : 1 21 0.965753 0.015051 0.015051
BinVal : 1 22 0.950704 0.018167 0.018167
BinVal : 1 23 0.91 0.0286182 0.0286182
BinVal : 1 24 1 0.00544119 0.00544119
BinVal : 1 25 0.905882 0.031671 0.031671
BinVal : 1 26 0.823529 0.0413491 0.0413491
BinVal : 1 27 0.986842 0.013071 0.013071
BinVal : 1 28 1 0.00620508 0.00620508
BinVal : 1 29 1 0.00862837 0.00862837
BinVal : 1 30 0.953125 0.0264214 0.0264214
BinVal : 1 31 0.979167 0.0206152 0.0206152
BinVal : 1 32 0.941176 0.0403526 0.0403526
BinVal : 1 33 0 0 0
BinVal : 1 34 0 0 0
BinVal : 1 35 0 0 0
BinVal : 1 36 0 0 0
BinVal : 1 37 0 0 0
BinVal : 1 38 0 0 0
BinVal : 1 39 0 0 0
BinVal : 1 40 0 0 0
BinVal : 1 41 0 0 0
BinVal : 1 42 0 0 0
BinVal : 1 43 0 0 0
BinVal : 2 0 0 0 0
BinVal : 2 1 0 0 0
BinVal : 2 2 0 0 0
BinVal : 2 3 0 0 0
BinVal : 2 4 0 0 0
BinVal : 2 5 0 0 0
BinVal : 2 6 0 0 0
BinVal : 2 7 0 0 0
BinVal : 2 8 0 0 0
BinVal : 2 9 0 0 0
BinVal : 2 10 0 0 0
BinVal : 2 11 1 0.039392 0.039392
BinVal : 2 12 0.933333 0.0371849 0.0371849
BinVal : 2 13 0.941176 0.0403526 0.0403526
BinVal : 2 14 1 0.00663519 0.00663519
BinVal : 2 15 0.989247 0.0106947 0.0106947
BinVal : 2 16 0.975 0.0174553 0.0174553
BinVal : 2 17 0.901099 0.0312944 0.0312944
BinVal : 2 18 0.892857 0.0337468 0.0337468
BinVal : 2 19 0.951219 0.0237879 0.0237879
BinVal : 2 20 0.953704 0.0202194 0.0202194
BinVal : 2 21 0.952 0.0191198 0.0191198
BinVal : 2 22 0.962963 0.0181723 0.0181723
BinVal : 2 23 0.944444 0.0241452 0.0241452
BinVal : 2 24 0.961165 0.0190367 0.0190367
BinVal : 2 25 0.876289 0.0334305 0.0334305
BinVal : 2 26 0.863014 0.0402426 0.0402426
BinVal : 2 27 0.975904 0.0168322 0.0168322
BinVal : 2 28 1 0.0057683 0.0057683
BinVal : 2 29 0.987013 0.0129024 0.0129024
BinVal : 2 30 0.984615 0.0152658 0.0152658
BinVal : 2 31 0.98 0.019799 0.019799
BinVal : 2 32 1 0.0309157 0.0309157
BinVal : 2 33 0 0 0
BinVal : 2 34 0 0 0
BinVal : 2 35 0 0 0
BinVal : 2 36 0 0 0
BinVal : 2 37 0 0 0
BinVal : 2 38 0 0 0
BinVal : 2 39 0 0 0
BinVal : 2 40 0 0 0
BinVal : 2 41 0 0 0
BinVal : 2 42 0 0 0
BinVal : 2 43 0 0 0
BinVal : 3 0 0 0 0
BinVal : 3 1 0 0 0
BinVal : 3 2 0 0 0
BinVal : 3 3 0 0 0
BinVal : 3 4 0 0 0
BinVal : 3 5 0 0 0
BinVal : 3 6 0 0 0
BinVal : 3 7 0 0 0
BinVal : 3 8 0 0 0
BinVal : 3 9 0 0 0
BinVal : 3 10 0 0 0
BinVal : 3 11 0 0 0
BinVal : 3 12 1 0.0293374 0.0293374
BinVal : 3 13 0.975 0.0246855 0.0246855
BinVal : 3 14 1 0.0123324 0.0123324
BinVal : 3 15 1 0.00932837 0.00932837
BinVal : 3 16 0.985915 0.013985 0.013985
BinVal : 3 17 0.965517 0.0239589 0.0239589
BinVal : 3 18 0.777778 0.0489954 0.0489954
BinVal : 3 19 0.938462 0.0298075 0.0298075
BinVal : 3 20 1 0.0088954 0.0088954
BinVal : 3 21 0.955556 0.0217228 0.0217228
BinVal : 3 22 0.972222 0.0193671 0.0193671
BinVal : 3 23 0.95082 0.0276873 0.0276873
BinVal : 3 24 0.955224 0.0252661 0.0252661
BinVal : 3 25 0.863636 0.0422418 0.0422418
BinVal : 3 26 1 0.0111375 0.0111375
BinVal : 3 27 1 0.00917959 0.00917959
BinVal : 3 28 0.984127 0.0157465 0.0157465
BinVal : 3 29 1 0.0157046 0.0157046
BinVal : 3 30 1 0.0123324 0.0123324
BinVal : 3 31 0.9375 0.0427908 0.0427908
BinVal : 3 32 0 0 0
BinVal : 3 33 0 0 0
BinVal : 3 34 0 0 0
BinVal : 3 35 0 0 0
BinVal : 3 36 0 0 0
BinVal : 3 37 0 0 0
BinVal : 3 38 0 0 0
BinVal : 3 39 0 0 0
BinVal : 3 40 0 0 0
BinVal : 3 41 0 0 0
BinVal : 3 42 0 0 0
BinVal : 3 43 0 0 0
BinVal : 4 0 0 0 0
BinVal : 4 1 0 0 0
BinVal : 4 2 0 0 0
BinVal : 4 3 0 0 0
BinVal : 4 4 0 0 0
BinVal : 4 5 0 0 0
BinVal : 4 6 0 0 0
BinVal : 4 7 0 0 0
BinVal : 4 8 0 0 0
BinVal : 4 9 0 0 0
BinVal : 4 10 0 0 0
BinVal : 4 11 0 0 0
BinVal : 4 12 0.95 0.048734 0.048734
BinVal : 4 13 0.964286 0.0350707 0.0350707
BinVal : 4 14 0.961538 0.0377146 0.0377146
BinVal : 4 15 0.978261 0.0215015 0.0215015
BinVal : 4 16 0.953488 0.0321147 0.0321147
BinVal : 4 17 0.973684 0.0259672 0.0259672
BinVal : 4 18 0.938272 0.0267402 0.0267402
BinVal : 4 19 0.969697 0.0211003 0.0211003
BinVal : 4 20 0.9375 0.0349386 0.0349386
BinVal : 4 21 0.971014 0.0201966 0.0201966
BinVal : 4 22 0.986301 0.0136045 0.0136045
BinVal : 4 23 0.927273 0.0350164 0.0350164
BinVal : 4 24 0.916667 0.0398928 0.0398928
BinVal : 4 25 0.851852 0.048343 0.048343
BinVal : 4 26 0.962963 0.0363447 0.0363447
BinVal : 4 27 0.980769 0.019045 0.019045
BinVal : 4 28 1 0.0148902 0.0148902
BinVal : 4 29 0.969697 0.0298404 0.0298404
BinVal : 4 30 0.896552 0.0565523 0.0565523
BinVal : 4 31 1 0.0216126 0.0216126
BinVal : 4 32 0 0 0
BinVal : 4 33 0 0 0
BinVal : 4 34 0 0 0
BinVal : 4 35 0 0 0
BinVal : 4 36 0 0 0
BinVal : 4 37 0 0 0
BinVal : 4 38 0 0 0
BinVal : 4 39 0 0 0
BinVal : 4 40 0 0 0
BinVal : 4 41 0 0 0
BinVal : 4 42 0 0 0
BinVal : 4 43 0 0 0
BinVal : 5 0 0 0 0
BinVal : 5 1 0 0 0
BinVal : 5 2 0 0 0
BinVal : 5 3 0 0 0
BinVal : 5 4 0 0 0
BinVal : 5 5 0 0 0
BinVal : 5 6 0 0 0
BinVal : 5 7 0 0 0
BinVal : 5 8 0 0 0
BinVal : 5 9 0 0 0
BinVal : 5 10 0 0 0
BinVal : 5 11 1 0.0668855 0.0668855
BinVal : 5 12 0.958333 0.0407894 0.0407894
BinVal : 5 13 1 0.0152869 0.0152869
BinVal : 5 14 0.906977 0.0442955 0.0442955
BinVal : 5 15 1 0.0111375 0.0111375
BinVal : 5 16 1 0.0105252 0.0105252
BinVal : 5 17 0.97561 0.024091 0.024091
BinVal : 5 18 0.924528 0.0362839 0.0362839
BinVal : 5 19 1 0.0109258 0.0109258
BinVal : 5 20 0.966667 0.0231741 0.0231741
BinVal : 5 21 0.936709 0.0273943 0.0273943
BinVal : 5 22 1 0.00679159 0.00679159
BinVal : 5 23 0.951613 0.027252 0.027252
BinVal : 5 24 0.956522 0.030068 0.030068
BinVal : 5 25 0.810345 0.0514758 0.0514758
BinVal : 5 26 0.930233 0.0388497 0.0388497
BinVal : 5 27 1 0.00850058 0.00850058
BinVal : 5 28 0.97619 0.0235244 0.0235244
BinVal : 5 29 0.98 0.019799 0.019799
BinVal : 5 30 0.894737 0.0497845 0.0497845
BinVal : 5 31 0.928571 0.0486704 0.0486704
BinVal : 5 32 1 0.102643 0.102643
BinVal : 5 33 0 0 0
BinVal : 5 34 0 0 0
BinVal : 5 35 0 0 0
BinVal : 5 36 0 0 0
BinVal : 5 37 0 0 0
BinVal : 5 38 0 0 0
BinVal : 5 39 0 0 0
BinVal : 5 40 0 0 0
BinVal : 5 41 0 0 0
BinVal : 5 42 0 0 0
BinVal : 5 43 0 0 0
BinVal : 6 0 0 0 0
BinVal : 6 1 0 0 0
BinVal : 6 2 0 0 0
BinVal : 6 3 0 0 0
BinVal : 6 4 0 0 0
BinVal : 6 5 0 0 0
BinVal : 6 6 0 0 0
BinVal : 6 7 0 0 0
BinVal : 6 8 0 0 0
BinVal : 6 9 0 0 0
BinVal : 6 10 0 0 0
BinVal : 6 11 0.928571 0.0688303 0.0688303
BinVal : 6 12 1 0.039392 0.039392
BinVal : 6 13 0.96875 0.0307578 0.0307578
BinVal : 6 14 1 0.0216126 0.0216126
BinVal : 6 15 0.964286 0.0350707 0.0350707
BinVal : 6 16 0.923077 0.0522589 0.0522589
BinVal : 6 17 0.723404 0.0652476 0.0652476
BinVal : 6 18 0.9375 0.0427908 0.0427908
BinVal : 6 19 1 0.0243611 0.0243611
BinVal : 6 20 0.9375 0.0349386 0.0349386
BinVal : 6 21 1 0.0118251 0.0118251
BinVal : 6 22 1 0.00964212 0.00964212
BinVal : 6 23 1 0.0126033 0.0126033
BinVal : 6 24 0.972222 0.0273893 0.0273893
BinVal : 6 25 0.972222 0.0273893 0.0273893
BinVal : 6 26 0.93617 0.0356566 0.0356566
BinVal : 6 27 0.935484 0.0441237 0.0441237
BinVal : 6 28 1 0.0131822 0.0131822
BinVal : 6 29 1 0.0208287 0.0208287
BinVal : 6 30 0.909091 0.0612909 0.0612909
BinVal : 6 31 1 0.0233703 0.0233703
BinVal : 6 32 1 0.0756803 0.0756803
BinVal : 6 33 0 0 0
BinVal : 6 34 0 0 0
BinVal : 6 35 0 0 0
BinVal : 6 36 0 0 0
BinVal : 6 37 0 0 0
BinVal : 6 38 0 0 0
BinVal : 6 39 0 0 0
BinVal : 6 40 0 0 0
BinVal : 6 41 0 0 0
BinVal : 6 42 0 0 0
BinVal : 6 43 0 0 0
BinVal : 7 0 0 0 0
BinVal : 7 1 0 0 0
BinVal : 7 2 0 0 0
BinVal : 7 3 0 0 0
BinVal : 7 4 0 0 0
BinVal : 7 5 0 0 0
BinVal : 7 6 0 0 0
BinVal : 7 7 0 0 0
BinVal : 7 8 0 0 0
BinVal : 7 9 0 0 0
BinVal : 7 10 0 0 0
BinVal : 7 11 1 0.0756803 0.0756803
BinVal : 7 12 0.7 0.144914 0.144914
BinVal : 7 13 1 0.0368657 0.0368657
BinVal : 7 14 1 0.0326734 0.0326734
BinVal : 7 15 0.973684 0.0259672 0.0259672
BinVal : 7 16 0.857143 0.0763604 0.0763604
BinVal : 7 17 0.861111 0.0576384 0.0576384
BinVal : 7 18 0.857143 0.06613 0.06613
BinVal : 7 19 1 0.017632 0.017632
BinVal : 7 20 0.965517 0.033883 0.033883
BinVal : 7 21 1 0.0148902 0.0148902
BinVal : 7 22 1 0.0148902 0.0148902
BinVal : 7 23 0.958333 0.0407894 0.0407894
BinVal : 7 24 1 0.0224566 0.0224566
BinVal : 7 25 1 0.0224566 0.0224566
BinVal : 7 26 0.833333 0.0680414 0.0680414
BinVal : 7 27 1 0.0456491 0.0456491
BinVal : 7 28 1 0.0279117 0.0279117
BinVal : 7 29 0.9375 0.0605154 0.0605154
BinVal : 7 30 1 0.0309157 0.0309157
BinVal : 7 31 0.904762 0.0640564 0.0640564
BinVal : 7 32 1 0.0756803 0.0756803
BinVal : 7 33 0 0 0
BinVal : 7 34 0 0 0
BinVal : 7 35 0 0 0
BinVal : 7 36 0 0 0
BinVal : 7 37 0 0 0
BinVal : 7 38 0 0 0
BinVal : 7 39 0 0 0
BinVal : 7 40 0 0 0
BinVal : 7 41 0 0 0
BinVal : 7 42 0 0 0
BinVal : 7 43 0 0 0
BinVal : 8 0 0 0 0
BinVal : 8 1 0 0 0
BinVal : 8 2 0 0 0
BinVal : 8 3 0 0 0
BinVal : 8 4 0 0 0
BinVal : 8 5 0 0 0
BinVal : 8 6 0 0 0
BinVal : 8 7 0 0 0
BinVal : 8 8 0 0 0
BinVal : 8 9 0 0 0
BinVal : 8 10 0 0 0
BinVal : 8 11 1 0.159077 0.159077
BinVal : 8 12 1 0.0495858 0.0495858
BinVal : 8 13 1 0.0346427 0.0346427
BinVal : 8 14 1 0.0254407 0.0254407
BinVal : 8 15 0.961538 0.0377146 0.0377146
BinVal : 8 16 1 0.0309157 0.0309157
BinVal : 8 17 0.8 0.0730297 0.0730297
BinVal : 8 18 1 0.0266185 0.0266185
BinVal : 8 19 1 0.0254407 0.0254407
BinVal : 8 20 1 0.018786 0.018786
BinVal : 8 21 1 0.0157046 0.0157046
BinVal : 8 22 0.903226 0.0531003 0.0531003
BinVal : 8 23 1 0.017632 0.017632
BinVal : 8 24 1 0.0254407 0.0254407
BinVal : 8 25 0.888889 0.0740741 0.0740741
BinVal : 8 26 0.741935 0.0785898 0.0785898
BinVal : 8 27 1 0.0668855 0.0668855
BinVal : 8 28 1 0.0208287 0.0208287
BinVal : 8 29 1 0.0346427 0.0346427
BinVal : 8 30 1 0.0293374 0.0293374
BinVal : 8 31 1 0.0456491 0.0456491
BinVal : 8 32 1 0.0871301 0.0871301
BinVal : 8 33 0 0 0
BinVal : 8 34 0 0 0
BinVal : 8 35 0 0 0
BinVal : 8 36 0 0 0
BinVal : 8 37 0 0 0
BinVal : 8 38 0 0 0
BinVal : 8 39 0 0 0
BinVal : 8 40 0 0 0
BinVal : 8 41 0 0 0
BinVal : 8 42 0 0 0
BinVal : 8 43 0 0 0
BinVal : 9 0 0 0 0
BinVal : 9 1 0 0 0
BinVal : 9 2 0 0 0
BinVal : 9 3 0 0 0
BinVal : 9 4 0 0 0
BinVal : 9 5 0 0 0
BinVal : 9 6 0 0 0
BinVal : 9 7 0 0 0
BinVal : 9 8 0 0 0
BinVal : 9 9 0 0 0
BinVal : 9 10 0 0 0
BinVal : 9 11 0.75 0.216506 0.216506
BinVal : 9 12 1 0.0309157 0.0309157
BinVal : 9 13 1 0.0208287 0.0208287
BinVal : 9 14 0.884615 0.0626563 0.0626563
BinVal : 9 15 0.967742 0.0317335 0.0317335
BinVal : 9 16 0.888889 0.0740741 0.0740741
BinVal : 9 17 0.860465 0.0528413 0.0528413
BinVal : 9 18 0.870968 0.0602101 0.0602101
BinVal : 9 19 1 0.0194201 0.0194201
BinVal : 9 20 0.970588 0.028976 0.028976
BinVal : 9 21 0.926829 0.0406702 0.0406702
BinVal : 9 22 0.971429 0.0281603 0.0281603
BinVal : 9 23 0.96875 0.0307578 0.0307578
BinVal : 9 24 0.942857 0.0392347 0.0392347
BinVal : 9 25 0.96875 0.0307578 0.0307578
BinVal : 9 26 0.914286 0.0473188 0.0473188
BinVal : 9 27 1 0.0216126 0.0216126
BinVal : 9 28 0.970588 0.028976 0.028976
BinVal : 9 29 1 0.0224566 0.0224566
BinVal : 9 30 0.964286 0.0350707 0.0350707
BinVal : 9 31 1 0.0422902 0.0422902
BinVal : 9 32 1 0.0756803 0.0756803
BinVal : 9 33 0 0 0
BinVal : 9 34 0 0 0
BinVal : 9 35 0 0 0
BinVal : 9 36 0 0 0
BinVal : 9 37 0 0 0
BinVal : 9 38 0 0 0
BinVal : 9 39 0 0 0
BinVal : 9 40 0 0 0
BinVal : 9 41 0 0 0
BinVal : 9 42 0 0 0
BinVal : 9 43 0 0 0
BinVal : 10 0 0 0 0
BinVal : 10 1 0 0 0
BinVal : 10 2 0 0 0
BinVal : 10 3 0 0 0
BinVal : 10 4 0 0 0
BinVal : 10 5 0 0 0
BinVal : 10 6 0 0 0
BinVal : 10 7 0 0 0
BinVal : 10 8 0 0 0
BinVal : 10 9 0 0 0
BinVal : 10 10 0 0 0
BinVal : 10 11 1 0.159077 0.159077
BinVal : 10 12 1 0.0254407 0.0254407
BinVal : 10 13 0.95 0.0344601 0.0344601
BinVal : 10 14 0.964912 0.0243716 0.0243716
BinVal : 10 15 0.960784 0.0271805 0.0271805
BinVal : 10 16 0.979167 0.0206152 0.0206152
BinVal : 10 17 0.928571 0.0397392 0.0397392
BinVal : 10 18 0.924528 0.0362839 0.0362839
BinVal : 10 19 1 0.00932837 0.00932837
BinVal : 10 20 0.980392 0.0194147 0.0194147
BinVal : 10 21 1 0.0126033 0.0126033
BinVal : 10 22 1 0.0103354 0.0103354
BinVal : 10 23 0.942857 0.0392347 0.0392347
BinVal : 10 24 0.981132 0.0186891 0.0186891
BinVal : 10 25 0.882353 0.0390712 0.0390712
BinVal : 10 26 0.921053 0.0437441 0.0437441
BinVal : 10 27 1 0.0105252 0.0105252
BinVal : 10 28 0.97561 0.024091 0.024091
BinVal : 10 29 1 0.0148902 0.0148902
BinVal : 10 30 0.972973 0.0266593 0.0266593
BinVal : 10 31 0.962963 0.0363447 0.0363447
BinVal : 10 32 1 0.0871301 0.0871301
BinVal : 10 33 0 0 0
BinVal : 10 34 0 0 0
BinVal : 10 35 0 0 0
BinVal : 10 36 0 0 0
BinVal : 10 37 0 0 0
BinVal : 10 38 0 0 0
BinVal : 10 39 0 0 0
BinVal : 10 40 0 0 0
BinVal : 10 41 0 0 0
BinVal : 10 42 0 0 0
BinVal : 10 43 0 0 0
BinVal : 11 0 0 0 0
BinVal : 11 1 0 0 0
BinVal : 11 2 0 0 0
BinVal : 11 3 0 0 0
BinVal : 11 4 0 0 0
BinVal : 11 5 0 0 0
BinVal : 11 6 0 0 0
BinVal : 11 7 0 0 0
BinVal : 11 8 0 0 0
BinVal : 11 9 0 0 0
BinVal : 11 10 0 0 0
BinVal : 11 11 0 0 0
BinVal : 11 12 1 0.0326734 0.0326734
BinVal : 11 13 1 0.0194201 0.0194201
BinVal : 11 14 0.925 0.0416458 0.0416458
BinVal : 11 15 1 0.0138164 0.0138164
BinVal : 11 16 1 0.0126033 0.0126033
BinVal : 11 17 0.939394 0.041536 0.041536
BinVal : 11 18 0.920635 0.0340556 0.0340556
BinVal : 11 19 0.914894 0.0407022 0.0407022
BinVal : 11 20 1 0.0123324 0.0123324
BinVal : 11 21 1 0.00903559 0.00903559
BinVal : 11 22 0.985714 0.0141833 0.0141833
BinVal : 11 23 0.98 0.019799 0.019799
BinVal : 11 24 0.92 0.0383667 0.0383667
BinVal : 11 25 0.9 0.0387298 0.0387298
BinVal : 11 26 1 0.0148902 0.0148902
BinVal : 11 27 1 0.0118251 0.0118251
BinVal : 11 28 1 0.0131822 0.0131822
BinVal : 11 29 1 0.0131822 0.0131822
BinVal : 11 30 1 0.0224566 0.0224566
BinVal : 11 31 1 0.0346427 0.0346427
BinVal : 11 32 0 0 0
BinVal : 11 33 0 0 0
BinVal : 11 34 0 0 0
BinVal : 11 35 0 0 0
BinVal : 11 36 0 0 0
BinVal : 11 37 0 0 0
BinVal : 11 38 0 0 0
BinVal : 11 39 0 0 0
BinVal : 11 40 0 0 0
BinVal : 11 41 0 0 0
BinVal : 11 42 0 0 0
BinVal : 11 43 0 0 0
BinVal : 12 0 0 0 0
BinVal : 12 1 0 0 0
BinVal : 12 2 0 0 0
BinVal : 12 3 0 0 0
BinVal : 12 4 0 0 0
BinVal : 12 5 0 0 0
BinVal : 12 6 0 0 0
BinVal : 12 7 0 0 0
BinVal : 12 8 0 0 0
BinVal : 12 9 0 0 0
BinVal : 12 10 0 0 0
BinVal : 12 11 0 0 0
BinVal : 12 12 1 0.0309157 0.0309157
BinVal : 12 13 1 0.0346427 0.0346427
BinVal : 12 14 1 0.0201001 0.0201001
BinVal : 12 15 0.965517 0.0239589 0.0239589
BinVal : 12 16 0.982143 0.017697 0.017697
BinVal : 12 17 0.93617 0.0356566 0.0356566
BinVal : 12 18 0.925926 0.0356389 0.0356389
BinVal : 12 19 0.976744 0.0229838 0.0229838
BinVal : 12 20 0.94 0.0335857 0.0335857
BinVal : 12 21 0.897959 0.0432431 0.0432431
BinVal : 12 22 0.980392 0.0194147 0.0194147
BinVal : 12 23 0.785714 0.0633147 0.0633147
BinVal : 12 24 0.951219 0.0336412 0.0336412
BinVal : 12 25 0.920635 0.0340556 0.0340556
BinVal : 12 26 1 0.0166125 0.0166125
BinVal : 12 27 1 0.00997686 0.00997686
BinVal : 12 28 1 0.0109258 0.0109258
BinVal : 12 29 1 0.012074 0.012074
BinVal : 12 30 1 0.017632 0.017632
BinVal : 12 31 1 0.0368657 0.0368657
BinVal : 12 32 0 0 0
BinVal : 12 33 0 0 0
BinVal : 12 34 0 0 0
BinVal : 12 35 0 0 0
BinVal : 12 36 0 0 0
BinVal : 12 37 0 0 0
BinVal : 12 38 0 0 0
BinVal : 12 39 0 0 0
BinVal : 12 40 0 0 0
BinVal : 12 41 0 0 0
BinVal : 12 42 0 0 0
BinVal : 12 43 0 0 0
BinVal : 13 0 0 0 0
BinVal : 13 1 0 0 0
BinVal : 13 2 0 0 0
BinVal : 13 3 0 0 0
BinVal : 13 4 0 0 0
BinVal : 13 5 0 0 0
BinVal : 13 6 0 0 0
BinVal : 13 7 0 0 0
BinVal : 13 8 0 0 0
BinVal : 13 9 0 0 0
BinVal : 13 10 0 0 0
BinVal : 13 11 1 0.0756803 0.0756803
BinVal : 13 12 0.970588 0.028976 0.028976
BinVal : 13 13 0.930233 0.0388497 0.0388497
BinVal : 13 14 0.983607 0.0162585 0.0162585
BinVal : 13 15 0.982456 0.0173893 0.0173893
BinVal : 13 16 1 0.00780725 0.00780725
BinVal : 13 17 0.851852 0.048343 0.048343
BinVal : 13 18 0.968254 0.0220886 0.0220886
BinVal : 13 19 0.986842 0.013071 0.013071
BinVal : 13 20 0.931035 0.0271668 0.0271668
BinVal : 13 21 1 0.00875998 0.00875998
BinVal : 13 22 0.973333 0.0186031 0.0186031
BinVal : 13 23 0.92 0.0313262 0.0313262
BinVal : 13 24 0.955224 0.0252661 0.0252661
BinVal : 13 25 0.878378 0.0379953 0.0379953
BinVal : 13 26 0.8 0.0478091 0.0478091
BinVal : 13 27 0.964286 0.0247988 0.0247988
BinVal : 13 28 0.986842 0.013071 0.013071
BinVal : 13 29 0.977778 0.0219739 0.0219739
BinVal : 13 30 1 0.0131822 0.0131822
BinVal : 13 31 1 0.0224566 0.0224566
BinVal : 13 32 1 0.159077 0.159077
BinVal : 13 33 0 0 0
BinVal : 13 34 0 0 0
BinVal : 13 35 0 0 0
BinVal : 13 36 0 0 0
BinVal : 13 37 0 0 0
BinVal : 13 38 0 0 0
BinVal : 13 39 0 0 0
BinVal : 13 40 0 0 0
BinVal : 13 41 0 0 0
BinVal : 13 42 0 0 0
BinVal : 13 43 0 0 0
BinVal : 14 0 0 0 0
BinVal : 14 1 0 0 0
BinVal : 14 2 0 0 0
BinVal : 14 3 0 0 0
BinVal : 14 4 0 0 0
BinVal : 14 5 0 0 0
BinVal : 14 6 0 0 0
BinVal : 14 7 0 0 0
BinVal : 14 8 0 0 0
BinVal : 14 9 0 0 0
BinVal : 14 10 0 0 0
BinVal : 14 11 1 0.0368657 0.0368657
BinVal : 14 12 0.975 0.0246855 0.0246855
BinVal : 14 13 0.984127 0.0157465 0.0157465
BinVal : 14 14 0.967213 0.0228006 0.0228006
BinVal : 14 15 0.962963 0.0209836 0.0209836
BinVal : 14 16 0.880597 0.0396149 0.0396149
BinVal : 14 17 0.848101 0.040382 0.040382
BinVal : 14 18 0.903614 0.0323935 0.0323935
BinVal : 14 19 1 0.0083766 0.0083766
BinVal : 14 20 0.980392 0.0137282 0.0137282
BinVal : 14 21 0.951219 0.0237879 0.0237879
BinVal : 14 22 0.9625 0.0212408 0.0212408
BinVal : 14 23 0.861702 0.0356059 0.0356059
BinVal : 14 24 0.953125 0.0264214 0.0264214
BinVal : 14 25 0.901235 0.0331496 0.0331496
BinVal : 14 26 0.828947 0.0431938 0.0431938
BinVal : 14 27 0.921875 0.033546 0.033546
BinVal : 14 28 0.989362 0.0105816 0.0105816
BinVal : 14 29 0.986667 0.0132441 0.0132441
BinVal : 14 30 0.941176 0.0329478 0.0329478
BinVal : 14 31 0.952381 0.0328603 0.0328603
BinVal : 14 32 1 0.0456491 0.0456491
BinVal : 14 33 0 0 0
BinVal : 14 34 0 0 0
BinVal : 14 35 0 0 0
BinVal : 14 36 0 0 0
BinVal : 14 37 0 0 0
BinVal : 14 38 0 0 0
BinVal : 14 39 0 0 0
BinVal : 14 40 0 0 0
BinVal : 14 41 0 0 0
BinVal : 14 42 0 0 0
BinVal : 14 43 0 0 0
BinVal : 15 0 0 0 0
BinVal : 15 1 0 0 0
BinVal : 15 2 0 0 0
BinVal : 15 3 0 0 0
BinVal : 15 4 0 0 0
BinVal : 15 5 0 0 0
BinVal : 15 6 0 0 0
BinVal : 15 7 0 0 0
BinVal : 15 8 0 0 0
BinVal : 15 9 0 0 0
BinVal : 15 10 0 0 0
BinVal : 15 11 0.8 0.178885 0.178885
BinVal : 15 12 1 0.018786 0.018786
BinVal : 15 13 0.951219 0.0336412 0.0336412
BinVal : 15 14 1 0.0126033 0.0126033
BinVal : 15 15 1 0.00875998 0.00875998
BinVal : 15 16 0.910714 0.0381055 0.0381055
BinVal : 15 17 0.803279 0.0508972 0.0508972
BinVal : 15 18 0.954545 0.0314022 0.0314022
BinVal : 15 19 0.945946 0.0262864 0.0262864
BinVal : 15 20 0.896907 0.0308746 0.0308746
BinVal : 15 21 0.925373 0.0321047 0.0321047
BinVal : 15 22 0.947368 0.0209137 0.0209137
BinVal : 15 23 0.855556 0.0370556 0.0370556
BinVal : 15 24 0.930556 0.0299587 0.0299587
BinVal : 15 25 0.884615 0.0443047 0.0443047
BinVal : 15 26 0.793103 0.0434292 0.0434292
BinVal : 15 27 0.941176 0.0403526 0.0403526
BinVal : 15 28 0.986842 0.013071 0.013071
BinVal : 15 29 0.982456 0.0173893 0.0173893
BinVal : 15 30 0.941176 0.0329478 0.0329478
BinVal : 15 31 0.975 0.0246855 0.0246855
BinVal : 15 32 1 0.0309157 0.0309157
BinVal : 15 33 0 0 0
BinVal : 15 34 0 0 0
BinVal : 15 35 0 0 0
BinVal : 15 36 0 0 0
BinVal : 15 37 0 0 0
BinVal : 15 38 0 0 0
BinVal : 15 39 0 0 0
BinVal : 15 40 0 0 0
BinVal : 15 41 0 0 0
BinVal : 15 42 0 0 0
BinVal : 15 43 0 0 0
BinVal : 16 0 0 0 0
BinVal : 16 1 0 0 0
BinVal : 16 2 0 0 0
BinVal : 16 3 0 0 0
BinVal : 16 4 0 0 0
BinVal : 16 5 0 0 0
BinVal : 16 6 0 0 0
BinVal : 16 7 0 0 0
BinVal : 16 8 0 0 0
BinVal : 16 9 0 0 0
BinVal : 16 10 0 0 0
BinVal : 16 11 1 0.0309157 0.0309157
BinVal : 16 12 0.941176 0.0570672 0.0570672
BinVal : 16 13 0.931818 0.0379991 0.0379991
BinVal : 16 14 0.983333 0.0165272 0.0165272
BinVal : 16 15 0.983051 0.0168049 0.0168049
BinVal : 16 16 0.963636 0.0252411 0.0252411
BinVal : 16 17 0.777778 0.0489954 0.0489954
BinVal : 16 18 0.826087 0.0456304 0.0456304
BinVal : 16 19 0.958333 0.0235498 0.0235498
BinVal : 16 20 0.933333 0.0262937 0.0262937
BinVal : 16 21 0.954023 0.0224538 0.0224538
BinVal : 16 22 0.981481 0.0129728 0.0129728
BinVal : 16 23 0.860215 0.0359577 0.0359577
BinVal : 16 24 0.9 0.0387298 0.0387298
BinVal : 16 25 0.930556 0.0299587 0.0299587
BinVal : 16 26 0.636364 0.0512796 0.0512796
BinVal : 16 27 0.982143 0.017697 0.017697
BinVal : 16 28 1 0.00825644 0.00825644
BinVal : 16 29 0.981481 0.0183463 0.0183463
BinVal : 16 30 0.979167 0.0206152 0.0206152
BinVal : 16 31 0.974359 0.0253102 0.0253102
BinVal : 16 32 1 0.0422902 0.0422902
BinVal : 16 33 0 0 0
BinVal : 16 34 0 0 0
BinVal : 16 35 0 0 0
BinVal : 16 36 0 0 0
BinVal : 16 37 0 0 0
BinVal : 16 38 0 0 0
BinVal : 16 39 0 0 0
BinVal : 16 40 0 0 0
BinVal : 16 41 0 0 0
BinVal : 16 42 0 0 0
BinVal : 16 43 0 0 0
BinVal : 17 0 0 0 0
BinVal : 17 1 0 0 0
BinVal : 17 2 0 0 0
BinVal : 17 3 0 0 0
BinVal : 17 4 0 0 0
BinVal : 17 5 0 0 0
BinVal : 17 6 0 0 0
BinVal : 17 7 0 0 0
BinVal : 17 8 0 0 0
BinVal : 17 9 0 0 0
BinVal : 17 10 0 0 0
BinVal : 17 11 1 0.0326734 0.0326734
BinVal : 17 12 0.953488 0.0321147 0.0321147
BinVal : 17 13 0.983871 0.0159984 0.0159984
BinVal : 17 14 0.985714 0.0141833 0.0141833
BinVal : 17 15 1 0.00571108 0.00571108
BinVal : 17 16 0.945946 0.0262864 0.0262864
BinVal : 17 17 0.905882 0.031671 0.031671
BinVal : 17 18 0.922078 0.030547 0.030547
BinVal : 17 19 0.988235 0.0116953 0.0116953
BinVal : 17 20 0.968 0.0157419 0.0157419
BinVal : 17 21 0.981132 0.0132152 0.0132152
BinVal : 17 22 0.983871 0.0113126 0.0113126
BinVal : 17 23 0.981982 0.0126254 0.0126254
BinVal : 17 24 0.974684 0.0176734 0.0176734
BinVal : 17 25 0.882353 0.0451156 0.0451156
BinVal : 17 26 0.770833 0.0428964 0.0428964
BinVal : 17 27 0.986301 0.0136045 0.0136045
BinVal : 17 28 1 0.00648546 0.00648546
BinVal : 17 29 0.988235 0.0116953 0.0116953
BinVal : 17 30 0.971429 0.0199123 0.0199123
BinVal : 17 31 0.966102 0.02356 0.02356
BinVal : 17 32 0.956522 0.0425226 0.0425226
BinVal : 17 33 0 0 0
BinVal : 17 34 0 0 0
BinVal : 17 35 0 0 0
BinVal : 17 36 0 0 0
BinVal : 17 37 0 0 0
BinVal : 17 38 0 0 0
BinVal : 17 39 0 0 0
BinVal : 17 40 0 0 0
BinVal : 17 41 0 0 0
BinVal : 17 42 0 0 0
BinVal : 17 43 0 0 0
BinVal : 18 0 0 0 0
BinVal : 18 1 0 0 0
BinVal : 18 2 0 0 0
BinVal : 18 3 0 0 0
BinVal : 18 4 0 0 0
BinVal : 18 5 0 0 0
BinVal : 18 6 0 0 0
BinVal : 18 7 0 0 0
BinVal : 18 8 0 0 0
BinVal : 18 9 0 0 0
BinVal : 18 10 0 0 0
BinVal : 18 11 1 0.0599198 0.0599198
BinVal : 18 12 0.980392 0.0194147 0.0194147
BinVal : 18 13 0.978723 0.021049 0.021049
BinVal : 18 14 0.989474 0.0104708 0.0104708
BinVal : 18 15 1 0.00634241 0.00634241
BinVal : 18 16 0.967213 0.0228006 0.0228006
BinVal : 18 17 0.940298 0.028946 0.028946
BinVal : 18 18 0.884615 0.0361746 0.0361746
BinVal : 18 19 0.972222 0.0193671 0.0193671
BinVal : 18 20 0.981982 0.0126254 0.0126254
BinVal : 18 21 0.9375 0.0247053 0.0247053
BinVal : 18 22 0.945455 0.0216523 0.0216523
BinVal : 18 23 0.95 0.0217945 0.0217945
BinVal : 18 24 0.977778 0.0155379 0.0155379
BinVal : 18 25 0.891892 0.0360969 0.0360969
BinVal : 18 26 0.876923 0.0407486 0.0407486
BinVal : 18 27 1 0.00671244 0.00671244
BinVal : 18 28 0.986842 0.013071 0.013071
BinVal : 18 29 1 0.00780725 0.00780725
BinVal : 18 30 1 0.00862837 0.00862837
BinVal : 18 31 1 0.0103354 0.0103354
BinVal : 18 32 1 0.0599198 0.0599198
BinVal : 18 33 0 0 0
BinVal : 18 34 0 0 0
BinVal : 18 35 0 0 0
BinVal : 18 36 0 0 0
BinVal : 18 37 0 0 0
BinVal : 18 38 0 0 0
BinVal : 18 39 0 0 0
BinVal : 18 40 0 0 0
BinVal : 18 41 0 0 0
BinVal : 18 42 0 0 0
BinVal : 18 43 0 0 0
BinVal : 19 0 0 0 0
BinVal : 19 1 0 0 0
BinVal : 19 2 0 0 0
BinVal : 19 3 0 0 0
BinVal : 19 4 0 0 0
BinVal : 19 5 0 0 0
BinVal : 19 6 0 0 0
BinVal : 19 7 0 0 0
BinVal : 19 8 0 0 0
BinVal : 19 9 0 0 0
BinVal : 19 10 0 0 0
BinVal : 19 11 0 0 0
BinVal : 19 12 0.904762 0.0640564 0.0640564
BinVal : 19 13 0.973684 0.0259672 0.0259672
BinVal : 19 14 0.963636 0.0252411 0.0252411
BinVal : 19 15 1 0.0113578 0.0113578
BinVal : 19 16 0.966667 0.0231741 0.0231741
BinVal : 19 17 0.913043 0.0415449 0.0415449
BinVal : 19 18 0.756098 0.0670664 0.0670664
BinVal : 19 19 0.901235 0.0331496 0.0331496
BinVal : 19 20 0.916667 0.0460642 0.0460642
BinVal : 19 21 0.953125 0.0264214 0.0264214
BinVal : 19 22 0.921053 0.0309317 0.0309317
BinVal : 19 23 0.866667 0.0438854 0.0438854
BinVal : 19 24 0.962963 0.0256996 0.0256996
BinVal : 19 25 0.777778 0.0619748 0.0619748
BinVal : 19 26 0.947368 0.0295764 0.0295764
BinVal : 19 27 1 0.00980616 0.00980616
BinVal : 19 28 1 0.0101533 0.0101533
BinVal : 19 29 0.971429 0.0281603 0.0281603
BinVal : 19 30 0.96875 0.0307578 0.0307578
BinVal : 19 31 1 0.0279117 0.0279117
BinVal : 19 32 0 0 0
BinVal : 19 33 0 0 0
BinVal : 19 34 0 0 0
BinVal : 19 35 0 0 0
BinVal : 19 36 0 0 0
BinVal : 19 37 0 0 0
BinVal : 19 38 0 0 0
BinVal : 19 39 0 0 0
BinVal : 19 40 0 0 0
BinVal : 19 41 0 0 0
BinVal : 19 42 0 0 0
BinVal : 19 43 0 0 0
BinVal : 20 0 0 0 0
BinVal : 20 1 0 0 0
BinVal : 20 2 0 0 0
BinVal : 20 3 0 0 0
BinVal : 20 4 0 0 0
BinVal : 20 5 0 0 0
BinVal : 20 6 0 0 0
BinVal : 20 7 0 0 0
BinVal : 20 8 0 0 0
BinVal : 20 9 0 0 0
BinVal : 20 10 0 0 0
BinVal : 20 11 0 0 0
BinVal : 20 12 0.944444 0.0539903 0.0539903
BinVal : 20 13 0.97619 0.0235244 0.0235244
BinVal : 20 14 0.964912 0.0243716 0.0243716
BinVal : 20 15 1 0.00850058 0.00850058
BinVal : 20 16 0.925926 0.050401 0.050401
BinVal : 20 17 0.772727 0.0893461 0.0893461
BinVal : 20 18 0.473684 0.114549 0.114549
BinVal : 20 19 0.8 0.053936 0.053936
BinVal : 20 20 0.885417 0.0325087 0.0325087
BinVal : 20 21 0.9 0.0316228 0.0316228
BinVal : 20 22 0.885057 0.0341953 0.0341953
BinVal : 20 23 0.957447 0.020819 0.020819
BinVal : 20 24 0.709091 0.0612418 0.0612418
BinVal : 20 25 0.588235 0.119365 0.119365
BinVal : 20 26 0.727273 0.0949515 0.0949515
BinVal : 20 27 0.88 0.0649923 0.0649923
BinVal : 20 28 0.98 0.019799 0.019799
BinVal : 20 29 0.976744 0.0229838 0.0229838
BinVal : 20 30 0.975 0.0246855 0.0246855
BinVal : 20 31 1 0.0201001 0.0201001
BinVal : 20 32 0 0 0
BinVal : 20 33 0 0 0
BinVal : 20 34 0 0 0
BinVal : 20 35 0 0 0
BinVal : 20 36 0 0 0
BinVal : 20 37 0 0 0
BinVal : 20 38 0 0 0
BinVal : 20 39 0 0 0
BinVal : 20 40 0 0 0
BinVal : 20 41 0 0 0
BinVal : 20 42 0 0 0
BinVal : 20 43 0 0 0
BinVal : 21 0 0 0 0
BinVal : 21 1 0 0 0
BinVal : 21 2 0 0 0
BinVal : 21 3 0 0 0
BinVal : 21 4 0 0 0
BinVal : 21 5 0 0 0
BinVal : 21 6 0 0 0
BinVal : 21 7 0 0 0
BinVal : 21 8 0 0 0
BinVal : 21 9 0 0 0
BinVal : 21 10 0 0 0
BinVal : 21 11 1 0.0871301 0.0871301
BinVal : 21 12 0.935484 0.0441237 0.0441237
BinVal : 21 13 0.953488 0.0321147 0.0321147
BinVal : 21 14 0.957747 0.0238741 0.0238741
BinVal : 21 15 0.983051 0.0168049 0.0168049
BinVal : 21 16 0.655172 0.0882632 0.0882632
BinVal : 21 17 0.730337 0.0470411 0.0470411
BinVal : 21 18 0.652174 0.0702237 0.0702237
BinVal : 21 19 0.911111 0.0299977 0.0299977
BinVal : 21 20 0.92381 0.0258909 0.0258909
BinVal : 21 21 0.945946 0.0214628 0.0214628
BinVal : 21 22 0.944954 0.0218451 0.0218451
BinVal : 21 23 0.88 0.0324962 0.0324962
BinVal : 21 24 0.717172 0.0452643 0.0452643
BinVal : 21 25 0.7 0.0724569 0.0724569
BinVal : 21 26 0.709302 0.0489652 0.0489652
BinVal : 21 27 0.956522 0.0425226 0.0425226
BinVal : 21 28 0.933333 0.0288033 0.0288033
BinVal : 21 29 1 0.00695658 0.00695658
BinVal : 21 30 0.983333 0.0165272 0.0165272
BinVal : 21 31 0.913043 0.0415449 0.0415449
BinVal : 21 32 1 0.0756803 0.0756803
BinVal : 21 33 0 0 0
BinVal : 21 34 0 0 0
BinVal : 21 35 0 0 0
BinVal : 21 36 0 0 0
BinVal : 21 37 0 0 0
BinVal : 21 38 0 0 0
BinVal : 21 39 0 0 0
BinVal : 21 40 0 0 0
BinVal : 21 41 0 0 0
BinVal : 21 42 0 0 0
BinVal : 21 43 0 0 0
BinVal : 22 0 0 0 0
BinVal : 22 1 0 0 0
BinVal : 22 2 0 0 0
BinVal : 22 3 0 0 0
BinVal : 22 4 0 0 0
BinVal : 22 5 0 0 0
BinVal : 22 6 0 0 0
BinVal : 22 7 0 0 0
BinVal : 22 8 0 0 0
BinVal : 22 9 0 0 0
BinVal : 22 10 0 0 0
BinVal : 22 11 1 0.0368657 0.0368657
BinVal : 22 12 0.93617 0.0356566 0.0356566
BinVal : 22 13 0.983051 0.0168049 0.0168049
BinVal : 22 14 0.961039 0.0220516 0.0220516
BinVal : 22 15 0.883721 0.0488848 0.0488848
BinVal : 22 16 0.5 0.353553 0.353553
BinVal : 22 17 0 0 0
BinVal : 22 18 0 0 0
BinVal : 22 19 1 0.218486 0.218486
BinVal : 22 20 0.5 0.353553 0.353553
BinVal : 22 21 1 0.159077 0.159077
BinVal : 22 22 0.75 0.216506 0.216506
BinVal : 22 23 1 0.218486 0.218486
BinVal : 22 24 1 0.218486 0.218486
BinVal : 22 25 1 0.218486 0.218486
BinVal : 22 26 0 0 0
BinVal : 22 27 0.75 0.216506 0.216506
BinVal : 22 28 0.97619 0.0235244 0.0235244
BinVal : 22 29 0.984615 0.0152658 0.0152658
BinVal : 22 30 0.909091 0.0387638 0.0387638
BinVal : 22 31 0.972222 0.0273893 0.0273893
BinVal : 22 32 1 0.0216126 0.0216126
BinVal : 22 33 0 0 0
BinVal : 22 34 0 0 0
BinVal : 22 35 0 0 0
BinVal : 22 36 0 0 0
BinVal : 22 37 0 0 0
BinVal : 22 38 0 0 0
BinVal : 22 39 0 0 0
BinVal : 22 40 0 0 0
BinVal : 22 41 0 0 0
BinVal : 22 42 0 0 0
BinVal : 22 43 0 0 0
BinVal : 23 0 0 0 0
BinVal : 23 1 0 0 0
BinVal : 23 2 0 0 0
BinVal : 23 3 0 0 0
BinVal : 23 4 0 0 0
BinVal : 23 5 0 0 0
BinVal : 23 6 0 0 0
BinVal : 23 7 0 0 0
BinVal : 23 8 0 0 0
BinVal : 23 9 0 0 0
BinVal : 23 10 0 0 0
BinVal : 23 11 0.933333 0.0644061 0.0644061
BinVal : 23 12 1 0.0152869 0.0152869
BinVal : 23 13 1 0.0134912 0.0134912
BinVal : 23 14 0.953125 0.0264214 0.0264214
BinVal : 23 15 0.925926 0.050401 0.050401
BinVal : 23 16 0 0 0
BinVal : 23 17 0 0 0
BinVal : 23 18 0 0 0
BinVal : 23 19 0 0 0
BinVal : 23 20 0.785714 0.0775443 0.0775443
BinVal : 23 21 0.9 0.0547723 0.0547723
BinVal : 23 22 0.844444 0.0540284 0.0540284
BinVal : 23 23 0.863636 0.073165 0.073165
BinVal : 23 24 0 0 0
BinVal : 23 25 0 0 0
BinVal : 23 26 0 0 0
BinVal : 23 27 0 0 0
BinVal : 23 28 0.969697 0.0298404 0.0298404
BinVal : 23 29 0.982143 0.017697 0.017697
BinVal : 23 30 0.974359 0.0253102 0.0253102
BinVal : 23 31 1 0.0224566 0.0224566
BinVal : 23 32 0.9375 0.0605154 0.0605154
BinVal : 23 33 0 0 0
BinVal : 23 34 0 0 0
BinVal : 23 35 0 0 0
BinVal : 23 36 0 0 0
BinVal : 23 37 0 0 0
BinVal : 23 38 0 0 0
BinVal : 23 39 0 0 0
BinVal : 23 40 0 0 0
BinVal : 23 41 0 0 0
BinVal : 23 42 0 0 0
BinVal : 23 43 0 0 0
BinVal : 24 0 0 0 0
BinVal : 24 1 0 0 0
BinVal : 24 2 0 0 0
BinVal : 24 3 0 0 0
BinVal : 24 4 0 0 0
BinVal : 24 5 0 0 0
BinVal : 24 6 0 0 0
BinVal : 24 7 0 0 0
BinVal : 24 8 0 0 0
BinVal : 24 9 0 0 0
BinVal : 24 10 0 0 0
BinVal : 24 11 1 0.0368657 0.0368657
BinVal : 24 12 0.952381 0.0464714 0.0464714
BinVal : 24 13 0.926829 0.0406702 0.0406702
BinVal : 24 14 1 0.0123324 0.0123324
BinVal : 24 15 1 0.0201001 0.0201001
BinVal : 24 16 1 0.218486 0.218486
BinVal : 24 17 0 0 0
BinVal : 24 18 0 0 0
BinVal : 24 19 0 0 0
BinVal : 24 20 0.93617 0.0356566 0.0356566
BinVal : 24 21 0.895833 0.0440918 0.0440918
BinVal : 24 22 0.835821 0.0452562 0.0452562
BinVal : 24 23 0.763158 0.0689676 0.0689676
BinVal : 24 24 0 0 0
BinVal : 24 25 0 0 0
BinVal : 24 26 0 0 0
BinVal : 24 27 0 0 0
BinVal : 24 28 0.958333 0.0407894 0.0407894
BinVal : 24 29 0.966667 0.0231741 0.0231741
BinVal : 24 30 1 0.0161462 0.0161462
BinVal : 24 31 0.921053 0.0437441 0.0437441
BinVal : 24 32 1 0.039392 0.039392
BinVal : 24 33 0 0 0
BinVal : 24 34 0 0 0
BinVal : 24 35 0 0 0
BinVal : 24 36 0 0 0
BinVal : 24 37 0 0 0
BinVal : 24 38 0 0 0
BinVal : 24 39 0 0 0
BinVal : 24 40 0 0 0
BinVal : 24 41 0 0 0
BinVal : 24 42 0 0 0
BinVal : 24 43 0 0 0
BinVal : 25 0 0 0 0
BinVal : 25 1 0 0 0
BinVal : 25 2 0 0 0
BinVal : 25 3 0 0 0
BinVal : 25 4 0 0 0
BinVal : 25 5 0 0 0
BinVal : 25 6 0 0 0
BinVal : 25 7 0 0 0
BinVal : 25 8 0 0 0
BinVal : 25 9 0 0 0
BinVal : 25 10 0 0 0
BinVal : 25 11 1 0.0233703 0.0233703
BinVal : 25 12 0.972222 0.0273893 0.0273893
BinVal : 25 13 0.978723 0.021049 0.021049
BinVal : 25 14 0.985714 0.0141833 0.0141833
BinVal : 25 15 0.965517 0.033883 0.033883
BinVal : 25 16 1 0.159077 0.159077
BinVal : 25 17 0 0 0
BinVal : 25 18 1 0.218486 0.218486
BinVal : 25 19 1 0.218486 0.218486
BinVal : 25 20 1 0.218486 0.218486
BinVal : 25 21 0 0 0
BinVal : 25 22 1 0.218486 0.218486
BinVal : 25 23 1 0.124824 0.124824
BinVal : 25 24 1 0.218486 0.218486
BinVal : 25 25 1 0.218486 0.218486
BinVal : 25 26 1 0.218486 0.218486
BinVal : 25 27 0 0 0
BinVal : 25 28 0.92 0.0383667 0.0383667
BinVal : 25 29 0.963636 0.0252411 0.0252411
BinVal : 25 30 0.96 0.0277128 0.0277128
BinVal : 25 31 0.980392 0.0194147 0.0194147
BinVal : 25 32 1 0.0279117 0.0279117
BinVal : 25 33 0 0 0
BinVal : 25 34 0 0 0
BinVal : 25 35 0 0 0
BinVal : 25 36 0 0 0
BinVal : 25 37 0 0 0
BinVal : 25 38 0 0 0
BinVal : 25 39 0 0 0
BinVal : 25 40 0 0 0
BinVal : 25 41 0 0 0
BinVal : 25 42 0 0 0
BinVal : 25 43 0 0 0
BinVal : 26 0 0 0 0
BinVal : 26 1 0 0 0
BinVal : 26 2 0 0 0
BinVal : 26 3 0 0 0
BinVal : 26 4 0 0 0
BinVal : 26 5 0 0 0
BinVal : 26 6 0 0 0
BinVal : 26 7 0 0 0
BinVal : 26 8 0 0 0
BinVal : 26 9 0 0 0
BinVal : 26 10 0 0 0
BinVal : 26 11 1 0.102643 0.102643
BinVal : 26 12 0.972222 0.0273893 0.0273893
BinVal : 26 13 0.961538 0.0266683 0.0266683
BinVal : 26 14 0.983607 0.0162585 0.0162585
BinVal : 26 15 0.9375 0.0349386 0.0349386
BinVal : 26 16 1 0.0495858 0.0495858
BinVal : 26 17 0.5875 0.055039 0.055039
BinVal : 26 18 0.828571 0.0637049 0.0637049
BinVal : 26 19 0.850575 0.0382216 0.0382216
BinVal : 26 20 0.936842 0.0249566 0.0249566
BinVal : 26 21 0.972973 0.018851 0.018851
BinVal : 26 22 0.916667 0.0301561 0.0301561
BinVal : 26 23 0.952381 0.0232357 0.0232357
BinVal : 26 24 0.844156 0.0413344 0.0413344
BinVal : 26 25 0.666667 0.0785674 0.0785674
BinVal : 26 26 0.661538 0.0586915 0.0586915
BinVal : 26 27 0.818182 0.0822304 0.0822304
BinVal : 26 28 0.977778 0.0219739 0.0219739
BinVal : 26 29 0.983051 0.0168049 0.0168049
BinVal : 26 30 0.934783 0.0364048 0.0364048
BinVal : 26 31 0.93617 0.0356566 0.0356566
BinVal : 26 32 1 0.0668855 0.0668855
BinVal : 26 33 0 0 0
BinVal : 26 34 0 0 0
BinVal : 26 35 0 0 0
BinVal : 26 36 0 0 0
BinVal : 26 37 0 0 0
BinVal : 26 38 0 0 0
BinVal : 26 39 0 0 0
BinVal : 26 40 0 0 0
BinVal : 26 41 0 0 0
BinVal : 26 42 0 0 0
BinVal : 26 43 0 0 0
BinVal : 27 0 0 0 0
BinVal : 27 1 0 0 0
BinVal : 27 2 0 0 0
BinVal : 27 3 0 0 0
BinVal : 27 4 0 0 0
BinVal : 27 5 0 0 0
BinVal : 27 6 0 0 0
BinVal : 27 7 0 0 0
BinVal : 27 8 0 0 0
BinVal : 27 9 0 0 0
BinVal : 27 10 0 0 0
BinVal : 27 11 0 0 0
BinVal : 27 12 1 0.0309157 0.0309157
BinVal : 27 13 0.945946 0.0371746 0.0371746
BinVal : 27 14 0.939394 0.041536 0.041536
BinVal : 27 15 0.983333 0.0165272 0.0165272
BinVal : 27 16 0.952381 0.0464714 0.0464714
BinVal : 27 17 0.842105 0.0836547 0.0836547
BinVal : 27 18 0.6 0.154919 0.154919
BinVal : 27 19 0.869565 0.0496557 0.0496557
BinVal : 27 20 0.902913 0.0291733 0.0291733
BinVal : 27 21 0.94898 0.0222273 0.0222273
BinVal : 27 22 0.882353 0.0319015 0.0319015
BinVal : 27 23 0.921348 0.0285345 0.0285345
BinVal : 27 24 0.836364 0.0498834 0.0498834
BinVal : 27 25 0.714286 0.120736 0.120736
BinVal : 27 26 0.789474 0.0935288 0.0935288
BinVal : 27 27 0.878788 0.0568144 0.0568144
BinVal : 27 28 0.962963 0.0256996 0.0256996
BinVal : 27 29 1 0.0111375 0.0111375
BinVal : 27 30 1 0.0134912 0.0134912
BinVal : 27 31 1 0.0326734 0.0326734
BinVal : 27 32 0 0 0
BinVal : 27 33 0 0 0
BinVal : 27 34 0 0 0
BinVal : 27 35 0 0 0
BinVal : 27 36 0 0 0
BinVal : 27 37 0 0 0
BinVal : 27 38 0 0 0
BinVal : 27 39 0 0 0
BinVal : 27 40 0 0 0
BinVal : 27 41 0 0 0
BinVal : 27 42 0 0 0
BinVal : 27 43 0 0 0
BinVal : 28 0 0 0 0
BinVal : 28 1 0 0 0
BinVal : 28 2 0 0 0
BinVal : 28 3 0 0 0
BinVal : 28 4 0 0 0
BinVal : 28 5 0 0 0
BinVal : 28 6 0 0 0
BinVal : 28 7 0 0 0
BinVal : 28 8 0 0 0
BinVal : 28 9 0 0 0
BinVal : 28 10 0 0 0
BinVal : 28 11 0 0 0
BinVal : 28 12 1 0.0254407 0.0254407
BinVal : 28 13 1 0.017632 0.017632
BinVal : 28 14 1 0.0138164 0.0138164
BinVal : 28 15 0.980392 0.0194147 0.0194147
BinVal : 28 16 0.953846 0.0260247 0.0260247
BinVal : 28 17 0.90566 0.0401506 0.0401506
BinVal : 28 18 0.756757 0.0705339 0.0705339
BinVal : 28 19 0.959459 0.0229267 0.0229267
BinVal : 28 20 0.857143 0.0499896 0.0499896
BinVal : 28 21 0.879518 0.0357309 0.0357309
BinVal : 28 22 0.90566 0.0401506 0.0401506
BinVal : 28 23 0.844828 0.047542 0.047542
BinVal : 28 24 0.847222 0.0423997 0.0423997
BinVal : 28 25 0.594595 0.080715 0.080715
BinVal : 28 26 0.909091 0.0433392 0.0433392
BinVal : 28 27 0.984127 0.0157465 0.0157465
BinVal : 28 28 0.983051 0.0168049 0.0168049
BinVal : 28 29 0.98 0.019799 0.019799
BinVal : 28 30 1 0.017632 0.017632
BinVal : 28 31 1 0.0254407 0.0254407
BinVal : 28 32 0 0 0
BinVal : 28 33 0 0 0
BinVal : 28 34 0 0 0
BinVal : 28 35 0 0 0
BinVal : 28 36 0 0 0
BinVal : 28 37 0 0 0
BinVal : 28 38 0 0 0
BinVal : 28 39 0 0 0
BinVal : 28 40 0 0 0
BinVal : 28 41 0 0 0
BinVal : 28 42 0 0 0
BinVal : 28 43 0 0 0
BinVal : 29 0 0 0 0
BinVal : 29 1 0 0 0
BinVal : 29 2 0 0 0
BinVal : 29 3 0 0 0
BinVal : 29 4 0 0 0
BinVal : 29 5 0 0 0
BinVal : 29 6 0 0 0
BinVal : 29 7 0 0 0
BinVal : 29 8 0 0 0
BinVal : 29 9 0 0 0
BinVal : 29 10 0 0 0
BinVal : 29 11 1 0.0326734 0.0326734
BinVal : 29 12 0.972973 0.0266593 0.0266593
BinVal : 29 13 1 0.0113578 0.0113578
BinVal : 29 14 1 0.00932837 0.00932837
BinVal : 29 15 0.981481 0.0183463 0.0183463
BinVal : 29 16 0.970588 0.0204891 0.0204891
BinVal : 29 17 0.971429 0.0199123 0.0199123
BinVal : 29 18 0.853659 0.0390318 0.0390318
BinVal : 29 19 0.986842 0.013071 0.013071
BinVal : 29 20 0.974684 0.0176734 0.0176734
BinVal : 29 21 0.978947 0.0147289 0.0147289
BinVal : 29 22 0.988506 0.011428 0.011428
BinVal : 29 23 0.939024 0.0264247 0.0264247
BinVal : 29 24 0.989691 0.010256 0.010256
BinVal : 29 25 0.836735 0.037336 0.037336
BinVal : 29 26 0.753846 0.0534303 0.0534303
BinVal : 29 27 1 0.00750113 0.00750113
BinVal : 29 28 0.987013 0.0129024 0.0129024
BinVal : 29 29 0.984375 0.0155024 0.0155024
BinVal : 29 30 0.962264 0.026175 0.026175
BinVal : 29 31 0.894737 0.0497845 0.0497845
BinVal : 29 32 1 0.0495858 0.0495858
BinVal : 29 33 0 0 0
BinVal : 29 34 0 0 0
BinVal : 29 35 0 0 0
BinVal : 29 36 0 0 0
BinVal : 29 37 0 0 0
BinVal : 29 38 0 0 0
BinVal : 29 39 0 0 0
BinVal : 29 40 0 0 0
BinVal : 29 41 0 0 0
BinVal : 29 42 0 0 0
BinVal : 29 43 0 0 0
BinVal : 30 0 0 0 0
BinVal : 30 1 0 0 0
BinVal : 30 2 0 0 0
BinVal : 30 3 0 0 0
BinVal : 30 4 0 0 0
BinVal : 30 5 0 0 0
BinVal : 30 6 0 0 0
BinVal : 30 7 0 0 0
BinVal : 30 8 0 0 0
BinVal : 30 9 0 0 0
BinVal : 30 10 0 0 0
BinVal : 30 11 1 0.0293374 0.0293374
BinVal : 30 12 0.97561 0.024091 0.024091
BinVal : 30 13 0.983607 0.0162585 0.0162585
BinVal : 30 14 1 0.00825644 0.00825644
BinVal : 30 15 1 0.00850058 0.00850058
BinVal : 30 16 0.938462 0.0298075 0.0298075
BinVal : 30 17 0.96875 0.0217491 0.0217491
BinVal : 30 18 0.891892 0.0360969 0.0360969
BinVal : 30 19 0.984615 0.0152658 0.0152658
BinVal : 30 20 0.93 0.0255147 0.0255147
BinVal : 30 21 0.974359 0.0146128 0.0146128
BinVal : 30 22 0.915254 0.0256383 0.0256383
BinVal : 30 23 0.973684 0.0149922 0.0149922
BinVal : 30 24 1 0.00750113 0.00750113
BinVal : 30 25 0.822581 0.048517 0.048517
BinVal : 30 26 0.764706 0.0460091 0.0460091
BinVal : 30 27 0.954545 0.0256398 0.0256398
BinVal : 30 28 0.986842 0.013071 0.013071
BinVal : 30 29 0.985075 0.0148136 0.0148136
BinVal : 30 30 1 0.00932837 0.00932837
BinVal : 30 31 0.924528 0.0362839 0.0362839
BinVal : 30 32 0.95 0.048734 0.048734
BinVal : 30 33 0 0 0
BinVal : 30 34 0 0 0
BinVal : 30 35 0 0 0
BinVal : 30 36 0 0 0
BinVal : 30 37 0 0 0
BinVal : 30 38 0 0 0
BinVal : 30 39 0 0 0
BinVal : 30 40 0 0 0
BinVal : 30 41 0 0 0
BinVal : 30 42 0 0 0
BinVal : 30 43 0 0 0
BinVal : 31 0 0 0 0
BinVal : 31 1 0 0 0
BinVal : 31 2 0 0 0
BinVal : 31 3 0 0 0
BinVal : 31 4 0 0 0
BinVal : 31 5 0 0 0
BinVal : 31 6 0 0 0
BinVal : 31 7 0 0 0
BinVal : 31 8 0 0 0
BinVal : 31 9 0 0 0
BinVal : 31 10 0 0 0
BinVal : 31 11 1 0.0599198 0.0599198
BinVal : 31 12 1 0.0224566 0.0224566
BinVal : 31 13 1 0.0101533 0.0101533
BinVal : 31 14 1 0.0115867 0.0115867
BinVal : 31 15 0.986842 0.013071 0.013071
BinVal : 31 16 0.948276 0.0290804 0.0290804
BinVal : 31 17 0.850746 0.0435337 0.0435337
BinVal : 31 18 0.925373 0.0321047 0.0321047
BinVal : 31 19 0.986842 0.013071 0.013071
BinVal : 31 20 0.921348 0.0285345 0.0285345
BinVal : 31 21 0.904762 0.0320282 0.0320282
BinVal : 31 22 0.953271 0.0204037 0.0204037
BinVal : 31 23 0.950495 0.0215843 0.0215843
BinVal : 31 24 1 0.00802565 0.00802565
BinVal : 31 25 0.907692 0.0359031 0.0359031
BinVal : 31 26 0.85 0.0399218 0.0399218
BinVal : 31 27 0.954545 0.0314022 0.0314022
BinVal : 31 28 1 0.00648546 0.00648546
BinVal : 31 29 1 0.00862837 0.00862837
BinVal : 31 30 1 0.0115867 0.0115867
BinVal : 31 31 1 0.0141568 0.0141568
BinVal : 31 32 1 0.0422902 0.0422902
BinVal : 31 33 0 0 0
BinVal : 31 34 0 0 0
BinVal : 31 35 0 0 0
BinVal : 31 36 0 0 0
BinVal : 31 37 0 0 0
BinVal : 31 38 0 0 0
BinVal : 31 39 0 0 0
BinVal : 31 40 0 0 0
BinVal : 31 41 0 0 0
BinVal : 31 42 0 0 0
BinVal : 31 43 0 0 0


