Comments : cosmic veto applied 
EffMethod : TagAndProbe 
EffName : eff 
EffType : Binned 
EffVarNames : phi deteta 
EffVersion : 5 
ObjQuality : l3l6 
ObjRelativeTo : mediumnseg3_l1atxx_l2m0 
ObjType : Muon 
ObjVersion : 1 
RunRangeHigh : 216000 
RunRangeLow : 194600 
TriggerVersionHigh : 14.99 
TriggerVersionLow : 13 
BinEdgesX : 0 0.19635 0.3927 0.58905 0.7854 0.98175 1.1781 1.37445 1.5708 1.76715 1.9635 2.15985 2.3562 2.55255 2.7489 2.94525 3.1416 3.33795 3.5343 3.73065 3.927 4.12335 4.3197 4.51605 4.7124 4.90875 5.1051 5.30145 5.4978 5.69415 5.8905 6.08685 6.2832 
BinEdgesY : -4.2 -4.00909 -3.81818 -3.62727 -3.43636 -3.24545 -3.05455 -2.86364 -2.67273 -2.48182 -2.29091 -2.1 -1.90909 -1.71818 -1.52727 -1.33636 -1.14545 -0.954545 -0.763636 -0.572727 -0.381818 -0.190909 0 0.190909 0.381818 0.572727 0.763636 0.954545 1.14545 1.33636 1.52727 1.71818 1.90909 2.1 2.29091 2.48182 2.67273 2.86364 3.05455 3.24545 3.43636 3.62727 3.81818 4.00909 4.2 
BinVal : 0 0 0 0 0
BinVal : 0 1 0 0 0
BinVal : 0 2 0 0 0
BinVal : 0 3 0 0 0
BinVal : 0 4 0 0 0
BinVal : 0 5 0 0 0
BinVal : 0 6 0 0 0
BinVal : 0 7 0 0 0
BinVal : 0 8 0 0 0
BinVal : 0 9 0 0 0
BinVal : 0 10 0 0 0
BinVal : 0 11 1 0.0495858 0.0495858
BinVal : 0 12 0.926829 0.0406702 0.0406702
BinVal : 0 13 0.966667 0.0231741 0.0231741
BinVal : 0 14 0.951613 0.027252 0.027252
BinVal : 0 15 0.955224 0.0252661 0.0252661
BinVal : 0 16 0.883333 0.0414438 0.0414438
BinVal : 0 17 0.72973 0.0516255 0.0516255
BinVal : 0 18 0.857143 0.0539949 0.0539949
BinVal : 0 19 0.955882 0.0249031 0.0249031
BinVal : 0 20 0.87234 0.0344196 0.0344196
BinVal : 0 21 0.903846 0.0289077 0.0289077
BinVal : 0 22 0.905263 0.0300459 0.0300459
BinVal : 0 23 0.841121 0.0353403 0.0353403
BinVal : 0 24 0.935065 0.0280812 0.0280812
BinVal : 0 25 0.852459 0.0454076 0.0454076
BinVal : 0 26 0.781609 0.0442948 0.0442948
BinVal : 0 27 0.8 0.0565685 0.0565685
BinVal : 0 28 0.987952 0.0119754 0.0119754
BinVal : 0 29 0.961538 0.0266683 0.0266683
BinVal : 0 30 0.862745 0.0481859 0.0481859
BinVal : 0 31 0.911765 0.0486433 0.0486433
BinVal : 0 32 0.909091 0.0866784 0.0866784
BinVal : 0 33 0 0 0
BinVal : 0 34 0 0 0
BinVal : 0 35 0 0 0
BinVal : 0 36 0 0 0
BinVal : 0 37 0 0 0
BinVal : 0 38 0 0 0
BinVal : 0 39 0 0 0
BinVal : 0 40 0 0 0
BinVal : 0 41 0 0 0
BinVal : 0 42 0 0 0
BinVal : 0 43 0 0 0
BinVal : 1 0 0 0 0
BinVal : 1 1 0 0 0
BinVal : 1 2 0 0 0
BinVal : 1 3 0 0 0
BinVal : 1 4 0 0 0
BinVal : 1 5 0 0 0
BinVal : 1 6 0 0 0
BinVal : 1 7 0 0 0
BinVal : 1 8 0 0 0
BinVal : 1 9 0 0 0
BinVal : 1 10 0 0 0
BinVal : 1 11 0.9375 0.0605154 0.0605154
BinVal : 1 12 0.929825 0.0338342 0.0338342
BinVal : 1 13 0.887097 0.0401923 0.0401923
BinVal : 1 14 0.919192 0.0273913 0.0273913
BinVal : 1 15 0.952941 0.0229691 0.0229691
BinVal : 1 16 0.928571 0.0280998 0.0280998
BinVal : 1 17 0.802083 0.0406645 0.0406645
BinVal : 1 18 0.788462 0.0566348 0.0566348
BinVal : 1 19 0.98913 0.0108103 0.0108103
BinVal : 1 20 0.893939 0.0268006 0.0268006
BinVal : 1 21 0.937931 0.0200373 0.0200373
BinVal : 1 22 0.929078 0.0216176 0.0216176
BinVal : 1 23 0.816327 0.0391149 0.0391149
BinVal : 1 24 0.962264 0.0185085 0.0185085
BinVal : 1 25 0.843373 0.0398936 0.0398936
BinVal : 1 26 0.783784 0.0478549 0.0478549
BinVal : 1 27 0.930556 0.0299587 0.0299587
BinVal : 1 28 0.934066 0.026015 0.026015
BinVal : 1 29 0.953125 0.0264214 0.0264214
BinVal : 1 30 0.904762 0.036983 0.036983
BinVal : 1 31 0.916667 0.0398928 0.0398928
BinVal : 1 32 0.882353 0.0552551 0.0552551
BinVal : 1 33 0 0 0
BinVal : 1 34 0 0 0
BinVal : 1 35 0 0 0
BinVal : 1 36 0 0 0
BinVal : 1 37 0 0 0
BinVal : 1 38 0 0 0
BinVal : 1 39 0 0 0
BinVal : 1 40 0 0 0
BinVal : 1 41 0 0 0
BinVal : 1 42 0 0 0
BinVal : 1 43 0 0 0
BinVal : 2 0 0 0 0
BinVal : 2 1 0 0 0
BinVal : 2 2 0 0 0
BinVal : 2 3 0 0 0
BinVal : 2 4 0 0 0
BinVal : 2 5 0 0 0
BinVal : 2 6 0 0 0
BinVal : 2 7 0 0 0
BinVal : 2 8 0 0 0
BinVal : 2 9 0 0 0
BinVal : 2 10 0 0 0
BinVal : 2 11 1 0.039392 0.039392
BinVal : 2 12 0.844444 0.0540284 0.0540284
BinVal : 2 13 0.939394 0.041536 0.041536
BinVal : 2 14 0.963855 0.0204875 0.0204875
BinVal : 2 15 0.967391 0.0185171 0.0185171
BinVal : 2 16 0.961039 0.0220516 0.0220516
BinVal : 2 17 0.807229 0.0432992 0.0432992
BinVal : 2 18 0.803279 0.0508972 0.0508972
BinVal : 2 19 0.926829 0.0287582 0.0287582
BinVal : 2 20 0.87963 0.0313111 0.0313111
BinVal : 2 21 0.927419 0.023299 0.023299
BinVal : 2 22 0.935185 0.0236905 0.0236905
BinVal : 2 23 0.827586 0.0404979 0.0404979
BinVal : 2 24 0.942308 0.0228633 0.0228633
BinVal : 2 25 0.891304 0.0324508 0.0324508
BinVal : 2 26 0.848485 0.0441345 0.0441345
BinVal : 2 27 0.9375 0.0270633 0.0270633
BinVal : 2 28 0.94898 0.0222273 0.0222273
BinVal : 2 29 0.935897 0.0277335 0.0277335
BinVal : 2 30 0.967742 0.022439 0.022439
BinVal : 2 31 0.897959 0.0432431 0.0432431
BinVal : 2 32 1 0.0309157 0.0309157
BinVal : 2 33 0 0 0
BinVal : 2 34 0 0 0
BinVal : 2 35 0 0 0
BinVal : 2 36 0 0 0
BinVal : 2 37 0 0 0
BinVal : 2 38 0 0 0
BinVal : 2 39 0 0 0
BinVal : 2 40 0 0 0
BinVal : 2 41 0 0 0
BinVal : 2 42 0 0 0
BinVal : 2 43 0 0 0
BinVal : 3 0 0 0 0
BinVal : 3 1 0 0 0
BinVal : 3 2 0 0 0
BinVal : 3 3 0 0 0
BinVal : 3 4 0 0 0
BinVal : 3 5 0 0 0
BinVal : 3 6 0 0 0
BinVal : 3 7 0 0 0
BinVal : 3 8 0 0 0
BinVal : 3 9 0 0 0
BinVal : 3 10 0 0 0
BinVal : 3 11 0 0 0
BinVal : 3 12 0.944444 0.0539903 0.0539903
BinVal : 3 13 0.857143 0.0539949 0.0539949
BinVal : 3 14 0.955556 0.0307207 0.0307207
BinVal : 3 15 0.968254 0.0220886 0.0220886
BinVal : 3 16 0.972222 0.0193671 0.0193671
BinVal : 3 17 0.925926 0.0356389 0.0356389
BinVal : 3 18 0.692308 0.0572468 0.0572468
BinVal : 3 19 0.927273 0.0350164 0.0350164
BinVal : 3 20 0.983871 0.0159984 0.0159984
BinVal : 3 21 0.923077 0.0279336 0.0279336
BinVal : 3 22 0.931507 0.0295635 0.0295635
BinVal : 3 23 0.928571 0.0344151 0.0344151
BinVal : 3 24 0.955224 0.0252661 0.0252661
BinVal : 3 25 0.881356 0.0420991 0.0420991
BinVal : 3 26 0.94 0.0335857 0.0335857
BinVal : 3 27 1 0.00903559 0.00903559
BinVal : 3 28 0.935484 0.0312001 0.0312001
BinVal : 3 29 0.885714 0.0537785 0.0537785
BinVal : 3 30 0.978261 0.0215015 0.0215015
BinVal : 3 31 0.909091 0.0500438 0.0500438
BinVal : 3 32 0 0 0
BinVal : 3 33 0 0 0
BinVal : 3 34 0 0 0
BinVal : 3 35 0 0 0
BinVal : 3 36 0 0 0
BinVal : 3 37 0 0 0
BinVal : 3 38 0 0 0
BinVal : 3 39 0 0 0
BinVal : 3 40 0 0 0
BinVal : 3 41 0 0 0
BinVal : 3 42 0 0 0
BinVal : 3 43 0 0 0
BinVal : 4 0 0 0 0
BinVal : 4 1 0 0 0
BinVal : 4 2 0 0 0
BinVal : 4 3 0 0 0
BinVal : 4 4 0 0 0
BinVal : 4 5 0 0 0
BinVal : 4 6 0 0 0
BinVal : 4 7 0 0 0
BinVal : 4 8 0 0 0
BinVal : 4 9 0 0 0
BinVal : 4 10 0 0 0
BinVal : 4 11 0 0 0
BinVal : 4 12 0.909091 0.0612909 0.0612909
BinVal : 4 13 0.928571 0.0486704 0.0486704
BinVal : 4 14 0.964286 0.0350707 0.0350707
BinVal : 4 15 0.978261 0.0215015 0.0215015
BinVal : 4 16 0.897959 0.0432431 0.0432431
BinVal : 4 17 0.921053 0.0437441 0.0437441
BinVal : 4 18 0.8375 0.0412453 0.0412453
BinVal : 4 19 0.96875 0.0217491 0.0217491
BinVal : 4 20 0.869565 0.0496557 0.0496557
BinVal : 4 21 0.942029 0.0281328 0.0281328
BinVal : 4 22 0.972603 0.0191056 0.0191056
BinVal : 4 23 0.910714 0.0381055 0.0381055
BinVal : 4 24 0.914894 0.0407022 0.0407022
BinVal : 4 25 0.811321 0.0537428 0.0537428
BinVal : 4 26 0.827586 0.0701445 0.0701445
BinVal : 4 27 0.909091 0.0387638 0.0387638
BinVal : 4 28 0.973684 0.0259672 0.0259672
BinVal : 4 29 0.941176 0.0403526 0.0403526
BinVal : 4 30 0.862069 0.0640329 0.0640329
BinVal : 4 31 0.92 0.0542586 0.0542586
BinVal : 4 32 0 0 0
BinVal : 4 33 0 0 0
BinVal : 4 34 0 0 0
BinVal : 4 35 0 0 0
BinVal : 4 36 0 0 0
BinVal : 4 37 0 0 0
BinVal : 4 38 0 0 0
BinVal : 4 39 0 0 0
BinVal : 4 40 0 0 0
BinVal : 4 41 0 0 0
BinVal : 4 42 0 0 0
BinVal : 4 43 0 0 0
BinVal : 5 0 0 0 0
BinVal : 5 1 0 0 0
BinVal : 5 2 0 0 0
BinVal : 5 3 0 0 0
BinVal : 5 4 0 0 0
BinVal : 5 5 0 0 0
BinVal : 5 6 0 0 0
BinVal : 5 7 0 0 0
BinVal : 5 8 0 0 0
BinVal : 5 9 0 0 0
BinVal : 5 10 0 0 0
BinVal : 5 11 1 0.0668855 0.0668855
BinVal : 5 12 0.84 0.0733212 0.0733212
BinVal : 5 13 1 0.0141568 0.0141568
BinVal : 5 14 0.822222 0.0569937 0.0569937
BinVal : 5 15 0.98 0.019799 0.019799
BinVal : 5 16 0.946429 0.0300896 0.0300896
BinVal : 5 17 0.829268 0.0587642 0.0587642
BinVal : 5 18 0.846154 0.0500341 0.0500341
BinVal : 5 19 1 0.0113578 0.0113578
BinVal : 5 20 0.901639 0.0381296 0.0381296
BinVal : 5 21 0.924051 0.0298055 0.0298055
BinVal : 5 22 0.975904 0.0168322 0.0168322
BinVal : 5 23 0.903226 0.0375476 0.0375476
BinVal : 5 24 0.934783 0.0364048 0.0364048
BinVal : 5 25 0.714286 0.0603682 0.0603682
BinVal : 5 26 0.857143 0.0539949 0.0539949
BinVal : 5 27 0.951613 0.027252 0.027252
BinVal : 5 28 0.863636 0.0517355 0.0517355
BinVal : 5 29 0.92 0.0383667 0.0383667
BinVal : 5 30 0.842105 0.0591528 0.0591528
BinVal : 5 31 0.866667 0.0620633 0.0620633
BinVal : 5 32 1 0.102643 0.102643
BinVal : 5 33 0 0 0
BinVal : 5 34 0 0 0
BinVal : 5 35 0 0 0
BinVal : 5 36 0 0 0
BinVal : 5 37 0 0 0
BinVal : 5 38 0 0 0
BinVal : 5 39 0 0 0
BinVal : 5 40 0 0 0
BinVal : 5 41 0 0 0
BinVal : 5 42 0 0 0
BinVal : 5 43 0 0 0
BinVal : 6 0 0 0 0
BinVal : 6 1 0 0 0
BinVal : 6 2 0 0 0
BinVal : 6 3 0 0 0
BinVal : 6 4 0 0 0
BinVal : 6 5 0 0 0
BinVal : 6 6 0 0 0
BinVal : 6 7 0 0 0
BinVal : 6 8 0 0 0
BinVal : 6 9 0 0 0
BinVal : 6 10 0 0 0
BinVal : 6 11 1 0.0422902 0.0422902
BinVal : 6 12 0.928571 0.0688303 0.0688303
BinVal : 6 13 0.903226 0.0531003 0.0531003
BinVal : 6 14 0.961538 0.0377146 0.0377146
BinVal : 6 15 0.965517 0.033883 0.033883
BinVal : 6 16 0.964286 0.0350707 0.0350707
BinVal : 6 17 0.72093 0.068402 0.068402
BinVal : 6 18 0.90625 0.051527 0.051527
BinVal : 6 19 0.952381 0.0464714 0.0464714
BinVal : 6 20 0.916667 0.0398928 0.0398928
BinVal : 6 21 1 0.0118251 0.0118251
BinVal : 6 22 1 0.00964212 0.00964212
BinVal : 6 23 0.977273 0.0224675 0.0224675
BinVal : 6 24 0.972973 0.0266593 0.0266593
BinVal : 6 25 0.972222 0.0273893 0.0273893
BinVal : 6 26 0.883721 0.0488848 0.0488848
BinVal : 6 27 0.814815 0.0747568 0.0747568
BinVal : 6 28 0.952381 0.0328603 0.0328603
BinVal : 6 29 0.923077 0.0522589 0.0522589
BinVal : 6 30 0.809524 0.0856891 0.0856891
BinVal : 6 31 0.909091 0.0612909 0.0612909
BinVal : 6 32 1 0.0756803 0.0756803
BinVal : 6 33 0 0 0
BinVal : 6 34 0 0 0
BinVal : 6 35 0 0 0
BinVal : 6 36 0 0 0
BinVal : 6 37 0 0 0
BinVal : 6 38 0 0 0
BinVal : 6 39 0 0 0
BinVal : 6 40 0 0 0
BinVal : 6 41 0 0 0
BinVal : 6 42 0 0 0
BinVal : 6 43 0 0 0
BinVal : 7 0 0 0 0
BinVal : 7 1 0 0 0
BinVal : 7 2 0 0 0
BinVal : 7 3 0 0 0
BinVal : 7 4 0 0 0
BinVal : 7 5 0 0 0
BinVal : 7 6 0 0 0
BinVal : 7 7 0 0 0
BinVal : 7 8 0 0 0
BinVal : 7 9 0 0 0
BinVal : 7 10 0 0 0
BinVal : 7 11 0.857143 0.13226 0.13226
BinVal : 7 12 0.727273 0.134282 0.134282
BinVal : 7 13 1 0.0346427 0.0346427
BinVal : 7 14 0.9375 0.0605154 0.0605154
BinVal : 7 15 0.974359 0.0253102 0.0253102
BinVal : 7 16 0.882353 0.0781425 0.0781425
BinVal : 7 17 0.857143 0.0591485 0.0591485
BinVal : 7 18 0.884615 0.0626563 0.0626563
BinVal : 7 19 0.966667 0.0327731 0.0327731
BinVal : 7 20 0.896552 0.0565523 0.0565523
BinVal : 7 21 1 0.0148902 0.0148902
BinVal : 7 22 1 0.0148902 0.0148902
BinVal : 7 23 0.869565 0.0702237 0.0702237
BinVal : 7 24 0.916667 0.0564169 0.0564169
BinVal : 7 25 0.958333 0.0407894 0.0407894
BinVal : 7 26 0.827586 0.0701445 0.0701445
BinVal : 7 27 1 0.0456491 0.0456491
BinVal : 7 28 0.894737 0.0704059 0.0704059
BinVal : 7 29 0.9375 0.0605154 0.0605154
BinVal : 7 30 1 0.0309157 0.0309157
BinVal : 7 31 0.818182 0.0822304 0.0822304
BinVal : 7 32 1 0.0756803 0.0756803
BinVal : 7 33 0 0 0
BinVal : 7 34 0 0 0
BinVal : 7 35 0 0 0
BinVal : 7 36 0 0 0
BinVal : 7 37 0 0 0
BinVal : 7 38 0 0 0
BinVal : 7 39 0 0 0
BinVal : 7 40 0 0 0
BinVal : 7 41 0 0 0
BinVal : 7 42 0 0 0
BinVal : 7 43 0 0 0
BinVal : 8 0 0 0 0
BinVal : 8 1 0 0 0
BinVal : 8 2 0 0 0
BinVal : 8 3 0 0 0
BinVal : 8 4 0 0 0
BinVal : 8 5 0 0 0
BinVal : 8 6 0 0 0
BinVal : 8 7 0 0 0
BinVal : 8 8 0 0 0
BinVal : 8 9 0 0 0
BinVal : 8 10 0 0 0
BinVal : 8 11 1 0.159077 0.159077
BinVal : 8 12 1 0.0495858 0.0495858
BinVal : 8 13 1 0.0368657 0.0368657
BinVal : 8 14 0.952381 0.0464714 0.0464714
BinVal : 8 15 0.96 0.0391918 0.0391918
BinVal : 8 16 0.823529 0.0924594 0.0924594
BinVal : 8 17 0.75 0.0818317 0.0818317
BinVal : 8 18 0.95 0.048734 0.048734
BinVal : 8 19 0.95 0.048734 0.048734
BinVal : 8 20 0.964286 0.0350707 0.0350707
BinVal : 8 21 1 0.0157046 0.0157046
BinVal : 8 22 0.869565 0.0702237 0.0702237
BinVal : 8 23 1 0.0326734 0.0326734
BinVal : 8 24 1 0.0243611 0.0243611
BinVal : 8 25 0.823529 0.0924594 0.0924594
BinVal : 8 26 0.741935 0.0785898 0.0785898
BinVal : 8 27 0.888889 0.104757 0.104757
BinVal : 8 28 0.923077 0.0522589 0.0522589
BinVal : 8 29 0.933333 0.0644061 0.0644061
BinVal : 8 30 0.944444 0.0539903 0.0539903
BinVal : 8 31 0.909091 0.0866784 0.0866784
BinVal : 8 32 1 0.0871301 0.0871301
BinVal : 8 33 0 0 0
BinVal : 8 34 0 0 0
BinVal : 8 35 0 0 0
BinVal : 8 36 0 0 0
BinVal : 8 37 0 0 0
BinVal : 8 38 0 0 0
BinVal : 8 39 0 0 0
BinVal : 8 40 0 0 0
BinVal : 8 41 0 0 0
BinVal : 8 42 0 0 0
BinVal : 8 43 0 0 0
BinVal : 9 0 0 0 0
BinVal : 9 1 0 0 0
BinVal : 9 2 0 0 0
BinVal : 9 3 0 0 0
BinVal : 9 4 0 0 0
BinVal : 9 5 0 0 0
BinVal : 9 6 0 0 0
BinVal : 9 7 0 0 0
BinVal : 9 8 0 0 0
BinVal : 9 9 0 0 0
BinVal : 9 10 0 0 0
BinVal : 9 11 0.75 0.216506 0.216506
BinVal : 9 12 1 0.0326734 0.0326734
BinVal : 9 13 1 0.0201001 0.0201001
BinVal : 9 14 0.869565 0.0702237 0.0702237
BinVal : 9 15 0.903226 0.0531003 0.0531003
BinVal : 9 16 0.833333 0.087841 0.087841
BinVal : 9 17 0.783784 0.0676771 0.0676771
BinVal : 9 18 0.83871 0.0660586 0.0660586
BinVal : 9 19 1 0.0194201 0.0194201
BinVal : 9 20 0.970588 0.028976 0.028976
BinVal : 9 21 0.878049 0.0511047 0.0511047
BinVal : 9 22 0.925926 0.050401 0.050401
BinVal : 9 23 0.85 0.0798436 0.0798436
BinVal : 9 24 0.911765 0.0486433 0.0486433
BinVal : 9 25 0.875 0.0584634 0.0584634
BinVal : 9 26 0.96875 0.0307578 0.0307578
BinVal : 9 27 0.913043 0.0587534 0.0587534
BinVal : 9 28 0.970588 0.028976 0.028976
BinVal : 9 29 1 0.0224566 0.0224566
BinVal : 9 30 0.851852 0.0683673 0.0683673
BinVal : 9 31 0.916667 0.0797856 0.0797856
BinVal : 9 32 1 0.0756803 0.0756803
BinVal : 9 33 0 0 0
BinVal : 9 34 0 0 0
BinVal : 9 35 0 0 0
BinVal : 9 36 0 0 0
BinVal : 9 37 0 0 0
BinVal : 9 38 0 0 0
BinVal : 9 39 0 0 0
BinVal : 9 40 0 0 0
BinVal : 9 41 0 0 0
BinVal : 9 42 0 0 0
BinVal : 9 43 0 0 0
BinVal : 10 0 0 0 0
BinVal : 10 1 0 0 0
BinVal : 10 2 0 0 0
BinVal : 10 3 0 0 0
BinVal : 10 4 0 0 0
BinVal : 10 5 0 0 0
BinVal : 10 6 0 0 0
BinVal : 10 7 0 0 0
BinVal : 10 8 0 0 0
BinVal : 10 9 0 0 0
BinVal : 10 10 0 0 0
BinVal : 10 11 1 0.124824 0.124824
BinVal : 10 12 0.863636 0.073165 0.073165
BinVal : 10 13 0.833333 0.0575055 0.0575055
BinVal : 10 14 0.913793 0.0368537 0.0368537
BinVal : 10 15 0.94 0.0335857 0.0335857
BinVal : 10 16 0.918367 0.0391149 0.0391149
BinVal : 10 17 0.833333 0.0575055 0.0575055
BinVal : 10 18 0.884615 0.0443047 0.0443047
BinVal : 10 19 0.983333 0.0165272 0.0165272
BinVal : 10 20 0.923077 0.0369527 0.0369527
BinVal : 10 21 0.977273 0.0224675 0.0224675
BinVal : 10 22 0.975 0.0246855 0.0246855
BinVal : 10 23 0.947368 0.0512278 0.0512278
BinVal : 10 24 0.943396 0.0317418 0.0317418
BinVal : 10 25 0.818182 0.0474757 0.0474757
BinVal : 10 26 0.833333 0.062113 0.062113
BinVal : 10 27 0.938776 0.0342488 0.0342488
BinVal : 10 28 0.926829 0.0406702 0.0406702
BinVal : 10 29 0.972222 0.0273893 0.0273893
BinVal : 10 30 0.945946 0.0371746 0.0371746
BinVal : 10 31 0.884615 0.0626563 0.0626563
BinVal : 10 32 1 0.0871301 0.0871301
BinVal : 10 33 0 0 0
BinVal : 10 34 0 0 0
BinVal : 10 35 0 0 0
BinVal : 10 36 0 0 0
BinVal : 10 37 0 0 0
BinVal : 10 38 0 0 0
BinVal : 10 39 0 0 0
BinVal : 10 40 0 0 0
BinVal : 10 41 0 0 0
BinVal : 10 42 0 0 0
BinVal : 10 43 0 0 0
BinVal : 11 0 0 0 0
BinVal : 11 1 0 0 0
BinVal : 11 2 0 0 0
BinVal : 11 3 0 0 0
BinVal : 11 4 0 0 0
BinVal : 11 5 0 0 0
BinVal : 11 6 0 0 0
BinVal : 11 7 0 0 0
BinVal : 11 8 0 0 0
BinVal : 11 9 0 0 0
BinVal : 11 10 0 0 0
BinVal : 11 11 0 0 0
BinVal : 11 12 1 0.0309157 0.0309157
BinVal : 11 13 1 0.0194201 0.0194201
BinVal : 11 14 0.923077 0.0426692 0.0426692
BinVal : 11 15 1 0.0138164 0.0138164
BinVal : 11 16 1 0.0118251 0.0118251
BinVal : 11 17 0.882353 0.0552551 0.0552551
BinVal : 11 18 0.933333 0.0322031 0.0322031
BinVal : 11 19 0.893617 0.0449741 0.0449741
BinVal : 11 20 0.952381 0.0328603 0.0328603
BinVal : 11 21 0.919355 0.0345808 0.0345808
BinVal : 11 22 0.981132 0.0186891 0.0186891
BinVal : 11 23 0.892857 0.0584512 0.0584512
BinVal : 11 24 0.86 0.0490714 0.0490714
BinVal : 11 25 0.813559 0.0507036 0.0507036
BinVal : 11 26 0.875 0.0584634 0.0584634
BinVal : 11 27 1 0.0107217 0.0107217
BinVal : 11 28 0.97619 0.0235244 0.0235244
BinVal : 11 29 0.928571 0.0397392 0.0397392
BinVal : 11 30 1 0.0216126 0.0216126
BinVal : 11 31 1 0.0326734 0.0326734
BinVal : 11 32 0 0 0
BinVal : 11 33 0 0 0
BinVal : 11 34 0 0 0
BinVal : 11 35 0 0 0
BinVal : 11 36 0 0 0
BinVal : 11 37 0 0 0
BinVal : 11 38 0 0 0
BinVal : 11 39 0 0 0
BinVal : 11 40 0 0 0
BinVal : 11 41 0 0 0
BinVal : 11 42 0 0 0
BinVal : 11 43 0 0 0
BinVal : 12 0 0 0 0
BinVal : 12 1 0 0 0
BinVal : 12 2 0 0 0
BinVal : 12 3 0 0 0
BinVal : 12 4 0 0 0
BinVal : 12 5 0 0 0
BinVal : 12 6 0 0 0
BinVal : 12 7 0 0 0
BinVal : 12 8 0 0 0
BinVal : 12 9 0 0 0
BinVal : 12 10 0 0 0
BinVal : 12 11 0 0 0
BinVal : 12 12 0.882353 0.0781425 0.0781425
BinVal : 12 13 0.941176 0.0570672 0.0570672
BinVal : 12 14 0.969697 0.0298404 0.0298404
BinVal : 12 15 0.947368 0.0295764 0.0295764
BinVal : 12 16 0.945455 0.0306209 0.0306209
BinVal : 12 17 0.977778 0.0219739 0.0219739
BinVal : 12 18 0.807692 0.0546537 0.0546537
BinVal : 12 19 0.930233 0.0388497 0.0388497
BinVal : 12 20 0.86 0.0490714 0.0490714
BinVal : 12 21 0.888889 0.0468486 0.0468486
BinVal : 12 22 0.943396 0.0317418 0.0317418
BinVal : 12 23 0.794872 0.064659 0.064659
BinVal : 12 24 0.926829 0.0406702 0.0406702
BinVal : 12 25 0.868852 0.0432203 0.0432203
BinVal : 12 26 0.914286 0.0473188 0.0473188
BinVal : 12 27 0.966102 0.02356 0.02356
BinVal : 12 28 0.980769 0.019045 0.019045
BinVal : 12 29 0.958333 0.0288424 0.0288424
BinVal : 12 30 0.96875 0.0307578 0.0307578
BinVal : 12 31 1 0.0368657 0.0368657
BinVal : 12 32 0 0 0
BinVal : 12 33 0 0 0
BinVal : 12 34 0 0 0
BinVal : 12 35 0 0 0
BinVal : 12 36 0 0 0
BinVal : 12 37 0 0 0
BinVal : 12 38 0 0 0
BinVal : 12 39 0 0 0
BinVal : 12 40 0 0 0
BinVal : 12 41 0 0 0
BinVal : 12 42 0 0 0
BinVal : 12 43 0 0 0
BinVal : 13 0 0 0 0
BinVal : 13 1 0 0 0
BinVal : 13 2 0 0 0
BinVal : 13 3 0 0 0
BinVal : 13 4 0 0 0
BinVal : 13 5 0 0 0
BinVal : 13 6 0 0 0
BinVal : 13 7 0 0 0
BinVal : 13 8 0 0 0
BinVal : 13 9 0 0 0
BinVal : 13 10 0 0 0
BinVal : 13 11 1 0.0756803 0.0756803
BinVal : 13 12 0.882353 0.0552551 0.0552551
BinVal : 13 13 0.895833 0.0440918 0.0440918
BinVal : 13 14 0.938462 0.0298075 0.0298075
BinVal : 13 15 0.981818 0.0180158 0.0180158
BinVal : 13 16 0.943662 0.027364 0.027364
BinVal : 13 17 0.773585 0.0574869 0.0574869
BinVal : 13 18 0.885246 0.0408085 0.0408085
BinVal : 13 19 0.960526 0.0223358 0.0223358
BinVal : 13 20 0.860465 0.0373645 0.0373645
BinVal : 13 21 0.949153 0.0286007 0.0286007
BinVal : 13 22 0.918919 0.0317309 0.0317309
BinVal : 13 23 0.821918 0.0447778 0.0447778
BinVal : 13 24 0.925373 0.0321047 0.0321047
BinVal : 13 25 0.791667 0.0478613 0.0478613
BinVal : 13 26 0.772727 0.051584 0.051584
BinVal : 13 27 0.927273 0.0350164 0.0350164
BinVal : 13 28 0.947368 0.0256139 0.0256139
BinVal : 13 29 0.931818 0.0379991 0.0379991
BinVal : 13 30 1 0.0123324 0.0123324
BinVal : 13 31 0.92 0.0542586 0.0542586
BinVal : 13 32 1 0.218486 0.218486
BinVal : 13 33 0 0 0
BinVal : 13 34 0 0 0
BinVal : 13 35 0 0 0
BinVal : 13 36 0 0 0
BinVal : 13 37 0 0 0
BinVal : 13 38 0 0 0
BinVal : 13 39 0 0 0
BinVal : 13 40 0 0 0
BinVal : 13 41 0 0 0
BinVal : 13 42 0 0 0
BinVal : 13 43 0 0 0
BinVal : 14 0 0 0 0
BinVal : 14 1 0 0 0
BinVal : 14 2 0 0 0
BinVal : 14 3 0 0 0
BinVal : 14 4 0 0 0
BinVal : 14 5 0 0 0
BinVal : 14 6 0 0 0
BinVal : 14 7 0 0 0
BinVal : 14 8 0 0 0
BinVal : 14 9 0 0 0
BinVal : 14 10 0 0 0
BinVal : 14 11 1 0.0368657 0.0368657
BinVal : 14 12 0.875 0.0522913 0.0522913
BinVal : 14 13 0.919355 0.0345808 0.0345808
BinVal : 14 14 0.951613 0.027252 0.027252
BinVal : 14 15 0.9625 0.0212408 0.0212408
BinVal : 14 16 0.862069 0.0452781 0.0452781
BinVal : 14 17 0.768116 0.0508071 0.0508071
BinVal : 14 18 0.864198 0.0380643 0.0380643
BinVal : 14 19 0.954545 0.0256398 0.0256398
BinVal : 14 20 0.921569 0.02662 0.02662
BinVal : 14 21 0.935065 0.0280812 0.0280812
BinVal : 14 22 0.9625 0.0212408 0.0212408
BinVal : 14 23 0.822222 0.0403007 0.0403007
BinVal : 14 24 0.939394 0.0293704 0.0293704
BinVal : 14 25 0.822785 0.0429616 0.0429616
BinVal : 14 26 0.726027 0.0521998 0.0521998
BinVal : 14 27 0.898305 0.0393492 0.0393492
BinVal : 14 28 0.978022 0.0153691 0.0153691
BinVal : 14 29 0.946667 0.0259458 0.0259458
BinVal : 14 30 0.897959 0.0432431 0.0432431
BinVal : 14 31 0.904762 0.0452948 0.0452948
BinVal : 14 32 0.909091 0.0866784 0.0866784
BinVal : 14 33 0 0 0
BinVal : 14 34 0 0 0
BinVal : 14 35 0 0 0
BinVal : 14 36 0 0 0
BinVal : 14 37 0 0 0
BinVal : 14 38 0 0 0
BinVal : 14 39 0 0 0
BinVal : 14 40 0 0 0
BinVal : 14 41 0 0 0
BinVal : 14 42 0 0 0
BinVal : 14 43 0 0 0
BinVal : 15 0 0 0 0
BinVal : 15 1 0 0 0
BinVal : 15 2 0 0 0
BinVal : 15 3 0 0 0
BinVal : 15 4 0 0 0
BinVal : 15 5 0 0 0
BinVal : 15 6 0 0 0
BinVal : 15 7 0 0 0
BinVal : 15 8 0 0 0
BinVal : 15 9 0 0 0
BinVal : 15 10 0 0 0
BinVal : 15 11 0.8 0.178885 0.178885
BinVal : 15 12 0.896552 0.0565523 0.0565523
BinVal : 15 13 0.904762 0.0452948 0.0452948
BinVal : 15 14 0.978261 0.0215015 0.0215015
BinVal : 15 15 0.953125 0.0264214 0.0264214
BinVal : 15 16 0.86 0.0490714 0.0490714
BinVal : 15 17 0.763636 0.0572865 0.0572865
BinVal : 15 18 0.906977 0.0442955 0.0442955
BinVal : 15 19 0.945205 0.0266361 0.0266361
BinVal : 15 20 0.911111 0.0299977 0.0299977
BinVal : 15 21 0.932203 0.032729 0.032729
BinVal : 15 22 0.9375 0.0228727 0.0228727
BinVal : 15 23 0.825581 0.0409192 0.0409192
BinVal : 15 24 0.956522 0.0245504 0.0245504
BinVal : 15 25 0.788462 0.0566348 0.0566348
BinVal : 15 26 0.670588 0.0509786 0.0509786
BinVal : 15 27 0.806452 0.0709583 0.0709583
BinVal : 15 28 0.961538 0.0217746 0.0217746
BinVal : 15 29 0.982456 0.0173893 0.0173893
BinVal : 15 30 0.823529 0.0533815 0.0533815
BinVal : 15 31 0.95 0.0344601 0.0344601
BinVal : 15 32 1 0.0309157 0.0309157
BinVal : 15 33 0 0 0
BinVal : 15 34 0 0 0
BinVal : 15 35 0 0 0
BinVal : 15 36 0 0 0
BinVal : 15 37 0 0 0
BinVal : 15 38 0 0 0
BinVal : 15 39 0 0 0
BinVal : 15 40 0 0 0
BinVal : 15 41 0 0 0
BinVal : 15 42 0 0 0
BinVal : 15 43 0 0 0
BinVal : 16 0 0 0 0
BinVal : 16 1 0 0 0
BinVal : 16 2 0 0 0
BinVal : 16 3 0 0 0
BinVal : 16 4 0 0 0
BinVal : 16 5 0 0 0
BinVal : 16 6 0 0 0
BinVal : 16 7 0 0 0
BinVal : 16 8 0 0 0
BinVal : 16 9 0 0 0
BinVal : 16 10 0 0 0
BinVal : 16 11 0.941176 0.0570672 0.0570672
BinVal : 16 12 0.941176 0.0570672 0.0570672
BinVal : 16 13 0.888889 0.0468486 0.0468486
BinVal : 16 14 0.933333 0.0322031 0.0322031
BinVal : 16 15 0.95 0.0281366 0.0281366
BinVal : 16 16 0.87037 0.0457096 0.0457096
BinVal : 16 17 0.71875 0.0562012 0.0562012
BinVal : 16 18 0.84375 0.0453865 0.0453865
BinVal : 16 19 0.972973 0.018851 0.018851
BinVal : 16 20 0.853933 0.0374363 0.0374363
BinVal : 16 21 0.911392 0.0319724 0.0319724
BinVal : 16 22 0.934579 0.0239042 0.0239042
BinVal : 16 23 0.852273 0.0378249 0.0378249
BinVal : 16 24 0.927273 0.0350164 0.0350164
BinVal : 16 25 0.9 0.0358569 0.0358569
BinVal : 16 26 0.597561 0.0541545 0.0541545
BinVal : 16 27 0.886792 0.0435222 0.0435222
BinVal : 16 28 0.969697 0.0211003 0.0211003
BinVal : 16 29 0.962963 0.0256996 0.0256996
BinVal : 16 30 0.938776 0.0342488 0.0342488
BinVal : 16 31 0.951219 0.0336412 0.0336412
BinVal : 16 32 0.833333 0.107583 0.107583
BinVal : 16 33 0 0 0
BinVal : 16 34 0 0 0
BinVal : 16 35 0 0 0
BinVal : 16 36 0 0 0
BinVal : 16 37 0 0 0
BinVal : 16 38 0 0 0
BinVal : 16 39 0 0 0
BinVal : 16 40 0 0 0
BinVal : 16 41 0 0 0
BinVal : 16 42 0 0 0
BinVal : 16 43 0 0 0
BinVal : 17 0 0 0 0
BinVal : 17 1 0 0 0
BinVal : 17 2 0 0 0
BinVal : 17 3 0 0 0
BinVal : 17 4 0 0 0
BinVal : 17 5 0 0 0
BinVal : 17 6 0 0 0
BinVal : 17 7 0 0 0
BinVal : 17 8 0 0 0
BinVal : 17 9 0 0 0
BinVal : 17 10 0 0 0
BinVal : 17 11 1 0.0326734 0.0326734
BinVal : 17 12 0.906977 0.0442955 0.0442955
BinVal : 17 13 0.967213 0.0228006 0.0228006
BinVal : 17 14 0.985507 0.0143874 0.0143874
BinVal : 17 15 0.960396 0.0194059 0.0194059
BinVal : 17 16 0.929577 0.0303647 0.0303647
BinVal : 17 17 0.825 0.0424816 0.0424816
BinVal : 17 18 0.893333 0.0356443 0.0356443
BinVal : 17 19 0.97619 0.0166342 0.0166342
BinVal : 17 20 0.944 0.0205648 0.0205648
BinVal : 17 21 0.878788 0.0328018 0.0328018
BinVal : 17 22 0.96748 0.0159936 0.0159936
BinVal : 17 23 0.908257 0.0276489 0.0276489
BinVal : 17 24 0.962025 0.0215044 0.0215044
BinVal : 17 25 0.823529 0.0533815 0.0533815
BinVal : 17 26 0.651685 0.0505021 0.0505021
BinVal : 17 27 0.914286 0.0334594 0.0334594
BinVal : 17 28 1 0.00648546 0.00648546
BinVal : 17 29 0.952381 0.0232357 0.0232357
BinVal : 17 30 0.928571 0.0307818 0.0307818
BinVal : 17 31 0.915254 0.036258 0.036258
BinVal : 17 32 0.913043 0.0587534 0.0587534
BinVal : 17 33 0 0 0
BinVal : 17 34 0 0 0
BinVal : 17 35 0 0 0
BinVal : 17 36 0 0 0
BinVal : 17 37 0 0 0
BinVal : 17 38 0 0 0
BinVal : 17 39 0 0 0
BinVal : 17 40 0 0 0
BinVal : 17 41 0 0 0
BinVal : 17 42 0 0 0
BinVal : 17 43 0 0 0
BinVal : 18 0 0 0 0
BinVal : 18 1 0 0 0
BinVal : 18 2 0 0 0
BinVal : 18 3 0 0 0
BinVal : 18 4 0 0 0
BinVal : 18 5 0 0 0
BinVal : 18 6 0 0 0
BinVal : 18 7 0 0 0
BinVal : 18 8 0 0 0
BinVal : 18 9 0 0 0
BinVal : 18 10 0 0 0
BinVal : 18 11 1 0.0599198 0.0599198
BinVal : 18 12 0.959184 0.0282664 0.0282664
BinVal : 18 13 0.916667 0.0398928 0.0398928
BinVal : 18 14 0.969072 0.0175779 0.0175779
BinVal : 18 15 0.94382 0.0244084 0.0244084
BinVal : 18 16 0.901639 0.0381296 0.0381296
BinVal : 18 17 0.852459 0.0454076 0.0454076
BinVal : 18 18 0.783784 0.0478549 0.0478549
BinVal : 18 19 0.971831 0.019636 0.019636
BinVal : 18 20 0.910714 0.0269447 0.0269447
BinVal : 18 21 0.88764 0.0334756 0.0334756
BinVal : 18 22 0.909091 0.0274101 0.0274101
BinVal : 18 23 0.884211 0.0328285 0.0328285
BinVal : 18 24 0.94382 0.0244084 0.0244084
BinVal : 18 25 0.849315 0.0418705 0.0418705
BinVal : 18 26 0.836066 0.0474013 0.0474013
BinVal : 18 27 0.97619 0.0166342 0.0166342
BinVal : 18 28 0.960526 0.0223358 0.0223358
BinVal : 18 29 0.945205 0.0266361 0.0266361
BinVal : 18 30 0.984375 0.0155024 0.0155024
BinVal : 18 31 0.963636 0.0252411 0.0252411
BinVal : 18 32 0.875 0.116927 0.116927
BinVal : 18 33 0 0 0
BinVal : 18 34 0 0 0
BinVal : 18 35 0 0 0
BinVal : 18 36 0 0 0
BinVal : 18 37 0 0 0
BinVal : 18 38 0 0 0
BinVal : 18 39 0 0 0
BinVal : 18 40 0 0 0
BinVal : 18 41 0 0 0
BinVal : 18 42 0 0 0
BinVal : 18 43 0 0 0
BinVal : 19 0 0 0 0
BinVal : 19 1 0 0 0
BinVal : 19 2 0 0 0
BinVal : 19 3 0 0 0
BinVal : 19 4 0 0 0
BinVal : 19 5 0 0 0
BinVal : 19 6 0 0 0
BinVal : 19 7 0 0 0
BinVal : 19 8 0 0 0
BinVal : 19 9 0 0 0
BinVal : 19 10 0 0 0
BinVal : 19 11 0 0 0
BinVal : 19 12 0.842105 0.0836547 0.0836547
BinVal : 19 13 0.976744 0.0229838 0.0229838
BinVal : 19 14 0.947368 0.0295764 0.0295764
BinVal : 19 15 1 0.0109258 0.0109258
BinVal : 19 16 0.919355 0.0345808 0.0345808
BinVal : 19 17 0.789474 0.0661348 0.0661348
BinVal : 19 18 0.787879 0.0711647 0.0711647
BinVal : 19 19 0.807692 0.0446246 0.0446246
BinVal : 19 20 0.694444 0.0767737 0.0767737
BinVal : 19 21 0.790323 0.051699 0.051699
BinVal : 19 22 0.773333 0.0483444 0.0483444
BinVal : 19 23 0.649123 0.0632126 0.0632126
BinVal : 19 24 0.716981 0.0618762 0.0618762
BinVal : 19 25 0.764706 0.0727467 0.0727467
BinVal : 19 26 0.837209 0.0562986 0.0562986
BinVal : 19 27 0.982759 0.0170921 0.0170921
BinVal : 19 28 0.964912 0.0243716 0.0243716
BinVal : 19 29 0.921053 0.0437441 0.0437441
BinVal : 19 30 0.909091 0.0500438 0.0500438
BinVal : 19 31 0.894737 0.0704059 0.0704059
BinVal : 19 32 0 0 0
BinVal : 19 33 0 0 0
BinVal : 19 34 0 0 0
BinVal : 19 35 0 0 0
BinVal : 19 36 0 0 0
BinVal : 19 37 0 0 0
BinVal : 19 38 0 0 0
BinVal : 19 39 0 0 0
BinVal : 19 40 0 0 0
BinVal : 19 41 0 0 0
BinVal : 19 42 0 0 0
BinVal : 19 43 0 0 0
BinVal : 20 0 0 0 0
BinVal : 20 1 0 0 0
BinVal : 20 2 0 0 0
BinVal : 20 3 0 0 0
BinVal : 20 4 0 0 0
BinVal : 20 5 0 0 0
BinVal : 20 6 0 0 0
BinVal : 20 7 0 0 0
BinVal : 20 8 0 0 0
BinVal : 20 9 0 0 0
BinVal : 20 10 0 0 0
BinVal : 20 11 0 0 0
BinVal : 20 12 0.888889 0.0740741 0.0740741
BinVal : 20 13 0.933333 0.0371849 0.0371849
BinVal : 20 14 0.964286 0.0247988 0.0247988
BinVal : 20 15 0.924242 0.0325712 0.0325712
BinVal : 20 16 0.84 0.0733212 0.0733212
BinVal : 20 17 0.909091 0.0866784 0.0866784
BinVal : 20 18 0.75 0.125 0.125
BinVal : 20 19 0.673077 0.0650509 0.0650509
BinVal : 20 20 0.738636 0.0468378 0.0468378
BinVal : 20 21 0.831461 0.0396804 0.0396804
BinVal : 20 22 0.746988 0.0477187 0.0477187
BinVal : 20 23 0.6875 0.0518223 0.0518223
BinVal : 20 24 0.58 0.0697997 0.0697997
BinVal : 20 25 0.416667 0.142319 0.142319
BinVal : 20 26 0.5 0.133631 0.133631
BinVal : 20 27 0.84 0.0733212 0.0733212
BinVal : 20 28 0.980769 0.019045 0.019045
BinVal : 20 29 0.976744 0.0229838 0.0229838
BinVal : 20 30 0.975 0.0246855 0.0246855
BinVal : 20 31 1 0.0201001 0.0201001
BinVal : 20 32 0 0 0
BinVal : 20 33 0 0 0
BinVal : 20 34 0 0 0
BinVal : 20 35 0 0 0
BinVal : 20 36 0 0 0
BinVal : 20 37 0 0 0
BinVal : 20 38 0 0 0
BinVal : 20 39 0 0 0
BinVal : 20 40 0 0 0
BinVal : 20 41 0 0 0
BinVal : 20 42 0 0 0
BinVal : 20 43 0 0 0
BinVal : 21 0 0 0 0
BinVal : 21 1 0 0 0
BinVal : 21 2 0 0 0
BinVal : 21 3 0 0 0
BinVal : 21 4 0 0 0
BinVal : 21 5 0 0 0
BinVal : 21 6 0 0 0
BinVal : 21 7 0 0 0
BinVal : 21 8 0 0 0
BinVal : 21 9 0 0 0
BinVal : 21 10 0 0 0
BinVal : 21 11 1 0.0871301 0.0871301
BinVal : 21 12 0.903226 0.0531003 0.0531003
BinVal : 21 13 0.953488 0.0321147 0.0321147
BinVal : 21 14 0.915493 0.0330099 0.0330099
BinVal : 21 15 0.896552 0.0399885 0.0399885
BinVal : 21 16 0.625 0.171163 0.171163
BinVal : 21 17 0.5375 0.0557443 0.0557443
BinVal : 21 18 0.638889 0.0800538 0.0800538
BinVal : 21 19 0.755814 0.0463253 0.0463253
BinVal : 21 20 0.755102 0.0434393 0.0434393
BinVal : 21 21 0.917431 0.0263622 0.0263622
BinVal : 21 22 0.933962 0.0241217 0.0241217
BinVal : 21 23 0.659091 0.0505302 0.0505302
BinVal : 21 24 0.619565 0.0506162 0.0506162
BinVal : 21 25 0.527778 0.0832046 0.0832046
BinVal : 21 26 0.589041 0.0575852 0.0575852
BinVal : 21 27 0.7 0.144914 0.144914
BinVal : 21 28 0.821918 0.0447778 0.0447778
BinVal : 21 29 0.948718 0.0249749 0.0249749
BinVal : 21 30 0.866667 0.0438854 0.0438854
BinVal : 21 31 0.851064 0.0519317 0.0519317
BinVal : 21 32 0.833333 0.152145 0.152145
BinVal : 21 33 0 0 0
BinVal : 21 34 0 0 0
BinVal : 21 35 0 0 0
BinVal : 21 36 0 0 0
BinVal : 21 37 0 0 0
BinVal : 21 38 0 0 0
BinVal : 21 39 0 0 0
BinVal : 21 40 0 0 0
BinVal : 21 41 0 0 0
BinVal : 21 42 0 0 0
BinVal : 21 43 0 0 0
BinVal : 22 0 0 0 0
BinVal : 22 1 0 0 0
BinVal : 22 2 0 0 0
BinVal : 22 3 0 0 0
BinVal : 22 4 0 0 0
BinVal : 22 5 0 0 0
BinVal : 22 6 0 0 0
BinVal : 22 7 0 0 0
BinVal : 22 8 0 0 0
BinVal : 22 9 0 0 0
BinVal : 22 10 0 0 0
BinVal : 22 11 1 0.039392 0.039392
BinVal : 22 12 0.93617 0.0356566 0.0356566
BinVal : 22 13 0.915254 0.036258 0.036258
BinVal : 22 14 0.935065 0.0280812 0.0280812
BinVal : 22 15 0.829268 0.0587642 0.0587642
BinVal : 22 16 0 0 0
BinVal : 22 17 0 0 0
BinVal : 22 18 0 0 0
BinVal : 22 19 0 0 0
BinVal : 22 20 0 0 0
BinVal : 22 21 0 0 0
BinVal : 22 22 1 0.218486 0.218486
BinVal : 22 23 0 0 0
BinVal : 22 24 0 0 0
BinVal : 22 25 0 0 0
BinVal : 22 26 0 0 0
BinVal : 22 27 0 0 0
BinVal : 22 28 0.857143 0.0539949 0.0539949
BinVal : 22 29 0.953125 0.0264214 0.0264214
BinVal : 22 30 0.924528 0.0362839 0.0362839
BinVal : 22 31 0.944444 0.0381769 0.0381769
BinVal : 22 32 0.956522 0.0425226 0.0425226
BinVal : 22 33 0 0 0
BinVal : 22 34 0 0 0
BinVal : 22 35 0 0 0
BinVal : 22 36 0 0 0
BinVal : 22 37 0 0 0
BinVal : 22 38 0 0 0
BinVal : 22 39 0 0 0
BinVal : 22 40 0 0 0
BinVal : 22 41 0 0 0
BinVal : 22 42 0 0 0
BinVal : 22 43 0 0 0
BinVal : 23 0 0 0 0
BinVal : 23 1 0 0 0
BinVal : 23 2 0 0 0
BinVal : 23 3 0 0 0
BinVal : 23 4 0 0 0
BinVal : 23 5 0 0 0
BinVal : 23 6 0 0 0
BinVal : 23 7 0 0 0
BinVal : 23 8 0 0 0
BinVal : 23 9 0 0 0
BinVal : 23 10 0 0 0
BinVal : 23 11 0.75 0.108253 0.108253
BinVal : 23 12 0.888889 0.0523783 0.0523783
BinVal : 23 13 0.926829 0.0406702 0.0406702
BinVal : 23 14 0.919355 0.0345808 0.0345808
BinVal : 23 15 0.769231 0.0826286 0.0826286
BinVal : 23 16 0 0 0
BinVal : 23 17 0 0 0
BinVal : 23 18 0 0 0
BinVal : 23 19 0 0 0
BinVal : 23 20 0 0 0
BinVal : 23 21 0 0 0
BinVal : 23 22 0 0 0
BinVal : 23 23 0 0 0
BinVal : 23 24 0 0 0
BinVal : 23 25 0 0 0
BinVal : 23 26 0 0 0
BinVal : 23 27 0 0 0
BinVal : 23 28 0.84375 0.0641862 0.0641862
BinVal : 23 29 0.892857 0.0413313 0.0413313
BinVal : 23 30 0.974359 0.0253102 0.0253102
BinVal : 23 31 0.916667 0.0564169 0.0564169
BinVal : 23 32 1 0.0346427 0.0346427
BinVal : 23 33 0 0 0
BinVal : 23 34 0 0 0
BinVal : 23 35 0 0 0
BinVal : 23 36 0 0 0
BinVal : 23 37 0 0 0
BinVal : 23 38 0 0 0
BinVal : 23 39 0 0 0
BinVal : 23 40 0 0 0
BinVal : 23 41 0 0 0
BinVal : 23 42 0 0 0
BinVal : 23 43 0 0 0
BinVal : 24 0 0 0 0
BinVal : 24 1 0 0 0
BinVal : 24 2 0 0 0
BinVal : 24 3 0 0 0
BinVal : 24 4 0 0 0
BinVal : 24 5 0 0 0
BinVal : 24 6 0 0 0
BinVal : 24 7 0 0 0
BinVal : 24 8 0 0 0
BinVal : 24 9 0 0 0
BinVal : 24 10 0 0 0
BinVal : 24 11 0.928571 0.0688303 0.0688303
BinVal : 24 12 0.833333 0.0760726 0.0760726
BinVal : 24 13 0.926829 0.0406702 0.0406702
BinVal : 24 14 1 0.012074 0.012074
BinVal : 24 15 0.740741 0.084337 0.084337
BinVal : 24 16 0 0 0
BinVal : 24 17 0 0 0
BinVal : 24 18 0 0 0
BinVal : 24 19 0 0 0
BinVal : 24 20 0 0 0
BinVal : 24 21 0 0 0
BinVal : 24 22 0 0 0
BinVal : 24 23 0 0 0
BinVal : 24 24 0 0 0
BinVal : 24 25 0 0 0
BinVal : 24 26 0 0 0
BinVal : 24 27 0 0 0
BinVal : 24 28 0.791667 0.0828982 0.0828982
BinVal : 24 29 0.95 0.0281366 0.0281366
BinVal : 24 30 0.941176 0.0403526 0.0403526
BinVal : 24 31 0.864865 0.0562027 0.0562027
BinVal : 24 32 0.923077 0.0739053 0.0739053
BinVal : 24 33 0 0 0
BinVal : 24 34 0 0 0
BinVal : 24 35 0 0 0
BinVal : 24 36 0 0 0
BinVal : 24 37 0 0 0
BinVal : 24 38 0 0 0
BinVal : 24 39 0 0 0
BinVal : 24 40 0 0 0
BinVal : 24 41 0 0 0
BinVal : 24 42 0 0 0
BinVal : 24 43 0 0 0
BinVal : 25 0 0 0 0
BinVal : 25 1 0 0 0
BinVal : 25 2 0 0 0
BinVal : 25 3 0 0 0
BinVal : 25 4 0 0 0
BinVal : 25 5 0 0 0
BinVal : 25 6 0 0 0
BinVal : 25 7 0 0 0
BinVal : 25 8 0 0 0
BinVal : 25 9 0 0 0
BinVal : 25 10 0 0 0
BinVal : 25 11 1 0.0243611 0.0243611
BinVal : 25 12 0.897436 0.0485811 0.0485811
BinVal : 25 13 0.93617 0.0356566 0.0356566
BinVal : 25 14 0.956522 0.0245504 0.0245504
BinVal : 25 15 0.793103 0.0752216 0.0752216
BinVal : 25 16 0 0 0
BinVal : 25 17 0 0 0
BinVal : 25 18 0 0 0
BinVal : 25 19 0 0 0
BinVal : 25 20 0 0 0
BinVal : 25 21 0 0 0
BinVal : 25 22 0 0 0
BinVal : 25 23 0 0 0
BinVal : 25 24 0 0 0
BinVal : 25 25 0 0 0
BinVal : 25 26 0 0 0
BinVal : 25 27 0 0 0
BinVal : 25 28 0.854167 0.0509424 0.0509424
BinVal : 25 29 0.945455 0.0306209 0.0306209
BinVal : 25 30 0.960784 0.0271805 0.0271805
BinVal : 25 31 0.901961 0.0416398 0.0416398
BinVal : 25 32 0.947368 0.0512278 0.0512278
BinVal : 25 33 0 0 0
BinVal : 25 34 0 0 0
BinVal : 25 35 0 0 0
BinVal : 25 36 0 0 0
BinVal : 25 37 0 0 0
BinVal : 25 38 0 0 0
BinVal : 25 39 0 0 0
BinVal : 25 40 0 0 0
BinVal : 25 41 0 0 0
BinVal : 25 42 0 0 0
BinVal : 25 43 0 0 0
BinVal : 26 0 0 0 0
BinVal : 26 1 0 0 0
BinVal : 26 2 0 0 0
BinVal : 26 3 0 0 0
BinVal : 26 4 0 0 0
BinVal : 26 5 0 0 0
BinVal : 26 6 0 0 0
BinVal : 26 7 0 0 0
BinVal : 26 8 0 0 0
BinVal : 26 9 0 0 0
BinVal : 26 10 0 0 0
BinVal : 26 11 1 0.102643 0.102643
BinVal : 26 12 0.973684 0.0259672 0.0259672
BinVal : 26 13 0.90566 0.0401506 0.0401506
BinVal : 26 14 0.933333 0.0322031 0.0322031
BinVal : 26 15 0.916667 0.0398928 0.0398928
BinVal : 26 16 1 0.218486 0.218486
BinVal : 26 17 0.596491 0.0649817 0.0649817
BinVal : 26 18 0.676471 0.0802309 0.0802309
BinVal : 26 19 0.658228 0.0533633 0.0533633
BinVal : 26 20 0.805195 0.0451342 0.0451342
BinVal : 26 21 0.915493 0.0330099 0.0330099
BinVal : 26 22 0.876543 0.0365512 0.0365512
BinVal : 26 23 0.890411 0.0365609 0.0365609
BinVal : 26 24 0.75 0.0525105 0.0525105
BinVal : 26 25 0.59375 0.0868207 0.0868207
BinVal : 26 26 0.571429 0.0836486 0.0836486
BinVal : 26 27 0.666667 0.19245 0.19245
BinVal : 26 28 0.956522 0.030068 0.030068
BinVal : 26 29 0.966667 0.0231741 0.0231741
BinVal : 26 30 0.916667 0.0398928 0.0398928
BinVal : 26 31 0.918367 0.0391149 0.0391149
BinVal : 26 32 1 0.0668855 0.0668855
BinVal : 26 33 0 0 0
BinVal : 26 34 0 0 0
BinVal : 26 35 0 0 0
BinVal : 26 36 0 0 0
BinVal : 26 37 0 0 0
BinVal : 26 38 0 0 0
BinVal : 26 39 0 0 0
BinVal : 26 40 0 0 0
BinVal : 26 41 0 0 0
BinVal : 26 42 0 0 0
BinVal : 26 43 0 0 0
BinVal : 27 0 0 0 0
BinVal : 27 1 0 0 0
BinVal : 27 2 0 0 0
BinVal : 27 3 0 0 0
BinVal : 27 4 0 0 0
BinVal : 27 5 0 0 0
BinVal : 27 6 0 0 0
BinVal : 27 7 0 0 0
BinVal : 27 8 0 0 0
BinVal : 27 9 0 0 0
BinVal : 27 10 0 0 0
BinVal : 27 11 0 0 0
BinVal : 27 12 0.941176 0.0570672 0.0570672
BinVal : 27 13 0.925 0.0416458 0.0416458
BinVal : 27 14 0.939394 0.041536 0.041536
BinVal : 27 15 0.913793 0.0368537 0.0368537
BinVal : 27 16 0.913043 0.0587534 0.0587534
BinVal : 27 17 0.6875 0.115878 0.115878
BinVal : 27 18 0.714286 0.170747 0.170747
BinVal : 27 19 0.659091 0.0714604 0.0714604
BinVal : 27 20 0.617284 0.0540055 0.0540055
BinVal : 27 21 0.819149 0.0396989 0.0396989
BinVal : 27 22 0.765306 0.042811 0.042811
BinVal : 27 23 0.661538 0.0586915 0.0586915
BinVal : 27 24 0.632653 0.0688689 0.0688689
BinVal : 27 25 0.5 0.133631 0.133631
BinVal : 27 26 0.6 0.154919 0.154919
BinVal : 27 27 0.742857 0.0738764 0.0738764
BinVal : 27 28 0.948276 0.0290804 0.0290804
BinVal : 27 29 1 0.0107217 0.0107217
BinVal : 27 30 0.904762 0.0452948 0.0452948
BinVal : 27 31 1 0.0326734 0.0326734
BinVal : 27 32 0 0 0
BinVal : 27 33 0 0 0
BinVal : 27 34 0 0 0
BinVal : 27 35 0 0 0
BinVal : 27 36 0 0 0
BinVal : 27 37 0 0 0
BinVal : 27 38 0 0 0
BinVal : 27 39 0 0 0
BinVal : 27 40 0 0 0
BinVal : 27 41 0 0 0
BinVal : 27 42 0 0 0
BinVal : 27 43 0 0 0
BinVal : 28 0 0 0 0
BinVal : 28 1 0 0 0
BinVal : 28 2 0 0 0
BinVal : 28 3 0 0 0
BinVal : 28 4 0 0 0
BinVal : 28 5 0 0 0
BinVal : 28 6 0 0 0
BinVal : 28 7 0 0 0
BinVal : 28 8 0 0 0
BinVal : 28 9 0 0 0
BinVal : 28 10 0 0 0
BinVal : 28 11 0 0 0
BinVal : 28 12 1 0.0254407 0.0254407
BinVal : 28 13 0.96875 0.0307578 0.0307578
BinVal : 28 14 0.97619 0.0235244 0.0235244
BinVal : 28 15 0.962264 0.026175 0.026175
BinVal : 28 16 0.907692 0.0359031 0.0359031
BinVal : 28 17 0.902439 0.0463399 0.0463399
BinVal : 28 18 0.791667 0.0828982 0.0828982
BinVal : 28 19 0.842857 0.0434986 0.0434986
BinVal : 28 20 0.659091 0.0714604 0.0714604
BinVal : 28 21 0.746988 0.0477187 0.0477187
BinVal : 28 22 0.792453 0.0557067 0.0557067
BinVal : 28 23 0.714286 0.0603682 0.0603682
BinVal : 28 24 0.661972 0.0561393 0.0561393
BinVal : 28 25 0.730769 0.0869893 0.0869893
BinVal : 28 26 0.914286 0.0473188 0.0473188
BinVal : 28 27 0.885246 0.0408085 0.0408085
BinVal : 28 28 0.966102 0.02356 0.02356
BinVal : 28 29 0.981132 0.0186891 0.0186891
BinVal : 28 30 0.970588 0.028976 0.028976
BinVal : 28 31 1 0.0254407 0.0254407
BinVal : 28 32 0 0 0
BinVal : 28 33 0 0 0
BinVal : 28 34 0 0 0
BinVal : 28 35 0 0 0
BinVal : 28 36 0 0 0
BinVal : 28 37 0 0 0
BinVal : 28 38 0 0 0
BinVal : 28 39 0 0 0
BinVal : 28 40 0 0 0
BinVal : 28 41 0 0 0
BinVal : 28 42 0 0 0
BinVal : 28 43 0 0 0
BinVal : 29 0 0 0 0
BinVal : 29 1 0 0 0
BinVal : 29 2 0 0 0
BinVal : 29 3 0 0 0
BinVal : 29 4 0 0 0
BinVal : 29 5 0 0 0
BinVal : 29 6 0 0 0
BinVal : 29 7 0 0 0
BinVal : 29 8 0 0 0
BinVal : 29 9 0 0 0
BinVal : 29 10 0 0 0
BinVal : 29 11 0.9375 0.0605154 0.0605154
BinVal : 29 12 0.891892 0.0510487 0.0510487
BinVal : 29 13 0.98 0.019799 0.019799
BinVal : 29 14 0.898305 0.0393492 0.0393492
BinVal : 29 15 0.945455 0.0306209 0.0306209
BinVal : 29 16 0.953125 0.0264214 0.0264214
BinVal : 29 17 0.9375 0.0302577 0.0302577
BinVal : 29 18 0.807692 0.0546537 0.0546537
BinVal : 29 19 0.973684 0.0183616 0.0183616
BinVal : 29 20 0.909091 0.0327614 0.0327614
BinVal : 29 21 0.978947 0.0147289 0.0147289
BinVal : 29 22 0.976744 0.016252 0.016252
BinVal : 29 23 0.772152 0.0471911 0.0471911
BinVal : 29 24 0.927083 0.0265361 0.0265361
BinVal : 29 25 0.804348 0.041359 0.041359
BinVal : 29 26 0.737705 0.0563211 0.0563211
BinVal : 29 27 0.972973 0.018851 0.018851
BinVal : 29 28 0.974026 0.0181263 0.0181263
BinVal : 29 29 0.9375 0.0302577 0.0302577
BinVal : 29 30 0.90566 0.0401506 0.0401506
BinVal : 29 31 0.864865 0.0562027 0.0562027
BinVal : 29 32 0.9 0.0948683 0.0948683
BinVal : 29 33 0 0 0
BinVal : 29 34 0 0 0
BinVal : 29 35 0 0 0
BinVal : 29 36 0 0 0
BinVal : 29 37 0 0 0
BinVal : 29 38 0 0 0
BinVal : 29 39 0 0 0
BinVal : 29 40 0 0 0
BinVal : 29 41 0 0 0
BinVal : 29 42 0 0 0
BinVal : 29 43 0 0 0
BinVal : 30 0 0 0 0
BinVal : 30 1 0 0 0
BinVal : 30 2 0 0 0
BinVal : 30 3 0 0 0
BinVal : 30 4 0 0 0
BinVal : 30 5 0 0 0
BinVal : 30 6 0 0 0
BinVal : 30 7 0 0 0
BinVal : 30 8 0 0 0
BinVal : 30 9 0 0 0
BinVal : 30 10 0 0 0
BinVal : 30 11 0.888889 0.0740741 0.0740741
BinVal : 30 12 0.875 0.0522913 0.0522913
BinVal : 30 13 0.932203 0.032729 0.032729
BinVal : 30 14 0.955882 0.0249031 0.0249031
BinVal : 30 15 0.985075 0.0148136 0.0148136
BinVal : 30 16 0.935484 0.0312001 0.0312001
BinVal : 30 17 0.828125 0.047159 0.047159
BinVal : 30 18 0.869565 0.0496557 0.0496557
BinVal : 30 19 0.969697 0.0211003 0.0211003
BinVal : 30 20 0.89 0.031289 0.031289
BinVal : 30 21 0.957265 0.0186989 0.0186989
BinVal : 30 22 0.905172 0.0272022 0.0272022
BinVal : 30 23 0.880734 0.0310433 0.0310433
BinVal : 30 24 0.973684 0.0183616 0.0183616
BinVal : 30 25 0.783333 0.0531856 0.0531856
BinVal : 30 26 0.675325 0.0533624 0.0533624
BinVal : 30 27 0.918033 0.0351224 0.0351224
BinVal : 30 28 0.973684 0.0183616 0.0183616
BinVal : 30 29 0.970149 0.0207902 0.0207902
BinVal : 30 30 0.983333 0.0165272 0.0165272
BinVal : 30 31 0.921569 0.0376464 0.0376464
BinVal : 30 32 0.863636 0.073165 0.073165
BinVal : 30 33 0 0 0
BinVal : 30 34 0 0 0
BinVal : 30 35 0 0 0
BinVal : 30 36 0 0 0
BinVal : 30 37 0 0 0
BinVal : 30 38 0 0 0
BinVal : 30 39 0 0 0
BinVal : 30 40 0 0 0
BinVal : 30 41 0 0 0
BinVal : 30 42 0 0 0
BinVal : 30 43 0 0 0
BinVal : 31 0 0 0 0
BinVal : 31 1 0 0 0
BinVal : 31 2 0 0 0
BinVal : 31 3 0 0 0
BinVal : 31 4 0 0 0
BinVal : 31 5 0 0 0
BinVal : 31 6 0 0 0
BinVal : 31 7 0 0 0
BinVal : 31 8 0 0 0
BinVal : 31 9 0 0 0
BinVal : 31 10 0 0 0
BinVal : 31 11 1 0.0599198 0.0599198
BinVal : 31 12 0.956522 0.0425226 0.0425226
BinVal : 31 13 0.962963 0.0256996 0.0256996
BinVal : 31 14 0.958333 0.0288424 0.0288424
BinVal : 31 15 0.907895 0.0331706 0.0331706
BinVal : 31 16 0.962963 0.0256996 0.0256996
BinVal : 31 17 0.790323 0.051699 0.051699
BinVal : 31 18 0.877551 0.0468291 0.0468291
BinVal : 31 19 0.960526 0.0223358 0.0223358
BinVal : 31 20 0.894118 0.0333733 0.0333733
BinVal : 31 21 0.936709 0.0273943 0.0273943
BinVal : 31 22 0.942857 0.0226521 0.0226521
BinVal : 31 23 0.875 0.0337539 0.0337539
BinVal : 31 24 0.970588 0.0204891 0.0204891
BinVal : 31 25 0.85 0.0460977 0.0460977
BinVal : 31 26 0.819444 0.0453314 0.0453314
BinVal : 31 27 0.902439 0.0463399 0.0463399
BinVal : 31 28 0.954023 0.0224538 0.0224538
BinVal : 31 29 0.968254 0.0220886 0.0220886
BinVal : 31 30 0.958333 0.0288424 0.0288424
BinVal : 31 31 0.948718 0.0353199 0.0353199
BinVal : 31 32 1 0.0422902 0.0422902
BinVal : 31 33 0 0 0
BinVal : 31 34 0 0 0
BinVal : 31 35 0 0 0
BinVal : 31 36 0 0 0
BinVal : 31 37 0 0 0
BinVal : 31 38 0 0 0
BinVal : 31 39 0 0 0
BinVal : 31 40 0 0 0
BinVal : 31 41 0 0 0
BinVal : 31 42 0 0 0
BinVal : 31 43 0 0 0


