Comments : cosmic veto applied 
EffMethod : TagAndProbe 
EffName : eff 
EffType : Binned 
EffVarNames : phi deteta 
EffVersion : 5 
ObjQuality : l3l0 
ObjRelativeTo : mediumnseg3_l2m0 
ObjType : Muon 
ObjVersion : 1 
RunRangeHigh : 216000 
RunRangeLow : 194600 
TriggerVersionHigh : 14.99 
TriggerVersionLow : 13 
BinEdgesX : 0 0.19635 0.3927 0.58905 0.7854 0.98175 1.1781 1.37445 1.5708 1.76715 1.9635 2.15985 2.3562 2.55255 2.7489 2.94525 3.1416 3.33795 3.5343 3.73065 3.927 4.12335 4.3197 4.51605 4.7124 4.90875 5.1051 5.30145 5.4978 5.69415 5.8905 6.08685 6.2832 
BinEdgesY : -4.2 -4.00909 -3.81818 -3.62727 -3.43636 -3.24545 -3.05455 -2.86364 -2.67273 -2.48182 -2.29091 -2.1 -1.90909 -1.71818 -1.52727 -1.33636 -1.14545 -0.954545 -0.763636 -0.572727 -0.381818 -0.190909 0 0.190909 0.381818 0.572727 0.763636 0.954545 1.14545 1.33636 1.52727 1.71818 1.90909 2.1 2.29091 2.48182 2.67273 2.86364 3.05455 3.24545 3.43636 3.62727 3.81818 4.00909 4.2 
BinVal : 0 0 0 0 0
BinVal : 0 1 0 0 0
BinVal : 0 2 0 0 0
BinVal : 0 3 0 0 0
BinVal : 0 4 0 0 0
BinVal : 0 5 0 0 0
BinVal : 0 6 0 0 0
BinVal : 0 7 0 0 0
BinVal : 0 8 0 0 0
BinVal : 0 9 0 0 0
BinVal : 0 10 0 0 0
BinVal : 0 11 1 0.0495858 0.0495858
BinVal : 0 12 1 0.0134912 0.0134912
BinVal : 0 13 1 0.00932837 0.00932837
BinVal : 0 14 1 0.00903559 0.00903559
BinVal : 0 15 0.985075 0.0148136 0.0148136
BinVal : 0 16 0.969231 0.0214198 0.0214198
BinVal : 0 17 0.945946 0.0262864 0.0262864
BinVal : 0 18 0.9375 0.0349386 0.0349386
BinVal : 0 19 0.985294 0.0145974 0.0145974
BinVal : 0 20 0.96875 0.017758 0.017758
BinVal : 0 21 0.942857 0.0226521 0.0226521
BinVal : 0 22 0.958333 0.0203947 0.0203947
BinVal : 0 23 0.909091 0.0274101 0.0274101
BinVal : 0 24 0.987013 0.0129024 0.0129024
BinVal : 0 25 0.959459 0.0229267 0.0229267
BinVal : 0 26 0.954545 0.0222047 0.0222047
BinVal : 0 27 0.929825 0.0338342 0.0338342
BinVal : 0 28 1 0.00679159 0.00679159
BinVal : 0 29 1 0.0107217 0.0107217
BinVal : 0 30 1 0.0109258 0.0109258
BinVal : 0 31 1 0.0161462 0.0161462
BinVal : 0 32 1 0.0456491 0.0456491
BinVal : 0 33 0 0 0
BinVal : 0 34 0 0 0
BinVal : 0 35 0 0 0
BinVal : 0 36 0 0 0
BinVal : 0 37 0 0 0
BinVal : 0 38 0 0 0
BinVal : 0 39 0 0 0
BinVal : 0 40 0 0 0
BinVal : 0 41 0 0 0
BinVal : 0 42 0 0 0
BinVal : 0 43 0 0 0
BinVal : 1 0 0 0 0
BinVal : 1 1 0 0 0
BinVal : 1 2 0 0 0
BinVal : 1 3 0 0 0
BinVal : 1 4 0 0 0
BinVal : 1 5 0 0 0
BinVal : 1 6 0 0 0
BinVal : 1 7 0 0 0
BinVal : 1 8 0 0 0
BinVal : 1 9 0 0 0
BinVal : 1 10 0 0 0
BinVal : 1 11 1 0.0326734 0.0326734
BinVal : 1 12 1 0.00980616 0.00980616
BinVal : 1 13 1 0.00903559 0.00903559
BinVal : 1 14 1 0.00571108 0.00571108
BinVal : 1 15 1 0.00663519 0.00663519
BinVal : 1 16 0.988235 0.0116953 0.0116953
BinVal : 1 17 0.989583 0.0103623 0.0103623
BinVal : 1 18 0.934426 0.0316937 0.0316937
BinVal : 1 19 1 0.00607347 0.00607347
BinVal : 1 20 0.962121 0.016616 0.016616
BinVal : 1 21 0.965753 0.015051 0.015051
BinVal : 1 22 0.958042 0.0167661 0.0167661
BinVal : 1 23 0.921569 0.02662 0.02662
BinVal : 1 24 0.981481 0.0129728 0.0129728
BinVal : 1 25 0.902913 0.0291733 0.0291733
BinVal : 1 26 0.974026 0.0181263 0.0181263
BinVal : 1 27 1 0.00760031 0.00760031
BinVal : 1 28 1 0.00620508 0.00620508
BinVal : 1 29 1 0.00875998 0.00875998
BinVal : 1 30 1 0.0088954 0.0088954
BinVal : 1 31 1 0.0115867 0.0115867
BinVal : 1 32 1 0.0161462 0.0161462
BinVal : 1 33 0 0 0
BinVal : 1 34 0 0 0
BinVal : 1 35 0 0 0
BinVal : 1 36 0 0 0
BinVal : 1 37 0 0 0
BinVal : 1 38 0 0 0
BinVal : 1 39 0 0 0
BinVal : 1 40 0 0 0
BinVal : 1 41 0 0 0
BinVal : 1 42 0 0 0
BinVal : 1 43 0 0 0
BinVal : 2 0 0 0 0
BinVal : 2 1 0 0 0
BinVal : 2 2 0 0 0
BinVal : 2 3 0 0 0
BinVal : 2 4 0 0 0
BinVal : 2 5 0 0 0
BinVal : 2 6 0 0 0
BinVal : 2 7 0 0 0
BinVal : 2 8 0 0 0
BinVal : 2 9 0 0 0
BinVal : 2 10 0 0 0
BinVal : 2 11 1 0.039392 0.039392
BinVal : 2 12 1 0.0123324 0.0123324
BinVal : 2 13 1 0.0166125 0.0166125
BinVal : 2 14 1 0.00679159 0.00679159
BinVal : 2 15 1 0.00613832 0.00613832
BinVal : 2 16 1 0.00721884 0.00721884
BinVal : 2 17 0.988095 0.0118337 0.0118337
BinVal : 2 18 0.931507 0.0295635 0.0295635
BinVal : 2 19 0.954545 0.0222047 0.0222047
BinVal : 2 20 0.962963 0.0181723 0.0181723
BinVal : 2 21 0.944444 0.0204064 0.0204064
BinVal : 2 22 0.963303 0.0180088 0.0180088
BinVal : 2 23 0.942529 0.0249524 0.0249524
BinVal : 2 24 0.963964 0.0176904 0.0176904
BinVal : 2 25 0.962264 0.0185085 0.0185085
BinVal : 2 26 0.985915 0.013985 0.013985
BinVal : 2 27 1 0.00704145 0.00704145
BinVal : 2 28 1 0.0057683 0.0057683
BinVal : 2 29 1 0.00721884 0.00721884
BinVal : 2 30 1 0.00903559 0.00903559
BinVal : 2 31 0.979592 0.0201988 0.0201988
BinVal : 2 32 1 0.0309157 0.0309157
BinVal : 2 33 0 0 0
BinVal : 2 34 0 0 0
BinVal : 2 35 0 0 0
BinVal : 2 36 0 0 0
BinVal : 2 37 0 0 0
BinVal : 2 38 0 0 0
BinVal : 2 39 0 0 0
BinVal : 2 40 0 0 0
BinVal : 2 41 0 0 0
BinVal : 2 42 0 0 0
BinVal : 2 43 0 0 0
BinVal : 3 0 0 0 0
BinVal : 3 1 0 0 0
BinVal : 3 2 0 0 0
BinVal : 3 3 0 0 0
BinVal : 3 4 0 0 0
BinVal : 3 5 0 0 0
BinVal : 3 6 0 0 0
BinVal : 3 7 0 0 0
BinVal : 3 8 0 0 0
BinVal : 3 9 0 0 0
BinVal : 3 10 0 0 0
BinVal : 3 11 0 0 0
BinVal : 3 12 1 0.0293374 0.0293374
BinVal : 3 13 0.97619 0.0235244 0.0235244
BinVal : 3 14 1 0.0123324 0.0123324
BinVal : 3 15 1 0.0088954 0.0088954
BinVal : 3 16 1 0.00770235 0.00770235
BinVal : 3 17 0.982456 0.0173893 0.0173893
BinVal : 3 18 0.878788 0.0401738 0.0401738
BinVal : 3 19 0.953125 0.0264214 0.0264214
BinVal : 3 20 0.984375 0.0155024 0.0155024
BinVal : 3 21 0.956522 0.0212613 0.0212613
BinVal : 3 22 0.974026 0.0181263 0.0181263
BinVal : 3 23 0.964912 0.0243716 0.0243716
BinVal : 3 24 0.959459 0.0229267 0.0229267
BinVal : 3 25 0.949153 0.0286007 0.0286007
BinVal : 3 26 1 0.0111375 0.0111375
BinVal : 3 27 1 0.00903559 0.00903559
BinVal : 3 28 1 0.00903559 0.00903559
BinVal : 3 29 1 0.0157046 0.0157046
BinVal : 3 30 1 0.012074 0.012074
BinVal : 3 31 1 0.0166125 0.0166125
BinVal : 3 32 0 0 0
BinVal : 3 33 0 0 0
BinVal : 3 34 0 0 0
BinVal : 3 35 0 0 0
BinVal : 3 36 0 0 0
BinVal : 3 37 0 0 0
BinVal : 3 38 0 0 0
BinVal : 3 39 0 0 0
BinVal : 3 40 0 0 0
BinVal : 3 41 0 0 0
BinVal : 3 42 0 0 0
BinVal : 3 43 0 0 0
BinVal : 4 0 0 0 0
BinVal : 4 1 0 0 0
BinVal : 4 2 0 0 0
BinVal : 4 3 0 0 0
BinVal : 4 4 0 0 0
BinVal : 4 5 0 0 0
BinVal : 4 6 0 0 0
BinVal : 4 7 0 0 0
BinVal : 4 8 0 0 0
BinVal : 4 9 0 0 0
BinVal : 4 10 0 0 0
BinVal : 4 11 0 0 0
BinVal : 4 12 1 0.0243611 0.0243611
BinVal : 4 13 0.964286 0.0350707 0.0350707
BinVal : 4 14 1 0.018786 0.018786
BinVal : 4 15 1 0.012074 0.012074
BinVal : 4 16 0.959184 0.0282664 0.0282664
BinVal : 4 17 0.973684 0.0259672 0.0259672
BinVal : 4 18 0.987654 0.0122692 0.0122692
BinVal : 4 19 0.971831 0.019636 0.019636
BinVal : 4 20 0.958333 0.0288424 0.0288424
BinVal : 4 21 0.957747 0.0238741 0.0238741
BinVal : 4 22 0.986667 0.0132441 0.0132441
BinVal : 4 23 0.946429 0.0300896 0.0300896
BinVal : 4 24 0.946429 0.0300896 0.0300896
BinVal : 4 25 0.944444 0.0311713 0.0311713
BinVal : 4 26 1 0.017632 0.017632
BinVal : 4 27 1 0.0101533 0.0101533
BinVal : 4 28 1 0.0145144 0.0145144
BinVal : 4 29 1 0.0161462 0.0161462
BinVal : 4 30 1 0.018786 0.018786
BinVal : 4 31 1 0.0216126 0.0216126
BinVal : 4 32 0 0 0
BinVal : 4 33 0 0 0
BinVal : 4 34 0 0 0
BinVal : 4 35 0 0 0
BinVal : 4 36 0 0 0
BinVal : 4 37 0 0 0
BinVal : 4 38 0 0 0
BinVal : 4 39 0 0 0
BinVal : 4 40 0 0 0
BinVal : 4 41 0 0 0
BinVal : 4 42 0 0 0
BinVal : 4 43 0 0 0
BinVal : 5 0 0 0 0
BinVal : 5 1 0 0 0
BinVal : 5 2 0 0 0
BinVal : 5 3 0 0 0
BinVal : 5 4 0 0 0
BinVal : 5 5 0 0 0
BinVal : 5 6 0 0 0
BinVal : 5 7 0 0 0
BinVal : 5 8 0 0 0
BinVal : 5 9 0 0 0
BinVal : 5 10 0 0 0
BinVal : 5 11 1 0.0668855 0.0668855
BinVal : 5 12 1 0.0216126 0.0216126
BinVal : 5 13 1 0.0141568 0.0141568
BinVal : 5 14 0.977778 0.0219739 0.0219739
BinVal : 5 15 1 0.0111375 0.0111375
BinVal : 5 16 1 0.00997686 0.00997686
BinVal : 5 17 0.97619 0.0235244 0.0235244
BinVal : 5 18 0.947368 0.0295764 0.0295764
BinVal : 5 19 1 0.0105252 0.0105252
BinVal : 5 20 0.968254 0.0220886 0.0220886
BinVal : 5 21 0.939024 0.0264247 0.0264247
BinVal : 5 22 1 0.00679159 0.00679159
BinVal : 5 23 0.984615 0.0152658 0.0152658
BinVal : 5 24 0.941176 0.0329478 0.0329478
BinVal : 5 25 0.983051 0.0168049 0.0168049
BinVal : 5 26 0.954545 0.0314022 0.0314022
BinVal : 5 27 1 0.00903559 0.00903559
BinVal : 5 28 0.977273 0.0224675 0.0224675
BinVal : 5 29 1 0.0111375 0.0111375
BinVal : 5 30 1 0.0145144 0.0145144
BinVal : 5 31 1 0.0181909 0.0181909
BinVal : 5 32 1 0.102643 0.102643
BinVal : 5 33 0 0 0
BinVal : 5 34 0 0 0
BinVal : 5 35 0 0 0
BinVal : 5 36 0 0 0
BinVal : 5 37 0 0 0
BinVal : 5 38 0 0 0
BinVal : 5 39 0 0 0
BinVal : 5 40 0 0 0
BinVal : 5 41 0 0 0
BinVal : 5 42 0 0 0
BinVal : 5 43 0 0 0
BinVal : 6 0 0 0 0
BinVal : 6 1 0 0 0
BinVal : 6 2 0 0 0
BinVal : 6 3 0 0 0
BinVal : 6 4 0 0 0
BinVal : 6 5 0 0 0
BinVal : 6 6 0 0 0
BinVal : 6 7 0 0 0
BinVal : 6 8 0 0 0
BinVal : 6 9 0 0 0
BinVal : 6 10 0 0 0
BinVal : 6 11 1 0.0422902 0.0422902
BinVal : 6 12 1 0.0368657 0.0368657
BinVal : 6 13 0.967742 0.0317335 0.0317335
BinVal : 6 14 1 0.0208287 0.0208287
BinVal : 6 15 1 0.018786 0.018786
BinVal : 6 16 0.964286 0.0350707 0.0350707
BinVal : 6 17 0.954545 0.0314022 0.0314022
BinVal : 6 18 0.933333 0.0371849 0.0371849
BinVal : 6 19 1 0.0254407 0.0254407
BinVal : 6 20 0.958333 0.0288424 0.0288424
BinVal : 6 21 1 0.0118251 0.0118251
BinVal : 6 22 1 0.00964212 0.00964212
BinVal : 6 23 1 0.012074 0.012074
BinVal : 6 24 0.972973 0.0266593 0.0266593
BinVal : 6 25 0.975 0.0246855 0.0246855
BinVal : 6 26 0.957447 0.0294425 0.0294425
BinVal : 6 27 0.964286 0.0350707 0.0350707
BinVal : 6 28 1 0.0131822 0.0131822
BinVal : 6 29 1 0.0208287 0.0208287
BinVal : 6 30 1 0.0254407 0.0254407
BinVal : 6 31 1 0.0243611 0.0243611
BinVal : 6 32 1 0.0756803 0.0756803
BinVal : 6 33 0 0 0
BinVal : 6 34 0 0 0
BinVal : 6 35 0 0 0
BinVal : 6 36 0 0 0
BinVal : 6 37 0 0 0
BinVal : 6 38 0 0 0
BinVal : 6 39 0 0 0
BinVal : 6 40 0 0 0
BinVal : 6 41 0 0 0
BinVal : 6 42 0 0 0
BinVal : 6 43 0 0 0
BinVal : 7 0 0 0 0
BinVal : 7 1 0 0 0
BinVal : 7 2 0 0 0
BinVal : 7 3 0 0 0
BinVal : 7 4 0 0 0
BinVal : 7 5 0 0 0
BinVal : 7 6 0 0 0
BinVal : 7 7 0 0 0
BinVal : 7 8 0 0 0
BinVal : 7 9 0 0 0
BinVal : 7 10 0 0 0
BinVal : 7 11 1 0.0668855 0.0668855
BinVal : 7 12 0.909091 0.0866784 0.0866784
BinVal : 7 13 1 0.0346427 0.0346427
BinVal : 7 14 0.9375 0.0605154 0.0605154
BinVal : 7 15 1 0.0141568 0.0141568
BinVal : 7 16 1 0.0309157 0.0309157
BinVal : 7 17 0.942857 0.0392347 0.0392347
BinVal : 7 18 0.888889 0.0604812 0.0604812
BinVal : 7 19 1 0.0181909 0.0181909
BinVal : 7 20 0.96875 0.0307578 0.0307578
BinVal : 7 21 1 0.0148902 0.0148902
BinVal : 7 22 1 0.0148902 0.0148902
BinVal : 7 23 0.961538 0.0377146 0.0377146
BinVal : 7 24 1 0.0224566 0.0224566
BinVal : 7 25 1 0.0216126 0.0216126
BinVal : 7 26 1 0.018786 0.018786
BinVal : 7 27 1 0.0346427 0.0346427
BinVal : 7 28 1 0.0279117 0.0279117
BinVal : 7 29 1 0.0326734 0.0326734
BinVal : 7 30 1 0.0309157 0.0309157
BinVal : 7 31 1 0.0243611 0.0243611
BinVal : 7 32 1 0.0756803 0.0756803
BinVal : 7 33 0 0 0
BinVal : 7 34 0 0 0
BinVal : 7 35 0 0 0
BinVal : 7 36 0 0 0
BinVal : 7 37 0 0 0
BinVal : 7 38 0 0 0
BinVal : 7 39 0 0 0
BinVal : 7 40 0 0 0
BinVal : 7 41 0 0 0
BinVal : 7 42 0 0 0
BinVal : 7 43 0 0 0
BinVal : 8 0 0 0 0
BinVal : 8 1 0 0 0
BinVal : 8 2 0 0 0
BinVal : 8 3 0 0 0
BinVal : 8 4 0 0 0
BinVal : 8 5 0 0 0
BinVal : 8 6 0 0 0
BinVal : 8 7 0 0 0
BinVal : 8 8 0 0 0
BinVal : 8 9 0 0 0
BinVal : 8 10 0 0 0
BinVal : 8 11 1 0.159077 0.159077
BinVal : 8 12 1 0.0495858 0.0495858
BinVal : 8 13 1 0.0368657 0.0368657
BinVal : 8 14 1 0.0254407 0.0254407
BinVal : 8 15 0.96 0.0391918 0.0391918
BinVal : 8 16 1 0.0243611 0.0243611
BinVal : 8 17 0.928571 0.0486704 0.0486704
BinVal : 8 18 0.916667 0.0564169 0.0564169
BinVal : 8 19 1 0.0266185 0.0266185
BinVal : 8 20 0.966667 0.0327731 0.0327731
BinVal : 8 21 1 0.0157046 0.0157046
BinVal : 8 22 0.869565 0.0702237 0.0702237
BinVal : 8 23 1 0.0326734 0.0326734
BinVal : 8 24 1 0.0233703 0.0233703
BinVal : 8 25 0.954545 0.0444095 0.0444095
BinVal : 8 26 0.967742 0.0317335 0.0317335
BinVal : 8 27 0.923077 0.0739053 0.0739053
BinVal : 8 28 1 0.0208287 0.0208287
BinVal : 8 29 1 0.0346427 0.0346427
BinVal : 8 30 1 0.0293374 0.0293374
BinVal : 8 31 1 0.0456491 0.0456491
BinVal : 8 32 1 0.0871301 0.0871301
BinVal : 8 33 0 0 0
BinVal : 8 34 0 0 0
BinVal : 8 35 0 0 0
BinVal : 8 36 0 0 0
BinVal : 8 37 0 0 0
BinVal : 8 38 0 0 0
BinVal : 8 39 0 0 0
BinVal : 8 40 0 0 0
BinVal : 8 41 0 0 0
BinVal : 8 42 0 0 0
BinVal : 8 43 0 0 0
BinVal : 9 0 0 0 0
BinVal : 9 1 0 0 0
BinVal : 9 2 0 0 0
BinVal : 9 3 0 0 0
BinVal : 9 4 0 0 0
BinVal : 9 5 0 0 0
BinVal : 9 6 0 0 0
BinVal : 9 7 0 0 0
BinVal : 9 8 0 0 0
BinVal : 9 9 0 0 0
BinVal : 9 10 0 0 0
BinVal : 9 11 1 0.102643 0.102643
BinVal : 9 12 1 0.0326734 0.0326734
BinVal : 9 13 1 0.0201001 0.0201001
BinVal : 9 14 0.956522 0.0425226 0.0425226
BinVal : 9 15 0.967742 0.0317335 0.0317335
BinVal : 9 16 0.894737 0.0704059 0.0704059
BinVal : 9 17 1 0.0138164 0.0138164
BinVal : 9 18 0.941176 0.0403526 0.0403526
BinVal : 9 19 1 0.0194201 0.0194201
BinVal : 9 20 0.972973 0.0266593 0.0266593
BinVal : 9 21 0.904762 0.0452948 0.0452948
BinVal : 9 22 0.965517 0.033883 0.033883
BinVal : 9 23 0.95 0.048734 0.048734
BinVal : 9 24 0.942857 0.0392347 0.0392347
BinVal : 9 25 0.947368 0.0362235 0.0362235
BinVal : 9 26 1 0.0166125 0.0166125
BinVal : 9 27 1 0.0233703 0.0233703
BinVal : 9 28 1 0.0161462 0.0161462
BinVal : 9 29 1 0.0224566 0.0224566
BinVal : 9 30 1 0.0201001 0.0201001
BinVal : 9 31 1 0.0422902 0.0422902
BinVal : 9 32 1 0.0756803 0.0756803
BinVal : 9 33 0 0 0
BinVal : 9 34 0 0 0
BinVal : 9 35 0 0 0
BinVal : 9 36 0 0 0
BinVal : 9 37 0 0 0
BinVal : 9 38 0 0 0
BinVal : 9 39 0 0 0
BinVal : 9 40 0 0 0
BinVal : 9 41 0 0 0
BinVal : 9 42 0 0 0
BinVal : 9 43 0 0 0
BinVal : 10 0 0 0 0
BinVal : 10 1 0 0 0
BinVal : 10 2 0 0 0
BinVal : 10 3 0 0 0
BinVal : 10 4 0 0 0
BinVal : 10 5 0 0 0
BinVal : 10 6 0 0 0
BinVal : 10 7 0 0 0
BinVal : 10 8 0 0 0
BinVal : 10 9 0 0 0
BinVal : 10 10 0 0 0
BinVal : 10 11 1 0.124824 0.124824
BinVal : 10 12 1 0.0243611 0.0243611
BinVal : 10 13 1 0.0131822 0.0131822
BinVal : 10 14 0.982759 0.0170921 0.0170921
BinVal : 10 15 1 0.0111375 0.0111375
BinVal : 10 16 0.979592 0.0201988 0.0201988
BinVal : 10 17 1 0.0128865 0.0128865
BinVal : 10 18 0.945455 0.0306209 0.0306209
BinVal : 10 19 1 0.00903559 0.00903559
BinVal : 10 20 0.980769 0.019045 0.019045
BinVal : 10 21 1 0.012074 0.012074
BinVal : 10 22 1 0.0128865 0.0128865
BinVal : 10 23 0.947368 0.0512278 0.0512278
BinVal : 10 24 0.983051 0.0168049 0.0168049
BinVal : 10 25 0.914286 0.0334594 0.0334594
BinVal : 10 26 0.947368 0.0362235 0.0362235
BinVal : 10 27 1 0.0103354 0.0103354
BinVal : 10 28 0.977273 0.0224675 0.0224675
BinVal : 10 29 1 0.0152869 0.0152869
BinVal : 10 30 0.972973 0.0266593 0.0266593
BinVal : 10 31 1 0.0208287 0.0208287
BinVal : 10 32 1 0.0871301 0.0871301
BinVal : 10 33 0 0 0
BinVal : 10 34 0 0 0
BinVal : 10 35 0 0 0
BinVal : 10 36 0 0 0
BinVal : 10 37 0 0 0
BinVal : 10 38 0 0 0
BinVal : 10 39 0 0 0
BinVal : 10 40 0 0 0
BinVal : 10 41 0 0 0
BinVal : 10 42 0 0 0
BinVal : 10 43 0 0 0
BinVal : 11 0 0 0 0
BinVal : 11 1 0 0 0
BinVal : 11 2 0 0 0
BinVal : 11 3 0 0 0
BinVal : 11 4 0 0 0
BinVal : 11 5 0 0 0
BinVal : 11 6 0 0 0
BinVal : 11 7 0 0 0
BinVal : 11 8 0 0 0
BinVal : 11 9 0 0 0
BinVal : 11 10 0 0 0
BinVal : 11 11 0 0 0
BinVal : 11 12 1 0.0309157 0.0309157
BinVal : 11 13 1 0.0194201 0.0194201
BinVal : 11 14 0.974359 0.0253102 0.0253102
BinVal : 11 15 1 0.0138164 0.0138164
BinVal : 11 16 1 0.0118251 0.0118251
BinVal : 11 17 1 0.0152869 0.0152869
BinVal : 11 18 0.984127 0.0157465 0.0157465
BinVal : 11 19 0.94 0.0335857 0.0335857
BinVal : 11 20 1 0.0131822 0.0131822
BinVal : 11 21 1 0.00850058 0.00850058
BinVal : 11 22 0.981481 0.0183463 0.0183463
BinVal : 11 23 0.964286 0.0350707 0.0350707
BinVal : 11 24 0.898305 0.0393492 0.0393492
BinVal : 11 25 0.916667 0.0356812 0.0356812
BinVal : 11 26 1 0.0157046 0.0157046
BinVal : 11 27 1 0.0105252 0.0105252
BinVal : 11 28 1 0.0123324 0.0123324
BinVal : 11 29 1 0.0131822 0.0131822
BinVal : 11 30 1 0.0216126 0.0216126
BinVal : 11 31 1 0.0326734 0.0326734
BinVal : 11 32 0 0 0
BinVal : 11 33 0 0 0
BinVal : 11 34 0 0 0
BinVal : 11 35 0 0 0
BinVal : 11 36 0 0 0
BinVal : 11 37 0 0 0
BinVal : 11 38 0 0 0
BinVal : 11 39 0 0 0
BinVal : 11 40 0 0 0
BinVal : 11 41 0 0 0
BinVal : 11 42 0 0 0
BinVal : 11 43 0 0 0
BinVal : 12 0 0 0 0
BinVal : 12 1 0 0 0
BinVal : 12 2 0 0 0
BinVal : 12 3 0 0 0
BinVal : 12 4 0 0 0
BinVal : 12 5 0 0 0
BinVal : 12 6 0 0 0
BinVal : 12 7 0 0 0
BinVal : 12 8 0 0 0
BinVal : 12 9 0 0 0
BinVal : 12 10 0 0 0
BinVal : 12 11 0 0 0
BinVal : 12 12 1 0.0293374 0.0293374
BinVal : 12 13 1 0.0293374 0.0293374
BinVal : 12 14 1 0.0161462 0.0161462
BinVal : 12 15 1 0.00980616 0.00980616
BinVal : 12 16 1 0.00997686 0.00997686
BinVal : 12 17 1 0.0123324 0.0123324
BinVal : 12 18 0.983051 0.0168049 0.0168049
BinVal : 12 19 1 0.00980616 0.00980616
BinVal : 12 20 0.960784 0.0271805 0.0271805
BinVal : 12 21 0.891304 0.0458923 0.0458923
BinVal : 12 22 0.962264 0.026175 0.026175
BinVal : 12 23 0.871795 0.0535337 0.0535337
BinVal : 12 24 0.877193 0.0434732 0.0434732
BinVal : 12 25 0.9375 0.0302577 0.0302577
BinVal : 12 26 1 0.0141568 0.0141568
BinVal : 12 27 1 0.00932837 0.00932837
BinVal : 12 28 1 0.0107217 0.0107217
BinVal : 12 29 1 0.0115867 0.0115867
BinVal : 12 30 1 0.0171075 0.0171075
BinVal : 12 31 1 0.0368657 0.0368657
BinVal : 12 32 0 0 0
BinVal : 12 33 0 0 0
BinVal : 12 34 0 0 0
BinVal : 12 35 0 0 0
BinVal : 12 36 0 0 0
BinVal : 12 37 0 0 0
BinVal : 12 38 0 0 0
BinVal : 12 39 0 0 0
BinVal : 12 40 0 0 0
BinVal : 12 41 0 0 0
BinVal : 12 42 0 0 0
BinVal : 12 43 0 0 0
BinVal : 13 0 0 0 0
BinVal : 13 1 0 0 0
BinVal : 13 2 0 0 0
BinVal : 13 3 0 0 0
BinVal : 13 4 0 0 0
BinVal : 13 5 0 0 0
BinVal : 13 6 0 0 0
BinVal : 13 7 0 0 0
BinVal : 13 8 0 0 0
BinVal : 13 9 0 0 0
BinVal : 13 10 0 0 0
BinVal : 13 11 1 0.0756803 0.0756803
BinVal : 13 12 1 0.0148902 0.0148902
BinVal : 13 13 0.979592 0.0201988 0.0201988
BinVal : 13 14 1 0.00850058 0.00850058
BinVal : 13 15 1 0.0101533 0.0101533
BinVal : 13 16 1 0.00791502 0.00791502
BinVal : 13 17 0.928571 0.0344151 0.0344151
BinVal : 13 18 0.941176 0.0285336 0.0285336
BinVal : 13 19 0.987805 0.0121205 0.0121205
BinVal : 13 20 0.930233 0.0274709 0.0274709
BinVal : 13 21 1 0.00948286 0.00948286
BinVal : 13 22 0.935065 0.0280812 0.0280812
BinVal : 13 23 0.917808 0.0321461 0.0321461
BinVal : 13 24 0.961039 0.0220516 0.0220516
BinVal : 13 25 0.924051 0.0298055 0.0298055
BinVal : 13 26 0.955224 0.0252661 0.0252661
BinVal : 13 27 0.981818 0.0180158 0.0180158
BinVal : 13 28 1 0.0074048 0.0074048
BinVal : 13 29 1 0.0126033 0.0126033
BinVal : 13 30 1 0.0123324 0.0123324
BinVal : 13 31 1 0.0216126 0.0216126
BinVal : 13 32 1 0.218486 0.218486
BinVal : 13 33 0 0 0
BinVal : 13 34 0 0 0
BinVal : 13 35 0 0 0
BinVal : 13 36 0 0 0
BinVal : 13 37 0 0 0
BinVal : 13 38 0 0 0
BinVal : 13 39 0 0 0
BinVal : 13 40 0 0 0
BinVal : 13 41 0 0 0
BinVal : 13 42 0 0 0
BinVal : 13 43 0 0 0
BinVal : 14 0 0 0 0
BinVal : 14 1 0 0 0
BinVal : 14 2 0 0 0
BinVal : 14 3 0 0 0
BinVal : 14 4 0 0 0
BinVal : 14 5 0 0 0
BinVal : 14 6 0 0 0
BinVal : 14 7 0 0 0
BinVal : 14 8 0 0 0
BinVal : 14 9 0 0 0
BinVal : 14 10 0 0 0
BinVal : 14 11 1 0.0368657 0.0368657
BinVal : 14 12 1 0.0138164 0.0138164
BinVal : 14 13 0.983871 0.0159984 0.0159984
BinVal : 14 14 1 0.00903559 0.00903559
BinVal : 14 15 0.987654 0.0122692 0.0122692
BinVal : 14 16 0.982759 0.0170921 0.0170921
BinVal : 14 17 0.957747 0.0238741 0.0238741
BinVal : 14 18 0.934783 0.025742 0.025742
BinVal : 14 19 1 0.0083766 0.0083766
BinVal : 14 20 0.980952 0.0133398 0.0133398
BinVal : 14 21 0.974026 0.0181263 0.0181263
BinVal : 14 22 0.9625 0.0212408 0.0212408
BinVal : 14 23 0.884211 0.0328285 0.0328285
BinVal : 14 24 0.956522 0.0245504 0.0245504
BinVal : 14 25 0.968421 0.0179419 0.0179419
BinVal : 14 26 0.945946 0.0262864 0.0262864
BinVal : 14 27 0.983607 0.0162585 0.0162585
BinVal : 14 28 1 0.00620508 0.00620508
BinVal : 14 29 0.986667 0.0132441 0.0132441
BinVal : 14 30 1 0.0113578 0.0113578
BinVal : 14 31 1 0.0131822 0.0131822
BinVal : 14 32 1 0.0456491 0.0456491
BinVal : 14 33 0 0 0
BinVal : 14 34 0 0 0
BinVal : 14 35 0 0 0
BinVal : 14 36 0 0 0
BinVal : 14 37 0 0 0
BinVal : 14 38 0 0 0
BinVal : 14 39 0 0 0
BinVal : 14 40 0 0 0
BinVal : 14 41 0 0 0
BinVal : 14 42 0 0 0
BinVal : 14 43 0 0 0
BinVal : 15 0 0 0 0
BinVal : 15 1 0 0 0
BinVal : 15 2 0 0 0
BinVal : 15 3 0 0 0
BinVal : 15 4 0 0 0
BinVal : 15 5 0 0 0
BinVal : 15 6 0 0 0
BinVal : 15 7 0 0 0
BinVal : 15 8 0 0 0
BinVal : 15 9 0 0 0
BinVal : 15 10 0 0 0
BinVal : 15 11 1 0.0871301 0.0871301
BinVal : 15 12 1 0.018786 0.018786
BinVal : 15 13 0.97619 0.0235244 0.0235244
BinVal : 15 14 1 0.012074 0.012074
BinVal : 15 15 1 0.00875998 0.00875998
BinVal : 15 16 0.966102 0.02356 0.02356
BinVal : 15 17 0.894737 0.0406489 0.0406489
BinVal : 15 18 0.973333 0.0186031 0.0186031
BinVal : 15 19 0.986667 0.0132441 0.0132441
BinVal : 15 20 0.967391 0.0185171 0.0185171
BinVal : 15 21 0.949153 0.0286007 0.0286007
BinVal : 15 22 0.973684 0.0149922 0.0149922
BinVal : 15 23 0.920455 0.0288448 0.0288448
BinVal : 15 24 0.971429 0.0199123 0.0199123
BinVal : 15 25 0.910256 0.0323621 0.0323621
BinVal : 15 26 0.964706 0.0200142 0.0200142
BinVal : 15 27 1 0.0138164 0.0138164
BinVal : 15 28 1 0.00721884 0.00721884
BinVal : 15 29 1 0.00980616 0.00980616
BinVal : 15 30 1 0.0109258 0.0109258
BinVal : 15 31 0.975 0.0246855 0.0246855
BinVal : 15 32 1 0.0309157 0.0309157
BinVal : 15 33 0 0 0
BinVal : 15 34 0 0 0
BinVal : 15 35 0 0 0
BinVal : 15 36 0 0 0
BinVal : 15 37 0 0 0
BinVal : 15 38 0 0 0
BinVal : 15 39 0 0 0
BinVal : 15 40 0 0 0
BinVal : 15 41 0 0 0
BinVal : 15 42 0 0 0
BinVal : 15 43 0 0 0
BinVal : 16 0 0 0 0
BinVal : 16 1 0 0 0
BinVal : 16 2 0 0 0
BinVal : 16 3 0 0 0
BinVal : 16 4 0 0 0
BinVal : 16 5 0 0 0
BinVal : 16 6 0 0 0
BinVal : 16 7 0 0 0
BinVal : 16 8 0 0 0
BinVal : 16 9 0 0 0
BinVal : 16 10 0 0 0
BinVal : 16 11 1 0.0309157 0.0309157
BinVal : 16 12 1 0.0309157 0.0309157
BinVal : 16 13 1 0.0123324 0.0123324
BinVal : 16 14 1 0.00932837 0.00932837
BinVal : 16 15 1 0.00932837 0.00932837
BinVal : 16 16 0.983607 0.0162585 0.0162585
BinVal : 16 17 0.923077 0.0330515 0.0330515
BinVal : 16 18 0.902778 0.0349146 0.0349146
BinVal : 16 19 0.973333 0.0186031 0.0186031
BinVal : 16 20 0.967033 0.0187172 0.0187172
BinVal : 16 21 0.987342 0.0125779 0.0125779
BinVal : 16 22 0.990741 0.00921629 0.00921629
BinVal : 16 23 0.891304 0.0324508 0.0324508
BinVal : 16 24 0.982143 0.017697 0.017697
BinVal : 16 25 0.989011 0.0109285 0.0109285
BinVal : 16 26 0.890244 0.0345193 0.0345193
BinVal : 16 27 1 0.0101533 0.0101533
BinVal : 16 28 1 0.00850058 0.00850058
BinVal : 16 29 1 0.0103354 0.0103354
BinVal : 16 30 1 0.0113578 0.0113578
BinVal : 16 31 1 0.0134912 0.0134912
BinVal : 16 32 1 0.0422902 0.0422902
BinVal : 16 33 0 0 0
BinVal : 16 34 0 0 0
BinVal : 16 35 0 0 0
BinVal : 16 36 0 0 0
BinVal : 16 37 0 0 0
BinVal : 16 38 0 0 0
BinVal : 16 39 0 0 0
BinVal : 16 40 0 0 0
BinVal : 16 41 0 0 0
BinVal : 16 42 0 0 0
BinVal : 16 43 0 0 0
BinVal : 17 0 0 0 0
BinVal : 17 1 0 0 0
BinVal : 17 2 0 0 0
BinVal : 17 3 0 0 0
BinVal : 17 4 0 0 0
BinVal : 17 5 0 0 0
BinVal : 17 6 0 0 0
BinVal : 17 7 0 0 0
BinVal : 17 8 0 0 0
BinVal : 17 9 0 0 0
BinVal : 17 10 0 0 0
BinVal : 17 11 1 0.0326734 0.0326734
BinVal : 17 12 1 0.0128865 0.0128865
BinVal : 17 13 1 0.00917959 0.00917959
BinVal : 17 14 1 0.00813913 0.00813913
BinVal : 17 15 1 0.00560045 0.00560045
BinVal : 17 16 0.973684 0.0183616 0.0183616
BinVal : 17 17 0.97561 0.0170349 0.0170349
BinVal : 17 18 0.912088 0.029684 0.029684
BinVal : 17 19 0.988235 0.0116953 0.0116953
BinVal : 17 20 0.968254 0.015619 0.015619
BinVal : 17 21 0.979798 0.01414 0.01414
BinVal : 17 22 0.984496 0.0108776 0.0108776
BinVal : 17 23 0.972973 0.0153918 0.0153918
BinVal : 17 24 0.975309 0.0172425 0.0172425
BinVal : 17 25 0.961039 0.0220516 0.0220516
BinVal : 17 26 0.956989 0.0210378 0.0210378
BinVal : 17 27 0.972222 0.0193671 0.0193671
BinVal : 17 28 1 0.00648546 0.00648546
BinVal : 17 29 0.988095 0.0118337 0.0118337
BinVal : 17 30 1 0.00802565 0.00802565
BinVal : 17 31 0.983051 0.0168049 0.0168049
BinVal : 17 32 1 0.0233703 0.0233703
BinVal : 17 33 0 0 0
BinVal : 17 34 0 0 0
BinVal : 17 35 0 0 0
BinVal : 17 36 0 0 0
BinVal : 17 37 0 0 0
BinVal : 17 38 0 0 0
BinVal : 17 39 0 0 0
BinVal : 17 40 0 0 0
BinVal : 17 41 0 0 0
BinVal : 17 42 0 0 0
BinVal : 17 43 0 0 0
BinVal : 18 0 0 0 0
BinVal : 18 1 0 0 0
BinVal : 18 2 0 0 0
BinVal : 18 3 0 0 0
BinVal : 18 4 0 0 0
BinVal : 18 5 0 0 0
BinVal : 18 6 0 0 0
BinVal : 18 7 0 0 0
BinVal : 18 8 0 0 0
BinVal : 18 9 0 0 0
BinVal : 18 10 0 0 0
BinVal : 18 11 1 0.0599198 0.0599198
BinVal : 18 12 1 0.0113578 0.0113578
BinVal : 18 13 1 0.0115867 0.0115867
BinVal : 18 14 1 0.00582743 0.00582743
BinVal : 18 15 1 0.00634241 0.00634241
BinVal : 18 16 0.983607 0.0162585 0.0162585
BinVal : 18 17 0.983871 0.0159984 0.0159984
BinVal : 18 18 0.939759 0.0261165 0.0261165
BinVal : 18 19 0.974684 0.0176734 0.0176734
BinVal : 18 20 0.991453 0.0085104 0.0085104
BinVal : 18 21 0.945652 0.0236354 0.0236354
BinVal : 18 22 0.947368 0.0209137 0.0209137
BinVal : 18 23 0.969072 0.0175779 0.0175779
BinVal : 18 24 0.979592 0.0142827 0.0142827
BinVal : 18 25 0.914634 0.0308574 0.0308574
BinVal : 18 26 0.96875 0.0217491 0.0217491
BinVal : 18 27 1 0.00663519 0.00663519
BinVal : 18 28 1 0.0074048 0.0074048
BinVal : 18 29 1 0.00770235 0.00770235
BinVal : 18 30 1 0.00875998 0.00875998
BinVal : 18 31 1 0.0101533 0.0101533
BinVal : 18 32 1 0.0599198 0.0599198
BinVal : 18 33 0 0 0
BinVal : 18 34 0 0 0
BinVal : 18 35 0 0 0
BinVal : 18 36 0 0 0
BinVal : 18 37 0 0 0
BinVal : 18 38 0 0 0
BinVal : 18 39 0 0 0
BinVal : 18 40 0 0 0
BinVal : 18 41 0 0 0
BinVal : 18 42 0 0 0
BinVal : 18 43 0 0 0
BinVal : 19 0 0 0 0
BinVal : 19 1 0 0 0
BinVal : 19 2 0 0 0
BinVal : 19 3 0 0 0
BinVal : 19 4 0 0 0
BinVal : 19 5 0 0 0
BinVal : 19 6 0 0 0
BinVal : 19 7 0 0 0
BinVal : 19 8 0 0 0
BinVal : 19 9 0 0 0
BinVal : 19 10 0 0 0
BinVal : 19 11 0 0 0
BinVal : 19 12 0.947368 0.0512278 0.0512278
BinVal : 19 13 1 0.0128865 0.0128865
BinVal : 19 14 0.982456 0.0173893 0.0173893
BinVal : 19 15 1 0.0109258 0.0109258
BinVal : 19 16 0.983871 0.0159984 0.0159984
BinVal : 19 17 1 0.0141568 0.0141568
BinVal : 19 18 0.85 0.0564579 0.0564579
BinVal : 19 19 0.927711 0.0284252 0.0284252
BinVal : 19 20 0.915254 0.036258 0.036258
BinVal : 19 21 0.9375 0.0302577 0.0302577
BinVal : 19 22 0.910256 0.0323621 0.0323621
BinVal : 19 23 0.894737 0.0406489 0.0406489
BinVal : 19 24 0.982456 0.0173893 0.0173893
BinVal : 19 25 0.933333 0.0371849 0.0371849
BinVal : 19 26 0.955556 0.0307207 0.0307207
BinVal : 19 27 1 0.00964212 0.00964212
BinVal : 19 28 1 0.00980616 0.00980616
BinVal : 19 29 1 0.0145144 0.0145144
BinVal : 19 30 1 0.0166125 0.0166125
BinVal : 19 31 1 0.0279117 0.0279117
BinVal : 19 32 0 0 0
BinVal : 19 33 0 0 0
BinVal : 19 34 0 0 0
BinVal : 19 35 0 0 0
BinVal : 19 36 0 0 0
BinVal : 19 37 0 0 0
BinVal : 19 38 0 0 0
BinVal : 19 39 0 0 0
BinVal : 19 40 0 0 0
BinVal : 19 41 0 0 0
BinVal : 19 42 0 0 0
BinVal : 19 43 0 0 0
BinVal : 20 0 0 0 0
BinVal : 20 1 0 0 0
BinVal : 20 2 0 0 0
BinVal : 20 3 0 0 0
BinVal : 20 4 0 0 0
BinVal : 20 5 0 0 0
BinVal : 20 6 0 0 0
BinVal : 20 7 0 0 0
BinVal : 20 8 0 0 0
BinVal : 20 9 0 0 0
BinVal : 20 10 0 0 0
BinVal : 20 11 0 0 0
BinVal : 20 12 1 0.0293374 0.0293374
BinVal : 20 13 1 0.0123324 0.0123324
BinVal : 20 14 1 0.00980616 0.00980616
BinVal : 20 15 1 0.00850058 0.00850058
BinVal : 20 16 1 0.0216126 0.0216126
BinVal : 20 17 0.916667 0.0797856 0.0797856
BinVal : 20 18 0.916667 0.0797856 0.0797856
BinVal : 20 19 0.857143 0.046761 0.046761
BinVal : 20 20 0.897727 0.0323006 0.0323006
BinVal : 20 21 0.903226 0.0306575 0.0306575
BinVal : 20 22 0.895349 0.033008 0.033008
BinVal : 20 23 0.9625 0.0212408 0.0212408
BinVal : 20 24 0.886792 0.0435222 0.0435222
BinVal : 20 25 0.75 0.125 0.125
BinVal : 20 26 0.857143 0.093522 0.093522
BinVal : 20 27 1 0.0216126 0.0216126
BinVal : 20 28 1 0.0107217 0.0107217
BinVal : 20 29 1 0.0128865 0.0128865
BinVal : 20 30 1 0.0138164 0.0138164
BinVal : 20 31 1 0.0201001 0.0201001
BinVal : 20 32 0 0 0
BinVal : 20 33 0 0 0
BinVal : 20 34 0 0 0
BinVal : 20 35 0 0 0
BinVal : 20 36 0 0 0
BinVal : 20 37 0 0 0
BinVal : 20 38 0 0 0
BinVal : 20 39 0 0 0
BinVal : 20 40 0 0 0
BinVal : 20 41 0 0 0
BinVal : 20 42 0 0 0
BinVal : 20 43 0 0 0
BinVal : 21 0 0 0 0
BinVal : 21 1 0 0 0
BinVal : 21 2 0 0 0
BinVal : 21 3 0 0 0
BinVal : 21 4 0 0 0
BinVal : 21 5 0 0 0
BinVal : 21 6 0 0 0
BinVal : 21 7 0 0 0
BinVal : 21 8 0 0 0
BinVal : 21 9 0 0 0
BinVal : 21 10 0 0 0
BinVal : 21 11 1 0.0871301 0.0871301
BinVal : 21 12 1 0.017632 0.017632
BinVal : 21 13 1 0.0128865 0.0128865
BinVal : 21 14 0.971831 0.019636 0.019636
BinVal : 21 15 1 0.00964212 0.00964212
BinVal : 21 16 0.75 0.153093 0.153093
BinVal : 21 17 0.951807 0.0235086 0.0235086
BinVal : 21 18 0.833333 0.062113 0.062113
BinVal : 21 19 0.94186 0.0252336 0.0252336
BinVal : 21 20 0.928571 0.0260154 0.0260154
BinVal : 21 21 0.920354 0.0254695 0.0254695
BinVal : 21 22 0.971698 0.0161072 0.0161072
BinVal : 21 23 0.865169 0.0362035 0.0362035
BinVal : 21 24 0.817204 0.0400781 0.0400781
BinVal : 21 25 0.756757 0.0705339 0.0705339
BinVal : 21 26 0.931507 0.0295635 0.0295635
BinVal : 21 27 1 0.0495858 0.0495858
BinVal : 21 28 0.958904 0.0232341 0.0232341
BinVal : 21 29 1 0.00721884 0.00721884
BinVal : 21 30 1 0.00932837 0.00932837
BinVal : 21 31 1 0.0118251 0.0118251
BinVal : 21 32 1 0.0756803 0.0756803
BinVal : 21 33 0 0 0
BinVal : 21 34 0 0 0
BinVal : 21 35 0 0 0
BinVal : 21 36 0 0 0
BinVal : 21 37 0 0 0
BinVal : 21 38 0 0 0
BinVal : 21 39 0 0 0
BinVal : 21 40 0 0 0
BinVal : 21 41 0 0 0
BinVal : 21 42 0 0 0
BinVal : 21 43 0 0 0
BinVal : 22 0 0 0 0
BinVal : 22 1 0 0 0
BinVal : 22 2 0 0 0
BinVal : 22 3 0 0 0
BinVal : 22 4 0 0 0
BinVal : 22 5 0 0 0
BinVal : 22 6 0 0 0
BinVal : 22 7 0 0 0
BinVal : 22 8 0 0 0
BinVal : 22 9 0 0 0
BinVal : 22 10 0 0 0
BinVal : 22 11 1 0.039392 0.039392
BinVal : 22 12 0.978723 0.021049 0.021049
BinVal : 22 13 1 0.00948286 0.00948286
BinVal : 22 14 1 0.00731039 0.00731039
BinVal : 22 15 1 0.0131822 0.0131822
BinVal : 22 16 0 0 0
BinVal : 22 17 0 0 0
BinVal : 22 18 0 0 0
BinVal : 22 19 0 0 0
BinVal : 22 20 0 0 0
BinVal : 22 21 0 0 0
BinVal : 22 22 1 0.218486 0.218486
BinVal : 22 23 0 0 0
BinVal : 22 24 0 0 0
BinVal : 22 25 0 0 0
BinVal : 22 26 0 0 0
BinVal : 22 27 0 0 0
BinVal : 22 28 1 0.0131822 0.0131822
BinVal : 22 29 1 0.00875998 0.00875998
BinVal : 22 30 1 0.0105252 0.0105252
BinVal : 22 31 1 0.0152869 0.0152869
BinVal : 22 32 1 0.0233703 0.0233703
BinVal : 22 33 0 0 0
BinVal : 22 34 0 0 0
BinVal : 22 35 0 0 0
BinVal : 22 36 0 0 0
BinVal : 22 37 0 0 0
BinVal : 22 38 0 0 0
BinVal : 22 39 0 0 0
BinVal : 22 40 0 0 0
BinVal : 22 41 0 0 0
BinVal : 22 42 0 0 0
BinVal : 22 43 0 0 0
BinVal : 23 0 0 0 0
BinVal : 23 1 0 0 0
BinVal : 23 2 0 0 0
BinVal : 23 3 0 0 0
BinVal : 23 4 0 0 0
BinVal : 23 5 0 0 0
BinVal : 23 6 0 0 0
BinVal : 23 7 0 0 0
BinVal : 23 8 0 0 0
BinVal : 23 9 0 0 0
BinVal : 23 10 0 0 0
BinVal : 23 11 1 0.0309157 0.0309157
BinVal : 23 12 1 0.0152869 0.0152869
BinVal : 23 13 1 0.0134912 0.0134912
BinVal : 23 14 1 0.00903559 0.00903559
BinVal : 23 15 1 0.0208287 0.0208287
BinVal : 23 16 0 0 0
BinVal : 23 17 0 0 0
BinVal : 23 18 0 0 0
BinVal : 23 19 0 0 0
BinVal : 23 20 0 0 0
BinVal : 23 21 0 0 0
BinVal : 23 22 0 0 0
BinVal : 23 23 0 0 0
BinVal : 23 24 0 0 0
BinVal : 23 25 0 0 0
BinVal : 23 26 0 0 0
BinVal : 23 27 0 0 0
BinVal : 23 28 1 0.0171075 0.0171075
BinVal : 23 29 1 0.00980616 0.00980616
BinVal : 23 30 0.974359 0.0253102 0.0253102
BinVal : 23 31 1 0.0224566 0.0224566
BinVal : 23 32 1 0.0346427 0.0346427
BinVal : 23 33 0 0 0
BinVal : 23 34 0 0 0
BinVal : 23 35 0 0 0
BinVal : 23 36 0 0 0
BinVal : 23 37 0 0 0
BinVal : 23 38 0 0 0
BinVal : 23 39 0 0 0
BinVal : 23 40 0 0 0
BinVal : 23 41 0 0 0
BinVal : 23 42 0 0 0
BinVal : 23 43 0 0 0
BinVal : 24 0 0 0 0
BinVal : 24 1 0 0 0
BinVal : 24 2 0 0 0
BinVal : 24 3 0 0 0
BinVal : 24 4 0 0 0
BinVal : 24 5 0 0 0
BinVal : 24 6 0 0 0
BinVal : 24 7 0 0 0
BinVal : 24 8 0 0 0
BinVal : 24 9 0 0 0
BinVal : 24 10 0 0 0
BinVal : 24 11 1 0.0368657 0.0368657
BinVal : 24 12 1 0.0224566 0.0224566
BinVal : 24 13 1 0.0134912 0.0134912
BinVal : 24 14 1 0.012074 0.012074
BinVal : 24 15 1 0.0194201 0.0194201
BinVal : 24 16 0 0 0
BinVal : 24 17 0 0 0
BinVal : 24 18 0 0 0
BinVal : 24 19 0 0 0
BinVal : 24 20 0 0 0
BinVal : 24 21 0 0 0
BinVal : 24 22 0 0 0
BinVal : 24 23 0 0 0
BinVal : 24 24 0 0 0
BinVal : 24 25 0 0 0
BinVal : 24 26 0 0 0
BinVal : 24 27 0 0 0
BinVal : 24 28 1 0.0224566 0.0224566
BinVal : 24 29 1 0.00932837 0.00932837
BinVal : 24 30 1 0.0161462 0.0161462
BinVal : 24 31 1 0.0148902 0.0148902
BinVal : 24 32 1 0.039392 0.039392
BinVal : 24 33 0 0 0
BinVal : 24 34 0 0 0
BinVal : 24 35 0 0 0
BinVal : 24 36 0 0 0
BinVal : 24 37 0 0 0
BinVal : 24 38 0 0 0
BinVal : 24 39 0 0 0
BinVal : 24 40 0 0 0
BinVal : 24 41 0 0 0
BinVal : 24 42 0 0 0
BinVal : 24 43 0 0 0
BinVal : 25 0 0 0 0
BinVal : 25 1 0 0 0
BinVal : 25 2 0 0 0
BinVal : 25 3 0 0 0
BinVal : 25 4 0 0 0
BinVal : 25 5 0 0 0
BinVal : 25 6 0 0 0
BinVal : 25 7 0 0 0
BinVal : 25 8 0 0 0
BinVal : 25 9 0 0 0
BinVal : 25 10 0 0 0
BinVal : 25 11 1 0.0243611 0.0243611
BinVal : 25 12 1 0.0141568 0.0141568
BinVal : 25 13 1 0.0118251 0.0118251
BinVal : 25 14 1 0.00813913 0.00813913
BinVal : 25 15 1 0.018786 0.018786
BinVal : 25 16 0 0 0
BinVal : 25 17 0 0 0
BinVal : 25 18 0 0 0
BinVal : 25 19 0 0 0
BinVal : 25 20 0 0 0
BinVal : 25 21 0 0 0
BinVal : 25 22 0 0 0
BinVal : 25 23 0 0 0
BinVal : 25 24 0 0 0
BinVal : 25 25 1 0.218486 0.218486
BinVal : 25 26 0 0 0
BinVal : 25 27 0 0 0
BinVal : 25 28 0.979167 0.0206152 0.0206152
BinVal : 25 29 1 0.0101533 0.0101533
BinVal : 25 30 1 0.0109258 0.0109258
BinVal : 25 31 1 0.0109258 0.0109258
BinVal : 25 32 1 0.0279117 0.0279117
BinVal : 25 33 0 0 0
BinVal : 25 34 0 0 0
BinVal : 25 35 0 0 0
BinVal : 25 36 0 0 0
BinVal : 25 37 0 0 0
BinVal : 25 38 0 0 0
BinVal : 25 39 0 0 0
BinVal : 25 40 0 0 0
BinVal : 25 41 0 0 0
BinVal : 25 42 0 0 0
BinVal : 25 43 0 0 0
BinVal : 26 0 0 0 0
BinVal : 26 1 0 0 0
BinVal : 26 2 0 0 0
BinVal : 26 3 0 0 0
BinVal : 26 4 0 0 0
BinVal : 26 5 0 0 0
BinVal : 26 6 0 0 0
BinVal : 26 7 0 0 0
BinVal : 26 8 0 0 0
BinVal : 26 9 0 0 0
BinVal : 26 10 0 0 0
BinVal : 26 11 1 0.102643 0.102643
BinVal : 26 12 1 0.0145144 0.0145144
BinVal : 26 13 1 0.0105252 0.0105252
BinVal : 26 14 1 0.00932837 0.00932837
BinVal : 26 15 1 0.0111375 0.0111375
BinVal : 26 16 1 0.218486 0.218486
BinVal : 26 17 0.824561 0.0503775 0.0503775
BinVal : 26 18 0.885714 0.0537785 0.0537785
BinVal : 26 19 0.924051 0.0298055 0.0298055
BinVal : 26 20 0.935065 0.0280812 0.0280812
BinVal : 26 21 0.946667 0.0259458 0.0259458
BinVal : 26 22 0.924731 0.0273573 0.0273573
BinVal : 26 23 0.950617 0.024074 0.024074
BinVal : 26 24 0.90411 0.0344617 0.0344617
BinVal : 26 25 0.787879 0.0711647 0.0711647
BinVal : 26 26 0.947368 0.0362235 0.0362235
BinVal : 26 27 0.833333 0.152145 0.152145
BinVal : 26 28 1 0.0118251 0.0118251
BinVal : 26 29 1 0.00932837 0.00932837
BinVal : 26 30 1 0.0115867 0.0115867
BinVal : 26 31 1 0.0113578 0.0113578
BinVal : 26 32 1 0.0668855 0.0668855
BinVal : 26 33 0 0 0
BinVal : 26 34 0 0 0
BinVal : 26 35 0 0 0
BinVal : 26 36 0 0 0
BinVal : 26 37 0 0 0
BinVal : 26 38 0 0 0
BinVal : 26 39 0 0 0
BinVal : 26 40 0 0 0
BinVal : 26 41 0 0 0
BinVal : 26 42 0 0 0
BinVal : 26 43 0 0 0
BinVal : 27 0 0 0 0
BinVal : 27 1 0 0 0
BinVal : 27 2 0 0 0
BinVal : 27 3 0 0 0
BinVal : 27 4 0 0 0
BinVal : 27 5 0 0 0
BinVal : 27 6 0 0 0
BinVal : 27 7 0 0 0
BinVal : 27 8 0 0 0
BinVal : 27 9 0 0 0
BinVal : 27 10 0 0 0
BinVal : 27 11 0 0 0
BinVal : 27 12 1 0.0309157 0.0309157
BinVal : 27 13 0.975 0.0246855 0.0246855
BinVal : 27 14 1 0.0166125 0.0166125
BinVal : 27 15 1 0.00903559 0.00903559
BinVal : 27 16 1 0.0233703 0.0233703
BinVal : 27 17 0.9375 0.0605154 0.0605154
BinVal : 27 18 0.857143 0.13226 0.13226
BinVal : 27 19 0.866667 0.0506745 0.0506745
BinVal : 27 20 0.939024 0.0264247 0.0264247
BinVal : 27 21 0.969388 0.0174014 0.0174014
BinVal : 27 22 0.901786 0.0281209 0.0281209
BinVal : 27 23 0.891892 0.0360969 0.0360969
BinVal : 27 24 0.886792 0.0435222 0.0435222
BinVal : 27 25 0.714286 0.120736 0.120736
BinVal : 27 26 0.818182 0.116291 0.116291
BinVal : 27 27 1 0.0152869 0.0152869
BinVal : 27 28 0.982759 0.0170921 0.0170921
BinVal : 27 29 1 0.0107217 0.0107217
BinVal : 27 30 1 0.0131822 0.0131822
BinVal : 27 31 1 0.0326734 0.0326734
BinVal : 27 32 0 0 0
BinVal : 27 33 0 0 0
BinVal : 27 34 0 0 0
BinVal : 27 35 0 0 0
BinVal : 27 36 0 0 0
BinVal : 27 37 0 0 0
BinVal : 27 38 0 0 0
BinVal : 27 39 0 0 0
BinVal : 27 40 0 0 0
BinVal : 27 41 0 0 0
BinVal : 27 42 0 0 0
BinVal : 27 43 0 0 0
BinVal : 28 0 0 0 0
BinVal : 28 1 0 0 0
BinVal : 28 2 0 0 0
BinVal : 28 3 0 0 0
BinVal : 28 4 0 0 0
BinVal : 28 5 0 0 0
BinVal : 28 6 0 0 0
BinVal : 28 7 0 0 0
BinVal : 28 8 0 0 0
BinVal : 28 9 0 0 0
BinVal : 28 10 0 0 0
BinVal : 28 11 0 0 0
BinVal : 28 12 1 0.0254407 0.0254407
BinVal : 28 13 1 0.0171075 0.0171075
BinVal : 28 14 1 0.0131822 0.0131822
BinVal : 28 15 1 0.0105252 0.0105252
BinVal : 28 16 1 0.00850058 0.00850058
BinVal : 28 17 0.97561 0.024091 0.024091
BinVal : 28 18 0.941176 0.0403526 0.0403526
BinVal : 28 19 0.972603 0.0191056 0.0191056
BinVal : 28 20 0.909091 0.0433392 0.0433392
BinVal : 28 21 0.882353 0.0349464 0.0349464
BinVal : 28 22 0.917808 0.0321461 0.0321461
BinVal : 28 23 0.90625 0.0364351 0.0364351
BinVal : 28 24 0.868421 0.038775 0.038775
BinVal : 28 25 0.918919 0.0448743 0.0448743
BinVal : 28 26 1 0.0152869 0.0152869
BinVal : 28 27 1 0.00903559 0.00903559
BinVal : 28 28 1 0.00948286 0.00948286
BinVal : 28 29 0.981132 0.0186891 0.0186891
BinVal : 28 30 1 0.0161462 0.0161462
BinVal : 28 31 1 0.0254407 0.0254407
BinVal : 28 32 0 0 0
BinVal : 28 33 0 0 0
BinVal : 28 34 0 0 0
BinVal : 28 35 0 0 0
BinVal : 28 36 0 0 0
BinVal : 28 37 0 0 0
BinVal : 28 38 0 0 0
BinVal : 28 39 0 0 0
BinVal : 28 40 0 0 0
BinVal : 28 41 0 0 0
BinVal : 28 42 0 0 0
BinVal : 28 43 0 0 0
BinVal : 29 0 0 0 0
BinVal : 29 1 0 0 0
BinVal : 29 2 0 0 0
BinVal : 29 3 0 0 0
BinVal : 29 4 0 0 0
BinVal : 29 5 0 0 0
BinVal : 29 6 0 0 0
BinVal : 29 7 0 0 0
BinVal : 29 8 0 0 0
BinVal : 29 9 0 0 0
BinVal : 29 10 0 0 0
BinVal : 29 11 1 0.0326734 0.0326734
BinVal : 29 12 0.972973 0.0266593 0.0266593
BinVal : 29 13 1 0.0111375 0.0111375
BinVal : 29 14 1 0.00948286 0.00948286
BinVal : 29 15 1 0.0101533 0.0101533
BinVal : 29 16 1 0.00862837 0.00862837
BinVal : 29 17 0.984615 0.0152658 0.0152658
BinVal : 29 18 0.944444 0.0311713 0.0311713
BinVal : 29 19 0.988372 0.0115601 0.0115601
BinVal : 29 20 0.974684 0.0176734 0.0176734
BinVal : 29 21 0.978947 0.0147289 0.0147289
BinVal : 29 22 0.988889 0.0110492 0.0110492
BinVal : 29 23 0.914634 0.0308574 0.0308574
BinVal : 29 24 0.925234 0.0254265 0.0254265
BinVal : 29 25 0.852941 0.0350675 0.0350675
BinVal : 29 26 0.936508 0.0307217 0.0307217
BinVal : 29 27 1 0.00750113 0.00750113
BinVal : 29 28 1 0.00731039 0.00731039
BinVal : 29 29 1 0.00875998 0.00875998
BinVal : 29 30 1 0.0105252 0.0105252
BinVal : 29 31 1 0.0148902 0.0148902
BinVal : 29 32 1 0.0495858 0.0495858
BinVal : 29 33 0 0 0
BinVal : 29 34 0 0 0
BinVal : 29 35 0 0 0
BinVal : 29 36 0 0 0
BinVal : 29 37 0 0 0
BinVal : 29 38 0 0 0
BinVal : 29 39 0 0 0
BinVal : 29 40 0 0 0
BinVal : 29 41 0 0 0
BinVal : 29 42 0 0 0
BinVal : 29 43 0 0 0
BinVal : 30 0 0 0 0
BinVal : 30 1 0 0 0
BinVal : 30 2 0 0 0
BinVal : 30 3 0 0 0
BinVal : 30 4 0 0 0
BinVal : 30 5 0 0 0
BinVal : 30 6 0 0 0
BinVal : 30 7 0 0 0
BinVal : 30 8 0 0 0
BinVal : 30 9 0 0 0
BinVal : 30 10 0 0 0
BinVal : 30 11 1 0.0279117 0.0279117
BinVal : 30 12 1 0.0138164 0.0138164
BinVal : 30 13 1 0.00948286 0.00948286
BinVal : 30 14 1 0.00825644 0.00825644
BinVal : 30 15 1 0.0083766 0.0083766
BinVal : 30 16 0.955224 0.0252661 0.0252661
BinVal : 30 17 1 0.00850058 0.00850058
BinVal : 30 18 0.949153 0.0286007 0.0286007
BinVal : 30 19 0.985075 0.0148136 0.0148136
BinVal : 30 20 0.931373 0.0250329 0.0250329
BinVal : 30 21 0.975 0.0142522 0.0142522
BinVal : 30 22 0.923077 0.0246351 0.0246351
BinVal : 30 23 0.974138 0.0147371 0.0147371
BinVal : 30 24 1 0.0074048 0.0074048
BinVal : 30 25 0.692308 0.0522589 0.0522589
BinVal : 30 26 0.898734 0.0339417 0.0339417
BinVal : 30 27 1 0.0088954 0.0088954
BinVal : 30 28 1 0.0074048 0.0074048
BinVal : 30 29 1 0.0083766 0.0083766
BinVal : 30 30 1 0.00932837 0.00932837
BinVal : 30 31 1 0.0109258 0.0109258
BinVal : 30 32 1 0.0243611 0.0243611
BinVal : 30 33 0 0 0
BinVal : 30 34 0 0 0
BinVal : 30 35 0 0 0
BinVal : 30 36 0 0 0
BinVal : 30 37 0 0 0
BinVal : 30 38 0 0 0
BinVal : 30 39 0 0 0
BinVal : 30 40 0 0 0
BinVal : 30 41 0 0 0
BinVal : 30 42 0 0 0
BinVal : 30 43 0 0 0
BinVal : 31 0 0 0 0
BinVal : 31 1 0 0 0
BinVal : 31 2 0 0 0
BinVal : 31 3 0 0 0
BinVal : 31 4 0 0 0
BinVal : 31 5 0 0 0
BinVal : 31 6 0 0 0
BinVal : 31 7 0 0 0
BinVal : 31 8 0 0 0
BinVal : 31 9 0 0 0
BinVal : 31 10 0 0 0
BinVal : 31 11 1 0.0599198 0.0599198
BinVal : 31 12 1 0.0233703 0.0233703
BinVal : 31 13 1 0.0103354 0.0103354
BinVal : 31 14 1 0.0115867 0.0115867
BinVal : 31 15 1 0.0074048 0.0074048
BinVal : 31 16 0.985075 0.0148136 0.0148136
BinVal : 31 17 0.952381 0.0268303 0.0268303
BinVal : 31 18 0.938462 0.0298075 0.0298075
BinVal : 31 19 1 0.00712919 0.00712919
BinVal : 31 20 0.954545 0.0222047 0.0222047
BinVal : 31 21 0.925926 0.029099 0.029099
BinVal : 31 22 0.961905 0.0186813 0.0186813
BinVal : 31 23 0.950495 0.0215843 0.0215843
BinVal : 31 24 1 0.00813913 0.00813913
BinVal : 31 25 0.956522 0.0245504 0.0245504
BinVal : 31 26 0.945946 0.0262864 0.0262864
BinVal : 31 27 0.944444 0.0311713 0.0311713
BinVal : 31 28 1 0.00648546 0.00648546
BinVal : 31 29 1 0.0088954 0.0088954
BinVal : 31 30 1 0.0115867 0.0115867
BinVal : 31 31 1 0.0141568 0.0141568
BinVal : 31 32 1 0.0422902 0.0422902
BinVal : 31 33 0 0 0
BinVal : 31 34 0 0 0
BinVal : 31 35 0 0 0
BinVal : 31 36 0 0 0
BinVal : 31 37 0 0 0
BinVal : 31 38 0 0 0
BinVal : 31 39 0 0 0
BinVal : 31 40 0 0 0
BinVal : 31 41 0 0 0
BinVal : 31 42 0 0 0
BinVal : 31 43 0 0 0


