Comments : includes prescale inefficiency, cosmic veto applied 
EffMethod : TagAndProbe 
EffName : eff 
EffType : Binned 
EffVarNames : phi deteta 
EffVersion : 5 
ObjQuality : SingleMuonTriggersOR-AND-MuFromMuJets 
ObjRelativeTo : medium_tracktight_iso_TrkTightScaled 
ObjType : MuANDSingleMuonOR 
ObjVersion : 1 
RunRangeHigh : -1 
RunRangeLow : -1 
TriggerVersionHigh : 10.3 
TriggerVersionLow : 8 
BinEdges1 : 0 3.9 4.25 5.15 5.5 6.2832 
BinEdges2 : -2.2 -1.9 -1.6 -1.4 -1.2 -1 -0.6 -0.2 0.2 0.6 1 1.2 1.4 1.6 1.9 2.2 
BinVal : 0 2     0.290323 0.0815249 0.0815249 0 0
BinVal : 0 3     0.818182 0.0671408 0.0671408 0 0
BinVal : 0 4     0.818182 0.0671408 0.0671408 0 0
BinVal : 0 5     0.898734 0.0339417 0.0339417 0 0
BinVal : 0 6     0.904762 0.0320282 0.0320282 0 0
BinVal : 0 7     0.912088 0.029684 0.029684 0 0
BinVal : 0 8     0.826087 0.0395171 0.0395171 0 0
BinVal : 0 9     0.865672 0.0416604 0.0416604 0 0
BinVal : 0 10     0.846154 0.0577744 0.0577744 0 0
BinVal : 0 11     0.935484 0.0441237 0.0441237 0 0
BinVal : 0 12     0.222222 0.0979908 0.0979908 0 0
BinVal : 1 3     1 0.102643 0.102643 0 0
BinVal : 1 4     0.5 0.25 0.25 0 0
BinVal : 1 5     0.214286 0.109664 0.109664 0 0
BinVal : 1 6     0.625 0.171163 0.171163 0 0
BinVal : 1 7     0.375 0.171163 0.171163 0 0
BinVal : 1 8     0.571429 0.13226 0.13226 0 0
BinVal : 1 9     0.272727 0.134282 0.134282 0 0
BinVal : 1 11     0.8 0.178885 0.178885 0 0
BinVal : 2 2     0.125 0.116927 0.116927 0 0
BinVal : 2 3     0.769231 0.116855 0.116855 0 0
BinVal : 2 5     0.166667 0.107583 0.107583 0 0
BinVal : 2 6     0.222222 0.0979908 0.0979908 0 0
BinVal : 2 7     0.0625 0.0605154 0.0605154 0 0
BinVal : 2 8     0.0769231 0.0739053 0.0739053 0 0
BinVal : 2 9     0.181818 0.116291 0.116291 0 0
BinVal : 2 11     0.909091 0.0866784 0.0866784 0 0
BinVal : 2 12     0.333333 0.157135 0.157135 0 0
BinVal : 3 3     1 0.159077 0.159077 0 0
BinVal : 3 5     0.125 0.116927 0.116927 0 0
BinVal : 3 6     0.3125 0.115878 0.115878 0 0
BinVal : 3 7     0.0833333 0.0797856 0.0797856 0 0
BinVal : 3 8     0.4375 0.12402 0.12402 0 0
BinVal : 3 9     0.4 0.126491 0.126491 0 0
BinVal : 3 11     0.75 0.216506 0.216506 0 0
BinVal : 3 12     0.666667 0.272166 0.272166 0 0
BinVal : 4 2     0.2 0.126491 0.126491 0 0
BinVal : 4 3     0.75 0.153093 0.153093 0 0
BinVal : 4 4     0.615385 0.134932 0.134932 0 0
BinVal : 4 5     0.944444 0.0539903 0.0539903 0 0
BinVal : 4 6     0.923077 0.0522589 0.0522589 0 0
BinVal : 4 7     0.826087 0.0790342 0.0790342 0 0
BinVal : 4 8     0.941176 0.0570672 0.0570672 0 0
BinVal : 4 9     0.736842 0.101023 0.101023 0 0
BinVal : 4 10     0.833333 0.107583 0.107583 0 0
BinVal : 4 11     1 0.0871301 0.0871301 0 0


Comments : includes prescale inefficiency, cosmic veto applied 
EffMethod : TagAndProbe 
EffName : eff 
EffType : Binned 
EffVarNames : phi deteta 
EffVersion : 5 
ObjQuality : SingleMuonTriggersOR-AND-MuFromMuJets 
ObjRelativeTo : medium_tracktight_iso_TrkTightScaled 
ObjType : MuANDSingleMuonOR 
ObjVersion : 1 
RunRangeHigh : -1 
RunRangeLow : -1 
TriggerVersionHigh : 12 
TriggerVersionLow : 10.3 
BinEdges1 : 0 0.3927 0.7854 1.1781 1.5708 1.9635 2.3562 2.7489 3.1416 3.5343 3.927 4.3197 4.7124 5.1051 5.4978 5.8905 6.2832 
BinEdges2 : -2.2 -1.9 -1.6 -1.4 -1.2 -1 -0.6 -0.2 0.2 0.6 1 1.2 1.4 1.6 1.9 2.2 
BinVal : 0 1     0.285714 0.120736 0.120736 0 0
BinVal : 0 2     0.5 0.133631 0.133631 0 0
BinVal : 0 3     0.95 0.048734 0.048734 0 0
BinVal : 0 4     0.9 0.0547723 0.0547723 0 0
BinVal : 0 5     0.775 0.0660256 0.0660256 0 0
BinVal : 0 6     0.916667 0.0460642 0.0460642 0 0
BinVal : 0 7     0.755102 0.0614324 0.0614324 0 0
BinVal : 0 8     0.769231 0.067466 0.067466 0 0
BinVal : 0 9     0.833333 0.0760726 0.0760726 0 0
BinVal : 0 10     0.782609 0.0860061 0.0860061 0 0
BinVal : 0 11     0.875 0.0826797 0.0826797 0 0
BinVal : 0 12     0.636364 0.145041 0.145041 0 0
BinVal : 0 13     0.266667 0.11418 0.11418 0 0
BinVal : 1 1     0.125 0.0826797 0.0826797 0 0
BinVal : 1 2     0.8 0.10328 0.10328 0 0
BinVal : 1 3     0.8125 0.0975781 0.0975781 0 0
BinVal : 1 4     1 0.0326734 0.0326734 0 0
BinVal : 1 5     0.857143 0.0591485 0.0591485 0 0
BinVal : 1 6     0.795455 0.0608102 0.0608102 0 0
BinVal : 1 7     0.830189 0.0515744 0.0515744 0 0
BinVal : 1 8     0.633333 0.0879815 0.0879815 0 0
BinVal : 1 9     0.878788 0.0568144 0.0568144 0 0
BinVal : 1 10     0.875 0.0826797 0.0826797 0 0
BinVal : 1 11     0.904762 0.0640564 0.0640564 0 0
BinVal : 1 12     0.538462 0.138264 0.138264 0 0
BinVal : 1 13     0.25 0.153093 0.153093 0 0
BinVal : 2 2     0.363636 0.145041 0.145041 0 0
BinVal : 2 3     1 0.0456491 0.0456491 0 0
BinVal : 2 4     0.846154 0.100068 0.100068 0 0
BinVal : 2 5     0.8 0.08 0.08 0 0
BinVal : 2 6     0.714286 0.0853735 0.0853735 0 0
BinVal : 2 7     0.735294 0.0756611 0.0756611 0 0
BinVal : 2 8     0.9 0.067082 0.067082 0 0
BinVal : 2 9     0.714286 0.0985808 0.0985808 0 0
BinVal : 2 10     0.785714 0.109664 0.109664 0 0
BinVal : 2 11     0.888889 0.104757 0.104757 0 0
BinVal : 2 12     0.909091 0.0866784 0.0866784 0 0
BinVal : 2 13     0.5 0.204124 0.204124 0 0
BinVal : 3 1     0.333333 0.272166 0.272166 0 0
BinVal : 3 2     0.5 0.204124 0.204124 0 0
BinVal : 3 3     1 0.102643 0.102643 0 0
BinVal : 3 4     0.916667 0.0797856 0.0797856 0 0
BinVal : 3 5     0.6 0.219089 0.219089 0 0
BinVal : 3 6     0.666667 0.136083 0.136083 0 0
BinVal : 3 7     0.916667 0.0797856 0.0797856 0 0
BinVal : 3 8     0.875 0.116927 0.116927 0 0
BinVal : 3 9     0.909091 0.0866784 0.0866784 0 0
BinVal : 3 10     1 0.0871301 0.0871301 0 0
BinVal : 3 11     1 0.124824 0.124824 0 0
BinVal : 3 13     0.5 0.353553 0.353553 0 0
BinVal : 4 1     0.333333 0.272166 0.272166 0 0
BinVal : 4 2     1 0.0668855 0.0668855 0 0
BinVal : 4 3     1 0.0756803 0.0756803 0 0
BinVal : 4 4     1 0.0756803 0.0756803 0 0
BinVal : 4 5     0.875 0.116927 0.116927 0 0
BinVal : 4 6     0.818182 0.116291 0.116291 0 0
BinVal : 4 7     0.631579 0.110665 0.110665 0 0
BinVal : 4 8     0.666667 0.136083 0.136083 0 0
BinVal : 4 9     0.875 0.116927 0.116927 0 0
BinVal : 4 10     1 0.124824 0.124824 0 0
BinVal : 4 11     1 0.0871301 0.0871301 0 0
BinVal : 4 12     0.6 0.219089 0.219089 0 0
BinVal : 5 1     0.2 0.126491 0.126491 0 0
BinVal : 5 2     0.8 0.126491 0.126491 0 0
BinVal : 5 3     0.933333 0.0644061 0.0644061 0 0
BinVal : 5 4     0.875 0.0826797 0.0826797 0 0
BinVal : 5 5     0.75 0.0968246 0.0968246 0 0
BinVal : 5 6     0.5 0.102062 0.102062 0 0
BinVal : 5 7     0.652174 0.0993113 0.0993113 0 0
BinVal : 5 8     0.8 0.08 0.08 0 0
BinVal : 5 9     0.761905 0.0929429 0.0929429 0 0
BinVal : 5 10     0.866667 0.0877707 0.0877707 0 0
BinVal : 5 11     1 0.0422902 0.0422902 0 0
BinVal : 5 12     0.555556 0.165635 0.165635 0 0
BinVal : 5 13     0.428571 0.187044 0.187044 0 0
BinVal : 6 1     0.285714 0.170747 0.170747 0 0
BinVal : 6 2     0.357143 0.12806 0.12806 0 0
BinVal : 6 3     1 0.0346427 0.0346427 0 0
BinVal : 6 4     0.954545 0.0444095 0.0444095 0 0
BinVal : 6 5     0.894737 0.0704059 0.0704059 0 0
BinVal : 6 6     0.857143 0.06613 0.06613 0 0
BinVal : 6 7     0.777778 0.06929 0.06929 0 0
BinVal : 6 8     0.75 0.0684653 0.0684653 0 0
BinVal : 6 9     0.703704 0.0878772 0.0878772 0 0
BinVal : 6 10     1 0.0279117 0.0279117 0 0
BinVal : 6 11     0.947368 0.0512278 0.0512278 0 0
BinVal : 6 12     0.4 0.126491 0.126491 0 0
BinVal : 6 13     0.111111 0.104757 0.104757 0 0
BinVal : 7 1     0.315789 0.106639 0.106639 0 0
BinVal : 7 2     0.611111 0.114904 0.114904 0 0
BinVal : 7 3     1 0.0309157 0.0309157 0 0
BinVal : 7 4     0.785714 0.109664 0.109664 0 0
BinVal : 7 5     0.685714 0.0784693 0.0784693 0 0
BinVal : 7 6     0.724138 0.0829961 0.0829961 0 0
BinVal : 7 7     0.765957 0.0617591 0.0617591 0 0
BinVal : 7 8     0.775 0.0660256 0.0660256 0 0
BinVal : 7 9     0.6875 0.0819382 0.0819382 0 0
BinVal : 7 10     0.684211 0.106639 0.106639 0 0
BinVal : 7 11     0.944444 0.0539903 0.0539903 0 0
BinVal : 7 12     0.642857 0.12806 0.12806 0 0
BinVal : 7 13     0.153846 0.100068 0.100068 0 0
BinVal : 8 1     0.05 0.048734 0.048734 0 0
BinVal : 8 2     0.5 0.144338 0.144338 0 0
BinVal : 8 3     0.863636 0.073165 0.073165 0 0
BinVal : 8 4     0.863636 0.073165 0.073165 0 0
BinVal : 8 5     0.829268 0.0587642 0.0587642 0 0
BinVal : 8 6     0.630435 0.0711683 0.0711683 0 0
BinVal : 8 7     0.683333 0.060054 0.060054 0 0
BinVal : 8 8     0.735294 0.0756611 0.0756611 0 0
BinVal : 8 9     0.615385 0.077903 0.077903 0 0
BinVal : 8 10     0.68 0.0932952 0.0932952 0 0
BinVal : 8 11     0.933333 0.0644061 0.0644061 0 0
BinVal : 8 12     0.722222 0.105572 0.105572 0 0
BinVal : 8 13     0.263158 0.101023 0.101023 0 0
BinVal : 9 1     0.263158 0.101023 0.101023 0 0
BinVal : 9 2     0.647059 0.115904 0.115904 0 0
BinVal : 9 3     0.875 0.0826797 0.0826797 0 0
BinVal : 9 4     0.894737 0.0704059 0.0704059 0 0
BinVal : 9 5     0.852941 0.0607387 0.0607387 0 0
BinVal : 9 6     0.725 0.0706001 0.0706001 0 0
BinVal : 9 7     0.767442 0.064425 0.064425 0 0
BinVal : 9 8     0.8 0.0632455 0.0632455 0 0
BinVal : 9 9     0.878049 0.0511047 0.0511047 0 0
BinVal : 9 10     0.904762 0.0640564 0.0640564 0 0
BinVal : 9 11     1 0.0208287 0.0208287 0 0
BinVal : 9 12     0.538462 0.138264 0.138264 0 0
BinVal : 9 13     0.125 0.116927 0.116927 0 0
BinVal : 10 1     0.428571 0.13226 0.13226 0 0
BinVal : 10 2     0.785714 0.109664 0.109664 0 0
BinVal : 10 3     0.888889 0.0740741 0.0740741 0 0
BinVal : 10 4     0.5 0.111803 0.111803 0 0
BinVal : 10 5     0.375 0.0855817 0.0855817 0 0
BinVal : 10 6     0.695652 0.0678426 0.0678426 0 0
BinVal : 10 7     0.711538 0.0628263 0.0628263 0 0
BinVal : 10 8     0.52381 0.0770641 0.0770641 0 0
BinVal : 10 9     0.222222 0.06929 0.06929 0 0
BinVal : 10 10     0.444444 0.117121 0.117121 0 0
BinVal : 10 11     0.944444 0.0539903 0.0539903 0 0
BinVal : 10 12     0.6 0.126491 0.126491 0 0
BinVal : 10 13     0.333333 0.121716 0.121716 0 0
BinVal : 11 1     0.125 0.0826797 0.0826797 0 0
BinVal : 11 2     0.642857 0.12806 0.12806 0 0
BinVal : 11 3     0.789474 0.0935288 0.0935288 0 0
BinVal : 11 4     0.0416667 0.0407894 0.0407894 0 0
BinVal : 11 11     0.823529 0.0924594 0.0924594 0 0
BinVal : 11 12     0.5 0.176777 0.176777 0 0
BinVal : 11 13     0.153846 0.100068 0.100068 0 0
BinVal : 12 1     0.25 0.108253 0.108253 0 0
BinVal : 12 2     0.545455 0.106159 0.106159 0 0
BinVal : 12 3     0.647059 0.115904 0.115904 0 0
BinVal : 12 7     0.0769231 0.0739053 0.0739053 0 0
BinVal : 12 11     0.857143 0.093522 0.093522 0 0
BinVal : 12 12     0.923077 0.0739053 0.0739053 0 0
BinVal : 12 13     0.230769 0.116855 0.116855 0 0
BinVal : 13 1     0.25 0.125 0.125 0 0
BinVal : 13 2     0.4 0.109545 0.109545 0 0
BinVal : 13 3     0.823529 0.0924594 0.0924594 0 0
BinVal : 13 4     0.238095 0.0929429 0.0929429 0 0
BinVal : 13 5     0.277778 0.0746505 0.0746505 0 0
BinVal : 13 6     0.731707 0.069196 0.069196 0 0
BinVal : 13 7     0.75 0.0652791 0.0652791 0 0
BinVal : 13 8     0.676471 0.0802309 0.0802309 0 0
BinVal : 13 9     0.333333 0.0754851 0.0754851 0 0
BinVal : 13 10     0.55 0.111243 0.111243 0 0
BinVal : 13 11     0.857143 0.0763604 0.0763604 0 0
BinVal : 13 12     0.866667 0.0877707 0.0877707 0 0
BinVal : 13 13     0.214286 0.109664 0.109664 0 0
BinVal : 14 1     0.2 0.126491 0.126491 0 0
BinVal : 14 2     0.769231 0.116855 0.116855 0 0
BinVal : 14 3     1 0.0368657 0.0368657 0 0
BinVal : 14 4     1 0.0495858 0.0495858 0 0
BinVal : 14 5     0.695652 0.0959439 0.0959439 0 0
BinVal : 14 6     0.75 0.0721688 0.0721688 0 0
BinVal : 14 7     0.85 0.0564579 0.0564579 0 0
BinVal : 14 8     0.741935 0.0785898 0.0785898 0 0
BinVal : 14 9     0.769231 0.0826286 0.0826286 0 0
BinVal : 14 10     0.909091 0.0612909 0.0612909 0 0
BinVal : 14 11     1 0.0266185 0.0266185 0 0
BinVal : 14 12     0.642857 0.12806 0.12806 0 0
BinVal : 14 13     0.263158 0.101023 0.101023 0 0
BinVal : 15 1     0.277778 0.105572 0.105572 0 0
BinVal : 15 2     0.538462 0.138264 0.138264 0 0
BinVal : 15 3     0.894737 0.0704059 0.0704059 0 0
BinVal : 15 4     0.789474 0.0935288 0.0935288 0 0
BinVal : 15 5     0.72 0.0897998 0.0897998 0 0
BinVal : 15 6     0.777778 0.0619748 0.0619748 0 0
BinVal : 15 7     0.772727 0.0631772 0.0631772 0 0
BinVal : 15 8     0.794872 0.064659 0.064659 0 0
BinVal : 15 9     0.780488 0.0646428 0.0646428 0 0
BinVal : 15 10     0.846154 0.100068 0.100068 0 0
BinVal : 15 11     0.9375 0.0605154 0.0605154 0 0
BinVal : 15 12     0.571429 0.13226 0.13226 0 0
BinVal : 15 13     0.117647 0.0781425 0.0781425 0 0


Comments : includes prescale inefficiency, cosmic veto applied 
EffMethod : TagAndProbe 
EffName : eff 
EffType : Binned 
EffVarNames : phi deteta 
EffVersion : 5 
ObjQuality : SingleMuonTriggersOR-AND-MuFromMuJets 
ObjRelativeTo : medium_tracktight_iso_TrkTightScaled 
ObjType : MuANDSingleMuonOR 
ObjVersion : 1 
RunRangeHigh : -1 
RunRangeLow : -1 
TriggerVersionHigh : 13 
TriggerVersionLow : 12 
BinEdges1 : 0 0.3927 0.7854 1.1781 1.5708 1.9635 2.3562 2.7489 3.1416 3.5343 3.927 4.3197 4.7124 5.1051 5.4978 5.8905 6.2832 
BinEdges2 : -2.2 -2 -1.8 -1.6 -1.55 -1.5 -1.4 -1.2 -1.1 -1 -0.8 -0.6 -0.4 -0.2 0 0.2 0.4 0.6 0.8 1 1.1 1.2 1.4 1.5 1.55 1.6 1.8 2 2.2 
BinVal : 0 4     0.0555556 0.0539903 0.0539903 0 0
BinVal : 0 5     0.384615 0.0954113 0.0954113 0 0
BinVal : 0 6     0.93617 0.0356566 0.0356566 0 0
BinVal : 0 7     0.916667 0.0564169 0.0564169 0 0
BinVal : 0 8     1 0.0254407 0.0254407 0 0
BinVal : 0 9     0.936508 0.0307217 0.0307217 0 0
BinVal : 0 10     0.77193 0.0555758 0.0555758 0 0
BinVal : 0 11     0.777778 0.056575 0.056575 0 0
BinVal : 0 12     0.661972 0.0561393 0.0561393 0 0
BinVal : 0 13     0.855072 0.0423792 0.0423792 0 0
BinVal : 0 14     0.821918 0.0447778 0.0447778 0 0
BinVal : 0 15     0.766234 0.048231 0.048231 0 0
BinVal : 0 16     0.805556 0.0466422 0.0466422 0 0
BinVal : 0 17     0.746269 0.0531615 0.0531615 0 0
BinVal : 0 18     0.913793 0.0368537 0.0368537 0 0
BinVal : 0 19     0.552632 0.0806601 0.0806601 0 0
BinVal : 0 20     1 0.0181909 0.0181909 0 0
BinVal : 0 21     0.949153 0.0286007 0.0286007 0 0
BinVal : 0 22     0.48 0.09992 0.09992 0 0
BinVal : 1 5     0.354839 0.0859347 0.0859347 0 0
BinVal : 1 6     0.912281 0.0374692 0.0374692 0 0
BinVal : 1 7     0.941176 0.0403526 0.0403526 0 0
BinVal : 1 8     0.97561 0.024091 0.024091 0 0
BinVal : 1 9     0.888889 0.0468486 0.0468486 0 0
BinVal : 1 10     0.875 0.0413399 0.0413399 0 0
BinVal : 1 11     0.760563 0.0506447 0.0506447 0 0
BinVal : 1 12     0.728814 0.0578784 0.0578784 0 0
BinVal : 1 13     0.684211 0.0615682 0.0615682 0 0
BinVal : 1 14     0.8 0.0496139 0.0496139 0 0
BinVal : 1 15     0.8 0.053936 0.053936 0 0
BinVal : 1 16     0.833333 0.0421975 0.0421975 0 0
BinVal : 1 17     0.891304 0.0458923 0.0458923 0 0
BinVal : 1 18     0.895833 0.0440918 0.0440918 0 0
BinVal : 1 19     1 0.0194201 0.0194201 0 0
BinVal : 1 20     0.971429 0.0281603 0.0281603 0 0
BinVal : 1 21     0.904762 0.036983 0.036983 0 0
BinVal : 1 22     0.4 0.109545 0.109545 0 0
BinVal : 2 5     0.555556 0.117121 0.117121 0 0
BinVal : 2 6     0.888889 0.0604812 0.0604812 0 0
BinVal : 2 7     0.952381 0.0464714 0.0464714 0 0
BinVal : 2 8     0.954545 0.0444095 0.0444095 0 0
BinVal : 2 9     0.853659 0.0551993 0.0551993 0 0
BinVal : 2 10     0.895833 0.0440918 0.0440918 0 0
BinVal : 2 11     0.76087 0.0628917 0.0628917 0 0
BinVal : 2 12     0.886364 0.0478452 0.0478452 0 0
BinVal : 2 13     0.868421 0.0548361 0.0548361 0 0
BinVal : 2 14     0.902439 0.0463399 0.0463399 0 0
BinVal : 2 15     0.815789 0.0628861 0.0628861 0 0
BinVal : 2 16     0.767442 0.064425 0.064425 0 0
BinVal : 2 17     0.934783 0.0364048 0.0364048 0 0
BinVal : 2 18     0.78125 0.0730792 0.0730792 0 0
BinVal : 2 19     0.944444 0.0539903 0.0539903 0 0
BinVal : 2 20     0.952381 0.0464714 0.0464714 0 0
BinVal : 2 21     0.906977 0.0442955 0.0442955 0 0
BinVal : 2 22     0.454545 0.106159 0.106159 0 0
BinVal : 3 5     0.647059 0.115904 0.115904 0 0
BinVal : 3 6     0.857143 0.093522 0.093522 0 0
BinVal : 3 7     0.909091 0.0866784 0.0866784 0 0
BinVal : 3 8     0.714286 0.170747 0.170747 0 0
BinVal : 3 9     1 0.0422902 0.0422902 0 0
BinVal : 3 10     0.666667 0.102869 0.102869 0 0
BinVal : 3 11     1 0.0456491 0.0456491 0 0
BinVal : 3 12     0.933333 0.0644061 0.0644061 0 0
BinVal : 3 13     0.769231 0.0826286 0.0826286 0 0
BinVal : 3 14     0.6875 0.115878 0.115878 0 0
BinVal : 3 15     0.736842 0.101023 0.101023 0 0
BinVal : 3 16     0.875 0.0826797 0.0826797 0 0
BinVal : 3 17     0.714286 0.0985808 0.0985808 0 0
BinVal : 3 18     1 0.0422902 0.0422902 0 0
BinVal : 3 19     0.25 0.153093 0.153093 0 0
BinVal : 3 20     0.888889 0.104757 0.104757 0 0
BinVal : 3 21     0.8 0.126491 0.126491 0 0
BinVal : 3 22     0.375 0.171163 0.171163 0 0
BinVal : 4 5     0.555556 0.165635 0.165635 0 0
BinVal : 4 6     0.944444 0.0539903 0.0539903 0 0
BinVal : 4 7     1 0.0542655 0.0542655 0 0
BinVal : 4 8     0.833333 0.152145 0.152145 0 0
BinVal : 4 9     0.882353 0.0781425 0.0781425 0 0
BinVal : 4 10     0.85 0.0798436 0.0798436 0 0
BinVal : 4 11     0.833333 0.107583 0.107583 0 0
BinVal : 4 12     0.809524 0.0856891 0.0856891 0 0
BinVal : 4 13     0.769231 0.116855 0.116855 0 0
BinVal : 4 14     0.764706 0.102879 0.102879 0 0
BinVal : 4 15     0.636364 0.145041 0.145041 0 0
BinVal : 4 16     0.761905 0.0929429 0.0929429 0 0
BinVal : 4 17     0.833333 0.107583 0.107583 0 0
BinVal : 4 18     0.941176 0.0570672 0.0570672 0 0
BinVal : 4 19     0.545455 0.150131 0.150131 0 0
BinVal : 4 20     0.75 0.153093 0.153093 0 0
BinVal : 4 21     1 0.0279117 0.0279117 0 0
BinVal : 4 22     0.625 0.171163 0.171163 0 0
BinVal : 5 5     0.684211 0.106639 0.106639 0 0
BinVal : 5 6     0.909091 0.0500438 0.0500438 0 0
BinVal : 5 7     1 0.0208287 0.0208287 0 0
BinVal : 5 8     0.846154 0.0707589 0.0707589 0 0
BinVal : 5 9     0.8125 0.0689981 0.0689981 0 0
BinVal : 5 10     0.837838 0.0605974 0.0605974 0 0
BinVal : 5 11     0.789474 0.0539989 0.0539989 0 0
BinVal : 5 12     0.820513 0.0614507 0.0614507 0 0
BinVal : 5 13     0.767442 0.064425 0.064425 0 0
BinVal : 5 14     0.857143 0.0539949 0.0539949 0 0
BinVal : 5 15     0.653846 0.0933009 0.0933009 0 0
BinVal : 5 16     0.714286 0.0763604 0.0763604 0 0
BinVal : 5 17     0.818182 0.0671408 0.0671408 0 0
BinVal : 5 18     0.92 0.0542586 0.0542586 0 0
BinVal : 5 19     0.862069 0.0640329 0.0640329 0 0
BinVal : 5 20     0.944444 0.0539903 0.0539903 0 0
BinVal : 5 21     0.925 0.0416458 0.0416458 0 0
BinVal : 5 22     0.5 0.125 0.125 0 0
BinVal : 6 5     0.388889 0.114904 0.114904 0 0
BinVal : 6 6     0.911765 0.0486433 0.0486433 0 0
BinVal : 6 7     0.931035 0.0470544 0.0470544 0 0
BinVal : 6 8     1 0.017632 0.017632 0 0
BinVal : 6 9     0.837838 0.0605974 0.0605974 0 0
BinVal : 6 10     0.730769 0.0869893 0.0869893 0 0
BinVal : 6 11     0.512195 0.0780637 0.0780637 0 0
BinVal : 6 12     0.811321 0.0537428 0.0537428 0 0
BinVal : 6 13     0.893617 0.0449741 0.0449741 0 0
BinVal : 6 14     0.783333 0.0531856 0.0531856 0 0
BinVal : 6 15     0.86 0.0490714 0.0490714 0 0
BinVal : 6 16     0.75 0.0600481 0.0600481 0 0
BinVal : 6 17     0.763636 0.0572865 0.0572865 0 0
BinVal : 6 18     0.815789 0.0628861 0.0628861 0 0
BinVal : 6 19     0.892857 0.0584512 0.0584512 0 0
BinVal : 6 20     1 0.0171075 0.0171075 0 0
BinVal : 6 21     0.918919 0.0448743 0.0448743 0 0
BinVal : 6 22     0.235294 0.102879 0.102879 0 0
BinVal : 7 5     0.5 0.0883883 0.0883883 0 0
BinVal : 7 6     0.938776 0.0342488 0.0342488 0 0
BinVal : 7 7     0.888889 0.0604812 0.0604812 0 0
BinVal : 7 8     0.708333 0.0927805 0.0927805 0 0
BinVal : 7 9     0.78125 0.0730792 0.0730792 0 0
BinVal : 7 10     0.508475 0.0650851 0.0650851 0 0
BinVal : 7 11     0.784615 0.0509893 0.0509893 0 0
BinVal : 7 12     0.742424 0.0538278 0.0538278 0 0
BinVal : 7 13     0.870968 0.042575 0.042575 0 0
BinVal : 7 14     0.817073 0.0426935 0.0426935 0 0
BinVal : 7 15     0.736111 0.0519417 0.0519417 0 0
BinVal : 7 16     0.816667 0.0499537 0.0499537 0 0
BinVal : 7 17     0.769231 0.0522589 0.0522589 0 0
BinVal : 7 18     0.953125 0.0264214 0.0264214 0 0
BinVal : 7 19     0.625 0.0855817 0.0855817 0 0
BinVal : 7 20     0.903226 0.0531003 0.0531003 0 0
BinVal : 7 21     0.976744 0.0229838 0.0229838 0 0
BinVal : 7 22     0.208333 0.0828982 0.0828982 0 0
BinVal : 8 5     0.484848 0.0869989 0.0869989 0 0
BinVal : 8 6     0.953846 0.0260247 0.0260247 0 0
BinVal : 8 7     0.875 0.0675077 0.0675077 0 0
BinVal : 8 8     0.6 0.126491 0.126491 0 0
BinVal : 8 9     0.823529 0.0653787 0.0653787 0 0
BinVal : 8 10     0.66 0.0669925 0.0669925 0 0
BinVal : 8 11     0.867647 0.0410945 0.0410945 0 0
BinVal : 8 12     0.921053 0.0309317 0.0309317 0 0
BinVal : 8 13     0.917647 0.0298173 0.0298173 0 0
BinVal : 8 14     0.9 0.033541 0.033541 0 0
BinVal : 8 15     0.827586 0.0404979 0.0404979 0 0
BinVal : 8 16     0.873239 0.0394848 0.0394848 0 0
BinVal : 8 17     0.743243 0.0507821 0.0507821 0 0
BinVal : 8 18     0.901639 0.0381296 0.0381296 0 0
BinVal : 8 19     0.689655 0.0859091 0.0859091 0 0
BinVal : 8 20     1 0.0181909 0.0181909 0 0
BinVal : 8 21     0.938462 0.0298075 0.0298075 0 0
BinVal : 8 22     0.423077 0.0968907 0.0968907 0 0
BinVal : 9 4     0.0769231 0.0739053 0.0739053 0 0
BinVal : 9 5     0.473684 0.114549 0.114549 0 0
BinVal : 9 6     0.903846 0.0408817 0.0408817 0 0
BinVal : 9 7     0.973684 0.0259672 0.0259672 0 0
BinVal : 9 8     0.96875 0.0307578 0.0307578 0 0
BinVal : 9 9     0.825 0.0600781 0.0600781 0 0
BinVal : 9 10     0.822222 0.0569937 0.0569937 0 0
BinVal : 9 11     0.8125 0.048789 0.048789 0 0
BinVal : 9 12     0.734375 0.0552082 0.0552082 0 0
BinVal : 9 13     0.781818 0.0556905 0.0556905 0 0
BinVal : 9 14     0.847222 0.0423997 0.0423997 0 0
BinVal : 9 15     0.872727 0.0449392 0.0449392 0 0
BinVal : 9 16     0.84 0.0518459 0.0518459 0 0
BinVal : 9 17     0.849057 0.0491742 0.0491742 0 0
BinVal : 9 18     0.844444 0.0540284 0.0540284 0 0
BinVal : 9 19     0.8 0.08 0.08 0 0
BinVal : 9 20     1 0.0166125 0.0166125 0 0
BinVal : 9 21     0.967742 0.022439 0.022439 0 0
BinVal : 9 22     0.571429 0.093522 0.093522 0 0
BinVal : 10 5     0.588235 0.119365 0.119365 0 0
BinVal : 10 6     0.901961 0.0416398 0.0416398 0 0
BinVal : 10 7     0.64 0.096 0.096 0 0
BinVal : 10 8     0.208333 0.0828982 0.0828982 0 0
BinVal : 10 9     0.396825 0.0616383 0.0616383 0 0
BinVal : 10 10     0.127273 0.0449392 0.0449392 0 0
BinVal : 10 11     0.740741 0.048692 0.048692 0 0
BinVal : 10 12     0.797101 0.0484141 0.0484141 0 0
BinVal : 10 13     0.658824 0.0514239 0.0514239 0 0
BinVal : 10 14     0.797468 0.0452157 0.0452157 0 0
BinVal : 10 15     0.851351 0.0413541 0.0413541 0 0
BinVal : 10 16     0.732394 0.0525401 0.0525401 0 0
BinVal : 10 17     0.166667 0.0481125 0.0481125 0 0
BinVal : 10 18     0.471429 0.0596638 0.0596638 0 0
BinVal : 10 19     0.230769 0.0826286 0.0826286 0 0
BinVal : 10 20     0.5625 0.12402 0.12402 0 0
BinVal : 10 21     0.881356 0.0420991 0.0420991 0 0
BinVal : 10 22     0.586207 0.0914572 0.0914572 0 0
BinVal : 11 5     0.513514 0.0821695 0.0821695 0 0
BinVal : 11 6     0.734694 0.0630709 0.0630709 0 0
BinVal : 11 11     0.0222222 0.0219739 0.0219739 0 0
BinVal : 11 21     0.787234 0.0596972 0.0596972 0 0
BinVal : 11 22     0.407407 0.0945607 0.0945607 0 0
BinVal : 12 5     0.545455 0.106159 0.106159 0 0
BinVal : 12 6     0.763158 0.0689676 0.0689676 0 0
BinVal : 12 21     0.878049 0.0511047 0.0511047 0 0
BinVal : 12 22     0.545455 0.0866784 0.0866784 0 0
BinVal : 13 4     0.0588235 0.0570672 0.0570672 0 0
BinVal : 13 5     0.384615 0.134932 0.134932 0 0
BinVal : 13 6     0.903846 0.0408817 0.0408817 0 0
BinVal : 13 7     0.461538 0.0977675 0.0977675 0 0
BinVal : 13 8     0.117647 0.0781425 0.0781425 0 0
BinVal : 13 9     0.396226 0.0671848 0.0671848 0 0
BinVal : 13 10     0.188235 0.0423991 0.0423991 0 0
BinVal : 13 11     0.679245 0.0641153 0.0641153 0 0
BinVal : 13 12     0.75 0.04967 0.04967 0 0
BinVal : 13 13     0.662651 0.0518971 0.0518971 0 0
BinVal : 13 14     0.636364 0.0512796 0.0512796 0 0
BinVal : 13 15     0.833333 0.0439205 0.0439205 0 0
BinVal : 13 16     0.646154 0.0593087 0.0593087 0 0
BinVal : 13 17     0.0909091 0.0433392 0.0433392 0 0
BinVal : 13 18     0.42623 0.0633178 0.0633178 0 0
BinVal : 13 19     0.2 0.0894427 0.0894427 0 0
BinVal : 13 20     0.636364 0.102559 0.102559 0 0
BinVal : 13 21     0.878049 0.0511047 0.0511047 0 0
BinVal : 13 22     0.461538 0.138264 0.138264 0 0
BinVal : 13 23     0.111111 0.104757 0.104757 0 0
BinVal : 14 4     0.111111 0.104757 0.104757 0 0
BinVal : 14 5     0.4 0.126491 0.126491 0 0
BinVal : 14 6     0.92 0.0383667 0.0383667 0 0
BinVal : 14 7     0.958333 0.0407894 0.0407894 0 0
BinVal : 14 8     0.9375 0.0427908 0.0427908 0 0
BinVal : 14 9     0.792453 0.0557067 0.0557067 0 0
BinVal : 14 10     0.852459 0.0454076 0.0454076 0 0
BinVal : 14 11     0.634921 0.0606573 0.0606573 0 0
BinVal : 14 12     0.692308 0.0640039 0.0640039 0 0
BinVal : 14 13     0.719298 0.0595168 0.0595168 0 0
BinVal : 14 14     0.828571 0.0450461 0.0450461 0 0
BinVal : 14 15     0.764706 0.0593974 0.0593974 0 0
BinVal : 14 16     0.724138 0.0586871 0.0586871 0 0
BinVal : 14 17     0.82 0.0543323 0.0543323 0 0
BinVal : 14 18     0.909091 0.0433392 0.0433392 0 0
BinVal : 14 19     0.897436 0.0485811 0.0485811 0 0
BinVal : 14 20     0.925926 0.050401 0.050401 0 0
BinVal : 14 21     0.943396 0.0317418 0.0317418 0 0
BinVal : 14 22     0.333333 0.0907218 0.0907218 0 0
BinVal : 15 5     0.466667 0.091084 0.091084 0 0
BinVal : 15 6     0.923077 0.0330515 0.0330515 0 0
BinVal : 15 7     0.888889 0.0523783 0.0523783 0 0
BinVal : 15 8     0.59375 0.0868207 0.0868207 0 0
BinVal : 15 9     0.896552 0.0399885 0.0399885 0 0
BinVal : 15 10     0.761194 0.0520874 0.0520874 0 0
BinVal : 15 11     0.75 0.0684653 0.0684653 0 0
BinVal : 15 12     0.605634 0.0579997 0.0579997 0 0
BinVal : 15 13     0.814815 0.052861 0.052861 0 0
BinVal : 15 14     0.84058 0.0440694 0.0440694 0 0
BinVal : 15 15     0.791045 0.0496695 0.0496695 0 0
BinVal : 15 16     0.862069 0.0452781 0.0452781 0 0
BinVal : 15 17     0.716981 0.0618762 0.0618762 0 0
BinVal : 15 18     0.90566 0.0401506 0.0401506 0 0
BinVal : 15 19     0.714286 0.0985808 0.0985808 0 0
BinVal : 15 20     0.909091 0.0500438 0.0500438 0 0
BinVal : 15 21     0.912281 0.0374692 0.0374692 0 0
BinVal : 15 22     0.444444 0.0956292 0.0956292 0 0


Comments : includes prescale inefficiency, cosmic veto applied 
EffMethod : TagAndProbe 
EffName : eff 
EffType : Binned 
EffVarNames : phi deteta 
EffVersion : 5 
ObjQuality : SingleMuonTriggersOR-AND-MuFromMuJets 
ObjRelativeTo : medium_tracktight_iso_TrkTightScaled 
ObjType : MuANDSingleMuonOR 
ObjVersion : 1 
RunRangeHigh : -1 
RunRangeLow : -1 
TriggerVersionHigh : 13.2 
TriggerVersionLow : 13 
BinEdges1 : 0 0.7854 1.5708 2.3562 3.1416 3.927 4.7124 5.4978 6.2832 
BinEdges2 : -2.2 -1.9 -1.6 -1.4 -1.2 -1 -0.6 -0.2 0.2 0.6 1 1.2 1.4 1.6 1.9 2.2 
BinVal : 0 1     0.857143 0.093522 0.093522 0 0
BinVal : 0 2     0.8 0.126491 0.126491 0 0
BinVal : 0 3     0.941176 0.0570672 0.0570672 0 0
BinVal : 0 4     0.75 0.0883883 0.0883883 0 0
BinVal : 0 5     0.9375 0.0427908 0.0427908 0 0
BinVal : 0 6     0.586207 0.0914572 0.0914572 0 0
BinVal : 0 7     0.903846 0.0408817 0.0408817 0 0
BinVal : 0 8     0.807692 0.077292 0.077292 0 0
BinVal : 0 9     0.8 0.0632455 0.0632455 0 0
BinVal : 0 10     0.9375 0.0605154 0.0605154 0 0
BinVal : 0 11     1 0.0326734 0.0326734 0 0
BinVal : 0 12     1 0.039392 0.039392 0 0
BinVal : 0 13     0.7 0.144914 0.144914 0 0
BinVal : 0 14     1 0.218486 0.218486 0 0
BinVal : 1 0     0.5 0.353553 0.353553 0 0
BinVal : 1 1     0.8 0.178885 0.178885 0 0
BinVal : 1 2     1 0.0542655 0.0542655 0 0
BinVal : 1 3     1 0.0756803 0.0756803 0 0
BinVal : 1 4     0.909091 0.0866784 0.0866784 0 0
BinVal : 1 5     0.733333 0.11418 0.11418 0 0
BinVal : 1 6     0.866667 0.0877707 0.0877707 0 0
BinVal : 1 7     0.83871 0.0660586 0.0660586 0 0
BinVal : 1 8     0.846154 0.0707589 0.0707589 0 0
BinVal : 1 9     0.888889 0.104757 0.104757 0 0
BinVal : 1 10     0.888889 0.104757 0.104757 0 0
BinVal : 1 11     0.666667 0.19245 0.19245 0 0
BinVal : 1 12     1 0.0668855 0.0668855 0 0
BinVal : 1 13     0.4 0.154919 0.154919 0 0
BinVal : 1 14     1 0.218486 0.218486 0 0
BinVal : 2 1     0.714286 0.170747 0.170747 0 0
BinVal : 2 2     0.7 0.144914 0.144914 0 0
BinVal : 2 3     1 0.102643 0.102643 0 0
BinVal : 2 4     0.888889 0.104757 0.104757 0 0
BinVal : 2 5     0.809524 0.0856891 0.0856891 0 0
BinVal : 2 6     0.736842 0.101023 0.101023 0 0
BinVal : 2 7     0.857143 0.093522 0.093522 0 0
BinVal : 2 8     0.85 0.0798436 0.0798436 0 0
BinVal : 2 9     0.777778 0.0979908 0.0979908 0 0
BinVal : 2 10     1 0.102643 0.102643 0 0
BinVal : 2 11     1 0.159077 0.159077 0 0
BinVal : 2 12     1 0.124824 0.124824 0 0
BinVal : 2 13     0.333333 0.19245 0.19245 0 0
BinVal : 3 0     1 0.218486 0.218486 0 0
BinVal : 3 1     1 0.0871301 0.0871301 0 0
BinVal : 3 2     1 0.0599198 0.0599198 0 0
BinVal : 3 3     0.875 0.116927 0.116927 0 0
BinVal : 3 4     0.9 0.0948683 0.0948683 0 0
BinVal : 3 5     0.666667 0.272166 0.272166 0 0
BinVal : 3 6     0.833333 0.0760726 0.0760726 0 0
BinVal : 3 7     0.771429 0.0709782 0.0709782 0 0
BinVal : 3 8     0.842105 0.0836547 0.0836547 0 0
BinVal : 3 9     0.833333 0.0760726 0.0760726 0 0
BinVal : 3 10     0.866667 0.0877707 0.0877707 0 0
BinVal : 3 11     1 0.0266185 0.0266185 0 0
BinVal : 3 12     0.846154 0.100068 0.100068 0 0
BinVal : 3 13     0.714286 0.120736 0.120736 0 0
BinVal : 3 14     0.75 0.216506 0.216506 0 0
BinVal : 4 0     0.666667 0.272166 0.272166 0 0
BinVal : 4 1     0.454545 0.150131 0.150131 0 0
BinVal : 4 2     0.944444 0.0539903 0.0539903 0 0
BinVal : 4 3     1 0.0346427 0.0346427 0 0
BinVal : 4 4     1 0.0326734 0.0326734 0 0
BinVal : 4 5     0.75 0.216506 0.216506 0 0
BinVal : 4 6     0.894737 0.0497845 0.0497845 0 0
BinVal : 4 7     0.886364 0.0478452 0.0478452 0 0
BinVal : 4 8     0.738095 0.0678427 0.0678427 0 0
BinVal : 4 9     0.702703 0.0751416 0.0751416 0 0
BinVal : 4 10     0.923077 0.0739053 0.0739053 0 0
BinVal : 4 11     1 0.0266185 0.0266185 0 0
BinVal : 4 12     1 0.0422902 0.0422902 0 0
BinVal : 4 13     0.714286 0.0985808 0.0985808 0 0
BinVal : 4 14     0.857143 0.13226 0.13226 0 0
BinVal : 5 1     0.769231 0.116855 0.116855 0 0
BinVal : 5 2     0.8 0.10328 0.10328 0 0
BinVal : 5 3     0.833333 0.107583 0.107583 0 0
BinVal : 5 4     0.25 0.108253 0.108253 0 0
BinVal : 5 5     0.166667 0.0680414 0.0680414 0 0
BinVal : 5 6     0.433333 0.090472 0.090472 0 0
BinVal : 5 7     0.525 0.0789581 0.0789581 0 0
BinVal : 5 8     0.361111 0.0800538 0.0800538 0 0
BinVal : 5 9     0.172414 0.0701445 0.0701445 0 0
BinVal : 5 10     0.235294 0.102879 0.102879 0 0
BinVal : 5 11     1 0.0542655 0.0542655 0 0
BinVal : 5 12     1 0.0346427 0.0346427 0 0
BinVal : 5 13     0.4 0.154919 0.154919 0 0
BinVal : 5 14     1 0.218486 0.218486 0 0
BinVal : 6 0     1 0.102643 0.102643 0 0
BinVal : 6 1     0.6 0.126491 0.126491 0 0
BinVal : 6 2     0.923077 0.0739053 0.0739053 0 0
BinVal : 6 3     0.789474 0.0935288 0.0935288 0 0
BinVal : 6 4     0.105263 0.0704059 0.0704059 0 0
BinVal : 6 5     0.166667 0.0680414 0.0680414 0 0
BinVal : 6 6     0.386364 0.0734053 0.0734053 0 0
BinVal : 6 7     0.25 0.0652791 0.0652791 0 0
BinVal : 6 8     0.243243 0.0705339 0.0705339 0 0
BinVal : 6 9     0.037037 0.0363447 0.0363447 0 0
BinVal : 6 10     0.235294 0.102879 0.102879 0 0
BinVal : 6 11     0.785714 0.109664 0.109664 0 0
BinVal : 6 12     0.846154 0.100068 0.100068 0 0
BinVal : 6 13     0.8 0.10328 0.10328 0 0
BinVal : 6 14     0.333333 0.272166 0.272166 0 0
BinVal : 7 0     1 0.159077 0.159077 0 0
BinVal : 7 1     0.666667 0.19245 0.19245 0 0
BinVal : 7 2     0.818182 0.116291 0.116291 0 0
BinVal : 7 3     1 0.0599198 0.0599198 0 0
BinVal : 7 4     1 0.0542655 0.0542655 0 0
BinVal : 7 5     0.75 0.0765466 0.0765466 0 0
BinVal : 7 6     0.636364 0.102559 0.102559 0 0
BinVal : 7 7     0.788462 0.0566348 0.0566348 0 0
BinVal : 7 8     0.757576 0.0746009 0.0746009 0 0
BinVal : 7 9     0.862069 0.0640329 0.0640329 0 0
BinVal : 7 10     0.65 0.106654 0.106654 0 0
BinVal : 7 11     0.882353 0.0781425 0.0781425 0 0
BinVal : 7 12     0.9 0.067082 0.067082 0 0
BinVal : 7 13     0.7 0.10247 0.10247 0 0
BinVal : 7 14     1 0.124824 0.124824 0 0


Comments : includes prescale inefficiency, cosmic veto applied 
EffMethod : TagAndProbe 
EffName : eff 
EffType : Binned 
EffVarNames : phi deteta 
EffVersion : 5 
ObjQuality : SingleMuonTriggersOR-AND-MuFromMuJets 
ObjRelativeTo : medium_tracktight_iso_TrkTightScaled 
ObjType : MuANDSingleMuonOR 
ObjVersion : 1 
RunRangeHigh : -1 
RunRangeLow : -1 
TriggerVersionHigh : 14 
TriggerVersionLow : 13.2 
BinEdges1 : 0 0.3927 0.7854 1.1781 1.5708 1.9635 2.3562 2.7489 3.1416 3.5343 3.927 4.3197 4.7124 5.1051 5.4978 5.8905 6.2832 
BinEdges2 : -2.2 -2 -1.8 -1.6 -1.55 -1.5 -1.4 -1.2 -1.1 -1 -0.8 -0.6 -0.4 -0.2 0 0.2 0.4 0.6 0.8 1 1.1 1.2 1.4 1.5 1.55 1.6 1.8 2 2.2 
BinVal : 0 0     1 0.124824 0.124824 0 0
BinVal : 0 1     0.446809 0.0725186 0.0725186 0 0
BinVal : 0 2     0.5 0.0668153 0.0668153 0 0
BinVal : 0 3     0.4 0.126491 0.126491 0 0
BinVal : 0 4     0.833333 0.0760726 0.0760726 0 0
BinVal : 0 5     0.857143 0.0499896 0.0499896 0 0
BinVal : 0 6     0.888889 0.0315853 0.0315853 0 0
BinVal : 0 7     0.953488 0.0321147 0.0321147 0 0
BinVal : 0 8     0.595238 0.0757392 0.0757392 0 0
BinVal : 0 9     0.75 0.0451447 0.0451447 0 0
BinVal : 0 10     0.465909 0.0531761 0.0531761 0 0
BinVal : 0 11     0.846154 0.0378222 0.0378222 0 0
BinVal : 0 12     0.75 0.0409159 0.0409159 0 0
BinVal : 0 13     0.826923 0.0370967 0.0370967 0 0
BinVal : 0 14     0.8125 0.0368811 0.0368811 0 0
BinVal : 0 15     0.692308 0.0452576 0.0452576 0 0
BinVal : 0 16     0.84466 0.0356914 0.0356914 0 0
BinVal : 0 17     0.681319 0.0488464 0.0488464 0 0
BinVal : 0 18     0.716667 0.0581744 0.0581744 0 0
BinVal : 0 19     0.627907 0.0737122 0.0737122 0 0
BinVal : 0 20     0.888889 0.0427667 0.0427667 0 0
BinVal : 0 21     0.956989 0.0210378 0.0210378 0 0
BinVal : 0 22     0.818182 0.0671408 0.0671408 0 0
BinVal : 0 23     0.833333 0.087841 0.087841 0 0
BinVal : 0 24     0.5625 0.12402 0.12402 0 0
BinVal : 0 25     0.509434 0.0686681 0.0686681 0 0
BinVal : 0 26     0.318182 0.0702175 0.0702175 0 0
BinVal : 1 1     0.5 0.1066 0.1066 0 0
BinVal : 1 2     0.457143 0.0842044 0.0842044 0 0
BinVal : 1 3     0.5 0.111803 0.111803 0 0
BinVal : 1 4     0.666667 0.136083 0.136083 0 0
BinVal : 1 5     0.9 0.0424264 0.0424264 0 0
BinVal : 1 6     0.853659 0.0390318 0.0390318 0 0
BinVal : 1 7     0.87234 0.0486767 0.0486767 0 0
BinVal : 1 8     0.949153 0.0286007 0.0286007 0 0
BinVal : 1 9     0.679487 0.0528404 0.0528404 0 0
BinVal : 1 10     0.581395 0.0531972 0.0531972 0 0
BinVal : 1 11     0.659341 0.0496815 0.0496815 0 0
BinVal : 1 12     0.714286 0.045634 0.045634 0 0
BinVal : 1 13     0.654545 0.0453387 0.0453387 0 0
BinVal : 1 14     0.742574 0.0435046 0.0435046 0 0
BinVal : 1 15     0.78481 0.0462359 0.0462359 0 0
BinVal : 1 16     0.572727 0.0471661 0.0471661 0 0
BinVal : 1 17     0.617021 0.0501387 0.0501387 0 0
BinVal : 1 18     0.7 0.0547723 0.0547723 0 0
BinVal : 1 19     0.956522 0.030068 0.030068 0 0
BinVal : 1 20     0.888889 0.0427667 0.0427667 0 0
BinVal : 1 21     0.847222 0.0423997 0.0423997 0 0
BinVal : 1 22     0.862069 0.0640329 0.0640329 0 0
BinVal : 1 23     0.857143 0.093522 0.093522 0 0
BinVal : 1 24     0.55 0.111243 0.111243 0 0
BinVal : 1 25     0.484848 0.0615175 0.0615175 0 0
BinVal : 1 26     0.48 0.09992 0.09992 0 0
BinVal : 2 1     0.4 0.126491 0.126491 0 0
BinVal : 2 2     0.463415 0.0778776 0.0778776 0 0
BinVal : 2 3     0.583333 0.142319 0.142319 0 0
BinVal : 2 4     0.777778 0.13858 0.13858 0 0
BinVal : 2 5     0.764706 0.102879 0.102879 0 0
BinVal : 2 6     0.9 0.0387298 0.0387298 0 0
BinVal : 2 7     0.952381 0.0464714 0.0464714 0 0
BinVal : 2 8     0.826087 0.0790342 0.0790342 0 0
BinVal : 2 9     0.859649 0.0460077 0.0460077 0 0
BinVal : 2 10     0.8 0.046188 0.046188 0 0
BinVal : 2 11     0.838235 0.044655 0.044655 0 0
BinVal : 2 12     0.816667 0.0499537 0.0499537 0 0
BinVal : 2 13     0.765625 0.0529509 0.0529509 0 0
BinVal : 2 14     0.823529 0.0462297 0.0462297 0 0
BinVal : 2 15     0.787879 0.0503211 0.0503211 0 0
BinVal : 2 16     0.639344 0.0614821 0.0614821 0 0
BinVal : 2 17     0.731343 0.0541529 0.0541529 0 0
BinVal : 2 18     0.804878 0.0618908 0.0618908 0 0
BinVal : 2 19     1 0.0152869 0.0152869 0 0
BinVal : 2 20     0.870968 0.0602101 0.0602101 0 0
BinVal : 2 21     0.857143 0.0499896 0.0499896 0 0
BinVal : 2 22     0.923077 0.0739053 0.0739053 0 0
BinVal : 2 23     1 0.0668855 0.0668855 0 0
BinVal : 2 24     0.666667 0.157135 0.157135 0 0
BinVal : 2 25     0.487179 0.0800378 0.0800378 0 0
BinVal : 2 26     0.25 0.108253 0.108253 0 0
BinVal : 3 1     0.444444 0.165635 0.165635 0 0
BinVal : 3 2     0.5 0.111803 0.111803 0 0
BinVal : 3 3     0.75 0.216506 0.216506 0 0
BinVal : 3 4     1 0.0756803 0.0756803 0 0
BinVal : 3 5     0.75 0.125 0.125 0 0
BinVal : 3 6     0.962963 0.0363447 0.0363447 0 0
BinVal : 3 7     0.928571 0.0688303 0.0688303 0 0
BinVal : 3 8     0.823529 0.0924594 0.0924594 0 0
BinVal : 3 9     0.636364 0.0837393 0.0837393 0 0
BinVal : 3 10     0.56 0.0992774 0.0992774 0 0
BinVal : 3 11     0.666667 0.0727393 0.0727393 0 0
BinVal : 3 12     0.711111 0.0675659 0.0675659 0 0
BinVal : 3 13     0.863636 0.0517355 0.0517355 0 0
BinVal : 3 14     0.73913 0.0647431 0.0647431 0 0
BinVal : 3 15     0.658537 0.0740577 0.0740577 0 0
BinVal : 3 16     0.764706 0.0727467 0.0727467 0 0
BinVal : 3 17     0.564103 0.0794034 0.0794034 0 0
BinVal : 3 18     0.742857 0.0738764 0.0738764 0 0
BinVal : 3 19     0.333333 0.157135 0.157135 0 0
BinVal : 3 20     0.923077 0.0522589 0.0522589 0 0
BinVal : 3 21     0.878049 0.0511047 0.0511047 0 0
BinVal : 3 22     0.875 0.116927 0.116927 0 0
BinVal : 3 23     1 0.102643 0.102643 0 0
BinVal : 3 24     0.545455 0.150131 0.150131 0 0
BinVal : 3 25     0.2 0.10328 0.10328 0 0
BinVal : 3 26     0.611111 0.114904 0.114904 0 0
BinVal : 4 1     0.285714 0.170747 0.170747 0 0
BinVal : 4 2     0.444444 0.117121 0.117121 0 0
BinVal : 4 3     0.75 0.216506 0.216506 0 0
BinVal : 4 4     1 0.0871301 0.0871301 0 0
BinVal : 4 5     0.833333 0.107583 0.107583 0 0
BinVal : 4 6     0.9 0.0547723 0.0547723 0 0
BinVal : 4 7     0.809524 0.0856891 0.0856891 0 0
BinVal : 4 8     1 0.102643 0.102643 0 0
BinVal : 4 9     0.6 0.0828079 0.0828079 0 0
BinVal : 4 10     0.571429 0.093522 0.093522 0 0
BinVal : 4 11     0.695652 0.0959439 0.0959439 0 0
BinVal : 4 12     0.655172 0.0882632 0.0882632 0 0
BinVal : 4 13     0.866667 0.0620633 0.0620633 0 0
BinVal : 4 14     0.615385 0.0954113 0.0954113 0 0
BinVal : 4 15     0.55 0.111243 0.111243 0 0
BinVal : 4 16     0.76 0.0854166 0.0854166 0 0
BinVal : 4 17     0.580645 0.0886269 0.0886269 0 0
BinVal : 4 18     0.766667 0.0772202 0.0772202 0 0
BinVal : 4 19     0.545455 0.150131 0.150131 0 0
BinVal : 4 20     0.785714 0.109664 0.109664 0 0
BinVal : 4 21     0.909091 0.0500438 0.0500438 0 0
BinVal : 4 22     1 0.0542655 0.0542655 0 0
BinVal : 4 23     1 0.0756803 0.0756803 0 0
BinVal : 4 24     1 0.0756803 0.0756803 0 0
BinVal : 4 25     0.380952 0.105971 0.105971 0 0
BinVal : 4 26     0.583333 0.142319 0.142319 0 0
BinVal : 5 1     0.6 0.154919 0.154919 0 0
BinVal : 5 2     0.411765 0.0844035 0.0844035 0 0
BinVal : 5 3     0.636364 0.145041 0.145041 0 0
BinVal : 5 4     0.857143 0.093522 0.093522 0 0
BinVal : 5 5     0.684211 0.106639 0.106639 0 0
BinVal : 5 6     0.928571 0.0397392 0.0397392 0 0
BinVal : 5 7     0.933333 0.045542 0.045542 0 0
BinVal : 5 8     0.935484 0.0441237 0.0441237 0 0
BinVal : 5 9     0.883721 0.0488848 0.0488848 0 0
BinVal : 5 10     0.850746 0.0435337 0.0435337 0 0
BinVal : 5 11     0.759259 0.0581799 0.0581799 0 0
BinVal : 5 12     0.823529 0.0653787 0.0653787 0 0
BinVal : 5 13     0.928571 0.0344151 0.0344151 0 0
BinVal : 5 14     0.847458 0.0468089 0.0468089 0 0
BinVal : 5 15     0.645161 0.0859347 0.0859347 0 0
BinVal : 5 16     0.735294 0.0535005 0.0535005 0 0
BinVal : 5 17     0.777778 0.056575 0.056575 0 0
BinVal : 5 18     0.733333 0.0659218 0.0659218 0 0
BinVal : 5 19     0.914286 0.0473188 0.0473188 0 0
BinVal : 5 20     0.766667 0.0772202 0.0772202 0 0
BinVal : 5 21     0.934783 0.0364048 0.0364048 0 0
BinVal : 5 22     0.882353 0.0781425 0.0781425 0 0
BinVal : 5 23     1 0.0599198 0.0599198 0 0
BinVal : 5 24     0.875 0.116927 0.116927 0 0
BinVal : 5 25     0.347826 0.0993113 0.0993113 0 0
BinVal : 5 26     0.428571 0.187044 0.187044 0 0
BinVal : 6 1     0.578947 0.113269 0.113269 0 0
BinVal : 6 2     0.465116 0.0760635 0.0760635 0 0
BinVal : 6 3     0.294118 0.11051 0.11051 0 0
BinVal : 6 4     0.5 0.133631 0.133631 0 0
BinVal : 6 5     0.8 0.08 0.08 0 0
BinVal : 6 6     0.964912 0.0243716 0.0243716 0 0
BinVal : 6 7     0.953488 0.0321147 0.0321147 0 0
BinVal : 6 8     1 0.0141568 0.0141568 0 0
BinVal : 6 9     0.82 0.0543323 0.0543323 0 0
BinVal : 6 10     0.838235 0.044655 0.044655 0 0
BinVal : 6 11     0.671053 0.0538933 0.0538933 0 0
BinVal : 6 12     0.957747 0.0238741 0.0238741 0 0
BinVal : 6 13     0.619048 0.0611825 0.0611825 0 0
BinVal : 6 14     0.814286 0.0464796 0.0464796 0 0
BinVal : 6 15     0.76087 0.0628917 0.0628917 0 0
BinVal : 6 16     0.730769 0.0502233 0.0502233 0 0
BinVal : 6 17     0.821918 0.0447778 0.0447778 0 0
BinVal : 6 18     0.818182 0.052007 0.052007 0 0
BinVal : 6 19     0.962963 0.0363447 0.0363447 0 0
BinVal : 6 20     0.966667 0.0327731 0.0327731 0 0
BinVal : 6 21     0.964286 0.0247988 0.0247988 0 0
BinVal : 6 22     0.965517 0.033883 0.033883 0 0
BinVal : 6 23     0.9 0.0948683 0.0948683 0 0
BinVal : 6 24     0.466667 0.128812 0.128812 0 0
BinVal : 6 25     0.652174 0.0993113 0.0993113 0 0
BinVal : 6 26     0.5625 0.12402 0.12402 0 0
BinVal : 7 0     0.5 0.353553 0.353553 0 0
BinVal : 7 1     0.424242 0.086034 0.086034 0 0
BinVal : 7 2     0.489796 0.0714137 0.0714137 0 0
BinVal : 7 3     0.7 0.144914 0.144914 0 0
BinVal : 7 4     0.846154 0.100068 0.100068 0 0
BinVal : 7 5     0.827586 0.0701445 0.0701445 0 0
BinVal : 7 6     0.916667 0.0325723 0.0325723 0 0
BinVal : 7 7     0.86 0.0490714 0.0490714 0 0
BinVal : 7 8     0.724138 0.0829961 0.0829961 0 0
BinVal : 7 9     0.65625 0.0593699 0.0593699 0 0
BinVal : 7 10     0.477778 0.0526525 0.0526525 0 0
BinVal : 7 11     0.835294 0.0402314 0.0402314 0 0
BinVal : 7 12     0.798246 0.0375861 0.0375861 0 0
BinVal : 7 13     0.634146 0.0531914 0.0531914 0 0
BinVal : 7 14     0.835294 0.0402314 0.0402314 0 0
BinVal : 7 15     0.732673 0.0440368 0.0440368 0 0
BinVal : 7 16     0.814286 0.0464796 0.0464796 0 0
BinVal : 7 17     0.630435 0.0503236 0.0503236 0 0
BinVal : 7 18     0.763158 0.0487674 0.0487674 0 0
BinVal : 7 19     0.552632 0.0806601 0.0806601 0 0
BinVal : 7 20     0.972222 0.0273893 0.0273893 0 0
BinVal : 7 21     0.928571 0.0307818 0.0307818 0 0
BinVal : 7 22     0.967742 0.0317335 0.0317335 0 0
BinVal : 7 23     0.8 0.10328 0.10328 0 0
BinVal : 7 24     0.6875 0.115878 0.115878 0 0
BinVal : 7 25     0.520833 0.0721061 0.0721061 0 0
BinVal : 7 26     0.324324 0.0769588 0.0769588 0 0
BinVal : 8 0     0.333333 0.272166 0.272166 0 0
BinVal : 8 1     0.461538 0.0798268 0.0798268 0 0
BinVal : 8 2     0.5 0.073721 0.073721 0 0
BinVal : 8 3     0.55 0.111243 0.111243 0 0
BinVal : 8 4     0.95 0.048734 0.048734 0 0
BinVal : 8 5     0.928571 0.0397392 0.0397392 0 0
BinVal : 8 6     0.961039 0.0220516 0.0220516 0 0
BinVal : 8 7     0.955556 0.0307207 0.0307207 0 0
BinVal : 8 8     0.8 0.0676123 0.0676123 0 0
BinVal : 8 9     0.809524 0.0428445 0.0428445 0 0
BinVal : 8 10     0.720588 0.0544141 0.0544141 0 0
BinVal : 8 11     0.85 0.0357071 0.0357071 0 0
BinVal : 8 12     0.891089 0.0309981 0.0309981 0 0
BinVal : 8 13     0.588235 0.0487304 0.0487304 0 0
BinVal : 8 14     0.895238 0.0298866 0.0298866 0 0
BinVal : 8 15     0.876405 0.0348866 0.0348866 0 0
BinVal : 8 16     0.902778 0.0349146 0.0349146 0 0
BinVal : 8 17     0.654762 0.0518754 0.0518754 0 0
BinVal : 8 18     0.753247 0.0491309 0.0491309 0 0
BinVal : 8 19     0.680851 0.0679945 0.0679945 0 0
BinVal : 8 20     0.912281 0.0374692 0.0374692 0 0
BinVal : 8 21     0.971014 0.0201966 0.0201966 0 0
BinVal : 8 22     0.902439 0.0463399 0.0463399 0 0
BinVal : 8 23     0.882353 0.0781425 0.0781425 0 0
BinVal : 8 24     0.411765 0.119365 0.119365 0 0
BinVal : 8 25     0.52381 0.0629226 0.0629226 0 0
BinVal : 8 26     0.395349 0.0745604 0.0745604 0 0
BinVal : 8 27     0.666667 0.272166 0.272166 0 0
BinVal : 9 1     0.304348 0.0959439 0.0959439 0 0
BinVal : 9 2     0.340426 0.0691185 0.0691185 0 0
BinVal : 9 3     0.833333 0.107583 0.107583 0 0
BinVal : 9 4     0.904762 0.0640564 0.0640564 0 0
BinVal : 9 5     0.972222 0.0273893 0.0273893 0 0
BinVal : 9 6     0.987805 0.0121205 0.0121205 0 0
BinVal : 9 7     0.941176 0.0403526 0.0403526 0 0
BinVal : 9 8     0.962963 0.0363447 0.0363447 0 0
BinVal : 9 9     0.782609 0.0608155 0.0608155 0 0
BinVal : 9 10     0.7 0.0547723 0.0547723 0 0
BinVal : 9 11     0.697674 0.0495239 0.0495239 0 0
BinVal : 9 12     0.752941 0.0467812 0.0467812 0 0
BinVal : 9 13     0.631579 0.0494908 0.0494908 0 0
BinVal : 9 14     0.815534 0.0382174 0.0382174 0 0
BinVal : 9 15     0.827957 0.0391364 0.0391364 0 0
BinVal : 9 16     0.644737 0.0548984 0.0548984 0 0
BinVal : 9 17     0.783333 0.0531856 0.0531856 0 0
BinVal : 9 18     0.725806 0.0566556 0.0566556 0 0
BinVal : 9 19     0.909091 0.0433392 0.0433392 0 0
BinVal : 9 20     0.978261 0.0215015 0.0215015 0 0
BinVal : 9 21     0.952381 0.0268303 0.0268303 0 0
BinVal : 9 22     1 0.0161462 0.0161462 0 0
BinVal : 9 23     0.818182 0.116291 0.116291 0 0
BinVal : 9 24     0.777778 0.13858 0.13858 0 0
BinVal : 9 25     0.642857 0.0739356 0.0739356 0 0
BinVal : 9 26     0.5 0.117851 0.117851 0 0
BinVal : 9 27     1 0.218486 0.218486 0 0
BinVal : 10 1     0.4375 0.12402 0.12402 0 0
BinVal : 10 2     0.307692 0.0640039 0.0640039 0 0
BinVal : 10 3     0.666667 0.121716 0.121716 0 0
BinVal : 10 4     0.882353 0.0781425 0.0781425 0 0
BinVal : 10 5     0.848485 0.0624156 0.0624156 0 0
BinVal : 10 6     0.878378 0.0379953 0.0379953 0 0
BinVal : 10 7     0.558824 0.0851538 0.0851538 0 0
BinVal : 10 8     0.0571429 0.0392347 0.0392347 0 0
BinVal : 10 9     0.382979 0.0501387 0.0501387 0 0
BinVal : 10 10     0.17284 0.0420121 0.0420121 0 0
BinVal : 10 11     0.596154 0.0481139 0.0481139 0 0
BinVal : 10 12     0.712871 0.0450177 0.0450177 0 0
BinVal : 10 13     0.782178 0.0410717 0.0410717 0 0
BinVal : 10 14     0.831858 0.0351822 0.0351822 0 0
BinVal : 10 15     0.659794 0.0481049 0.0481049 0 0
BinVal : 10 16     0.473214 0.0471777 0.0471777 0 0
BinVal : 10 17     0.115385 0.0361746 0.0361746 0 0
BinVal : 10 18     0.322917 0.0477233 0.0477233 0 0
BinVal : 10 19     0.0909091 0.0500438 0.0500438 0 0
BinVal : 10 20     0.346154 0.0933009 0.0933009 0 0
BinVal : 10 21     0.973333 0.0186031 0.0186031 0 0
BinVal : 10 22     0.935484 0.0441237 0.0441237 0 0
BinVal : 10 23     1 0.0309157 0.0309157 0 0
BinVal : 10 24     0.666667 0.111111 0.111111 0 0
BinVal : 10 25     0.447761 0.0607504 0.0607504 0 0
BinVal : 10 26     0.541667 0.101707 0.101707 0 0
BinVal : 11 0     0.666667 0.272166 0.272166 0 0
BinVal : 11 1     0.4 0.0828079 0.0828079 0 0
BinVal : 11 2     0.372549 0.0677012 0.0677012 0 0
BinVal : 11 3     0.833333 0.107583 0.107583 0 0
BinVal : 11 4     0.9 0.0948683 0.0948683 0 0
BinVal : 11 5     0.916667 0.0460642 0.0460642 0 0
BinVal : 11 6     0.753086 0.0479129 0.0479129 0 0
BinVal : 11 13     0.0147059 0.0145974 0.0145974 0 0
BinVal : 11 19     0.0243902 0.024091 0.024091 0 0
BinVal : 11 21     0.769231 0.0522589 0.0522589 0 0
BinVal : 11 22     0.944444 0.0381769 0.0381769 0 0
BinVal : 11 23     0.894737 0.0704059 0.0704059 0 0
BinVal : 11 24     0.818182 0.116291 0.116291 0 0
BinVal : 11 25     0.463415 0.0778776 0.0778776 0 0
BinVal : 11 26     0.5 0.0790569 0.0790569 0 0
BinVal : 12 0     1 0.218486 0.218486 0 0
BinVal : 12 1     0.5 0.0912871 0.0912871 0 0
BinVal : 12 2     0.487179 0.0800378 0.0800378 0 0
BinVal : 12 3     0.846154 0.100068 0.100068 0 0
BinVal : 12 4     0.583333 0.142319 0.142319 0 0
BinVal : 12 5     0.90625 0.051527 0.051527 0 0
BinVal : 12 6     0.754386 0.0570146 0.0570146 0 0
BinVal : 12 12     0.0128205 0.0127381 0.0127381 0 0
BinVal : 12 15     0.0125 0.0124216 0.0124216 0 0
BinVal : 12 17     0.0204082 0.0201988 0.0201988 0 0
BinVal : 12 21     0.746032 0.0548401 0.0548401 0 0
BinVal : 12 22     0.948718 0.0353199 0.0353199 0 0
BinVal : 12 23     0.8125 0.0975781 0.0975781 0 0
BinVal : 12 24     0.875 0.116927 0.116927 0 0
BinVal : 12 25     0.428571 0.06613 0.06613 0 0
BinVal : 12 26     0.5 0.0693375 0.0693375 0 0
BinVal : 13 1     0.5 0.111803 0.111803 0 0
BinVal : 13 2     0.510638 0.072916 0.072916 0 0
BinVal : 13 3     0.727273 0.134282 0.134282 0 0
BinVal : 13 4     0.833333 0.087841 0.087841 0 0
BinVal : 13 5     0.952381 0.0464714 0.0464714 0 0
BinVal : 13 6     0.938272 0.0267402 0.0267402 0 0
BinVal : 13 7     0.583333 0.0821678 0.0821678 0 0
BinVal : 13 8     0.179487 0.0614507 0.0614507 0 0
BinVal : 13 9     0.269231 0.0502233 0.0502233 0 0
BinVal : 13 10     0.126984 0.0419484 0.0419484 0 0
BinVal : 13 11     0.464646 0.0501261 0.0501261 0 0
BinVal : 13 12     0.752475 0.0429432 0.0429432 0 0
BinVal : 13 13     0.743119 0.0418487 0.0418487 0 0
BinVal : 13 14     0.721739 0.0417895 0.0417895 0 0
BinVal : 13 15     0.658824 0.0514239 0.0514239 0 0
BinVal : 13 16     0.487179 0.0462098 0.0462098 0 0
BinVal : 13 17     0.0921053 0.0331706 0.0331706 0 0
BinVal : 13 18     0.222222 0.0523783 0.0523783 0 0
BinVal : 13 19     0.184211 0.0628861 0.0628861 0 0
BinVal : 13 20     0.558824 0.0851538 0.0851538 0 0
BinVal : 13 21     0.943662 0.027364 0.027364 0 0
BinVal : 13 22     0.914286 0.0473188 0.0473188 0 0
BinVal : 13 23     0.909091 0.0612909 0.0612909 0 0
BinVal : 13 24     0.636364 0.145041 0.145041 0 0
BinVal : 13 25     0.369565 0.0711683 0.0711683 0 0
BinVal : 13 26     0.516129 0.0897559 0.0897559 0 0
BinVal : 14 0     0.5 0.353553 0.353553 0 0
BinVal : 14 1     0.56 0.0992774 0.0992774 0 0
BinVal : 14 2     0.555556 0.0828173 0.0828173 0 0
BinVal : 14 3     0.3 0.10247 0.10247 0 0
BinVal : 14 4     0.8 0.10328 0.10328 0 0
BinVal : 14 5     0.961538 0.0377146 0.0377146 0 0
BinVal : 14 6     0.865672 0.0416604 0.0416604 0 0
BinVal : 14 7     0.840909 0.0551405 0.0551405 0 0
BinVal : 14 8     0.88 0.0459565 0.0459565 0 0
BinVal : 14 9     0.697674 0.0700373 0.0700373 0 0
BinVal : 14 10     0.694915 0.0599446 0.0599446 0 0
BinVal : 14 11     0.639535 0.0517743 0.0517743 0 0
BinVal : 14 12     0.721519 0.0504322 0.0504322 0 0
BinVal : 14 13     0.849462 0.0370811 0.0370811 0 0
BinVal : 14 14     0.647727 0.0509207 0.0509207 0 0
BinVal : 14 15     0.773333 0.0483444 0.0483444 0 0
BinVal : 14 16     0.636364 0.0512796 0.0512796 0 0
BinVal : 14 17     0.555556 0.0523783 0.0523783 0 0
BinVal : 14 18     0.826923 0.0524627 0.0524627 0 0
BinVal : 14 19     0.780488 0.0646428 0.0646428 0 0
BinVal : 14 20     0.891892 0.0510487 0.0510487 0 0
BinVal : 14 21     0.905405 0.0340204 0.0340204 0 0
BinVal : 14 22     0.860465 0.0528413 0.0528413 0 0
BinVal : 14 23     0.866667 0.0877707 0.0877707 0 0
BinVal : 14 24     0.647059 0.115904 0.115904 0 0
BinVal : 14 25     0.5 0.073721 0.073721 0 0
BinVal : 14 26     0.357143 0.12806 0.12806 0 0
BinVal : 15 0     0.5 0.353553 0.353553 0 0
BinVal : 15 1     0.512195 0.0780637 0.0780637 0 0
BinVal : 15 2     0.536585 0.0778776 0.0778776 0 0
BinVal : 15 3     0.545455 0.150131 0.150131 0 0
BinVal : 15 4     0.9375 0.0605154 0.0605154 0 0
BinVal : 15 5     0.930233 0.0388497 0.0388497 0 0
BinVal : 15 6     0.903614 0.0323935 0.0323935 0 0
BinVal : 15 7     0.957447 0.0294425 0.0294425 0 0
BinVal : 15 8     0.770833 0.0606646 0.0606646 0 0
BinVal : 15 9     0.705882 0.0552551 0.0552551 0 0
BinVal : 15 10     0.473684 0.0572744 0.0572744 0 0
BinVal : 15 11     0.852273 0.0378249 0.0378249 0 0
BinVal : 15 12     0.787234 0.0422123 0.0422123 0 0
BinVal : 15 13     0.85 0.0357071 0.0357071 0 0
BinVal : 15 14     0.840708 0.0344255 0.0344255 0 0
BinVal : 15 15     0.761468 0.0408212 0.0408212 0 0
BinVal : 15 16     0.87 0.0336303 0.0336303 0 0
BinVal : 15 17     0.576923 0.0559399 0.0559399 0 0
BinVal : 15 18     0.75 0.04967 0.04967 0 0
BinVal : 15 19     0.675676 0.0769588 0.0769588 0 0
BinVal : 15 20     0.927273 0.0350164 0.0350164 0 0
BinVal : 15 21     0.925 0.029448 0.029448 0 0
BinVal : 15 22     0.901961 0.0416398 0.0416398 0 0
BinVal : 15 23     0.925926 0.050401 0.050401 0 0
BinVal : 15 24     0.764706 0.102879 0.102879 0 0
BinVal : 15 25     0.555556 0.0676201 0.0676201 0 0
BinVal : 15 26     0.484848 0.0869989 0.0869989 0 0
BinVal : 15 27     0.666667 0.272166 0.272166 0 0


Comments : includes prescale inefficiency, cosmic veto applied 
EffMethod : TagAndProbe 
EffName : eff 
EffType : Binned 
EffVarNames : phi deteta 
EffVersion : 5 
ObjQuality : SingleMuonTriggersOR-AND-MuFromMuJets 
ObjRelativeTo : medium_tracktight_iso_TrkTightScaled 
ObjType : MuANDSingleMuonOR 
ObjVersion : 1 
RunRangeHigh : -1 
RunRangeLow : -1 
TriggerVersionHigh : 14.6 
TriggerVersionLow : 14 
BinEdges1 : 0 0.3927 0.7854 1.1781 1.5708 1.9635 2.3562 2.7489 3.1416 3.5343 3.927 4.3197 4.7124 5.1051 5.4978 5.8905 6.2832 
BinEdges2 : -2.2 -2 -1.8 -1.6 -1.55 -1.5 -1.4 -1.2 -1.1 -1 -0.8 -0.6 -0.4 -0.2 0 0.2 0.4 0.6 0.8 1 1.1 1.2 1.4 1.5 1.55 1.6 1.8 2 2.2 
BinVal : 0 1     0.0769231 0.0522589 0.0522589 0 0
BinVal : 0 2     0.121212 0.0568144 0.0568144 0 0
BinVal : 0 4     0.833333 0.152145 0.152145 0 0
BinVal : 0 5     0.882353 0.0781425 0.0781425 0 0
BinVal : 0 6     0.804878 0.0618908 0.0618908 0 0
BinVal : 0 7     0.7 0.10247 0.10247 0 0
BinVal : 0 8     0.807692 0.077292 0.077292 0 0
BinVal : 0 9     0.794118 0.0693446 0.0693446 0 0
BinVal : 0 10     0.642857 0.0905522 0.0905522 0 0
BinVal : 0 11     0.833333 0.0575055 0.0575055 0 0
BinVal : 0 12     0.816667 0.0499537 0.0499537 0 0
BinVal : 0 13     0.803571 0.053091 0.053091 0 0
BinVal : 0 14     0.755102 0.0614324 0.0614324 0 0
BinVal : 0 15     0.690476 0.071334 0.071334 0 0
BinVal : 0 16     0.73913 0.0647431 0.0647431 0 0
BinVal : 0 17     0.555556 0.0740741 0.0740741 0 0
BinVal : 0 18     0.6 0.0828079 0.0828079 0 0
BinVal : 0 19     0.421053 0.113269 0.113269 0 0
BinVal : 0 20     1 0.0194201 0.0194201 0 0
BinVal : 0 21     0.823529 0.0653787 0.0653787 0 0
BinVal : 0 22     0.96 0.0391918 0.0391918 0 0
BinVal : 0 23     0.8 0.126491 0.126491 0 0
BinVal : 0 24     0.4 0.154919 0.154919 0 0
BinVal : 0 25     0.0666667 0.045542 0.045542 0 0
BinVal : 0 26     0.107143 0.0584512 0.0584512 0 0
BinVal : 1 2     0.047619 0.0464714 0.0464714 0 0
BinVal : 1 4     0.571429 0.187044 0.187044 0 0
BinVal : 1 5     0.588235 0.119365 0.119365 0 0
BinVal : 1 6     0.632653 0.0688689 0.0688689 0 0
BinVal : 1 7     0.76 0.0854166 0.0854166 0 0
BinVal : 1 8     0.75 0.0968246 0.0968246 0 0
BinVal : 1 9     0.666667 0.0860663 0.0860663 0 0
BinVal : 1 10     0.564103 0.0794034 0.0794034 0 0
BinVal : 1 11     0.527778 0.0832046 0.0832046 0 0
BinVal : 1 12     0.704545 0.0687818 0.0687818 0 0
BinVal : 1 13     0.615385 0.067466 0.067466 0 0
BinVal : 1 14     0.5 0.0753778 0.0753778 0 0
BinVal : 1 15     0.515152 0.0869989 0.0869989 0 0
BinVal : 1 16     0.571429 0.0836486 0.0836486 0 0
BinVal : 1 17     0.55 0.0786607 0.0786607 0 0
BinVal : 1 18     0.772727 0.0893461 0.0893461 0 0
BinVal : 1 19     0.772727 0.0893461 0.0893461 0 0
BinVal : 1 20     0.631579 0.110665 0.110665 0 0
BinVal : 1 21     0.714286 0.0763604 0.0763604 0 0
BinVal : 1 22     0.571429 0.13226 0.13226 0 0
BinVal : 1 23     0.25 0.216506 0.216506 0 0
BinVal : 1 24     0.363636 0.145041 0.145041 0 0
BinVal : 1 25     0.0555556 0.0381769 0.0381769 0 0
BinVal : 1 26     0.153846 0.100068 0.100068 0 0
BinVal : 2 0     1 0.218486 0.218486 0 0
BinVal : 2 1     0.2 0.126491 0.126491 0 0
BinVal : 2 2     0.222222 0.13858 0.13858 0 0
BinVal : 2 3     0.666667 0.272166 0.272166 0 0
BinVal : 2 4     0.7 0.144914 0.144914 0 0
BinVal : 2 5     0.857143 0.13226 0.13226 0 0
BinVal : 2 6     0.9 0.067082 0.067082 0 0
BinVal : 2 7     0.75 0.108253 0.108253 0 0
BinVal : 2 8     0.75 0.125 0.125 0 0
BinVal : 2 9     0.722222 0.105572 0.105572 0 0
BinVal : 2 10     0.709677 0.0815249 0.0815249 0 0
BinVal : 2 11     0.71875 0.0794804 0.0794804 0 0
BinVal : 2 12     0.75 0.0883883 0.0883883 0 0
BinVal : 2 13     0.761905 0.0657205 0.0657205 0 0
BinVal : 2 14     0.710526 0.0735703 0.0735703 0 0
BinVal : 2 15     0.625 0.0988212 0.0988212 0 0
BinVal : 2 16     0.73913 0.0915605 0.0915605 0 0
BinVal : 2 17     0.625 0.0855817 0.0855817 0 0
BinVal : 2 18     0.666667 0.102869 0.102869 0 0
BinVal : 2 19     0.857143 0.13226 0.13226 0 0
BinVal : 2 20     0.875 0.116927 0.116927 0 0
BinVal : 2 21     0.888889 0.0604812 0.0604812 0 0
BinVal : 2 22     0.916667 0.0797856 0.0797856 0 0
BinVal : 2 23     0.5 0.204124 0.204124 0 0
BinVal : 2 24     0.166667 0.152145 0.152145 0 0
BinVal : 2 25     0.0526316 0.0512278 0.0512278 0 0
BinVal : 3 2     0.1 0.0948683 0.0948683 0 0
BinVal : 3 4     1 0.159077 0.159077 0 0
BinVal : 3 5     0.714286 0.170747 0.170747 0 0
BinVal : 3 6     0.866667 0.0877707 0.0877707 0 0
BinVal : 3 7     0.875 0.116927 0.116927 0 0
BinVal : 3 8     1 0.0756803 0.0756803 0 0
BinVal : 3 9     0.75 0.125 0.125 0 0
BinVal : 3 10     0.583333 0.142319 0.142319 0 0
BinVal : 3 11     0.538462 0.138264 0.138264 0 0
BinVal : 3 12     0.533333 0.128812 0.128812 0 0
BinVal : 3 13     0.642857 0.12806 0.12806 0 0
BinVal : 3 14     0.75 0.108253 0.108253 0 0
BinVal : 3 15     0.75 0.125 0.125 0 0
BinVal : 3 16     0.625 0.121031 0.121031 0 0
BinVal : 3 17     0.666667 0.121716 0.121716 0 0
BinVal : 3 18     0.45 0.111243 0.111243 0 0
BinVal : 3 19     0.5 0.353553 0.353553 0 0
BinVal : 3 20     0.875 0.116927 0.116927 0 0
BinVal : 3 21     0.8125 0.0975781 0.0975781 0 0
BinVal : 3 22     0.5 0.25 0.25 0 0
BinVal : 3 25     0.111111 0.104757 0.104757 0 0
BinVal : 3 26     0.666667 0.19245 0.19245 0 0
BinVal : 4 3     0.666667 0.272166 0.272166 0 0
BinVal : 4 4     1 0.159077 0.159077 0 0
BinVal : 4 5     0.571429 0.187044 0.187044 0 0
BinVal : 4 6     0.8 0.126491 0.126491 0 0
BinVal : 4 7     0.5 0.176777 0.176777 0 0
BinVal : 4 8     1 0.124824 0.124824 0 0
BinVal : 4 9     0.692308 0.128008 0.128008 0 0
BinVal : 4 10     0.631579 0.110665 0.110665 0 0
BinVal : 4 11     0.4 0.154919 0.154919 0 0
BinVal : 4 12     0.6 0.126491 0.126491 0 0
BinVal : 4 13     0.666667 0.111111 0.111111 0 0
BinVal : 4 14     0.7 0.144914 0.144914 0 0
BinVal : 4 15     0.25 0.153093 0.153093 0 0
BinVal : 4 16     0.846154 0.100068 0.100068 0 0
BinVal : 4 17     0.5 0.144338 0.144338 0 0
BinVal : 4 18     0.333333 0.121716 0.121716 0 0
BinVal : 4 19     0.666667 0.19245 0.19245 0 0
BinVal : 4 20     0.727273 0.134282 0.134282 0 0
BinVal : 4 21     0.866667 0.0877707 0.0877707 0 0
BinVal : 4 22     1 0.218486 0.218486 0 0
BinVal : 4 25     0.166667 0.152145 0.152145 0 0
BinVal : 4 26     0.166667 0.152145 0.152145 0 0
BinVal : 5 1     0.333333 0.272166 0.272166 0 0
BinVal : 5 3     0.2 0.178885 0.178885 0 0
BinVal : 5 4     0.571429 0.187044 0.187044 0 0
BinVal : 5 5     0.571429 0.187044 0.187044 0 0
BinVal : 5 6     0.896552 0.0565523 0.0565523 0 0
BinVal : 5 7     0.727273 0.134282 0.134282 0 0
BinVal : 5 8     0.916667 0.0797856 0.0797856 0 0
BinVal : 5 9     0.615385 0.134932 0.134932 0 0
BinVal : 5 10     0.814815 0.0747568 0.0747568 0 0
BinVal : 5 11     0.772727 0.0893461 0.0893461 0 0
BinVal : 5 12     0.736842 0.101023 0.101023 0 0
BinVal : 5 13     0.888889 0.0604812 0.0604812 0 0
BinVal : 5 14     0.7 0.10247 0.10247 0 0
BinVal : 5 15     0.777778 0.13858 0.13858 0 0
BinVal : 5 16     0.65 0.106654 0.106654 0 0
BinVal : 5 17     0.71875 0.0794804 0.0794804 0 0
BinVal : 5 18     0.833333 0.087841 0.087841 0 0
BinVal : 5 19     0.875 0.0826797 0.0826797 0 0
BinVal : 5 20     0.4 0.154919 0.154919 0 0
BinVal : 5 21     0.928571 0.0486704 0.0486704 0 0
BinVal : 5 22     0.428571 0.187044 0.187044 0 0
BinVal : 5 23     0.833333 0.152145 0.152145 0 0
BinVal : 5 24     0.571429 0.187044 0.187044 0 0
BinVal : 6 1     0.142857 0.13226 0.13226 0 0
BinVal : 6 2     0.142857 0.13226 0.13226 0 0
BinVal : 6 4     0.8 0.178885 0.178885 0 0
BinVal : 6 5     0.583333 0.142319 0.142319 0 0
BinVal : 6 6     0.95 0.048734 0.048734 0 0
BinVal : 6 7     0.928571 0.0688303 0.0688303 0 0
BinVal : 6 8     0.928571 0.0688303 0.0688303 0 0
BinVal : 6 9     0.84 0.0733212 0.0733212 0 0
BinVal : 6 10     0.8 0.0676123 0.0676123 0 0
BinVal : 6 11     0.641026 0.0768134 0.0768134 0 0
BinVal : 6 12     0.709677 0.0815249 0.0815249 0 0
BinVal : 6 13     0.666667 0.082061 0.082061 0 0
BinVal : 6 14     0.48 0.09992 0.09992 0 0
BinVal : 6 15     0.714286 0.0985808 0.0985808 0 0
BinVal : 6 16     0.708333 0.0927805 0.0927805 0 0
BinVal : 6 17     0.916667 0.0564169 0.0564169 0 0
BinVal : 6 18     0.7 0.10247 0.10247 0 0
BinVal : 6 19     0.954545 0.0444095 0.0444095 0 0
BinVal : 6 20     0.928571 0.0688303 0.0688303 0 0
BinVal : 6 21     0.967742 0.0317335 0.0317335 0 0
BinVal : 6 22     1 0.0871301 0.0871301 0 0
BinVal : 6 23     0.666667 0.272166 0.272166 0 0
BinVal : 6 25     0.0625 0.0605154 0.0605154 0 0
BinVal : 7 1     0.047619 0.0464714 0.0464714 0 0
BinVal : 7 2     0.176471 0.0924594 0.0924594 0 0
BinVal : 7 3     0.166667 0.152145 0.152145 0 0
BinVal : 7 4     0.4 0.154919 0.154919 0 0
BinVal : 7 5     0.9 0.0948683 0.0948683 0 0
BinVal : 7 6     0.941176 0.0403526 0.0403526 0 0
BinVal : 7 7     0.846154 0.100068 0.100068 0 0
BinVal : 7 8     0.714286 0.120736 0.120736 0 0
BinVal : 7 9     0.71875 0.0794804 0.0794804 0 0
BinVal : 7 10     0.59375 0.0868207 0.0868207 0 0
BinVal : 7 11     0.892857 0.0584512 0.0584512 0 0
BinVal : 7 12     0.790698 0.062038 0.062038 0 0
BinVal : 7 13     0.5 0.0721688 0.0721688 0 0
BinVal : 7 14     0.611111 0.0812497 0.0812497 0 0
BinVal : 7 15     0.529412 0.0856008 0.0856008 0 0
BinVal : 7 16     0.862069 0.0640329 0.0640329 0 0
BinVal : 7 17     0.638298 0.0700871 0.0700871 0 0
BinVal : 7 18     0.59375 0.0868207 0.0868207 0 0
BinVal : 7 19     0.681818 0.0993026 0.0993026 0 0
BinVal : 7 20     0.9 0.067082 0.067082 0 0
BinVal : 7 21     0.891892 0.0510487 0.0510487 0 0
BinVal : 7 22     0.941176 0.0570672 0.0570672 0 0
BinVal : 7 23     0.6 0.219089 0.219089 0 0
BinVal : 7 24     0.25 0.153093 0.153093 0 0
BinVal : 7 25     0.0434783 0.0425226 0.0425226 0 0
BinVal : 7 26     0.111111 0.0740741 0.0740741 0 0
BinVal : 8 1     0.25 0.153093 0.153093 0 0
BinVal : 8 2     0.0967742 0.0531003 0.0531003 0 0
BinVal : 8 3     0.166667 0.152145 0.152145 0 0
BinVal : 8 4     1 0.0756803 0.0756803 0 0
BinVal : 8 5     0.789474 0.0935288 0.0935288 0 0
BinVal : 8 6     1 0.0201001 0.0201001 0 0
BinVal : 8 7     0.869565 0.0702237 0.0702237 0 0
BinVal : 8 8     0.642857 0.12806 0.12806 0 0
BinVal : 8 9     0.758621 0.0794627 0.0794627 0 0
BinVal : 8 10     0.75 0.0684653 0.0684653 0 0
BinVal : 8 11     0.904762 0.0452948 0.0452948 0 0
BinVal : 8 12     0.907407 0.039445 0.039445 0 0
BinVal : 8 13     0.702128 0.0667074 0.0667074 0 0
BinVal : 8 14     0.714286 0.0697071 0.0697071 0 0
BinVal : 8 15     0.72093 0.068402 0.068402 0 0
BinVal : 8 16     0.883721 0.0488848 0.0488848 0 0
BinVal : 8 17     0.561404 0.0657253 0.0657253 0 0
BinVal : 8 18     0.666667 0.0727393 0.0727393 0 0
BinVal : 8 19     0.882353 0.0781425 0.0781425 0 0
BinVal : 8 20     0.882353 0.0781425 0.0781425 0 0
BinVal : 8 21     0.97561 0.024091 0.024091 0 0
BinVal : 8 22     0.952381 0.0464714 0.0464714 0 0
BinVal : 8 23     0.75 0.153093 0.153093 0 0
BinVal : 8 24     0.125 0.116927 0.116927 0 0
BinVal : 8 25     0.115385 0.0626563 0.0626563 0 0
BinVal : 8 26     0.05 0.048734 0.048734 0 0
BinVal : 9 1     0.1 0.0948683 0.0948683 0 0
BinVal : 9 2     0.1875 0.0975781 0.0975781 0 0
BinVal : 9 3     0.333333 0.157135 0.157135 0 0
BinVal : 9 4     1 0.0871301 0.0871301 0 0
BinVal : 9 5     0.857143 0.093522 0.093522 0 0
BinVal : 9 6     0.952381 0.0464714 0.0464714 0 0
BinVal : 9 7     1 0.0279117 0.0279117 0 0
BinVal : 9 8     1 0.0279117 0.0279117 0 0
BinVal : 9 9     0.827586 0.0701445 0.0701445 0 0
BinVal : 9 10     0.76 0.0854166 0.0854166 0 0
BinVal : 9 11     0.52381 0.0770641 0.0770641 0 0
BinVal : 9 12     0.714286 0.0763604 0.0763604 0 0
BinVal : 9 13     0.641026 0.0768134 0.0768134 0 0
BinVal : 9 14     0.678571 0.0882594 0.0882594 0 0
BinVal : 9 15     0.714286 0.0763604 0.0763604 0 0
BinVal : 9 16     0.736842 0.0714338 0.0714338 0 0
BinVal : 9 17     0.766667 0.0772202 0.0772202 0 0
BinVal : 9 18     0.692308 0.0905151 0.0905151 0 0
BinVal : 9 19     0.933333 0.0644061 0.0644061 0 0
BinVal : 9 20     1 0.0309157 0.0309157 0 0
BinVal : 9 21     0.923077 0.0522589 0.0522589 0 0
BinVal : 9 22     0.666667 0.19245 0.19245 0 0
BinVal : 9 23     0.916667 0.0797856 0.0797856 0 0
BinVal : 9 24     0.166667 0.152145 0.152145 0 0
BinVal : 9 25     0.0555556 0.0539903 0.0539903 0 0
BinVal : 9 26     0.222222 0.13858 0.13858 0 0
BinVal : 10 1     0.333333 0.19245 0.19245 0 0
BinVal : 10 2     0.125 0.0826797 0.0826797 0 0
BinVal : 10 3     0.333333 0.19245 0.19245 0 0
BinVal : 10 4     0.6 0.219089 0.219089 0 0
BinVal : 10 5     0.833333 0.107583 0.107583 0 0
BinVal : 10 6     0.853659 0.0551993 0.0551993 0 0
BinVal : 10 7     0.727273 0.134282 0.134282 0 0
BinVal : 10 8     0.352941 0.115904 0.115904 0 0
BinVal : 10 9     0.368421 0.0782518 0.0782518 0 0
BinVal : 10 10     0.142857 0.0591485 0.0591485 0 0
BinVal : 10 11     0.525 0.0789581 0.0789581 0 0
BinVal : 10 12     0.705882 0.0638031 0.0638031 0 0
BinVal : 10 13     0.755556 0.0640644 0.0640644 0 0
BinVal : 10 14     0.755556 0.0640644 0.0640644 0 0
BinVal : 10 15     0.882353 0.0552551 0.0552551 0 0
BinVal : 10 16     0.585366 0.0769404 0.0769404 0 0
BinVal : 10 17     0.0952381 0.0452948 0.0452948 0 0
BinVal : 10 18     0.35 0.0754155 0.0754155 0 0
BinVal : 10 19     0.125 0.0675077 0.0675077 0 0
BinVal : 10 20     0.785714 0.109664 0.109664 0 0
BinVal : 10 21     0.825 0.0600781 0.0600781 0 0
BinVal : 10 22     0.894737 0.0704059 0.0704059 0 0
BinVal : 10 23     1 0.124824 0.124824 0 0
BinVal : 10 24     0.75 0.216506 0.216506 0 0
BinVal : 10 25     0.04 0.0391918 0.0391918 0 0
BinVal : 10 26     0.0909091 0.0866784 0.0866784 0 0
BinVal : 11 1     0.111111 0.0740741 0.0740741 0 0
BinVal : 11 2     0.172414 0.0701445 0.0701445 0 0
BinVal : 11 3     0.375 0.171163 0.171163 0 0
BinVal : 11 4     0.833333 0.107583 0.107583 0 0
BinVal : 11 5     0.733333 0.11418 0.11418 0 0
BinVal : 11 6     0.769231 0.0826286 0.0826286 0 0
BinVal : 11 14     0.025 0.0246855 0.0246855 0 0
BinVal : 11 21     0.8125 0.0689981 0.0689981 0 0
BinVal : 11 22     0.888889 0.104757 0.104757 0 0
BinVal : 11 23     0.8 0.178885 0.178885 0 0
BinVal : 11 24     0.111111 0.104757 0.104757 0 0
BinVal : 11 25     0.0434783 0.0425226 0.0425226 0 0
BinVal : 11 26     0.0384615 0.0377146 0.0377146 0 0
BinVal : 11 27     1 0.218486 0.218486 0 0
BinVal : 12 1     0.142857 0.093522 0.093522 0 0
BinVal : 12 2     0.047619 0.0464714 0.0464714 0 0
BinVal : 12 3     0.636364 0.145041 0.145041 0 0
BinVal : 12 4     0.909091 0.0866784 0.0866784 0 0
BinVal : 12 5     0.857143 0.093522 0.093522 0 0
BinVal : 12 6     0.714286 0.0853735 0.0853735 0 0
BinVal : 12 14     0.0285714 0.0281603 0.0281603 0 0
BinVal : 12 21     0.68 0.0932952 0.0932952 0 0
BinVal : 12 22     0.888889 0.0740741 0.0740741 0 0
BinVal : 12 23     0.75 0.216506 0.216506 0 0
BinVal : 12 24     0.333333 0.19245 0.19245 0 0
BinVal : 12 25     0.0909091 0.0866784 0.0866784 0 0
BinVal : 13 4     1 0.0495858 0.0495858 0 0
BinVal : 13 5     0.769231 0.116855 0.116855 0 0
BinVal : 13 6     0.714286 0.0763604 0.0763604 0 0
BinVal : 13 7     0.454545 0.150131 0.150131 0 0
BinVal : 13 9     0.285714 0.0763604 0.0763604 0 0
BinVal : 13 10     0.176471 0.0653787 0.0653787 0 0
BinVal : 13 11     0.552632 0.0806601 0.0806601 0 0
BinVal : 13 12     0.666667 0.0785674 0.0785674 0 0
BinVal : 13 13     0.75 0.0625 0.0625 0 0
BinVal : 13 14     0.826087 0.0558856 0.0558856 0 0
BinVal : 13 15     0.675676 0.0769588 0.0769588 0 0
BinVal : 13 16     0.5 0.073721 0.073721 0 0
BinVal : 13 17     0.142857 0.0539949 0.0539949 0 0
BinVal : 13 18     0.151515 0.0624156 0.0624156 0 0
BinVal : 13 19     0.230769 0.116855 0.116855 0 0
BinVal : 13 20     0.538462 0.138264 0.138264 0 0
BinVal : 13 21     0.90625 0.051527 0.051527 0 0
BinVal : 13 22     0.909091 0.0866784 0.0866784 0 0
BinVal : 13 23     0.666667 0.157135 0.157135 0 0
BinVal : 13 24     0.714286 0.170747 0.170747 0 0
BinVal : 13 25     0.0769231 0.0739053 0.0739053 0 0
BinVal : 13 26     0.166667 0.152145 0.152145 0 0
BinVal : 14 1     0.1 0.0948683 0.0948683 0 0
BinVal : 14 2     0.0666667 0.0644061 0.0644061 0 0
BinVal : 14 4     0.5 0.144338 0.144338 0 0
BinVal : 14 5     0.8125 0.0975781 0.0975781 0 0
BinVal : 14 6     0.863636 0.073165 0.073165 0 0
BinVal : 14 7     0.928571 0.0688303 0.0688303 0 0
BinVal : 14 8     0.733333 0.11418 0.11418 0 0
BinVal : 14 9     0.652174 0.0993113 0.0993113 0 0
BinVal : 14 10     0.575758 0.086034 0.086034 0 0
BinVal : 14 11     0.586207 0.0914572 0.0914572 0 0
BinVal : 14 12     0.481481 0.096159 0.096159 0 0
BinVal : 14 13     0.757576 0.0746009 0.0746009 0 0
BinVal : 14 14     0.608696 0.0719579 0.0719579 0 0
BinVal : 14 15     0.633333 0.0879815 0.0879815 0 0
BinVal : 14 16     0.545455 0.0866784 0.0866784 0 0
BinVal : 14 17     0.65 0.0754155 0.0754155 0 0
BinVal : 14 18     0.689655 0.0859091 0.0859091 0 0
BinVal : 14 19     0.736842 0.101023 0.101023 0 0
BinVal : 14 20     0.954545 0.0444095 0.0444095 0 0
BinVal : 14 21     0.742857 0.0738764 0.0738764 0 0
BinVal : 14 22     0.833333 0.107583 0.107583 0 0
BinVal : 14 23     1 0.0542655 0.0542655 0 0
BinVal : 14 24     0.428571 0.187044 0.187044 0 0
BinVal : 14 25     0.0833333 0.0564169 0.0564169 0 0
BinVal : 15 1     0.3 0.144914 0.144914 0 0
BinVal : 15 2     0.103448 0.0565523 0.0565523 0 0
BinVal : 15 3     0.2 0.178885 0.178885 0 0
BinVal : 15 4     0.714286 0.170747 0.170747 0 0
BinVal : 15 5     0.769231 0.116855 0.116855 0 0
BinVal : 15 6     0.902439 0.0463399 0.0463399 0 0
BinVal : 15 7     0.869565 0.0702237 0.0702237 0 0
BinVal : 15 8     0.6875 0.115878 0.115878 0 0
BinVal : 15 9     0.771429 0.0709782 0.0709782 0 0
BinVal : 15 10     0.441176 0.0851538 0.0851538 0 0
BinVal : 15 11     0.837209 0.0562986 0.0562986 0 0
BinVal : 15 12     0.8125 0.0563367 0.0563367 0 0
BinVal : 15 13     0.740741 0.0596353 0.0596353 0 0
BinVal : 15 14     0.75 0.0600481 0.0600481 0 0
BinVal : 15 15     0.8 0.0632455 0.0632455 0 0
BinVal : 15 16     0.793103 0.0752216 0.0752216 0 0
BinVal : 15 17     0.604651 0.0745604 0.0745604 0 0
BinVal : 15 18     0.655172 0.0882632 0.0882632 0 0
BinVal : 15 19     0.666667 0.136083 0.136083 0 0
BinVal : 15 20     0.888889 0.0740741 0.0740741 0 0
BinVal : 15 21     0.833333 0.062113 0.062113 0 0
BinVal : 15 22     0.785714 0.109664 0.109664 0 0
BinVal : 15 23     0.428571 0.187044 0.187044 0 0
BinVal : 15 24     0.5 0.204124 0.204124 0 0
BinVal : 15 25     0.125 0.0675077 0.0675077 0 0
BinVal : 15 26     0.0434783 0.0425226 0.0425226 0 0


Comments : includes prescale inefficiency, cosmic veto applied 
EffMethod : TagAndProbe 
EffName : eff 
EffType : Binned 
EffVarNames : phi deteta 
EffVersion : 5 
ObjQuality : SingleMuonTriggersOR-AND-MuFromMuJets 
ObjRelativeTo : medium_tracktight_iso_TrkTightScaled 
ObjType : MuANDSingleMuonOR 
ObjVersion : 1 
RunRangeHigh : -1 
RunRangeLow : -1 
TriggerVersionHigh : 15 
TriggerVersionLow : 14.6 
BinEdges1 : 0 0.3927 0.7854 1.1781 1.5708 1.9635 2.3562 2.7489 3.1416 3.5343 3.927 4.3197 4.7124 5.1051 5.4978 5.8905 6.2832 
BinEdges2 : -2.2 -2 -1.8 -1.6 -1.55 -1.5 -1.4 -1.2 -1.1 -1 -0.8 -0.6 -0.4 -0.2 0 0.2 0.4 0.6 0.8 1 1.1 1.2 1.4 1.5 1.55 1.6 1.8 2 2.2 
BinVal : 0 1     0.125 0.0675077 0.0675077 0 0
BinVal : 0 2     0.0263158 0.0259672 0.0259672 0 0
BinVal : 0 3     0.333333 0.19245 0.19245 0 0
BinVal : 0 4     0.583333 0.142319 0.142319 0 0
BinVal : 0 5     0.894737 0.0704059 0.0704059 0 0
BinVal : 0 6     0.96 0.0277128 0.0277128 0 0
BinVal : 0 7     0.925926 0.050401 0.050401 0 0
BinVal : 0 8     0.62963 0.0929349 0.0929349 0 0
BinVal : 0 9     0.738095 0.0678427 0.0678427 0 0
BinVal : 0 10     0.439024 0.077504 0.077504 0 0
BinVal : 0 11     0.862745 0.0481859 0.0481859 0 0
BinVal : 0 12     0.734694 0.0630709 0.0630709 0 0
BinVal : 0 13     0.730159 0.0559233 0.0559233 0 0
BinVal : 0 14     0.734694 0.0630709 0.0630709 0 0
BinVal : 0 15     0.692308 0.0640039 0.0640039 0 0
BinVal : 0 16     0.830189 0.0515744 0.0515744 0 0
BinVal : 0 17     0.76087 0.0628917 0.0628917 0 0
BinVal : 0 18     0.736842 0.0714338 0.0714338 0 0
BinVal : 0 19     0.777778 0.06929 0.06929 0 0
BinVal : 0 20     0.863636 0.073165 0.073165 0 0
BinVal : 0 21     0.92 0.0383667 0.0383667 0 0
BinVal : 0 22     0.9375 0.0605154 0.0605154 0 0
BinVal : 0 23     0.714286 0.170747 0.170747 0 0
BinVal : 0 25     0.0645161 0.0441237 0.0441237 0 0
BinVal : 0 26     0.047619 0.0464714 0.0464714 0 0
BinVal : 1 2     0.03125 0.0307578 0.0307578 0 0
BinVal : 1 3     0.222222 0.13858 0.13858 0 0
BinVal : 1 4     0.666667 0.157135 0.157135 0 0
BinVal : 1 5     0.833333 0.087841 0.087841 0 0
BinVal : 1 6     0.829787 0.0548189 0.0548189 0 0
BinVal : 1 7     0.9 0.067082 0.067082 0 0
BinVal : 1 8     0.615385 0.0954113 0.0954113 0 0
BinVal : 1 9     0.707317 0.0710581 0.0710581 0 0
BinVal : 1 10     0.416667 0.0821678 0.0821678 0 0
BinVal : 1 11     0.454545 0.0750657 0.0750657 0 0
BinVal : 1 12     0.71875 0.0794804 0.0794804 0 0
BinVal : 1 13     0.609756 0.0761823 0.0761823 0 0
BinVal : 1 14     0.45 0.0786607 0.0786607 0 0
BinVal : 1 15     0.463415 0.0778776 0.0778776 0 0
BinVal : 1 16     0.535714 0.0666446 0.0666446 0 0
BinVal : 1 17     0.7 0.0724569 0.0724569 0 0
BinVal : 1 18     0.690476 0.071334 0.071334 0 0
BinVal : 1 19     0.730769 0.0869893 0.0869893 0 0
BinVal : 1 20     0.8 0.08 0.08 0 0
BinVal : 1 21     0.809524 0.0605913 0.0605913 0 0
BinVal : 1 22     0.761905 0.0929429 0.0929429 0 0
BinVal : 1 23     0.636364 0.145041 0.145041 0 0
BinVal : 1 24     0.111111 0.104757 0.104757 0 0
BinVal : 1 25     0.0384615 0.0377146 0.0377146 0 0
BinVal : 1 26     0.0625 0.0605154 0.0605154 0 0
BinVal : 2 3     0.285714 0.170747 0.170747 0 0
BinVal : 2 4     0.5 0.25 0.25 0 0
BinVal : 2 5     0.8 0.126491 0.126491 0 0
BinVal : 2 6     0.821429 0.0723789 0.0723789 0 0
BinVal : 2 7     0.904762 0.0640564 0.0640564 0 0
BinVal : 2 8     0.92 0.0542586 0.0542586 0 0
BinVal : 2 9     0.736842 0.101023 0.101023 0 0
BinVal : 2 10     0.658537 0.0740577 0.0740577 0 0
BinVal : 2 11     0.735294 0.0756611 0.0756611 0 0
BinVal : 2 12     0.882353 0.0781425 0.0781425 0 0
BinVal : 2 13     0.8 0.0676123 0.0676123 0 0
BinVal : 2 14     0.75 0.0968246 0.0968246 0 0
BinVal : 2 15     0.771429 0.0709782 0.0709782 0 0
BinVal : 2 16     0.682927 0.0726733 0.0726733 0 0
BinVal : 2 17     0.731707 0.069196 0.069196 0 0
BinVal : 2 18     0.76 0.0854166 0.0854166 0 0
BinVal : 2 19     1 0.0326734 0.0326734 0 0
BinVal : 2 20     0.909091 0.0612909 0.0612909 0 0
BinVal : 2 21     0.884615 0.0626563 0.0626563 0 0
BinVal : 2 22     0.882353 0.0781425 0.0781425 0 0
BinVal : 2 23     0.666667 0.272166 0.272166 0 0
BinVal : 2 24     0.142857 0.13226 0.13226 0 0
BinVal : 3 2     0.444444 0.165635 0.165635 0 0
BinVal : 3 4     0.5 0.353553 0.353553 0 0
BinVal : 3 5     0.857143 0.13226 0.13226 0 0
BinVal : 3 6     0.733333 0.11418 0.11418 0 0
BinVal : 3 7     0.875 0.116927 0.116927 0 0
BinVal : 3 8     0.8 0.126491 0.126491 0 0
BinVal : 3 9     0.578947 0.113269 0.113269 0 0
BinVal : 3 10     0.708333 0.0927805 0.0927805 0 0
BinVal : 3 11     0.5625 0.12402 0.12402 0 0
BinVal : 3 12     0.571429 0.10799 0.10799 0 0
BinVal : 3 13     0.789474 0.0935288 0.0935288 0 0
BinVal : 3 14     0.764706 0.102879 0.102879 0 0
BinVal : 3 15     0.928571 0.0688303 0.0688303 0 0
BinVal : 3 16     0.761905 0.0929429 0.0929429 0 0
BinVal : 3 17     0.785714 0.109664 0.109664 0 0
BinVal : 3 18     0.666667 0.121716 0.121716 0 0
BinVal : 3 19     0.875 0.116927 0.116927 0 0
BinVal : 3 20     0.8 0.126491 0.126491 0 0
BinVal : 3 21     0.777778 0.0979908 0.0979908 0 0
BinVal : 3 22     1 0.0495858 0.0495858 0 0
BinVal : 3 23     0.75 0.216506 0.216506 0 0
BinVal : 3 24     0.5 0.25 0.25 0 0
BinVal : 3 25     0.0769231 0.0739053 0.0739053 0 0
BinVal : 4 2     0.125 0.116927 0.116927 0 0
BinVal : 4 3     1 0.218486 0.218486 0 0
BinVal : 4 4     0.5 0.353553 0.353553 0 0
BinVal : 4 5     1 0.102643 0.102643 0 0
BinVal : 4 6     0.666667 0.157135 0.157135 0 0
BinVal : 4 7     0.833333 0.152145 0.152145 0 0
BinVal : 4 8     0.5 0.353553 0.353553 0 0
BinVal : 4 9     0.722222 0.105572 0.105572 0 0
BinVal : 4 10     0.714286 0.120736 0.120736 0 0
BinVal : 4 11     0.8125 0.0975781 0.0975781 0 0
BinVal : 4 12     0.714286 0.120736 0.120736 0 0
BinVal : 4 13     0.833333 0.087841 0.087841 0 0
BinVal : 4 14     0.8 0.126491 0.126491 0 0
BinVal : 4 15     0.75 0.216506 0.216506 0 0
BinVal : 4 16     0.882353 0.0781425 0.0781425 0 0
BinVal : 4 17     0.533333 0.128812 0.128812 0 0
BinVal : 4 18     0.666667 0.121716 0.121716 0 0
BinVal : 4 19     0.4 0.219089 0.219089 0 0
BinVal : 4 20     0.909091 0.0866784 0.0866784 0 0
BinVal : 4 21     1 0.0326734 0.0326734 0 0
BinVal : 4 22     0.888889 0.104757 0.104757 0 0
BinVal : 4 23     0.333333 0.272166 0.272166 0 0
BinVal : 4 25     0.0833333 0.0797856 0.0797856 0 0
BinVal : 5 4     0.5 0.25 0.25 0 0
BinVal : 5 5     1 0.0542655 0.0542655 0 0
BinVal : 5 6     0.92 0.0542586 0.0542586 0 0
BinVal : 5 7     0.833333 0.087841 0.087841 0 0
BinVal : 5 8     0.909091 0.0866784 0.0866784 0 0
BinVal : 5 9     0.772727 0.0893461 0.0893461 0 0
BinVal : 5 10     0.705882 0.0781425 0.0781425 0 0
BinVal : 5 11     0.821429 0.0723789 0.0723789 0 0
BinVal : 5 12     0.652174 0.0993113 0.0993113 0 0
BinVal : 5 13     0.769231 0.0826286 0.0826286 0 0
BinVal : 5 14     0.769231 0.116855 0.116855 0 0
BinVal : 5 15     0.666667 0.19245 0.19245 0 0
BinVal : 5 16     0.727273 0.0949515 0.0949515 0 0
BinVal : 5 17     0.6 0.0979796 0.0979796 0 0
BinVal : 5 18     0.888889 0.0740741 0.0740741 0 0
BinVal : 5 19     0.941176 0.0570672 0.0570672 0 0
BinVal : 5 20     0.777778 0.0979908 0.0979908 0 0
BinVal : 5 21     0.903226 0.0531003 0.0531003 0 0
BinVal : 5 22     0.95 0.048734 0.048734 0 0
BinVal : 5 23     0.833333 0.152145 0.152145 0 0
BinVal : 5 24     0.142857 0.13226 0.13226 0 0
BinVal : 6 1     0.166667 0.152145 0.152145 0 0
BinVal : 6 2     0.0714286 0.0688303 0.0688303 0 0
BinVal : 6 4     0.428571 0.13226 0.13226 0 0
BinVal : 6 5     0.6875 0.115878 0.115878 0 0
BinVal : 6 6     0.973684 0.0259672 0.0259672 0 0
BinVal : 6 7     1 0.0326734 0.0326734 0 0
BinVal : 6 8     0.925926 0.050401 0.050401 0 0
BinVal : 6 9     0.791667 0.0828982 0.0828982 0 0
BinVal : 6 10     0.828571 0.0637049 0.0637049 0 0
BinVal : 6 11     0.833333 0.0680414 0.0680414 0 0
BinVal : 6 12     0.84375 0.0641862 0.0641862 0 0
BinVal : 6 13     0.464286 0.0942498 0.0942498 0 0
BinVal : 6 14     0.606061 0.0850581 0.0850581 0 0
BinVal : 6 15     0.756757 0.0705339 0.0705339 0 0
BinVal : 6 16     0.612903 0.0874832 0.0874832 0 0
BinVal : 6 17     0.780488 0.0646428 0.0646428 0 0
BinVal : 6 18     0.653846 0.0933009 0.0933009 0 0
BinVal : 6 19     0.846154 0.100068 0.100068 0 0
BinVal : 6 20     0.888889 0.0740741 0.0740741 0 0
BinVal : 6 21     0.90625 0.051527 0.051527 0 0
BinVal : 6 22     0.764706 0.102879 0.102879 0 0
BinVal : 6 23     0.769231 0.116855 0.116855 0 0
BinVal : 7 1     0.0555556 0.0539903 0.0539903 0 0
BinVal : 7 2     0.235294 0.102879 0.102879 0 0
BinVal : 7 3     0.1 0.0948683 0.0948683 0 0
BinVal : 7 4     0.615385 0.134932 0.134932 0 0
BinVal : 7 5     0.733333 0.11418 0.11418 0 0
BinVal : 7 6     0.814815 0.0747568 0.0747568 0 0
BinVal : 7 7     0.863636 0.073165 0.073165 0 0
BinVal : 7 8     0.529412 0.121058 0.121058 0 0
BinVal : 7 9     0.69697 0.0800006 0.0800006 0 0
BinVal : 7 10     0.484848 0.0869989 0.0869989 0 0
BinVal : 7 11     0.621622 0.0797307 0.0797307 0 0
BinVal : 7 12     0.785714 0.0633147 0.0633147 0 0
BinVal : 7 13     0.421053 0.0800933 0.0800933 0 0
BinVal : 7 14     0.851064 0.0519317 0.0519317 0 0
BinVal : 7 15     0.636364 0.0725204 0.0725204 0 0
BinVal : 7 16     0.755102 0.0614324 0.0614324 0 0
BinVal : 7 17     0.633333 0.0622123 0.0622123 0 0
BinVal : 7 18     0.487179 0.0800378 0.0800378 0 0
BinVal : 7 19     0.5 0.117851 0.117851 0 0
BinVal : 7 20     0.866667 0.0620633 0.0620633 0 0
BinVal : 7 21     0.857143 0.0539949 0.0539949 0 0
BinVal : 7 22     0.809524 0.0856891 0.0856891 0 0
BinVal : 7 23     0.833333 0.107583 0.107583 0 0
BinVal : 7 24     0.25 0.125 0.125 0 0
BinVal : 7 25     0.0625 0.0427908 0.0427908 0 0
BinVal : 8 1     0.0833333 0.0797856 0.0797856 0 0
BinVal : 8 4     0.666667 0.272166 0.272166 0 0
BinVal : 8 5     0.882353 0.0781425 0.0781425 0 0
BinVal : 8 6     0.977273 0.0224675 0.0224675 0 0
BinVal : 8 7     0.833333 0.0680414 0.0680414 0 0
BinVal : 8 8     0.5 0.111803 0.111803 0 0
BinVal : 8 9     0.770833 0.0606646 0.0606646 0 0
BinVal : 8 10     0.692308 0.0640039 0.0640039 0 0
BinVal : 8 11     0.853659 0.0551993 0.0551993 0 0
BinVal : 8 12     0.803922 0.0555951 0.0555951 0 0
BinVal : 8 13     0.758065 0.0543885 0.0543885 0 0
BinVal : 8 14     0.881356 0.0420991 0.0420991 0 0
BinVal : 8 15     0.727273 0.0600526 0.0600526 0 0
BinVal : 8 16     0.871795 0.0535337 0.0535337 0 0
BinVal : 8 17     0.641026 0.0768134 0.0768134 0 0
BinVal : 8 18     0.657143 0.0802329 0.0802329 0 0
BinVal : 8 19     0.684211 0.106639 0.106639 0 0
BinVal : 8 20     1 0.0194201 0.0194201 0 0
BinVal : 8 21     0.955556 0.0307207 0.0307207 0 0
BinVal : 8 22     0.952381 0.0464714 0.0464714 0 0
BinVal : 8 23     0.555556 0.165635 0.165635 0 0
BinVal : 8 24     0.416667 0.142319 0.142319 0 0
BinVal : 8 26     0.0714286 0.0688303 0.0688303 0 0
BinVal : 9 1     0.111111 0.104757 0.104757 0 0
BinVal : 9 2     0.181818 0.0822304 0.0822304 0 0
BinVal : 9 3     0.25 0.153093 0.153093 0 0
BinVal : 9 4     0.666667 0.157135 0.157135 0 0
BinVal : 9 5     0.956522 0.0425226 0.0425226 0 0
BinVal : 9 6     0.914286 0.0473188 0.0473188 0 0
BinVal : 9 7     0.84 0.0733212 0.0733212 0 0
BinVal : 9 8     1 0.0293374 0.0293374 0 0
BinVal : 9 9     0.894737 0.0704059 0.0704059 0 0
BinVal : 9 10     0.837209 0.0562986 0.0562986 0 0
BinVal : 9 11     0.8125 0.0563367 0.0563367 0 0
BinVal : 9 12     0.688889 0.0690122 0.0690122 0 0
BinVal : 9 13     0.6875 0.0669023 0.0669023 0 0
BinVal : 9 14     0.698113 0.063059 0.063059 0 0
BinVal : 9 15     0.777778 0.0619748 0.0619748 0 0
BinVal : 9 16     0.787234 0.0596972 0.0596972 0 0
BinVal : 9 17     0.675 0.0740566 0.0740566 0 0
BinVal : 9 18     0.806452 0.0709583 0.0709583 0 0
BinVal : 9 19     1 0.0309157 0.0309157 0 0
BinVal : 9 20     1 0.0254407 0.0254407 0 0
BinVal : 9 21     0.875 0.0584634 0.0584634 0 0
BinVal : 9 22     0.833333 0.087841 0.087841 0 0
BinVal : 9 23     0.5 0.158114 0.158114 0 0
BinVal : 9 24     0.285714 0.170747 0.170747 0 0
BinVal : 9 26     0.111111 0.104757 0.104757 0 0
BinVal : 10 1     0.285714 0.170747 0.170747 0 0
BinVal : 10 4     0.5 0.204124 0.204124 0 0
BinVal : 10 5     0.928571 0.0688303 0.0688303 0 0
BinVal : 10 6     0.852941 0.0607387 0.0607387 0 0
BinVal : 10 7     0.615385 0.134932 0.134932 0 0
BinVal : 10 8     0.28 0.0897998 0.0897998 0 0
BinVal : 10 9     0.44898 0.0710557 0.0710557 0 0
BinVal : 10 10     0.235294 0.0727467 0.0727467 0 0
BinVal : 10 11     0.511111 0.0745172 0.0745172 0 0
BinVal : 10 12     0.686275 0.0649739 0.0649739 0 0
BinVal : 10 13     0.777778 0.056575 0.056575 0 0
BinVal : 10 14     0.710526 0.0735703 0.0735703 0 0
BinVal : 10 15     0.783784 0.0676771 0.0676771 0 0
BinVal : 10 16     0.631579 0.0782518 0.0782518 0 0
BinVal : 10 17     0.0851064 0.0407022 0.0407022 0 0
BinVal : 10 18     0.269231 0.0615107 0.0615107 0 0
BinVal : 10 19     0.272727 0.0949515 0.0949515 0 0
BinVal : 10 20     0.533333 0.128812 0.128812 0 0
BinVal : 10 21     0.833333 0.062113 0.062113 0 0
BinVal : 10 22     1 0.0233703 0.0233703 0 0
BinVal : 10 23     0.615385 0.134932 0.134932 0 0
BinVal : 10 24     0.5 0.25 0.25 0 0
BinVal : 10 25     0.0434783 0.0425226 0.0425226 0 0
BinVal : 10 26     0.0909091 0.0866784 0.0866784 0 0
BinVal : 11 1     0.0555556 0.0539903 0.0539903 0 0
BinVal : 11 2     0.242424 0.0746009 0.0746009 0 0
BinVal : 11 3     0.555556 0.165635 0.165635 0 0
BinVal : 11 4     0.9 0.0948683 0.0948683 0 0
BinVal : 11 5     0.894737 0.0704059 0.0704059 0 0
BinVal : 11 6     0.851852 0.0683673 0.0683673 0 0
BinVal : 11 13     0.025641 0.0253102 0.0253102 0 0
BinVal : 11 19     0.0434783 0.0425226 0.0425226 0 0
BinVal : 11 21     0.648148 0.0649861 0.0649861 0 0
BinVal : 11 22     0.941176 0.0570672 0.0570672 0 0
BinVal : 11 23     0.545455 0.150131 0.150131 0 0
BinVal : 11 24     0.428571 0.187044 0.187044 0 0
BinVal : 11 25     0.037037 0.0363447 0.0363447 0 0
BinVal : 11 26     0.047619 0.0464714 0.0464714 0 0
BinVal : 12 0     0.25 0.216506 0.216506 0 0
BinVal : 12 3     0.1 0.0948683 0.0948683 0 0
BinVal : 12 4     0.833333 0.152145 0.152145 0 0
BinVal : 12 5     0.6 0.154919 0.154919 0 0
BinVal : 12 6     0.733333 0.0807373 0.0807373 0 0
BinVal : 12 9     0.0454545 0.0444095 0.0444095 0 0
BinVal : 12 12     0.0322581 0.0317335 0.0317335 0 0
BinVal : 12 21     0.676471 0.0802309 0.0802309 0 0
BinVal : 12 22     0.909091 0.0866784 0.0866784 0 0
BinVal : 12 23     0.444444 0.165635 0.165635 0 0
BinVal : 12 24     0.5 0.204124 0.204124 0 0
BinVal : 12 25     0.181818 0.0822304 0.0822304 0 0
BinVal : 12 26     0.04 0.0391918 0.0391918 0 0
BinVal : 13 1     0.181818 0.116291 0.116291 0 0
BinVal : 13 3     0.625 0.171163 0.171163 0 0
BinVal : 13 4     0.8 0.178885 0.178885 0 0
BinVal : 13 5     0.785714 0.109664 0.109664 0 0
BinVal : 13 6     0.935484 0.0441237 0.0441237 0 0
BinVal : 13 7     0.888889 0.104757 0.104757 0 0
BinVal : 13 8     0.25 0.0968246 0.0968246 0 0
BinVal : 13 9     0.45 0.0786607 0.0786607 0 0
BinVal : 13 10     0.159091 0.0551405 0.0551405 0 0
BinVal : 13 11     0.388889 0.0812497 0.0812497 0 0
BinVal : 13 12     0.6 0.069282 0.069282 0 0
BinVal : 13 13     0.730769 0.0615107 0.0615107 0 0
BinVal : 13 14     0.696429 0.0614433 0.0614433 0 0
BinVal : 13 15     0.792453 0.0557067 0.0557067 0 0
BinVal : 13 16     0.588235 0.0689152 0.0689152 0 0
BinVal : 13 17     0.0857143 0.0473188 0.0473188 0 0
BinVal : 13 18     0.261905 0.0678427 0.0678427 0 0
BinVal : 13 19     0.181818 0.0822304 0.0822304 0 0
BinVal : 13 20     0.6 0.126491 0.126491 0 0
BinVal : 13 21     0.885714 0.0537785 0.0537785 0 0
BinVal : 13 22     0.666667 0.19245 0.19245 0 0
BinVal : 13 23     0.6 0.219089 0.219089 0 0
BinVal : 13 24     0.111111 0.104757 0.104757 0 0
BinVal : 13 25     0.0606061 0.041536 0.041536 0 0
BinVal : 13 26     0.142857 0.13226 0.13226 0 0
BinVal : 14 2     0.09375 0.051527 0.051527 0 0
BinVal : 14 4     0.8 0.178885 0.178885 0 0
BinVal : 14 5     0.9375 0.0605154 0.0605154 0 0
BinVal : 14 6     0.918919 0.0448743 0.0448743 0 0
BinVal : 14 7     0.733333 0.11418 0.11418 0 0
BinVal : 14 8     0.909091 0.0612909 0.0612909 0 0
BinVal : 14 9     0.735294 0.0756611 0.0756611 0 0
BinVal : 14 10     0.32 0.0932952 0.0932952 0 0
BinVal : 14 11     0.638298 0.0700871 0.0700871 0 0
BinVal : 14 12     0.837838 0.0605974 0.0605974 0 0
BinVal : 14 13     0.755556 0.0640644 0.0640644 0 0
BinVal : 14 14     0.611111 0.0812497 0.0812497 0 0
BinVal : 14 15     0.410256 0.0787639 0.0787639 0 0
BinVal : 14 16     0.574468 0.0721191 0.0721191 0 0
BinVal : 14 17     0.676471 0.0802309 0.0802309 0 0
BinVal : 14 18     0.8 0.08 0.08 0 0
BinVal : 14 19     0.875 0.0675077 0.0675077 0 0
BinVal : 14 20     0.923077 0.0522589 0.0522589 0 0
BinVal : 14 21     0.973684 0.0259672 0.0259672 0 0
BinVal : 14 22     0.75 0.108253 0.108253 0 0
BinVal : 14 23     1 0.0756803 0.0756803 0 0
BinVal : 14 25     0.08 0.0542586 0.0542586 0 0
BinVal : 14 26     0.25 0.153093 0.153093 0 0
BinVal : 15 1     0.2 0.0894427 0.0894427 0 0
BinVal : 15 2     0.0454545 0.0444095 0.0444095 0 0
BinVal : 15 3     0.166667 0.107583 0.107583 0 0
BinVal : 15 4     0.9 0.0948683 0.0948683 0 0
BinVal : 15 5     1 0.0266185 0.0266185 0 0
BinVal : 15 6     1 0.0157046 0.0157046 0 0
BinVal : 15 7     0.941176 0.0570672 0.0570672 0 0
BinVal : 15 8     0.6 0.0979796 0.0979796 0 0
BinVal : 15 9     0.709677 0.0815249 0.0815249 0 0
BinVal : 15 10     0.459459 0.0819288 0.0819288 0 0
BinVal : 15 11     0.891892 0.0510487 0.0510487 0 0
BinVal : 15 12     0.729167 0.0641422 0.0641422 0 0
BinVal : 15 13     0.860465 0.0528413 0.0528413 0 0
BinVal : 15 14     0.833333 0.0575055 0.0575055 0 0
BinVal : 15 15     0.807018 0.0522713 0.0522713 0 0
BinVal : 15 16     0.833333 0.0537914 0.0537914 0 0
BinVal : 15 17     0.767442 0.064425 0.064425 0 0
BinVal : 15 18     0.5 0.0790569 0.0790569 0 0
BinVal : 15 19     0.545455 0.106159 0.106159 0 0
BinVal : 15 20     1 0.0233703 0.0233703 0 0
BinVal : 15 21     0.923077 0.0369527 0.0369527 0 0
BinVal : 15 22     0.892857 0.0584512 0.0584512 0 0
BinVal : 15 23     0.714286 0.170747 0.170747 0 0
BinVal : 15 25     0.16129 0.0660586 0.0660586 0 0
BinVal : 15 26     0.285714 0.120736 0.120736 0 0


