Comments : includes prescale inefficiency, cosmic veto applied 
EffMethod : TagAndProbe 
EffName : eff 
EffType : Binned 
EffVarNames : phi deteta 
EffVersion : 3 
ObjQuality : MuFromMuJetsOR 
ObjRelativeTo : tight_tracktight_iso_NPLoose 
ObjType : Muon 
ObjVersion : 1 
RunRangeHigh : -1 
RunRangeLow : -1 
TriggerVersionHigh : 15.21 
TriggerVersionLow : 15 
BinEdgesX : 0 0.3927 0.7854 1.1781 1.5708 1.9635 2.3562 2.7489 3.1416 3.5343 3.927 4.3197 4.7124 5.1051 5.4978 5.8905 6.2832 
BinEdgesY : -3 -2.8 -2.6 -2.4 -2.2 -2 -1.8 -1.6 -1.4 -1.2 -1 -0.8 -0.6 -0.4 -0.2 0 0.2 0.4 0.6 0.8 1 1.2 1.4 1.6 1.8 2 2.2 2.4 2.6 2.8 3 
BinVal : 0 0 0 0 0
BinVal : 0 1 0 0 0
BinVal : 0 2 0 0 0
BinVal : 0 3 0 0 0
BinVal : 0 4 0 0 0
BinVal : 0 5 0 0 0
BinVal : 0 6 0 0 0
BinVal : 0 7 0.714286 0.0697071 0.0697071
BinVal : 0 8 0.980392 0.0194147 0.0194147
BinVal : 0 9 0.777778 0.056575 0.056575
BinVal : 0 10 0.727273 0.0600526 0.0600526
BinVal : 0 11 0.822222 0.0569937 0.0569937
BinVal : 0 12 0.733333 0.0659218 0.0659218
BinVal : 0 13 0.681818 0.0573324 0.0573324
BinVal : 0 14 0.666667 0.0624391 0.0624391
BinVal : 0 15 0.876923 0.0407486 0.0407486
BinVal : 0 16 0.735849 0.0605595 0.0605595
BinVal : 0 17 0.947368 0.0295764 0.0295764
BinVal : 0 18 0.833333 0.0575055 0.0575055
BinVal : 0 19 0.825 0.0600781 0.0600781
BinVal : 0 20 0.821429 0.0511796 0.0511796
BinVal : 0 21 0.93617 0.0356566 0.0356566
BinVal : 0 22 0.829787 0.0548189 0.0548189
BinVal : 0 23 0 0 0
BinVal : 0 24 0 0 0
BinVal : 0 25 0 0 0
BinVal : 0 26 0 0 0
BinVal : 0 27 0 0 0
BinVal : 0 28 0 0 0
BinVal : 0 29 0 0 0
BinVal : 1 0 0 0 0
BinVal : 1 1 0 0 0
BinVal : 1 2 0 0 0
BinVal : 1 3 0 0 0
BinVal : 1 4 0 0 0
BinVal : 1 5 0 0 0
BinVal : 1 6 0 0 0
BinVal : 1 7 0.652174 0.0702237 0.0702237
BinVal : 1 8 0.589744 0.0787639 0.0787639
BinVal : 1 9 0.847826 0.0529596 0.0529596
BinVal : 1 10 0.714286 0.0697071 0.0697071
BinVal : 1 11 0.686275 0.0649739 0.0649739
BinVal : 1 12 0.54902 0.0696767 0.0696767
BinVal : 1 13 0.622642 0.0665822 0.0665822
BinVal : 1 14 0.693548 0.0585495 0.0585495
BinVal : 1 15 0.660714 0.0632697 0.0632697
BinVal : 1 16 0.607843 0.0683661 0.0683661
BinVal : 1 17 0.611111 0.0663401 0.0663401
BinVal : 1 18 0.784314 0.0575932 0.0575932
BinVal : 1 19 0.742857 0.0738764 0.0738764
BinVal : 1 20 0.765957 0.0617591 0.0617591
BinVal : 1 21 0.903226 0.0375476 0.0375476
BinVal : 1 22 0.685714 0.0784693 0.0784693
BinVal : 1 23 0 0 0
BinVal : 1 24 0 0 0
BinVal : 1 25 0 0 0
BinVal : 1 26 0 0 0
BinVal : 1 27 0 0 0
BinVal : 1 28 0 0 0
BinVal : 1 29 0 0 0
BinVal : 2 0 0 0 0
BinVal : 2 1 0 0 0
BinVal : 2 2 0 0 0
BinVal : 2 3 0 0 0
BinVal : 2 4 0 0 0
BinVal : 2 5 0 0 0
BinVal : 2 6 0 0 0
BinVal : 2 7 0.724138 0.0829961 0.0829961
BinVal : 2 8 0.96875 0.0307578 0.0307578
BinVal : 2 9 0.857143 0.0539949 0.0539949
BinVal : 2 10 0.833333 0.0760726 0.0760726
BinVal : 2 11 0.861111 0.0576384 0.0576384
BinVal : 2 12 0.689655 0.0859091 0.0859091
BinVal : 2 13 0.714286 0.0763604 0.0763604
BinVal : 2 14 0.829268 0.0587642 0.0587642
BinVal : 2 15 0.833333 0.0537914 0.0537914
BinVal : 2 16 0.789474 0.0661348 0.0661348
BinVal : 2 17 0.875 0.0584634 0.0584634
BinVal : 2 18 0.73913 0.0915605 0.0915605
BinVal : 2 19 0.44 0.0992774 0.0992774
BinVal : 2 20 0.903226 0.0531003 0.0531003
BinVal : 2 21 0.882353 0.0552551 0.0552551
BinVal : 2 22 0.736842 0.101023 0.101023
BinVal : 2 23 0 0 0
BinVal : 2 24 0 0 0
BinVal : 2 25 0 0 0
BinVal : 2 26 0 0 0
BinVal : 2 27 0 0 0
BinVal : 2 28 0 0 0
BinVal : 2 29 0 0 0
BinVal : 3 0 0 0 0
BinVal : 3 1 0 0 0
BinVal : 3 2 0 0 0
BinVal : 3 3 0 0 0
BinVal : 3 4 0 0 0
BinVal : 3 5 0 0 0
BinVal : 3 6 0 0 0
BinVal : 3 7 0.928571 0.0688303 0.0688303
BinVal : 3 8 0.823529 0.0924594 0.0924594
BinVal : 3 9 0.866667 0.0877707 0.0877707
BinVal : 3 10 0.823529 0.0924594 0.0924594
BinVal : 3 11 1 0.0422902 0.0422902
BinVal : 3 12 0.823529 0.0924594 0.0924594
BinVal : 3 13 0.944444 0.0539903 0.0539903
BinVal : 3 14 0.761905 0.0929429 0.0929429
BinVal : 3 15 0.928571 0.0688303 0.0688303
BinVal : 3 16 0.884615 0.0626563 0.0626563
BinVal : 3 17 0.882353 0.0781425 0.0781425
BinVal : 3 18 0.875 0.0826797 0.0826797
BinVal : 3 19 0.888889 0.104757 0.104757
BinVal : 3 20 0.9375 0.0605154 0.0605154
BinVal : 3 21 1 0.0326734 0.0326734
BinVal : 3 22 0.722222 0.105572 0.105572
BinVal : 3 23 0 0 0
BinVal : 3 24 0 0 0
BinVal : 3 25 0 0 0
BinVal : 3 26 0 0 0
BinVal : 3 27 0 0 0
BinVal : 3 28 0 0 0
BinVal : 3 29 0 0 0
BinVal : 4 0 0 0 0
BinVal : 4 1 0 0 0
BinVal : 4 2 0 0 0
BinVal : 4 3 0 0 0
BinVal : 4 4 0 0 0
BinVal : 4 5 0 0 0
BinVal : 4 6 0 0 0
BinVal : 4 7 0.916667 0.0797856 0.0797856
BinVal : 4 8 0.928571 0.0688303 0.0688303
BinVal : 4 9 0.833333 0.107583 0.107583
BinVal : 4 10 0.692308 0.128008 0.128008
BinVal : 4 11 0.882353 0.0781425 0.0781425
BinVal : 4 12 0.75 0.0968246 0.0968246
BinVal : 4 13 0.9375 0.0605154 0.0605154
BinVal : 4 14 0.782609 0.0860061 0.0860061
BinVal : 4 15 0.75 0.0968246 0.0968246
BinVal : 4 16 0.764706 0.102879 0.102879
BinVal : 4 17 0.736842 0.101023 0.101023
BinVal : 4 18 0.857143 0.093522 0.093522
BinVal : 4 19 0.777778 0.13858 0.13858
BinVal : 4 20 0.684211 0.106639 0.106639
BinVal : 4 21 0.952381 0.0464714 0.0464714
BinVal : 4 22 0.866667 0.0877707 0.0877707
BinVal : 4 23 0 0 0
BinVal : 4 24 0 0 0
BinVal : 4 25 0 0 0
BinVal : 4 26 0 0 0
BinVal : 4 27 0 0 0
BinVal : 4 28 0 0 0
BinVal : 4 29 0 0 0
BinVal : 5 0 0 0 0
BinVal : 5 1 0 0 0
BinVal : 5 2 0 0 0
BinVal : 5 3 0 0 0
BinVal : 5 4 0 0 0
BinVal : 5 5 0 0 0
BinVal : 5 6 0 0 0
BinVal : 5 7 0.75 0.0818317 0.0818317
BinVal : 5 8 0.973684 0.0259672 0.0259672
BinVal : 5 9 1 0.0161462 0.0161462
BinVal : 5 10 1 0.0293374 0.0293374
BinVal : 5 11 0.818182 0.0671408 0.0671408
BinVal : 5 12 0.84375 0.0641862 0.0641862
BinVal : 5 13 0.810811 0.0643883 0.0643883
BinVal : 5 14 0.8 0.0676123 0.0676123
BinVal : 5 15 0.826923 0.0524627 0.0524627
BinVal : 5 16 0.730769 0.0869893 0.0869893
BinVal : 5 17 0.894737 0.0497845 0.0497845
BinVal : 5 18 0.875 0.0584634 0.0584634
BinVal : 5 19 0.84375 0.0641862 0.0641862
BinVal : 5 20 0.789474 0.0661348 0.0661348
BinVal : 5 21 0.965517 0.033883 0.033883
BinVal : 5 22 0.904762 0.0640564 0.0640564
BinVal : 5 23 0 0 0
BinVal : 5 24 0 0 0
BinVal : 5 25 0 0 0
BinVal : 5 26 0 0 0
BinVal : 5 27 0 0 0
BinVal : 5 28 0 0 0
BinVal : 5 29 0 0 0
BinVal : 6 0 0 0 0
BinVal : 6 1 0 0 0
BinVal : 6 2 0 0 0
BinVal : 6 3 0 0 0
BinVal : 6 4 0 0 0
BinVal : 6 5 0 0 0
BinVal : 6 6 0 0 0
BinVal : 6 7 0.818182 0.0581456 0.0581456
BinVal : 6 8 0.938776 0.0342488 0.0342488
BinVal : 6 9 0.952381 0.0328603 0.0328603
BinVal : 6 10 0.787879 0.0711647 0.0711647
BinVal : 6 11 0.792453 0.0557067 0.0557067
BinVal : 6 12 0.967742 0.0317335 0.0317335
BinVal : 6 13 0.844444 0.0540284 0.0540284
BinVal : 6 14 0.787234 0.0596972 0.0596972
BinVal : 6 15 0.771429 0.0709782 0.0709782
BinVal : 6 16 0.828571 0.0637049 0.0637049
BinVal : 6 17 0.85 0.0564579 0.0564579
BinVal : 6 18 0.767442 0.064425 0.064425
BinVal : 6 19 0.705882 0.0781425 0.0781425
BinVal : 6 20 0.893617 0.0449741 0.0449741
BinVal : 6 21 0.891892 0.0510487 0.0510487
BinVal : 6 22 0.676471 0.0802309 0.0802309
BinVal : 6 23 0 0 0
BinVal : 6 24 0 0 0
BinVal : 6 25 0 0 0
BinVal : 6 26 0 0 0
BinVal : 6 27 0 0 0
BinVal : 6 28 0 0 0
BinVal : 6 29 0 0 0
BinVal : 7 0 0 0 0
BinVal : 7 1 0 0 0
BinVal : 7 2 0 0 0
BinVal : 7 3 0 0 0
BinVal : 7 4 0 0 0
BinVal : 7 5 0 0 0
BinVal : 7 6 0 0 0
BinVal : 7 7 0.717949 0.0720574 0.0720574
BinVal : 7 8 0.934783 0.0364048 0.0364048
BinVal : 7 9 0.68 0.0659697 0.0659697
BinVal : 7 10 0.844444 0.0540284 0.0540284
BinVal : 7 11 0.594595 0.080715 0.080715
BinVal : 7 12 0.764706 0.0593974 0.0593974
BinVal : 7 13 0.888889 0.0427667 0.0427667
BinVal : 7 14 0.78 0.0585833 0.0585833
BinVal : 7 15 0.784314 0.0575932 0.0575932
BinVal : 7 16 0.818182 0.0671408 0.0671408
BinVal : 7 17 0.833333 0.062113 0.062113
BinVal : 7 18 0.357143 0.12806 0.12806
BinVal : 7 19 0.722222 0.105572 0.105572
BinVal : 7 20 0.78 0.0585833 0.0585833
BinVal : 7 21 0.897436 0.0485811 0.0485811
BinVal : 7 22 0.75 0.0625 0.0625
BinVal : 7 23 0 0 0
BinVal : 7 24 0 0 0
BinVal : 7 25 0 0 0
BinVal : 7 26 0 0 0
BinVal : 7 27 0 0 0
BinVal : 7 28 0 0 0
BinVal : 7 29 0 0 0
BinVal : 8 0 0 0 0
BinVal : 8 1 0 0 0
BinVal : 8 2 0 0 0
BinVal : 8 3 0 0 0
BinVal : 8 4 0 0 0
BinVal : 8 5 0 0 0
BinVal : 8 6 0 0 0
BinVal : 8 7 0.780488 0.0646428 0.0646428
BinVal : 8 8 0.982759 0.0170921 0.0170921
BinVal : 8 9 0.675 0.0740566 0.0740566
BinVal : 8 10 0.848485 0.0624156 0.0624156
BinVal : 8 11 0.857143 0.0539949 0.0539949
BinVal : 8 12 0.916667 0.0398928 0.0398928
BinVal : 8 13 0.940298 0.028946 0.028946
BinVal : 8 14 0.868852 0.0432203 0.0432203
BinVal : 8 15 0.90566 0.0401506 0.0401506
BinVal : 8 16 0.897959 0.0432431 0.0432431
BinVal : 8 17 0.931818 0.0379991 0.0379991
BinVal : 8 18 0.461538 0.138264 0.138264
BinVal : 8 19 0.769231 0.0826286 0.0826286
BinVal : 8 20 0.860465 0.0528413 0.0528413
BinVal : 8 21 0.92 0.0383667 0.0383667
BinVal : 8 22 0.732143 0.0591774 0.0591774
BinVal : 8 23 0 0 0
BinVal : 8 24 0 0 0
BinVal : 8 25 0 0 0
BinVal : 8 26 0 0 0
BinVal : 8 27 0 0 0
BinVal : 8 28 0 0 0
BinVal : 8 29 0 0 0
BinVal : 9 0 0 0 0
BinVal : 9 1 0 0 0
BinVal : 9 2 0 0 0
BinVal : 9 3 0 0 0
BinVal : 9 4 0 0 0
BinVal : 9 5 0 0 0
BinVal : 9 6 0 0 0
BinVal : 9 7 0.741935 0.0785898 0.0785898
BinVal : 9 8 0.972973 0.0266593 0.0266593
BinVal : 9 9 0.965517 0.0239589 0.0239589
BinVal : 9 10 0.928571 0.0486704 0.0486704
BinVal : 9 11 0.714286 0.0763604 0.0763604
BinVal : 9 12 0.846154 0.0500341 0.0500341
BinVal : 9 13 0.769231 0.0584273 0.0584273
BinVal : 9 14 0.791667 0.0586179 0.0586179
BinVal : 9 15 0.833333 0.0481125 0.0481125
BinVal : 9 16 0.860465 0.0528413 0.0528413
BinVal : 9 17 0.844444 0.0540284 0.0540284
BinVal : 9 18 0.851852 0.0683673 0.0683673
BinVal : 9 19 0.933333 0.045542 0.045542
BinVal : 9 20 0.911111 0.0424232 0.0424232
BinVal : 9 21 0.967742 0.022439 0.022439
BinVal : 9 22 0.793103 0.0752216 0.0752216
BinVal : 9 23 0 0 0
BinVal : 9 24 0 0 0
BinVal : 9 25 0 0 0
BinVal : 9 26 0 0 0
BinVal : 9 27 0 0 0
BinVal : 9 28 0 0 0
BinVal : 9 29 0 0 0
BinVal : 10 0 0 0 0
BinVal : 10 1 0 0 0
BinVal : 10 2 0 0 0
BinVal : 10 3 0 0 0
BinVal : 10 4 0 0 0
BinVal : 10 5 0 0 0
BinVal : 10 6 0 0 0
BinVal : 10 7 0.842105 0.0591528 0.0591528
BinVal : 10 8 0.967742 0.0317335 0.0317335
BinVal : 10 9 0.8 0.126491 0.126491
BinVal : 10 10 0.666667 0.102869 0.102869
BinVal : 10 11 1 0.0871301 0.0871301
BinVal : 10 12 0.789474 0.0661348 0.0661348
BinVal : 10 13 0.904762 0.0452948 0.0452948
BinVal : 10 14 0.854167 0.0509424 0.0509424
BinVal : 10 15 0.916667 0.0398928 0.0398928
BinVal : 10 16 0.882353 0.0552551 0.0552551
BinVal : 10 17 0.818182 0.0671408 0.0671408
BinVal : 10 18 0.583333 0.142319 0.142319
BinVal : 10 19 0.842105 0.0836547 0.0836547
BinVal : 10 20 1 0.0326734 0.0326734
BinVal : 10 21 0.867925 0.0465066 0.0465066
BinVal : 10 22 0.648649 0.0784828 0.0784828
BinVal : 10 23 0 0 0
BinVal : 10 24 0 0 0
BinVal : 10 25 0 0 0
BinVal : 10 26 0 0 0
BinVal : 10 27 0 0 0
BinVal : 10 28 0 0 0
BinVal : 10 29 0 0 0
BinVal : 11 0 0 0 0
BinVal : 11 1 0 0 0
BinVal : 11 2 0 0 0
BinVal : 11 3 0 0 0
BinVal : 11 4 0 0 0
BinVal : 11 5 0 0 0
BinVal : 11 6 0 0 0
BinVal : 11 7 0.807692 0.0546537 0.0546537
BinVal : 11 8 0.975 0.0246855 0.0246855
BinVal : 11 9 0 0 0
BinVal : 11 10 1 0.218486 0.218486
BinVal : 11 11 0 0 0
BinVal : 11 12 0 0 0
BinVal : 11 13 0 0 0
BinVal : 11 14 0 0 0
BinVal : 11 15 0 0 0
BinVal : 11 16 0 0 0
BinVal : 11 17 0 0 0
BinVal : 11 18 0 0 0
BinVal : 11 19 0 0 0
BinVal : 11 20 0 0 0
BinVal : 11 21 0.767442 0.064425 0.064425
BinVal : 11 22 0.72 0.063498 0.063498
BinVal : 11 23 0 0 0
BinVal : 11 24 0 0 0
BinVal : 11 25 0 0 0
BinVal : 11 26 0 0 0
BinVal : 11 27 0 0 0
BinVal : 11 28 0 0 0
BinVal : 11 29 0 0 0
BinVal : 12 0 0 0 0
BinVal : 12 1 0 0 0
BinVal : 12 2 0 0 0
BinVal : 12 3 0 0 0
BinVal : 12 4 0 0 0
BinVal : 12 5 0 0 0
BinVal : 12 6 0 0 0
BinVal : 12 7 0.864865 0.0562027 0.0562027
BinVal : 12 8 0.827586 0.0701445 0.0701445
BinVal : 12 9 1 0.218486 0.218486
BinVal : 12 10 0 0 0
BinVal : 12 11 0 0 0
BinVal : 12 12 0 0 0
BinVal : 12 13 0 0 0
BinVal : 12 14 0 0 0
BinVal : 12 15 0 0 0
BinVal : 12 16 0 0 0
BinVal : 12 17 0 0 0
BinVal : 12 18 0 0 0
BinVal : 12 19 0 0 0
BinVal : 12 20 0 0 0
BinVal : 12 21 0.8125 0.0689981 0.0689981
BinVal : 12 22 0.704545 0.0687818 0.0687818
BinVal : 12 23 0 0 0
BinVal : 12 24 0 0 0
BinVal : 12 25 0 0 0
BinVal : 12 26 0 0 0
BinVal : 12 27 0 0 0
BinVal : 12 28 0 0 0
BinVal : 12 29 0 0 0
BinVal : 13 0 0 0 0
BinVal : 13 1 0 0 0
BinVal : 13 2 0 0 0
BinVal : 13 3 0 0 0
BinVal : 13 4 0 0 0
BinVal : 13 5 0 0 0
BinVal : 13 6 0 0 0
BinVal : 13 7 0.677419 0.083959 0.083959
BinVal : 13 8 0.957447 0.0294425 0.0294425
BinVal : 13 9 0.944444 0.0539903 0.0539903
BinVal : 13 10 0.75 0.0968246 0.0968246
BinVal : 13 11 0.555556 0.165635 0.165635
BinVal : 13 12 0.863636 0.0517355 0.0517355
BinVal : 13 13 0.87931 0.0427752 0.0427752
BinVal : 13 14 0.976744 0.0229838 0.0229838
BinVal : 13 15 0.933333 0.0322031 0.0322031
BinVal : 13 16 0.927273 0.0350164 0.0350164
BinVal : 13 17 0.880952 0.0499703 0.0499703
BinVal : 13 18 0.428571 0.187044 0.187044
BinVal : 13 19 0.8 0.10328 0.10328
BinVal : 13 20 0.9375 0.0605154 0.0605154
BinVal : 13 21 0.931818 0.0379991 0.0379991
BinVal : 13 22 0.75 0.0684653 0.0684653
BinVal : 13 23 0 0 0
BinVal : 13 24 0 0 0
BinVal : 13 25 0 0 0
BinVal : 13 26 0 0 0
BinVal : 13 27 0 0 0
BinVal : 13 28 0 0 0
BinVal : 13 29 0 0 0
BinVal : 14 0 0 0 0
BinVal : 14 1 0 0 0
BinVal : 14 2 0 0 0
BinVal : 14 3 0 0 0
BinVal : 14 4 0 0 0
BinVal : 14 5 0 0 0
BinVal : 14 6 0 0 0
BinVal : 14 7 0.827586 0.0701445 0.0701445
BinVal : 14 8 0.931035 0.0470544 0.0470544
BinVal : 14 9 0.982759 0.0170921 0.0170921
BinVal : 14 10 1 0.0152869 0.0152869
BinVal : 14 11 0.78 0.0585833 0.0585833
BinVal : 14 12 0.82 0.0543323 0.0543323
BinVal : 14 13 0.935484 0.0441237 0.0441237
BinVal : 14 14 0.875 0.0477352 0.0477352
BinVal : 14 15 0.75 0.0684653 0.0684653
BinVal : 14 16 0.78125 0.0730792 0.0730792
BinVal : 14 17 0.892857 0.0584512 0.0584512
BinVal : 14 18 0.730769 0.0869893 0.0869893
BinVal : 14 19 0.782609 0.0860061 0.0860061
BinVal : 14 20 0.948718 0.0353199 0.0353199
BinVal : 14 21 0.972222 0.0273893 0.0273893
BinVal : 14 22 0.75 0.0652791 0.0652791
BinVal : 14 23 0 0 0
BinVal : 14 24 0 0 0
BinVal : 14 25 0 0 0
BinVal : 14 26 0 0 0
BinVal : 14 27 0 0 0
BinVal : 14 28 0 0 0
BinVal : 14 29 0 0 0
BinVal : 15 0 0 0 0
BinVal : 15 1 0 0 0
BinVal : 15 2 0 0 0
BinVal : 15 3 0 0 0
BinVal : 15 4 0 0 0
BinVal : 15 5 0 0 0
BinVal : 15 6 0 0 0
BinVal : 15 7 0.794118 0.0693446 0.0693446
BinVal : 15 8 1 0.0148902 0.0148902
BinVal : 15 9 0.680851 0.0679945 0.0679945
BinVal : 15 10 0.862069 0.0640329 0.0640329
BinVal : 15 11 0.861111 0.0576384 0.0576384
BinVal : 15 12 0.878788 0.0568144 0.0568144
BinVal : 15 13 0.875 0.0477352 0.0477352
BinVal : 15 14 0.87037 0.0457096 0.0457096
BinVal : 15 15 0.885246 0.0408085 0.0408085
BinVal : 15 16 0.76 0.0603987 0.0603987
BinVal : 15 17 0.888889 0.0427667 0.0427667
BinVal : 15 18 0.826087 0.0790342 0.0790342
BinVal : 15 19 0.869565 0.0702237 0.0702237
BinVal : 15 20 0.617647 0.0833418 0.0833418
BinVal : 15 21 0.948718 0.0353199 0.0353199
BinVal : 15 22 0.844444 0.0540284 0.0540284
BinVal : 15 23 0 0 0
BinVal : 15 24 0 0 0
BinVal : 15 25 0 0 0
BinVal : 15 26 0 0 0
BinVal : 15 27 0 0 0
BinVal : 15 28 0 0 0
BinVal : 15 29 0 0 0


Comments : includes prescale inefficiency, cosmic veto applied 
EffMethod : TagAndProbe 
EffName : eff 
EffType : Binned 
EffVarNames : phi deteta 
EffVersion : 3 
ObjQuality : MuFromMuJetsOR 
ObjRelativeTo : tight_tracktight_iso_NPLoose 
ObjType : Muon 
ObjVersion : 1 
RunRangeHigh : -1 
RunRangeLow : -1 
TriggerVersionHigh : 15.49 
TriggerVersionLow : 15.22 
BinEdgesX : 0 0.3927 0.7854 1.1781 1.5708 1.9635 2.3562 2.7489 3.1416 3.5343 3.927 4.3197 4.7124 5.1051 5.4978 5.8905 6.2832 
BinEdgesY : -3 -2.8 -2.6 -2.4 -2.2 -2 -1.8 -1.6 -1.4 -1.2 -1 -0.8 -0.6 -0.4 -0.2 0 0.2 0.4 0.6 0.8 1 1.2 1.4 1.6 1.8 2 2.2 2.4 2.6 2.8 3 
BinVal : 0 0 0 0 0
BinVal : 0 1 0 0 0
BinVal : 0 2 0 0 0
BinVal : 0 3 0 0 0
BinVal : 0 4 1 0.218486 0.218486
BinVal : 0 5 0.964286 0.0350707 0.0350707
BinVal : 0 6 0.966667 0.0327731 0.0327731
BinVal : 0 7 0.962264 0.026175 0.026175
BinVal : 0 8 0.883117 0.0366134 0.0366134
BinVal : 0 9 0.828125 0.047159 0.047159
BinVal : 0 10 0.897959 0.0432431 0.0432431
BinVal : 0 11 0.87234 0.0486767 0.0486767
BinVal : 0 12 0.962963 0.0256996 0.0256996
BinVal : 0 13 0.972603 0.0191056 0.0191056
BinVal : 0 14 0.975904 0.0168322 0.0168322
BinVal : 0 15 0.970588 0.0204891 0.0204891
BinVal : 0 16 0.887097 0.0401923 0.0401923
BinVal : 0 17 0.942308 0.0323336 0.0323336
BinVal : 0 18 0.866667 0.0438854 0.0438854
BinVal : 0 19 0.887097 0.0401923 0.0401923
BinVal : 0 20 0.861538 0.0428396 0.0428396
BinVal : 0 21 0.982456 0.0173893 0.0173893
BinVal : 0 22 0.943396 0.0317418 0.0317418
BinVal : 0 23 0.828571 0.0637049 0.0637049
BinVal : 0 24 0.857143 0.0591485 0.0591485
BinVal : 0 25 0 0 0
BinVal : 0 26 0 0 0
BinVal : 0 27 0 0 0
BinVal : 0 28 0 0 0
BinVal : 0 29 0 0 0
BinVal : 1 0 0 0 0
BinVal : 1 1 0 0 0
BinVal : 1 2 0 0 0
BinVal : 1 3 0 0 0
BinVal : 1 4 0 0 0
BinVal : 1 5 0.941176 0.0570672 0.0570672
BinVal : 1 6 0.96875 0.0307578 0.0307578
BinVal : 1 7 0.9375 0.0349386 0.0349386
BinVal : 1 8 0.942308 0.0323336 0.0323336
BinVal : 1 9 0.960784 0.0271805 0.0271805
BinVal : 1 10 0.864865 0.0562027 0.0562027
BinVal : 1 11 0.90411 0.0344617 0.0344617
BinVal : 1 12 0.942857 0.0277431 0.0277431
BinVal : 1 13 0.981132 0.0186891 0.0186891
BinVal : 1 14 1 0.00750113 0.00750113
BinVal : 1 15 1 0.00679159 0.00679159
BinVal : 1 16 0.866667 0.0438854 0.0438854
BinVal : 1 17 0.907692 0.0359031 0.0359031
BinVal : 1 18 0.867647 0.0410945 0.0410945
BinVal : 1 19 0.888889 0.0523783 0.0523783
BinVal : 1 20 0.973333 0.0186031 0.0186031
BinVal : 1 21 0.924528 0.0362839 0.0362839
BinVal : 1 22 0.977273 0.0224675 0.0224675
BinVal : 1 23 0.939394 0.041536 0.041536
BinVal : 1 24 0.92 0.0542586 0.0542586
BinVal : 1 25 0 0 0
BinVal : 1 26 0 0 0
BinVal : 1 27 0 0 0
BinVal : 1 28 0 0 0
BinVal : 1 29 0 0 0
BinVal : 2 0 0 0 0
BinVal : 2 1 0 0 0
BinVal : 2 2 0 0 0
BinVal : 2 3 0 0 0
BinVal : 2 4 0 0 0
BinVal : 2 5 1 0.0542655 0.0542655
BinVal : 2 6 1 0.0309157 0.0309157
BinVal : 2 7 0.941176 0.0403526 0.0403526
BinVal : 2 8 0.977273 0.0224675 0.0224675
BinVal : 2 9 0.96 0.0277128 0.0277128
BinVal : 2 10 0.885714 0.0537785 0.0537785
BinVal : 2 11 0.90566 0.0401506 0.0401506
BinVal : 2 12 0.957447 0.0294425 0.0294425
BinVal : 2 13 0.952381 0.0328603 0.0328603
BinVal : 2 14 0.979592 0.0201988 0.0201988
BinVal : 2 15 0.921053 0.0437441 0.0437441
BinVal : 2 16 0.692308 0.0739053 0.0739053
BinVal : 2 17 0.931818 0.0379991 0.0379991
BinVal : 2 18 0.846154 0.0577744 0.0577744
BinVal : 2 19 0.842105 0.0836547 0.0836547
BinVal : 2 20 0.973684 0.0259672 0.0259672
BinVal : 2 21 1 0.0131822 0.0131822
BinVal : 2 22 0.972222 0.0273893 0.0273893
BinVal : 2 23 1 0.0208287 0.0208287
BinVal : 2 24 1 0.102643 0.102643
BinVal : 2 25 0 0 0
BinVal : 2 26 0 0 0
BinVal : 2 27 0 0 0
BinVal : 2 28 0 0 0
BinVal : 2 29 0 0 0
BinVal : 3 0 0 0 0
BinVal : 3 1 0 0 0
BinVal : 3 2 0 0 0
BinVal : 3 3 0 0 0
BinVal : 3 4 1 0.218486 0.218486
BinVal : 3 5 0.833333 0.152145 0.152145
BinVal : 3 6 0.933333 0.0644061 0.0644061
BinVal : 3 7 1 0.0243611 0.0243611
BinVal : 3 8 1 0.0309157 0.0309157
BinVal : 3 9 0.65 0.106654 0.106654
BinVal : 3 10 0.857143 0.093522 0.093522
BinVal : 3 11 0.875 0.0826797 0.0826797
BinVal : 3 12 0.9375 0.0605154 0.0605154
BinVal : 3 13 0.958333 0.0407894 0.0407894
BinVal : 3 14 0.9 0.0547723 0.0547723
BinVal : 3 15 0.967742 0.0317335 0.0317335
BinVal : 3 16 0.758621 0.0794627 0.0794627
BinVal : 3 17 0.966667 0.0327731 0.0327731
BinVal : 3 18 1 0.0216126 0.0216126
BinVal : 3 19 1 0.0542655 0.0542655
BinVal : 3 20 0.733333 0.11418 0.11418
BinVal : 3 21 1 0.0293374 0.0293374
BinVal : 3 22 0.956522 0.0425226 0.0425226
BinVal : 3 23 1 0.0279117 0.0279117
BinVal : 3 24 0.846154 0.100068 0.100068
BinVal : 3 25 0 0 0
BinVal : 3 26 0 0 0
BinVal : 3 27 0 0 0
BinVal : 3 28 0 0 0
BinVal : 3 29 0 0 0
BinVal : 4 0 0 0 0
BinVal : 4 1 0 0 0
BinVal : 4 2 0 0 0
BinVal : 4 3 0 0 0
BinVal : 4 4 0 0 0
BinVal : 4 5 1 0.0542655 0.0542655
BinVal : 4 6 0.928571 0.0688303 0.0688303
BinVal : 4 7 0.923077 0.0522589 0.0522589
BinVal : 4 8 0.964286 0.0350707 0.0350707
BinVal : 4 9 0.92 0.0542586 0.0542586
BinVal : 4 10 0.619048 0.105971 0.105971
BinVal : 4 11 1 0.0326734 0.0326734
BinVal : 4 12 0.833333 0.0680414 0.0680414
BinVal : 4 13 0.952381 0.0464714 0.0464714
BinVal : 4 14 0.896552 0.0565523 0.0565523
BinVal : 4 15 0.88 0.0649923 0.0649923
BinVal : 4 16 0.705882 0.11051 0.11051
BinVal : 4 17 0.965517 0.033883 0.033883
BinVal : 4 18 0.875 0.0826797 0.0826797
BinVal : 4 19 0.875 0.0826797 0.0826797
BinVal : 4 20 0.875 0.0675077 0.0675077
BinVal : 4 21 1 0.0293374 0.0293374
BinVal : 4 22 0.947368 0.0512278 0.0512278
BinVal : 4 23 0.923077 0.0739053 0.0739053
BinVal : 4 24 0.888889 0.104757 0.104757
BinVal : 4 25 0 0 0
BinVal : 4 26 0 0 0
BinVal : 4 27 0 0 0
BinVal : 4 28 0 0 0
BinVal : 4 29 0 0 0
BinVal : 5 0 0 0 0
BinVal : 5 1 0 0 0
BinVal : 5 2 0 0 0
BinVal : 5 3 0 0 0
BinVal : 5 4 0 0 0
BinVal : 5 5 1 0.0668855 0.0668855
BinVal : 5 6 0.88 0.0649923 0.0649923
BinVal : 5 7 0.9375 0.0427908 0.0427908
BinVal : 5 8 1 0.0115867 0.0115867
BinVal : 5 9 0.916667 0.0398928 0.0398928
BinVal : 5 10 0.75 0.0765466 0.0765466
BinVal : 5 11 0.682927 0.0726733 0.0726733
BinVal : 5 12 1 0.0107217 0.0107217
BinVal : 5 13 0.771429 0.0709782 0.0709782
BinVal : 5 14 0.981132 0.0186891 0.0186891
BinVal : 5 15 0.884615 0.0443047 0.0443047
BinVal : 5 16 0.697674 0.0700373 0.0700373
BinVal : 5 17 0.852941 0.0607387 0.0607387
BinVal : 5 18 0.823529 0.0653787 0.0653787
BinVal : 5 19 0.956522 0.0425226 0.0425226
BinVal : 5 20 0.891892 0.0510487 0.0510487
BinVal : 5 21 0.973684 0.0259672 0.0259672
BinVal : 5 22 0.931035 0.0470544 0.0470544
BinVal : 5 23 0.941176 0.0570672 0.0570672
BinVal : 5 24 1 0.102643 0.102643
BinVal : 5 25 0 0 0
BinVal : 5 26 0 0 0
BinVal : 5 27 0 0 0
BinVal : 5 28 0 0 0
BinVal : 5 29 0 0 0
BinVal : 6 0 0 0 0
BinVal : 6 1 0 0 0
BinVal : 6 2 0 0 0
BinVal : 6 3 0 0 0
BinVal : 6 4 0 0 0
BinVal : 6 5 1 0.0756803 0.0756803
BinVal : 6 6 0.9 0.0547723 0.0547723
BinVal : 6 7 0.954545 0.0314022 0.0314022
BinVal : 6 8 0.983607 0.0162585 0.0162585
BinVal : 6 9 0.984615 0.0152658 0.0152658
BinVal : 6 10 0.682927 0.0726733 0.0726733
BinVal : 6 11 0.4 0.069282 0.069282
BinVal : 6 12 0.5 0.0771517 0.0771517
BinVal : 6 13 0.833333 0.0458735 0.0458735
BinVal : 6 14 0.934211 0.0284377 0.0284377
BinVal : 6 15 0.985294 0.0145974 0.0145974
BinVal : 6 16 0.859649 0.0460077 0.0460077
BinVal : 6 17 0.962963 0.0256996 0.0256996
BinVal : 6 18 0.907692 0.0359031 0.0359031
BinVal : 6 19 0.904762 0.0452948 0.0452948
BinVal : 6 20 0.984848 0.0150363 0.0150363
BinVal : 6 21 0.897436 0.0485811 0.0485811
BinVal : 6 22 0.955556 0.0307207 0.0307207
BinVal : 6 23 1 0.0181909 0.0181909
BinVal : 6 24 1 0.0756803 0.0756803
BinVal : 6 25 0 0 0
BinVal : 6 26 0 0 0
BinVal : 6 27 0 0 0
BinVal : 6 28 0 0 0
BinVal : 6 29 0 0 0
BinVal : 7 0 0 0 0
BinVal : 7 1 0 0 0
BinVal : 7 2 0 0 0
BinVal : 7 3 0 0 0
BinVal : 7 4 0 0 0
BinVal : 7 5 1 0.0224566 0.0224566
BinVal : 7 6 0.958333 0.0288424 0.0288424
BinVal : 7 7 0.943396 0.0317418 0.0317418
BinVal : 7 8 0.96875 0.0217491 0.0217491
BinVal : 7 9 0.62 0.068644 0.068644
BinVal : 7 10 0.444444 0.0828173 0.0828173
BinVal : 7 11 0.315789 0.0754053 0.0754053
BinVal : 7 12 0.548387 0.063202 0.063202
BinVal : 7 13 0.940476 0.0258154 0.0258154
BinVal : 7 14 0.931818 0.0268694 0.0268694
BinVal : 7 15 1 0.00780725 0.00780725
BinVal : 7 16 0.94382 0.0244084 0.0244084
BinVal : 7 17 0.943662 0.027364 0.027364
BinVal : 7 18 0.789474 0.0539989 0.0539989
BinVal : 7 19 0.781818 0.0556905 0.0556905
BinVal : 7 20 0.813559 0.0507036 0.0507036
BinVal : 7 21 0.924528 0.0362839 0.0362839
BinVal : 7 22 0.978261 0.0215015 0.0215015
BinVal : 7 23 1 0.0148902 0.0148902
BinVal : 7 24 1 0.0266185 0.0266185
BinVal : 7 25 0 0 0
BinVal : 7 26 0 0 0
BinVal : 7 27 0 0 0
BinVal : 7 28 0 0 0
BinVal : 7 29 0 0 0
BinVal : 8 0 0 0 0
BinVal : 8 1 0 0 0
BinVal : 8 2 0 0 0
BinVal : 8 3 0 0 0
BinVal : 8 4 1 0.218486 0.218486
BinVal : 8 5 0.956522 0.0425226 0.0425226
BinVal : 8 6 0.981818 0.0180158 0.0180158
BinVal : 8 7 1 0.0111375 0.0111375
BinVal : 8 8 0.970149 0.0207902 0.0207902
BinVal : 8 9 0.648148 0.0649861 0.0649861
BinVal : 8 10 0.333333 0.0660098 0.0660098
BinVal : 8 11 0.428571 0.06613 0.06613
BinVal : 8 12 0.41791 0.0602558 0.0602558
BinVal : 8 13 0.950617 0.024074 0.024074
BinVal : 8 14 0.977273 0.0158869 0.0158869
BinVal : 8 15 0.989011 0.0109285 0.0109285
BinVal : 8 16 0.925 0.029448 0.029448
BinVal : 8 17 0.947368 0.0295764 0.0295764
BinVal : 8 18 0.854839 0.0447375 0.0447375
BinVal : 8 19 0.886792 0.0435222 0.0435222
BinVal : 8 20 0.783333 0.0531856 0.0531856
BinVal : 8 21 0.933333 0.0322031 0.0322031
BinVal : 8 22 1 0.0111375 0.0111375
BinVal : 8 23 0.970588 0.028976 0.028976
BinVal : 8 24 0.916667 0.0564169 0.0564169
BinVal : 8 25 0 0 0
BinVal : 8 26 0 0 0
BinVal : 8 27 0 0 0
BinVal : 8 28 0 0 0
BinVal : 8 29 0 0 0
BinVal : 9 0 0 0 0
BinVal : 9 1 0 0 0
BinVal : 9 2 0 0 0
BinVal : 9 3 0 0 0
BinVal : 9 4 0 0 0
BinVal : 9 5 1 0.0326734 0.0326734
BinVal : 9 6 1 0.0166125 0.0166125
BinVal : 9 7 0.963636 0.0252411 0.0252411
BinVal : 9 8 0.940298 0.028946 0.028946
BinVal : 9 9 0.969697 0.0211003 0.0211003
BinVal : 9 10 0.566667 0.090472 0.090472
BinVal : 9 11 0.425926 0.0672906 0.0672906
BinVal : 9 12 0.33871 0.0601055 0.0601055
BinVal : 9 13 0.735294 0.0535005 0.0535005
BinVal : 9 14 0.901639 0.0381296 0.0381296
BinVal : 9 15 0.976471 0.0164409 0.0164409
BinVal : 9 16 0.887324 0.0375256 0.0375256
BinVal : 9 17 0.888889 0.0395943 0.0395943
BinVal : 9 18 0.80303 0.0489546 0.0489546
BinVal : 9 19 0.851852 0.048343 0.048343
BinVal : 9 20 1 0.00862837 0.00862837
BinVal : 9 21 0.976744 0.0229838 0.0229838
BinVal : 9 22 0.947368 0.0362235 0.0362235
BinVal : 9 23 0.903226 0.0531003 0.0531003
BinVal : 9 24 0.928571 0.0688303 0.0688303
BinVal : 9 25 0 0 0
BinVal : 9 26 0 0 0
BinVal : 9 27 0 0 0
BinVal : 9 28 0 0 0
BinVal : 9 29 0 0 0
BinVal : 10 0 0 0 0
BinVal : 10 1 0 0 0
BinVal : 10 2 0 0 0
BinVal : 10 3 0 0 0
BinVal : 10 4 1 0.218486 0.218486
BinVal : 10 5 1 0.0422902 0.0422902
BinVal : 10 6 1 0.0243611 0.0243611
BinVal : 10 7 0.979167 0.0206152 0.0206152
BinVal : 10 8 0.983871 0.0159984 0.0159984
BinVal : 10 9 0.9 0.067082 0.067082
BinVal : 10 10 0.869565 0.0702237 0.0702237
BinVal : 10 11 0.666667 0.272166 0.272166
BinVal : 10 12 0.87037 0.0457096 0.0457096
BinVal : 10 13 0.914894 0.0407022 0.0407022
BinVal : 10 14 0.969231 0.0214198 0.0214198
BinVal : 10 15 0.977528 0.0157105 0.0157105
BinVal : 10 16 0.963636 0.0252411 0.0252411
BinVal : 10 17 0.897436 0.0485811 0.0485811
BinVal : 10 18 0.733333 0.11418 0.11418
BinVal : 10 19 0.904762 0.0640564 0.0640564
BinVal : 10 20 0.636364 0.145041 0.145041
BinVal : 10 21 0.961538 0.0266683 0.0266683
BinVal : 10 22 0.9375 0.0349386 0.0349386
BinVal : 10 23 0.837838 0.0605974 0.0605974
BinVal : 10 24 0.875 0.0826797 0.0826797
BinVal : 10 25 1 0.159077 0.159077
BinVal : 10 26 0 0 0
BinVal : 10 27 0 0 0
BinVal : 10 28 0 0 0
BinVal : 10 29 0 0 0
BinVal : 11 0 0 0 0
BinVal : 11 1 0 0 0
BinVal : 11 2 0 0 0
BinVal : 11 3 0 0 0
BinVal : 11 4 0.714286 0.170747 0.170747
BinVal : 11 5 0.851852 0.0683673 0.0683673
BinVal : 11 6 0.939394 0.041536 0.041536
BinVal : 11 7 0.95 0.0344601 0.0344601
BinVal : 11 8 0.967742 0.0317335 0.0317335
BinVal : 11 9 1 0.159077 0.159077
BinVal : 11 10 0 0 0
BinVal : 11 11 0 0 0
BinVal : 11 12 0 0 0
BinVal : 11 13 0 0 0
BinVal : 11 14 0 0 0
BinVal : 11 15 1 0.218486 0.218486
BinVal : 11 16 0 0 0
BinVal : 11 17 0 0 0
BinVal : 11 18 0 0 0
BinVal : 11 19 0 0 0
BinVal : 11 20 1 0.218486 0.218486
BinVal : 11 21 0.782609 0.0608155 0.0608155
BinVal : 11 22 0.923077 0.0330515 0.0330515
BinVal : 11 23 0.944444 0.0381769 0.0381769
BinVal : 11 24 1 0.017632 0.017632
BinVal : 11 25 0.5 0.353553 0.353553
BinVal : 11 26 0 0 0
BinVal : 11 27 0 0 0
BinVal : 11 28 0 0 0
BinVal : 11 29 0 0 0
BinVal : 12 0 0 0 0
BinVal : 12 1 0 0 0
BinVal : 12 2 0 0 0
BinVal : 12 3 0 0 0
BinVal : 12 4 1 0.218486 0.218486
BinVal : 12 5 1 0.0216126 0.0216126
BinVal : 12 6 0.909091 0.0433392 0.0433392
BinVal : 12 7 0.925926 0.0356389 0.0356389
BinVal : 12 8 0.923077 0.0426692 0.0426692
BinVal : 12 9 0 0 0
BinVal : 12 10 0 0 0
BinVal : 12 11 0 0 0
BinVal : 12 12 0 0 0
BinVal : 12 13 0 0 0
BinVal : 12 14 0 0 0
BinVal : 12 15 0 0 0
BinVal : 12 16 0 0 0
BinVal : 12 17 1 0.218486 0.218486
BinVal : 12 18 0 0 0
BinVal : 12 19 0 0 0
BinVal : 12 20 0 0 0
BinVal : 12 21 0.923077 0.0426692 0.0426692
BinVal : 12 22 0.984848 0.0150363 0.0150363
BinVal : 12 23 0.941176 0.0403526 0.0403526
BinVal : 12 24 0.92 0.0542586 0.0542586
BinVal : 12 25 1 0.159077 0.159077
BinVal : 12 26 0 0 0
BinVal : 12 27 0 0 0
BinVal : 12 28 0 0 0
BinVal : 12 29 0 0 0
BinVal : 13 0 0 0 0
BinVal : 13 1 0 0 0
BinVal : 13 2 0 0 0
BinVal : 13 3 0 0 0
BinVal : 13 4 0 0 0
BinVal : 13 5 0.9 0.067082 0.067082
BinVal : 13 6 0.931818 0.0379991 0.0379991
BinVal : 13 7 0.883333 0.0414438 0.0414438
BinVal : 13 8 0.970149 0.0207902 0.0207902
BinVal : 13 9 0.92 0.0542586 0.0542586
BinVal : 13 10 0.870968 0.0602101 0.0602101
BinVal : 13 11 0.777778 0.13858 0.13858
BinVal : 13 12 0.883333 0.0414438 0.0414438
BinVal : 13 13 0.975 0.0246855 0.0246855
BinVal : 13 14 0.909091 0.0433392 0.0433392
BinVal : 13 15 0.951219 0.0336412 0.0336412
BinVal : 13 16 0.923077 0.0426692 0.0426692
BinVal : 13 17 0.87234 0.0486767 0.0486767
BinVal : 13 18 0.6 0.219089 0.219089
BinVal : 13 19 0.758621 0.0794627 0.0794627
BinVal : 13 20 0.823529 0.0924594 0.0924594
BinVal : 13 21 0.965517 0.0239589 0.0239589
BinVal : 13 22 0.976744 0.0229838 0.0229838
BinVal : 13 23 0.944444 0.0381769 0.0381769
BinVal : 13 24 0.9 0.0948683 0.0948683
BinVal : 13 25 0 0 0
BinVal : 13 26 0 0 0
BinVal : 13 27 0 0 0
BinVal : 13 28 0 0 0
BinVal : 13 29 0 0 0
BinVal : 14 0 0 0 0
BinVal : 14 1 0 0 0
BinVal : 14 2 0 0 0
BinVal : 14 3 0 0 0
BinVal : 14 4 0 0 0
BinVal : 14 5 0.833333 0.152145 0.152145
BinVal : 14 6 0.884615 0.0626563 0.0626563
BinVal : 14 7 0.894737 0.0497845 0.0497845
BinVal : 14 8 0.957447 0.0294425 0.0294425
BinVal : 14 9 0.95082 0.0276873 0.0276873
BinVal : 14 10 0.771429 0.0709782 0.0709782
BinVal : 14 11 0.857143 0.046761 0.046761
BinVal : 14 12 0.945455 0.0306209 0.0306209
BinVal : 14 13 0.925926 0.0356389 0.0356389
BinVal : 14 14 0.9375 0.0302577 0.0302577
BinVal : 14 15 0.870968 0.042575 0.042575
BinVal : 14 16 0.860465 0.0528413 0.0528413
BinVal : 14 17 0.830189 0.0515744 0.0515744
BinVal : 14 18 0.866667 0.0620633 0.0620633
BinVal : 14 19 0.75 0.0765466 0.0765466
BinVal : 14 20 0.972603 0.0191056 0.0191056
BinVal : 14 21 0.947368 0.0362235 0.0362235
BinVal : 14 22 0.928571 0.0397392 0.0397392
BinVal : 14 23 0.9375 0.0427908 0.0427908
BinVal : 14 24 1 0.0326734 0.0326734
BinVal : 14 25 0 0 0
BinVal : 14 26 0 0 0
BinVal : 14 27 0 0 0
BinVal : 14 28 0 0 0
BinVal : 14 29 0 0 0
BinVal : 15 0 0 0 0
BinVal : 15 1 0 0 0
BinVal : 15 2 0 0 0
BinVal : 15 3 0 0 0
BinVal : 15 4 0 0 0
BinVal : 15 5 1 0.0326734 0.0326734
BinVal : 15 6 0.892857 0.0584512 0.0584512
BinVal : 15 7 1 0.0118251 0.0118251
BinVal : 15 8 1 0.00964212 0.00964212
BinVal : 15 9 0.738095 0.0678427 0.0678427
BinVal : 15 10 0.942029 0.0281328 0.0281328
BinVal : 15 11 0.948276 0.0290804 0.0290804
BinVal : 15 12 0.985507 0.0143874 0.0143874
BinVal : 15 13 0.984615 0.0152658 0.0152658
BinVal : 15 14 0.986486 0.0134219 0.0134219
BinVal : 15 15 0.974026 0.0181263 0.0181263
BinVal : 15 16 0.872727 0.0449392 0.0449392
BinVal : 15 17 0.981132 0.0186891 0.0186891
BinVal : 15 18 0.836735 0.0528011 0.0528011
BinVal : 15 19 0.837838 0.0605974 0.0605974
BinVal : 15 20 0.730159 0.0559233 0.0559233
BinVal : 15 21 0.964912 0.0243716 0.0243716
BinVal : 15 22 1 0.0083766 0.0083766
BinVal : 15 23 1 0.0138164 0.0138164
BinVal : 15 24 0.884615 0.0626563 0.0626563
BinVal : 15 25 1 0.124824 0.124824
BinVal : 15 26 0 0 0
BinVal : 15 27 0 0 0
BinVal : 15 28 0 0 0
BinVal : 15 29 0 0 0


Comments : includes prescale inefficiency, cosmic veto applied 
EffMethod : TagAndProbe 
EffName : eff 
EffType : Binned 
EffVarNames : phi deteta 
EffVersion : 3 
ObjQuality : MuFromMuJetsOR 
ObjRelativeTo : tight_tracktight_iso_NPLoose 
ObjType : Muon 
ObjVersion : 1 
RunRangeHigh : -1 
RunRangeLow : -1 
TriggerVersionHigh : 15.89 
TriggerVersionLow : 15.5 
BinEdgesX : 0 0.3927 0.7854 1.1781 1.5708 1.9635 2.3562 2.7489 3.1416 3.5343 3.927 4.3197 4.7124 5.1051 5.4978 5.8905 6.2832 
BinEdgesY : -3 -2.8 -2.6 -2.4 -2.2 -2 -1.8 -1.6 -1.4 -1.2 -1 -0.8 -0.6 -0.4 -0.2 0 0.2 0.4 0.6 0.8 1 1.2 1.4 1.6 1.8 2 2.2 2.4 2.6 2.8 3 
BinVal : 0 0 0 0 0
BinVal : 0 1 0 0 0
BinVal : 0 2 0 0 0
BinVal : 0 3 0 0 0
BinVal : 0 4 1 0.159077 0.159077
BinVal : 0 5 0.95082 0.0276873 0.0276873
BinVal : 0 6 0.981132 0.0132152 0.0132152
BinVal : 0 7 0.898305 0.0278241 0.0278241
BinVal : 0 8 0.934307 0.0211663 0.0211663
BinVal : 0 9 0.856164 0.0290426 0.0290426
BinVal : 0 10 0.894737 0.0222643 0.0222643
BinVal : 0 11 0.907285 0.0236025 0.0236025
BinVal : 0 12 0.965986 0.0149504 0.0149504
BinVal : 0 13 0.964286 0.0132555 0.0132555
BinVal : 0 14 0.973545 0.0116735 0.0116735
BinVal : 0 15 0.99 0.00703562 0.00703562
BinVal : 0 16 0.880952 0.0249851 0.0249851
BinVal : 0 17 0.936306 0.0194899 0.0194899
BinVal : 0 18 0.918519 0.0235454 0.0235454
BinVal : 0 19 0.820513 0.0354786 0.0354786
BinVal : 0 20 0.781457 0.0336304 0.0336304
BinVal : 0 21 0.967742 0.0141917 0.0141917
BinVal : 0 22 0.948276 0.0205629 0.0205629
BinVal : 0 23 0.954023 0.0224538 0.0224538
BinVal : 0 24 0.972973 0.018851 0.018851
BinVal : 0 25 1 0.102643 0.102643
BinVal : 0 26 0 0 0
BinVal : 0 27 0 0 0
BinVal : 0 28 0 0 0
BinVal : 0 29 0 0 0
BinVal : 1 0 0 0 0
BinVal : 1 1 0 0 0
BinVal : 1 2 0 0 0
BinVal : 1 3 0 0 0
BinVal : 1 4 1 0.218486 0.218486
BinVal : 1 5 0.833333 0.0575055 0.0575055
BinVal : 1 6 0.831169 0.0426899 0.0426899
BinVal : 1 7 0.902655 0.0278855 0.0278855
BinVal : 1 8 0.862069 0.0286364 0.0286364
BinVal : 1 9 0.966443 0.0147532 0.0147532
BinVal : 1 10 0.855856 0.0333378 0.0333378
BinVal : 1 11 0.913793 0.0212775 0.0212775
BinVal : 1 12 0.923077 0.0222833 0.0222833
BinVal : 1 13 0.939394 0.0185755 0.0185755
BinVal : 1 14 0.978947 0.0104149 0.0104149
BinVal : 1 15 0.977528 0.011109 0.011109
BinVal : 1 16 0.892086 0.0263169 0.0263169
BinVal : 1 17 0.959732 0.0161051 0.0161051
BinVal : 1 18 0.879518 0.0252656 0.0252656
BinVal : 1 19 0.745455 0.0415333 0.0415333
BinVal : 1 20 0.913669 0.0238216 0.0238216
BinVal : 1 21 0.961832 0.0167403 0.0167403
BinVal : 1 22 0.945736 0.0199455 0.0199455
BinVal : 1 23 0.940594 0.023521 0.023521
BinVal : 1 24 0.918919 0.0448743 0.0448743
BinVal : 1 25 1 0.218486 0.218486
BinVal : 1 26 0 0 0
BinVal : 1 27 0 0 0
BinVal : 1 28 0 0 0
BinVal : 1 29 0 0 0
BinVal : 2 0 0 0 0
BinVal : 2 1 0 0 0
BinVal : 2 2 0 0 0
BinVal : 2 3 0 0 0
BinVal : 2 4 0 0 0
BinVal : 2 5 0.894737 0.0704059 0.0704059
BinVal : 2 6 0.916667 0.0398928 0.0398928
BinVal : 2 7 0.943182 0.0246774 0.0246774
BinVal : 2 8 0.929412 0.0277818 0.0277818
BinVal : 2 9 0.932584 0.0265785 0.0265785
BinVal : 2 10 0.857143 0.046761 0.046761
BinVal : 2 11 0.89011 0.0327854 0.0327854
BinVal : 2 12 0.933333 0.0262937 0.0262937
BinVal : 2 13 0.81 0.0392301 0.0392301
BinVal : 2 14 0.982759 0.0120859 0.0120859
BinVal : 2 15 0.957265 0.0186989 0.0186989
BinVal : 2 16 0.943182 0.0246774 0.0246774
BinVal : 2 17 0.942029 0.0281328 0.0281328
BinVal : 2 18 0.869048 0.0368077 0.0368077
BinVal : 2 19 0.652174 0.0573374 0.0573374
BinVal : 2 20 0.969072 0.0175779 0.0175779
BinVal : 2 21 0.950617 0.024074 0.024074
BinVal : 2 22 0.924242 0.0325712 0.0325712
BinVal : 2 23 0.877551 0.0468291 0.0468291
BinVal : 2 24 1 0.0309157 0.0309157
BinVal : 2 25 0 0 0
BinVal : 2 26 0 0 0
BinVal : 2 27 0 0 0
BinVal : 2 28 0 0 0
BinVal : 2 29 0 0 0
BinVal : 3 0 0 0 0
BinVal : 3 1 0 0 0
BinVal : 3 2 0 0 0
BinVal : 3 3 0 0 0
BinVal : 3 4 0 0 0
BinVal : 3 5 0.954545 0.0444095 0.0444095
BinVal : 3 6 0.921053 0.0437441 0.0437441
BinVal : 3 7 1 0.0157046 0.0157046
BinVal : 3 8 1 0.0128865 0.0128865
BinVal : 3 9 0.7 0.0724569 0.0724569
BinVal : 3 10 0.840909 0.0551405 0.0551405
BinVal : 3 11 0.795918 0.0575756 0.0575756
BinVal : 3 12 0.973684 0.0259672 0.0259672
BinVal : 3 13 0.793103 0.0531897 0.0531897
BinVal : 3 14 0.961538 0.0266683 0.0266683
BinVal : 3 15 1 0.00980616 0.00980616
BinVal : 3 16 0.888889 0.0395943 0.0395943
BinVal : 3 17 0.975 0.0246855 0.0246855
BinVal : 3 18 0.891304 0.0458923 0.0458923
BinVal : 3 19 0.818182 0.052007 0.052007
BinVal : 3 20 0.742857 0.0738764 0.0738764
BinVal : 3 21 0.979592 0.0201988 0.0201988
BinVal : 3 22 1 0.0128865 0.0128865
BinVal : 3 23 0.96875 0.0307578 0.0307578
BinVal : 3 24 0.888889 0.0604812 0.0604812
BinVal : 3 25 0 0 0
BinVal : 3 26 0 0 0
BinVal : 3 27 0 0 0
BinVal : 3 28 0 0 0
BinVal : 3 29 0 0 0
BinVal : 4 0 0 0 0
BinVal : 4 1 0 0 0
BinVal : 4 2 0 0 0
BinVal : 4 3 0 0 0
BinVal : 4 4 0.75 0.216506 0.216506
BinVal : 4 5 0.923077 0.0522589 0.0522589
BinVal : 4 6 1 0.017632 0.017632
BinVal : 4 7 0.945946 0.0371746 0.0371746
BinVal : 4 8 0.945455 0.0306209 0.0306209
BinVal : 4 9 0.655172 0.0882632 0.0882632
BinVal : 4 10 0.837838 0.0605974 0.0605974
BinVal : 4 11 0.807018 0.0522713 0.0522713
BinVal : 4 12 0.866667 0.0506745 0.0506745
BinVal : 4 13 0.964912 0.0243716 0.0243716
BinVal : 4 14 0.9 0.0387298 0.0387298
BinVal : 4 15 0.969697 0.0211003 0.0211003
BinVal : 4 16 0.842105 0.0591528 0.0591528
BinVal : 4 17 0.98 0.019799 0.019799
BinVal : 4 18 0.863636 0.0517355 0.0517355
BinVal : 4 19 0.882353 0.0552551 0.0552551
BinVal : 4 20 0.755556 0.0640644 0.0640644
BinVal : 4 21 0.981132 0.0186891 0.0186891
BinVal : 4 22 0.979167 0.0206152 0.0206152
BinVal : 4 23 1 0.0224566 0.0224566
BinVal : 4 24 0.944444 0.0539903 0.0539903
BinVal : 4 25 0 0 0
BinVal : 4 26 0 0 0
BinVal : 4 27 0 0 0
BinVal : 4 28 0 0 0
BinVal : 4 29 0 0 0
BinVal : 5 0 0 0 0
BinVal : 5 1 0 0 0
BinVal : 5 2 0 0 0
BinVal : 5 3 0 0 0
BinVal : 5 4 0 0 0
BinVal : 5 5 0.933333 0.0644061 0.0644061
BinVal : 5 6 0.90566 0.0401506 0.0401506
BinVal : 5 7 0.947368 0.0295764 0.0295764
BinVal : 5 8 0.965116 0.0197857 0.0197857
BinVal : 5 9 0.891089 0.0309981 0.0309981
BinVal : 5 10 0.873418 0.0374097 0.0374097
BinVal : 5 11 0.858407 0.0327966 0.0327966
BinVal : 5 12 0.977273 0.0158869 0.0158869
BinVal : 5 13 0.952941 0.0229691 0.0229691
BinVal : 5 14 0.955752 0.0193455 0.0193455
BinVal : 5 15 0.951923 0.0209774 0.0209774
BinVal : 5 16 0.892857 0.0337468 0.0337468
BinVal : 5 17 0.9375 0.0270633 0.0270633
BinVal : 5 18 0.859259 0.0299299 0.0299299
BinVal : 5 19 0.8375 0.0412453 0.0412453
BinVal : 5 20 0.8125 0.0368811 0.0368811
BinVal : 5 21 0.882353 0.0390712 0.0390712
BinVal : 5 22 0.776316 0.0478002 0.0478002
BinVal : 5 23 0.897959 0.0432431 0.0432431
BinVal : 5 24 0.666667 0.19245 0.19245
BinVal : 5 25 1 0.218486 0.218486
BinVal : 5 26 0 0 0
BinVal : 5 27 0 0 0
BinVal : 5 28 0 0 0
BinVal : 5 29 0 0 0
BinVal : 6 0 0 0 0
BinVal : 6 1 0 0 0
BinVal : 6 2 0 0 0
BinVal : 6 3 0 0 0
BinVal : 6 4 0 0 0
BinVal : 6 5 1 0.0161462 0.0161462
BinVal : 6 6 0.912281 0.0374692 0.0374692
BinVal : 6 7 0.946429 0.0212766 0.0212766
BinVal : 6 8 0.952756 0.0188262 0.0188262
BinVal : 6 9 0.9375 0.0228727 0.0228727
BinVal : 6 10 0.870968 0.030105 0.030105
BinVal : 6 11 0.845588 0.0309849 0.0309849
BinVal : 6 12 0.905109 0.0250381 0.0250381
BinVal : 6 13 0.918699 0.0246423 0.0246423
BinVal : 6 14 0.857143 0.0281979 0.0281979
BinVal : 6 15 0.959184 0.0163196 0.0163196
BinVal : 6 16 0.927007 0.0222239 0.0222239
BinVal : 6 17 0.934579 0.0239042 0.0239042
BinVal : 6 18 0.847222 0.0299811 0.0299811
BinVal : 6 19 0.841121 0.0353403 0.0353403
BinVal : 6 20 0.932773 0.0229555 0.0229555
BinVal : 6 21 0.954128 0.0200383 0.0200383
BinVal : 6 22 0.923077 0.0279336 0.0279336
BinVal : 6 23 0.886792 0.0435222 0.0435222
BinVal : 6 24 0.9 0.0948683 0.0948683
BinVal : 6 25 0 0 0
BinVal : 6 26 0 0 0
BinVal : 6 27 0 0 0
BinVal : 6 28 0 0 0
BinVal : 6 29 0 0 0
BinVal : 7 0 0 0 0
BinVal : 7 1 0 0 0
BinVal : 7 2 0 0 0
BinVal : 7 3 0 0 0
BinVal : 7 4 1 0.159077 0.159077
BinVal : 7 5 0.981132 0.0186891 0.0186891
BinVal : 7 6 0.972973 0.018851 0.018851
BinVal : 7 7 0.963636 0.0178482 0.0178482
BinVal : 7 8 0.971429 0.0140802 0.0140802
BinVal : 7 9 0.803279 0.0359898 0.0359898
BinVal : 7 10 0.87395 0.0304258 0.0304258
BinVal : 7 11 0.75641 0.0486028 0.0486028
BinVal : 7 12 0.932886 0.0204988 0.0204988
BinVal : 7 13 0.928144 0.019984 0.019984
BinVal : 7 14 0.871795 0.0267669 0.0267669
BinVal : 7 15 0.958824 0.0152395 0.0152395
BinVal : 7 16 0.904192 0.0227758 0.0227758
BinVal : 7 17 0.963235 0.0161366 0.0161366
BinVal : 7 18 0.792308 0.0355783 0.0355783
BinVal : 7 19 0.869565 0.031405 0.031405
BinVal : 7 20 0.779817 0.0396895 0.0396895
BinVal : 7 21 0.97479 0.0143704 0.0143704
BinVal : 7 22 0.984375 0.0109619 0.0109619
BinVal : 7 23 0.948052 0.0252904 0.0252904
BinVal : 7 24 0.952381 0.0328603 0.0328603
BinVal : 7 25 0 0 0
BinVal : 7 26 0 0 0
BinVal : 7 27 0 0 0
BinVal : 7 28 0 0 0
BinVal : 7 29 0 0 0
BinVal : 8 0 0 0 0
BinVal : 8 1 0 0 0
BinVal : 8 2 0 0 0
BinVal : 8 3 0 0 0
BinVal : 8 4 1 0.159077 0.159077
BinVal : 8 5 0.944444 0.0381769 0.0381769
BinVal : 8 6 0.932432 0.0291784 0.0291784
BinVal : 8 7 0.989474 0.0104708 0.0104708
BinVal : 8 8 0.984733 0.0107128 0.0107128
BinVal : 8 9 0.734848 0.0384201 0.0384201
BinVal : 8 10 0.846154 0.0316444 0.0316444
BinVal : 8 11 0.869919 0.0303315 0.0303315
BinVal : 8 12 0.92638 0.0204549 0.0204549
BinVal : 8 13 0.926108 0.0183603 0.0183603
BinVal : 8 14 0.903614 0.0229057 0.0229057
BinVal : 8 15 0.960784 0.0135903 0.0135903
BinVal : 8 16 0.944751 0.0169817 0.0169817
BinVal : 8 17 0.964539 0.0155749 0.0155749
BinVal : 8 18 0.685714 0.0453043 0.0453043
BinVal : 8 19 0.816176 0.0332141 0.0332141
BinVal : 8 20 0.766423 0.0361484 0.0361484
BinVal : 8 21 0.89313 0.0269929 0.0269929
BinVal : 8 22 0.974138 0.0147371 0.0147371
BinVal : 8 23 0.913043 0.0339213 0.0339213
BinVal : 8 24 0.956522 0.030068 0.030068
BinVal : 8 25 0 0 0
BinVal : 8 26 0 0 0
BinVal : 8 27 0 0 0
BinVal : 8 28 0 0 0
BinVal : 8 29 0 0 0
BinVal : 9 0 0 0 0
BinVal : 9 1 0 0 0
BinVal : 9 2 0 0 0
BinVal : 9 3 0 0 0
BinVal : 9 4 0 0 0
BinVal : 9 5 1 0.0157046 0.0157046
BinVal : 9 6 0.971429 0.0199123 0.0199123
BinVal : 9 7 0.955556 0.0177366 0.0177366
BinVal : 9 8 0.948148 0.0190833 0.0190833
BinVal : 9 9 0.886179 0.0286365 0.0286365
BinVal : 9 10 0.818182 0.0350631 0.0350631
BinVal : 9 11 0.87069 0.0311544 0.0311544
BinVal : 9 12 0.912752 0.0231186 0.0231186
BinVal : 9 13 0.727273 0.0387638 0.0387638
BinVal : 9 14 0.901554 0.0214445 0.0214445
BinVal : 9 15 0.954545 0.0157011 0.0157011
BinVal : 9 16 0.940397 0.0192664 0.0192664
BinVal : 9 17 0.794872 0.0323295 0.0323295
BinVal : 9 18 0.813084 0.0376876 0.0376876
BinVal : 9 19 0.864078 0.0337678 0.0337678
BinVal : 9 20 0.90625 0.0230436 0.0230436
BinVal : 9 21 0.943089 0.0208891 0.0208891
BinVal : 9 22 0.933884 0.0225895 0.0225895
BinVal : 9 23 0.936508 0.0307217 0.0307217
BinVal : 9 24 0.928571 0.0486704 0.0486704
BinVal : 9 25 0 0 0
BinVal : 9 26 0 0 0
BinVal : 9 27 0 0 0
BinVal : 9 28 0 0 0
BinVal : 9 29 0 0 0
BinVal : 10 0 0 0 0
BinVal : 10 1 0 0 0
BinVal : 10 2 0 0 0
BinVal : 10 3 0 0 0
BinVal : 10 4 0 0 0
BinVal : 10 5 0.869565 0.0702237 0.0702237
BinVal : 10 6 0.949153 0.0286007 0.0286007
BinVal : 10 7 0.867347 0.0342643 0.0342643
BinVal : 10 8 0.960396 0.0194059 0.0194059
BinVal : 10 9 0.790698 0.062038 0.062038
BinVal : 10 10 0.782609 0.0608155 0.0608155
BinVal : 10 11 0.789474 0.0935288 0.0935288
BinVal : 10 12 0.913462 0.0275698 0.0275698
BinVal : 10 13 0.92562 0.0238535 0.0238535
BinVal : 10 14 0.953333 0.0172219 0.0172219
BinVal : 10 15 0.931507 0.0209045 0.0209045
BinVal : 10 16 0.915254 0.0256383 0.0256383
BinVal : 10 17 0.853933 0.0374363 0.0374363
BinVal : 10 18 0.666667 0.096225 0.096225
BinVal : 10 19 0.784314 0.0575932 0.0575932
BinVal : 10 20 0.875 0.0522913 0.0522913
BinVal : 10 21 0.917293 0.0238835 0.0238835
BinVal : 10 22 0.893204 0.0304323 0.0304323
BinVal : 10 23 0.910714 0.0381055 0.0381055
BinVal : 10 24 0.935484 0.0441237 0.0441237
BinVal : 10 25 0 0 0
BinVal : 10 26 0 0 0
BinVal : 10 27 0 0 0
BinVal : 10 28 0 0 0
BinVal : 10 29 0 0 0
BinVal : 11 0 0 0 0
BinVal : 11 1 0 0 0
BinVal : 11 2 0 0 0
BinVal : 11 3 0 0 0
BinVal : 11 4 0.75 0.216506 0.216506
BinVal : 11 5 0.94 0.0335857 0.0335857
BinVal : 11 6 0.985915 0.013985 0.013985
BinVal : 11 7 0.980952 0.0133398 0.0133398
BinVal : 11 8 0.97 0.0170587 0.0170587
BinVal : 11 9 0.5 0.353553 0.353553
BinVal : 11 10 0 0 0
BinVal : 11 11 0 0 0
BinVal : 11 12 1 0.218486 0.218486
BinVal : 11 13 0 0 0
BinVal : 11 14 0 0 0
BinVal : 11 15 0 0 0
BinVal : 11 16 0 0 0
BinVal : 11 17 0 0 0
BinVal : 11 18 0 0 0
BinVal : 11 19 0 0 0
BinVal : 11 20 0 0 0
BinVal : 11 21 0.93578 0.0234806 0.0234806
BinVal : 11 22 0.929293 0.0257626 0.0257626
BinVal : 11 23 0.954545 0.0314022 0.0314022
BinVal : 11 24 0.883721 0.0488848 0.0488848
BinVal : 11 25 1 0.0871301 0.0871301
BinVal : 11 26 0 0 0
BinVal : 11 27 0 0 0
BinVal : 11 28 0 0 0
BinVal : 11 29 0 0 0
BinVal : 12 0 0 0 0
BinVal : 12 1 0 0 0
BinVal : 12 2 0 0 0
BinVal : 12 3 0 0 0
BinVal : 12 4 1 0.0756803 0.0756803
BinVal : 12 5 0.949153 0.0286007 0.0286007
BinVal : 12 6 0.862069 0.0369694 0.0369694
BinVal : 12 7 0.888889 0.0315853 0.0315853
BinVal : 12 8 0.864198 0.0380643 0.0380643
BinVal : 12 9 0 0 0
BinVal : 12 10 0 0 0
BinVal : 12 11 0 0 0
BinVal : 12 12 0 0 0
BinVal : 12 13 0 0 0
BinVal : 12 14 0 0 0
BinVal : 12 15 0 0 0
BinVal : 12 16 0 0 0
BinVal : 12 17 0 0 0
BinVal : 12 18 0 0 0
BinVal : 12 19 0 0 0
BinVal : 12 20 0 0 0
BinVal : 12 21 0.872093 0.0360147 0.0360147
BinVal : 12 22 0.958333 0.0182416 0.0182416
BinVal : 12 23 0.965116 0.0197857 0.0197857
BinVal : 12 24 0.960784 0.0271805 0.0271805
BinVal : 12 25 1 0.0756803 0.0756803
BinVal : 12 26 0 0 0
BinVal : 12 27 0 0 0
BinVal : 12 28 0 0 0
BinVal : 12 29 0 0 0
BinVal : 13 0 0 0 0
BinVal : 13 1 0 0 0
BinVal : 13 2 0 0 0
BinVal : 13 3 0 0 0
BinVal : 13 4 1 0.218486 0.218486
BinVal : 13 5 0.886364 0.0478452 0.0478452
BinVal : 13 6 0.896104 0.0347723 0.0347723
BinVal : 13 7 0.807692 0.038646 0.038646
BinVal : 13 8 0.948148 0.0190833 0.0190833
BinVal : 13 9 0.914286 0.0473188 0.0473188
BinVal : 13 10 0.705882 0.0638031 0.0638031
BinVal : 13 11 0.631579 0.110665 0.110665
BinVal : 13 12 0.762712 0.0391631 0.0391631
BinVal : 13 13 0.882812 0.0284295 0.0284295
BinVal : 13 14 0.967532 0.0142823 0.0142823
BinVal : 13 15 0.916129 0.0222648 0.0222648
BinVal : 13 16 0.903226 0.0237472 0.0237472
BinVal : 13 17 0.778846 0.0406964 0.0406964
BinVal : 13 18 0.833333 0.107583 0.107583
BinVal : 13 19 0.77193 0.0555758 0.0555758
BinVal : 13 20 0.90566 0.0401506 0.0401506
BinVal : 13 21 0.937984 0.021235 0.021235
BinVal : 13 22 0.918605 0.0294859 0.0294859
BinVal : 13 23 0.96875 0.0217491 0.0217491
BinVal : 13 24 0.933333 0.045542 0.045542
BinVal : 13 25 1 0.218486 0.218486
BinVal : 13 26 0 0 0
BinVal : 13 27 0 0 0
BinVal : 13 28 0 0 0
BinVal : 13 29 0 0 0
BinVal : 14 0 0 0 0
BinVal : 14 1 0 0 0
BinVal : 14 2 0 0 0
BinVal : 14 3 0 0 0
BinVal : 14 4 0 0 0
BinVal : 14 5 0.909091 0.0612909 0.0612909
BinVal : 14 6 0.966667 0.0231741 0.0231741
BinVal : 14 7 0.885057 0.0341953 0.0341953
BinVal : 14 8 0.989691 0.010256 0.010256
BinVal : 14 9 0.94958 0.0200583 0.0200583
BinVal : 14 10 0.87234 0.0344196 0.0344196
BinVal : 14 11 0.854545 0.0336151 0.0336151
BinVal : 14 12 0.816794 0.033798 0.033798
BinVal : 14 13 0.895161 0.0275106 0.0275106
BinVal : 14 14 0.93956 0.0176639 0.0176639
BinVal : 14 15 0.803797 0.0315935 0.0315935
BinVal : 14 16 0.85 0.0357071 0.0357071
BinVal : 14 17 0.907143 0.0245291 0.0245291
BinVal : 14 18 0.816514 0.0370741 0.0370741
BinVal : 14 19 0.825243 0.0374188 0.0374188
BinVal : 14 20 0.96063 0.0172568 0.0172568
BinVal : 14 21 0.928571 0.0229434 0.0229434
BinVal : 14 22 0.959596 0.0197897 0.0197897
BinVal : 14 23 0.915663 0.0305027 0.0305027
BinVal : 14 24 0.90625 0.051527 0.051527
BinVal : 14 25 1 0.218486 0.218486
BinVal : 14 26 0 0 0
BinVal : 14 27 0 0 0
BinVal : 14 28 0 0 0
BinVal : 14 29 0 0 0
BinVal : 15 0 0 0 0
BinVal : 15 1 0 0 0
BinVal : 15 2 0 0 0
BinVal : 15 3 0 0 0
BinVal : 15 4 1 0.102643 0.102643
BinVal : 15 5 0.981132 0.0186891 0.0186891
BinVal : 15 6 0.977012 0.0160674 0.0160674
BinVal : 15 7 0.972973 0.0153918 0.0153918
BinVal : 15 8 0.95302 0.0173346 0.0173346
BinVal : 15 9 0.691057 0.0416623 0.0416623
BinVal : 15 10 0.901639 0.0269617 0.0269617
BinVal : 15 11 0.888889 0.0279974 0.0279974
BinVal : 15 12 0.945736 0.0199455 0.0199455
BinVal : 15 13 0.951219 0.0168206 0.0168206
BinVal : 15 14 0.971264 0.012665 0.012665
BinVal : 15 15 0.989362 0.00748229 0.00748229
BinVal : 15 16 0.895833 0.0254564 0.0254564
BinVal : 15 17 0.940741 0.0203211 0.0203211
BinVal : 15 18 0.839623 0.0356419 0.0356419
BinVal : 15 19 0.842105 0.0341519 0.0341519
BinVal : 15 20 0.701613 0.0410892 0.0410892
BinVal : 15 21 0.952 0.0191198 0.0191198
BinVal : 15 22 0.928571 0.0243352 0.0243352
BinVal : 15 23 0.929293 0.0257626 0.0257626
BinVal : 15 24 0.854545 0.047539 0.047539
BinVal : 15 25 1 0.218486 0.218486
BinVal : 15 26 0 0 0
BinVal : 15 27 0 0 0
BinVal : 15 28 0 0 0
BinVal : 15 29 0 0 0


Comments : includes prescale inefficiency, cosmic veto applied 
EffMethod : TagAndProbe 
EffName : eff 
EffType : Binned 
EffVarNames : phi deteta 
EffVersion : 3 
ObjQuality : MuFromMuJetsOR 
ObjRelativeTo : tight_tracktight_iso_NPLoose 
ObjType : Muon 
ObjVersion : 1 
RunRangeHigh : -1 
RunRangeLow : -1 
TriggerVersionHigh : 15.99 
TriggerVersionLow : 15.9 
BinEdgesX : 0 0.3927 0.7854 1.1781 1.5708 1.9635 2.3562 2.7489 3.1416 3.5343 3.927 4.3197 4.7124 5.1051 5.4978 5.8905 6.2832 
BinEdgesY : -3 -2.8 -2.6 -2.4 -2.2 -2 -1.8 -1.6 -1.4 -1.2 -1 -0.8 -0.6 -0.4 -0.2 0 0.2 0.4 0.6 0.8 1 1.2 1.4 1.6 1.8 2 2.2 2.4 2.6 2.8 3 
BinVal : 0 0 0 0 0
BinVal : 0 1 0 0 0
BinVal : 0 2 0 0 0
BinVal : 0 3 0 0 0
BinVal : 0 4 1 0.218486 0.218486
BinVal : 0 5 0.972973 0.0266593 0.0266593
BinVal : 0 6 0.98 0.019799 0.019799
BinVal : 0 7 0.973333 0.0186031 0.0186031
BinVal : 0 8 1 0.00695658 0.00695658
BinVal : 0 9 0.780488 0.0457094 0.0457094
BinVal : 0 10 0.662162 0.054982 0.054982
BinVal : 0 11 0.6 0.0531369 0.0531369
BinVal : 0 12 0.75 0.0433013 0.0433013
BinVal : 0 13 0.763158 0.0398184 0.0398184
BinVal : 0 14 0.737864 0.0433344 0.0433344
BinVal : 0 15 0.73 0.0443959 0.0443959
BinVal : 0 16 0.804348 0.041359 0.041359
BinVal : 0 17 0.64557 0.0538175 0.0538175
BinVal : 0 18 0.723684 0.0512945 0.0512945
BinVal : 0 19 0.766667 0.0546029 0.0546029
BinVal : 0 20 0.753247 0.0491309 0.0491309
BinVal : 0 21 0.986842 0.013071 0.013071
BinVal : 0 22 0.967742 0.022439 0.022439
BinVal : 0 23 0.959184 0.0282664 0.0282664
BinVal : 0 24 1 0.0181909 0.0181909
BinVal : 0 25 1 0.159077 0.159077
BinVal : 0 26 0 0 0
BinVal : 0 27 0 0 0
BinVal : 0 28 0 0 0
BinVal : 0 29 0 0 0
BinVal : 1 0 0 0 0
BinVal : 1 1 0 0 0
BinVal : 1 2 0 0 0
BinVal : 1 3 0 0 0
BinVal : 1 4 0 0 0
BinVal : 1 5 1 0.039392 0.039392
BinVal : 1 6 0.951219 0.0336412 0.0336412
BinVal : 1 7 0.979167 0.0206152 0.0206152
BinVal : 1 8 0.982143 0.017697 0.017697
BinVal : 1 9 0.985075 0.0148136 0.0148136
BinVal : 1 10 0.730769 0.0615107 0.0615107
BinVal : 1 11 0.857143 0.046761 0.046761
BinVal : 1 12 0.821429 0.0511796 0.0511796
BinVal : 1 13 0.754717 0.0591001 0.0591001
BinVal : 1 14 0.823529 0.0413491 0.0413491
BinVal : 1 15 0.826667 0.0437095 0.0437095
BinVal : 1 16 0.822581 0.048517 0.048517
BinVal : 1 17 0.786667 0.0473036 0.0473036
BinVal : 1 18 0.775862 0.0547565 0.0547565
BinVal : 1 19 0.787234 0.0596972 0.0596972
BinVal : 1 20 0.924242 0.0325712 0.0325712
BinVal : 1 21 0.978723 0.021049 0.021049
BinVal : 1 22 0.977273 0.0224675 0.0224675
BinVal : 1 23 0.9 0.0547723 0.0547723
BinVal : 1 24 1 0.0233703 0.0233703
BinVal : 1 25 0 0 0
BinVal : 1 26 0 0 0
BinVal : 1 27 0 0 0
BinVal : 1 28 0 0 0
BinVal : 1 29 0 0 0
BinVal : 2 0 0 0 0
BinVal : 2 1 0 0 0
BinVal : 2 2 0 0 0
BinVal : 2 3 0 0 0
BinVal : 2 4 0 0 0
BinVal : 2 5 1 0.0495858 0.0495858
BinVal : 2 6 0.941176 0.0570672 0.0570672
BinVal : 2 7 0.904762 0.0640564 0.0640564
BinVal : 2 8 0.964286 0.0350707 0.0350707
BinVal : 2 9 0.9375 0.0427908 0.0427908
BinVal : 2 10 0.869565 0.0702237 0.0702237
BinVal : 2 11 0.921053 0.0437441 0.0437441
BinVal : 2 12 0.964286 0.0350707 0.0350707
BinVal : 2 13 0.793103 0.0752216 0.0752216
BinVal : 2 14 1 0.0152869 0.0152869
BinVal : 2 15 0.923077 0.0426692 0.0426692
BinVal : 2 16 0.918919 0.0448743 0.0448743
BinVal : 2 17 0.903226 0.0531003 0.0531003
BinVal : 2 18 0.885714 0.0537785 0.0537785
BinVal : 2 19 0.888889 0.0604812 0.0604812
BinVal : 2 20 0.933333 0.045542 0.045542
BinVal : 2 21 0.862069 0.0640329 0.0640329
BinVal : 2 22 0.846154 0.0707589 0.0707589
BinVal : 2 23 0.923077 0.0739053 0.0739053
BinVal : 2 24 0.75 0.216506 0.216506
BinVal : 2 25 0 0 0
BinVal : 2 26 0 0 0
BinVal : 2 27 0 0 0
BinVal : 2 28 0 0 0
BinVal : 2 29 0 0 0
BinVal : 3 0 0 0 0
BinVal : 3 1 0 0 0
BinVal : 3 2 0 0 0
BinVal : 3 3 0 0 0
BinVal : 3 4 0 0 0
BinVal : 3 5 1 0.124824 0.124824
BinVal : 3 6 0.75 0.216506 0.216506
BinVal : 3 7 1 0.0326734 0.0326734
BinVal : 3 8 1 0.039392 0.039392
BinVal : 3 9 0.6875 0.115878 0.115878
BinVal : 3 10 1 0.0756803 0.0756803
BinVal : 3 11 1 0.0456491 0.0456491
BinVal : 3 12 1 0.0542655 0.0542655
BinVal : 3 13 0.8 0.126491 0.126491
BinVal : 3 14 0.944444 0.0539903 0.0539903
BinVal : 3 15 1 0.039392 0.039392
BinVal : 3 16 0.888889 0.104757 0.104757
BinVal : 3 17 1 0.0309157 0.0309157
BinVal : 3 18 1 0.0542655 0.0542655
BinVal : 3 19 0.7 0.144914 0.144914
BinVal : 3 20 0.75 0.153093 0.153093
BinVal : 3 21 0.875 0.0826797 0.0826797
BinVal : 3 22 1 0.0368657 0.0368657
BinVal : 3 23 1 0.0668855 0.0668855
BinVal : 3 24 1 0.0495858 0.0495858
BinVal : 3 25 0 0 0
BinVal : 3 26 0 0 0
BinVal : 3 27 0 0 0
BinVal : 3 28 0 0 0
BinVal : 3 29 0 0 0
BinVal : 4 0 0 0 0
BinVal : 4 1 0 0 0
BinVal : 4 2 0 0 0
BinVal : 4 3 0 0 0
BinVal : 4 4 0 0 0
BinVal : 4 5 0.666667 0.272166 0.272166
BinVal : 4 6 1 0.159077 0.159077
BinVal : 4 7 1 0.0756803 0.0756803
BinVal : 4 8 0.916667 0.0797856 0.0797856
BinVal : 4 9 1 0.0422902 0.0422902
BinVal : 4 10 1 0.0871301 0.0871301
BinVal : 4 11 1 0.0756803 0.0756803
BinVal : 4 12 1 0.0871301 0.0871301
BinVal : 4 13 0.909091 0.0612909 0.0612909
BinVal : 4 14 1 0.0456491 0.0456491
BinVal : 4 15 0.928571 0.0688303 0.0688303
BinVal : 4 16 1 0.0756803 0.0756803
BinVal : 4 17 1 0.0542655 0.0542655
BinVal : 4 18 0.75 0.153093 0.153093
BinVal : 4 19 0.833333 0.152145 0.152145
BinVal : 4 20 0.888889 0.104757 0.104757
BinVal : 4 21 1 0.124824 0.124824
BinVal : 4 22 0.909091 0.0866784 0.0866784
BinVal : 4 23 0.857143 0.13226 0.13226
BinVal : 4 24 1 0.159077 0.159077
BinVal : 4 25 0 0 0
BinVal : 4 26 0 0 0
BinVal : 4 27 0 0 0
BinVal : 4 28 0 0 0
BinVal : 4 29 0 0 0
BinVal : 5 0 0 0 0
BinVal : 5 1 0 0 0
BinVal : 5 2 0 0 0
BinVal : 5 3 0 0 0
BinVal : 5 4 0 0 0
BinVal : 5 5 1 0.0756803 0.0756803
BinVal : 5 6 0.833333 0.107583 0.107583
BinVal : 5 7 1 0.0293374 0.0293374
BinVal : 5 8 0.944444 0.0539903 0.0539903
BinVal : 5 9 0.913043 0.0587534 0.0587534
BinVal : 5 10 0.833333 0.087841 0.087841
BinVal : 5 11 0.944444 0.0539903 0.0539903
BinVal : 5 12 1 0.017632 0.017632
BinVal : 5 13 0.928571 0.0486704 0.0486704
BinVal : 5 14 1 0.0201001 0.0201001
BinVal : 5 15 1 0.0148902 0.0148902
BinVal : 5 16 0.956522 0.0425226 0.0425226
BinVal : 5 17 1 0.0326734 0.0326734
BinVal : 5 18 0.774194 0.0750952 0.0750952
BinVal : 5 19 0.75 0.108253 0.108253
BinVal : 5 20 1 0.0233703 0.0233703
BinVal : 5 21 1 0.0542655 0.0542655
BinVal : 5 22 1 0.0326734 0.0326734
BinVal : 5 23 0.777778 0.13858 0.13858
BinVal : 5 24 1 0.159077 0.159077
BinVal : 5 25 0 0 0
BinVal : 5 26 0 0 0
BinVal : 5 27 0 0 0
BinVal : 5 28 0 0 0
BinVal : 5 29 0 0 0
BinVal : 6 0 0 0 0
BinVal : 6 1 0 0 0
BinVal : 6 2 0 0 0
BinVal : 6 3 0 0 0
BinVal : 6 4 0 0 0
BinVal : 6 5 0.894737 0.0704059 0.0704059
BinVal : 6 6 0.969697 0.0298404 0.0298404
BinVal : 6 7 0.960784 0.0271805 0.0271805
BinVal : 6 8 1 0.0113578 0.0113578
BinVal : 6 9 0.941176 0.0285336 0.0285336
BinVal : 6 10 0.780488 0.0646428 0.0646428
BinVal : 6 11 0.915254 0.036258 0.036258
BinVal : 6 12 0.88 0.0459565 0.0459565
BinVal : 6 13 0.953125 0.0264214 0.0264214
BinVal : 6 14 0.865672 0.0416604 0.0416604
BinVal : 6 15 0.981818 0.0180158 0.0180158
BinVal : 6 16 0.963636 0.0252411 0.0252411
BinVal : 6 17 1 0.0105252 0.0105252
BinVal : 6 18 0.869565 0.0405437 0.0405437
BinVal : 6 19 0.767442 0.064425 0.064425
BinVal : 6 20 0.964286 0.0247988 0.0247988
BinVal : 6 21 0.891304 0.0458923 0.0458923
BinVal : 6 22 1 0.0128865 0.0128865
BinVal : 6 23 0.84 0.0733212 0.0733212
BinVal : 6 24 1 0.0599198 0.0599198
BinVal : 6 25 0 0 0
BinVal : 6 26 0 0 0
BinVal : 6 27 0 0 0
BinVal : 6 28 0 0 0
BinVal : 6 29 0 0 0
BinVal : 7 0 0 0 0
BinVal : 7 1 0 0 0
BinVal : 7 2 0 0 0
BinVal : 7 3 0 0 0
BinVal : 7 4 0 0 0
BinVal : 7 5 0.962963 0.0363447 0.0363447
BinVal : 7 6 1 0.0123324 0.0123324
BinVal : 7 7 0.983607 0.0162585 0.0162585
BinVal : 7 8 0.970588 0.0204891 0.0204891
BinVal : 7 9 0.754098 0.0551353 0.0551353
BinVal : 7 10 0.865672 0.0416604 0.0416604
BinVal : 7 11 0.793651 0.0509854 0.0509854
BinVal : 7 12 0.912281 0.0374692 0.0374692
BinVal : 7 13 0.975309 0.0172425 0.0172425
BinVal : 7 14 0.92437 0.024238 0.024238
BinVal : 7 15 0.971154 0.0164124 0.0164124
BinVal : 7 16 0.895349 0.033008 0.033008
BinVal : 7 17 0.984848 0.0150363 0.0150363
BinVal : 7 18 0.909091 0.0387638 0.0387638
BinVal : 7 19 0.932203 0.032729 0.032729
BinVal : 7 20 0.75 0.0484123 0.0484123
BinVal : 7 21 0.972603 0.0191056 0.0191056
BinVal : 7 22 0.964286 0.0247988 0.0247988
BinVal : 7 23 0.914286 0.0473188 0.0473188
BinVal : 7 24 1 0.0216126 0.0216126
BinVal : 7 25 1 0.218486 0.218486
BinVal : 7 26 0 0 0
BinVal : 7 27 0 0 0
BinVal : 7 28 0 0 0
BinVal : 7 29 0 0 0
BinVal : 8 0 0 0 0
BinVal : 8 1 0 0 0
BinVal : 8 2 0 0 0
BinVal : 8 3 0 0 0
BinVal : 8 4 0 0 0
BinVal : 8 5 1 0.0243611 0.0243611
BinVal : 8 6 1 0.0111375 0.0111375
BinVal : 8 7 0.964912 0.0243716 0.0243716
BinVal : 8 8 1 0.00862837 0.00862837
BinVal : 8 9 0.807692 0.0546537 0.0546537
BinVal : 8 10 0.957447 0.0294425 0.0294425
BinVal : 8 11 0.9375 0.0302577 0.0302577
BinVal : 8 12 0.836066 0.0474013 0.0474013
BinVal : 8 13 0.932432 0.0291784 0.0291784
BinVal : 8 14 0.854167 0.0360217 0.0360217
BinVal : 8 15 0.938144 0.024459 0.024459
BinVal : 8 16 0.914634 0.0308574 0.0308574
BinVal : 8 17 0.90625 0.0364351 0.0364351
BinVal : 8 18 0.935897 0.0277335 0.0277335
BinVal : 8 19 0.907407 0.039445 0.039445
BinVal : 8 20 0.765625 0.0529509 0.0529509
BinVal : 8 21 0.901408 0.0353795 0.0353795
BinVal : 8 22 0.927273 0.0350164 0.0350164
BinVal : 8 23 0.979592 0.0201988 0.0201988
BinVal : 8 24 1 0.0254407 0.0254407
BinVal : 8 25 0 0 0
BinVal : 8 26 0 0 0
BinVal : 8 27 0 0 0
BinVal : 8 28 0 0 0
BinVal : 8 29 0 0 0
BinVal : 9 0 0 0 0
BinVal : 9 1 0 0 0
BinVal : 9 2 0 0 0
BinVal : 9 3 0 0 0
BinVal : 9 4 0 0 0
BinVal : 9 5 1 0.0599198 0.0599198
BinVal : 9 6 1 0.017632 0.017632
BinVal : 9 7 0.944444 0.0311713 0.0311713
BinVal : 9 8 0.956522 0.030068 0.030068
BinVal : 9 9 0.934426 0.0316937 0.0316937
BinVal : 9 10 0.78125 0.0730792 0.0730792
BinVal : 9 11 0.83871 0.0660586 0.0660586
BinVal : 9 12 0.949153 0.0286007 0.0286007
BinVal : 9 13 0.607843 0.0683661 0.0683661
BinVal : 9 14 0.923077 0.0330515 0.0330515
BinVal : 9 15 0.971429 0.0199123 0.0199123
BinVal : 9 16 0.878049 0.0511047 0.0511047
BinVal : 9 17 0.88 0.0459565 0.0459565
BinVal : 9 18 0.770833 0.0606646 0.0606646
BinVal : 9 19 0.764706 0.0727467 0.0727467
BinVal : 9 20 0.964912 0.0243716 0.0243716
BinVal : 9 21 0.931818 0.0379991 0.0379991
BinVal : 9 22 0.958333 0.0288424 0.0288424
BinVal : 9 23 1 0.0279117 0.0279117
BinVal : 9 24 0.833333 0.152145 0.152145
BinVal : 9 25 0 0 0
BinVal : 9 26 0 0 0
BinVal : 9 27 0 0 0
BinVal : 9 28 0 0 0
BinVal : 9 29 0 0 0
BinVal : 10 0 0 0 0
BinVal : 10 1 0 0 0
BinVal : 10 2 0 0 0
BinVal : 10 3 0 0 0
BinVal : 10 4 0 0 0
BinVal : 10 5 1 0.0871301 0.0871301
BinVal : 10 6 1 0.0309157 0.0309157
BinVal : 10 7 0.965517 0.033883 0.033883
BinVal : 10 8 0.952381 0.0328603 0.0328603
BinVal : 10 9 1 0.0368657 0.0368657
BinVal : 10 10 0.588235 0.119365 0.119365
BinVal : 10 11 0 0 0
BinVal : 10 12 0.807692 0.077292 0.077292
BinVal : 10 13 0.951219 0.0336412 0.0336412
BinVal : 10 14 0.923077 0.0369527 0.0369527
BinVal : 10 15 0.942308 0.0323336 0.0323336
BinVal : 10 16 0.875 0.0584634 0.0584634
BinVal : 10 17 0.842105 0.0836547 0.0836547
BinVal : 10 18 0.75 0.153093 0.153093
BinVal : 10 19 0.736842 0.101023 0.101023
BinVal : 10 20 0.894737 0.0704059 0.0704059
BinVal : 10 21 1 0.0128865 0.0128865
BinVal : 10 22 0.925926 0.050401 0.050401
BinVal : 10 23 1 0.0194201 0.0194201
BinVal : 10 24 0.923077 0.0739053 0.0739053
BinVal : 10 25 0 0 0
BinVal : 10 26 0 0 0
BinVal : 10 27 0 0 0
BinVal : 10 28 0 0 0
BinVal : 10 29 0 0 0
BinVal : 11 0 0 0 0
BinVal : 11 1 0 0 0
BinVal : 11 2 0 0 0
BinVal : 11 3 0 0 0
BinVal : 11 4 1 0.218486 0.218486
BinVal : 11 5 0.888889 0.104757 0.104757
BinVal : 11 6 1 0.0542655 0.0542655
BinVal : 11 7 1 0.0138164 0.0138164
BinVal : 11 8 1 0.0293374 0.0293374
BinVal : 11 9 0 0 0
BinVal : 11 10 0 0 0
BinVal : 11 11 0 0 0
BinVal : 11 12 0 0 0
BinVal : 11 13 0 0 0
BinVal : 11 14 0 0 0
BinVal : 11 15 0 0 0
BinVal : 11 16 0 0 0
BinVal : 11 17 0 0 0
BinVal : 11 18 0 0 0
BinVal : 11 19 0 0 0
BinVal : 11 20 0 0 0
BinVal : 11 21 1 0.0224566 0.0224566
BinVal : 11 22 0.962963 0.0363447 0.0363447
BinVal : 11 23 0.909091 0.0866784 0.0866784
BinVal : 11 24 1 0.0542655 0.0542655
BinVal : 11 25 1 0.218486 0.218486
BinVal : 11 26 0 0 0
BinVal : 11 27 0 0 0
BinVal : 11 28 0 0 0
BinVal : 11 29 0 0 0
BinVal : 12 0 0 0 0
BinVal : 12 1 0 0 0
BinVal : 12 2 0 0 0
BinVal : 12 3 0 0 0
BinVal : 12 4 0 0 0
BinVal : 12 5 0.923077 0.0739053 0.0739053
BinVal : 12 6 1 0.0326734 0.0326734
BinVal : 12 7 1 0.0422902 0.0422902
BinVal : 12 8 0.941176 0.0570672 0.0570672
BinVal : 12 9 0 0 0
BinVal : 12 10 0 0 0
BinVal : 12 11 0 0 0
BinVal : 12 12 0 0 0
BinVal : 12 13 0 0 0
BinVal : 12 14 0 0 0
BinVal : 12 15 0 0 0
BinVal : 12 16 0 0 0
BinVal : 12 17 0 0 0
BinVal : 12 18 0 0 0
BinVal : 12 19 0 0 0
BinVal : 12 20 0 0 0
BinVal : 12 21 0.823529 0.0924594 0.0924594
BinVal : 12 22 0.888889 0.0604812 0.0604812
BinVal : 12 23 0.928571 0.0688303 0.0688303
BinVal : 12 24 1 0.0599198 0.0599198
BinVal : 12 25 1 0.218486 0.218486
BinVal : 12 26 0 0 0
BinVal : 12 27 0 0 0
BinVal : 12 28 0 0 0
BinVal : 12 29 0 0 0
BinVal : 13 0 0 0 0
BinVal : 13 1 0 0 0
BinVal : 13 2 0 0 0
BinVal : 13 3 0 0 0
BinVal : 13 4 0 0 0
BinVal : 13 5 1 0.0756803 0.0756803
BinVal : 13 6 0.944444 0.0539903 0.0539903
BinVal : 13 7 0.911765 0.0486433 0.0486433
BinVal : 13 8 0.933333 0.045542 0.045542
BinVal : 13 9 1 0.0668855 0.0668855
BinVal : 13 10 0.933333 0.0644061 0.0644061
BinVal : 13 11 1 0.102643 0.102643
BinVal : 13 12 0.75 0.108253 0.108253
BinVal : 13 13 0.914286 0.0473188 0.0473188
BinVal : 13 14 0.9375 0.0427908 0.0427908
BinVal : 13 15 0.933333 0.045542 0.045542
BinVal : 13 16 0.961538 0.0377146 0.0377146
BinVal : 13 17 0.736842 0.101023 0.101023
BinVal : 13 18 1 0.124824 0.124824
BinVal : 13 19 0.894737 0.0704059 0.0704059
BinVal : 13 20 1 0.0668855 0.0668855
BinVal : 13 21 0.911765 0.0486433 0.0486433
BinVal : 13 22 0.966667 0.0327731 0.0327731
BinVal : 13 23 1 0.0422902 0.0422902
BinVal : 13 24 0.75 0.216506 0.216506
BinVal : 13 25 0 0 0
BinVal : 13 26 0 0 0
BinVal : 13 27 0 0 0
BinVal : 13 28 0 0 0
BinVal : 13 29 0 0 0
BinVal : 14 0 0 0 0
BinVal : 14 1 0 0 0
BinVal : 14 2 0 0 0
BinVal : 14 3 0 0 0
BinVal : 14 4 0 0 0
BinVal : 14 5 1 0.0495858 0.0495858
BinVal : 14 6 0.894737 0.0497845 0.0497845
BinVal : 14 7 0.952381 0.0328603 0.0328603
BinVal : 14 8 0.88 0.0459565 0.0459565
BinVal : 14 9 0.913043 0.0415449 0.0415449
BinVal : 14 10 0.916667 0.0398928 0.0398928
BinVal : 14 11 0.886792 0.0435222 0.0435222
BinVal : 14 12 0.847826 0.0529596 0.0529596
BinVal : 14 13 0.923077 0.0369527 0.0369527
BinVal : 14 14 0.929577 0.0303647 0.0303647
BinVal : 14 15 0.885714 0.0380271 0.0380271
BinVal : 14 16 0.902439 0.0463399 0.0463399
BinVal : 14 17 0.928571 0.0397392 0.0397392
BinVal : 14 18 0.769231 0.067466 0.067466
BinVal : 14 19 0.780488 0.0646428 0.0646428
BinVal : 14 20 0.915254 0.036258 0.036258
BinVal : 14 21 0.959184 0.0282664 0.0282664
BinVal : 14 22 0.957447 0.0294425 0.0294425
BinVal : 14 23 0.882353 0.0552551 0.0552551
BinVal : 14 24 0.928571 0.0688303 0.0688303
BinVal : 14 25 0 0 0
BinVal : 14 26 0 0 0
BinVal : 14 27 0 0 0
BinVal : 14 28 0 0 0
BinVal : 14 29 0 0 0
BinVal : 15 0 0 0 0
BinVal : 15 1 0 0 0
BinVal : 15 2 0 0 0
BinVal : 15 3 0 0 0
BinVal : 15 4 0 0 0
BinVal : 15 5 1 0.0194201 0.0194201
BinVal : 15 6 0.913043 0.0415449 0.0415449
BinVal : 15 7 0.983051 0.0168049 0.0168049
BinVal : 15 8 0.953846 0.0260247 0.0260247
BinVal : 15 9 0.666667 0.0608581 0.0608581
BinVal : 15 10 0.920635 0.0340556 0.0340556
BinVal : 15 11 0.930233 0.0274709 0.0274709
BinVal : 15 12 0.951807 0.0235086 0.0235086
BinVal : 15 13 0.946237 0.0233885 0.0233885
BinVal : 15 14 1 0.00446749 0.00446749
BinVal : 15 15 0.961165 0.0190367 0.0190367
BinVal : 15 16 0.908046 0.0309799 0.0309799
BinVal : 15 17 1 0.00875998 0.00875998
BinVal : 15 18 0.864865 0.0397413 0.0397413
BinVal : 15 19 0.962264 0.026175 0.026175
BinVal : 15 20 0.716216 0.0524083 0.0524083
BinVal : 15 21 0.972973 0.018851 0.018851
BinVal : 15 22 0.966102 0.02356 0.02356
BinVal : 15 23 1 0.0145144 0.0145144
BinVal : 15 24 0.972222 0.0273893 0.0273893
BinVal : 15 25 1 0.159077 0.159077
BinVal : 15 26 0 0 0
BinVal : 15 27 0 0 0
BinVal : 15 28 0 0 0
BinVal : 15 29 0 0 0



Comments : includes prescale inefficiency, cosmic veto applied 
EffMethod : TagAndProbe 
EffName : eff 
EffType : Binned 
EffVarNames : phi deteta 
EffVersion : 3 
ObjQuality : MuFromMuJetsOR 
ObjRelativeTo : tight_tracktight_iso_NPLoose 
ObjType : Muon 
ObjVersion : 1 
RunRangeHigh : -1 
RunRangeLow : -1 
TriggerVersionHigh : 16.1 
TriggerVersionLow : 16 
BinEdgesX : 0 0.3927 0.7854 1.1781 1.5708 1.9635 2.3562 2.7489 3.1416 3.5343 3.927 4.3197 4.7124 5.1051 5.4978 5.8905 6.2832 
BinEdgesY : -3 -2.8 -2.6 -2.4 -2.2 -2 -1.8 -1.6 -1.4 -1.2 -1 -0.8 -0.6 -0.4 -0.2 0 0.2 0.4 0.6 0.8 1 1.2 1.4 1.6 1.8 2 2.2 2.4 2.6 2.8 3 
BinVal : 0 0 0 0 0
BinVal : 0 1 0 0 0
BinVal : 0 2 0 0 0
BinVal : 0 3 0 0 0
BinVal : 0 4 1 0.218486 0.218486
BinVal : 0 5 0.96 0.0277128 0.0277128
BinVal : 0 6 0.945652 0.0236354 0.0236354
BinVal : 0 7 0.982456 0.0122961 0.0122961
BinVal : 0 8 0.990476 0.00947835 0.00947835
BinVal : 0 9 0.954955 0.0196858 0.0196858
BinVal : 0 10 0.841667 0.0333247 0.0333247
BinVal : 0 11 0.832 0.0334396 0.0334396
BinVal : 0 12 0.827586 0.0350722 0.0350722
BinVal : 0 13 0.739645 0.033756 0.033756
BinVal : 0 14 0.740741 0.0344305 0.0344305
BinVal : 0 15 0.80814 0.0300242 0.0300242
BinVal : 0 16 0.741007 0.0371576 0.0371576
BinVal : 0 17 0.8 0.0381385 0.0381385
BinVal : 0 18 0.865385 0.0334684 0.0334684
BinVal : 0 19 0.858696 0.0363165 0.0363165
BinVal : 0 20 0.941667 0.0213952 0.0213952
BinVal : 0 21 0.982456 0.0122961 0.0122961
BinVal : 0 22 1 0.00627279 0.00627279
BinVal : 0 23 0.985075 0.0148136 0.0148136
BinVal : 0 24 0.983333 0.0165272 0.0165272
BinVal : 0 25 1 0.124824 0.124824
BinVal : 0 26 0 0 0
BinVal : 0 27 0 0 0
BinVal : 0 28 0 0 0
BinVal : 0 29 0 0 0
BinVal : 1 0 0 0 0
BinVal : 1 1 0 0 0
BinVal : 1 2 0 0 0
BinVal : 1 3 0 0 0
BinVal : 1 4 0 0 0
BinVal : 1 5 0.972222 0.0273893 0.0273893
BinVal : 1 6 0.929412 0.0277818 0.0277818
BinVal : 1 7 0.963964 0.0176904 0.0176904
BinVal : 1 8 0.970588 0.0167293 0.0167293
BinVal : 1 9 0.992308 0.00766266 0.00766266
BinVal : 1 10 0.872093 0.0360147 0.0360147
BinVal : 1 11 0.853659 0.0318694 0.0318694
BinVal : 1 12 0.748031 0.038524 0.038524
BinVal : 1 13 0.711268 0.0380295 0.0380295
BinVal : 1 14 0.719745 0.035844 0.035844
BinVal : 1 15 0.710983 0.0344642 0.0344642
BinVal : 1 16 0.705426 0.0401354 0.0401354
BinVal : 1 17 0.774775 0.0396492 0.0396492
BinVal : 1 18 0.783582 0.0355743 0.0355743
BinVal : 1 19 0.848485 0.0360357 0.0360357
BinVal : 1 20 0.984848 0.0106323 0.0106323
BinVal : 1 21 0.984375 0.0109619 0.0109619
BinVal : 1 22 0.980769 0.0134668 0.0134668
BinVal : 1 23 0.958333 0.0235498 0.0235498
BinVal : 1 24 0.890909 0.0420368 0.0420368
BinVal : 1 25 0 0 0
BinVal : 1 26 0 0 0
BinVal : 1 27 0 0 0
BinVal : 1 28 0 0 0
BinVal : 1 29 0 0 0
BinVal : 2 0 0 0 0
BinVal : 2 1 0 0 0
BinVal : 2 2 0 0 0
BinVal : 2 3 0 0 0
BinVal : 2 4 0 0 0
BinVal : 2 5 0.916667 0.0797856 0.0797856
BinVal : 2 6 0.96875 0.0307578 0.0307578
BinVal : 2 7 0.943662 0.027364 0.027364
BinVal : 2 8 0.972603 0.0191056 0.0191056
BinVal : 2 9 0.972603 0.0191056 0.0191056
BinVal : 2 10 0.795918 0.0575756 0.0575756
BinVal : 2 11 0.747368 0.044581 0.044581
BinVal : 2 12 0.678571 0.0509566 0.0509566
BinVal : 2 13 0.552632 0.0570353 0.0570353
BinVal : 2 14 0.697674 0.0495239 0.0495239
BinVal : 2 15 0.632911 0.0542305 0.0542305
BinVal : 2 16 0.583333 0.0581014 0.0581014
BinVal : 2 17 0.74359 0.049441 0.049441
BinVal : 2 18 0.77027 0.0489006 0.0489006
BinVal : 2 19 0.804348 0.0584905 0.0584905
BinVal : 2 20 0.979381 0.0144284 0.0144284
BinVal : 2 21 0.986111 0.0137921 0.0137921
BinVal : 2 22 1 0.00780725 0.00780725
BinVal : 2 23 0.930233 0.0388497 0.0388497
BinVal : 2 24 1 0.0309157 0.0309157
BinVal : 2 25 0 0 0
BinVal : 2 26 0 0 0
BinVal : 2 27 0 0 0
BinVal : 2 28 0 0 0
BinVal : 2 29 0 0 0
BinVal : 3 0 0 0 0
BinVal : 3 1 0 0 0
BinVal : 3 2 0 0 0
BinVal : 3 3 0 0 0
BinVal : 3 4 1 0.124824 0.124824
BinVal : 3 5 0.9375 0.0605154 0.0605154
BinVal : 3 6 0.909091 0.0612909 0.0612909
BinVal : 3 7 0.973684 0.0259672 0.0259672
BinVal : 3 8 0.981481 0.0183463 0.0183463
BinVal : 3 9 1 0.0201001 0.0201001
BinVal : 3 10 0.75 0.0818317 0.0818317
BinVal : 3 11 0.777778 0.0800091 0.0800091
BinVal : 3 12 0.571429 0.093522 0.093522
BinVal : 3 13 0.666667 0.0702728 0.0702728
BinVal : 3 14 0.542857 0.0842044 0.0842044
BinVal : 3 15 0.555556 0.0740741 0.0740741
BinVal : 3 16 0.609756 0.0761823 0.0761823
BinVal : 3 17 0.78125 0.0730792 0.0730792
BinVal : 3 18 0.774194 0.0750952 0.0750952
BinVal : 3 19 0.875 0.0584634 0.0584634
BinVal : 3 20 0.96 0.0391918 0.0391918
BinVal : 3 21 0.97561 0.024091 0.024091
BinVal : 3 22 0.971429 0.0281603 0.0281603
BinVal : 3 23 0.827586 0.0701445 0.0701445
BinVal : 3 24 0.818182 0.116291 0.116291
BinVal : 3 25 1 0.218486 0.218486
BinVal : 3 26 0 0 0
BinVal : 3 27 0 0 0
BinVal : 3 28 0 0 0
BinVal : 3 29 0 0 0
BinVal : 4 0 0 0 0
BinVal : 4 1 0 0 0
BinVal : 4 2 0 0 0
BinVal : 4 3 0 0 0
BinVal : 4 4 0 0 0
BinVal : 4 5 0.944444 0.0539903 0.0539903
BinVal : 4 6 0.916667 0.0797856 0.0797856
BinVal : 4 7 0.904762 0.0640564 0.0640564
BinVal : 4 8 1 0.0233703 0.0233703
BinVal : 4 9 1 0.0224566 0.0224566
BinVal : 4 10 0.823529 0.0924594 0.0924594
BinVal : 4 11 0.863636 0.073165 0.073165
BinVal : 4 12 0.777778 0.0979908 0.0979908
BinVal : 4 13 0.625 0.0988212 0.0988212
BinVal : 4 14 0.678571 0.0882594 0.0882594
BinVal : 4 15 0.653846 0.0933009 0.0933009
BinVal : 4 16 0.636364 0.102559 0.102559
BinVal : 4 17 0.764706 0.102879 0.102879
BinVal : 4 18 0.944444 0.0539903 0.0539903
BinVal : 4 19 0.736842 0.101023 0.101023
BinVal : 4 20 1 0.039392 0.039392
BinVal : 4 21 1 0.0309157 0.0309157
BinVal : 4 22 1 0.0293374 0.0293374
BinVal : 4 23 0.818182 0.116291 0.116291
BinVal : 4 24 1 0.0542655 0.0542655
BinVal : 4 25 0 0 0
BinVal : 4 26 0 0 0
BinVal : 4 27 0 0 0
BinVal : 4 28 0 0 0
BinVal : 4 29 0 0 0
BinVal : 5 0 0 0 0
BinVal : 5 1 0 0 0
BinVal : 5 2 0 0 0
BinVal : 5 3 0 0 0
BinVal : 5 4 0 0 0
BinVal : 5 5 0.888889 0.104757 0.104757
BinVal : 5 6 0.969697 0.0298404 0.0298404
BinVal : 5 7 0.944444 0.0381769 0.0381769
BinVal : 5 8 0.979167 0.0206152 0.0206152
BinVal : 5 9 0.933333 0.0371849 0.0371849
BinVal : 5 10 0.825 0.0600781 0.0600781
BinVal : 5 11 0.711111 0.0675659 0.0675659
BinVal : 5 12 0.847826 0.0529596 0.0529596
BinVal : 5 13 0.676923 0.0580051 0.0580051
BinVal : 5 14 0.806452 0.0501751 0.0501751
BinVal : 5 15 0.691176 0.0560267 0.0560267
BinVal : 5 16 0.711111 0.0675659 0.0675659
BinVal : 5 17 0.866667 0.0620633 0.0620633
BinVal : 5 18 0.825397 0.0478285 0.0478285
BinVal : 5 19 0.931035 0.0470544 0.0470544
BinVal : 5 20 0.948718 0.0353199 0.0353199
BinVal : 5 21 0.941176 0.0329478 0.0329478
BinVal : 5 22 1 0.0171075 0.0171075
BinVal : 5 23 1 0.0216126 0.0216126
BinVal : 5 24 1 0.0668855 0.0668855
BinVal : 5 25 0 0 0
BinVal : 5 26 0 0 0
BinVal : 5 27 0 0 0
BinVal : 5 28 0 0 0
BinVal : 5 29 0 0 0
BinVal : 6 0 0 0 0
BinVal : 6 1 0 0 0
BinVal : 6 2 0 0 0
BinVal : 6 3 0 0 0
BinVal : 6 4 0 0 0
BinVal : 6 5 0.941176 0.0570672 0.0570672
BinVal : 6 6 0.971429 0.0281603 0.0281603
BinVal : 6 7 0.976744 0.0229838 0.0229838
BinVal : 6 8 0.958333 0.0235498 0.0235498
BinVal : 6 9 0.987342 0.0125779 0.0125779
BinVal : 6 10 0.859375 0.0434543 0.0434543
BinVal : 6 11 0.793651 0.0509854 0.0509854
BinVal : 6 12 0.722222 0.0527859 0.0527859
BinVal : 6 13 0.765625 0.0529509 0.0529509
BinVal : 6 14 0.606061 0.0601452 0.0601452
BinVal : 6 15 0.64557 0.0538175 0.0538175
BinVal : 6 16 0.771429 0.0501891 0.0501891
BinVal : 6 17 0.836066 0.0474013 0.0474013
BinVal : 6 18 0.805556 0.0466422 0.0466422
BinVal : 6 19 0.864407 0.044571 0.044571
BinVal : 6 20 0.972603 0.0191056 0.0191056
BinVal : 6 21 0.967213 0.0228006 0.0228006
BinVal : 6 22 0.919355 0.0345808 0.0345808
BinVal : 6 23 0.894737 0.0497845 0.0497845
BinVal : 6 24 0.833333 0.107583 0.107583
BinVal : 6 25 0 0 0
BinVal : 6 26 0 0 0
BinVal : 6 27 0 0 0
BinVal : 6 28 0 0 0
BinVal : 6 29 0 0 0
BinVal : 7 0 0 0 0
BinVal : 7 1 0 0 0
BinVal : 7 2 0 0 0
BinVal : 7 3 0 0 0
BinVal : 7 4 1 0.159077 0.159077
BinVal : 7 5 0.965517 0.033883 0.033883
BinVal : 7 6 0.967213 0.0228006 0.0228006
BinVal : 7 7 1 0.00770235 0.00770235
BinVal : 7 8 1 0.00791502 0.00791502
BinVal : 7 9 0.911392 0.0319724 0.0319724
BinVal : 7 10 0.84127 0.0460391 0.0460391
BinVal : 7 11 0.615385 0.0603434 0.0603434
BinVal : 7 12 0.779221 0.0472676 0.0472676
BinVal : 7 13 0.676471 0.0463214 0.0463214
BinVal : 7 14 0.637168 0.0452315 0.0452315
BinVal : 7 15 0.765766 0.0401987 0.0401987
BinVal : 7 16 0.7 0.041833 0.041833
BinVal : 7 17 0.797619 0.0438372 0.0438372
BinVal : 7 18 0.869565 0.0405437 0.0405437
BinVal : 7 19 0.851351 0.0413541 0.0413541
BinVal : 7 20 0.911765 0.034396 0.034396
BinVal : 7 21 0.984127 0.0157465 0.0157465
BinVal : 7 22 1 0.00917959 0.00917959
BinVal : 7 23 0.964286 0.0247988 0.0247988
BinVal : 7 24 0.9 0.0547723 0.0547723
BinVal : 7 25 0 0 0
BinVal : 7 26 0 0 0
BinVal : 7 27 0 0 0
BinVal : 7 28 0 0 0
BinVal : 7 29 0 0 0
BinVal : 8 0 0 0 0
BinVal : 8 1 0 0 0
BinVal : 8 2 0 0 0
BinVal : 8 3 0 0 0
BinVal : 8 4 1 0.124824 0.124824
BinVal : 8 5 0.925 0.0416458 0.0416458
BinVal : 8 6 0.970588 0.0204891 0.0204891
BinVal : 8 7 1 0.00601053 0.00601053
BinVal : 8 8 0.985816 0.0099585 0.0099585
BinVal : 8 9 0.869159 0.0326009 0.0326009
BinVal : 8 10 0.931818 0.0268694 0.0268694
BinVal : 8 11 0.933333 0.0243432 0.0243432
BinVal : 8 12 0.897196 0.02936 0.02936
BinVal : 8 13 0.834586 0.0322178 0.0322178
BinVal : 8 14 0.727891 0.0367067 0.0367067
BinVal : 8 15 0.887218 0.0274289 0.0274289
BinVal : 8 16 0.940741 0.0203211 0.0203211
BinVal : 8 17 0.841121 0.0353403 0.0353403
BinVal : 8 18 0.913043 0.0293767 0.0293767
BinVal : 8 19 0.89011 0.0327854 0.0327854
BinVal : 8 20 0.886957 0.0295274 0.0295274
BinVal : 8 21 0.948718 0.0249749 0.0249749
BinVal : 8 22 0.875 0.0352548 0.0352548
BinVal : 8 23 1 0.00813913 0.00813913
BinVal : 8 24 0.941176 0.0403526 0.0403526
BinVal : 8 25 0 0 0
BinVal : 8 26 0 0 0
BinVal : 8 27 0 0 0
BinVal : 8 28 0 0 0
BinVal : 8 29 0 0 0
BinVal : 9 0 0 0 0
BinVal : 9 1 0 0 0
BinVal : 9 2 0 0 0
BinVal : 9 3 0 0 0
BinVal : 9 4 0 0 0
BinVal : 9 5 0.965517 0.033883 0.033883
BinVal : 9 6 0.891566 0.0341287 0.0341287
BinVal : 9 7 0.974138 0.0147371 0.0147371
BinVal : 9 8 0.972973 0.0153918 0.0153918
BinVal : 9 9 0.955975 0.0162695 0.0162695
BinVal : 9 10 0.885417 0.0325087 0.0325087
BinVal : 9 11 0.901961 0.0294438 0.0294438
BinVal : 9 12 0.846667 0.0294191 0.0294191
BinVal : 9 13 0.736364 0.04201 0.04201
BinVal : 9 14 0.793651 0.0360521 0.0360521
BinVal : 9 15 0.851064 0.0299828 0.0299828
BinVal : 9 16 0.807018 0.0369614 0.0369614
BinVal : 9 17 0.784 0.036807 0.036807
BinVal : 9 18 0.815789 0.0363073 0.0363073
BinVal : 9 19 0.833333 0.0380363 0.0380363
BinVal : 9 20 0.983871 0.0113126 0.0113126
BinVal : 9 21 0.83 0.0375633 0.0375633
BinVal : 9 22 0.929293 0.0257626 0.0257626
BinVal : 9 23 0.836364 0.0498834 0.0498834
BinVal : 9 24 1 0.0224566 0.0224566
BinVal : 9 25 0 0 0
BinVal : 9 26 0 0 0
BinVal : 9 27 0 0 0
BinVal : 9 28 0 0 0
BinVal : 9 29 0 0 0
BinVal : 10 0 0 0 0
BinVal : 10 1 0 0 0
BinVal : 10 2 0 0 0
BinVal : 10 3 0 0 0
BinVal : 10 4 0 0 0
BinVal : 10 5 0.884615 0.0626563 0.0626563
BinVal : 10 6 0.936508 0.0307217 0.0307217
BinVal : 10 7 0.973214 0.0152562 0.0152562
BinVal : 10 8 0.990909 0.00904949 0.00904949
BinVal : 10 9 0.97561 0.024091 0.024091
BinVal : 10 10 0.833333 0.0458735 0.0458735
BinVal : 10 11 0.647059 0.115904 0.115904
BinVal : 10 12 0.77551 0.0421482 0.0421482
BinVal : 10 13 0.837838 0.0349859 0.0349859
BinVal : 10 14 0.816514 0.0370741 0.0370741
BinVal : 10 15 0.833333 0.0369006 0.0369006
BinVal : 10 16 0.851064 0.0367212 0.0367212
BinVal : 10 17 0.776596 0.0429615 0.0429615
BinVal : 10 18 0.857143 0.0763604 0.0763604
BinVal : 10 19 0.823529 0.0533815 0.0533815
BinVal : 10 20 0.947368 0.0362235 0.0362235
BinVal : 10 21 0.984127 0.0111345 0.0111345
BinVal : 10 22 0.963855 0.0204875 0.0204875
BinVal : 10 23 0.958904 0.0232341 0.0232341
BinVal : 10 24 0.933333 0.045542 0.045542
BinVal : 10 25 0 0 0
BinVal : 10 26 0 0 0
BinVal : 10 27 0 0 0
BinVal : 10 28 0 0 0
BinVal : 10 29 0 0 0
BinVal : 11 0 0 0 0
BinVal : 11 1 0 0 0
BinVal : 11 2 0 0 0
BinVal : 11 3 0 0 0
BinVal : 11 4 1 0.124824 0.124824
BinVal : 11 5 0.941176 0.0403526 0.0403526
BinVal : 11 6 0.966667 0.0231741 0.0231741
BinVal : 11 7 0.987805 0.0121205 0.0121205
BinVal : 11 8 0.979381 0.0144284 0.0144284
BinVal : 11 9 0 0 0
BinVal : 11 10 0 0 0
BinVal : 11 11 0 0 0
BinVal : 11 12 0 0 0
BinVal : 11 13 0 0 0
BinVal : 11 14 0 0 0
BinVal : 11 15 0 0 0
BinVal : 11 16 0 0 0
BinVal : 11 17 0 0 0
BinVal : 11 18 0 0 0
BinVal : 11 19 0 0 0
BinVal : 11 20 0 0 0
BinVal : 11 21 0.969231 0.0214198 0.0214198
BinVal : 11 22 1 0.00750113 0.00750113
BinVal : 11 23 0.934783 0.0364048 0.0364048
BinVal : 11 24 0.96 0.0391918 0.0391918
BinVal : 11 25 1 0.218486 0.218486
BinVal : 11 26 0 0 0
BinVal : 11 27 0 0 0
BinVal : 11 28 0 0 0
BinVal : 11 29 0 0 0
BinVal : 12 0 0 0 0
BinVal : 12 1 0 0 0
BinVal : 12 2 0 0 0
BinVal : 12 3 0 0 0
BinVal : 12 4 0.666667 0.272166 0.272166
BinVal : 12 5 0.956522 0.0425226 0.0425226
BinVal : 12 6 0.954545 0.0314022 0.0314022
BinVal : 12 7 1 0.0123324 0.0123324
BinVal : 12 8 0.966667 0.0231741 0.0231741
BinVal : 12 9 0 0 0
BinVal : 12 10 0 0 0
BinVal : 12 11 0 0 0
BinVal : 12 12 0 0 0
BinVal : 12 13 0 0 0
BinVal : 12 14 0 0 0
BinVal : 12 15 0 0 0
BinVal : 12 16 0 0 0
BinVal : 12 17 0 0 0
BinVal : 12 18 0 0 0
BinVal : 12 19 0 0 0
BinVal : 12 20 0 0 0
BinVal : 12 21 0.971429 0.0281603 0.0281603
BinVal : 12 22 0.978261 0.0215015 0.0215015
BinVal : 12 23 0.885714 0.0537785 0.0537785
BinVal : 12 24 1 0.0181909 0.0181909
BinVal : 12 25 1 0.102643 0.102643
BinVal : 12 26 0 0 0
BinVal : 12 27 0 0 0
BinVal : 12 28 0 0 0
BinVal : 12 29 0 0 0
BinVal : 13 0 0 0 0
BinVal : 13 1 0 0 0
BinVal : 13 2 0 0 0
BinVal : 13 3 0 0 0
BinVal : 13 4 0 0 0
BinVal : 13 5 0.727273 0.134282 0.134282
BinVal : 13 6 0.860465 0.0528413 0.0528413
BinVal : 13 7 0.943396 0.0317418 0.0317418
BinVal : 13 8 0.948276 0.0290804 0.0290804
BinVal : 13 9 0.923077 0.0522589 0.0522589
BinVal : 13 10 0.948718 0.0353199 0.0353199
BinVal : 13 11 0.916667 0.0797856 0.0797856
BinVal : 13 12 0.892857 0.0413313 0.0413313
BinVal : 13 13 0.95082 0.0276873 0.0276873
BinVal : 13 14 0.931507 0.0295635 0.0295635
BinVal : 13 15 0.847059 0.03904 0.03904
BinVal : 13 16 0.929577 0.0303647 0.0303647
BinVal : 13 17 0.75 0.0625 0.0625
BinVal : 13 18 0.714286 0.170747 0.170747
BinVal : 13 19 0.851852 0.0683673 0.0683673
BinVal : 13 20 0.909091 0.0612909 0.0612909
BinVal : 13 21 0.971831 0.019636 0.019636
BinVal : 13 22 0.962264 0.026175 0.026175
BinVal : 13 23 0.914286 0.0473188 0.0473188
BinVal : 13 24 0.846154 0.100068 0.100068
BinVal : 13 25 0 0 0
BinVal : 13 26 0 0 0
BinVal : 13 27 0 0 0
BinVal : 13 28 0 0 0
BinVal : 13 29 0 0 0
BinVal : 14 0 0 0 0
BinVal : 14 1 0 0 0
BinVal : 14 2 0 0 0
BinVal : 14 3 0 0 0
BinVal : 14 4 0 0 0
BinVal : 14 5 0.666667 0.157135 0.157135
BinVal : 14 6 0.9 0.0474342 0.0474342
BinVal : 14 7 0.985075 0.0148136 0.0148136
BinVal : 14 8 0.964286 0.0247988 0.0247988
BinVal : 14 9 1 0.00964212 0.00964212
BinVal : 14 10 0.897959 0.0432431 0.0432431
BinVal : 14 11 0.76 0.0603987 0.0603987
BinVal : 14 12 0.71831 0.0533842 0.0533842
BinVal : 14 13 0.684211 0.0615682 0.0615682
BinVal : 14 14 0.740741 0.048692 0.048692
BinVal : 14 15 0.726027 0.0521998 0.0521998
BinVal : 14 16 0.803571 0.053091 0.053091
BinVal : 14 17 0.72549 0.0624899 0.0624899
BinVal : 14 18 0.866667 0.0506745 0.0506745
BinVal : 14 19 0.953488 0.0321147 0.0321147
BinVal : 14 20 0.949367 0.0246672 0.0246672
BinVal : 14 21 1 0.00917959 0.00917959
BinVal : 14 22 0.966667 0.0231741 0.0231741
BinVal : 14 23 0.8 0.0676123 0.0676123
BinVal : 14 24 0.8 0.10328 0.10328
BinVal : 14 25 0 0 0
BinVal : 14 26 0 0 0
BinVal : 14 27 0 0 0
BinVal : 14 28 0 0 0
BinVal : 14 29 0 0 0
BinVal : 15 0 0 0 0
BinVal : 15 1 0 0 0
BinVal : 15 2 0 0 0
BinVal : 15 3 0 0 0
BinVal : 15 4 0.5 0.353553 0.353553
BinVal : 15 5 0.861111 0.0576384 0.0576384
BinVal : 15 6 0.952381 0.0328603 0.0328603
BinVal : 15 7 1 0.0115867 0.0115867
BinVal : 15 8 0.987179 0.0127381 0.0127381
BinVal : 15 9 0.933333 0.0288033 0.0288033
BinVal : 15 10 0.887324 0.0375256 0.0375256
BinVal : 15 11 0.873563 0.0356307 0.0356307
BinVal : 15 12 0.860759 0.0389502 0.0389502
BinVal : 15 13 0.741935 0.0453739 0.0453739
BinVal : 15 14 0.75 0.0424604 0.0424604
BinVal : 15 15 0.672727 0.0447382 0.0447382
BinVal : 15 16 0.67033 0.0492792 0.0492792
BinVal : 15 17 0.918605 0.0294859 0.0294859
BinVal : 15 18 0.912281 0.0374692 0.0374692
BinVal : 15 19 0.862745 0.0481859 0.0481859
BinVal : 15 20 0.911392 0.0319724 0.0319724
BinVal : 15 21 0.963855 0.0204875 0.0204875
BinVal : 15 22 0.984127 0.0157465 0.0157465
BinVal : 15 23 0.923077 0.0330515 0.0330515
BinVal : 15 24 1 0.0224566 0.0224566
BinVal : 15 25 1 0.218486 0.218486
BinVal : 15 26 0 0 0
BinVal : 15 27 0 0 0
BinVal : 15 28 0 0 0
BinVal : 15 29 0 0 0

