Comments : includes prescale inefficiency, cosmic veto applied 
EffMethod : TagAndProbe 
EffName : eff 
EffType : Binned 
EffVarNames : phi deteta 
EffVersion : 3 
ObjQuality : MuFromMuJetsOR 
ObjRelativeTo : loose_trackloose_iso_TopScaledMedium 
ObjType : Muon 
ObjVersion : 1 
RunRangeHigh : -1 
RunRangeLow : -1 
TriggerVersionHigh : 15.21 
TriggerVersionLow : 15 
BinEdgesX : 0 0.3927 0.7854 1.1781 1.5708 1.9635 2.3562 2.7489 3.1416 3.5343 3.927 4.3197 4.7124 5.1051 5.4978 5.8905 6.2832 
BinEdgesY : -3 -2.8 -2.6 -2.4 -2.2 -2 -1.8 -1.6 -1.4 -1.2 -1 -0.8 -0.6 -0.4 -0.2 0 0.2 0.4 0.6 0.8 1 1.2 1.4 1.6 1.8 2 2.2 2.4 2.6 2.8 3 
BinVal : 0 0 0 0 0
BinVal : 0 1 0 0 0
BinVal : 0 2 0 0 0
BinVal : 0 3 0 0 0
BinVal : 0 4 0 0 0
BinVal : 0 5 0 0 0
BinVal : 0 6 0 0 0
BinVal : 0 7 0.704545 0.0687818 0.0687818
BinVal : 0 8 0.980769 0.019045 0.019045
BinVal : 0 9 0.60274 0.0572718 0.0572718
BinVal : 0 10 0.578947 0.0566345 0.0566345
BinVal : 0 11 0.626866 0.0590857 0.0590857
BinVal : 0 12 0.575758 0.0608352 0.0608352
BinVal : 0 13 0.662162 0.054982 0.054982
BinVal : 0 14 0.614286 0.0581794 0.0581794
BinVal : 0 15 0.761905 0.0464714 0.0464714
BinVal : 0 16 0.619718 0.057613 0.057613
BinVal : 0 17 0.775 0.0466871 0.0466871
BinVal : 0 18 0.513889 0.0589028 0.0589028
BinVal : 0 19 0.672414 0.0616264 0.0616264
BinVal : 0 20 0.734375 0.0552082 0.0552082
BinVal : 0 21 0.890909 0.0420368 0.0420368
BinVal : 0 22 0.8125 0.0563367 0.0563367
BinVal : 0 23 0 0 0
BinVal : 0 24 0 0 0
BinVal : 0 25 0 0 0
BinVal : 0 26 0 0 0
BinVal : 0 27 0 0 0
BinVal : 0 28 0 0 0
BinVal : 0 29 0 0 0
BinVal : 1 0 0 0 0
BinVal : 1 1 0 0 0
BinVal : 1 2 0 0 0
BinVal : 1 3 0 0 0
BinVal : 1 4 0 0 0
BinVal : 1 5 0 0 0
BinVal : 1 6 0 0 0
BinVal : 1 7 0.625 0.0698771 0.0698771
BinVal : 1 8 0.560976 0.077504 0.077504
BinVal : 1 9 0.803922 0.0555951 0.0555951
BinVal : 1 10 0.493333 0.0577299 0.0577299
BinVal : 1 11 0.619048 0.0611825 0.0611825
BinVal : 1 12 0.424658 0.0578524 0.0578524
BinVal : 1 13 0.479452 0.0584711 0.0584711
BinVal : 1 14 0.685714 0.0554862 0.0554862
BinVal : 1 15 0.628571 0.0577519 0.0577519
BinVal : 1 16 0.542373 0.0648603 0.0648603
BinVal : 1 17 0.419753 0.0548354 0.0548354
BinVal : 1 18 0.65625 0.0593699 0.0593699
BinVal : 1 19 0.491525 0.0650851 0.0650851
BinVal : 1 20 0.727273 0.0600526 0.0600526
BinVal : 1 21 0.880597 0.0396149 0.0396149
BinVal : 1 22 0.625 0.0765466 0.0765466
BinVal : 1 23 0 0 0
BinVal : 1 24 0 0 0
BinVal : 1 25 0 0 0
BinVal : 1 26 0 0 0
BinVal : 1 27 0 0 0
BinVal : 1 28 0 0 0
BinVal : 1 29 0 0 0
BinVal : 2 0 0 0 0
BinVal : 2 1 0 0 0
BinVal : 2 2 0 0 0
BinVal : 2 3 0 0 0
BinVal : 2 4 0 0 0
BinVal : 2 5 0 0 0
BinVal : 2 6 0 0 0
BinVal : 2 7 0.71875 0.0794804 0.0794804
BinVal : 2 8 0.888889 0.0523783 0.0523783
BinVal : 2 9 0.818182 0.0581456 0.0581456
BinVal : 2 10 0.512821 0.0800378 0.0800378
BinVal : 2 11 0.809524 0.0605913 0.0605913
BinVal : 2 12 0.511111 0.0745172 0.0745172
BinVal : 2 13 0.6 0.0730297 0.0730297
BinVal : 2 14 0.782609 0.0608155 0.0608155
BinVal : 2 15 0.736842 0.0583254 0.0583254
BinVal : 2 16 0.685185 0.0632026 0.0632026
BinVal : 2 17 0.673913 0.0691178 0.0691178
BinVal : 2 18 0.545455 0.0866784 0.0866784
BinVal : 2 19 0.27907 0.068402 0.068402
BinVal : 2 20 0.885714 0.0537785 0.0537785
BinVal : 2 21 0.885714 0.0537785 0.0537785
BinVal : 2 22 0.56 0.0992774 0.0992774
BinVal : 2 23 0 0 0
BinVal : 2 24 0 0 0
BinVal : 2 25 0 0 0
BinVal : 2 26 0 0 0
BinVal : 2 27 0 0 0
BinVal : 2 28 0 0 0
BinVal : 2 29 0 0 0
BinVal : 3 0 0 0 0
BinVal : 3 1 0 0 0
BinVal : 3 2 0 0 0
BinVal : 3 3 0 0 0
BinVal : 3 4 0 0 0
BinVal : 3 5 0 0 0
BinVal : 3 6 0 0 0
BinVal : 3 7 0.8125 0.0975781 0.0975781
BinVal : 3 8 0.842105 0.0836547 0.0836547
BinVal : 3 9 0.684211 0.106639 0.106639
BinVal : 3 10 0.652174 0.0993113 0.0993113
BinVal : 3 11 0.8125 0.0975781 0.0975781
BinVal : 3 12 0.666667 0.0907218 0.0907218
BinVal : 3 13 0.807692 0.077292 0.077292
BinVal : 3 14 0.689655 0.0859091 0.0859091
BinVal : 3 15 0.882353 0.0781425 0.0781425
BinVal : 3 16 0.866667 0.0620633 0.0620633
BinVal : 3 17 0.714286 0.0985808 0.0985808
BinVal : 3 18 0.653846 0.0933009 0.0933009
BinVal : 3 19 0.5 0.117851 0.117851
BinVal : 3 20 0.789474 0.0935288 0.0935288
BinVal : 3 21 0.894737 0.0704059 0.0704059
BinVal : 3 22 0.736842 0.101023 0.101023
BinVal : 3 23 0 0 0
BinVal : 3 24 0 0 0
BinVal : 3 25 0 0 0
BinVal : 3 26 0 0 0
BinVal : 3 27 0 0 0
BinVal : 3 28 0 0 0
BinVal : 3 29 0 0 0
BinVal : 4 0 0 0 0
BinVal : 4 1 0 0 0
BinVal : 4 2 0 0 0
BinVal : 4 3 0 0 0
BinVal : 4 4 0 0 0
BinVal : 4 5 0 0 0
BinVal : 4 6 0 0 0
BinVal : 4 7 0.916667 0.0797856 0.0797856
BinVal : 4 8 0.933333 0.0644061 0.0644061
BinVal : 4 9 0.705882 0.11051 0.11051
BinVal : 4 10 0.5 0.111803 0.111803
BinVal : 4 11 0.681818 0.0993026 0.0993026
BinVal : 4 12 0.625 0.0988212 0.0988212
BinVal : 4 13 0.947368 0.0512278 0.0512278
BinVal : 4 14 0.814815 0.0747568 0.0747568
BinVal : 4 15 0.64 0.096 0.096
BinVal : 4 16 0.541667 0.101707 0.101707
BinVal : 4 17 0.653846 0.0933009 0.0933009
BinVal : 4 18 0.615385 0.0954113 0.0954113
BinVal : 4 19 0.619048 0.105971 0.105971
BinVal : 4 20 0.518519 0.096159 0.096159
BinVal : 4 21 0.913043 0.0587534 0.0587534
BinVal : 4 22 0.866667 0.0877707 0.0877707
BinVal : 4 23 0 0 0
BinVal : 4 24 0 0 0
BinVal : 4 25 0 0 0
BinVal : 4 26 0 0 0
BinVal : 4 27 0 0 0
BinVal : 4 28 0 0 0
BinVal : 4 29 0 0 0
BinVal : 5 0 0 0 0
BinVal : 5 1 0 0 0
BinVal : 5 2 0 0 0
BinVal : 5 3 0 0 0
BinVal : 5 4 0 0 0
BinVal : 5 5 0 0 0
BinVal : 5 6 0 0 0
BinVal : 5 7 0.733333 0.0807373 0.0807373
BinVal : 5 8 0.906977 0.0442955 0.0442955
BinVal : 5 9 0.97561 0.024091 0.024091
BinVal : 5 10 0.514286 0.0844809 0.0844809
BinVal : 5 11 0.761905 0.0657205 0.0657205
BinVal : 5 12 0.615385 0.067466 0.067466
BinVal : 5 13 0.755102 0.0614324 0.0614324
BinVal : 5 14 0.745455 0.058737 0.058737
BinVal : 5 15 0.830508 0.048845 0.048845
BinVal : 5 16 0.478261 0.0736513 0.0736513
BinVal : 5 17 0.759259 0.0581799 0.0581799
BinVal : 5 18 0.868421 0.0548361 0.0548361
BinVal : 5 19 0.630435 0.0711683 0.0711683
BinVal : 5 20 0.785714 0.0633147 0.0633147
BinVal : 5 21 0.941176 0.0403526 0.0403526
BinVal : 5 22 0.826087 0.0790342 0.0790342
BinVal : 5 23 0 0 0
BinVal : 5 24 0 0 0
BinVal : 5 25 0 0 0
BinVal : 5 26 0 0 0
BinVal : 5 27 0 0 0
BinVal : 5 28 0 0 0
BinVal : 5 29 0 0 0
BinVal : 6 0 0 0 0
BinVal : 6 1 0 0 0
BinVal : 6 2 0 0 0
BinVal : 6 3 0 0 0
BinVal : 6 4 0 0 0
BinVal : 6 5 0 0 0
BinVal : 6 6 0 0 0
BinVal : 6 7 0.787234 0.0596972 0.0596972
BinVal : 6 8 0.903846 0.0408817 0.0408817
BinVal : 6 9 0.956522 0.030068 0.030068
BinVal : 6 10 0.612245 0.0696055 0.0696055
BinVal : 6 11 0.68254 0.058646 0.058646
BinVal : 6 12 0.777778 0.0619748 0.0619748
BinVal : 6 13 0.775862 0.0547565 0.0547565
BinVal : 6 14 0.796296 0.0548075 0.0548075
BinVal : 6 15 0.714286 0.0645363 0.0645363
BinVal : 6 16 0.614035 0.0644812 0.0644812
BinVal : 6 17 0.603175 0.0616383 0.0616383
BinVal : 6 18 0.617647 0.0589316 0.0589316
BinVal : 6 19 0.520833 0.0721061 0.0721061
BinVal : 6 20 0.862745 0.0481859 0.0481859
BinVal : 6 21 0.829787 0.0548189 0.0548189
BinVal : 6 22 0.684211 0.0754053 0.0754053
BinVal : 6 23 0 0 0
BinVal : 6 24 0 0 0
BinVal : 6 25 0 0 0
BinVal : 6 26 0 0 0
BinVal : 6 27 0 0 0
BinVal : 6 28 0 0 0
BinVal : 6 29 0 0 0
BinVal : 7 0 0 0 0
BinVal : 7 1 0 0 0
BinVal : 7 2 0 0 0
BinVal : 7 3 0 0 0
BinVal : 7 4 0 0 0
BinVal : 7 5 0 0 0
BinVal : 7 6 0 0 0
BinVal : 7 7 0.72093 0.068402 0.068402
BinVal : 7 8 0.9 0.0424264 0.0424264
BinVal : 7 9 0.560606 0.0610919 0.0610919
BinVal : 7 10 0.725806 0.0566556 0.0566556
BinVal : 7 11 0.42623 0.0633178 0.0633178
BinVal : 7 12 0.561644 0.0580741 0.0580741
BinVal : 7 13 0.815385 0.0481236 0.0481236
BinVal : 7 14 0.725806 0.0566556 0.0566556
BinVal : 7 15 0.775862 0.0547565 0.0547565
BinVal : 7 16 0.66 0.0669925 0.0669925
BinVal : 7 17 0.578125 0.0617323 0.0617323
BinVal : 7 18 0.157895 0.048298 0.048298
BinVal : 7 19 0.263158 0.0583254 0.0583254
BinVal : 7 20 0.683333 0.060054 0.060054
BinVal : 7 21 0.869565 0.0496557 0.0496557
BinVal : 7 22 0.769231 0.0584273 0.0584273
BinVal : 7 23 0 0 0
BinVal : 7 24 0 0 0
BinVal : 7 25 0 0 0
BinVal : 7 26 0 0 0
BinVal : 7 27 0 0 0
BinVal : 7 28 0 0 0
BinVal : 7 29 0 0 0
BinVal : 8 0 0 0 0
BinVal : 8 1 0 0 0
BinVal : 8 2 0 0 0
BinVal : 8 3 0 0 0
BinVal : 8 4 0 0 0
BinVal : 8 5 0 0 0
BinVal : 8 6 0 0 0
BinVal : 8 7 0.723404 0.0652476 0.0652476
BinVal : 8 8 0.983333 0.0165272 0.0165272
BinVal : 8 9 0.617021 0.0709069 0.0709069
BinVal : 8 10 0.73913 0.0647431 0.0647431
BinVal : 8 11 0.561644 0.0580741 0.0580741
BinVal : 8 12 0.61039 0.0555742 0.0555742
BinVal : 8 13 0.921053 0.0309317 0.0309317
BinVal : 8 14 0.797619 0.0438372 0.0438372
BinVal : 8 15 0.850746 0.0435337 0.0435337
BinVal : 8 16 0.716216 0.0524083 0.0524083
BinVal : 8 17 0.613333 0.0562323 0.0562323
BinVal : 8 18 0.104478 0.0373691 0.0373691
BinVal : 8 19 0.328767 0.0549819 0.0549819
BinVal : 8 20 0.709091 0.0612418 0.0612418
BinVal : 8 21 0.921569 0.0376464 0.0376464
BinVal : 8 22 0.706897 0.0597688 0.0597688
BinVal : 8 23 0 0 0
BinVal : 8 24 0 0 0
BinVal : 8 25 0 0 0
BinVal : 8 26 0 0 0
BinVal : 8 27 0 0 0
BinVal : 8 28 0 0 0
BinVal : 8 29 0 0 0
BinVal : 9 0 0 0 0
BinVal : 9 1 0 0 0
BinVal : 9 2 0 0 0
BinVal : 9 3 0 0 0
BinVal : 9 4 0 0 0
BinVal : 9 5 0 0 0
BinVal : 9 6 0 0 0
BinVal : 9 7 0.657143 0.0802329 0.0802329
BinVal : 9 8 0.930233 0.0388497 0.0388497
BinVal : 9 9 0.938462 0.0298075 0.0298075
BinVal : 9 10 0.557692 0.0688744 0.0688744
BinVal : 9 11 0.5 0.0680414 0.0680414
BinVal : 9 12 0.62963 0.053656 0.053656
BinVal : 9 13 0.6 0.0565685 0.0565685
BinVal : 9 14 0.704918 0.058395 0.058395
BinVal : 9 15 0.766234 0.048231 0.048231
BinVal : 9 16 0.578947 0.0566345 0.0566345
BinVal : 9 17 0.611111 0.0574522 0.0574522
BinVal : 9 18 0.571429 0.070696 0.070696
BinVal : 9 19 0.625 0.0646936 0.0646936
BinVal : 9 20 0.88 0.0459565 0.0459565
BinVal : 9 21 0.916667 0.0325723 0.0325723
BinVal : 9 22 0.685714 0.0784693 0.0784693
BinVal : 9 23 0 0 0
BinVal : 9 24 0 0 0
BinVal : 9 25 0 0 0
BinVal : 9 26 0 0 0
BinVal : 9 27 0 0 0
BinVal : 9 28 0 0 0
BinVal : 9 29 0 0 0
BinVal : 10 0 0 0 0
BinVal : 10 1 0 0 0
BinVal : 10 2 0 0 0
BinVal : 10 3 0 0 0
BinVal : 10 4 0 0 0
BinVal : 10 5 0 0 0
BinVal : 10 6 0 0 0
BinVal : 10 7 0.820513 0.0614507 0.0614507
BinVal : 10 8 0.868421 0.0548361 0.0548361
BinVal : 10 9 0.155172 0.047542 0.047542
BinVal : 10 10 0.327586 0.0616264 0.0616264
BinVal : 10 11 0.160714 0.0490781 0.0490781
BinVal : 10 12 0.461538 0.0564461 0.0564461
BinVal : 10 13 0.782609 0.0496557 0.0496557
BinVal : 10 14 0.684932 0.0543707 0.0543707
BinVal : 10 15 0.632911 0.0542305 0.0542305
BinVal : 10 16 0.707692 0.0564138 0.0564138
BinVal : 10 17 0.506849 0.0585151 0.0585151
BinVal : 10 18 0.106061 0.0379017 0.0379017
BinVal : 10 19 0.365079 0.0606573 0.0606573
BinVal : 10 20 0.307692 0.0640039 0.0640039
BinVal : 10 21 0.830508 0.048845 0.048845
BinVal : 10 22 0.625 0.0765466 0.0765466
BinVal : 10 23 0 0 0
BinVal : 10 24 0 0 0
BinVal : 10 25 0 0 0
BinVal : 10 26 0 0 0
BinVal : 10 27 0 0 0
BinVal : 10 28 0 0 0
BinVal : 10 29 0 0 0
BinVal : 11 0 0 0 0
BinVal : 11 1 0 0 0
BinVal : 11 2 0 0 0
BinVal : 11 3 0 0 0
BinVal : 11 4 0 0 0
BinVal : 11 5 0 0 0
BinVal : 11 6 0 0 0
BinVal : 11 7 0.758621 0.0561886 0.0561886
BinVal : 11 8 0.86 0.0490714 0.0490714
BinVal : 11 9 0 0 0
BinVal : 11 10 0.0357143 0.0350707 0.0350707
BinVal : 11 11 0 0 0
BinVal : 11 12 0 0 0
BinVal : 11 13 0 0 0
BinVal : 11 14 0 0 0
BinVal : 11 15 0 0 0
BinVal : 11 16 0 0 0
BinVal : 11 17 0.0285714 0.0281603 0.0281603
BinVal : 11 18 0 0 0
BinVal : 11 19 0 0 0
BinVal : 11 20 0 0 0
BinVal : 11 21 0.72 0.063498 0.063498
BinVal : 11 22 0.692308 0.0640039 0.0640039
BinVal : 11 23 0 0 0
BinVal : 11 24 0 0 0
BinVal : 11 25 0 0 0
BinVal : 11 26 0 0 0
BinVal : 11 27 0 0 0
BinVal : 11 28 0 0 0
BinVal : 11 29 0 0 0
BinVal : 12 0 0 0 0
BinVal : 12 1 0 0 0
BinVal : 12 2 0 0 0
BinVal : 12 3 0 0 0
BinVal : 12 4 0 0 0
BinVal : 12 5 0 0 0
BinVal : 12 6 0 0 0
BinVal : 12 7 0.780488 0.0646428 0.0646428
BinVal : 12 8 0.7 0.0724569 0.0724569
BinVal : 12 9 0.0571429 0.0392347 0.0392347
BinVal : 12 10 0 0 0
BinVal : 12 11 0 0 0
BinVal : 12 12 0 0 0
BinVal : 12 13 0 0 0
BinVal : 12 14 0 0 0
BinVal : 12 15 0 0 0
BinVal : 12 16 0 0 0
BinVal : 12 17 0 0 0
BinVal : 12 18 0 0 0
BinVal : 12 19 0 0 0
BinVal : 12 20 0.0263158 0.0259672 0.0259672
BinVal : 12 21 0.711111 0.0675659 0.0675659
BinVal : 12 22 0.64 0.0678822 0.0678822
BinVal : 12 23 0 0 0
BinVal : 12 24 0 0 0
BinVal : 12 25 0 0 0
BinVal : 12 26 0 0 0
BinVal : 12 27 0 0 0
BinVal : 12 28 0 0 0
BinVal : 12 29 0 0 0
BinVal : 13 0 0 0 0
BinVal : 13 1 0 0 0
BinVal : 13 2 0 0 0
BinVal : 13 3 0 0 0
BinVal : 13 4 0 0 0
BinVal : 13 5 0 0 0
BinVal : 13 6 0 0 0
BinVal : 13 7 0.657143 0.0802329 0.0802329
BinVal : 13 8 0.867925 0.0465066 0.0465066
BinVal : 13 9 0.328571 0.0561391 0.0561391
BinVal : 13 10 0.357143 0.0640301 0.0640301
BinVal : 13 11 0.106061 0.0379017 0.0379017
BinVal : 13 12 0.6 0.0565685 0.0565685
BinVal : 13 13 0.696203 0.0517424 0.0517424
BinVal : 13 14 0.8 0.0516398 0.0516398
BinVal : 13 15 0.761364 0.0454384 0.0454384
BinVal : 13 16 0.698795 0.0503578 0.0503578
BinVal : 13 17 0.545455 0.0530795 0.0530795
BinVal : 13 18 0.0447761 0.0252661 0.0252661
BinVal : 13 19 0.288889 0.0675659 0.0675659
BinVal : 13 20 0.290909 0.0612418 0.0612418
BinVal : 13 21 0.895833 0.0440918 0.0440918
BinVal : 13 22 0.744186 0.0665378 0.0665378
BinVal : 13 23 0 0 0
BinVal : 13 24 0 0 0
BinVal : 13 25 0 0 0
BinVal : 13 26 0 0 0
BinVal : 13 27 0 0 0
BinVal : 13 28 0 0 0
BinVal : 13 29 0 0 0
BinVal : 14 0 0 0 0
BinVal : 14 1 0 0 0
BinVal : 14 2 0 0 0
BinVal : 14 3 0 0 0
BinVal : 14 4 0 0 0
BinVal : 14 5 0 0 0
BinVal : 14 6 0 0 0
BinVal : 14 7 0.764706 0.0727467 0.0727467
BinVal : 14 8 0.90625 0.051527 0.051527
BinVal : 14 9 0.935484 0.0312001 0.0312001
BinVal : 14 10 0.701754 0.0605958 0.0605958
BinVal : 14 11 0.584416 0.0561623 0.0561623
BinVal : 14 12 0.680556 0.0549494 0.0549494
BinVal : 14 13 0.666667 0.06415 0.06415
BinVal : 14 14 0.793651 0.0509854 0.0509854
BinVal : 14 15 0.625 0.0646936 0.0646936
BinVal : 14 16 0.46875 0.0623778 0.0623778
BinVal : 14 17 0.54902 0.0696767 0.0696767
BinVal : 14 18 0.472727 0.0673196 0.0673196
BinVal : 14 19 0.466667 0.0743698 0.0743698
BinVal : 14 20 0.928571 0.0397392 0.0397392
BinVal : 14 21 0.948718 0.0353199 0.0353199
BinVal : 14 22 0.6875 0.0669023 0.0669023
BinVal : 14 23 0 0 0
BinVal : 14 24 0 0 0
BinVal : 14 25 0 0 0
BinVal : 14 26 0 0 0
BinVal : 14 27 0 0 0
BinVal : 14 28 0 0 0
BinVal : 14 29 0 0 0
BinVal : 15 0 0 0 0
BinVal : 15 1 0 0 0
BinVal : 15 2 0 0 0
BinVal : 15 3 0 0 0
BinVal : 15 4 0 0 0
BinVal : 15 5 0 0 0
BinVal : 15 6 0 0 0
BinVal : 15 7 0.717949 0.0720574 0.0720574
BinVal : 15 8 0.952381 0.0328603 0.0328603
BinVal : 15 9 0.576271 0.0643326 0.0643326
BinVal : 15 10 0.625 0.0698771 0.0698771
BinVal : 15 11 0.555556 0.062604 0.062604
BinVal : 15 12 0.559322 0.0646347 0.0646347
BinVal : 15 13 0.85 0.0460977 0.0460977
BinVal : 15 14 0.84375 0.0453865 0.0453865
BinVal : 15 15 0.855263 0.0403583 0.0403583
BinVal : 15 16 0.680556 0.0549494 0.0549494
BinVal : 15 17 0.65 0.0533268 0.0533268
BinVal : 15 18 0.571429 0.070696 0.070696
BinVal : 15 19 0.581395 0.0752322 0.0752322
BinVal : 15 20 0.490196 0.0700005 0.0700005
BinVal : 15 21 0.897959 0.0432431 0.0432431
BinVal : 15 22 0.791667 0.0586179 0.0586179
BinVal : 15 23 0 0 0
BinVal : 15 24 0 0 0
BinVal : 15 25 0 0 0
BinVal : 15 26 0 0 0
BinVal : 15 27 0 0 0
BinVal : 15 28 0 0 0
BinVal : 15 29 0 0 0


Comments : includes prescale inefficiency, cosmic veto applied 
EffMethod : TagAndProbe 
EffName : eff 
EffType : Binned 
EffVarNames : phi deteta 
EffVersion : 3 
ObjQuality : MuFromMuJetsOR 
ObjRelativeTo : loose_trackloose_iso_TopScaledMedium 
ObjType : Muon 
ObjVersion : 1 
RunRangeHigh : -1 
RunRangeLow : -1 
TriggerVersionHigh : 15.49 
TriggerVersionLow : 15.22 
BinEdgesX : 0 0.3927 0.7854 1.1781 1.5708 1.9635 2.3562 2.7489 3.1416 3.5343 3.927 4.3197 4.7124 5.1051 5.4978 5.8905 6.2832 
BinEdgesY : -3 -2.8 -2.6 -2.4 -2.2 -2 -1.8 -1.6 -1.4 -1.2 -1 -0.8 -0.6 -0.4 -0.2 0 0.2 0.4 0.6 0.8 1 1.2 1.4 1.6 1.8 2 2.2 2.4 2.6 2.8 3 
BinVal : 0 0 0 0 0
BinVal : 0 1 0 0 0
BinVal : 0 2 0 0 0
BinVal : 0 3 0 0 0
BinVal : 0 4 0.25 0.216506 0.216506
BinVal : 0 5 0.90625 0.051527 0.051527
BinVal : 0 6 0.90625 0.051527 0.051527
BinVal : 0 7 0.928571 0.0344151 0.0344151
BinVal : 0 8 0.825581 0.0409192 0.0409192
BinVal : 0 9 0.76 0.0493153 0.0493153
BinVal : 0 10 0.693333 0.0532444 0.0532444
BinVal : 0 11 0.6375 0.0537464 0.0537464
BinVal : 0 12 0.674699 0.0514232 0.0514232
BinVal : 0 13 0.916667 0.0301561 0.0301561
BinVal : 0 14 0.93 0.0255147 0.0255147
BinVal : 0 15 0.911111 0.0299977 0.0299977
BinVal : 0 16 0.761905 0.0464714 0.0464714
BinVal : 0 17 0.666667 0.0523783 0.0523783
BinVal : 0 18 0.648936 0.04923 0.04923
BinVal : 0 19 0.730769 0.0502233 0.0502233
BinVal : 0 20 0.763158 0.0487674 0.0487674
BinVal : 0 21 0.966102 0.02356 0.02356
BinVal : 0 22 0.864407 0.044571 0.044571
BinVal : 0 23 0.744186 0.0665378 0.0665378
BinVal : 0 24 0.833333 0.062113 0.062113
BinVal : 0 25 0 0 0
BinVal : 0 26 0 0 0
BinVal : 0 27 0 0 0
BinVal : 0 28 0 0 0
BinVal : 0 29 0 0 0
BinVal : 1 0 0 0 0
BinVal : 1 1 0 0 0
BinVal : 1 2 0 0 0
BinVal : 1 3 0 0 0
BinVal : 1 4 0 0 0
BinVal : 1 5 0.941176 0.0570672 0.0570672
BinVal : 1 6 0.942857 0.0392347 0.0392347
BinVal : 1 7 0.921569 0.0376464 0.0376464
BinVal : 1 8 0.868852 0.0432203 0.0432203
BinVal : 1 9 0.929825 0.0338342 0.0338342
BinVal : 1 10 0.522388 0.0610235 0.0610235
BinVal : 1 11 0.846154 0.0378222 0.0378222
BinVal : 1 12 0.675926 0.045036 0.045036
BinVal : 1 13 0.811594 0.0470752 0.0470752
BinVal : 1 14 0.944444 0.0241452 0.0241452
BinVal : 1 15 0.956522 0.0212613 0.0212613
BinVal : 1 16 0.651685 0.0505021 0.0505021
BinVal : 1 17 0.653061 0.0480829 0.0480829
BinVal : 1 18 0.72093 0.0483675 0.0483675
BinVal : 1 19 0.536232 0.0600347 0.0600347
BinVal : 1 20 0.95 0.024367 0.024367
BinVal : 1 21 0.912281 0.0374692 0.0374692
BinVal : 1 22 0.918367 0.0391149 0.0391149
BinVal : 1 23 0.885714 0.0537785 0.0537785
BinVal : 1 24 0.888889 0.0604812 0.0604812
BinVal : 1 25 0 0 0
BinVal : 1 26 0 0 0
BinVal : 1 27 0 0 0
BinVal : 1 28 0 0 0
BinVal : 1 29 0 0 0
BinVal : 2 0 0 0 0
BinVal : 2 1 0 0 0
BinVal : 2 2 0 0 0
BinVal : 2 3 0 0 0
BinVal : 2 4 0 0 0
BinVal : 2 5 0.923077 0.0739053 0.0739053
BinVal : 2 6 0.863636 0.073165 0.073165
BinVal : 2 7 0.833333 0.0575055 0.0575055
BinVal : 2 8 0.958333 0.0288424 0.0288424
BinVal : 2 9 0.949153 0.0286007 0.0286007
BinVal : 2 10 0.603774 0.0671848 0.0671848
BinVal : 2 11 0.80597 0.0483121 0.0483121
BinVal : 2 12 0.746667 0.0502203 0.0502203
BinVal : 2 13 0.758065 0.0543885 0.0543885
BinVal : 2 14 0.927536 0.0312105 0.0312105
BinVal : 2 15 0.896552 0.0399885 0.0399885
BinVal : 2 16 0.564516 0.0629692 0.0629692
BinVal : 2 17 0.746269 0.0531615 0.0531615
BinVal : 2 18 0.722222 0.0609519 0.0609519
BinVal : 2 19 0.422222 0.0736283 0.0736283
BinVal : 2 20 0.895833 0.0440918 0.0440918
BinVal : 2 21 0.956522 0.030068 0.030068
BinVal : 2 22 0.9 0.0474342 0.0474342
BinVal : 2 23 0.896552 0.0565523 0.0565523
BinVal : 2 24 1 0.102643 0.102643
BinVal : 2 25 0 0 0
BinVal : 2 26 0 0 0
BinVal : 2 27 0 0 0
BinVal : 2 28 0 0 0
BinVal : 2 29 0 0 0
BinVal : 3 0 0 0 0
BinVal : 3 1 0 0 0
BinVal : 3 2 0 0 0
BinVal : 3 3 0 0 0
BinVal : 3 4 1 0.218486 0.218486
BinVal : 3 5 0.714286 0.170747 0.170747
BinVal : 3 6 0.833333 0.087841 0.087841
BinVal : 3 7 0.923077 0.0522589 0.0522589
BinVal : 3 8 1 0.0309157 0.0309157
BinVal : 3 9 0.576923 0.0968907 0.0968907
BinVal : 3 10 0.636364 0.102559 0.102559
BinVal : 3 11 0.625 0.0988212 0.0988212
BinVal : 3 12 0.607143 0.0922962 0.0922962
BinVal : 3 13 0.83871 0.0660586 0.0660586
BinVal : 3 14 0.911765 0.0486433 0.0486433
BinVal : 3 15 0.96875 0.0307578 0.0307578
BinVal : 3 16 0.714286 0.0763604 0.0763604
BinVal : 3 17 0.810811 0.0643883 0.0643883
BinVal : 3 18 0.9375 0.0427908 0.0427908
BinVal : 3 19 0.666667 0.111111 0.111111
BinVal : 3 20 0.631579 0.110665 0.110665
BinVal : 3 21 1 0.0266185 0.0266185
BinVal : 3 22 0.916667 0.0564169 0.0564169
BinVal : 3 23 1 0.0279117 0.0279117
BinVal : 3 24 0.846154 0.100068 0.100068
BinVal : 3 25 0 0 0
BinVal : 3 26 0 0 0
BinVal : 3 27 0 0 0
BinVal : 3 28 0 0 0
BinVal : 3 29 0 0 0
BinVal : 4 0 0 0 0
BinVal : 4 1 0 0 0
BinVal : 4 2 0 0 0
BinVal : 4 3 0 0 0
BinVal : 4 4 0 0 0
BinVal : 4 5 1 0.0495858 0.0495858
BinVal : 4 6 0.866667 0.0877707 0.0877707
BinVal : 4 7 0.928571 0.0486704 0.0486704
BinVal : 4 8 0.933333 0.045542 0.045542
BinVal : 4 9 0.884615 0.0626563 0.0626563
BinVal : 4 10 0.518519 0.096159 0.096159
BinVal : 4 11 0.769231 0.0826286 0.0826286
BinVal : 4 12 0.675 0.0740566 0.0740566
BinVal : 4 13 0.870968 0.0602101 0.0602101
BinVal : 4 14 0.875 0.0584634 0.0584634
BinVal : 4 15 0.742857 0.0738764 0.0738764
BinVal : 4 16 0.541667 0.101707 0.101707
BinVal : 4 17 0.909091 0.0500438 0.0500438
BinVal : 4 18 0.73913 0.0915605 0.0915605
BinVal : 4 19 0.642857 0.0905522 0.0905522
BinVal : 4 20 0.766667 0.0772202 0.0772202
BinVal : 4 21 1 0.0293374 0.0293374
BinVal : 4 22 0.869565 0.0702237 0.0702237
BinVal : 4 23 0.866667 0.0877707 0.0877707
BinVal : 4 24 0.888889 0.104757 0.104757
BinVal : 4 25 0 0 0
BinVal : 4 26 0 0 0
BinVal : 4 27 0 0 0
BinVal : 4 28 0 0 0
BinVal : 4 29 0 0 0
BinVal : 5 0 0 0 0
BinVal : 5 1 0 0 0
BinVal : 5 2 0 0 0
BinVal : 5 3 0 0 0
BinVal : 5 4 0 0 0
BinVal : 5 5 1 0.0599198 0.0599198
BinVal : 5 6 0.806452 0.0709583 0.0709583
BinVal : 5 7 0.891892 0.0510487 0.0510487
BinVal : 5 8 0.948276 0.0290804 0.0290804
BinVal : 5 9 0.907407 0.039445 0.039445
BinVal : 5 10 0.584906 0.0676828 0.0676828
BinVal : 5 11 0.666667 0.06415 0.06415
BinVal : 5 12 0.756757 0.049875 0.049875
BinVal : 5 13 0.603448 0.0642327 0.0642327
BinVal : 5 14 0.858974 0.0394087 0.0394087
BinVal : 5 15 0.848485 0.0441345 0.0441345
BinVal : 5 16 0.536232 0.0600347 0.0600347
BinVal : 5 17 0.678571 0.0624088 0.0624088
BinVal : 5 18 0.72 0.063498 0.063498
BinVal : 5 19 0.54717 0.068374 0.068374
BinVal : 5 20 0.803922 0.0555951 0.0555951
BinVal : 5 21 0.953488 0.0321147 0.0321147
BinVal : 5 22 0.783784 0.0676771 0.0676771
BinVal : 5 23 0.85 0.0798436 0.0798436
BinVal : 5 24 1 0.102643 0.102643
BinVal : 5 25 0 0 0
BinVal : 5 26 0 0 0
BinVal : 5 27 0 0 0
BinVal : 5 28 0 0 0
BinVal : 5 29 0 0 0
BinVal : 6 0 0 0 0
BinVal : 6 1 0 0 0
BinVal : 6 2 0 0 0
BinVal : 6 3 0 0 0
BinVal : 6 4 0 0 0
BinVal : 6 5 0.875 0.116927 0.116927
BinVal : 6 6 0.837838 0.0605974 0.0605974
BinVal : 6 7 0.960784 0.0271805 0.0271805
BinVal : 6 8 0.946667 0.0259458 0.0259458
BinVal : 6 9 0.945205 0.0266361 0.0266361
BinVal : 6 10 0.484848 0.0615175 0.0615175
BinVal : 6 11 0.328947 0.0538933 0.0538933
BinVal : 6 12 0.445946 0.0577832 0.0577832
BinVal : 6 13 0.643564 0.0476569 0.0476569
BinVal : 6 14 0.823529 0.0377464 0.0377464
BinVal : 6 15 0.881188 0.0321961 0.0321961
BinVal : 6 16 0.695122 0.0508378 0.0508378
BinVal : 6 17 0.767442 0.0455553 0.0455553
BinVal : 6 18 0.764706 0.0460091 0.0460091
BinVal : 6 19 0.575 0.0552692 0.0552692
BinVal : 6 20 0.934211 0.0284377 0.0284377
BinVal : 6 21 0.833333 0.0537914 0.0537914
BinVal : 6 22 0.886792 0.0435222 0.0435222
BinVal : 6 23 0.911765 0.0486433 0.0486433
BinVal : 6 24 1 0.0668855 0.0668855
BinVal : 6 25 0 0 0
BinVal : 6 26 0 0 0
BinVal : 6 27 0 0 0
BinVal : 6 28 0 0 0
BinVal : 6 29 0 0 0
BinVal : 7 0 0 0 0
BinVal : 7 1 0 0 0
BinVal : 7 2 0 0 0
BinVal : 7 3 0 0 0
BinVal : 7 4 0 0 0
BinVal : 7 5 0.962963 0.0363447 0.0363447
BinVal : 7 6 0.907407 0.039445 0.039445
BinVal : 7 7 0.946429 0.0300896 0.0300896
BinVal : 7 8 0.957747 0.0238741 0.0238741
BinVal : 7 9 0.542857 0.0595415 0.0595415
BinVal : 7 10 0.256757 0.0507821 0.0507821
BinVal : 7 11 0.207317 0.0447672 0.0447672
BinVal : 7 12 0.460674 0.0528357 0.0528357
BinVal : 7 13 0.886957 0.0295274 0.0295274
BinVal : 7 14 0.894231 0.030157 0.030157
BinVal : 7 15 0.915789 0.0284918 0.0284918
BinVal : 7 16 0.806723 0.0361975 0.0361975
BinVal : 7 17 0.752294 0.0413475 0.0413475
BinVal : 7 18 0.561224 0.0501275 0.0501275
BinVal : 7 19 0.635294 0.0522095 0.0522095
BinVal : 7 20 0.686747 0.0509105 0.0509105
BinVal : 7 21 0.876923 0.0407486 0.0407486
BinVal : 7 22 0.90566 0.0401506 0.0401506
BinVal : 7 23 0.928571 0.0397392 0.0397392
BinVal : 7 24 0.913043 0.0587534 0.0587534
BinVal : 7 25 0 0 0
BinVal : 7 26 0 0 0
BinVal : 7 27 0 0 0
BinVal : 7 28 0 0 0
BinVal : 7 29 0 0 0
BinVal : 8 0 0 0 0
BinVal : 8 1 0 0 0
BinVal : 8 2 0 0 0
BinVal : 8 3 0 0 0
BinVal : 8 4 1 0.218486 0.218486
BinVal : 8 5 0.88 0.0649923 0.0649923
BinVal : 8 6 0.933333 0.0322031 0.0322031
BinVal : 8 7 0.964912 0.0243716 0.0243716
BinVal : 8 8 0.922078 0.030547 0.030547
BinVal : 8 9 0.551282 0.0563153 0.0563153
BinVal : 8 10 0.240964 0.0469427 0.0469427
BinVal : 8 11 0.352941 0.0518339 0.0518339
BinVal : 8 12 0.29703 0.0454682 0.0454682
BinVal : 8 13 0.858586 0.0350204 0.0350204
BinVal : 8 14 0.87931 0.0302466 0.0302466
BinVal : 8 15 0.921053 0.0252557 0.0252557
BinVal : 8 16 0.752212 0.0406135 0.0406135
BinVal : 8 17 0.692308 0.0483824 0.0483824
BinVal : 8 18 0.567568 0.0470226 0.0470226
BinVal : 8 19 0.662338 0.0538934 0.0538934
BinVal : 8 20 0.704225 0.0541635 0.0541635
BinVal : 8 21 0.885714 0.0380271 0.0380271
BinVal : 8 22 0.946429 0.0300896 0.0300896
BinVal : 8 23 0.891892 0.0510487 0.0510487
BinVal : 8 24 0.821429 0.0723789 0.0723789
BinVal : 8 25 0 0 0
BinVal : 8 26 0 0 0
BinVal : 8 27 0 0 0
BinVal : 8 28 0 0 0
BinVal : 8 29 0 0 0
BinVal : 9 0 0 0 0
BinVal : 9 1 0 0 0
BinVal : 9 2 0 0 0
BinVal : 9 3 0 0 0
BinVal : 9 4 0 0 0
BinVal : 9 5 0.944444 0.0539903 0.0539903
BinVal : 9 6 0.944444 0.0381769 0.0381769
BinVal : 9 7 0.933333 0.0322031 0.0322031
BinVal : 9 8 0.907895 0.0331706 0.0331706
BinVal : 9 9 0.963415 0.0207326 0.0207326
BinVal : 9 10 0.318841 0.0561031 0.0561031
BinVal : 9 11 0.289157 0.0497639 0.0497639
BinVal : 9 12 0.287356 0.0485162 0.0485162
BinVal : 9 13 0.543689 0.049078 0.049078
BinVal : 9 14 0.712766 0.0466689 0.0466689
BinVal : 9 15 0.878261 0.0304914 0.0304914
BinVal : 9 16 0.646018 0.0449856 0.0449856
BinVal : 9 17 0.61165 0.0480225 0.0480225
BinVal : 9 18 0.625 0.0494106 0.0494106
BinVal : 9 19 0.630435 0.0503236 0.0503236
BinVal : 9 20 0.986486 0.0134219 0.0134219
BinVal : 9 21 0.945455 0.0306209 0.0306209
BinVal : 9 22 0.851064 0.0519317 0.0519317
BinVal : 9 23 0.825 0.0600781 0.0600781
BinVal : 9 24 0.928571 0.0688303 0.0688303
BinVal : 9 25 0 0 0
BinVal : 9 26 0 0 0
BinVal : 9 27 0 0 0
BinVal : 9 28 0 0 0
BinVal : 9 29 0 0 0
BinVal : 10 0 0 0 0
BinVal : 10 1 0 0 0
BinVal : 10 2 0 0 0
BinVal : 10 3 0 0 0
BinVal : 10 4 0 0 0
BinVal : 10 5 1 0.0422902 0.0422902
BinVal : 10 6 0.96 0.0391918 0.0391918
BinVal : 10 7 0.96 0.0277128 0.0277128
BinVal : 10 8 0.881579 0.0370628 0.0370628
BinVal : 10 9 0.298507 0.0559051 0.0559051
BinVal : 10 10 0.324675 0.0533624 0.0533624
BinVal : 10 11 0.101449 0.0363472 0.0363472
BinVal : 10 12 0.594059 0.0488636 0.0488636
BinVal : 10 13 0.744186 0.0470494 0.0470494
BinVal : 10 14 0.777778 0.0400046 0.0400046
BinVal : 10 15 0.830645 0.0336818 0.0336818
BinVal : 10 16 0.72549 0.044187 0.044187
BinVal : 10 17 0.589041 0.0575852 0.0575852
BinVal : 10 18 0.136842 0.0352609 0.0352609
BinVal : 10 19 0.369863 0.0565036 0.0565036
BinVal : 10 20 0.126984 0.0419484 0.0419484
BinVal : 10 21 0.933333 0.0322031 0.0322031
BinVal : 10 22 0.941176 0.0329478 0.0329478
BinVal : 10 23 0.809524 0.0605913 0.0605913
BinVal : 10 24 0.777778 0.0979908 0.0979908
BinVal : 10 25 1 0.159077 0.159077
BinVal : 10 26 0 0 0
BinVal : 10 27 0 0 0
BinVal : 10 28 0 0 0
BinVal : 10 29 0 0 0
BinVal : 11 0 0 0 0
BinVal : 11 1 0 0 0
BinVal : 11 2 0 0 0
BinVal : 11 3 0 0 0
BinVal : 11 4 0.625 0.171163 0.171163
BinVal : 11 5 0.705882 0.0781425 0.0781425
BinVal : 11 6 0.914286 0.0473188 0.0473188
BinVal : 11 7 0.891304 0.0458923 0.0458923
BinVal : 11 8 0.729167 0.0641422 0.0641422
BinVal : 11 9 0.0377358 0.026175 0.026175
BinVal : 11 10 0 0 0
BinVal : 11 11 0 0 0
BinVal : 11 12 0 0 0
BinVal : 11 13 0 0 0
BinVal : 11 14 0 0 0
BinVal : 11 15 0.0125 0.0124216 0.0124216
BinVal : 11 16 0 0 0
BinVal : 11 17 0 0 0
BinVal : 11 18 0 0 0
BinVal : 11 19 0 0 0
BinVal : 11 20 0.0491803 0.0276873 0.0276873
BinVal : 11 21 0.625 0.0605154 0.0605154
BinVal : 11 22 0.884058 0.0385422 0.0385422
BinVal : 11 23 0.925 0.0416458 0.0416458
BinVal : 11 24 0.941176 0.0403526 0.0403526
BinVal : 11 25 0.166667 0.152145 0.152145
BinVal : 11 26 0 0 0
BinVal : 11 27 0 0 0
BinVal : 11 28 0 0 0
BinVal : 11 29 0 0 0
BinVal : 12 0 0 0 0
BinVal : 12 1 0 0 0
BinVal : 12 2 0 0 0
BinVal : 12 3 0 0 0
BinVal : 12 4 0.333333 0.272166 0.272166
BinVal : 12 5 0.933333 0.045542 0.045542
BinVal : 12 6 0.869565 0.0496557 0.0496557
BinVal : 12 7 0.862069 0.0452781 0.0452781
BinVal : 12 8 0.619718 0.057613 0.057613
BinVal : 12 9 0 0 0
BinVal : 12 10 0 0 0
BinVal : 12 11 0 0 0
BinVal : 12 12 0 0 0
BinVal : 12 13 0 0 0
BinVal : 12 14 0 0 0
BinVal : 12 15 0 0 0
BinVal : 12 16 0 0 0
BinVal : 12 17 0.0363636 0.0252411 0.0252411
BinVal : 12 18 0 0 0
BinVal : 12 19 0 0 0
BinVal : 12 20 0 0 0
BinVal : 12 21 0.727273 0.0600526 0.0600526
BinVal : 12 22 0.985294 0.0145974 0.0145974
BinVal : 12 23 0.888889 0.0523783 0.0523783
BinVal : 12 24 0.884615 0.0626563 0.0626563
BinVal : 12 25 0.5 0.25 0.25
BinVal : 12 26 0 0 0
BinVal : 12 27 0 0 0
BinVal : 12 28 0 0 0
BinVal : 12 29 0 0 0
BinVal : 13 0 0 0 0
BinVal : 13 1 0 0 0
BinVal : 13 2 0 0 0
BinVal : 13 3 0 0 0
BinVal : 13 4 0 0 0
BinVal : 13 5 0.857143 0.0763604 0.0763604
BinVal : 13 6 0.849057 0.0491742 0.0491742
BinVal : 13 7 0.857143 0.0440867 0.0440867
BinVal : 13 8 0.909091 0.0327614 0.0327614
BinVal : 13 9 0.358974 0.0543153 0.0543153
BinVal : 13 10 0.410256 0.0556945 0.0556945
BinVal : 13 11 0.0686275 0.0250329 0.0250329
BinVal : 13 12 0.666667 0.0505399 0.0505399
BinVal : 13 13 0.463918 0.0506349 0.0506349
BinVal : 13 14 0.446602 0.0489847 0.0489847
BinVal : 13 15 0.489362 0.0515594 0.0515594
BinVal : 13 16 0.462366 0.0517005 0.0517005
BinVal : 13 17 0.617284 0.0540055 0.0540055
BinVal : 13 18 0.0952381 0.036983 0.036983
BinVal : 13 19 0.328571 0.0561391 0.0561391
BinVal : 13 20 0.296875 0.0571101 0.0571101
BinVal : 13 21 0.95082 0.0276873 0.0276873
BinVal : 13 22 0.88 0.0459565 0.0459565
BinVal : 13 23 0.918919 0.0448743 0.0448743
BinVal : 13 24 0.833333 0.107583 0.107583
BinVal : 13 25 0 0 0
BinVal : 13 26 0 0 0
BinVal : 13 27 0 0 0
BinVal : 13 28 0 0 0
BinVal : 13 29 0 0 0
BinVal : 14 0 0 0 0
BinVal : 14 1 0 0 0
BinVal : 14 2 0 0 0
BinVal : 14 3 0 0 0
BinVal : 14 4 0 0 0
BinVal : 14 5 0.714286 0.170747 0.170747
BinVal : 14 6 0.827586 0.0701445 0.0701445
BinVal : 14 7 0.860465 0.0528413 0.0528413
BinVal : 14 8 0.875 0.0441942 0.0441942
BinVal : 14 9 0.917808 0.0321461 0.0321461
BinVal : 14 10 0.537313 0.0609144 0.0609144
BinVal : 14 11 0.666667 0.0533761 0.0533761
BinVal : 14 12 0.736842 0.0505113 0.0505113
BinVal : 14 13 0.670588 0.0509786 0.0509786
BinVal : 14 14 0.875 0.0369755 0.0369755
BinVal : 14 15 0.714286 0.0492904 0.0492904
BinVal : 14 16 0.671233 0.0549819 0.0549819
BinVal : 14 17 0.634409 0.0499391 0.0499391
BinVal : 14 18 0.528571 0.0596638 0.0596638
BinVal : 14 19 0.467742 0.0633678 0.0633678
BinVal : 14 20 0.975309 0.0172425 0.0172425
BinVal : 14 21 0.911111 0.0424232 0.0424232
BinVal : 14 22 0.914894 0.0407022 0.0407022
BinVal : 14 23 0.888889 0.0523783 0.0523783
BinVal : 14 24 1 0.0293374 0.0293374
BinVal : 14 25 0 0 0
BinVal : 14 26 0 0 0
BinVal : 14 27 0 0 0
BinVal : 14 28 0 0 0
BinVal : 14 29 0 0 0
BinVal : 15 0 0 0 0
BinVal : 15 1 0 0 0
BinVal : 15 2 0 0 0
BinVal : 15 3 0 0 0
BinVal : 15 4 0 0 0
BinVal : 15 5 0.941176 0.0570672 0.0570672
BinVal : 15 6 0.833333 0.0680414 0.0680414
BinVal : 15 7 0.980769 0.019045 0.019045
BinVal : 15 8 0.952381 0.0268303 0.0268303
BinVal : 15 9 0.559322 0.0646347 0.0646347
BinVal : 15 10 0.78022 0.0434092 0.0434092
BinVal : 15 11 0.719101 0.0476404 0.0476404
BinVal : 15 12 0.824176 0.0399051 0.0399051
BinVal : 15 13 0.933333 0.0288033 0.0288033
BinVal : 15 14 0.883495 0.0316123 0.0316123
BinVal : 15 15 0.935484 0.0254748 0.0254748
BinVal : 15 16 0.73494 0.0484461 0.0484461
BinVal : 15 17 0.644444 0.0504574 0.0504574
BinVal : 15 18 0.521739 0.0520793 0.0520793
BinVal : 15 19 0.558824 0.0602128 0.0602128
BinVal : 15 20 0.55814 0.0535506 0.0535506
BinVal : 15 21 0.921875 0.033546 0.033546
BinVal : 15 22 0.959459 0.0229267 0.0229267
BinVal : 15 23 0.934783 0.0364048 0.0364048
BinVal : 15 24 0.821429 0.0723789 0.0723789
BinVal : 15 25 0.5 0.204124 0.204124
BinVal : 15 26 0 0 0
BinVal : 15 27 0 0 0
BinVal : 15 28 0 0 0
BinVal : 15 29 0 0 0


Comments : includes prescale inefficiency, cosmic veto applied 
EffMethod : TagAndProbe 
EffName : eff 
EffType : Binned 
EffVarNames : phi deteta 
EffVersion : 3 
ObjQuality : MuFromMuJetsOR 
ObjRelativeTo : loose_trackloose_iso_TopScaledMedium 
ObjType : Muon 
ObjVersion : 1 
RunRangeHigh : -1 
RunRangeLow : -1 
TriggerVersionHigh : 15.89 
TriggerVersionLow : 15.5 
BinEdgesX : 0 0.3927 0.7854 1.1781 1.5708 1.9635 2.3562 2.7489 3.1416 3.5343 3.927 4.3197 4.7124 5.1051 5.4978 5.8905 6.2832 
BinEdgesY : -3 -2.8 -2.6 -2.4 -2.2 -2 -1.8 -1.6 -1.4 -1.2 -1 -0.8 -0.6 -0.4 -0.2 0 0.2 0.4 0.6 0.8 1 1.2 1.4 1.6 1.8 2 2.2 2.4 2.6 2.8 3 
BinVal : 0 0 0 0 0
BinVal : 0 1 0 0 0
BinVal : 0 2 0 0 0
BinVal : 0 3 0 0 0
BinVal : 0 4 0.222222 0.13858 0.13858
BinVal : 0 5 0.910448 0.0348842 0.0348842
BinVal : 0 6 0.938053 0.0226769 0.0226769
BinVal : 0 7 0.849206 0.0318796 0.0318796
BinVal : 0 8 0.874172 0.0269897 0.0269897
BinVal : 0 9 0.690355 0.0329409 0.0329409
BinVal : 0 10 0.802575 0.0260775 0.0260775
BinVal : 0 11 0.716981 0.0309381 0.0309381
BinVal : 0 12 0.712389 0.0301097 0.0301097
BinVal : 0 13 0.888889 0.0201604 0.0201604
BinVal : 0 14 0.932735 0.0167734 0.0167734
BinVal : 0 15 0.940928 0.0153142 0.0153142
BinVal : 0 16 0.799087 0.0270757 0.0270757
BinVal : 0 17 0.769585 0.028586 0.028586
BinVal : 0 18 0.70202 0.0325039 0.0325039
BinVal : 0 19 0.635294 0.0369177 0.0369177
BinVal : 0 20 0.664948 0.0338882 0.0338882
BinVal : 0 21 0.929412 0.0196447 0.0196447
BinVal : 0 22 0.896825 0.0270991 0.0270991
BinVal : 0 23 0.87 0.0336303 0.0336303
BinVal : 0 24 0.949367 0.0246672 0.0246672
BinVal : 0 25 0.363636 0.145041 0.145041
BinVal : 0 26 0 0 0
BinVal : 0 27 0 0 0
BinVal : 0 28 0 0 0
BinVal : 0 29 0 0 0
BinVal : 1 0 0 0 0
BinVal : 1 1 0 0 0
BinVal : 1 2 0 0 0
BinVal : 1 3 0 0 0
BinVal : 1 4 0.5 0.353553 0.353553
BinVal : 1 5 0.765957 0.0617591 0.0617591
BinVal : 1 6 0.775281 0.044244 0.044244
BinVal : 1 7 0.866667 0.0310316 0.0310316
BinVal : 1 8 0.825 0.030039 0.030039
BinVal : 1 9 0.932099 0.0197657 0.0197657
BinVal : 1 10 0.597701 0.0371742 0.0371742
BinVal : 1 11 0.831776 0.0255706 0.0255706
BinVal : 1 12 0.654709 0.0318394 0.0318394
BinVal : 1 13 0.772321 0.0280179 0.0280179
BinVal : 1 14 0.91453 0.0182767 0.0182767
BinVal : 1 15 0.890909 0.0210184 0.0210184
BinVal : 1 16 0.691589 0.0315706 0.0315706
BinVal : 1 17 0.764977 0.0287839 0.0287839
BinVal : 1 18 0.790244 0.0284355 0.0284355
BinVal : 1 19 0.590062 0.038761 0.038761
BinVal : 1 20 0.9 0.0244949 0.0244949
BinVal : 1 21 0.924658 0.0218441 0.0218441
BinVal : 1 22 0.932836 0.0216232 0.0216232
BinVal : 1 23 0.907407 0.0278919 0.0278919
BinVal : 1 24 0.878049 0.0511047 0.0511047
BinVal : 1 25 1 0.218486 0.218486
BinVal : 1 26 0 0 0
BinVal : 1 27 0 0 0
BinVal : 1 28 0 0 0
BinVal : 1 29 0 0 0
BinVal : 2 0 0 0 0
BinVal : 2 1 0 0 0
BinVal : 2 2 0 0 0
BinVal : 2 3 0 0 0
BinVal : 2 4 0 0 0
BinVal : 2 5 0.73913 0.0915605 0.0915605
BinVal : 2 6 0.883333 0.0414438 0.0414438
BinVal : 2 7 0.89 0.031289 0.031289
BinVal : 2 8 0.904255 0.0303486 0.0303486
BinVal : 2 9 0.912621 0.0278246 0.0278246
BinVal : 2 10 0.504348 0.0466235 0.0466235
BinVal : 2 11 0.792593 0.0348956 0.0348956
BinVal : 2 12 0.782609 0.0351119 0.0351119
BinVal : 2 13 0.674074 0.040341 0.040341
BinVal : 2 14 0.939189 0.0196443 0.0196443
BinVal : 2 15 0.892617 0.0253633 0.0253633
BinVal : 2 16 0.692308 0.0385958 0.0385958
BinVal : 2 17 0.612676 0.0408798 0.0408798
BinVal : 2 18 0.666667 0.0410305 0.0410305
BinVal : 2 19 0.42735 0.0457345 0.0457345
BinVal : 2 20 0.940171 0.0219264 0.0219264
BinVal : 2 21 0.9375 0.0247053 0.0247053
BinVal : 2 22 0.866667 0.0392523 0.0392523
BinVal : 2 23 0.783333 0.0531856 0.0531856
BinVal : 2 24 0.857143 0.0763604 0.0763604
BinVal : 2 25 0 0 0
BinVal : 2 26 0 0 0
BinVal : 2 27 0 0 0
BinVal : 2 28 0 0 0
BinVal : 2 29 0 0 0
BinVal : 3 0 0 0 0
BinVal : 3 1 0 0 0
BinVal : 3 2 0 0 0
BinVal : 3 3 0 0 0
BinVal : 3 4 0 0 0
BinVal : 3 5 0.956522 0.0425226 0.0425226
BinVal : 3 6 0.897436 0.0485811 0.0485811
BinVal : 3 7 0.902439 0.0463399 0.0463399
BinVal : 3 8 0.959184 0.0282664 0.0282664
BinVal : 3 9 0.516129 0.063467 0.063467
BinVal : 3 10 0.666667 0.0608581 0.0608581
BinVal : 3 11 0.642857 0.0572703 0.0572703
BinVal : 3 12 0.656716 0.0580067 0.0580067
BinVal : 3 13 0.776119 0.0509255 0.0509255
BinVal : 3 14 0.927536 0.0312105 0.0312105
BinVal : 3 15 1 0.00825644 0.00825644
BinVal : 3 16 0.822785 0.0429616 0.0429616
BinVal : 3 17 0.693548 0.0585495 0.0585495
BinVal : 3 18 0.652174 0.0573374 0.0573374
BinVal : 3 19 0.6 0.0565685 0.0565685
BinVal : 3 20 0.591837 0.0702134 0.0702134
BinVal : 3 21 0.945455 0.0306209 0.0306209
BinVal : 3 22 0.978723 0.021049 0.021049
BinVal : 3 23 0.944444 0.0381769 0.0381769
BinVal : 3 24 0.806452 0.0709583 0.0709583
BinVal : 3 25 0 0 0
BinVal : 3 26 0 0 0
BinVal : 3 27 0 0 0
BinVal : 3 28 0 0 0
BinVal : 3 29 0 0 0
BinVal : 4 0 0 0 0
BinVal : 4 1 0 0 0
BinVal : 4 2 0 0 0
BinVal : 4 3 0 0 0
BinVal : 4 4 0.5 0.204124 0.204124
BinVal : 4 5 0.888889 0.0604812 0.0604812
BinVal : 4 6 0.944444 0.0381769 0.0381769
BinVal : 4 7 0.948718 0.0353199 0.0353199
BinVal : 4 8 0.931035 0.0332725 0.0332725
BinVal : 4 9 0.5 0.0753778 0.0753778
BinVal : 4 10 0.596491 0.0649817 0.0649817
BinVal : 4 11 0.692308 0.0522589 0.0522589
BinVal : 4 12 0.586667 0.0568611 0.0568611
BinVal : 4 13 0.831169 0.0426899 0.0426899
BinVal : 4 14 0.782051 0.0467463 0.0467463
BinVal : 4 15 0.742268 0.0444098 0.0444098
BinVal : 4 16 0.62963 0.0657149 0.0657149
BinVal : 4 17 0.771429 0.0501891 0.0501891
BinVal : 4 18 0.671642 0.0573727 0.0573727
BinVal : 4 19 0.625 0.0646936 0.0646936
BinVal : 4 20 0.603448 0.0642327 0.0642327
BinVal : 4 21 0.945455 0.0306209 0.0306209
BinVal : 4 22 0.944444 0.0311713 0.0311713
BinVal : 4 23 1 0.0181909 0.0181909
BinVal : 4 24 0.9 0.067082 0.067082
BinVal : 4 25 0 0 0
BinVal : 4 26 0 0 0
BinVal : 4 27 0 0 0
BinVal : 4 28 0 0 0
BinVal : 4 29 0 0 0
BinVal : 5 0 0 0 0
BinVal : 5 1 0 0 0
BinVal : 5 2 0 0 0
BinVal : 5 3 0 0 0
BinVal : 5 4 0 0 0
BinVal : 5 5 0.777778 0.0979908 0.0979908
BinVal : 5 6 0.796875 0.0502906 0.0502906
BinVal : 5 7 0.913043 0.0339213 0.0339213
BinVal : 5 8 0.95098 0.0213782 0.0213782
BinVal : 5 9 0.872881 0.0306649 0.0306649
BinVal : 5 10 0.661017 0.0435767 0.0435767
BinVal : 5 11 0.743421 0.0354247 0.0354247
BinVal : 5 12 0.736111 0.0367283 0.0367283
BinVal : 5 13 0.740506 0.0348738 0.0348738
BinVal : 5 14 0.811429 0.0295695 0.0295695
BinVal : 5 15 0.81875 0.0304547 0.0304547
BinVal : 5 16 0.62987 0.0389083 0.0389083
BinVal : 5 17 0.688406 0.0394255 0.0394255
BinVal : 5 18 0.786127 0.0311746 0.0311746
BinVal : 5 19 0.609929 0.0410773 0.0410773
BinVal : 5 20 0.775362 0.0355266 0.0355266
BinVal : 5 21 0.848837 0.0386265 0.0386265
BinVal : 5 22 0.733333 0.0466137 0.0466137
BinVal : 5 23 0.839286 0.0490781 0.0490781
BinVal : 5 24 0.555556 0.165635 0.165635
BinVal : 5 25 1 0.218486 0.218486
BinVal : 5 26 0 0 0
BinVal : 5 27 0 0 0
BinVal : 5 28 0 0 0
BinVal : 5 29 0 0 0
BinVal : 6 0 0 0 0
BinVal : 6 1 0 0 0
BinVal : 6 2 0 0 0
BinVal : 6 3 0 0 0
BinVal : 6 4 0 0 0
BinVal : 6 5 1 0.0157046 0.0157046
BinVal : 6 6 0.820895 0.0468446 0.0468446
BinVal : 6 7 0.895161 0.0275106 0.0275106
BinVal : 6 8 0.934783 0.0210183 0.0210183
BinVal : 6 9 0.882353 0.0276275 0.0276275
BinVal : 6 10 0.693989 0.0340659 0.0340659
BinVal : 6 11 0.742515 0.0338353 0.0338353
BinVal : 6 12 0.698198 0.0308087 0.0308087
BinVal : 6 13 0.75 0.0309295 0.0309295
BinVal : 6 14 0.813636 0.0262533 0.0262533
BinVal : 6 15 0.886699 0.0222462 0.0222462
BinVal : 6 16 0.707547 0.0312419 0.0312419
BinVal : 6 17 0.66129 0.0347019 0.0347019
BinVal : 6 18 0.753927 0.0311659 0.0311659
BinVal : 6 19 0.568306 0.0366145 0.0366145
BinVal : 6 20 0.916667 0.0240563 0.0240563
BinVal : 6 21 0.928571 0.0229434 0.0229434
BinVal : 6 22 0.883929 0.0302665 0.0302665
BinVal : 6 23 0.833333 0.0458735 0.0458735
BinVal : 6 24 0.714286 0.120736 0.120736
BinVal : 6 25 0 0 0
BinVal : 6 26 0 0 0
BinVal : 6 27 0 0 0
BinVal : 6 28 0 0 0
BinVal : 6 29 0 0 0
BinVal : 7 0 0 0 0
BinVal : 7 1 0 0 0
BinVal : 7 2 0 0 0
BinVal : 7 3 0 0 0
BinVal : 7 4 0.285714 0.170747 0.170747
BinVal : 7 5 0.981481 0.0183463 0.0183463
BinVal : 7 6 0.89011 0.0327854 0.0327854
BinVal : 7 7 0.893939 0.0268006 0.0268006
BinVal : 7 8 0.949367 0.0174423 0.0174423
BinVal : 7 9 0.662577 0.037035 0.037035
BinVal : 7 10 0.766082 0.0323721 0.0323721
BinVal : 7 11 0.512658 0.0397651 0.0397651
BinVal : 7 12 0.710526 0.030035 0.030035
BinVal : 7 13 0.865672 0.0240526 0.0240526
BinVal : 7 14 0.806763 0.0274431 0.0274431
BinVal : 7 15 0.923445 0.0183916 0.0183916
BinVal : 7 16 0.792208 0.0266949 0.0266949
BinVal : 7 17 0.7109 0.0312095 0.0312095
BinVal : 7 18 0.590244 0.034348 0.034348
BinVal : 7 19 0.708571 0.034351 0.034351
BinVal : 7 20 0.695364 0.0374549 0.0374549
BinVal : 7 21 0.915493 0.0233416 0.0233416
BinVal : 7 22 0.949275 0.0186795 0.0186795
BinVal : 7 23 0.9 0.0316228 0.0316228
BinVal : 7 24 0.884615 0.0443047 0.0443047
BinVal : 7 25 0 0 0
BinVal : 7 26 0 0 0
BinVal : 7 27 0 0 0
BinVal : 7 28 0 0 0
BinVal : 7 29 0 0 0
BinVal : 8 0 0 0 0
BinVal : 8 1 0 0 0
BinVal : 8 2 0 0 0
BinVal : 8 3 0 0 0
BinVal : 8 4 0.666667 0.272166 0.272166
BinVal : 8 5 0.897436 0.0485811 0.0485811
BinVal : 8 6 0.865854 0.0376361 0.0376361
BinVal : 8 7 0.934579 0.0239042 0.0239042
BinVal : 8 8 0.972028 0.013789 0.013789
BinVal : 8 9 0.603448 0.0370847 0.0370847
BinVal : 8 10 0.659794 0.0340153 0.0340153
BinVal : 8 11 0.587379 0.0343006 0.0343006
BinVal : 8 12 0.732759 0.0290528 0.0290528
BinVal : 8 13 0.856574 0.0221238 0.0221238
BinVal : 8 14 0.855856 0.0235734 0.0235734
BinVal : 8 15 0.886364 0.0195327 0.0195327
BinVal : 8 16 0.83682 0.0239029 0.0239029
BinVal : 8 17 0.707207 0.0305406 0.0305406
BinVal : 8 18 0.488889 0.0372586 0.0372586
BinVal : 8 19 0.640212 0.0349104 0.0349104
BinVal : 8 20 0.672515 0.035888 0.035888
BinVal : 8 21 0.871622 0.0274966 0.0274966
BinVal : 8 22 0.923077 0.0233709 0.0233709
BinVal : 8 23 0.860759 0.0389502 0.0389502
BinVal : 8 24 0.882353 0.0451156 0.0451156
BinVal : 8 25 0 0 0
BinVal : 8 26 0 0 0
BinVal : 8 27 0 0 0
BinVal : 8 28 0 0 0
BinVal : 8 29 0 0 0
BinVal : 9 0 0 0 0
BinVal : 9 1 0 0 0
BinVal : 9 2 0 0 0
BinVal : 9 3 0 0 0
BinVal : 9 4 0 0 0
BinVal : 9 5 0.897436 0.0485811 0.0485811
BinVal : 9 6 0.9125 0.0315919 0.0315919
BinVal : 9 7 0.930556 0.021184 0.021184
BinVal : 9 8 0.926667 0.0212847 0.0212847
BinVal : 9 9 0.839161 0.0307221 0.0307221
BinVal : 9 10 0.537313 0.0351689 0.0351689
BinVal : 9 11 0.623656 0.0355229 0.0355229
BinVal : 9 12 0.701754 0.0302979 0.0302979
BinVal : 9 13 0.542857 0.0343763 0.0343763
BinVal : 9 14 0.8 0.0255551 0.0255551
BinVal : 9 15 0.84322 0.0236679 0.0236679
BinVal : 9 16 0.719298 0.0297584 0.0297584
BinVal : 9 17 0.626609 0.0316885 0.0316885
BinVal : 9 18 0.552486 0.0369594 0.0369594
BinVal : 9 19 0.6375 0.0380044 0.0380044
BinVal : 9 20 0.889503 0.0233029 0.0233029
BinVal : 9 21 0.911765 0.0243217 0.0243217
BinVal : 9 22 0.902256 0.0257505 0.0257505
BinVal : 9 23 0.9 0.0358569 0.0358569
BinVal : 9 24 0.8 0.0676123 0.0676123
BinVal : 9 25 0 0 0
BinVal : 9 26 0 0 0
BinVal : 9 27 0 0 0
BinVal : 9 28 0 0 0
BinVal : 9 29 0 0 0
BinVal : 10 0 0 0 0
BinVal : 10 1 0 0 0
BinVal : 10 2 0 0 0
BinVal : 10 3 0 0 0
BinVal : 10 4 0 0 0
BinVal : 10 5 0.846154 0.0707589 0.0707589
BinVal : 10 6 0.880597 0.0396149 0.0396149
BinVal : 10 7 0.831858 0.0351822 0.0351822
BinVal : 10 8 0.877049 0.0297302 0.0297302
BinVal : 10 9 0.268966 0.0368242 0.0368242
BinVal : 10 10 0.306748 0.0361196 0.0361196
BinVal : 10 11 0.166667 0.0287527 0.0287527
BinVal : 10 12 0.644444 0.0356788 0.0356788
BinVal : 10 13 0.747423 0.0311946 0.0311946
BinVal : 10 14 0.773756 0.0281446 0.0281446
BinVal : 10 15 0.767857 0.0282094 0.0282094
BinVal : 10 16 0.672727 0.0316347 0.0316347
BinVal : 10 17 0.518325 0.0361544 0.0361544
BinVal : 10 18 0.160494 0.0288392 0.0288392
BinVal : 10 19 0.335616 0.03908 0.03908
BinVal : 10 20 0.27439 0.0348429 0.0348429
BinVal : 10 21 0.856209 0.0283668 0.0283668
BinVal : 10 22 0.878261 0.0304914 0.0304914
BinVal : 10 23 0.84058 0.0440694 0.0440694
BinVal : 10 24 0.888889 0.0523783 0.0523783
BinVal : 10 25 0 0 0
BinVal : 10 26 0 0 0
BinVal : 10 27 0 0 0
BinVal : 10 28 0 0 0
BinVal : 10 29 0 0 0
BinVal : 11 0 0 0 0
BinVal : 11 1 0 0 0
BinVal : 11 2 0 0 0
BinVal : 11 3 0 0 0
BinVal : 11 4 0.428571 0.187044 0.187044
BinVal : 11 5 0.859649 0.0460077 0.0460077
BinVal : 11 6 0.915663 0.0305027 0.0305027
BinVal : 11 7 0.954955 0.0196858 0.0196858
BinVal : 11 8 0.760563 0.0358112 0.0358112
BinVal : 11 9 0.00757576 0.00754701 0.00754701
BinVal : 11 10 0 0 0
BinVal : 11 11 0 0 0
BinVal : 11 12 0.00884956 0.00881031 0.00881031
BinVal : 11 13 0 0 0
BinVal : 11 14 0.0052356 0.00522188 0.00522188
BinVal : 11 15 0 0 0
BinVal : 11 16 0 0 0
BinVal : 11 17 0 0 0
BinVal : 11 18 0 0 0
BinVal : 11 19 0.0144928 0.0143874 0.0143874
BinVal : 11 20 0 0 0
BinVal : 11 21 0.753333 0.0351968 0.0351968
BinVal : 11 22 0.889908 0.0299804 0.0299804
BinVal : 11 23 0.901961 0.0416398 0.0416398
BinVal : 11 24 0.830189 0.0515744 0.0515744
BinVal : 11 25 0.384615 0.134932 0.134932
BinVal : 11 26 0 0 0
BinVal : 11 27 0 0 0
BinVal : 11 28 0 0 0
BinVal : 11 29 0 0 0
BinVal : 12 0 0 0 0
BinVal : 12 1 0 0 0
BinVal : 12 2 0 0 0
BinVal : 12 3 0 0 0
BinVal : 12 4 0.75 0.153093 0.153093
BinVal : 12 5 0.861538 0.0428396 0.0428396
BinVal : 12 6 0.787879 0.041087 0.041087
BinVal : 12 7 0.81982 0.0364797 0.0364797
BinVal : 12 8 0.678261 0.0435614 0.0435614
BinVal : 12 9 0 0 0
BinVal : 12 10 0 0 0
BinVal : 12 11 0 0 0
BinVal : 12 12 0 0 0
BinVal : 12 13 0 0 0
BinVal : 12 14 0.00625 0.00623044 0.00623044
BinVal : 12 15 0.011236 0.00790026 0.00790026
BinVal : 12 16 0 0 0
BinVal : 12 17 0 0 0
BinVal : 12 18 0 0 0
BinVal : 12 19 0 0 0
BinVal : 12 20 0 0 0
BinVal : 12 21 0.711864 0.0416923 0.0416923
BinVal : 12 22 0.901515 0.0259349 0.0259349
BinVal : 12 23 0.905263 0.0300459 0.0300459
BinVal : 12 24 0.881356 0.0420991 0.0420991
BinVal : 12 25 0.5 0.144338 0.144338
BinVal : 12 26 0 0 0
BinVal : 12 27 0 0 0
BinVal : 12 28 0 0 0
BinVal : 12 29 0 0 0
BinVal : 13 0 0 0 0
BinVal : 13 1 0 0 0
BinVal : 13 2 0 0 0
BinVal : 13 3 0 0 0
BinVal : 13 4 1 0.218486 0.218486
BinVal : 13 5 0.869565 0.0496557 0.0496557
BinVal : 13 6 0.806818 0.0420852 0.0420852
BinVal : 13 7 0.747899 0.0398048 0.0398048
BinVal : 13 8 0.876623 0.026501 0.026501
BinVal : 13 9 0.275168 0.0365868 0.0365868
BinVal : 13 10 0.254545 0.0339118 0.0339118
BinVal : 13 11 0.0886076 0.0226079 0.0226079
BinVal : 13 12 0.522388 0.0352319 0.0352319
BinVal : 13 13 0.639423 0.0332937 0.0332937
BinVal : 13 14 0.811659 0.0261822 0.0261822
BinVal : 13 15 0.813333 0.0259762 0.0259762
BinVal : 13 16 0.696203 0.0298735 0.0298735
BinVal : 13 17 0.5 0.0364662 0.0364662
BinVal : 13 18 0.097561 0.0231699 0.0231699
BinVal : 13 19 0.324675 0.0377329 0.0377329
BinVal : 13 20 0.327161 0.036862 0.036862
BinVal : 13 21 0.873333 0.0271566 0.0271566
BinVal : 13 22 0.836538 0.0362605 0.0362605
BinVal : 13 23 0.914286 0.0334594 0.0334594
BinVal : 13 24 0.857143 0.0591485 0.0591485
BinVal : 13 25 1 0.218486 0.218486
BinVal : 13 26 0 0 0
BinVal : 13 27 0 0 0
BinVal : 13 28 0 0 0
BinVal : 13 29 0 0 0
BinVal : 14 0 0 0 0
BinVal : 14 1 0 0 0
BinVal : 14 2 0 0 0
BinVal : 14 3 0 0 0
BinVal : 14 4 0 0 0
BinVal : 14 5 0.909091 0.0612909 0.0612909
BinVal : 14 6 0.95082 0.0276873 0.0276873
BinVal : 14 7 0.828571 0.03678 0.03678
BinVal : 14 8 0.92623 0.0236658 0.0236658
BinVal : 14 9 0.933333 0.020367 0.020367
BinVal : 14 10 0.595506 0.0367866 0.0367866
BinVal : 14 11 0.652439 0.0371846 0.0371846
BinVal : 14 12 0.639594 0.034207 0.034207
BinVal : 14 13 0.691542 0.0325769 0.0325769
BinVal : 14 14 0.854701 0.0230373 0.0230373
BinVal : 14 15 0.722467 0.0297203 0.0297203
BinVal : 14 16 0.564972 0.0372637 0.0372637
BinVal : 14 17 0.669492 0.0306202 0.0306202
BinVal : 14 18 0.545946 0.0366052 0.0366052
BinVal : 14 19 0.574713 0.0374793 0.0374793
BinVal : 14 20 0.926175 0.0214218 0.0214218
BinVal : 14 21 0.919463 0.0222932 0.0222932
BinVal : 14 22 0.928571 0.0243352 0.0243352
BinVal : 14 23 0.873684 0.0340835 0.0340835
BinVal : 14 24 0.857143 0.0591485 0.0591485
BinVal : 14 25 1 0.218486 0.218486
BinVal : 14 26 0 0 0
BinVal : 14 27 0 0 0
BinVal : 14 28 0 0 0
BinVal : 14 29 0 0 0
BinVal : 15 0 0 0 0
BinVal : 15 1 0 0 0
BinVal : 15 2 0 0 0
BinVal : 15 3 0 0 0
BinVal : 15 4 0.5 0.176777 0.176777
BinVal : 15 5 0.913793 0.0368537 0.0368537
BinVal : 15 6 0.926316 0.0268043 0.0268043
BinVal : 15 7 0.934426 0.0224108 0.0224108
BinVal : 15 8 0.915152 0.0216933 0.0216933
BinVal : 15 9 0.578313 0.0383286 0.0383286
BinVal : 15 10 0.718232 0.0334379 0.0334379
BinVal : 15 11 0.68254 0.0338593 0.0338593
BinVal : 15 12 0.668269 0.0326465 0.0326465
BinVal : 15 13 0.862559 0.0237034 0.0237034
BinVal : 15 14 0.929907 0.0174523 0.0174523
BinVal : 15 15 0.910638 0.0186086 0.0186086
BinVal : 15 16 0.742857 0.0301599 0.0301599
BinVal : 15 17 0.731343 0.0312652 0.0312652
BinVal : 15 18 0.5 0.0345033 0.0345033
BinVal : 15 19 0.615789 0.0352877 0.0352877
BinVal : 15 20 0.585366 0.0384702 0.0384702
BinVal : 15 21 0.920863 0.022897 0.022897
BinVal : 15 22 0.864 0.0306599 0.0306599
BinVal : 15 23 0.906542 0.0281391 0.0281391
BinVal : 15 24 0.769231 0.0522589 0.0522589
BinVal : 15 25 0.142857 0.13226 0.13226
BinVal : 15 26 0 0 0
BinVal : 15 27 0 0 0
BinVal : 15 28 0 0 0
BinVal : 15 29 0 0 0


Comments : includes prescale inefficiency, cosmic veto applied 
EffMethod : TagAndProbe 
EffName : eff 
EffType : Binned 
EffVarNames : phi deteta 
EffVersion : 3 
ObjQuality : MuFromMuJetsOR 
ObjRelativeTo : loose_trackloose_iso_TopScaledMedium 
ObjType : Muon 
ObjVersion : 1 
RunRangeHigh : -1 
RunRangeLow : -1 
TriggerVersionHigh : 15.99 
TriggerVersionLow : 15.9 
BinEdgesX : 0 0.3927 0.7854 1.1781 1.5708 1.9635 2.3562 2.7489 3.1416 3.5343 3.927 4.3197 4.7124 5.1051 5.4978 5.8905 6.2832 
BinEdgesY : -3 -2.8 -2.6 -2.4 -2.2 -2 -1.8 -1.6 -1.4 -1.2 -1 -0.8 -0.6 -0.4 -0.2 0 0.2 0.4 0.6 0.8 1 1.2 1.4 1.6 1.8 2 2.2 2.4 2.6 2.8 3 
BinVal : 0 0 0 0 0
BinVal : 0 1 0 0 0
BinVal : 0 2 0 0 0
BinVal : 0 3 0 0 0
BinVal : 0 4 0.333333 0.272166 0.272166
BinVal : 0 5 0.883721 0.0488848 0.0488848
BinVal : 0 6 0.964912 0.0243716 0.0243716
BinVal : 0 7 0.961538 0.0217746 0.0217746
BinVal : 0 8 0.934066 0.026015 0.026015
BinVal : 0 9 0.633929 0.0455191 0.0455191
BinVal : 0 10 0.564356 0.049338 0.049338
BinVal : 0 11 0.530973 0.0469457 0.0469457
BinVal : 0 12 0.598592 0.0411353 0.0411353
BinVal : 0 13 0.720588 0.0384766 0.0384766
BinVal : 0 14 0.691057 0.0416623 0.0416623
BinVal : 0 15 0.672131 0.0425008 0.0425008
BinVal : 0 16 0.686441 0.0427091 0.0427091
BinVal : 0 17 0.456 0.0445479 0.0445479
BinVal : 0 18 0.53211 0.0477925 0.0477925
BinVal : 0 19 0.568627 0.0490388 0.0490388
BinVal : 0 20 0.663265 0.0477391 0.0477391
BinVal : 0 21 0.963415 0.0207326 0.0207326
BinVal : 0 22 0.924242 0.0325712 0.0325712
BinVal : 0 23 0.872727 0.0449392 0.0449392
BinVal : 0 24 0.942857 0.0392347 0.0392347
BinVal : 0 25 0.666667 0.272166 0.272166
BinVal : 0 26 0 0 0
BinVal : 0 27 0 0 0
BinVal : 0 28 0 0 0
BinVal : 0 29 0 0 0
BinVal : 1 0 0 0 0
BinVal : 1 1 0 0 0
BinVal : 1 2 0 0 0
BinVal : 1 3 0 0 0
BinVal : 1 4 0 0 0
BinVal : 1 5 1 0.0368657 0.0368657
BinVal : 1 6 0.875 0.0477352 0.0477352
BinVal : 1 7 0.96 0.0277128 0.0277128
BinVal : 1 8 0.920635 0.0340556 0.0340556
BinVal : 1 9 0.946667 0.0259458 0.0259458
BinVal : 1 10 0.56962 0.0557064 0.0557064
BinVal : 1 11 0.730769 0.0502233 0.0502233
BinVal : 1 12 0.585366 0.0544051 0.0544051
BinVal : 1 13 0.575 0.0552692 0.0552692
BinVal : 1 14 0.759615 0.0419019 0.0419019
BinVal : 1 15 0.744681 0.0449741 0.0449741
BinVal : 1 16 0.685393 0.049222 0.049222
BinVal : 1 17 0.656863 0.0470079 0.0470079
BinVal : 1 18 0.632911 0.0542305 0.0542305
BinVal : 1 19 0.536585 0.0550678 0.0550678
BinVal : 1 20 0.887324 0.0375256 0.0375256
BinVal : 1 21 0.944444 0.0311713 0.0311713
BinVal : 1 22 0.938776 0.0342488 0.0342488
BinVal : 1 23 0.878788 0.0568144 0.0568144
BinVal : 1 24 0.923077 0.0522589 0.0522589
BinVal : 1 25 0 0 0
BinVal : 1 26 0 0 0
BinVal : 1 27 0 0 0
BinVal : 1 28 0 0 0
BinVal : 1 29 0 0 0
BinVal : 2 0 0 0 0
BinVal : 2 1 0 0 0
BinVal : 2 2 0 0 0
BinVal : 2 3 0 0 0
BinVal : 2 4 0 0 0
BinVal : 2 5 1 0.0495858 0.0495858
BinVal : 2 6 0.888889 0.0740741 0.0740741
BinVal : 2 7 0.888889 0.0604812 0.0604812
BinVal : 2 8 0.857143 0.0591485 0.0591485
BinVal : 2 9 0.875 0.0522913 0.0522913
BinVal : 2 10 0.621622 0.0797307 0.0797307
BinVal : 2 11 0.878049 0.0511047 0.0511047
BinVal : 2 12 0.591837 0.0702134 0.0702134
BinVal : 2 13 0.615385 0.077903 0.077903
BinVal : 2 14 0.945455 0.0306209 0.0306209
BinVal : 2 15 0.872727 0.0449392 0.0449392
BinVal : 2 16 0.759259 0.0581799 0.0581799
BinVal : 2 17 0.704545 0.0687818 0.0687818
BinVal : 2 18 0.808511 0.057394 0.057394
BinVal : 2 19 0.604167 0.0705853 0.0705853
BinVal : 2 20 0.888889 0.0523783 0.0523783
BinVal : 2 21 0.820513 0.0614507 0.0614507
BinVal : 2 22 0.833333 0.062113 0.062113
BinVal : 2 23 0.722222 0.105572 0.105572
BinVal : 2 24 0.6 0.219089 0.219089
BinVal : 2 25 0 0 0
BinVal : 2 26 0 0 0
BinVal : 2 27 0 0 0
BinVal : 2 28 0 0 0
BinVal : 2 29 0 0 0
BinVal : 3 0 0 0 0
BinVal : 3 1 0 0 0
BinVal : 3 2 0 0 0
BinVal : 3 3 0 0 0
BinVal : 3 4 0 0 0
BinVal : 3 5 1 0.102643 0.102643
BinVal : 3 6 0.6 0.219089 0.219089
BinVal : 3 7 1 0.0326734 0.0326734
BinVal : 3 8 1 0.039392 0.039392
BinVal : 3 9 0.55 0.111243 0.111243
BinVal : 3 10 0.833333 0.107583 0.107583
BinVal : 3 11 0.722222 0.105572 0.105572
BinVal : 3 12 0.434783 0.103367 0.103367
BinVal : 3 13 0.75 0.125 0.125
BinVal : 3 14 0.9 0.067082 0.067082
BinVal : 3 15 1 0.0368657 0.0368657
BinVal : 3 16 0.692308 0.128008 0.128008
BinVal : 3 17 0.904762 0.0640564 0.0640564
BinVal : 3 18 0.769231 0.116855 0.116855
BinVal : 3 19 0.5 0.1066 0.1066
BinVal : 3 20 0.529412 0.121058 0.121058
BinVal : 3 21 0.875 0.0826797 0.0826797
BinVal : 3 22 1 0.0368657 0.0368657
BinVal : 3 23 0.888889 0.104757 0.104757
BinVal : 3 24 1 0.0456491 0.0456491
BinVal : 3 25 0 0 0
BinVal : 3 26 0 0 0
BinVal : 3 27 0 0 0
BinVal : 3 28 0 0 0
BinVal : 3 29 0 0 0
BinVal : 4 0 0 0 0
BinVal : 4 1 0 0 0
BinVal : 4 2 0 0 0
BinVal : 4 3 0 0 0
BinVal : 4 4 0 0 0
BinVal : 4 5 0.5 0.25 0.25
BinVal : 4 6 0.75 0.216506 0.216506
BinVal : 4 7 1 0.0756803 0.0756803
BinVal : 4 8 0.823529 0.0924594 0.0924594
BinVal : 4 9 0.764706 0.102879 0.102879
BinVal : 4 10 0.777778 0.13858 0.13858
BinVal : 4 11 0.777778 0.13858 0.13858
BinVal : 4 12 0.6 0.154919 0.154919
BinVal : 4 13 0.916667 0.0564169 0.0564169
BinVal : 4 14 0.875 0.0826797 0.0826797
BinVal : 4 15 0.894737 0.0704059 0.0704059
BinVal : 4 16 0.727273 0.134282 0.134282
BinVal : 4 17 0.764706 0.102879 0.102879
BinVal : 4 18 0.666667 0.136083 0.136083
BinVal : 4 19 0.727273 0.134282 0.134282
BinVal : 4 20 0.666667 0.136083 0.136083
BinVal : 4 21 0.8 0.178885 0.178885
BinVal : 4 22 0.9375 0.0605154 0.0605154
BinVal : 4 23 0.777778 0.13858 0.13858
BinVal : 4 24 1 0.124824 0.124824
BinVal : 4 25 0 0 0
BinVal : 4 26 0 0 0
BinVal : 4 27 0 0 0
BinVal : 4 28 0 0 0
BinVal : 4 29 0 0 0
BinVal : 5 0 0 0 0
BinVal : 5 1 0 0 0
BinVal : 5 2 0 0 0
BinVal : 5 3 0 0 0
BinVal : 5 4 0 0 0
BinVal : 5 5 0.875 0.116927 0.116927
BinVal : 5 6 0.833333 0.107583 0.107583
BinVal : 5 7 0.869565 0.0702237 0.0702237
BinVal : 5 8 0.807692 0.077292 0.077292
BinVal : 5 9 0.866667 0.0620633 0.0620633
BinVal : 5 10 0.472222 0.0832046 0.0832046
BinVal : 5 11 0.714286 0.0853735 0.0853735
BinVal : 5 12 0.695652 0.0678426 0.0678426
BinVal : 5 13 0.787234 0.0596972 0.0596972
BinVal : 5 14 0.916667 0.0460642 0.0460642
BinVal : 5 15 0.977273 0.0224675 0.0224675
BinVal : 5 16 0.83871 0.0660586 0.0660586
BinVal : 5 17 0.675676 0.0769588 0.0769588
BinVal : 5 18 0.695652 0.0678426 0.0678426
BinVal : 5 19 0.558824 0.0851538 0.0851538
BinVal : 5 20 1 0.0194201 0.0194201
BinVal : 5 21 0.923077 0.0739053 0.0739053
BinVal : 5 22 0.944444 0.0539903 0.0539903
BinVal : 5 23 0.583333 0.142319 0.142319
BinVal : 5 24 0.666667 0.272166 0.272166
BinVal : 5 25 0 0 0
BinVal : 5 26 0 0 0
BinVal : 5 27 0 0 0
BinVal : 5 28 0 0 0
BinVal : 5 29 0 0 0
BinVal : 6 0 0 0 0
BinVal : 6 1 0 0 0
BinVal : 6 2 0 0 0
BinVal : 6 3 0 0 0
BinVal : 6 4 0 0 0
BinVal : 6 5 0.857143 0.0763604 0.0763604
BinVal : 6 6 0.969697 0.0298404 0.0298404
BinVal : 6 7 0.933333 0.0322031 0.0322031
BinVal : 6 8 0.981818 0.0180158 0.0180158
BinVal : 6 9 0.925 0.029448 0.029448
BinVal : 6 10 0.608696 0.0587534 0.0587534
BinVal : 6 11 0.819277 0.042236 0.042236
BinVal : 6 12 0.651163 0.0513934 0.0513934
BinVal : 6 13 0.773196 0.0425191 0.0425191
BinVal : 6 14 0.76087 0.0444712 0.0444712
BinVal : 6 15 0.902439 0.0327673 0.0327673
BinVal : 6 16 0.792683 0.0447672 0.0447672
BinVal : 6 17 0.72619 0.048653 0.048653
BinVal : 6 18 0.784091 0.0438609 0.0438609
BinVal : 6 19 0.544304 0.0560331 0.0560331
BinVal : 6 20 0.938462 0.0298075 0.0298075
BinVal : 6 21 0.86 0.0490714 0.0490714
BinVal : 6 22 0.92 0.0383667 0.0383667
BinVal : 6 23 0.862069 0.0640329 0.0640329
BinVal : 6 24 0.75 0.125 0.125
BinVal : 6 25 0 0 0
BinVal : 6 26 0 0 0
BinVal : 6 27 0 0 0
BinVal : 6 28 0 0 0
BinVal : 6 29 0 0 0
BinVal : 7 0 0 0 0
BinVal : 7 1 0 0 0
BinVal : 7 2 0 0 0
BinVal : 7 3 0 0 0
BinVal : 7 4 0 0 0
BinVal : 7 5 0.9 0.0547723 0.0547723
BinVal : 7 6 0.923077 0.0369527 0.0369527
BinVal : 7 7 0.969697 0.0211003 0.0211003
BinVal : 7 8 0.961538 0.0217746 0.0217746
BinVal : 7 9 0.626667 0.0558517 0.0558517
BinVal : 7 10 0.723404 0.046137 0.046137
BinVal : 7 11 0.630435 0.0503236 0.0503236
BinVal : 7 12 0.768293 0.0465936 0.0465936
BinVal : 7 13 0.857143 0.033065 0.033065
BinVal : 7 14 0.824675 0.030641 0.030641
BinVal : 7 15 0.882812 0.0284295 0.0284295
BinVal : 7 16 0.839623 0.0356419 0.0356419
BinVal : 7 17 0.742857 0.0426526 0.0426526
BinVal : 7 18 0.72093 0.0483675 0.0483675
BinVal : 7 19 0.747368 0.044581 0.044581
BinVal : 7 20 0.637255 0.0476055 0.0476055
BinVal : 7 21 0.963415 0.0207326 0.0207326
BinVal : 7 22 0.923077 0.0330515 0.0330515
BinVal : 7 23 0.860465 0.0528413 0.0528413
BinVal : 7 24 0.931035 0.0470544 0.0470544
BinVal : 7 25 0.5 0.353553 0.353553
BinVal : 7 26 0 0 0
BinVal : 7 27 0 0 0
BinVal : 7 28 0 0 0
BinVal : 7 29 0 0 0
BinVal : 8 0 0 0 0
BinVal : 8 1 0 0 0
BinVal : 8 2 0 0 0
BinVal : 8 3 0 0 0
BinVal : 8 4 0 0 0
BinVal : 8 5 0.884615 0.0626563 0.0626563
BinVal : 8 6 0.928571 0.0344151 0.0344151
BinVal : 8 7 0.932203 0.032729 0.032729
BinVal : 8 8 0.958333 0.0235498 0.0235498
BinVal : 8 9 0.56962 0.0557064 0.0557064
BinVal : 8 10 0.731343 0.0541529 0.0541529
BinVal : 8 11 0.701031 0.0464832 0.0464832
BinVal : 8 12 0.583333 0.0503173 0.0503173
BinVal : 8 13 0.740741 0.0421685 0.0421685
BinVal : 8 14 0.751938 0.0380256 0.0380256
BinVal : 8 15 0.85124 0.0323502 0.0323502
BinVal : 8 16 0.783019 0.0400354 0.0400354
BinVal : 8 17 0.677419 0.0484737 0.0484737
BinVal : 8 18 0.65 0.0435412 0.0435412
BinVal : 8 19 0.72619 0.048653 0.048653
BinVal : 8 20 0.654321 0.0528432 0.0528432
BinVal : 8 21 0.884615 0.0361746 0.0361746
BinVal : 8 22 0.885246 0.0408085 0.0408085
BinVal : 8 23 0.925926 0.0356389 0.0356389
BinVal : 8 24 0.913043 0.0587534 0.0587534
BinVal : 8 25 0 0 0
BinVal : 8 26 0 0 0
BinVal : 8 27 0 0 0
BinVal : 8 28 0 0 0
BinVal : 8 29 0 0 0
BinVal : 9 0 0 0 0
BinVal : 9 1 0 0 0
BinVal : 9 2 0 0 0
BinVal : 9 3 0 0 0
BinVal : 9 4 0 0 0
BinVal : 9 5 1 0.0599198 0.0599198
BinVal : 9 6 0.970588 0.028976 0.028976
BinVal : 9 7 0.933333 0.0322031 0.0322031
BinVal : 9 8 0.894737 0.0406489 0.0406489
BinVal : 9 9 0.888889 0.037037 0.037037
BinVal : 9 10 0.507937 0.0629861 0.0629861
BinVal : 9 11 0.542373 0.0648603 0.0648603
BinVal : 9 12 0.732558 0.0477295 0.0477295
BinVal : 9 13 0.411111 0.0518651 0.0518651
BinVal : 9 14 0.76 0.0427083 0.0427083
BinVal : 9 15 0.776699 0.0410349 0.0410349
BinVal : 9 16 0.534884 0.053785 0.053785
BinVal : 9 17 0.642857 0.0522804 0.0522804
BinVal : 9 18 0.614286 0.0581794 0.0581794
BinVal : 9 19 0.507692 0.06201 0.06201
BinVal : 9 20 0.957143 0.0242076 0.0242076
BinVal : 9 21 0.867925 0.0465066 0.0465066
BinVal : 9 22 0.913793 0.0368537 0.0368537
BinVal : 9 23 0.909091 0.0612909 0.0612909
BinVal : 9 24 0.857143 0.13226 0.13226
BinVal : 9 25 0 0 0
BinVal : 9 26 0 0 0
BinVal : 9 27 0 0 0
BinVal : 9 28 0 0 0
BinVal : 9 29 0 0 0
BinVal : 10 0 0 0 0
BinVal : 10 1 0 0 0
BinVal : 10 2 0 0 0
BinVal : 10 3 0 0 0
BinVal : 10 4 0 0 0
BinVal : 10 5 1 0.0756803 0.0756803
BinVal : 10 6 1 0.0309157 0.0309157
BinVal : 10 7 0.96875 0.0307578 0.0307578
BinVal : 10 8 0.9 0.0424264 0.0424264
BinVal : 10 9 0.346154 0.0659737 0.0659737
BinVal : 10 10 0.263158 0.0583254 0.0583254
BinVal : 10 11 0.0645161 0.0312001 0.0312001
BinVal : 10 12 0.566667 0.0639734 0.0639734
BinVal : 10 13 0.746835 0.0489216 0.0489216
BinVal : 10 14 0.734177 0.049703 0.049703
BinVal : 10 15 0.802326 0.0429439 0.0429439
BinVal : 10 16 0.709091 0.0612418 0.0612418
BinVal : 10 17 0.436364 0.0668717 0.0668717
BinVal : 10 18 0.12963 0.0457096 0.0457096
BinVal : 10 19 0.288136 0.0589618 0.0589618
BinVal : 10 20 0.360656 0.0614821 0.0614821
BinVal : 10 21 1 0.012074 0.012074
BinVal : 10 22 0.928571 0.0486704 0.0486704
BinVal : 10 23 1 0.017632 0.017632
BinVal : 10 24 0.857143 0.093522 0.093522
BinVal : 10 25 0 0 0
BinVal : 10 26 0 0 0
BinVal : 10 27 0 0 0
BinVal : 10 28 0 0 0
BinVal : 10 29 0 0 0
BinVal : 11 0 0 0 0
BinVal : 11 1 0 0 0
BinVal : 11 2 0 0 0
BinVal : 11 3 0 0 0
BinVal : 11 4 1 0.218486 0.218486
BinVal : 11 5 0.923077 0.0739053 0.0739053
BinVal : 11 6 1 0.0456491 0.0456491
BinVal : 11 7 0.978261 0.0215015 0.0215015
BinVal : 11 8 0.862069 0.0640329 0.0640329
BinVal : 11 9 0 0 0
BinVal : 11 10 0 0 0
BinVal : 11 11 0 0 0
BinVal : 11 12 0 0 0
BinVal : 11 13 0 0 0
BinVal : 11 14 0 0 0
BinVal : 11 15 0 0 0
BinVal : 11 16 0 0 0
BinVal : 11 17 0 0 0
BinVal : 11 18 0 0 0
BinVal : 11 19 0 0 0
BinVal : 11 20 0 0 0
BinVal : 11 21 0.909091 0.0500438 0.0500438
BinVal : 11 22 0.9375 0.0427908 0.0427908
BinVal : 11 23 0.866667 0.0877707 0.0877707
BinVal : 11 24 1 0.0495858 0.0495858
BinVal : 11 25 0.5 0.353553 0.353553
BinVal : 11 26 0 0 0
BinVal : 11 27 0 0 0
BinVal : 11 28 0 0 0
BinVal : 11 29 0 0 0
BinVal : 12 0 0 0 0
BinVal : 12 1 0 0 0
BinVal : 12 2 0 0 0
BinVal : 12 3 0 0 0
BinVal : 12 4 0 0 0
BinVal : 12 5 0.923077 0.0739053 0.0739053
BinVal : 12 6 0.888889 0.0740741 0.0740741
BinVal : 12 7 0.923077 0.0739053 0.0739053
BinVal : 12 8 0.826087 0.0790342 0.0790342
BinVal : 12 9 0 0 0
BinVal : 12 10 0 0 0
BinVal : 12 11 0 0 0
BinVal : 12 12 0 0 0
BinVal : 12 13 0 0 0
BinVal : 12 14 0 0 0
BinVal : 12 15 0 0 0
BinVal : 12 16 0 0 0
BinVal : 12 17 0 0 0
BinVal : 12 18 0 0 0
BinVal : 12 19 0 0 0
BinVal : 12 20 0 0 0
BinVal : 12 21 0.714286 0.0853735 0.0853735
BinVal : 12 22 0.870968 0.0602101 0.0602101
BinVal : 12 23 0.866667 0.0877707 0.0877707
BinVal : 12 24 0.888889 0.104757 0.104757
BinVal : 12 25 0.5 0.353553 0.353553
BinVal : 12 26 0 0 0
BinVal : 12 27 0 0 0
BinVal : 12 28 0 0 0
BinVal : 12 29 0 0 0
BinVal : 13 0 0 0 0
BinVal : 13 1 0 0 0
BinVal : 13 2 0 0 0
BinVal : 13 3 0 0 0
BinVal : 13 4 0 0 0
BinVal : 13 5 1 0.0756803 0.0756803
BinVal : 13 6 0.75 0.0883883 0.0883883
BinVal : 13 7 0.868421 0.0548361 0.0548361
BinVal : 13 8 0.857143 0.0591485 0.0591485
BinVal : 13 9 0.2 0.0632455 0.0632455
BinVal : 13 10 0.457143 0.0842044 0.0842044
BinVal : 13 11 0.142857 0.0539949 0.0539949
BinVal : 13 12 0.333333 0.06415 0.06415
BinVal : 13 13 0.672727 0.0632693 0.0632693
BinVal : 13 14 0.736842 0.0583254 0.0583254
BinVal : 13 15 0.76 0.0603987 0.0603987
BinVal : 13 16 0.789474 0.0661348 0.0661348
BinVal : 13 17 0.396226 0.0671848 0.0671848
BinVal : 13 18 0.111111 0.0468486 0.0468486
BinVal : 13 19 0.42 0.0697997 0.0697997
BinVal : 13 20 0.210526 0.0661348 0.0661348
BinVal : 13 21 0.891892 0.0510487 0.0510487
BinVal : 13 22 0.967742 0.0317335 0.0317335
BinVal : 13 23 0.857143 0.093522 0.093522
BinVal : 13 24 0.8 0.178885 0.178885
BinVal : 13 25 0 0 0
BinVal : 13 26 0 0 0
BinVal : 13 27 0 0 0
BinVal : 13 28 0 0 0
BinVal : 13 29 0 0 0
BinVal : 14 0 0 0 0
BinVal : 14 1 0 0 0
BinVal : 14 2 0 0 0
BinVal : 14 3 0 0 0
BinVal : 14 4 0 0 0
BinVal : 14 5 0.833333 0.107583 0.107583
BinVal : 14 6 0.886364 0.0478452 0.0478452
BinVal : 14 7 0.93617 0.0356566 0.0356566
BinVal : 14 8 0.894737 0.0406489 0.0406489
BinVal : 14 9 0.849057 0.0491742 0.0491742
BinVal : 14 10 0.602273 0.0521733 0.0521733
BinVal : 14 11 0.674699 0.0514232 0.0514232
BinVal : 14 12 0.685393 0.049222 0.049222
BinVal : 14 13 0.666667 0.0496904 0.0496904
BinVal : 14 14 0.831683 0.0372291 0.0372291
BinVal : 14 15 0.795918 0.0407121 0.0407121
BinVal : 14 16 0.692308 0.0522589 0.0522589
BinVal : 14 17 0.651163 0.0513934 0.0513934
BinVal : 14 18 0.597015 0.0599238 0.0599238
BinVal : 14 19 0.475 0.0558318 0.0558318
BinVal : 14 20 0.895522 0.0373691 0.0373691
BinVal : 14 21 0.910714 0.0381055 0.0381055
BinVal : 14 22 0.90566 0.0401506 0.0401506
BinVal : 14 23 0.837838 0.0605974 0.0605974
BinVal : 14 24 0.8125 0.0975781 0.0975781
BinVal : 14 25 0 0 0
BinVal : 14 26 0 0 0
BinVal : 14 27 0 0 0
BinVal : 14 28 0 0 0
BinVal : 14 29 0 0 0
BinVal : 15 0 0 0 0
BinVal : 15 1 0 0 0
BinVal : 15 2 0 0 0
BinVal : 15 3 0 0 0
BinVal : 15 4 0 0 0
BinVal : 15 5 0.935484 0.0441237 0.0441237
BinVal : 15 6 0.867925 0.0465066 0.0465066
BinVal : 15 7 0.936508 0.0307217 0.0307217
BinVal : 15 8 0.891892 0.0360969 0.0360969
BinVal : 15 9 0.522222 0.0526525 0.0526525
BinVal : 15 10 0.755814 0.0463253 0.0463253
BinVal : 15 11 0.703704 0.0392999 0.0392999
BinVal : 15 12 0.736842 0.0412423 0.0412423
BinVal : 15 13 0.868852 0.0305614 0.0305614
BinVal : 15 14 0.960265 0.0158962 0.0158962
BinVal : 15 15 0.877049 0.0297302 0.0297302
BinVal : 15 16 0.846847 0.0341825 0.0341825
BinVal : 15 17 0.72973 0.042152 0.042152
BinVal : 15 18 0.664 0.0422473 0.0422473
BinVal : 15 19 0.637363 0.0503975 0.0503975
BinVal : 15 20 0.614583 0.049673 0.049673
BinVal : 15 21 0.963415 0.0207326 0.0207326
BinVal : 15 22 0.938462 0.0298075 0.0298075
BinVal : 15 23 0.911111 0.0424232 0.0424232
BinVal : 15 24 0.897436 0.0485811 0.0485811
BinVal : 15 25 0.4 0.219089 0.219089
BinVal : 15 26 0 0 0
BinVal : 15 27 0 0 0
BinVal : 15 28 0 0 0
BinVal : 15 29 0 0 0


Comments : includes prescale inefficiency, cosmic veto applied 
EffMethod : TagAndProbe 
EffName : eff 
EffType : Binned 
EffVarNames : phi deteta 
EffVersion : 3 
ObjQuality : MuFromMuJetsOR 
ObjRelativeTo : loose_trackloose_iso_TopScaledMedium 
ObjType : Muon 
ObjVersion : 1 
RunRangeHigh : -1 
RunRangeLow : -1 
TriggerVersionHigh : 16.1 
TriggerVersionLow : 16 
BinEdgesX : 0 0.3927 0.7854 1.1781 1.5708 1.9635 2.3562 2.7489 3.1416 3.5343 3.927 4.3197 4.7124 5.1051 5.4978 5.8905 6.2832 
BinEdgesY : -3 -2.8 -2.6 -2.4 -2.2 -2 -1.8 -1.6 -1.4 -1.2 -1 -0.8 -0.6 -0.4 -0.2 0 0.2 0.4 0.6 0.8 1 1.2 1.4 1.6 1.8 2 2.2 2.4 2.6 2.8 3 
BinVal : 0 0 0 0 0
BinVal : 0 1 0 0 0
BinVal : 0 2 0 0 0
BinVal : 0 3 0 0 0
BinVal : 0 4 0.2 0.178885 0.178885
BinVal : 0 5 0.907407 0.039445 0.039445
BinVal : 0 6 0.89899 0.030286 0.030286
BinVal : 0 7 0.95082 0.0195778 0.0195778
BinVal : 0 8 0.990909 0.00904949 0.00904949
BinVal : 0 9 0.785714 0.033065 0.033065
BinVal : 0 10 0.717791 0.0352525 0.0352525
BinVal : 0 11 0.656085 0.0345521 0.0345521
BinVal : 0 12 0.633136 0.037073 0.037073
BinVal : 0 13 0.68599 0.0322586 0.0322586
BinVal : 0 14 0.725 0.0315733 0.0315733
BinVal : 0 15 0.761905 0.0293911 0.0293911
BinVal : 0 16 0.707447 0.0331795 0.0331795
BinVal : 0 17 0.603659 0.0381952 0.0381952
BinVal : 0 18 0.632258 0.0387305 0.0387305
BinVal : 0 19 0.627586 0.0401482 0.0401482
BinVal : 0 20 0.818792 0.031556 0.031556
BinVal : 0 21 0.952 0.0191198 0.0191198
BinVal : 0 22 0.939394 0.0239808 0.0239808
BinVal : 0 23 0.918919 0.0317309 0.0317309
BinVal : 0 24 0.907692 0.0359031 0.0359031
BinVal : 0 25 0.3 0.144914 0.144914
BinVal : 0 26 0 0 0
BinVal : 0 27 0 0 0
BinVal : 0 28 0 0 0
BinVal : 0 29 0 0 0
BinVal : 1 0 0 0 0
BinVal : 1 1 0 0 0
BinVal : 1 2 0 0 0
BinVal : 1 3 0 0 0
BinVal : 1 4 0 0 0
BinVal : 1 5 0.878049 0.0511047 0.0511047
BinVal : 1 6 0.852632 0.0363681 0.0363681
BinVal : 1 7 0.949153 0.0202237 0.0202237
BinVal : 1 8 0.92 0.0242652 0.0242652
BinVal : 1 9 0.955975 0.0162695 0.0162695
BinVal : 1 10 0.583851 0.0388475 0.0388475
BinVal : 1 11 0.767857 0.0325734 0.0325734
BinVal : 1 12 0.507042 0.034256 0.034256
BinVal : 1 13 0.602151 0.0358885 0.0358885
BinVal : 1 14 0.661616 0.033626 0.033626
BinVal : 1 15 0.672986 0.0322957 0.0322957
BinVal : 1 16 0.572917 0.0356986 0.0356986
BinVal : 1 17 0.533679 0.035909 0.035909
BinVal : 1 18 0.648352 0.0353935 0.0353935
BinVal : 1 19 0.556886 0.0384399 0.0384399
BinVal : 1 20 0.952703 0.0174488 0.0174488
BinVal : 1 21 0.937063 0.0203081 0.0203081
BinVal : 1 22 0.954545 0.0198605 0.0198605
BinVal : 1 23 0.8875 0.0353277 0.0353277
BinVal : 1 24 0.847458 0.0468089 0.0468089
BinVal : 1 25 0 0 0
BinVal : 1 26 0 0 0
BinVal : 1 27 0 0 0
BinVal : 1 28 0 0 0
BinVal : 1 29 0 0 0
BinVal : 2 0 0 0 0
BinVal : 2 1 0 0 0
BinVal : 2 2 0 0 0
BinVal : 2 3 0 0 0
BinVal : 2 4 0 0 0
BinVal : 2 5 0.875 0.0826797 0.0826797
BinVal : 2 6 0.951219 0.0336412 0.0336412
BinVal : 2 7 0.89011 0.0327854 0.0327854
BinVal : 2 8 0.894231 0.030157 0.030157
BinVal : 2 9 0.931373 0.0250329 0.0250329
BinVal : 2 10 0.567308 0.0485828 0.0485828
BinVal : 2 11 0.6875 0.0409691 0.0409691
BinVal : 2 12 0.533784 0.0410058 0.0410058
BinVal : 2 13 0.475806 0.0448487 0.0448487
BinVal : 2 14 0.594595 0.0403575 0.0403575
BinVal : 2 15 0.55814 0.0437239 0.0437239
BinVal : 2 16 0.393443 0.0442279 0.0442279
BinVal : 2 17 0.541353 0.043207 0.043207
BinVal : 2 18 0.613445 0.0446396 0.0446396
BinVal : 2 19 0.481132 0.0485297 0.0485297
BinVal : 2 20 0.938596 0.0224845 0.0224845
BinVal : 2 21 0.97619 0.0166342 0.0166342
BinVal : 2 22 0.866667 0.0358323 0.0358323
BinVal : 2 23 0.785714 0.0548321 0.0548321
BinVal : 2 24 0.947368 0.0512278 0.0512278
BinVal : 2 25 0 0 0
BinVal : 2 26 0 0 0
BinVal : 2 27 0 0 0
BinVal : 2 28 0 0 0
BinVal : 2 29 0 0 0
BinVal : 3 0 0 0 0
BinVal : 3 1 0 0 0
BinVal : 3 2 0 0 0
BinVal : 3 3 0 0 0
BinVal : 3 4 0.6 0.219089 0.219089
BinVal : 3 5 0.9375 0.0605154 0.0605154
BinVal : 3 6 0.88 0.0649923 0.0649923
BinVal : 3 7 0.93617 0.0356566 0.0356566
BinVal : 3 8 0.983051 0.0168049 0.0168049
BinVal : 3 9 0.888889 0.0523783 0.0523783
BinVal : 3 10 0.64 0.0678822 0.0678822
BinVal : 3 11 0.636364 0.0725204 0.0725204
BinVal : 3 12 0.403846 0.0680433 0.0680433
BinVal : 3 13 0.5 0.0645497 0.0645497
BinVal : 3 14 0.489362 0.072916 0.072916
BinVal : 3 15 0.440678 0.0646347 0.0646347
BinVal : 3 16 0.54386 0.0659713 0.0659713
BinVal : 3 17 0.627451 0.0677012 0.0677012
BinVal : 3 18 0.568182 0.0746737 0.0746737
BinVal : 3 19 0.652174 0.0702237 0.0702237
BinVal : 3 20 0.627907 0.0737122 0.0737122
BinVal : 3 21 0.93617 0.0356566 0.0356566
BinVal : 3 22 0.945946 0.0371746 0.0371746
BinVal : 3 23 0.78125 0.0730792 0.0730792
BinVal : 3 24 0.818182 0.116291 0.116291
BinVal : 3 25 1 0.218486 0.218486
BinVal : 3 26 0 0 0
BinVal : 3 27 0 0 0
BinVal : 3 28 0 0 0
BinVal : 3 29 0 0 0
BinVal : 4 0 0 0 0
BinVal : 4 1 0 0 0
BinVal : 4 2 0 0 0
BinVal : 4 3 0 0 0
BinVal : 4 4 0 0 0
BinVal : 4 5 0.894737 0.0704059 0.0704059
BinVal : 4 6 0.916667 0.0797856 0.0797856
BinVal : 4 7 0.913043 0.0587534 0.0587534
BinVal : 4 8 1 0.0208287 0.0208287
BinVal : 4 9 0.78125 0.0730792 0.0730792
BinVal : 4 10 0.586207 0.0914572 0.0914572
BinVal : 4 11 0.6875 0.0819382 0.0819382
BinVal : 4 12 0.53125 0.0882155 0.0882155
BinVal : 4 13 0.548387 0.0893812 0.0893812
BinVal : 4 14 0.631579 0.0782518 0.0782518
BinVal : 4 15 0.684211 0.0754053 0.0754053
BinVal : 4 16 0.5 0.0883883 0.0883883
BinVal : 4 17 0.517241 0.0927925 0.0927925
BinVal : 4 18 0.7 0.083666 0.083666
BinVal : 4 19 0.642857 0.0905522 0.0905522
BinVal : 4 20 0.772727 0.0893461 0.0893461
BinVal : 4 21 0.904762 0.0640564 0.0640564
BinVal : 4 22 1 0.0266185 0.0266185
BinVal : 4 23 0.818182 0.116291 0.116291
BinVal : 4 24 1 0.0542655 0.0542655
BinVal : 4 25 0 0 0
BinVal : 4 26 0 0 0
BinVal : 4 27 0 0 0
BinVal : 4 28 0 0 0
BinVal : 4 29 0 0 0
BinVal : 5 0 0 0 0
BinVal : 5 1 0 0 0
BinVal : 5 2 0 0 0
BinVal : 5 3 0 0 0
BinVal : 5 4 0 0 0
BinVal : 5 5 0.888889 0.104757 0.104757
BinVal : 5 6 0.970588 0.028976 0.028976
BinVal : 5 7 0.909091 0.0433392 0.0433392
BinVal : 5 8 0.934426 0.0316937 0.0316937
BinVal : 5 9 0.919355 0.0345808 0.0345808
BinVal : 5 10 0.552239 0.0607504 0.0607504
BinVal : 5 11 0.6875 0.057939 0.057939
BinVal : 5 12 0.64 0.0554256 0.0554256
BinVal : 5 13 0.635294 0.0522095 0.0522095
BinVal : 5 14 0.78481 0.0462359 0.0462359
BinVal : 5 15 0.629214 0.0511995 0.0511995
BinVal : 5 16 0.567901 0.0550409 0.0550409
BinVal : 5 17 0.47541 0.063941 0.063941
BinVal : 5 18 0.716049 0.0501015 0.0501015
BinVal : 5 19 0.517241 0.0656142 0.0656142
BinVal : 5 20 0.9375 0.0349386 0.0349386
BinVal : 5 21 0.888889 0.0395943 0.0395943
BinVal : 5 22 0.916667 0.0460642 0.0460642
BinVal : 5 23 0.965517 0.033883 0.033883
BinVal : 5 24 1 0.0668855 0.0668855
BinVal : 5 25 0 0 0
BinVal : 5 26 0 0 0
BinVal : 5 27 0 0 0
BinVal : 5 28 0 0 0
BinVal : 5 29 0 0 0
BinVal : 6 0 0 0 0
BinVal : 6 1 0 0 0
BinVal : 6 2 0 0 0
BinVal : 6 3 0 0 0
BinVal : 6 4 0 0 0
BinVal : 6 5 0.947368 0.0512278 0.0512278
BinVal : 6 6 0.860465 0.0528413 0.0528413
BinVal : 6 7 0.978261 0.0215015 0.0215015
BinVal : 6 8 0.923077 0.0301717 0.0301717
BinVal : 6 9 0.956522 0.0212613 0.0212613
BinVal : 6 10 0.663265 0.0477391 0.0477391
BinVal : 6 11 0.686747 0.0509105 0.0509105
BinVal : 6 12 0.521008 0.0457944 0.0457944
BinVal : 6 13 0.574257 0.0492001 0.0492001
BinVal : 6 14 0.542857 0.0486154 0.0486154
BinVal : 6 15 0.572727 0.0471661 0.0471661
BinVal : 6 16 0.5 0.0464238 0.0464238
BinVal : 6 17 0.550847 0.0457901 0.0457901
BinVal : 6 18 0.806122 0.0399348 0.0399348
BinVal : 6 19 0.622449 0.0489696 0.0489696
BinVal : 6 20 0.931035 0.0271668 0.0271668
BinVal : 6 21 0.946667 0.0259458 0.0259458
BinVal : 6 22 0.863014 0.0402426 0.0402426
BinVal : 6 23 0.777778 0.0619748 0.0619748
BinVal : 6 24 0.833333 0.107583 0.107583
BinVal : 6 25 0 0 0
BinVal : 6 26 0 0 0
BinVal : 6 27 0 0 0
BinVal : 6 28 0 0 0
BinVal : 6 29 0 0 0
BinVal : 7 0 0 0 0
BinVal : 7 1 0 0 0
BinVal : 7 2 0 0 0
BinVal : 7 3 0 0 0
BinVal : 7 4 0.5 0.25 0.25
BinVal : 7 5 0.823529 0.0653787 0.0653787
BinVal : 7 6 0.897059 0.0368511 0.0368511
BinVal : 7 7 0.976471 0.0164409 0.0164409
BinVal : 7 8 0.988372 0.0115601 0.0115601
BinVal : 7 9 0.759259 0.0411394 0.0411394
BinVal : 7 10 0.679245 0.0453364 0.0453364
BinVal : 7 11 0.468468 0.0473634 0.0473634
BinVal : 7 12 0.503937 0.0443664 0.0443664
BinVal : 7 13 0.588235 0.0397882 0.0397882
BinVal : 7 14 0.533742 0.0390737 0.0390737
BinVal : 7 15 0.677215 0.0371956 0.0371956
BinVal : 7 16 0.584795 0.0376821 0.0376821
BinVal : 7 17 0.611511 0.0413413 0.0413413
BinVal : 7 18 0.692308 0.0426692 0.0426692
BinVal : 7 19 0.656 0.042489 0.042489
BinVal : 7 20 0.757895 0.0439486 0.0439486
BinVal : 7 21 0.928571 0.0280998 0.0280998
BinVal : 7 22 0.958333 0.0235498 0.0235498
BinVal : 7 23 0.861538 0.0428396 0.0428396
BinVal : 7 24 0.783784 0.0676771 0.0676771
BinVal : 7 25 0 0 0
BinVal : 7 26 0 0 0
BinVal : 7 27 0 0 0
BinVal : 7 28 0 0 0
BinVal : 7 29 0 0 0
BinVal : 8 0 0 0 0
BinVal : 8 1 0 0 0
BinVal : 8 2 0 0 0
BinVal : 8 3 0 0 0
BinVal : 8 4 0.428571 0.187044 0.187044
BinVal : 8 5 0.880952 0.0499703 0.0499703
BinVal : 8 6 0.933333 0.0288033 0.0288033
BinVal : 8 7 0.942308 0.0228633 0.0228633
BinVal : 8 8 0.98 0.011431 0.011431
BinVal : 8 9 0.723881 0.0386215 0.0386215
BinVal : 8 10 0.711268 0.0380295 0.0380295
BinVal : 8 11 0.709877 0.0356554 0.0356554
BinVal : 8 12 0.692308 0.0369527 0.0369527
BinVal : 8 13 0.678947 0.0338711 0.0338711
BinVal : 8 14 0.586364 0.0332033 0.0332033
BinVal : 8 15 0.709184 0.0324385 0.0324385
BinVal : 8 16 0.691244 0.0313613 0.0313613
BinVal : 8 17 0.588889 0.0366741 0.0366741
BinVal : 8 18 0.641509 0.0380314 0.0380314
BinVal : 8 19 0.668966 0.03908 0.03908
BinVal : 8 20 0.75 0.0342327 0.0342327
BinVal : 8 21 0.895833 0.0311776 0.0311776
BinVal : 8 22 0.858586 0.0350204 0.0350204
BinVal : 8 23 0.931035 0.0271668 0.0271668
BinVal : 8 24 0.780488 0.0646428 0.0646428
BinVal : 8 25 0 0 0
BinVal : 8 26 0 0 0
BinVal : 8 27 0 0 0
BinVal : 8 28 0 0 0
BinVal : 8 29 0 0 0
BinVal : 9 0 0 0 0
BinVal : 9 1 0 0 0
BinVal : 9 2 0 0 0
BinVal : 9 3 0 0 0
BinVal : 9 4 0 0 0
BinVal : 9 5 0.90625 0.051527 0.051527
BinVal : 9 6 0.810526 0.0402065 0.0402065
BinVal : 9 7 0.914729 0.0245897 0.0245897
BinVal : 9 8 0.917293 0.0238835 0.0238835
BinVal : 9 9 0.927374 0.0193975 0.0193975
BinVal : 9 10 0.573099 0.0378251 0.0378251
BinVal : 9 11 0.619318 0.0366 0.0366
BinVal : 9 12 0.675926 0.0318453 0.0318453
BinVal : 9 13 0.497487 0.0354436 0.0354436
BinVal : 9 14 0.55814 0.0338684 0.0338684
BinVal : 9 15 0.61674 0.032269 0.032269
BinVal : 9 16 0.525346 0.0338986 0.0338986
BinVal : 9 17 0.595122 0.0342837 0.0342837
BinVal : 9 18 0.582888 0.0360577 0.0360577
BinVal : 9 19 0.579545 0.0372089 0.0372089
BinVal : 9 20 0.951724 0.0178007 0.0178007
BinVal : 9 21 0.764228 0.0382741 0.0382741
BinVal : 9 22 0.888889 0.0290542 0.0290542
BinVal : 9 23 0.768116 0.0508071 0.0508071
BinVal : 9 24 0.962963 0.0363447 0.0363447
BinVal : 9 25 0 0 0
BinVal : 9 26 0 0 0
BinVal : 9 27 0 0 0
BinVal : 9 28 0 0 0
BinVal : 9 29 0 0 0
BinVal : 10 0 0 0 0
BinVal : 10 1 0 0 0
BinVal : 10 2 0 0 0
BinVal : 10 3 0 0 0
BinVal : 10 4 0 0 0
BinVal : 10 5 0.827586 0.0701445 0.0701445
BinVal : 10 6 0.876712 0.0384793 0.0384793
BinVal : 10 7 0.918033 0.0248353 0.0248353
BinVal : 10 8 0.928058 0.0219166 0.0219166
BinVal : 10 9 0.331034 0.03908 0.03908
BinVal : 10 10 0.409639 0.0381685 0.0381685
BinVal : 10 11 0.139535 0.0264207 0.0264207
BinVal : 10 12 0.460784 0.0348992 0.0348992
BinVal : 10 13 0.504425 0.0332582 0.0332582
BinVal : 10 14 0.447489 0.0336 0.0336
BinVal : 10 15 0.461187 0.0336849 0.0336849
BinVal : 10 16 0.486607 0.0333957 0.0333957
BinVal : 10 17 0.548223 0.0354575 0.0354575
BinVal : 10 18 0.148387 0.0285531 0.0285531
BinVal : 10 19 0.355705 0.0392188 0.0392188
BinVal : 10 20 0.328358 0.0405686 0.0405686
BinVal : 10 21 0.93662 0.0204463 0.0204463
BinVal : 10 22 0.920455 0.0288448 0.0288448
BinVal : 10 23 0.882353 0.0349464 0.0349464
BinVal : 10 24 0.935484 0.0441237 0.0441237
BinVal : 10 25 0 0 0
BinVal : 10 26 0 0 0
BinVal : 10 27 0 0 0
BinVal : 10 28 0 0 0
BinVal : 10 29 0 0 0
BinVal : 11 0 0 0 0
BinVal : 11 1 0 0 0
BinVal : 11 2 0 0 0
BinVal : 11 3 0 0 0
BinVal : 11 4 0.5 0.204124 0.204124
BinVal : 11 5 0.871795 0.0535337 0.0535337
BinVal : 11 6 0.954545 0.0256398 0.0256398
BinVal : 11 7 0.978261 0.0152039 0.0152039
BinVal : 11 8 0.81203 0.033877 0.033877
BinVal : 11 9 0 0 0
BinVal : 11 10 0.0144928 0.0143874 0.0143874
BinVal : 11 11 0 0 0
BinVal : 11 12 0 0 0
BinVal : 11 13 0 0 0
BinVal : 11 14 0.00694444 0.00692029 0.00692029
BinVal : 11 15 0 0 0
BinVal : 11 16 0.01 0.00994987 0.00994987
BinVal : 11 17 0 0 0
BinVal : 11 18 0 0 0
BinVal : 11 19 0.015873 0.0157465 0.0157465
BinVal : 11 20 0 0 0
BinVal : 11 21 0.77551 0.0421482 0.0421482
BinVal : 11 22 0.922222 0.0282309 0.0282309
BinVal : 11 23 0.849057 0.0491742 0.0491742
BinVal : 11 24 0.888889 0.0604812 0.0604812
BinVal : 11 25 0.5 0.353553 0.353553
BinVal : 11 26 0 0 0
BinVal : 11 27 0 0 0
BinVal : 11 28 0 0 0
BinVal : 11 29 0 0 0
BinVal : 12 0 0 0 0
BinVal : 12 1 0 0 0
BinVal : 12 2 0 0 0
BinVal : 12 3 0 0 0
BinVal : 12 4 0.333333 0.19245 0.19245
BinVal : 12 5 0.821429 0.0723789 0.0723789
BinVal : 12 6 0.875 0.0477352 0.0477352
BinVal : 12 7 0.90566 0.0401506 0.0401506
BinVal : 12 8 0.772152 0.0471911 0.0471911
BinVal : 12 9 0 0 0
BinVal : 12 10 0 0 0
BinVal : 12 11 0 0 0
BinVal : 12 12 0 0 0
BinVal : 12 13 0 0 0
BinVal : 12 14 0.0108696 0.0108103 0.0108103
BinVal : 12 15 0 0 0
BinVal : 12 16 0 0 0
BinVal : 12 17 0 0 0
BinVal : 12 18 0 0 0
BinVal : 12 19 0 0 0
BinVal : 12 20 0 0 0
BinVal : 12 21 0.745763 0.0566884 0.0566884
BinVal : 12 22 0.94 0.0335857 0.0335857
BinVal : 12 23 0.794872 0.064659 0.064659
BinVal : 12 24 0.941176 0.0403526 0.0403526
BinVal : 12 25 1 0.102643 0.102643
BinVal : 12 26 0 0 0
BinVal : 12 27 0 0 0
BinVal : 12 28 0 0 0
BinVal : 12 29 0 0 0
BinVal : 13 0 0 0 0
BinVal : 13 1 0 0 0
BinVal : 13 2 0 0 0
BinVal : 13 3 0 0 0
BinVal : 13 4 0 0 0
BinVal : 13 5 0.666667 0.136083 0.136083
BinVal : 13 6 0.787234 0.0596972 0.0596972
BinVal : 13 7 0.883333 0.0414438 0.0414438
BinVal : 13 8 0.927536 0.0312105 0.0312105
BinVal : 13 9 0.4 0.058554 0.058554
BinVal : 13 10 0.530864 0.0554496 0.0554496
BinVal : 13 11 0.154762 0.0394623 0.0394623
BinVal : 13 12 0.645833 0.0488122 0.0488122
BinVal : 13 13 0.632 0.0431348 0.0431348
BinVal : 13 14 0.822034 0.0352105 0.0352105
BinVal : 13 15 0.735714 0.0372673 0.0372673
BinVal : 13 16 0.702703 0.043383 0.043383
BinVal : 13 17 0.465347 0.0496322 0.0496322
BinVal : 13 18 0.104651 0.033008 0.033008
BinVal : 13 19 0.341463 0.0523667 0.0523667
BinVal : 13 20 0.272727 0.0474757 0.0474757
BinVal : 13 21 0.915663 0.0305027 0.0305027
BinVal : 13 22 0.913793 0.0368537 0.0368537
BinVal : 13 23 0.846154 0.0577744 0.0577744
BinVal : 13 24 0.846154 0.100068 0.100068
BinVal : 13 25 0 0 0
BinVal : 13 26 0 0 0
BinVal : 13 27 0 0 0
BinVal : 13 28 0 0 0
BinVal : 13 29 0 0 0
BinVal : 14 0 0 0 0
BinVal : 14 1 0 0 0
BinVal : 14 2 0 0 0
BinVal : 14 3 0 0 0
BinVal : 14 4 0 0 0
BinVal : 14 5 0.7 0.144914 0.144914
BinVal : 14 6 0.840909 0.0551405 0.0551405
BinVal : 14 7 0.973333 0.0186031 0.0186031
BinVal : 14 8 0.924242 0.0325712 0.0325712
BinVal : 14 9 0.910256 0.0323621 0.0323621
BinVal : 14 10 0.630435 0.0503236 0.0503236
BinVal : 14 11 0.566667 0.052234 0.052234
BinVal : 14 12 0.634783 0.0448993 0.0448993
BinVal : 14 13 0.552632 0.0465691 0.0465691
BinVal : 14 14 0.691667 0.0421568 0.0421568
BinVal : 14 15 0.643478 0.0446643 0.0446643
BinVal : 14 16 0.543689 0.049078 0.049078
BinVal : 14 17 0.5 0.0472456 0.0472456
BinVal : 14 18 0.571429 0.0499896 0.0499896
BinVal : 14 19 0.6 0.0531369 0.0531369
BinVal : 14 20 0.928571 0.0260154 0.0260154
BinVal : 14 21 0.986111 0.0137921 0.0137921
BinVal : 14 22 0.916667 0.0325723 0.0325723
BinVal : 14 23 0.725 0.0706001 0.0706001
BinVal : 14 24 0.75 0.108253 0.108253
BinVal : 14 25 0 0 0
BinVal : 14 26 0 0 0
BinVal : 14 27 0 0 0
BinVal : 14 28 0 0 0
BinVal : 14 29 0 0 0
BinVal : 15 0 0 0 0
BinVal : 15 1 0 0 0
BinVal : 15 2 0 0 0
BinVal : 15 3 0 0 0
BinVal : 15 4 0.166667 0.152145 0.152145
BinVal : 15 5 0.756098 0.0670664 0.0670664
BinVal : 15 6 0.909091 0.0433392 0.0433392
BinVal : 15 7 0.947368 0.0295764 0.0295764
BinVal : 15 8 0.915789 0.0284918 0.0284918
BinVal : 15 9 0.75 0.0409159 0.0409159
BinVal : 15 10 0.714286 0.0440867 0.0440867
BinVal : 15 11 0.680556 0.0388551 0.0388551
BinVal : 15 12 0.650406 0.0429954 0.0429954
BinVal : 15 13 0.654412 0.0407789 0.0407789
BinVal : 15 14 0.696552 0.0381799 0.0381799
BinVal : 15 15 0.643357 0.0400567 0.0400567
BinVal : 15 16 0.652893 0.0432773 0.0432773
BinVal : 15 17 0.669118 0.0403477 0.0403477
BinVal : 15 18 0.618644 0.0447141 0.0447141
BinVal : 15 19 0.629214 0.0511995 0.0511995
BinVal : 15 20 0.713043 0.042181 0.042181
BinVal : 15 21 0.931373 0.0250329 0.0250329
BinVal : 15 22 0.921053 0.0309317 0.0309317
BinVal : 15 23 0.849315 0.0418705 0.0418705
BinVal : 15 24 0.96 0.0391918 0.0391918
BinVal : 15 25 0.333333 0.272166 0.272166
BinVal : 15 26 0 0 0
BinVal : 15 27 0 0 0
BinVal : 15 28 0 0 0
BinVal : 15 29 0 0 0


