Comments : cosmic veto applied 
EffMethod : TagAndProbe 
EffName : eff 
EffType : Binned 
EffVarNames : phi deteta 
EffVersion : 5 
ObjQuality : l2m5 
ObjRelativeTo : medium 
ObjType : Muon 
ObjVersion : 1 
RunRangeHigh : 216000 
RunRangeLow : 160000 
TriggerVersionHigh : 12.99 
TriggerVersionLow : 8 
BinEdgesX : 0 0.19635 0.3927 0.58905 0.7854 0.98175 1.1781 1.37445 1.5708 1.76715 1.9635 2.15985 2.3562 2.55255 2.7489 2.94525 3.1416 3.33795 3.5343 3.73065 3.927 4.12335 4.3197 4.51605 4.7124 4.90875 5.1051 5.30145 5.4978 5.69415 5.8905 6.08685 6.2832 
BinEdgesY : -4.2 -4.00909 -3.81818 -3.62727 -3.43636 -3.24545 -3.05455 -2.86364 -2.67273 -2.48182 -2.29091 -2.1 -1.90909 -1.71818 -1.52727 -1.33636 -1.14545 -0.954545 -0.763636 -0.572727 -0.381818 -0.190909 0 0.190909 0.381818 0.572727 0.763636 0.954545 1.14545 1.33636 1.52727 1.71818 1.90909 2.1 2.29091 2.48182 2.67273 2.86364 3.05455 3.24545 3.43636 3.62727 3.81818 4.00909 4.2 
BinVal : 0 0 0 0 0
BinVal : 0 1 0 0 0
BinVal : 0 2 0 0 0
BinVal : 0 3 0 0 0
BinVal : 0 4 0 0 0
BinVal : 0 5 0 0 0
BinVal : 0 6 0 0 0
BinVal : 0 7 0 0 0
BinVal : 0 8 0 0 0
BinVal : 0 9 0 0 0
BinVal : 0 10 0 0 0
BinVal : 0 11 0.833333 0.152145 0.152145
BinVal : 0 12 0.916667 0.0797856 0.0797856
BinVal : 0 13 1 0.017632 0.017632
BinVal : 0 14 1 0.0171075 0.0171075
BinVal : 0 15 0.971429 0.0281603 0.0281603
BinVal : 0 16 0.857143 0.0591485 0.0591485
BinVal : 0 17 0.982759 0.0170921 0.0170921
BinVal : 0 18 0.978261 0.0215015 0.0215015
BinVal : 0 19 0.775 0.0660256 0.0660256
BinVal : 0 20 0.82 0.0543323 0.0543323
BinVal : 0 21 0.909091 0.0353863 0.0353863
BinVal : 0 22 0.947368 0.0295764 0.0295764
BinVal : 0 23 0.654545 0.0641186 0.0641186
BinVal : 0 24 0.833333 0.0575055 0.0575055
BinVal : 0 25 0.612245 0.0696055 0.0696055
BinVal : 0 26 0.973684 0.0259672 0.0259672
BinVal : 0 27 0.816327 0.0553168 0.0553168
BinVal : 0 28 0.969697 0.0298404 0.0298404
BinVal : 0 29 1 0.0201001 0.0201001
BinVal : 0 30 1 0.0201001 0.0201001
BinVal : 0 31 1 0.0243611 0.0243611
BinVal : 0 32 1 0.102643 0.102643
BinVal : 0 33 0 0 0
BinVal : 0 34 0 0 0
BinVal : 0 35 0 0 0
BinVal : 0 36 0 0 0
BinVal : 0 37 0 0 0
BinVal : 0 38 0 0 0
BinVal : 0 39 0 0 0
BinVal : 0 40 0 0 0
BinVal : 0 41 0 0 0
BinVal : 0 42 0 0 0
BinVal : 0 43 0 0 0
BinVal : 1 0 0 0 0
BinVal : 1 1 0 0 0
BinVal : 1 2 0 0 0
BinVal : 1 3 0 0 0
BinVal : 1 4 0 0 0
BinVal : 1 5 0 0 0
BinVal : 1 6 0 0 0
BinVal : 1 7 0 0 0
BinVal : 1 8 0 0 0
BinVal : 1 9 0 0 0
BinVal : 1 10 0 0 0
BinVal : 1 11 1 0.0599198 0.0599198
BinVal : 1 12 0.956522 0.0425226 0.0425226
BinVal : 1 13 1 0.0161462 0.0161462
BinVal : 1 14 1 0.0157046 0.0157046
BinVal : 1 15 0.931818 0.0379991 0.0379991
BinVal : 1 16 0.911111 0.0424232 0.0424232
BinVal : 1 17 0.933333 0.0371849 0.0371849
BinVal : 1 18 1 0.00903559 0.00903559
BinVal : 1 19 0.956522 0.030068 0.030068
BinVal : 1 20 0.825397 0.0478285 0.0478285
BinVal : 1 21 0.945455 0.0306209 0.0306209
BinVal : 1 22 0.935897 0.0277335 0.0277335
BinVal : 1 23 0.721519 0.0504322 0.0504322
BinVal : 1 24 0.921569 0.0376464 0.0376464
BinVal : 1 25 0.7 0.0648074 0.0648074
BinVal : 1 26 0.980769 0.019045 0.019045
BinVal : 1 27 0.8 0.053936 0.053936
BinVal : 1 28 1 0.0115867 0.0115867
BinVal : 1 29 0.96875 0.0307578 0.0307578
BinVal : 1 30 0.967742 0.0317335 0.0317335
BinVal : 1 31 1 0.018786 0.018786
BinVal : 1 32 1 0.0668855 0.0668855
BinVal : 1 33 0 0 0
BinVal : 1 34 0 0 0
BinVal : 1 35 0 0 0
BinVal : 1 36 0 0 0
BinVal : 1 37 0 0 0
BinVal : 1 38 0 0 0
BinVal : 1 39 0 0 0
BinVal : 1 40 0 0 0
BinVal : 1 41 0 0 0
BinVal : 1 42 0 0 0
BinVal : 1 43 0 0 0
BinVal : 2 0 0 0 0
BinVal : 2 1 0 0 0
BinVal : 2 2 0 0 0
BinVal : 2 3 0 0 0
BinVal : 2 4 0 0 0
BinVal : 2 5 0 0 0
BinVal : 2 6 0 0 0
BinVal : 2 7 0 0 0
BinVal : 2 8 0 0 0
BinVal : 2 9 0 0 0
BinVal : 2 10 0 0 0
BinVal : 2 11 1 0.0542655 0.0542655
BinVal : 2 12 1 0.0309157 0.0309157
BinVal : 2 13 0.976744 0.0229838 0.0229838
BinVal : 2 14 0.959184 0.0282664 0.0282664
BinVal : 2 15 1 0.012074 0.012074
BinVal : 2 16 0.9375 0.0349386 0.0349386
BinVal : 2 17 0.902439 0.0463399 0.0463399
BinVal : 2 18 0.982456 0.0173893 0.0173893
BinVal : 2 19 0.977778 0.0219739 0.0219739
BinVal : 2 20 0.883333 0.0414438 0.0414438
BinVal : 2 21 0.967742 0.022439 0.022439
BinVal : 2 22 0.983607 0.0162585 0.0162585
BinVal : 2 23 0.777778 0.0619748 0.0619748
BinVal : 2 24 0.840909 0.0551405 0.0551405
BinVal : 2 25 0.763636 0.0572865 0.0572865
BinVal : 2 26 1 0.0161462 0.0161462
BinVal : 2 27 0.820513 0.0614507 0.0614507
BinVal : 2 28 0.982143 0.017697 0.017697
BinVal : 2 29 1 0.012074 0.012074
BinVal : 2 30 0.967742 0.0317335 0.0317335
BinVal : 2 31 1 0.0346427 0.0346427
BinVal : 2 32 1 0.159077 0.159077
BinVal : 2 33 0 0 0
BinVal : 2 34 0 0 0
BinVal : 2 35 0 0 0
BinVal : 2 36 0 0 0
BinVal : 2 37 0 0 0
BinVal : 2 38 0 0 0
BinVal : 2 39 0 0 0
BinVal : 2 40 0 0 0
BinVal : 2 41 0 0 0
BinVal : 2 42 0 0 0
BinVal : 2 43 0 0 0
BinVal : 3 0 0 0 0
BinVal : 3 1 0 0 0
BinVal : 3 2 0 0 0
BinVal : 3 3 0 0 0
BinVal : 3 4 0 0 0
BinVal : 3 5 0 0 0
BinVal : 3 6 0 0 0
BinVal : 3 7 0 0 0
BinVal : 3 8 0 0 0
BinVal : 3 9 0 0 0
BinVal : 3 10 0 0 0
BinVal : 3 11 0 0 0
BinVal : 3 12 1 0.0495858 0.0495858
BinVal : 3 13 1 0.0368657 0.0368657
BinVal : 3 14 1 0.018786 0.018786
BinVal : 3 15 1 0.0148902 0.0148902
BinVal : 3 16 0.946429 0.0300896 0.0300896
BinVal : 3 17 0.615385 0.0954113 0.0954113
BinVal : 3 18 0.971429 0.0281603 0.0281603
BinVal : 3 19 0.935484 0.0312001 0.0312001
BinVal : 3 20 0.846154 0.0577744 0.0577744
BinVal : 3 21 0.78 0.0585833 0.0585833
BinVal : 3 22 0.918367 0.0391149 0.0391149
BinVal : 3 23 0.58 0.0697997 0.0697997
BinVal : 3 24 0.85 0.0564579 0.0564579
BinVal : 3 25 0.909091 0.0500438 0.0500438
BinVal : 3 26 0.758621 0.0794627 0.0794627
BinVal : 3 27 0.966667 0.0327731 0.0327731
BinVal : 3 28 0.974359 0.0253102 0.0253102
BinVal : 3 29 0.923077 0.0522589 0.0522589
BinVal : 3 30 1 0.0346427 0.0346427
BinVal : 3 31 1 0.0422902 0.0422902
BinVal : 3 32 0 0 0
BinVal : 3 33 0 0 0
BinVal : 3 34 0 0 0
BinVal : 3 35 0 0 0
BinVal : 3 36 0 0 0
BinVal : 3 37 0 0 0
BinVal : 3 38 0 0 0
BinVal : 3 39 0 0 0
BinVal : 3 40 0 0 0
BinVal : 3 41 0 0 0
BinVal : 3 42 0 0 0
BinVal : 3 43 0 0 0
BinVal : 4 0 0 0 0
BinVal : 4 1 0 0 0
BinVal : 4 2 0 0 0
BinVal : 4 3 0 0 0
BinVal : 4 4 0 0 0
BinVal : 4 5 0 0 0
BinVal : 4 6 0 0 0
BinVal : 4 7 0 0 0
BinVal : 4 8 0 0 0
BinVal : 4 9 0 0 0
BinVal : 4 10 0 0 0
BinVal : 4 11 0 0 0
BinVal : 4 12 0.833333 0.152145 0.152145
BinVal : 4 13 1 0.0871301 0.0871301
BinVal : 4 14 1 0.0368657 0.0368657
BinVal : 4 15 1 0.0254407 0.0254407
BinVal : 4 16 0.942857 0.0392347 0.0392347
BinVal : 4 17 0.869565 0.0702237 0.0702237
BinVal : 4 18 0.96875 0.0307578 0.0307578
BinVal : 4 19 0.9375 0.0427908 0.0427908
BinVal : 4 20 0.923077 0.0426692 0.0426692
BinVal : 4 21 0.885714 0.0537785 0.0537785
BinVal : 4 22 0.97619 0.0235244 0.0235244
BinVal : 4 23 0.846154 0.0707589 0.0707589
BinVal : 4 24 0.85 0.0564579 0.0564579
BinVal : 4 25 0.882353 0.0552551 0.0552551
BinVal : 4 26 0.884615 0.0626563 0.0626563
BinVal : 4 27 0.96 0.0391918 0.0391918
BinVal : 4 28 1 0.0166125 0.0166125
BinVal : 4 29 1 0.0309157 0.0309157
BinVal : 4 30 1 0.0542655 0.0542655
BinVal : 4 31 1 0.124824 0.124824
BinVal : 4 32 0 0 0
BinVal : 4 33 0 0 0
BinVal : 4 34 0 0 0
BinVal : 4 35 0 0 0
BinVal : 4 36 0 0 0
BinVal : 4 37 0 0 0
BinVal : 4 38 0 0 0
BinVal : 4 39 0 0 0
BinVal : 4 40 0 0 0
BinVal : 4 41 0 0 0
BinVal : 4 42 0 0 0
BinVal : 4 43 0 0 0
BinVal : 5 0 0 0 0
BinVal : 5 1 0 0 0
BinVal : 5 2 0 0 0
BinVal : 5 3 0 0 0
BinVal : 5 4 0 0 0
BinVal : 5 5 0 0 0
BinVal : 5 6 0 0 0
BinVal : 5 7 0 0 0
BinVal : 5 8 0 0 0
BinVal : 5 9 0 0 0
BinVal : 5 10 0 0 0
BinVal : 5 11 1 0.124824 0.124824
BinVal : 5 12 1 0.0422902 0.0422902
BinVal : 5 13 1 0.0456491 0.0456491
BinVal : 5 14 1 0.0194201 0.0194201
BinVal : 5 15 1 0.0216126 0.0216126
BinVal : 5 16 1 0.0145144 0.0145144
BinVal : 5 17 0.791667 0.0828982 0.0828982
BinVal : 5 18 0.97619 0.0235244 0.0235244
BinVal : 5 19 0.931818 0.0379991 0.0379991
BinVal : 5 20 0.969697 0.0298404 0.0298404
BinVal : 5 21 0.833333 0.062113 0.062113
BinVal : 5 22 0.95 0.0344601 0.0344601
BinVal : 5 23 0.757576 0.0746009 0.0746009
BinVal : 5 24 0.868421 0.0548361 0.0548361
BinVal : 5 25 0.903226 0.0531003 0.0531003
BinVal : 5 26 0.885714 0.0537785 0.0537785
BinVal : 5 27 0.83871 0.0660586 0.0660586
BinVal : 5 28 0.973684 0.0259672 0.0259672
BinVal : 5 29 0.962963 0.0363447 0.0363447
BinVal : 5 30 1 0.0254407 0.0254407
BinVal : 5 31 1 0.0871301 0.0871301
BinVal : 5 32 0 0 0
BinVal : 5 33 0 0 0
BinVal : 5 34 0 0 0
BinVal : 5 35 0 0 0
BinVal : 5 36 0 0 0
BinVal : 5 37 0 0 0
BinVal : 5 38 0 0 0
BinVal : 5 39 0 0 0
BinVal : 5 40 0 0 0
BinVal : 5 41 0 0 0
BinVal : 5 42 0 0 0
BinVal : 5 43 0 0 0
BinVal : 6 0 0 0 0
BinVal : 6 1 0 0 0
BinVal : 6 2 0 0 0
BinVal : 6 3 0 0 0
BinVal : 6 4 0 0 0
BinVal : 6 5 0 0 0
BinVal : 6 6 0 0 0
BinVal : 6 7 0 0 0
BinVal : 6 8 0 0 0
BinVal : 6 9 0 0 0
BinVal : 6 10 0 0 0
BinVal : 6 11 1 0.102643 0.102643
BinVal : 6 12 1 0.0871301 0.0871301
BinVal : 6 13 1 0.0266185 0.0266185
BinVal : 6 14 1 0.0309157 0.0309157
BinVal : 6 15 0.944444 0.0539903 0.0539903
BinVal : 6 16 0.888889 0.0740741 0.0740741
BinVal : 6 17 1 0.0422902 0.0422902
BinVal : 6 18 0.944444 0.0539903 0.0539903
BinVal : 6 19 1 0.0279117 0.0279117
BinVal : 6 20 0.8125 0.0975781 0.0975781
BinVal : 6 21 1 0.0266185 0.0266185
BinVal : 6 22 0.9375 0.0605154 0.0605154
BinVal : 6 23 0.826087 0.0790342 0.0790342
BinVal : 6 24 0.882353 0.0781425 0.0781425
BinVal : 6 25 0.714286 0.0985808 0.0985808
BinVal : 6 26 0.875 0.0826797 0.0826797
BinVal : 6 27 0.583333 0.142319 0.142319
BinVal : 6 28 1 0.039392 0.039392
BinVal : 6 29 1 0.039392 0.039392
BinVal : 6 30 0.857143 0.13226 0.13226
BinVal : 6 31 1 0.0871301 0.0871301
BinVal : 6 32 1 0.0599198 0.0599198
BinVal : 6 33 0 0 0
BinVal : 6 34 0 0 0
BinVal : 6 35 0 0 0
BinVal : 6 36 0 0 0
BinVal : 6 37 0 0 0
BinVal : 6 38 0 0 0
BinVal : 6 39 0 0 0
BinVal : 6 40 0 0 0
BinVal : 6 41 0 0 0
BinVal : 6 42 0 0 0
BinVal : 6 43 0 0 0
BinVal : 7 0 0 0 0
BinVal : 7 1 0 0 0
BinVal : 7 2 0 0 0
BinVal : 7 3 0 0 0
BinVal : 7 4 0 0 0
BinVal : 7 5 0 0 0
BinVal : 7 6 0 0 0
BinVal : 7 7 0 0 0
BinVal : 7 8 0 0 0
BinVal : 7 9 0 0 0
BinVal : 7 10 0 0 0
BinVal : 7 11 0 0 0
BinVal : 7 12 1 0.102643 0.102643
BinVal : 7 13 1 0.102643 0.102643
BinVal : 7 14 1 0.0599198 0.0599198
BinVal : 7 15 0.916667 0.0797856 0.0797856
BinVal : 7 16 0.75 0.153093 0.153093
BinVal : 7 17 0.909091 0.0866784 0.0866784
BinVal : 7 18 1 0.0368657 0.0368657
BinVal : 7 19 0.916667 0.0797856 0.0797856
BinVal : 7 20 0.8 0.126491 0.126491
BinVal : 7 21 1 0.0309157 0.0309157
BinVal : 7 22 1 0.0326734 0.0326734
BinVal : 7 23 1 0.0668855 0.0668855
BinVal : 7 24 0.8 0.178885 0.178885
BinVal : 7 25 0.692308 0.128008 0.128008
BinVal : 7 26 1 0.0599198 0.0599198
BinVal : 7 27 0.666667 0.157135 0.157135
BinVal : 7 28 0.833333 0.152145 0.152145
BinVal : 7 29 1 0.0668855 0.0668855
BinVal : 7 30 1 0.0668855 0.0668855
BinVal : 7 31 1 0.218486 0.218486
BinVal : 7 32 1 0.218486 0.218486
BinVal : 7 33 0 0 0
BinVal : 7 34 0 0 0
BinVal : 7 35 0 0 0
BinVal : 7 36 0 0 0
BinVal : 7 37 0 0 0
BinVal : 7 38 0 0 0
BinVal : 7 39 0 0 0
BinVal : 7 40 0 0 0
BinVal : 7 41 0 0 0
BinVal : 7 42 0 0 0
BinVal : 7 43 0 0 0
BinVal : 8 0 0 0 0
BinVal : 8 1 0 0 0
BinVal : 8 2 0 0 0
BinVal : 8 3 0 0 0
BinVal : 8 4 0 0 0
BinVal : 8 5 0 0 0
BinVal : 8 6 0 0 0
BinVal : 8 7 0 0 0
BinVal : 8 8 0 0 0
BinVal : 8 9 0 0 0
BinVal : 8 10 0 0 0
BinVal : 8 11 1 0.218486 0.218486
BinVal : 8 12 1 0.0756803 0.0756803
BinVal : 8 13 1 0.0668855 0.0668855
BinVal : 8 14 1 0.0422902 0.0422902
BinVal : 8 15 0.916667 0.0797856 0.0797856
BinVal : 8 16 1 0.0495858 0.0495858
BinVal : 8 17 1 0.0668855 0.0668855
BinVal : 8 18 1 0.0599198 0.0599198
BinVal : 8 19 1 0.039392 0.039392
BinVal : 8 20 0.8 0.126491 0.126491
BinVal : 8 21 0.933333 0.0644061 0.0644061
BinVal : 8 22 1 0.0422902 0.0422902
BinVal : 8 23 0.8 0.126491 0.126491
BinVal : 8 24 1 0.0368657 0.0368657
BinVal : 8 25 0.857143 0.13226 0.13226
BinVal : 8 26 1 0.0599198 0.0599198
BinVal : 8 27 0.888889 0.104757 0.104757
BinVal : 8 28 1 0.0368657 0.0368657
BinVal : 8 29 1 0.0668855 0.0668855
BinVal : 8 30 1 0.0542655 0.0542655
BinVal : 8 31 1 0.0495858 0.0495858
BinVal : 8 32 1 0.218486 0.218486
BinVal : 8 33 0 0 0
BinVal : 8 34 0 0 0
BinVal : 8 35 0 0 0
BinVal : 8 36 0 0 0
BinVal : 8 37 0 0 0
BinVal : 8 38 0 0 0
BinVal : 8 39 0 0 0
BinVal : 8 40 0 0 0
BinVal : 8 41 0 0 0
BinVal : 8 42 0 0 0
BinVal : 8 43 0 0 0
BinVal : 9 0 0 0 0
BinVal : 9 1 0 0 0
BinVal : 9 2 0 0 0
BinVal : 9 3 0 0 0
BinVal : 9 4 0 0 0
BinVal : 9 5 0 0 0
BinVal : 9 6 0 0 0
BinVal : 9 7 0 0 0
BinVal : 9 8 0 0 0
BinVal : 9 9 0 0 0
BinVal : 9 10 0 0 0
BinVal : 9 11 1 0.124824 0.124824
BinVal : 9 12 1 0.0668855 0.0668855
BinVal : 9 13 0.916667 0.0797856 0.0797856
BinVal : 9 14 0.9375 0.0605154 0.0605154
BinVal : 9 15 1 0.0368657 0.0368657
BinVal : 9 16 0.7 0.144914 0.144914
BinVal : 9 17 0.96 0.0391918 0.0391918
BinVal : 9 18 1 0.0495858 0.0495858
BinVal : 9 19 1 0.0422902 0.0422902
BinVal : 9 20 0.73913 0.0915605 0.0915605
BinVal : 9 21 0.84 0.0733212 0.0733212
BinVal : 9 22 0.904762 0.0640564 0.0640564
BinVal : 9 23 0.882353 0.0781425 0.0781425
BinVal : 9 24 0.833333 0.0760726 0.0760726
BinVal : 9 25 0.529412 0.121058 0.121058
BinVal : 9 26 0.947368 0.0512278 0.0512278
BinVal : 9 27 0.8125 0.0975781 0.0975781
BinVal : 9 28 1 0.0422902 0.0422902
BinVal : 9 29 1 0.0542655 0.0542655
BinVal : 9 30 1 0.0309157 0.0309157
BinVal : 9 31 1 0.0495858 0.0495858
BinVal : 9 32 1 0.102643 0.102643
BinVal : 9 33 0 0 0
BinVal : 9 34 0 0 0
BinVal : 9 35 0 0 0
BinVal : 9 36 0 0 0
BinVal : 9 37 0 0 0
BinVal : 9 38 0 0 0
BinVal : 9 39 0 0 0
BinVal : 9 40 0 0 0
BinVal : 9 41 0 0 0
BinVal : 9 42 0 0 0
BinVal : 9 43 0 0 0
BinVal : 10 0 0 0 0
BinVal : 10 1 0 0 0
BinVal : 10 2 0 0 0
BinVal : 10 3 0 0 0
BinVal : 10 4 0 0 0
BinVal : 10 5 0 0 0
BinVal : 10 6 0 0 0
BinVal : 10 7 0 0 0
BinVal : 10 8 0 0 0
BinVal : 10 9 0 0 0
BinVal : 10 10 0 0 0
BinVal : 10 11 1 0.0871301 0.0871301
BinVal : 10 12 1 0.0542655 0.0542655
BinVal : 10 13 1 0.0279117 0.0279117
BinVal : 10 14 0.956522 0.0425226 0.0425226
BinVal : 10 15 1 0.0266185 0.0266185
BinVal : 10 16 0.852941 0.0607387 0.0607387
BinVal : 10 17 0.944444 0.0539903 0.0539903
BinVal : 10 18 0.913043 0.0587534 0.0587534
BinVal : 10 19 1 0.0171075 0.0171075
BinVal : 10 20 0.882353 0.0552551 0.0552551
BinVal : 10 21 0.848485 0.0624156 0.0624156
BinVal : 10 22 0.976744 0.0229838 0.0229838
BinVal : 10 23 0.8 0.10328 0.10328
BinVal : 10 24 0.833333 0.0575055 0.0575055
BinVal : 10 25 0.75 0.0818317 0.0818317
BinVal : 10 26 0.904762 0.0640564 0.0640564
BinVal : 10 27 0.923077 0.0522589 0.0522589
BinVal : 10 28 1 0.0194201 0.0194201
BinVal : 10 29 1 0.017632 0.017632
BinVal : 10 30 1 0.0346427 0.0346427
BinVal : 10 31 1 0.0368657 0.0368657
BinVal : 10 32 1 0.159077 0.159077
BinVal : 10 33 0 0 0
BinVal : 10 34 0 0 0
BinVal : 10 35 0 0 0
BinVal : 10 36 0 0 0
BinVal : 10 37 0 0 0
BinVal : 10 38 0 0 0
BinVal : 10 39 0 0 0
BinVal : 10 40 0 0 0
BinVal : 10 41 0 0 0
BinVal : 10 42 0 0 0
BinVal : 10 43 0 0 0
BinVal : 11 0 0 0 0
BinVal : 11 1 0 0 0
BinVal : 11 2 0 0 0
BinVal : 11 3 0 0 0
BinVal : 11 4 0 0 0
BinVal : 11 5 0 0 0
BinVal : 11 6 0 0 0
BinVal : 11 7 0 0 0
BinVal : 11 8 0 0 0
BinVal : 11 9 0 0 0
BinVal : 11 10 0 0 0
BinVal : 11 11 0 0 0
BinVal : 11 12 1 0.0871301 0.0871301
BinVal : 11 13 1 0.0293374 0.0293374
BinVal : 11 14 1 0.0266185 0.0266185
BinVal : 11 15 1 0.0166125 0.0166125
BinVal : 11 16 1 0.0141568 0.0141568
BinVal : 11 17 0.730769 0.0869893 0.0869893
BinVal : 11 18 0.967742 0.0317335 0.0317335
BinVal : 11 19 0.971429 0.0281603 0.0281603
BinVal : 11 20 0.88 0.0649923 0.0649923
BinVal : 11 21 0.844444 0.0540284 0.0540284
BinVal : 11 22 0.925926 0.050401 0.050401
BinVal : 11 23 0.833333 0.0760726 0.0760726
BinVal : 11 24 0.777778 0.06929 0.06929
BinVal : 11 25 0.896552 0.0565523 0.0565523
BinVal : 11 26 0.814815 0.0747568 0.0747568
BinVal : 11 27 1 0.0166125 0.0166125
BinVal : 11 28 1 0.0201001 0.0201001
BinVal : 11 29 1 0.0293374 0.0293374
BinVal : 11 30 0.933333 0.0644061 0.0644061
BinVal : 11 31 1 0.0422902 0.0422902
BinVal : 11 32 0 0 0
BinVal : 11 33 0 0 0
BinVal : 11 34 0 0 0
BinVal : 11 35 0 0 0
BinVal : 11 36 0 0 0
BinVal : 11 37 0 0 0
BinVal : 11 38 0 0 0
BinVal : 11 39 0 0 0
BinVal : 11 40 0 0 0
BinVal : 11 41 0 0 0
BinVal : 11 42 0 0 0
BinVal : 11 43 0 0 0
BinVal : 12 0 0 0 0
BinVal : 12 1 0 0 0
BinVal : 12 2 0 0 0
BinVal : 12 3 0 0 0
BinVal : 12 4 0 0 0
BinVal : 12 5 0 0 0
BinVal : 12 6 0 0 0
BinVal : 12 7 0 0 0
BinVal : 12 8 0 0 0
BinVal : 12 9 0 0 0
BinVal : 12 10 0 0 0
BinVal : 12 11 0 0 0
BinVal : 12 12 1 0.0542655 0.0542655
BinVal : 12 13 1 0.0293374 0.0293374
BinVal : 12 14 1 0.0279117 0.0279117
BinVal : 12 15 1 0.0181909 0.0181909
BinVal : 12 16 0.909091 0.0433392 0.0433392
BinVal : 12 17 0.8 0.10328 0.10328
BinVal : 12 18 1 0.0346427 0.0346427
BinVal : 12 19 0.891892 0.0510487 0.0510487
BinVal : 12 20 0.810811 0.0643883 0.0643883
BinVal : 12 21 0.846154 0.0500341 0.0500341
BinVal : 12 22 0.880952 0.0499703 0.0499703
BinVal : 12 23 0.702703 0.0751416 0.0751416
BinVal : 12 24 0.727273 0.0671408 0.0671408
BinVal : 12 25 0.829268 0.0587642 0.0587642
BinVal : 12 26 0.823529 0.0924594 0.0924594
BinVal : 12 27 1 0.0161462 0.0161462
BinVal : 12 28 0.964286 0.0350707 0.0350707
BinVal : 12 29 0.772727 0.0893461 0.0893461
BinVal : 12 30 0.941176 0.0570672 0.0570672
BinVal : 12 31 1 0.0599198 0.0599198
BinVal : 12 32 0 0 0
BinVal : 12 33 0 0 0
BinVal : 12 34 0 0 0
BinVal : 12 35 0 0 0
BinVal : 12 36 0 0 0
BinVal : 12 37 0 0 0
BinVal : 12 38 0 0 0
BinVal : 12 39 0 0 0
BinVal : 12 40 0 0 0
BinVal : 12 41 0 0 0
BinVal : 12 42 0 0 0
BinVal : 12 43 0 0 0
BinVal : 13 0 0 0 0
BinVal : 13 1 0 0 0
BinVal : 13 2 0 0 0
BinVal : 13 3 0 0 0
BinVal : 13 4 0 0 0
BinVal : 13 5 0 0 0
BinVal : 13 6 0 0 0
BinVal : 13 7 0 0 0
BinVal : 13 8 0 0 0
BinVal : 13 9 0 0 0
BinVal : 13 10 0 0 0
BinVal : 13 11 1 0.159077 0.159077
BinVal : 13 12 1 0.0368657 0.0368657
BinVal : 13 13 1 0.0194201 0.0194201
BinVal : 13 14 0.967742 0.0317335 0.0317335
BinVal : 13 15 1 0.0128865 0.0128865
BinVal : 13 16 0.963636 0.0252411 0.0252411
BinVal : 13 17 0.806452 0.0709583 0.0709583
BinVal : 13 18 1 0.0141568 0.0141568
BinVal : 13 19 0.978261 0.0215015 0.0215015
BinVal : 13 20 0.789474 0.0539989 0.0539989
BinVal : 13 21 0.877551 0.0468291 0.0468291
BinVal : 13 22 0.968254 0.0220886 0.0220886
BinVal : 13 23 0.865385 0.0473315 0.0473315
BinVal : 13 24 0.897959 0.0432431 0.0432431
BinVal : 13 25 0.716667 0.0581744 0.0581744
BinVal : 13 26 0.954545 0.0314022 0.0314022
BinVal : 13 27 0.898305 0.0393492 0.0393492
BinVal : 13 28 0.978261 0.0215015 0.0215015
BinVal : 13 29 0.97619 0.0235244 0.0235244
BinVal : 13 30 1 0.0216126 0.0216126
BinVal : 13 31 0.933333 0.0644061 0.0644061
BinVal : 13 32 1 0.124824 0.124824
BinVal : 13 33 0 0 0
BinVal : 13 34 0 0 0
BinVal : 13 35 0 0 0
BinVal : 13 36 0 0 0
BinVal : 13 37 0 0 0
BinVal : 13 38 0 0 0
BinVal : 13 39 0 0 0
BinVal : 13 40 0 0 0
BinVal : 13 41 0 0 0
BinVal : 13 42 0 0 0
BinVal : 13 43 0 0 0
BinVal : 14 0 0 0 0
BinVal : 14 1 0 0 0
BinVal : 14 2 0 0 0
BinVal : 14 3 0 0 0
BinVal : 14 4 0 0 0
BinVal : 14 5 0 0 0
BinVal : 14 6 0 0 0
BinVal : 14 7 0 0 0
BinVal : 14 8 0 0 0
BinVal : 14 9 0 0 0
BinVal : 14 10 0 0 0
BinVal : 14 11 1 0.159077 0.159077
BinVal : 14 12 1 0.0233703 0.0233703
BinVal : 14 13 0.96 0.0391918 0.0391918
BinVal : 14 14 0.965517 0.033883 0.033883
BinVal : 14 15 0.977778 0.0219739 0.0219739
BinVal : 14 16 0.861111 0.0576384 0.0576384
BinVal : 14 17 0.961538 0.0377146 0.0377146
BinVal : 14 18 0.979592 0.0201988 0.0201988
BinVal : 14 19 0.979592 0.0201988 0.0201988
BinVal : 14 20 0.877551 0.0468291 0.0468291
BinVal : 14 21 0.907692 0.0359031 0.0359031
BinVal : 14 22 1 0.00712919 0.00712919
BinVal : 14 23 0.786885 0.0524321 0.0524321
BinVal : 14 24 0.9375 0.0349386 0.0349386
BinVal : 14 25 0.738462 0.0545099 0.0545099
BinVal : 14 26 0.958333 0.0288424 0.0288424
BinVal : 14 27 0.911765 0.0486433 0.0486433
BinVal : 14 28 0.978723 0.021049 0.021049
BinVal : 14 29 1 0.0131822 0.0131822
BinVal : 14 30 0.942857 0.0392347 0.0392347
BinVal : 14 31 0.961538 0.0377146 0.0377146
BinVal : 14 32 0.9 0.0948683 0.0948683
BinVal : 14 33 0 0 0
BinVal : 14 34 0 0 0
BinVal : 14 35 0 0 0
BinVal : 14 36 0 0 0
BinVal : 14 37 0 0 0
BinVal : 14 38 0 0 0
BinVal : 14 39 0 0 0
BinVal : 14 40 0 0 0
BinVal : 14 41 0 0 0
BinVal : 14 42 0 0 0
BinVal : 14 43 0 0 0
BinVal : 15 0 0 0 0
BinVal : 15 1 0 0 0
BinVal : 15 2 0 0 0
BinVal : 15 3 0 0 0
BinVal : 15 4 0 0 0
BinVal : 15 5 0 0 0
BinVal : 15 6 0 0 0
BinVal : 15 7 0 0 0
BinVal : 15 8 0 0 0
BinVal : 15 9 0 0 0
BinVal : 15 10 0 0 0
BinVal : 15 11 1 0.0542655 0.0542655
BinVal : 15 12 0.9375 0.0605154 0.0605154
BinVal : 15 13 0.962963 0.0363447 0.0363447
BinVal : 15 14 0.971429 0.0281603 0.0281603
BinVal : 15 15 1 0.0152869 0.0152869
BinVal : 15 16 0.709677 0.0815249 0.0815249
BinVal : 15 17 0.902439 0.0463399 0.0463399
BinVal : 15 18 0.938776 0.0342488 0.0342488
BinVal : 15 19 0.854167 0.0509424 0.0509424
BinVal : 15 20 0.833333 0.0507151 0.0507151
BinVal : 15 21 0.857143 0.046761 0.046761
BinVal : 15 22 0.9875 0.0124216 0.0124216
BinVal : 15 23 0.893617 0.0449741 0.0449741
BinVal : 15 24 0.849057 0.0491742 0.0491742
BinVal : 15 25 0.658537 0.0740577 0.0740577
BinVal : 15 26 1 0.0115867 0.0115867
BinVal : 15 27 0.8 0.0632455 0.0632455
BinVal : 15 28 1 0.0148902 0.0148902
BinVal : 15 29 1 0.0166125 0.0166125
BinVal : 15 30 0.888889 0.0740741 0.0740741
BinVal : 15 31 1 0.0326734 0.0326734
BinVal : 15 32 1 0.0599198 0.0599198
BinVal : 15 33 0 0 0
BinVal : 15 34 0 0 0
BinVal : 15 35 0 0 0
BinVal : 15 36 0 0 0
BinVal : 15 37 0 0 0
BinVal : 15 38 0 0 0
BinVal : 15 39 0 0 0
BinVal : 15 40 0 0 0
BinVal : 15 41 0 0 0
BinVal : 15 42 0 0 0
BinVal : 15 43 0 0 0
BinVal : 16 0 0 0 0
BinVal : 16 1 0 0 0
BinVal : 16 2 0 0 0
BinVal : 16 3 0 0 0
BinVal : 16 4 0 0 0
BinVal : 16 5 0 0 0
BinVal : 16 6 0 0 0
BinVal : 16 7 0 0 0
BinVal : 16 8 0 0 0
BinVal : 16 9 0 0 0
BinVal : 16 10 0 0 0
BinVal : 16 11 1 0.0495858 0.0495858
BinVal : 16 12 0.95 0.048734 0.048734
BinVal : 16 13 1 0.0201001 0.0201001
BinVal : 16 14 1 0.0157046 0.0157046
BinVal : 16 15 1 0.012074 0.012074
BinVal : 16 16 0.72 0.0897998 0.0897998
BinVal : 16 17 0.897436 0.0485811 0.0485811
BinVal : 16 18 0.975 0.0246855 0.0246855
BinVal : 16 19 0.925926 0.0356389 0.0356389
BinVal : 16 20 0.925926 0.0356389 0.0356389
BinVal : 16 21 0.904762 0.036983 0.036983
BinVal : 16 22 0.985507 0.0143874 0.0143874
BinVal : 16 23 0.862069 0.0452781 0.0452781
BinVal : 16 24 0.818182 0.0581456 0.0581456
BinVal : 16 25 0.692308 0.0640039 0.0640039
BinVal : 16 26 0.98 0.019799 0.019799
BinVal : 16 27 0.789474 0.0661348 0.0661348
BinVal : 16 28 0.975 0.0246855 0.0246855
BinVal : 16 29 0.972222 0.0273893 0.0273893
BinVal : 16 30 1 0.0293374 0.0293374
BinVal : 16 31 0.96 0.0391918 0.0391918
BinVal : 16 32 1 0.0668855 0.0668855
BinVal : 16 33 0 0 0
BinVal : 16 34 0 0 0
BinVal : 16 35 0 0 0
BinVal : 16 36 0 0 0
BinVal : 16 37 0 0 0
BinVal : 16 38 0 0 0
BinVal : 16 39 0 0 0
BinVal : 16 40 0 0 0
BinVal : 16 41 0 0 0
BinVal : 16 42 0 0 0
BinVal : 16 43 0 0 0
BinVal : 17 0 0 0 0
BinVal : 17 1 0 0 0
BinVal : 17 2 0 0 0
BinVal : 17 3 0 0 0
BinVal : 17 4 0 0 0
BinVal : 17 5 0 0 0
BinVal : 17 6 0 0 0
BinVal : 17 7 0 0 0
BinVal : 17 8 0 0 0
BinVal : 17 9 0 0 0
BinVal : 17 10 0 0 0
BinVal : 17 11 1 0.0422902 0.0422902
BinVal : 17 12 1 0.0216126 0.0216126
BinVal : 17 13 1 0.0152869 0.0152869
BinVal : 17 14 0.977778 0.0219739 0.0219739
BinVal : 17 15 0.981132 0.0186891 0.0186891
BinVal : 17 16 0.914286 0.0473188 0.0473188
BinVal : 17 17 0.975 0.0246855 0.0246855
BinVal : 17 18 0.95 0.0344601 0.0344601
BinVal : 17 19 0.927273 0.0350164 0.0350164
BinVal : 17 20 0.954545 0.0256398 0.0256398
BinVal : 17 21 0.886076 0.0357462 0.0357462
BinVal : 17 22 0.9625 0.0212408 0.0212408
BinVal : 17 23 0.852941 0.0429488 0.0429488
BinVal : 17 24 0.719298 0.0595168 0.0595168
BinVal : 17 25 0.672727 0.0632693 0.0632693
BinVal : 17 26 0.93617 0.0356566 0.0356566
BinVal : 17 27 0.73913 0.0647431 0.0647431
BinVal : 17 28 1 0.0118251 0.0118251
BinVal : 17 29 1 0.0138164 0.0138164
BinVal : 17 30 0.967742 0.0317335 0.0317335
BinVal : 17 31 1 0.0181909 0.0181909
BinVal : 17 32 1 0.0542655 0.0542655
BinVal : 17 33 0 0 0
BinVal : 17 34 0 0 0
BinVal : 17 35 0 0 0
BinVal : 17 36 0 0 0
BinVal : 17 37 0 0 0
BinVal : 17 38 0 0 0
BinVal : 17 39 0 0 0
BinVal : 17 40 0 0 0
BinVal : 17 41 0 0 0
BinVal : 17 42 0 0 0
BinVal : 17 43 0 0 0
BinVal : 18 0 0 0 0
BinVal : 18 1 0 0 0
BinVal : 18 2 0 0 0
BinVal : 18 3 0 0 0
BinVal : 18 4 0 0 0
BinVal : 18 5 0 0 0
BinVal : 18 6 0 0 0
BinVal : 18 7 0 0 0
BinVal : 18 8 0 0 0
BinVal : 18 9 0 0 0
BinVal : 18 10 0 0 0
BinVal : 18 11 1 0.124824 0.124824
BinVal : 18 12 1 0.0368657 0.0368657
BinVal : 18 13 1 0.017632 0.017632
BinVal : 18 14 0.979592 0.0201988 0.0201988
BinVal : 18 15 0.980392 0.0194147 0.0194147
BinVal : 18 16 0.903846 0.0408817 0.0408817
BinVal : 18 17 0.948718 0.0353199 0.0353199
BinVal : 18 18 0.97619 0.0235244 0.0235244
BinVal : 18 19 0.941176 0.0329478 0.0329478
BinVal : 18 20 0.852459 0.0454076 0.0454076
BinVal : 18 21 0.912281 0.0374692 0.0374692
BinVal : 18 22 0.986111 0.0137921 0.0137921
BinVal : 18 23 0.790323 0.051699 0.051699
BinVal : 18 24 0.807018 0.0522713 0.0522713
BinVal : 18 25 0.75 0.0541266 0.0541266
BinVal : 18 26 0.955556 0.0307207 0.0307207
BinVal : 18 27 0.837209 0.0562986 0.0562986
BinVal : 18 28 1 0.0103354 0.0103354
BinVal : 18 29 0.973684 0.0259672 0.0259672
BinVal : 18 30 0.967742 0.0317335 0.0317335
BinVal : 18 31 1 0.0166125 0.0166125
BinVal : 18 32 1 0.124824 0.124824
BinVal : 18 33 0 0 0
BinVal : 18 34 0 0 0
BinVal : 18 35 0 0 0
BinVal : 18 36 0 0 0
BinVal : 18 37 0 0 0
BinVal : 18 38 0 0 0
BinVal : 18 39 0 0 0
BinVal : 18 40 0 0 0
BinVal : 18 41 0 0 0
BinVal : 18 42 0 0 0
BinVal : 18 43 0 0 0
BinVal : 19 0 0 0 0
BinVal : 19 1 0 0 0
BinVal : 19 2 0 0 0
BinVal : 19 3 0 0 0
BinVal : 19 4 0 0 0
BinVal : 19 5 0 0 0
BinVal : 19 6 0 0 0
BinVal : 19 7 0 0 0
BinVal : 19 8 0 0 0
BinVal : 19 9 0 0 0
BinVal : 19 10 0 0 0
BinVal : 19 11 0 0 0
BinVal : 19 12 0.944444 0.0539903 0.0539903
BinVal : 19 13 1 0.0181909 0.0181909
BinVal : 19 14 1 0.0254407 0.0254407
BinVal : 19 15 1 0.0138164 0.0138164
BinVal : 19 16 0.965517 0.033883 0.033883
BinVal : 19 17 0.575758 0.086034 0.086034
BinVal : 19 18 0.931035 0.0470544 0.0470544
BinVal : 19 19 0.880952 0.0499703 0.0499703
BinVal : 19 20 0.853659 0.0551993 0.0551993
BinVal : 19 21 0.775 0.0660256 0.0660256
BinVal : 19 22 0.8 0.0632455 0.0632455
BinVal : 19 23 0.419355 0.0886269 0.0886269
BinVal : 19 24 0.414634 0.0769404 0.0769404
BinVal : 19 25 0.827586 0.0701445 0.0701445
BinVal : 19 26 0.771429 0.0709782 0.0709782
BinVal : 19 27 1 0.0141568 0.0141568
BinVal : 19 28 1 0.0111375 0.0111375
BinVal : 19 29 1 0.0181909 0.0181909
BinVal : 19 30 0.904762 0.0640564 0.0640564
BinVal : 19 31 1 0.0542655 0.0542655
BinVal : 19 32 0 0 0
BinVal : 19 33 0 0 0
BinVal : 19 34 0 0 0
BinVal : 19 35 0 0 0
BinVal : 19 36 0 0 0
BinVal : 19 37 0 0 0
BinVal : 19 38 0 0 0
BinVal : 19 39 0 0 0
BinVal : 19 40 0 0 0
BinVal : 19 41 0 0 0
BinVal : 19 42 0 0 0
BinVal : 19 43 0 0 0
BinVal : 20 0 0 0 0
BinVal : 20 1 0 0 0
BinVal : 20 2 0 0 0
BinVal : 20 3 0 0 0
BinVal : 20 4 0 0 0
BinVal : 20 5 0 0 0
BinVal : 20 6 0 0 0
BinVal : 20 7 0 0 0
BinVal : 20 8 0 0 0
BinVal : 20 9 0 0 0
BinVal : 20 10 0 0 0
BinVal : 20 11 0 0 0
BinVal : 20 12 1 0.039392 0.039392
BinVal : 20 13 0.954545 0.0444095 0.0444095
BinVal : 20 14 0.956522 0.0425226 0.0425226
BinVal : 20 15 1 0.0134912 0.0134912
BinVal : 20 16 0.444444 0.0828173 0.0828173
BinVal : 20 17 0.207547 0.0557067 0.0557067
BinVal : 20 18 0.05 0.0344601 0.0344601
BinVal : 20 19 0.677966 0.0608315 0.0608315
BinVal : 20 20 0.866667 0.0506745 0.0506745
BinVal : 20 21 0.880597 0.0396149 0.0396149
BinVal : 20 22 0.786667 0.0473036 0.0473036
BinVal : 20 23 0.305085 0.0599446 0.0599446
BinVal : 20 24 0.3125 0.057939 0.057939
BinVal : 20 25 0.05 0.0344601 0.0344601
BinVal : 20 26 0.207547 0.0557067 0.0557067
BinVal : 20 27 0.5 0.0944911 0.0944911
BinVal : 20 28 0.942857 0.0392347 0.0392347
BinVal : 20 29 0.857143 0.06613 0.06613
BinVal : 20 30 0.947368 0.0512278 0.0512278
BinVal : 20 31 0.9 0.0948683 0.0948683
BinVal : 20 32 0 0 0
BinVal : 20 33 0 0 0
BinVal : 20 34 0 0 0
BinVal : 20 35 0 0 0
BinVal : 20 36 0 0 0
BinVal : 20 37 0 0 0
BinVal : 20 38 0 0 0
BinVal : 20 39 0 0 0
BinVal : 20 40 0 0 0
BinVal : 20 41 0 0 0
BinVal : 20 42 0 0 0
BinVal : 20 43 0 0 0
BinVal : 21 0 0 0 0
BinVal : 21 1 0 0 0
BinVal : 21 2 0 0 0
BinVal : 21 3 0 0 0
BinVal : 21 4 0 0 0
BinVal : 21 5 0 0 0
BinVal : 21 6 0 0 0
BinVal : 21 7 0 0 0
BinVal : 21 8 0 0 0
BinVal : 21 9 0 0 0
BinVal : 21 10 0 0 0
BinVal : 21 11 1 0.0871301 0.0871301
BinVal : 21 12 1 0.0279117 0.0279117
BinVal : 21 13 1 0.018786 0.018786
BinVal : 21 14 1 0.017632 0.017632
BinVal : 21 15 0.875 0.0584634 0.0584634
BinVal : 21 16 0.211538 0.0566348 0.0566348
BinVal : 21 17 0.75 0.0652791 0.0652791
BinVal : 21 18 0.375 0.0765466 0.0765466
BinVal : 21 19 0.789474 0.0539989 0.0539989
BinVal : 21 20 0.881579 0.0370628 0.0370628
BinVal : 21 21 0.871429 0.0400073 0.0400073
BinVal : 21 22 0.901639 0.0381296 0.0381296
BinVal : 21 23 0.563636 0.0668717 0.0668717
BinVal : 21 24 0.395833 0.0705853 0.0705853
BinVal : 21 25 0.490909 0.0674088 0.0674088
BinVal : 21 26 0.636364 0.0725204 0.0725204
BinVal : 21 27 0.285714 0.0603682 0.0603682
BinVal : 21 28 0.880952 0.0499703 0.0499703
BinVal : 21 29 0.977273 0.0224675 0.0224675
BinVal : 21 30 1 0.0224566 0.0224566
BinVal : 21 31 0.913043 0.0587534 0.0587534
BinVal : 21 32 1 0.0495858 0.0495858
BinVal : 21 33 0 0 0
BinVal : 21 34 0 0 0
BinVal : 21 35 0 0 0
BinVal : 21 36 0 0 0
BinVal : 21 37 0 0 0
BinVal : 21 38 0 0 0
BinVal : 21 39 0 0 0
BinVal : 21 40 0 0 0
BinVal : 21 41 0 0 0
BinVal : 21 42 0 0 0
BinVal : 21 43 0 0 0
BinVal : 22 0 0 0 0
BinVal : 22 1 0 0 0
BinVal : 22 2 0 0 0
BinVal : 22 3 0 0 0
BinVal : 22 4 0 0 0
BinVal : 22 5 0 0 0
BinVal : 22 6 0 0 0
BinVal : 22 7 0 0 0
BinVal : 22 8 0 0 0
BinVal : 22 9 0 0 0
BinVal : 22 10 0 0 0
BinVal : 22 11 0.916667 0.0797856 0.0797856
BinVal : 22 12 0.956522 0.0425226 0.0425226
BinVal : 22 13 1 0.018786 0.018786
BinVal : 22 14 1 0.0131822 0.0131822
BinVal : 22 15 0.62069 0.0901022 0.0901022
BinVal : 22 16 0.236364 0.0572865 0.0572865
BinVal : 22 17 0 0 0
BinVal : 22 18 0 0 0
BinVal : 22 19 0.0192308 0.019045 0.019045
BinVal : 22 20 0 0 0
BinVal : 22 21 0 0 0
BinVal : 22 22 0 0 0
BinVal : 22 23 0 0 0
BinVal : 22 24 0 0 0
BinVal : 22 25 0 0 0
BinVal : 22 26 0 0 0
BinVal : 22 27 0.254237 0.0566884 0.0566884
BinVal : 22 28 0.774194 0.0750952 0.0750952
BinVal : 22 29 0.974359 0.0253102 0.0253102
BinVal : 22 30 1 0.0171075 0.0171075
BinVal : 22 31 0.958333 0.0407894 0.0407894
BinVal : 22 32 1 0.0542655 0.0542655
BinVal : 22 33 0 0 0
BinVal : 22 34 0 0 0
BinVal : 22 35 0 0 0
BinVal : 22 36 0 0 0
BinVal : 22 37 0 0 0
BinVal : 22 38 0 0 0
BinVal : 22 39 0 0 0
BinVal : 22 40 0 0 0
BinVal : 22 41 0 0 0
BinVal : 22 42 0 0 0
BinVal : 22 43 0 0 0
BinVal : 23 0 0 0 0
BinVal : 23 1 0 0 0
BinVal : 23 2 0 0 0
BinVal : 23 3 0 0 0
BinVal : 23 4 0 0 0
BinVal : 23 5 0 0 0
BinVal : 23 6 0 0 0
BinVal : 23 7 0 0 0
BinVal : 23 8 0 0 0
BinVal : 23 9 0 0 0
BinVal : 23 10 0 0 0
BinVal : 23 11 1 0.0871301 0.0871301
BinVal : 23 12 1 0.0216126 0.0216126
BinVal : 23 13 1 0.0208287 0.0208287
BinVal : 23 14 0.953488 0.0321147 0.0321147
BinVal : 23 15 0.348837 0.0726812 0.0726812
BinVal : 23 16 0 0 0
BinVal : 23 17 0 0 0
BinVal : 23 18 0 0 0
BinVal : 23 19 0 0 0
BinVal : 23 20 0 0 0
BinVal : 23 21 0 0 0
BinVal : 23 22 0 0 0
BinVal : 23 23 0 0 0
BinVal : 23 24 0 0 0
BinVal : 23 25 0 0 0
BinVal : 23 26 0 0 0
BinVal : 23 27 0 0 0
BinVal : 23 28 0.525 0.0789581 0.0789581
BinVal : 23 29 1 0.0243611 0.0243611
BinVal : 23 30 0.947368 0.0512278 0.0512278
BinVal : 23 31 1 0.0422902 0.0422902
BinVal : 23 32 0.666667 0.272166 0.272166
BinVal : 23 33 0 0 0
BinVal : 23 34 0 0 0
BinVal : 23 35 0 0 0
BinVal : 23 36 0 0 0
BinVal : 23 37 0 0 0
BinVal : 23 38 0 0 0
BinVal : 23 39 0 0 0
BinVal : 23 40 0 0 0
BinVal : 23 41 0 0 0
BinVal : 23 42 0 0 0
BinVal : 23 43 0 0 0
BinVal : 24 0 0 0 0
BinVal : 24 1 0 0 0
BinVal : 24 2 0 0 0
BinVal : 24 3 0 0 0
BinVal : 24 4 0 0 0
BinVal : 24 5 0 0 0
BinVal : 24 6 0 0 0
BinVal : 24 7 0 0 0
BinVal : 24 8 0 0 0
BinVal : 24 9 0 0 0
BinVal : 24 10 0 0 0
BinVal : 24 11 0.923077 0.0739053 0.0739053
BinVal : 24 12 1 0.0368657 0.0368657
BinVal : 24 13 1 0.0141568 0.0141568
BinVal : 24 14 1 0.0201001 0.0201001
BinVal : 24 15 0.34375 0.0839617 0.0839617
BinVal : 24 16 0 0 0
BinVal : 24 17 0 0 0
BinVal : 24 18 0 0 0
BinVal : 24 19 0 0 0
BinVal : 24 20 0 0 0
BinVal : 24 21 0 0 0
BinVal : 24 22 0 0 0
BinVal : 24 23 0 0 0
BinVal : 24 24 0 0 0
BinVal : 24 25 0.030303 0.0298404 0.0298404
BinVal : 24 26 0 0 0
BinVal : 24 27 0 0 0
BinVal : 24 28 0.482759 0.0927925 0.0927925
BinVal : 24 29 0.973684 0.0259672 0.0259672
BinVal : 24 30 0.961538 0.0377146 0.0377146
BinVal : 24 31 1 0.0346427 0.0346427
BinVal : 24 32 1 0.124824 0.124824
BinVal : 24 33 0 0 0
BinVal : 24 34 0 0 0
BinVal : 24 35 0 0 0
BinVal : 24 36 0 0 0
BinVal : 24 37 0 0 0
BinVal : 24 38 0 0 0
BinVal : 24 39 0 0 0
BinVal : 24 40 0 0 0
BinVal : 24 41 0 0 0
BinVal : 24 42 0 0 0
BinVal : 24 43 0 0 0
BinVal : 25 0 0 0 0
BinVal : 25 1 0 0 0
BinVal : 25 2 0 0 0
BinVal : 25 3 0 0 0
BinVal : 25 4 0 0 0
BinVal : 25 5 0 0 0
BinVal : 25 6 0 0 0
BinVal : 25 7 0 0 0
BinVal : 25 8 0 0 0
BinVal : 25 9 0 0 0
BinVal : 25 10 0 0 0
BinVal : 25 11 1 0.039392 0.039392
BinVal : 25 12 0.92 0.0542586 0.0542586
BinVal : 25 13 1 0.0123324 0.0123324
BinVal : 25 14 0.955556 0.0307207 0.0307207
BinVal : 25 15 0.545455 0.0866784 0.0866784
BinVal : 25 16 0.435897 0.0794034 0.0794034
BinVal : 25 17 0.0555556 0.0539903 0.0539903
BinVal : 25 18 0 0 0
BinVal : 25 19 0 0 0
BinVal : 25 20 0 0 0
BinVal : 25 21 0.0208333 0.0206152 0.0206152
BinVal : 25 22 0.0175439 0.0173893 0.0173893
BinVal : 25 23 0 0 0
BinVal : 25 24 0 0 0
BinVal : 25 25 0 0 0
BinVal : 25 26 0 0 0
BinVal : 25 27 0.145833 0.0509424 0.0509424
BinVal : 25 28 0.540541 0.0819288 0.0819288
BinVal : 25 29 0.97619 0.0235244 0.0235244
BinVal : 25 30 1 0.0145144 0.0145144
BinVal : 25 31 1 0.039392 0.039392
BinVal : 25 32 1 0.0422902 0.0422902
BinVal : 25 33 0 0 0
BinVal : 25 34 0 0 0
BinVal : 25 35 0 0 0
BinVal : 25 36 0 0 0
BinVal : 25 37 0 0 0
BinVal : 25 38 0 0 0
BinVal : 25 39 0 0 0
BinVal : 25 40 0 0 0
BinVal : 25 41 0 0 0
BinVal : 25 42 0 0 0
BinVal : 25 43 0 0 0
BinVal : 26 0 0 0 0
BinVal : 26 1 0 0 0
BinVal : 26 2 0 0 0
BinVal : 26 3 0 0 0
BinVal : 26 4 0 0 0
BinVal : 26 5 0 0 0
BinVal : 26 6 0 0 0
BinVal : 26 7 0 0 0
BinVal : 26 8 0 0 0
BinVal : 26 9 0 0 0
BinVal : 26 10 0 0 0
BinVal : 26 11 1 0.124824 0.124824
BinVal : 26 12 1 0.0266185 0.0266185
BinVal : 26 13 1 0.0157046 0.0157046
BinVal : 26 14 1 0.018786 0.018786
BinVal : 26 15 0.825 0.0600781 0.0600781
BinVal : 26 16 0.365854 0.075224 0.075224
BinVal : 26 17 0.425 0.0781625 0.0781625
BinVal : 26 18 0.371429 0.0577519 0.0577519
BinVal : 26 19 0.72 0.063498 0.063498
BinVal : 26 20 0.84375 0.0453865 0.0453865
BinVal : 26 21 0.907692 0.0359031 0.0359031
BinVal : 26 22 0.888889 0.0395943 0.0395943
BinVal : 26 23 0.5 0.0721688 0.0721688
BinVal : 26 24 0.519231 0.0692862 0.0692862
BinVal : 26 25 0.352941 0.0669172 0.0669172
BinVal : 26 26 0.814815 0.052861 0.052861
BinVal : 26 27 0.604651 0.0745604 0.0745604
BinVal : 26 28 0.837838 0.0605974 0.0605974
BinVal : 26 29 0.96875 0.0307578 0.0307578
BinVal : 26 30 0.945946 0.0371746 0.0371746
BinVal : 26 31 0.944444 0.0539903 0.0539903
BinVal : 26 32 0.75 0.216506 0.216506
BinVal : 26 33 0 0 0
BinVal : 26 34 0 0 0
BinVal : 26 35 0 0 0
BinVal : 26 36 0 0 0
BinVal : 26 37 0 0 0
BinVal : 26 38 0 0 0
BinVal : 26 39 0 0 0
BinVal : 26 40 0 0 0
BinVal : 26 41 0 0 0
BinVal : 26 42 0 0 0
BinVal : 26 43 0 0 0
BinVal : 27 0 0 0 0
BinVal : 27 1 0 0 0
BinVal : 27 2 0 0 0
BinVal : 27 3 0 0 0
BinVal : 27 4 0 0 0
BinVal : 27 5 0 0 0
BinVal : 27 6 0 0 0
BinVal : 27 7 0 0 0
BinVal : 27 8 0 0 0
BinVal : 27 9 0 0 0
BinVal : 27 10 0 0 0
BinVal : 27 11 0 0 0
BinVal : 27 12 1 0.0495858 0.0495858
BinVal : 27 13 0.958333 0.0407894 0.0407894
BinVal : 27 14 1 0.017632 0.017632
BinVal : 27 15 0.971429 0.0281603 0.0281603
BinVal : 27 16 0.416667 0.100635 0.100635
BinVal : 27 17 0.212766 0.0596972 0.0596972
BinVal : 27 18 0.14 0.0490714 0.0490714
BinVal : 27 19 0.642857 0.0739356 0.0739356
BinVal : 27 20 0.890909 0.0420368 0.0420368
BinVal : 27 21 0.736842 0.0583254 0.0583254
BinVal : 27 22 0.830986 0.0444763 0.0444763
BinVal : 27 23 0.366667 0.0622123 0.0622123
BinVal : 27 24 0.404255 0.0715829 0.0715829
BinVal : 27 25 0.0243902 0.024091 0.024091
BinVal : 27 26 0.108108 0.0510487 0.0510487
BinVal : 27 27 0.444444 0.0956292 0.0956292
BinVal : 27 28 0.952381 0.0328603 0.0328603
BinVal : 27 29 0.958333 0.0407894 0.0407894
BinVal : 27 30 0.863636 0.073165 0.073165
BinVal : 27 31 0.888889 0.104757 0.104757
BinVal : 27 32 0 0 0
BinVal : 27 33 0 0 0
BinVal : 27 34 0 0 0
BinVal : 27 35 0 0 0
BinVal : 27 36 0 0 0
BinVal : 27 37 0 0 0
BinVal : 27 38 0 0 0
BinVal : 27 39 0 0 0
BinVal : 27 40 0 0 0
BinVal : 27 41 0 0 0
BinVal : 27 42 0 0 0
BinVal : 27 43 0 0 0
BinVal : 28 0 0 0 0
BinVal : 28 1 0 0 0
BinVal : 28 2 0 0 0
BinVal : 28 3 0 0 0
BinVal : 28 4 0 0 0
BinVal : 28 5 0 0 0
BinVal : 28 6 0 0 0
BinVal : 28 7 0 0 0
BinVal : 28 8 0 0 0
BinVal : 28 9 0 0 0
BinVal : 28 10 0 0 0
BinVal : 28 11 0 0 0
BinVal : 28 12 1 0.0599198 0.0599198
BinVal : 28 13 0.904762 0.0640564 0.0640564
BinVal : 28 14 1 0.0208287 0.0208287
BinVal : 28 15 0.914286 0.0473188 0.0473188
BinVal : 28 16 0.953488 0.0321147 0.0321147
BinVal : 28 17 0.642857 0.0905522 0.0905522
BinVal : 28 18 0.8125 0.0689981 0.0689981
BinVal : 28 19 0.76087 0.0628917 0.0628917
BinVal : 28 20 0.852941 0.0607387 0.0607387
BinVal : 28 21 0.685185 0.0632026 0.0632026
BinVal : 28 22 0.886364 0.0478452 0.0478452
BinVal : 28 23 0.344828 0.0882632 0.0882632
BinVal : 28 24 0.342105 0.0769602 0.0769602
BinVal : 28 25 0.578947 0.113269 0.113269
BinVal : 28 26 0.870968 0.0602101 0.0602101
BinVal : 28 27 0.941176 0.0403526 0.0403526
BinVal : 28 28 1 0.0145144 0.0145144
BinVal : 28 29 1 0.0171075 0.0171075
BinVal : 28 30 0.954545 0.0444095 0.0444095
BinVal : 28 31 1 0.0542655 0.0542655
BinVal : 28 32 0 0 0
BinVal : 28 33 0 0 0
BinVal : 28 34 0 0 0
BinVal : 28 35 0 0 0
BinVal : 28 36 0 0 0
BinVal : 28 37 0 0 0
BinVal : 28 38 0 0 0
BinVal : 28 39 0 0 0
BinVal : 28 40 0 0 0
BinVal : 28 41 0 0 0
BinVal : 28 42 0 0 0
BinVal : 28 43 0 0 0
BinVal : 29 0 0 0 0
BinVal : 29 1 0 0 0
BinVal : 29 2 0 0 0
BinVal : 29 3 0 0 0
BinVal : 29 4 0 0 0
BinVal : 29 5 0 0 0
BinVal : 29 6 0 0 0
BinVal : 29 7 0 0 0
BinVal : 29 8 0 0 0
BinVal : 29 9 0 0 0
BinVal : 29 10 0 0 0
BinVal : 29 11 1 0.0668855 0.0668855
BinVal : 29 12 0.928571 0.0688303 0.0688303
BinVal : 29 13 1 0.0171075 0.0171075
BinVal : 29 14 1 0.0152869 0.0152869
BinVal : 29 15 0.97561 0.024091 0.024091
BinVal : 29 16 0.883721 0.0488848 0.0488848
BinVal : 29 17 0.981481 0.0183463 0.0183463
BinVal : 29 18 0.982143 0.017697 0.017697
BinVal : 29 19 0.962963 0.0256996 0.0256996
BinVal : 29 20 0.916667 0.0356812 0.0356812
BinVal : 29 21 0.928571 0.0344151 0.0344151
BinVal : 29 22 0.972603 0.0191056 0.0191056
BinVal : 29 23 0.775862 0.0547565 0.0547565
BinVal : 29 24 0.857143 0.046761 0.046761
BinVal : 29 25 0.830189 0.0515744 0.0515744
BinVal : 29 26 0.96875 0.0307578 0.0307578
BinVal : 29 27 0.9375 0.0302577 0.0302577
BinVal : 29 28 1 0.0113578 0.0113578
BinVal : 29 29 1 0.0134912 0.0134912
BinVal : 29 30 0.955556 0.0307207 0.0307207
BinVal : 29 31 1 0.0279117 0.0279117
BinVal : 29 32 1 0.124824 0.124824
BinVal : 29 33 0 0 0
BinVal : 29 34 0 0 0
BinVal : 29 35 0 0 0
BinVal : 29 36 0 0 0
BinVal : 29 37 0 0 0
BinVal : 29 38 0 0 0
BinVal : 29 39 0 0 0
BinVal : 29 40 0 0 0
BinVal : 29 41 0 0 0
BinVal : 29 42 0 0 0
BinVal : 29 43 0 0 0
BinVal : 30 0 0 0 0
BinVal : 30 1 0 0 0
BinVal : 30 2 0 0 0
BinVal : 30 3 0 0 0
BinVal : 30 4 0 0 0
BinVal : 30 5 0 0 0
BinVal : 30 6 0 0 0
BinVal : 30 7 0 0 0
BinVal : 30 8 0 0 0
BinVal : 30 9 0 0 0
BinVal : 30 10 0 0 0
BinVal : 30 11 0.916667 0.0797856 0.0797856
BinVal : 30 12 1 0.0254407 0.0254407
BinVal : 30 13 1 0.0181909 0.0181909
BinVal : 30 14 1 0.0141568 0.0141568
BinVal : 30 15 0.957447 0.0294425 0.0294425
BinVal : 30 16 0.842105 0.0591528 0.0591528
BinVal : 30 17 0.98 0.019799 0.019799
BinVal : 30 18 0.96 0.0277128 0.0277128
BinVal : 30 19 0.818182 0.0671408 0.0671408
BinVal : 30 20 0.743902 0.0482007 0.0482007
BinVal : 30 21 0.923077 0.0369527 0.0369527
BinVal : 30 22 0.939394 0.0293704 0.0293704
BinVal : 30 23 0.888889 0.0427667 0.0427667
BinVal : 30 24 0.86 0.0490714 0.0490714
BinVal : 30 25 0.796296 0.0548075 0.0548075
BinVal : 30 26 0.982143 0.017697 0.017697
BinVal : 30 27 0.878788 0.0568144 0.0568144
BinVal : 30 28 0.972222 0.0273893 0.0273893
BinVal : 30 29 1 0.0141568 0.0141568
BinVal : 30 30 0.976744 0.0229838 0.0229838
BinVal : 30 31 0.952381 0.0464714 0.0464714
BinVal : 30 32 1 0.0495858 0.0495858
BinVal : 30 33 0 0 0
BinVal : 30 34 0 0 0
BinVal : 30 35 0 0 0
BinVal : 30 36 0 0 0
BinVal : 30 37 0 0 0
BinVal : 30 38 0 0 0
BinVal : 30 39 0 0 0
BinVal : 30 40 0 0 0
BinVal : 30 41 0 0 0
BinVal : 30 42 0 0 0
BinVal : 30 43 0 0 0
BinVal : 31 0 0 0 0
BinVal : 31 1 0 0 0
BinVal : 31 2 0 0 0
BinVal : 31 3 0 0 0
BinVal : 31 4 0 0 0
BinVal : 31 5 0 0 0
BinVal : 31 6 0 0 0
BinVal : 31 7 0 0 0
BinVal : 31 8 0 0 0
BinVal : 31 9 0 0 0
BinVal : 31 10 0 0 0
BinVal : 31 11 0.5 0.353553 0.353553
BinVal : 31 12 1 0.0309157 0.0309157
BinVal : 31 13 1 0.0171075 0.0171075
BinVal : 31 14 1 0.0148902 0.0148902
BinVal : 31 15 0.976744 0.0229838 0.0229838
BinVal : 31 16 0.897436 0.0485811 0.0485811
BinVal : 31 17 0.909091 0.0433392 0.0433392
BinVal : 31 18 0.961538 0.0266683 0.0266683
BinVal : 31 19 0.763158 0.0689676 0.0689676
BinVal : 31 20 0.821429 0.0511796 0.0511796
BinVal : 31 21 0.918033 0.0351224 0.0351224
BinVal : 31 22 1 0.0088954 0.0088954
BinVal : 31 23 0.727273 0.0600526 0.0600526
BinVal : 31 24 0.906977 0.0442955 0.0442955
BinVal : 31 25 0.684211 0.0754053 0.0754053
BinVal : 31 26 0.976744 0.0229838 0.0229838
BinVal : 31 27 0.833333 0.062113 0.062113
BinVal : 31 28 0.973684 0.0259672 0.0259672
BinVal : 31 29 1 0.0157046 0.0157046
BinVal : 31 30 0.935484 0.0441237 0.0441237
BinVal : 31 31 1 0.0542655 0.0542655
BinVal : 31 32 1 0.102643 0.102643
BinVal : 31 33 0 0 0
BinVal : 31 34 0 0 0
BinVal : 31 35 0 0 0
BinVal : 31 36 0 0 0
BinVal : 31 37 0 0 0
BinVal : 31 38 0 0 0
BinVal : 31 39 0 0 0
BinVal : 31 40 0 0 0
BinVal : 31 41 0 0 0
BinVal : 31 42 0 0 0
BinVal : 31 43 0 0 0


Comments : cosmic veto applied 
EffMethod : TagAndProbe 
EffName : eff 
EffType : Binned 
EffVarNames : phi deteta 
EffVersion : 5 
ObjQuality : l2m5 
ObjRelativeTo : medium 
ObjType : Muon 
ObjVersion : 1 
RunRangeHigh : 216000 
RunRangeLow : 160000 
TriggerVersionHigh : 14.99 
TriggerVersionLow : 13 
BinEdgesX : 0 0.19635 0.3927 0.58905 0.7854 0.98175 1.1781 1.37445 1.5708 1.76715 1.9635 2.15985 2.3562 2.55255 2.7489 2.94525 3.1416 3.33795 3.5343 3.73065 3.927 4.12335 4.3197 4.51605 4.7124 4.90875 5.1051 5.30145 5.4978 5.69415 5.8905 6.08685 6.2832 
BinEdgesY : -4.2 -4.00909 -3.81818 -3.62727 -3.43636 -3.24545 -3.05455 -2.86364 -2.67273 -2.48182 -2.29091 -2.1 -1.90909 -1.71818 -1.52727 -1.33636 -1.14545 -0.954545 -0.763636 -0.572727 -0.381818 -0.190909 0 0.190909 0.381818 0.572727 0.763636 0.954545 1.14545 1.33636 1.52727 1.71818 1.90909 2.1 2.29091 2.48182 2.67273 2.86364 3.05455 3.24545 3.43636 3.62727 3.81818 4.00909 4.2 
BinVal : 0 0 0 0 0
BinVal : 0 1 0 0 0
BinVal : 0 2 0 0 0
BinVal : 0 3 0 0 0
BinVal : 0 4 0 0 0
BinVal : 0 5 0 0 0
BinVal : 0 6 0 0 0
BinVal : 0 7 0 0 0
BinVal : 0 8 0 0 0
BinVal : 0 9 0 0 0
BinVal : 0 10 0 0 0
BinVal : 0 11 1 0.0495858 0.0495858
BinVal : 0 12 1 0.0134912 0.0134912
BinVal : 0 13 0.966667 0.0231741 0.0231741
BinVal : 0 14 0.953125 0.0264214 0.0264214
BinVal : 0 15 0.985294 0.0145974 0.0145974
BinVal : 0 16 0.828947 0.0431938 0.0431938
BinVal : 0 17 0.974359 0.017897 0.017897
BinVal : 0 18 0.833333 0.0481125 0.0481125
BinVal : 0 19 0.945205 0.0266361 0.0266361
BinVal : 0 20 0.91 0.0286182 0.0286182
BinVal : 0 21 0.95283 0.0205914 0.0205914
BinVal : 0 22 0.960396 0.0194059 0.0194059
BinVal : 0 23 0.675676 0.0444322 0.0444322
BinVal : 0 24 0.886364 0.0338317 0.0338317
BinVal : 0 25 0.727273 0.0507537 0.0507537
BinVal : 0 26 0.98913 0.0108103 0.0108103
BinVal : 0 27 0.80597 0.0483121 0.0483121
BinVal : 0 28 0.988235 0.0116953 0.0116953
BinVal : 0 29 1 0.0105252 0.0105252
BinVal : 0 30 0.980392 0.0194147 0.0194147
BinVal : 0 31 1 0.0157046 0.0157046
BinVal : 0 32 1 0.039392 0.039392
BinVal : 0 33 0 0 0
BinVal : 0 34 0 0 0
BinVal : 0 35 0 0 0
BinVal : 0 36 0 0 0
BinVal : 0 37 0 0 0
BinVal : 0 38 0 0 0
BinVal : 0 39 0 0 0
BinVal : 0 40 0 0 0
BinVal : 0 41 0 0 0
BinVal : 0 42 0 0 0
BinVal : 0 43 0 0 0
BinVal : 1 0 0 0 0
BinVal : 1 1 0 0 0
BinVal : 1 2 0 0 0
BinVal : 1 3 0 0 0
BinVal : 1 4 0 0 0
BinVal : 1 5 0 0 0
BinVal : 1 6 0 0 0
BinVal : 1 7 0 0 0
BinVal : 1 8 0 0 0
BinVal : 1 9 0 0 0
BinVal : 1 10 0 0 0
BinVal : 1 11 1 0.0309157 0.0309157
BinVal : 1 12 0.982759 0.0170921 0.0170921
BinVal : 1 13 0.984375 0.0155024 0.0155024
BinVal : 1 14 0.969697 0.0172283 0.0172283
BinVal : 1 15 0.988372 0.0115601 0.0115601
BinVal : 1 16 0.923077 0.0279336 0.0279336
BinVal : 1 17 0.989796 0.0101519 0.0101519
BinVal : 1 18 0.797468 0.0452157 0.0452157
BinVal : 1 19 0.94898 0.0222273 0.0222273
BinVal : 1 20 0.904412 0.0252125 0.0252125
BinVal : 1 21 0.913907 0.0228268 0.0228268
BinVal : 1 22 0.965278 0.0152563 0.0152563
BinVal : 1 23 0.663551 0.0456778 0.0456778
BinVal : 1 24 0.964286 0.0175354 0.0175354
BinVal : 1 25 0.726415 0.0432998 0.0432998
BinVal : 1 26 0.939759 0.0261165 0.0261165
BinVal : 1 27 0.8 0.0433861 0.0433861
BinVal : 1 28 0.98913 0.0108103 0.0108103
BinVal : 1 29 1 0.00875998 0.00875998
BinVal : 1 30 0.96875 0.0217491 0.0217491
BinVal : 1 31 0.979592 0.0201988 0.0201988
BinVal : 1 32 1 0.0157046 0.0157046
BinVal : 1 33 0 0 0
BinVal : 1 34 0 0 0
BinVal : 1 35 0 0 0
BinVal : 1 36 0 0 0
BinVal : 1 37 0 0 0
BinVal : 1 38 0 0 0
BinVal : 1 39 0 0 0
BinVal : 1 40 0 0 0
BinVal : 1 41 0 0 0
BinVal : 1 42 0 0 0
BinVal : 1 43 0 0 0
BinVal : 2 0 0 0 0
BinVal : 2 1 0 0 0
BinVal : 2 2 0 0 0
BinVal : 2 3 0 0 0
BinVal : 2 4 0 0 0
BinVal : 2 5 0 0 0
BinVal : 2 6 0 0 0
BinVal : 2 7 0 0 0
BinVal : 2 8 0 0 0
BinVal : 2 9 0 0 0
BinVal : 2 10 0 0 0
BinVal : 2 11 1 0.039392 0.039392
BinVal : 2 12 0.978261 0.0215015 0.0215015
BinVal : 2 13 0.941176 0.0403526 0.0403526
BinVal : 2 14 1 0.00663519 0.00663519
BinVal : 2 15 1 0.00601053 0.00601053
BinVal : 2 16 0.926829 0.0287582 0.0287582
BinVal : 2 17 0.942529 0.0249524 0.0249524
BinVal : 2 18 0.870588 0.0364069 0.0364069
BinVal : 2 19 0.945055 0.0238876 0.0238876
BinVal : 2 20 0.929204 0.024128 0.024128
BinVal : 2 21 0.905512 0.0259558 0.0259558
BinVal : 2 22 0.945455 0.0216523 0.0216523
BinVal : 2 23 0.62766 0.0498618 0.0498618
BinVal : 2 24 0.893805 0.0289824 0.0289824
BinVal : 2 25 0.768519 0.0405857 0.0405857
BinVal : 2 26 0.972603 0.0191056 0.0191056
BinVal : 2 27 0.939759 0.0261165 0.0261165
BinVal : 2 28 0.979798 0.01414 0.01414
BinVal : 2 29 1 0.00721884 0.00721884
BinVal : 2 30 0.968254 0.0220886 0.0220886
BinVal : 2 31 1 0.0113578 0.0113578
BinVal : 2 32 1 0.0309157 0.0309157
BinVal : 2 33 0 0 0
BinVal : 2 34 0 0 0
BinVal : 2 35 0 0 0
BinVal : 2 36 0 0 0
BinVal : 2 37 0 0 0
BinVal : 2 38 0 0 0
BinVal : 2 39 0 0 0
BinVal : 2 40 0 0 0
BinVal : 2 41 0 0 0
BinVal : 2 42 0 0 0
BinVal : 2 43 0 0 0
BinVal : 3 0 0 0 0
BinVal : 3 1 0 0 0
BinVal : 3 2 0 0 0
BinVal : 3 3 0 0 0
BinVal : 3 4 0 0 0
BinVal : 3 5 0 0 0
BinVal : 3 6 0 0 0
BinVal : 3 7 0 0 0
BinVal : 3 8 0 0 0
BinVal : 3 9 0 0 0
BinVal : 3 10 0 0 0
BinVal : 3 11 0 0 0
BinVal : 3 12 1 0.0293374 0.0293374
BinVal : 3 13 0.955556 0.0307207 0.0307207
BinVal : 3 14 1 0.0123324 0.0123324
BinVal : 3 15 0.984127 0.0157465 0.0157465
BinVal : 3 16 1 0.00750113 0.00750113
BinVal : 3 17 0.766667 0.0546029 0.0546029
BinVal : 3 18 0.906667 0.0335901 0.0335901
BinVal : 3 19 0.9 0.0358569 0.0358569
BinVal : 3 20 0.849315 0.0418705 0.0418705
BinVal : 3 21 0.87234 0.0344196 0.0344196
BinVal : 3 22 0.926829 0.0287582 0.0287582
BinVal : 3 23 0.703125 0.0571101 0.0571101
BinVal : 3 24 0.909091 0.0327614 0.0327614
BinVal : 3 25 0.895522 0.0373691 0.0373691
BinVal : 3 26 0.846154 0.0500341 0.0500341
BinVal : 3 27 0.984615 0.0152658 0.0152658
BinVal : 3 28 1 0.0088954 0.0088954
BinVal : 3 29 1 0.0152869 0.0152869
BinVal : 3 30 1 0.012074 0.012074
BinVal : 3 31 0.971429 0.0281603 0.0281603
BinVal : 3 32 0 0 0
BinVal : 3 33 0 0 0
BinVal : 3 34 0 0 0
BinVal : 3 35 0 0 0
BinVal : 3 36 0 0 0
BinVal : 3 37 0 0 0
BinVal : 3 38 0 0 0
BinVal : 3 39 0 0 0
BinVal : 3 40 0 0 0
BinVal : 3 41 0 0 0
BinVal : 3 42 0 0 0
BinVal : 3 43 0 0 0
BinVal : 4 0 0 0 0
BinVal : 4 1 0 0 0
BinVal : 4 2 0 0 0
BinVal : 4 3 0 0 0
BinVal : 4 4 0 0 0
BinVal : 4 5 0 0 0
BinVal : 4 6 0 0 0
BinVal : 4 7 0 0 0
BinVal : 4 8 0 0 0
BinVal : 4 9 0 0 0
BinVal : 4 10 0 0 0
BinVal : 4 11 0 0 0
BinVal : 4 12 1 0.0233703 0.0233703
BinVal : 4 13 0.965517 0.033883 0.033883
BinVal : 4 14 1 0.0161462 0.0161462
BinVal : 4 15 1 0.0118251 0.0118251
BinVal : 4 16 0.980392 0.0194147 0.0194147
BinVal : 4 17 0.846154 0.0577744 0.0577744
BinVal : 4 18 0.975904 0.0168322 0.0168322
BinVal : 4 19 0.935065 0.0280812 0.0280812
BinVal : 4 20 0.88 0.0459565 0.0459565
BinVal : 4 21 0.819444 0.0453314 0.0453314
BinVal : 4 22 0.986842 0.013071 0.013071
BinVal : 4 23 0.881356 0.0420991 0.0420991
BinVal : 4 24 0.821429 0.0511796 0.0511796
BinVal : 4 25 0.982456 0.0173893 0.0173893
BinVal : 4 26 0.882353 0.0552551 0.0552551
BinVal : 4 27 1 0.0101533 0.0101533
BinVal : 4 28 0.948718 0.0353199 0.0353199
BinVal : 4 29 0.916667 0.0460642 0.0460642
BinVal : 4 30 1 0.0181909 0.0181909
BinVal : 4 31 0.96 0.0391918 0.0391918
BinVal : 4 32 0 0 0
BinVal : 4 33 0 0 0
BinVal : 4 34 0 0 0
BinVal : 4 35 0 0 0
BinVal : 4 36 0 0 0
BinVal : 4 37 0 0 0
BinVal : 4 38 0 0 0
BinVal : 4 39 0 0 0
BinVal : 4 40 0 0 0
BinVal : 4 41 0 0 0
BinVal : 4 42 0 0 0
BinVal : 4 43 0 0 0
BinVal : 5 0 0 0 0
BinVal : 5 1 0 0 0
BinVal : 5 2 0 0 0
BinVal : 5 3 0 0 0
BinVal : 5 4 0 0 0
BinVal : 5 5 0 0 0
BinVal : 5 6 0 0 0
BinVal : 5 7 0 0 0
BinVal : 5 8 0 0 0
BinVal : 5 9 0 0 0
BinVal : 5 10 0 0 0
BinVal : 5 11 1 0.0599198 0.0599198
BinVal : 5 12 0.962963 0.0363447 0.0363447
BinVal : 5 13 0.97619 0.0235244 0.0235244
BinVal : 5 14 1 0.0123324 0.0123324
BinVal : 5 15 0.981132 0.0186891 0.0186891
BinVal : 5 16 0.964286 0.0247988 0.0247988
BinVal : 5 17 0.906977 0.0442955 0.0442955
BinVal : 5 18 0.966102 0.02356 0.02356
BinVal : 5 19 0.962963 0.0256996 0.0256996
BinVal : 5 20 0.835821 0.0452562 0.0452562
BinVal : 5 21 0.785714 0.0447702 0.0447702
BinVal : 5 22 1 0.00671244 0.00671244
BinVal : 5 23 0.851351 0.0413541 0.0413541
BinVal : 5 24 0.849057 0.0491742 0.0491742
BinVal : 5 25 0.876923 0.0407486 0.0407486
BinVal : 5 26 0.893617 0.0449741 0.0449741
BinVal : 5 27 0.910448 0.0348842 0.0348842
BinVal : 5 28 1 0.012074 0.012074
BinVal : 5 29 1 0.0111375 0.0111375
BinVal : 5 30 1 0.0138164 0.0138164
BinVal : 5 31 1 0.0171075 0.0171075
BinVal : 5 32 1 0.102643 0.102643
BinVal : 5 33 0 0 0
BinVal : 5 34 0 0 0
BinVal : 5 35 0 0 0
BinVal : 5 36 0 0 0
BinVal : 5 37 0 0 0
BinVal : 5 38 0 0 0
BinVal : 5 39 0 0 0
BinVal : 5 40 0 0 0
BinVal : 5 41 0 0 0
BinVal : 5 42 0 0 0
BinVal : 5 43 0 0 0
BinVal : 6 0 0 0 0
BinVal : 6 1 0 0 0
BinVal : 6 2 0 0 0
BinVal : 6 3 0 0 0
BinVal : 6 4 0 0 0
BinVal : 6 5 0 0 0
BinVal : 6 6 0 0 0
BinVal : 6 7 0 0 0
BinVal : 6 8 0 0 0
BinVal : 6 9 0 0 0
BinVal : 6 10 0 0 0
BinVal : 6 11 1 0.0422902 0.0422902
BinVal : 6 12 1 0.0346427 0.0346427
BinVal : 6 13 1 0.0166125 0.0166125
BinVal : 6 14 1 0.018786 0.018786
BinVal : 6 15 1 0.018786 0.018786
BinVal : 6 16 0.966667 0.0327731 0.0327731
BinVal : 6 17 0.957447 0.0294425 0.0294425
BinVal : 6 18 0.978261 0.0215015 0.0215015
BinVal : 6 19 0.846154 0.0707589 0.0707589
BinVal : 6 20 0.833333 0.0537914 0.0537914
BinVal : 6 21 0.8125 0.0563367 0.0563367
BinVal : 6 22 1 0.00948286 0.00948286
BinVal : 6 23 0.808511 0.057394 0.057394
BinVal : 6 24 0.923077 0.0426692 0.0426692
BinVal : 6 25 0.857143 0.0539949 0.0539949
BinVal : 6 26 0.921569 0.0376464 0.0376464
BinVal : 6 27 0.806452 0.0709583 0.0709583
BinVal : 6 28 1 0.0131822 0.0131822
BinVal : 6 29 0.925926 0.050401 0.050401
BinVal : 6 30 0.952381 0.0464714 0.0464714
BinVal : 6 31 0.956522 0.0425226 0.0425226
BinVal : 6 32 1 0.0756803 0.0756803
BinVal : 6 33 0 0 0
BinVal : 6 34 0 0 0
BinVal : 6 35 0 0 0
BinVal : 6 36 0 0 0
BinVal : 6 37 0 0 0
BinVal : 6 38 0 0 0
BinVal : 6 39 0 0 0
BinVal : 6 40 0 0 0
BinVal : 6 41 0 0 0
BinVal : 6 42 0 0 0
BinVal : 6 43 0 0 0
BinVal : 7 0 0 0 0
BinVal : 7 1 0 0 0
BinVal : 7 2 0 0 0
BinVal : 7 3 0 0 0
BinVal : 7 4 0 0 0
BinVal : 7 5 0 0 0
BinVal : 7 6 0 0 0
BinVal : 7 7 0 0 0
BinVal : 7 8 0 0 0
BinVal : 7 9 0 0 0
BinVal : 7 10 0 0 0
BinVal : 7 11 1 0.0668855 0.0668855
BinVal : 7 12 0.909091 0.0866784 0.0866784
BinVal : 7 13 1 0.0346427 0.0346427
BinVal : 7 14 1 0.0326734 0.0326734
BinVal : 7 15 1 0.0141568 0.0141568
BinVal : 7 16 0.727273 0.0949515 0.0949515
BinVal : 7 17 0.972973 0.0266593 0.0266593
BinVal : 7 18 1 0.0194201 0.0194201
BinVal : 7 19 0.903226 0.0531003 0.0531003
BinVal : 7 20 0.875 0.0584634 0.0584634
BinVal : 7 21 0.789474 0.0661348 0.0661348
BinVal : 7 22 1 0.0148902 0.0148902
BinVal : 7 23 0.846154 0.0707589 0.0707589
BinVal : 7 24 0.88 0.0649923 0.0649923
BinVal : 7 25 0.96 0.0391918 0.0391918
BinVal : 7 26 0.933333 0.045542 0.045542
BinVal : 7 27 0.875 0.0826797 0.0826797
BinVal : 7 28 0.9 0.067082 0.067082
BinVal : 7 29 1 0.0326734 0.0326734
BinVal : 7 30 0.947368 0.0512278 0.0512278
BinVal : 7 31 1 0.0243611 0.0243611
BinVal : 7 32 1 0.0756803 0.0756803
BinVal : 7 33 0 0 0
BinVal : 7 34 0 0 0
BinVal : 7 35 0 0 0
BinVal : 7 36 0 0 0
BinVal : 7 37 0 0 0
BinVal : 7 38 0 0 0
BinVal : 7 39 0 0 0
BinVal : 7 40 0 0 0
BinVal : 7 41 0 0 0
BinVal : 7 42 0 0 0
BinVal : 7 43 0 0 0
BinVal : 8 0 0 0 0
BinVal : 8 1 0 0 0
BinVal : 8 2 0 0 0
BinVal : 8 3 0 0 0
BinVal : 8 4 0 0 0
BinVal : 8 5 0 0 0
BinVal : 8 6 0 0 0
BinVal : 8 7 0 0 0
BinVal : 8 8 0 0 0
BinVal : 8 9 0 0 0
BinVal : 8 10 0 0 0
BinVal : 8 11 1 0.159077 0.159077
BinVal : 8 12 1 0.0456491 0.0456491
BinVal : 8 13 1 0.0368657 0.0368657
BinVal : 8 14 1 0.0243611 0.0243611
BinVal : 8 15 1 0.0216126 0.0216126
BinVal : 8 16 0.958333 0.0407894 0.0407894
BinVal : 8 17 0.965517 0.033883 0.033883
BinVal : 8 18 1 0.0224566 0.0224566
BinVal : 8 19 0.875 0.0675077 0.0675077
BinVal : 8 20 0.875 0.0584634 0.0584634
BinVal : 8 21 0.942857 0.0392347 0.0392347
BinVal : 8 22 0.888889 0.0604812 0.0604812
BinVal : 8 23 0.590909 0.104824 0.104824
BinVal : 8 24 0.791667 0.0828982 0.0828982
BinVal : 8 25 0.6 0.0979796 0.0979796
BinVal : 8 26 1 0.0166125 0.0166125
BinVal : 8 27 0.866667 0.0877707 0.0877707
BinVal : 8 28 0.961538 0.0377146 0.0377146
BinVal : 8 29 1 0.0326734 0.0326734
BinVal : 8 30 1 0.0266185 0.0266185
BinVal : 8 31 0.923077 0.0739053 0.0739053
BinVal : 8 32 1 0.0871301 0.0871301
BinVal : 8 33 0 0 0
BinVal : 8 34 0 0 0
BinVal : 8 35 0 0 0
BinVal : 8 36 0 0 0
BinVal : 8 37 0 0 0
BinVal : 8 38 0 0 0
BinVal : 8 39 0 0 0
BinVal : 8 40 0 0 0
BinVal : 8 41 0 0 0
BinVal : 8 42 0 0 0
BinVal : 8 43 0 0 0
BinVal : 9 0 0 0 0
BinVal : 9 1 0 0 0
BinVal : 9 2 0 0 0
BinVal : 9 3 0 0 0
BinVal : 9 4 0 0 0
BinVal : 9 5 0 0 0
BinVal : 9 6 0 0 0
BinVal : 9 7 0 0 0
BinVal : 9 8 0 0 0
BinVal : 9 9 0 0 0
BinVal : 9 10 0 0 0
BinVal : 9 11 0.8 0.178885 0.178885
BinVal : 9 12 0.9375 0.0605154 0.0605154
BinVal : 9 13 0.928571 0.0486704 0.0486704
BinVal : 9 14 0.958333 0.0407894 0.0407894
BinVal : 9 15 0.969697 0.0298404 0.0298404
BinVal : 9 16 0.952381 0.0464714 0.0464714
BinVal : 9 17 0.804348 0.0584905 0.0584905
BinVal : 9 18 1 0.0157046 0.0157046
BinVal : 9 19 0.805556 0.0659621 0.0659621
BinVal : 9 20 0.894737 0.0497845 0.0497845
BinVal : 9 21 0.883721 0.0488848 0.0488848
BinVal : 9 22 0.909091 0.0500438 0.0500438
BinVal : 9 23 0.714286 0.0985808 0.0985808
BinVal : 9 24 0.891892 0.0510487 0.0510487
BinVal : 9 25 0.790698 0.062038 0.062038
BinVal : 9 26 0.911765 0.0486433 0.0486433
BinVal : 9 27 0.740741 0.084337 0.084337
BinVal : 9 28 1 0.0157046 0.0157046
BinVal : 9 29 1 0.0224566 0.0224566
BinVal : 9 30 1 0.0201001 0.0201001
BinVal : 9 31 1 0.039392 0.039392
BinVal : 9 32 0.833333 0.152145 0.152145
BinVal : 9 33 0 0 0
BinVal : 9 34 0 0 0
BinVal : 9 35 0 0 0
BinVal : 9 36 0 0 0
BinVal : 9 37 0 0 0
BinVal : 9 38 0 0 0
BinVal : 9 39 0 0 0
BinVal : 9 40 0 0 0
BinVal : 9 41 0 0 0
BinVal : 9 42 0 0 0
BinVal : 9 43 0 0 0
BinVal : 10 0 0 0 0
BinVal : 10 1 0 0 0
BinVal : 10 2 0 0 0
BinVal : 10 3 0 0 0
BinVal : 10 4 0 0 0
BinVal : 10 5 0 0 0
BinVal : 10 6 0 0 0
BinVal : 10 7 0 0 0
BinVal : 10 8 0 0 0
BinVal : 10 9 0 0 0
BinVal : 10 10 0 0 0
BinVal : 10 11 1 0.124824 0.124824
BinVal : 10 12 1 0.0233703 0.0233703
BinVal : 10 13 1 0.0131822 0.0131822
BinVal : 10 14 1 0.00948286 0.00948286
BinVal : 10 15 1 0.0107217 0.0107217
BinVal : 10 16 0.959184 0.0282664 0.0282664
BinVal : 10 17 0.931818 0.0379991 0.0379991
BinVal : 10 18 1 0.00964212 0.00964212
BinVal : 10 19 0.968254 0.0220886 0.0220886
BinVal : 10 20 0.890909 0.0420368 0.0420368
BinVal : 10 21 0.8125 0.0563367 0.0563367
BinVal : 10 22 0.934783 0.0364048 0.0364048
BinVal : 10 23 0.8 0.08 0.08
BinVal : 10 24 0.694915 0.0599446 0.0599446
BinVal : 10 25 0.805556 0.0466422 0.0466422
BinVal : 10 26 0.97561 0.024091 0.024091
BinVal : 10 27 0.892857 0.0413313 0.0413313
BinVal : 10 28 1 0.0123324 0.0123324
BinVal : 10 29 1 0.0145144 0.0145144
BinVal : 10 30 0.973684 0.0259672 0.0259672
BinVal : 10 31 0.888889 0.0604812 0.0604812
BinVal : 10 32 1 0.0871301 0.0871301
BinVal : 10 33 0 0 0
BinVal : 10 34 0 0 0
BinVal : 10 35 0 0 0
BinVal : 10 36 0 0 0
BinVal : 10 37 0 0 0
BinVal : 10 38 0 0 0
BinVal : 10 39 0 0 0
BinVal : 10 40 0 0 0
BinVal : 10 41 0 0 0
BinVal : 10 42 0 0 0
BinVal : 10 43 0 0 0
BinVal : 11 0 0 0 0
BinVal : 11 1 0 0 0
BinVal : 11 2 0 0 0
BinVal : 11 3 0 0 0
BinVal : 11 4 0 0 0
BinVal : 11 5 0 0 0
BinVal : 11 6 0 0 0
BinVal : 11 7 0 0 0
BinVal : 11 8 0 0 0
BinVal : 11 9 0 0 0
BinVal : 11 10 0 0 0
BinVal : 11 11 0 0 0
BinVal : 11 12 1 0.0309157 0.0309157
BinVal : 11 13 0.965517 0.033883 0.033883
BinVal : 11 14 0.951219 0.0336412 0.0336412
BinVal : 11 15 0.975 0.0246855 0.0246855
BinVal : 11 16 1 0.0115867 0.0115867
BinVal : 11 17 0.842105 0.0591528 0.0591528
BinVal : 11 18 0.970149 0.0207902 0.0207902
BinVal : 11 19 0.980392 0.0194147 0.0194147
BinVal : 11 20 0.8125 0.0563367 0.0563367
BinVal : 11 21 0.776119 0.0509255 0.0509255
BinVal : 11 22 0.864407 0.044571 0.044571
BinVal : 11 23 0.90625 0.051527 0.051527
BinVal : 11 24 0.645161 0.060765 0.060765
BinVal : 11 25 0.951613 0.027252 0.027252
BinVal : 11 26 0.820513 0.0614507 0.0614507
BinVal : 11 27 0.982456 0.0173893 0.0173893
BinVal : 11 28 0.978723 0.021049 0.021049
BinVal : 11 29 1 0.0131822 0.0131822
BinVal : 11 30 1 0.0216126 0.0216126
BinVal : 11 31 0.9375 0.0605154 0.0605154
BinVal : 11 32 0 0 0
BinVal : 11 33 0 0 0
BinVal : 11 34 0 0 0
BinVal : 11 35 0 0 0
BinVal : 11 36 0 0 0
BinVal : 11 37 0 0 0
BinVal : 11 38 0 0 0
BinVal : 11 39 0 0 0
BinVal : 11 40 0 0 0
BinVal : 11 41 0 0 0
BinVal : 11 42 0 0 0
BinVal : 11 43 0 0 0
BinVal : 12 0 0 0 0
BinVal : 12 1 0 0 0
BinVal : 12 2 0 0 0
BinVal : 12 3 0 0 0
BinVal : 12 4 0 0 0
BinVal : 12 5 0 0 0
BinVal : 12 6 0 0 0
BinVal : 12 7 0 0 0
BinVal : 12 8 0 0 0
BinVal : 12 9 0 0 0
BinVal : 12 10 0 0 0
BinVal : 12 11 0 0 0
BinVal : 12 12 0.888889 0.0740741 0.0740741
BinVal : 12 13 1 0.0279117 0.0279117
BinVal : 12 14 1 0.0161462 0.0161462
BinVal : 12 15 0.982759 0.0170921 0.0170921
BinVal : 12 16 0.964912 0.0243716 0.0243716
BinVal : 12 17 0.938776 0.0342488 0.0342488
BinVal : 12 18 0.920635 0.0340556 0.0340556
BinVal : 12 19 0.966102 0.02356 0.02356
BinVal : 12 20 0.886792 0.0435222 0.0435222
BinVal : 12 21 0.625 0.0605154 0.0605154
BinVal : 12 22 0.898305 0.0393492 0.0393492
BinVal : 12 23 0.791667 0.0586179 0.0586179
BinVal : 12 24 0.644068 0.0623338 0.0623338
BinVal : 12 25 0.954545 0.0256398 0.0256398
BinVal : 12 26 0.9 0.0474342 0.0474342
BinVal : 12 27 1 0.0088954 0.0088954
BinVal : 12 28 0.981132 0.0186891 0.0186891
BinVal : 12 29 0.979592 0.0201988 0.0201988
BinVal : 12 30 0.969697 0.0298404 0.0298404
BinVal : 12 31 1 0.0346427 0.0346427
BinVal : 12 32 0 0 0
BinVal : 12 33 0 0 0
BinVal : 12 34 0 0 0
BinVal : 12 35 0 0 0
BinVal : 12 36 0 0 0
BinVal : 12 37 0 0 0
BinVal : 12 38 0 0 0
BinVal : 12 39 0 0 0
BinVal : 12 40 0 0 0
BinVal : 12 41 0 0 0
BinVal : 12 42 0 0 0
BinVal : 12 43 0 0 0
BinVal : 13 0 0 0 0
BinVal : 13 1 0 0 0
BinVal : 13 2 0 0 0
BinVal : 13 3 0 0 0
BinVal : 13 4 0 0 0
BinVal : 13 5 0 0 0
BinVal : 13 6 0 0 0
BinVal : 13 7 0 0 0
BinVal : 13 8 0 0 0
BinVal : 13 9 0 0 0
BinVal : 13 10 0 0 0
BinVal : 13 11 1 0.0756803 0.0756803
BinVal : 13 12 0.974359 0.0253102 0.0253102
BinVal : 13 13 0.98 0.019799 0.019799
BinVal : 13 14 0.985075 0.0148136 0.0148136
BinVal : 13 15 1 0.0101533 0.0101533
BinVal : 13 16 0.906667 0.0335901 0.0335901
BinVal : 13 17 0.87931 0.0427752 0.0427752
BinVal : 13 18 0.957143 0.0242076 0.0242076
BinVal : 13 19 0.94186 0.0252336 0.0252336
BinVal : 13 20 0.78022 0.0434092 0.0434092
BinVal : 13 21 0.602273 0.0521733 0.0521733
BinVal : 13 22 0.925926 0.029099 0.029099
BinVal : 13 23 0.88 0.0375233 0.0375233
BinVal : 13 24 0.848101 0.040382 0.040382
BinVal : 13 25 0.851852 0.0394719 0.0394719
BinVal : 13 26 0.927536 0.0312105 0.0312105
BinVal : 13 27 0.913793 0.0368537 0.0368537
BinVal : 13 28 1 0.00731039 0.00731039
BinVal : 13 29 0.977778 0.0219739 0.0219739
BinVal : 13 30 1 0.0123324 0.0123324
BinVal : 13 31 1 0.0216126 0.0216126
BinVal : 13 32 0.5 0.353553 0.353553
BinVal : 13 33 0 0 0
BinVal : 13 34 0 0 0
BinVal : 13 35 0 0 0
BinVal : 13 36 0 0 0
BinVal : 13 37 0 0 0
BinVal : 13 38 0 0 0
BinVal : 13 39 0 0 0
BinVal : 13 40 0 0 0
BinVal : 13 41 0 0 0
BinVal : 13 42 0 0 0
BinVal : 13 43 0 0 0
BinVal : 14 0 0 0 0
BinVal : 14 1 0 0 0
BinVal : 14 2 0 0 0
BinVal : 14 3 0 0 0
BinVal : 14 4 0 0 0
BinVal : 14 5 0 0 0
BinVal : 14 6 0 0 0
BinVal : 14 7 0 0 0
BinVal : 14 8 0 0 0
BinVal : 14 9 0 0 0
BinVal : 14 10 0 0 0
BinVal : 14 11 1 0.0368657 0.0368657
BinVal : 14 12 1 0.0134912 0.0134912
BinVal : 14 13 1 0.0088954 0.0088954
BinVal : 14 14 1 0.00875998 0.00875998
BinVal : 14 15 0.97619 0.0166342 0.0166342
BinVal : 14 16 0.870968 0.042575 0.042575
BinVal : 14 17 0.958904 0.0232341 0.0232341
BinVal : 14 18 1 0.00613832 0.00613832
BinVal : 14 19 0.890411 0.0365609 0.0365609
BinVal : 14 20 0.770642 0.0402689 0.0402689
BinVal : 14 21 0.719626 0.0434241 0.0434241
BinVal : 14 22 0.964706 0.0200142 0.0200142
BinVal : 14 23 0.852941 0.0350675 0.0350675
BinVal : 14 24 0.930556 0.0299587 0.0299587
BinVal : 14 25 0.77551 0.0421482 0.0421482
BinVal : 14 26 0.972973 0.018851 0.018851
BinVal : 14 27 0.847222 0.0423997 0.0423997
BinVal : 14 28 0.989247 0.0106947 0.0106947
BinVal : 14 29 1 0.0074048 0.0074048
BinVal : 14 30 0.962963 0.0256996 0.0256996
BinVal : 14 31 0.97619 0.0235244 0.0235244
BinVal : 14 32 1 0.0422902 0.0422902
BinVal : 14 33 0 0 0
BinVal : 14 34 0 0 0
BinVal : 14 35 0 0 0
BinVal : 14 36 0 0 0
BinVal : 14 37 0 0 0
BinVal : 14 38 0 0 0
BinVal : 14 39 0 0 0
BinVal : 14 40 0 0 0
BinVal : 14 41 0 0 0
BinVal : 14 42 0 0 0
BinVal : 14 43 0 0 0
BinVal : 15 0 0 0 0
BinVal : 15 1 0 0 0
BinVal : 15 2 0 0 0
BinVal : 15 3 0 0 0
BinVal : 15 4 0 0 0
BinVal : 15 5 0 0 0
BinVal : 15 6 0 0 0
BinVal : 15 7 0 0 0
BinVal : 15 8 0 0 0
BinVal : 15 9 0 0 0
BinVal : 15 10 0 0 0
BinVal : 15 11 0.8 0.178885 0.178885
BinVal : 15 12 0.933333 0.045542 0.045542
BinVal : 15 13 1 0.0128865 0.0128865
BinVal : 15 14 0.978261 0.0215015 0.0215015
BinVal : 15 15 1 0.00850058 0.00850058
BinVal : 15 16 0.704225 0.0541635 0.0541635
BinVal : 15 17 0.931035 0.0332725 0.0332725
BinVal : 15 18 0.936709 0.0273943 0.0273943
BinVal : 15 19 0.961538 0.0217746 0.0217746
BinVal : 15 20 0.821053 0.0393266 0.0393266
BinVal : 15 21 0.593407 0.0514915 0.0514915
BinVal : 15 22 0.965217 0.0170862 0.0170862
BinVal : 15 23 0.723404 0.046137 0.046137
BinVal : 15 24 0.906667 0.0335901 0.0335901
BinVal : 15 25 0.580247 0.0548354 0.0548354
BinVal : 15 26 0.988636 0.0112989 0.0112989
BinVal : 15 27 0.678571 0.0624088 0.0624088
BinVal : 15 28 1 0.00712919 0.00712919
BinVal : 15 29 1 0.00964212 0.00964212
BinVal : 15 30 1 0.0107217 0.0107217
BinVal : 15 31 0.95 0.0344601 0.0344601
BinVal : 15 32 1 0.0293374 0.0293374
BinVal : 15 33 0 0 0
BinVal : 15 34 0 0 0
BinVal : 15 35 0 0 0
BinVal : 15 36 0 0 0
BinVal : 15 37 0 0 0
BinVal : 15 38 0 0 0
BinVal : 15 39 0 0 0
BinVal : 15 40 0 0 0
BinVal : 15 41 0 0 0
BinVal : 15 42 0 0 0
BinVal : 15 43 0 0 0
BinVal : 16 0 0 0 0
BinVal : 16 1 0 0 0
BinVal : 16 2 0 0 0
BinVal : 16 3 0 0 0
BinVal : 16 4 0 0 0
BinVal : 16 5 0 0 0
BinVal : 16 6 0 0 0
BinVal : 16 7 0 0 0
BinVal : 16 8 0 0 0
BinVal : 16 9 0 0 0
BinVal : 16 10 0 0 0
BinVal : 16 11 1 0.0309157 0.0309157
BinVal : 16 12 1 0.0309157 0.0309157
BinVal : 16 13 1 0.0123324 0.0123324
BinVal : 16 14 1 0.0088954 0.0088954
BinVal : 16 15 1 0.00903559 0.00903559
BinVal : 16 16 0.823529 0.0462297 0.0462297
BinVal : 16 17 0.915493 0.0330099 0.0330099
BinVal : 16 18 0.986111 0.0137921 0.0137921
BinVal : 16 19 0.939024 0.0264247 0.0264247
BinVal : 16 20 0.869565 0.0351119 0.0351119
BinVal : 16 21 0.573913 0.046113 0.046113
BinVal : 16 22 0.99115 0.00881031 0.00881031
BinVal : 16 23 0.9 0.03 0.03
BinVal : 16 24 0.894737 0.0406489 0.0406489
BinVal : 16 25 0.76087 0.0444712 0.0444712
BinVal : 16 26 0.929412 0.0277818 0.0277818
BinVal : 16 27 0.738462 0.0545099 0.0545099
BinVal : 16 28 1 0.00825644 0.00825644
BinVal : 16 29 0.963636 0.0252411 0.0252411
BinVal : 16 30 1 0.0111375 0.0111375
BinVal : 16 31 1 0.0128865 0.0128865
BinVal : 16 32 1 0.039392 0.039392
BinVal : 16 33 0 0 0
BinVal : 16 34 0 0 0
BinVal : 16 35 0 0 0
BinVal : 16 36 0 0 0
BinVal : 16 37 0 0 0
BinVal : 16 38 0 0 0
BinVal : 16 39 0 0 0
BinVal : 16 40 0 0 0
BinVal : 16 41 0 0 0
BinVal : 16 42 0 0 0
BinVal : 16 43 0 0 0
BinVal : 17 0 0 0 0
BinVal : 17 1 0 0 0
BinVal : 17 2 0 0 0
BinVal : 17 3 0 0 0
BinVal : 17 4 0 0 0
BinVal : 17 5 0 0 0
BinVal : 17 6 0 0 0
BinVal : 17 7 0 0 0
BinVal : 17 8 0 0 0
BinVal : 17 9 0 0 0
BinVal : 17 10 0 0 0
BinVal : 17 11 1 0.0309157 0.0309157
BinVal : 17 12 1 0.0126033 0.0126033
BinVal : 17 13 0.967742 0.022439 0.022439
BinVal : 17 14 1 0.00802565 0.00802565
BinVal : 17 15 0.980198 0.0138628 0.0138628
BinVal : 17 16 0.817073 0.0426935 0.0426935
BinVal : 17 17 0.932584 0.0265785 0.0265785
BinVal : 17 18 0.957895 0.0206047 0.0206047
BinVal : 17 19 0.923077 0.0279336 0.0279336
BinVal : 17 20 0.960938 0.0171247 0.0171247
BinVal : 17 21 0.674419 0.0412572 0.0412572
BinVal : 17 22 0.969697 0.0149202 0.0149202
BinVal : 17 23 0.853659 0.0318694 0.0318694
BinVal : 17 24 0.8 0.0433861 0.0433861
BinVal : 17 25 0.775 0.0466871 0.0466871
BinVal : 17 26 0.929293 0.0257626 0.0257626
BinVal : 17 27 0.8 0.0447214 0.0447214
BinVal : 17 28 1 0.00641298 0.00641298
BinVal : 17 29 0.988095 0.0118337 0.0118337
BinVal : 17 30 1 0.00791502 0.00791502
BinVal : 17 31 1 0.00917959 0.00917959
BinVal : 17 32 0.956522 0.0425226 0.0425226
BinVal : 17 33 0 0 0
BinVal : 17 34 0 0 0
BinVal : 17 35 0 0 0
BinVal : 17 36 0 0 0
BinVal : 17 37 0 0 0
BinVal : 17 38 0 0 0
BinVal : 17 39 0 0 0
BinVal : 17 40 0 0 0
BinVal : 17 41 0 0 0
BinVal : 17 42 0 0 0
BinVal : 17 43 0 0 0
BinVal : 18 0 0 0 0
BinVal : 18 1 0 0 0
BinVal : 18 2 0 0 0
BinVal : 18 3 0 0 0
BinVal : 18 4 0 0 0
BinVal : 18 5 0 0 0
BinVal : 18 6 0 0 0
BinVal : 18 7 0 0 0
BinVal : 18 8 0 0 0
BinVal : 18 9 0 0 0
BinVal : 18 10 0 0 0
BinVal : 18 11 1 0.0599198 0.0599198
BinVal : 18 12 0.941176 0.0329478 0.0329478
BinVal : 18 13 0.958333 0.0288424 0.0288424
BinVal : 18 14 0.989899 0.0100499 0.0100499
BinVal : 18 15 1 0.00627279 0.00627279
BinVal : 18 16 0.952381 0.0268303 0.0268303
BinVal : 18 17 0.953846 0.0260247 0.0260247
BinVal : 18 18 0.942529 0.0249524 0.0249524
BinVal : 18 19 0.975309 0.0172425 0.0172425
BinVal : 18 20 0.876033 0.0299585 0.0299585
BinVal : 18 21 0.669565 0.0438622 0.0438622
BinVal : 18 22 0.948718 0.0203919 0.0203919
BinVal : 18 23 0.854369 0.0347561 0.0347561
BinVal : 18 24 0.76 0.0427083 0.0427083
BinVal : 18 25 0.855422 0.0386014 0.0386014
BinVal : 18 26 0.873239 0.0394848 0.0394848
BinVal : 18 27 0.863636 0.0365825 0.0365825
BinVal : 18 28 1 0.00731039 0.00731039
BinVal : 18 29 0.986486 0.0134219 0.0134219
BinVal : 18 30 0.984615 0.0152658 0.0152658
BinVal : 18 31 1 0.0101533 0.0101533
BinVal : 18 32 1 0.0599198 0.0599198
BinVal : 18 33 0 0 0
BinVal : 18 34 0 0 0
BinVal : 18 35 0 0 0
BinVal : 18 36 0 0 0
BinVal : 18 37 0 0 0
BinVal : 18 38 0 0 0
BinVal : 18 39 0 0 0
BinVal : 18 40 0 0 0
BinVal : 18 41 0 0 0
BinVal : 18 42 0 0 0
BinVal : 18 43 0 0 0
BinVal : 19 0 0 0 0
BinVal : 19 1 0 0 0
BinVal : 19 2 0 0 0
BinVal : 19 3 0 0 0
BinVal : 19 4 0 0 0
BinVal : 19 5 0 0 0
BinVal : 19 6 0 0 0
BinVal : 19 7 0 0 0
BinVal : 19 8 0 0 0
BinVal : 19 9 0 0 0
BinVal : 19 10 0 0 0
BinVal : 19 11 0 0 0
BinVal : 19 12 1 0.0279117 0.0279117
BinVal : 19 13 1 0.0126033 0.0126033
BinVal : 19 14 0.982759 0.0170921 0.0170921
BinVal : 19 15 1 0.0109258 0.0109258
BinVal : 19 16 0.984127 0.0157465 0.0157465
BinVal : 19 17 0.659091 0.0714604 0.0714604
BinVal : 19 18 0.813953 0.0593439 0.0593439
BinVal : 19 19 0.869565 0.0351119 0.0351119
BinVal : 19 20 0.746032 0.0548401 0.0548401
BinVal : 19 21 0.541176 0.0540484 0.0540484
BinVal : 19 22 0.823529 0.0413491 0.0413491
BinVal : 19 23 0.4375 0.0620098 0.0620098
BinVal : 19 24 0.4 0.0607644 0.0607644
BinVal : 19 25 0.816327 0.0553168 0.0553168
BinVal : 19 26 0.696429 0.0614433 0.0614433
BinVal : 19 27 0.887097 0.0401923 0.0401923
BinVal : 19 28 0.983333 0.0165272 0.0165272
BinVal : 19 29 0.95 0.0344601 0.0344601
BinVal : 19 30 1 0.0161462 0.0161462
BinVal : 19 31 1 0.0279117 0.0279117
BinVal : 19 32 0 0 0
BinVal : 19 33 0 0 0
BinVal : 19 34 0 0 0
BinVal : 19 35 0 0 0
BinVal : 19 36 0 0 0
BinVal : 19 37 0 0 0
BinVal : 19 38 0 0 0
BinVal : 19 39 0 0 0
BinVal : 19 40 0 0 0
BinVal : 19 41 0 0 0
BinVal : 19 42 0 0 0
BinVal : 19 43 0 0 0
BinVal : 20 0 0 0 0
BinVal : 20 1 0 0 0
BinVal : 20 2 0 0 0
BinVal : 20 3 0 0 0
BinVal : 20 4 0 0 0
BinVal : 20 5 0 0 0
BinVal : 20 6 0 0 0
BinVal : 20 7 0 0 0
BinVal : 20 8 0 0 0
BinVal : 20 9 0 0 0
BinVal : 20 10 0 0 0
BinVal : 20 11 0 0 0
BinVal : 20 12 1 0.0266185 0.0266185
BinVal : 20 13 0.978261 0.0215015 0.0215015
BinVal : 20 14 0.982759 0.0170921 0.0170921
BinVal : 20 15 0.957143 0.0242076 0.0242076
BinVal : 20 16 0.4 0.0632455 0.0632455
BinVal : 20 17 0.175824 0.0399051 0.0399051
BinVal : 20 18 0.21875 0.0516748 0.0516748
BinVal : 20 19 0.654321 0.0528432 0.0528432
BinVal : 20 20 0.924731 0.0273573 0.0273573
BinVal : 20 21 0.895238 0.0298866 0.0298866
BinVal : 20 22 0.829787 0.0387628 0.0387628
BinVal : 20 23 0.255556 0.0459767 0.0459767
BinVal : 20 24 0.426966 0.0524314 0.0524314
BinVal : 20 25 0.147368 0.0363681 0.0363681
BinVal : 20 26 0.223529 0.0451877 0.0451877
BinVal : 20 27 0.362069 0.0631057 0.0631057
BinVal : 20 28 0.962963 0.0256996 0.0256996
BinVal : 20 29 1 0.0126033 0.0126033
BinVal : 20 30 1 0.0138164 0.0138164
BinVal : 20 31 1 0.0194201 0.0194201
BinVal : 20 32 0 0 0
BinVal : 20 33 0 0 0
BinVal : 20 34 0 0 0
BinVal : 20 35 0 0 0
BinVal : 20 36 0 0 0
BinVal : 20 37 0 0 0
BinVal : 20 38 0 0 0
BinVal : 20 39 0 0 0
BinVal : 20 40 0 0 0
BinVal : 20 41 0 0 0
BinVal : 20 42 0 0 0
BinVal : 20 43 0 0 0
BinVal : 21 0 0 0 0
BinVal : 21 1 0 0 0
BinVal : 21 2 0 0 0
BinVal : 21 3 0 0 0
BinVal : 21 4 0 0 0
BinVal : 21 5 0 0 0
BinVal : 21 6 0 0 0
BinVal : 21 7 0 0 0
BinVal : 21 8 0 0 0
BinVal : 21 9 0 0 0
BinVal : 21 10 0 0 0
BinVal : 21 11 1 0.0871301 0.0871301
BinVal : 21 12 1 0.0171075 0.0171075
BinVal : 21 13 0.977273 0.0224675 0.0224675
BinVal : 21 14 1 0.0074048 0.0074048
BinVal : 21 15 0.887097 0.0401923 0.0401923
BinVal : 21 16 0.333333 0.0488824 0.0488824
BinVal : 21 17 0.757009 0.0414623 0.0414623
BinVal : 21 18 0.41573 0.0522417 0.0522417
BinVal : 21 19 0.854369 0.0347561 0.0347561
BinVal : 21 20 0.924528 0.0256566 0.0256566
BinVal : 21 21 0.898438 0.0266997 0.0266997
BinVal : 21 22 0.946429 0.0212766 0.0212766
BinVal : 21 23 0.48 0.04996 0.04996
BinVal : 21 24 0.442308 0.0487016 0.0487016
BinVal : 21 25 0.457831 0.0546866 0.0546866
BinVal : 21 26 0.711111 0.0477763 0.0477763
BinVal : 21 27 0.274725 0.0467929 0.0467929
BinVal : 21 28 0.909091 0.0327614 0.0327614
BinVal : 21 29 0.975 0.0174553 0.0174553
BinVal : 21 30 0.983333 0.0165272 0.0165272
BinVal : 21 31 0.957447 0.0294425 0.0294425
BinVal : 21 32 1 0.0668855 0.0668855
BinVal : 21 33 0 0 0
BinVal : 21 34 0 0 0
BinVal : 21 35 0 0 0
BinVal : 21 36 0 0 0
BinVal : 21 37 0 0 0
BinVal : 21 38 0 0 0
BinVal : 21 39 0 0 0
BinVal : 21 40 0 0 0
BinVal : 21 41 0 0 0
BinVal : 21 42 0 0 0
BinVal : 21 43 0 0 0
BinVal : 22 0 0 0 0
BinVal : 22 1 0 0 0
BinVal : 22 2 0 0 0
BinVal : 22 3 0 0 0
BinVal : 22 4 0 0 0
BinVal : 22 5 0 0 0
BinVal : 22 6 0 0 0
BinVal : 22 7 0 0 0
BinVal : 22 8 0 0 0
BinVal : 22 9 0 0 0
BinVal : 22 10 0 0 0
BinVal : 22 11 1 0.039392 0.039392
BinVal : 22 12 1 0.0115867 0.0115867
BinVal : 22 13 1 0.00932837 0.00932837
BinVal : 22 14 1 0.00731039 0.00731039
BinVal : 22 15 0.622951 0.0620527 0.0620527
BinVal : 22 16 0.402597 0.0558887 0.0558887
BinVal : 22 17 0 0 0
BinVal : 22 18 0.0333333 0.0231741 0.0231741
BinVal : 22 19 0.0449438 0.0219611 0.0219611
BinVal : 22 20 0.0571429 0.0226521 0.0226521
BinVal : 22 21 0 0 0
BinVal : 22 22 0.0208333 0.0145771 0.0145771
BinVal : 22 23 0 0 0
BinVal : 22 24 0 0 0
BinVal : 22 25 0 0 0
BinVal : 22 26 0 0 0
BinVal : 22 27 0.326316 0.0481045 0.0481045
BinVal : 22 28 0.698413 0.0578219 0.0578219
BinVal : 22 29 0.984615 0.0152658 0.0152658
BinVal : 22 30 0.981481 0.0183463 0.0183463
BinVal : 22 31 0.972222 0.0273893 0.0273893
BinVal : 22 32 0.958333 0.0407894 0.0407894
BinVal : 22 33 0 0 0
BinVal : 22 34 0 0 0
BinVal : 22 35 0 0 0
BinVal : 22 36 0 0 0
BinVal : 22 37 0 0 0
BinVal : 22 38 0 0 0
BinVal : 22 39 0 0 0
BinVal : 22 40 0 0 0
BinVal : 22 41 0 0 0
BinVal : 22 42 0 0 0
BinVal : 22 43 0 0 0
BinVal : 23 0 0 0 0
BinVal : 23 1 0 0 0
BinVal : 23 2 0 0 0
BinVal : 23 3 0 0 0
BinVal : 23 4 0 0 0
BinVal : 23 5 0 0 0
BinVal : 23 6 0 0 0
BinVal : 23 7 0 0 0
BinVal : 23 8 0 0 0
BinVal : 23 9 0 0 0
BinVal : 23 10 0 0 0
BinVal : 23 11 1 0.0309157 0.0309157
BinVal : 23 12 0.972222 0.0273893 0.0273893
BinVal : 23 13 0.952381 0.0328603 0.0328603
BinVal : 23 14 0.967742 0.022439 0.022439
BinVal : 23 15 0.423729 0.0643326 0.0643326
BinVal : 23 16 0 0 0
BinVal : 23 17 0 0 0
BinVal : 23 18 0.0147059 0.0145974 0.0145974
BinVal : 23 19 0 0 0
BinVal : 23 20 0.030303 0.0298404 0.0298404
BinVal : 23 21 0 0 0
BinVal : 23 22 0 0 0
BinVal : 23 23 0 0 0
BinVal : 23 24 0 0 0
BinVal : 23 25 0.016129 0.0159984 0.0159984
BinVal : 23 26 0 0 0
BinVal : 23 27 0.0169492 0.0168049 0.0168049
BinVal : 23 28 0.59322 0.0639531 0.0639531
BinVal : 23 29 0.982456 0.0173893 0.0173893
BinVal : 23 30 0.951219 0.0336412 0.0336412
BinVal : 23 31 0.96 0.0391918 0.0391918
BinVal : 23 32 0.933333 0.0644061 0.0644061
BinVal : 23 33 0 0 0
BinVal : 23 34 0 0 0
BinVal : 23 35 0 0 0
BinVal : 23 36 0 0 0
BinVal : 23 37 0 0 0
BinVal : 23 38 0 0 0
BinVal : 23 39 0 0 0
BinVal : 23 40 0 0 0
BinVal : 23 41 0 0 0
BinVal : 23 42 0 0 0
BinVal : 23 43 0 0 0
BinVal : 24 0 0 0 0
BinVal : 24 1 0 0 0
BinVal : 24 2 0 0 0
BinVal : 24 3 0 0 0
BinVal : 24 4 0 0 0
BinVal : 24 5 0 0 0
BinVal : 24 6 0 0 0
BinVal : 24 7 0 0 0
BinVal : 24 8 0 0 0
BinVal : 24 9 0 0 0
BinVal : 24 10 0 0 0
BinVal : 24 11 1 0.0368657 0.0368657
BinVal : 24 12 1 0.0216126 0.0216126
BinVal : 24 13 0.951219 0.0336412 0.0336412
BinVal : 24 14 1 0.012074 0.012074
BinVal : 24 15 0.459016 0.063803 0.063803
BinVal : 24 16 0 0 0
BinVal : 24 17 0.0714286 0.0688303 0.0688303
BinVal : 24 18 0 0 0
BinVal : 24 19 0.037037 0.0363447 0.0363447
BinVal : 24 20 0.0181818 0.0180158 0.0180158
BinVal : 24 21 0 0 0
BinVal : 24 22 0.0238095 0.0166342 0.0166342
BinVal : 24 23 0 0 0
BinVal : 24 24 0.037037 0.0363447 0.0363447
BinVal : 24 25 0 0 0
BinVal : 24 26 0 0 0
BinVal : 24 27 0 0 0
BinVal : 24 28 0.489796 0.0714137 0.0714137
BinVal : 24 29 0.966667 0.0231741 0.0231741
BinVal : 24 30 1 0.0152869 0.0152869
BinVal : 24 31 0.945946 0.0371746 0.0371746
BinVal : 24 32 0.928571 0.0688303 0.0688303
BinVal : 24 33 0 0 0
BinVal : 24 34 0 0 0
BinVal : 24 35 0 0 0
BinVal : 24 36 0 0 0
BinVal : 24 37 0 0 0
BinVal : 24 38 0 0 0
BinVal : 24 39 0 0 0
BinVal : 24 40 0 0 0
BinVal : 24 41 0 0 0
BinVal : 24 42 0 0 0
BinVal : 24 43 0 0 0
BinVal : 25 0 0 0 0
BinVal : 25 1 0 0 0
BinVal : 25 2 0 0 0
BinVal : 25 3 0 0 0
BinVal : 25 4 0 0 0
BinVal : 25 5 0 0 0
BinVal : 25 6 0 0 0
BinVal : 25 7 0 0 0
BinVal : 25 8 0 0 0
BinVal : 25 9 0 0 0
BinVal : 25 10 0 0 0
BinVal : 25 11 1 0.0243611 0.0243611
BinVal : 25 12 0.97561 0.024091 0.024091
BinVal : 25 13 1 0.0115867 0.0115867
BinVal : 25 14 0.971831 0.019636 0.019636
BinVal : 25 15 0.530612 0.0712946 0.0712946
BinVal : 25 16 0.447368 0.0570353 0.0570353
BinVal : 25 17 0 0 0
BinVal : 25 18 0.0754717 0.0362839 0.0362839
BinVal : 25 19 0.0581395 0.0252336 0.0252336
BinVal : 25 20 0.0111111 0.0110492 0.0110492
BinVal : 25 21 0.0140845 0.013985 0.013985
BinVal : 25 22 0.00970874 0.00966149 0.00966149
BinVal : 25 23 0 0 0
BinVal : 25 24 0 0 0
BinVal : 25 25 0.0149254 0.0148136 0.0148136
BinVal : 25 26 0 0 0
BinVal : 25 27 0.137931 0.0452781 0.0452781
BinVal : 25 28 0.643836 0.0560469 0.0560469
BinVal : 25 29 1 0.0101533 0.0101533
BinVal : 25 30 0.961538 0.0266683 0.0266683
BinVal : 25 31 0.980392 0.0194147 0.0194147
BinVal : 25 32 1 0.0279117 0.0279117
BinVal : 25 33 0 0 0
BinVal : 25 34 0 0 0
BinVal : 25 35 0 0 0
BinVal : 25 36 0 0 0
BinVal : 25 37 0 0 0
BinVal : 25 38 0 0 0
BinVal : 25 39 0 0 0
BinVal : 25 40 0 0 0
BinVal : 25 41 0 0 0
BinVal : 25 42 0 0 0
BinVal : 25 43 0 0 0
BinVal : 26 0 0 0 0
BinVal : 26 1 0 0 0
BinVal : 26 2 0 0 0
BinVal : 26 3 0 0 0
BinVal : 26 4 0 0 0
BinVal : 26 5 0 0 0
BinVal : 26 6 0 0 0
BinVal : 26 7 0 0 0
BinVal : 26 8 0 0 0
BinVal : 26 9 0 0 0
BinVal : 26 10 0 0 0
BinVal : 26 11 1 0.0871301 0.0871301
BinVal : 26 12 0.975 0.0246855 0.0246855
BinVal : 26 13 0.962264 0.026175 0.026175
BinVal : 26 14 0.983871 0.0159984 0.0159984
BinVal : 26 15 0.910714 0.0381055 0.0381055
BinVal : 26 16 0.306452 0.0585495 0.0585495
BinVal : 26 17 0.662162 0.054982 0.054982
BinVal : 26 18 0.466667 0.0576066 0.0576066
BinVal : 26 19 0.81 0.0392301 0.0392301
BinVal : 26 20 0.868132 0.0354684 0.0354684
BinVal : 26 21 0.844444 0.0382038 0.0382038
BinVal : 26 22 0.921569 0.02662 0.02662
BinVal : 26 23 0.51087 0.0521163 0.0521163
BinVal : 26 24 0.634146 0.0531914 0.0531914
BinVal : 26 25 0.441558 0.0565897 0.0565897
BinVal : 26 26 0.603175 0.0616383 0.0616383
BinVal : 26 27 0.48 0.0576888 0.0576888
BinVal : 26 28 0.941176 0.0329478 0.0329478
BinVal : 26 29 0.983607 0.0162585 0.0162585
BinVal : 26 30 0.979167 0.0206152 0.0206152
BinVal : 26 31 0.979592 0.0201988 0.0201988
BinVal : 26 32 1 0.0599198 0.0599198
BinVal : 26 33 0 0 0
BinVal : 26 34 0 0 0
BinVal : 26 35 0 0 0
BinVal : 26 36 0 0 0
BinVal : 26 37 0 0 0
BinVal : 26 38 0 0 0
BinVal : 26 39 0 0 0
BinVal : 26 40 0 0 0
BinVal : 26 41 0 0 0
BinVal : 26 42 0 0 0
BinVal : 26 43 0 0 0
BinVal : 27 0 0 0 0
BinVal : 27 1 0 0 0
BinVal : 27 2 0 0 0
BinVal : 27 3 0 0 0
BinVal : 27 4 0 0 0
BinVal : 27 5 0 0 0
BinVal : 27 6 0 0 0
BinVal : 27 7 0 0 0
BinVal : 27 8 0 0 0
BinVal : 27 9 0 0 0
BinVal : 27 10 0 0 0
BinVal : 27 11 0 0 0
BinVal : 27 12 1 0.0309157 0.0309157
BinVal : 27 13 0.930233 0.0388497 0.0388497
BinVal : 27 14 0.970588 0.028976 0.028976
BinVal : 27 15 0.936508 0.0307217 0.0307217
BinVal : 27 16 0.344828 0.0624115 0.0624115
BinVal : 27 17 0.220779 0.0472676 0.0472676
BinVal : 27 18 0.116883 0.0366134 0.0366134
BinVal : 27 19 0.488889 0.0526916 0.0526916
BinVal : 27 20 0.923077 0.0279336 0.0279336
BinVal : 27 21 0.888889 0.0302406 0.0302406
BinVal : 27 22 0.803279 0.0359898 0.0359898
BinVal : 27 23 0.253012 0.0477187 0.0477187
BinVal : 27 24 0.283019 0.0437531 0.0437531
BinVal : 27 25 0.166667 0.0392837 0.0392837
BinVal : 27 26 0.123288 0.0384793 0.0384793
BinVal : 27 27 0.5 0.0581238 0.0581238
BinVal : 27 28 0.983333 0.0165272 0.0165272
BinVal : 27 29 0.981132 0.0186891 0.0186891
BinVal : 27 30 0.977273 0.0224675 0.0224675
BinVal : 27 31 0.9375 0.0605154 0.0605154
BinVal : 27 32 0 0 0
BinVal : 27 33 0 0 0
BinVal : 27 34 0 0 0
BinVal : 27 35 0 0 0
BinVal : 27 36 0 0 0
BinVal : 27 37 0 0 0
BinVal : 27 38 0 0 0
BinVal : 27 39 0 0 0
BinVal : 27 40 0 0 0
BinVal : 27 41 0 0 0
BinVal : 27 42 0 0 0
BinVal : 27 43 0 0 0
BinVal : 28 0 0 0 0
BinVal : 28 1 0 0 0
BinVal : 28 2 0 0 0
BinVal : 28 3 0 0 0
BinVal : 28 4 0 0 0
BinVal : 28 5 0 0 0
BinVal : 28 6 0 0 0
BinVal : 28 7 0 0 0
BinVal : 28 8 0 0 0
BinVal : 28 9 0 0 0
BinVal : 28 10 0 0 0
BinVal : 28 11 0 0 0
BinVal : 28 12 1 0.0254407 0.0254407
BinVal : 28 13 0.969697 0.0298404 0.0298404
BinVal : 28 14 0.952381 0.0328603 0.0328603
BinVal : 28 15 0.948276 0.0290804 0.0290804
BinVal : 28 16 0.942029 0.0281328 0.0281328
BinVal : 28 17 0.808511 0.057394 0.057394
BinVal : 28 18 0.75 0.0684653 0.0684653
BinVal : 28 19 0.776471 0.0451877 0.0451877
BinVal : 28 20 0.723404 0.0652476 0.0652476
BinVal : 28 21 0.677778 0.0492606 0.0492606
BinVal : 28 22 0.949367 0.0246672 0.0246672
BinVal : 28 23 0.43662 0.0588604 0.0588604
BinVal : 28 24 0.268293 0.048929 0.048929
BinVal : 28 25 0.857143 0.0539949 0.0539949
BinVal : 28 26 0.731707 0.069196 0.069196
BinVal : 28 27 0.96875 0.0217491 0.0217491
BinVal : 28 28 0.935484 0.0312001 0.0312001
BinVal : 28 29 1 0.0103354 0.0103354
BinVal : 28 30 0.918919 0.0448743 0.0448743
BinVal : 28 31 0.954545 0.0444095 0.0444095
BinVal : 28 32 0 0 0
BinVal : 28 33 0 0 0
BinVal : 28 34 0 0 0
BinVal : 28 35 0 0 0
BinVal : 28 36 0 0 0
BinVal : 28 37 0 0 0
BinVal : 28 38 0 0 0
BinVal : 28 39 0 0 0
BinVal : 28 40 0 0 0
BinVal : 28 41 0 0 0
BinVal : 28 42 0 0 0
BinVal : 28 43 0 0 0
BinVal : 29 0 0 0 0
BinVal : 29 1 0 0 0
BinVal : 29 2 0 0 0
BinVal : 29 3 0 0 0
BinVal : 29 4 0 0 0
BinVal : 29 5 0 0 0
BinVal : 29 6 0 0 0
BinVal : 29 7 0 0 0
BinVal : 29 8 0 0 0
BinVal : 29 9 0 0 0
BinVal : 29 10 0 0 0
BinVal : 29 11 1 0.0326734 0.0326734
BinVal : 29 12 0.973684 0.0259672 0.0259672
BinVal : 29 13 1 0.0111375 0.0111375
BinVal : 29 14 0.95 0.0281366 0.0281366
BinVal : 29 15 0.982759 0.0170921 0.0170921
BinVal : 29 16 0.955882 0.0249031 0.0249031
BinVal : 29 17 0.898551 0.0363472 0.0363472
BinVal : 29 18 0.811594 0.0470752 0.0470752
BinVal : 29 19 0.977273 0.0158869 0.0158869
BinVal : 29 20 0.847059 0.03904 0.03904
BinVal : 29 21 0.888889 0.0315853 0.0315853
BinVal : 29 22 0.946237 0.0233885 0.0233885
BinVal : 29 23 0.83908 0.0393955 0.0393955
BinVal : 29 24 0.8125 0.0368811 0.0368811
BinVal : 29 25 0.844037 0.0347519 0.0347519
BinVal : 29 26 0.954545 0.0256398 0.0256398
BinVal : 29 27 0.901235 0.0331496 0.0331496
BinVal : 29 28 0.974359 0.017897 0.017897
BinVal : 29 29 1 0.00850058 0.00850058
BinVal : 29 30 1 0.00997686 0.00997686
BinVal : 29 31 0.948718 0.0353199 0.0353199
BinVal : 29 32 1 0.0495858 0.0495858
BinVal : 29 33 0 0 0
BinVal : 29 34 0 0 0
BinVal : 29 35 0 0 0
BinVal : 29 36 0 0 0
BinVal : 29 37 0 0 0
BinVal : 29 38 0 0 0
BinVal : 29 39 0 0 0
BinVal : 29 40 0 0 0
BinVal : 29 41 0 0 0
BinVal : 29 42 0 0 0
BinVal : 29 43 0 0 0
BinVal : 30 0 0 0 0
BinVal : 30 1 0 0 0
BinVal : 30 2 0 0 0
BinVal : 30 3 0 0 0
BinVal : 30 4 0 0 0
BinVal : 30 5 0 0 0
BinVal : 30 6 0 0 0
BinVal : 30 7 0 0 0
BinVal : 30 8 0 0 0
BinVal : 30 9 0 0 0
BinVal : 30 10 0 0 0
BinVal : 30 11 1 0.0266185 0.0266185
BinVal : 30 12 0.975 0.0246855 0.0246855
BinVal : 30 13 1 0.00948286 0.00948286
BinVal : 30 14 1 0.00825644 0.00825644
BinVal : 30 15 1 0.00825644 0.00825644
BinVal : 30 16 0.873239 0.0394848 0.0394848
BinVal : 30 17 0.985294 0.0145974 0.0145974
BinVal : 30 18 0.852941 0.0429488 0.0429488
BinVal : 30 19 0.985714 0.0141833 0.0141833
BinVal : 30 20 0.915094 0.0270737 0.0270737
BinVal : 30 21 0.942149 0.0212238 0.0212238
BinVal : 30 22 0.957983 0.0183915 0.0183915
BinVal : 30 23 0.880952 0.0288504 0.0288504
BinVal : 30 24 0.938272 0.0267402 0.0267402
BinVal : 30 25 0.743902 0.0482007 0.0482007
BinVal : 30 26 0.97619 0.0166342 0.0166342
BinVal : 30 27 0.830986 0.0444763 0.0444763
BinVal : 30 28 1 0.00731039 0.00731039
BinVal : 30 29 1 0.0083766 0.0083766
BinVal : 30 30 0.983333 0.0165272 0.0165272
BinVal : 30 31 0.981132 0.0186891 0.0186891
BinVal : 30 32 1 0.0243611 0.0243611
BinVal : 30 33 0 0 0
BinVal : 30 34 0 0 0
BinVal : 30 35 0 0 0
BinVal : 30 36 0 0 0
BinVal : 30 37 0 0 0
BinVal : 30 38 0 0 0
BinVal : 30 39 0 0 0
BinVal : 30 40 0 0 0
BinVal : 30 41 0 0 0
BinVal : 30 42 0 0 0
BinVal : 30 43 0 0 0
BinVal : 31 0 0 0 0
BinVal : 31 1 0 0 0
BinVal : 31 2 0 0 0
BinVal : 31 3 0 0 0
BinVal : 31 4 0 0 0
BinVal : 31 5 0 0 0
BinVal : 31 6 0 0 0
BinVal : 31 7 0 0 0
BinVal : 31 8 0 0 0
BinVal : 31 9 0 0 0
BinVal : 31 10 0 0 0
BinVal : 31 11 0.888889 0.104757 0.104757
BinVal : 31 12 1 0.0233703 0.0233703
BinVal : 31 13 0.965517 0.0239589 0.0239589
BinVal : 31 14 1 0.0115867 0.0115867
BinVal : 31 15 0.974359 0.017897 0.017897
BinVal : 31 16 0.9 0.0358569 0.0358569
BinVal : 31 17 0.926471 0.0316513 0.0316513
BinVal : 31 18 0.855263 0.0403583 0.0403583
BinVal : 31 19 0.939024 0.0264247 0.0264247
BinVal : 31 20 0.85567 0.0356817 0.0356817
BinVal : 31 21 0.903614 0.0323935 0.0323935
BinVal : 31 22 0.954128 0.0200383 0.0200383
BinVal : 31 23 0.823529 0.0377464 0.0377464
BinVal : 31 24 0.878378 0.0379953 0.0379953
BinVal : 31 25 0.736842 0.0505113 0.0505113
BinVal : 31 26 0.949367 0.0246672 0.0246672
BinVal : 31 27 0.777778 0.0523783 0.0523783
BinVal : 31 28 0.977528 0.0157105 0.0157105
BinVal : 31 29 0.969231 0.0214198 0.0214198
BinVal : 31 30 1 0.0113578 0.0113578
BinVal : 31 31 1 0.0138164 0.0138164
BinVal : 31 32 1 0.0422902 0.0422902
BinVal : 31 33 0 0 0
BinVal : 31 34 0 0 0
BinVal : 31 35 0 0 0
BinVal : 31 36 0 0 0
BinVal : 31 37 0 0 0
BinVal : 31 38 0 0 0
BinVal : 31 39 0 0 0
BinVal : 31 40 0 0 0
BinVal : 31 41 0 0 0
BinVal : 31 42 0 0 0
BinVal : 31 43 0 0 0


