Comments : includes prescale inefficiency, cosmic veto applied 
EffMethod : TagAndProbe 
EffName : eff 
EffType : Binned 
EffVarNames : phi deteta 
EffVersion : 3 
ObjQuality : MuFromMuJetsOR 
ObjRelativeTo : tight_trackloose_iso_TopScaledTight 
ObjType : Muon 
ObjVersion : 1 
RunRangeHigh : -1 
RunRangeLow : -1 
TriggerVersionHigh : 15.21 
TriggerVersionLow : 15 
BinEdgesX : 0 0.3927 0.7854 1.1781 1.5708 1.9635 2.3562 2.7489 3.1416 3.5343 3.927 4.3197 4.7124 5.1051 5.4978 5.8905 6.2832 
BinEdgesY : -3 -2.8 -2.6 -2.4 -2.2 -2 -1.8 -1.6 -1.4 -1.2 -1 -0.8 -0.6 -0.4 -0.2 0 0.2 0.4 0.6 0.8 1 1.2 1.4 1.6 1.8 2 2.2 2.4 2.6 2.8 3 
BinVal : 0 0 0 0 0
BinVal : 0 1 0 0 0
BinVal : 0 2 0 0 0
BinVal : 0 3 0 0 0
BinVal : 0 4 0 0 0
BinVal : 0 5 0 0 0
BinVal : 0 6 0 0 0
BinVal : 0 7 0.714286 0.0697071 0.0697071
BinVal : 0 8 0.980769 0.019045 0.019045
BinVal : 0 9 0.77193 0.0555758 0.0555758
BinVal : 0 10 0.721311 0.0574058 0.0574058
BinVal : 0 11 0.823529 0.0533815 0.0533815
BinVal : 0 12 0.745098 0.0610251 0.0610251
BinVal : 0 13 0.7 0.0547723 0.0547723
BinVal : 0 14 0.651515 0.0586519 0.0586519
BinVal : 0 15 0.853333 0.0408502 0.0408502
BinVal : 0 16 0.728814 0.0578784 0.0578784
BinVal : 0 17 0.951613 0.027252 0.027252
BinVal : 0 18 0.837209 0.0562986 0.0562986
BinVal : 0 19 0.837209 0.0562986 0.0562986
BinVal : 0 20 0.810345 0.0514758 0.0514758
BinVal : 0 21 0.94 0.0335857 0.0335857
BinVal : 0 22 0.829787 0.0548189 0.0548189
BinVal : 0 23 0 0 0
BinVal : 0 24 0 0 0
BinVal : 0 25 0 0 0
BinVal : 0 26 0 0 0
BinVal : 0 27 0 0 0
BinVal : 0 28 0 0 0
BinVal : 0 29 0 0 0
BinVal : 1 0 0 0 0
BinVal : 1 1 0 0 0
BinVal : 1 2 0 0 0
BinVal : 1 3 0 0 0
BinVal : 1 4 0 0 0
BinVal : 1 5 0 0 0
BinVal : 1 6 0 0 0
BinVal : 1 7 0.638298 0.0700871 0.0700871
BinVal : 1 8 0.578947 0.0800933 0.0800933
BinVal : 1 9 0.833333 0.0537914 0.0537914
BinVal : 1 10 0.686275 0.0649739 0.0649739
BinVal : 1 11 0.709091 0.0612418 0.0612418
BinVal : 1 12 0.574074 0.0672906 0.0672906
BinVal : 1 13 0.57377 0.0633178 0.0633178
BinVal : 1 14 0.701493 0.0559051 0.0559051
BinVal : 1 15 0.6875 0.057939 0.057939
BinVal : 1 16 0.603774 0.0671848 0.0671848
BinVal : 1 17 0.607143 0.0652633 0.0652633
BinVal : 1 18 0.759259 0.0581799 0.0581799
BinVal : 1 19 0.756757 0.0705339 0.0705339
BinVal : 1 20 0.769231 0.0584273 0.0584273
BinVal : 1 21 0.904762 0.036983 0.036983
BinVal : 1 22 0.685714 0.0784693 0.0784693
BinVal : 1 23 0 0 0
BinVal : 1 24 0 0 0
BinVal : 1 25 0 0 0
BinVal : 1 26 0 0 0
BinVal : 1 27 0 0 0
BinVal : 1 28 0 0 0
BinVal : 1 29 0 0 0
BinVal : 2 0 0 0 0
BinVal : 2 1 0 0 0
BinVal : 2 2 0 0 0
BinVal : 2 3 0 0 0
BinVal : 2 4 0 0 0
BinVal : 2 5 0 0 0
BinVal : 2 6 0 0 0
BinVal : 2 7 0.71875 0.0794804 0.0794804
BinVal : 2 8 0.967742 0.0317335 0.0317335
BinVal : 2 9 0.837209 0.0562986 0.0562986
BinVal : 2 10 0.833333 0.0760726 0.0760726
BinVal : 2 11 0.868421 0.0548361 0.0548361
BinVal : 2 12 0.71875 0.0794804 0.0794804
BinVal : 2 13 0.722222 0.0746505 0.0746505
BinVal : 2 14 0.8 0.0596285 0.0596285
BinVal : 2 15 0.84 0.0518459 0.0518459
BinVal : 2 16 0.785714 0.0633147 0.0633147
BinVal : 2 17 0.885714 0.0537785 0.0537785
BinVal : 2 18 0.653846 0.0933009 0.0933009
BinVal : 2 19 0.384615 0.0954113 0.0954113
BinVal : 2 20 0.911765 0.0486433 0.0486433
BinVal : 2 21 0.885714 0.0537785 0.0537785
BinVal : 2 22 0.7 0.10247 0.10247
BinVal : 2 23 0 0 0
BinVal : 2 24 0 0 0
BinVal : 2 25 0 0 0
BinVal : 2 26 0 0 0
BinVal : 2 27 0 0 0
BinVal : 2 28 0 0 0
BinVal : 2 29 0 0 0
BinVal : 3 0 0 0 0
BinVal : 3 1 0 0 0
BinVal : 3 2 0 0 0
BinVal : 3 3 0 0 0
BinVal : 3 4 0 0 0
BinVal : 3 5 0 0 0
BinVal : 3 6 0 0 0
BinVal : 3 7 0.928571 0.0688303 0.0688303
BinVal : 3 8 0.842105 0.0836547 0.0836547
BinVal : 3 9 0.866667 0.0877707 0.0877707
BinVal : 3 10 0.833333 0.087841 0.087841
BinVal : 3 11 1 0.039392 0.039392
BinVal : 3 12 0.782609 0.0860061 0.0860061
BinVal : 3 13 0.913043 0.0587534 0.0587534
BinVal : 3 14 0.740741 0.084337 0.084337
BinVal : 3 15 0.882353 0.0781425 0.0781425
BinVal : 3 16 0.892857 0.0584512 0.0584512
BinVal : 3 17 0.882353 0.0781425 0.0781425
BinVal : 3 18 0.894737 0.0704059 0.0704059
BinVal : 3 19 0.9 0.0948683 0.0948683
BinVal : 3 20 0.882353 0.0781425 0.0781425
BinVal : 3 21 1 0.0309157 0.0309157
BinVal : 3 22 0.736842 0.101023 0.101023
BinVal : 3 23 0 0 0
BinVal : 3 24 0 0 0
BinVal : 3 25 0 0 0
BinVal : 3 26 0 0 0
BinVal : 3 27 0 0 0
BinVal : 3 28 0 0 0
BinVal : 3 29 0 0 0
BinVal : 4 0 0 0 0
BinVal : 4 1 0 0 0
BinVal : 4 2 0 0 0
BinVal : 4 3 0 0 0
BinVal : 4 4 0 0 0
BinVal : 4 5 0 0 0
BinVal : 4 6 0 0 0
BinVal : 4 7 0.916667 0.0797856 0.0797856
BinVal : 4 8 0.933333 0.0644061 0.0644061
BinVal : 4 9 0.846154 0.100068 0.100068
BinVal : 4 10 0.714286 0.120736 0.120736
BinVal : 4 11 0.789474 0.0935288 0.0935288
BinVal : 4 12 0.75 0.0968246 0.0968246
BinVal : 4 13 0.947368 0.0512278 0.0512278
BinVal : 4 14 0.814815 0.0747568 0.0747568
BinVal : 4 15 0.727273 0.0949515 0.0949515
BinVal : 4 16 0.764706 0.102879 0.102879
BinVal : 4 17 0.772727 0.0893461 0.0893461
BinVal : 4 18 0.842105 0.0836547 0.0836547
BinVal : 4 19 0.818182 0.116291 0.116291
BinVal : 4 20 0.7 0.10247 0.10247
BinVal : 4 21 0.954545 0.0444095 0.0444095
BinVal : 4 22 0.866667 0.0877707 0.0877707
BinVal : 4 23 0 0 0
BinVal : 4 24 0 0 0
BinVal : 4 25 0 0 0
BinVal : 4 26 0 0 0
BinVal : 4 27 0 0 0
BinVal : 4 28 0 0 0
BinVal : 4 29 0 0 0
BinVal : 5 0 0 0 0
BinVal : 5 1 0 0 0
BinVal : 5 2 0 0 0
BinVal : 5 3 0 0 0
BinVal : 5 4 0 0 0
BinVal : 5 5 0 0 0
BinVal : 5 6 0 0 0
BinVal : 5 7 0.758621 0.0794627 0.0794627
BinVal : 5 8 0.975 0.0246855 0.0246855
BinVal : 5 9 1 0.0148902 0.0148902
BinVal : 5 10 0.947368 0.0512278 0.0512278
BinVal : 5 11 0.820513 0.0614507 0.0614507
BinVal : 5 12 0.837838 0.0605974 0.0605974
BinVal : 5 13 0.822222 0.0569937 0.0569937
BinVal : 5 14 0.836735 0.0528011 0.0528011
BinVal : 5 15 0.844828 0.047542 0.047542
BinVal : 5 16 0.758621 0.0794627 0.0794627
BinVal : 5 17 0.87234 0.0486767 0.0486767
BinVal : 5 18 0.885714 0.0537785 0.0537785
BinVal : 5 19 0.852941 0.0607387 0.0607387
BinVal : 5 20 0.804878 0.0618908 0.0618908
BinVal : 5 21 0.969697 0.0298404 0.0298404
BinVal : 5 22 0.863636 0.073165 0.073165
BinVal : 5 23 0 0 0
BinVal : 5 24 0 0 0
BinVal : 5 25 0 0 0
BinVal : 5 26 0 0 0
BinVal : 5 27 0 0 0
BinVal : 5 28 0 0 0
BinVal : 5 29 0 0 0
BinVal : 6 0 0 0 0
BinVal : 6 1 0 0 0
BinVal : 6 2 0 0 0
BinVal : 6 3 0 0 0
BinVal : 6 4 0 0 0
BinVal : 6 5 0 0 0
BinVal : 6 6 0 0 0
BinVal : 6 7 0.822222 0.0569937 0.0569937
BinVal : 6 8 0.94 0.0335857 0.0335857
BinVal : 6 9 0.955556 0.0307207 0.0307207
BinVal : 6 10 0.777778 0.06929 0.06929
BinVal : 6 11 0.796296 0.0548075 0.0548075
BinVal : 6 12 0.971429 0.0281603 0.0281603
BinVal : 6 13 0.862745 0.0481859 0.0481859
BinVal : 6 14 0.788462 0.0566348 0.0566348
BinVal : 6 15 0.777778 0.0619748 0.0619748
BinVal : 6 16 0.804878 0.0618908 0.0618908
BinVal : 6 17 0.826087 0.0558856 0.0558856
BinVal : 6 18 0.763636 0.0572865 0.0572865
BinVal : 6 19 0.714286 0.0763604 0.0763604
BinVal : 6 20 0.897959 0.0432431 0.0432431
BinVal : 6 21 0.906977 0.0442955 0.0442955
BinVal : 6 22 0.694444 0.0767737 0.0767737
BinVal : 6 23 0 0 0
BinVal : 6 24 0 0 0
BinVal : 6 25 0 0 0
BinVal : 6 26 0 0 0
BinVal : 6 27 0 0 0
BinVal : 6 28 0 0 0
BinVal : 6 29 0 0 0
BinVal : 7 0 0 0 0
BinVal : 7 1 0 0 0
BinVal : 7 2 0 0 0
BinVal : 7 3 0 0 0
BinVal : 7 4 0 0 0
BinVal : 7 5 0 0 0
BinVal : 7 6 0 0 0
BinVal : 7 7 0.738095 0.0678427 0.0678427
BinVal : 7 8 0.934783 0.0364048 0.0364048
BinVal : 7 9 0.686275 0.0649739 0.0649739
BinVal : 7 10 0.826923 0.0524627 0.0524627
BinVal : 7 11 0.594595 0.080715 0.080715
BinVal : 7 12 0.727273 0.0600526 0.0600526
BinVal : 7 13 0.883333 0.0414438 0.0414438
BinVal : 7 14 0.773585 0.0574869 0.0574869
BinVal : 7 15 0.781818 0.0556905 0.0556905
BinVal : 7 16 0.837838 0.0605974 0.0605974
BinVal : 7 17 0.860465 0.0528413 0.0528413
BinVal : 7 18 0.4375 0.12402 0.12402
BinVal : 7 19 0.681818 0.0993026 0.0993026
BinVal : 7 20 0.773585 0.0574869 0.0574869
BinVal : 7 21 0.886364 0.0478452 0.0478452
BinVal : 7 22 0.75 0.0625 0.0625
BinVal : 7 23 0 0 0
BinVal : 7 24 0 0 0
BinVal : 7 25 0 0 0
BinVal : 7 26 0 0 0
BinVal : 7 27 0 0 0
BinVal : 7 28 0 0 0
BinVal : 7 29 0 0 0
BinVal : 8 0 0 0 0
BinVal : 8 1 0 0 0
BinVal : 8 2 0 0 0
BinVal : 8 3 0 0 0
BinVal : 8 4 0 0 0
BinVal : 8 5 0 0 0
BinVal : 8 6 0 0 0
BinVal : 8 7 0.785714 0.0633147 0.0633147
BinVal : 8 8 0.983333 0.0165272 0.0165272
BinVal : 8 9 0.690476 0.071334 0.071334
BinVal : 8 10 0.85 0.0564579 0.0564579
BinVal : 8 11 0.860465 0.0528413 0.0528413
BinVal : 8 12 0.903846 0.0408817 0.0408817
BinVal : 8 13 0.945946 0.0262864 0.0262864
BinVal : 8 14 0.864865 0.0397413 0.0397413
BinVal : 8 15 0.919355 0.0345808 0.0345808
BinVal : 8 16 0.896552 0.0399885 0.0399885
BinVal : 8 17 0.918367 0.0391149 0.0391149
BinVal : 8 18 0.5 0.133631 0.133631
BinVal : 8 19 0.785714 0.0775443 0.0775443
BinVal : 8 20 0.844444 0.0540284 0.0540284
BinVal : 8 21 0.921569 0.0376464 0.0376464
BinVal : 8 22 0.719298 0.0595168 0.0595168
BinVal : 8 23 0 0 0
BinVal : 8 24 0 0 0
BinVal : 8 25 0 0 0
BinVal : 8 26 0 0 0
BinVal : 8 27 0 0 0
BinVal : 8 28 0 0 0
BinVal : 8 29 0 0 0
BinVal : 9 0 0 0 0
BinVal : 9 1 0 0 0
BinVal : 9 2 0 0 0
BinVal : 9 3 0 0 0
BinVal : 9 4 0 0 0
BinVal : 9 5 0 0 0
BinVal : 9 6 0 0 0
BinVal : 9 7 0.676471 0.0802309 0.0802309
BinVal : 9 8 0.975 0.0246855 0.0246855
BinVal : 9 9 0.9375 0.0302577 0.0302577
BinVal : 9 10 0.9 0.0547723 0.0547723
BinVal : 9 11 0.72973 0.0730095 0.0730095
BinVal : 9 12 0.862069 0.0452781 0.0452781
BinVal : 9 13 0.775862 0.0547565 0.0547565
BinVal : 9 14 0.792453 0.0557067 0.0557067
BinVal : 9 15 0.852941 0.0429488 0.0429488
BinVal : 9 16 0.803922 0.0555951 0.0555951
BinVal : 9 17 0.84 0.0518459 0.0518459
BinVal : 9 18 0.870968 0.0602101 0.0602101
BinVal : 9 19 0.941176 0.0403526 0.0403526
BinVal : 9 20 0.916667 0.0398928 0.0398928
BinVal : 9 21 0.942029 0.0281328 0.0281328
BinVal : 9 22 0.766667 0.0772202 0.0772202
BinVal : 9 23 0 0 0
BinVal : 9 24 0 0 0
BinVal : 9 25 0 0 0
BinVal : 9 26 0 0 0
BinVal : 9 27 0 0 0
BinVal : 9 28 0 0 0
BinVal : 9 29 0 0 0
BinVal : 10 0 0 0 0
BinVal : 10 1 0 0 0
BinVal : 10 2 0 0 0
BinVal : 10 3 0 0 0
BinVal : 10 4 0 0 0
BinVal : 10 5 0 0 0
BinVal : 10 6 0 0 0
BinVal : 10 7 0.842105 0.0591528 0.0591528
BinVal : 10 8 0.96875 0.0307578 0.0307578
BinVal : 10 9 0.727273 0.134282 0.134282
BinVal : 10 10 0.666667 0.096225 0.096225
BinVal : 10 11 1 0.0756803 0.0756803
BinVal : 10 12 0.775 0.0660256 0.0660256
BinVal : 10 13 0.90566 0.0401506 0.0401506
BinVal : 10 14 0.867925 0.0465066 0.0465066
BinVal : 10 15 0.921569 0.0376464 0.0376464
BinVal : 10 16 0.891892 0.0510487 0.0510487
BinVal : 10 17 0.837838 0.0605974 0.0605974
BinVal : 10 18 0.583333 0.142319 0.142319
BinVal : 10 19 0.875 0.0675077 0.0675077
BinVal : 10 20 1 0.0326734 0.0326734
BinVal : 10 21 0.872727 0.0449392 0.0449392
BinVal : 10 22 0.648649 0.0784828 0.0784828
BinVal : 10 23 0 0 0
BinVal : 10 24 0 0 0
BinVal : 10 25 0 0 0
BinVal : 10 26 0 0 0
BinVal : 10 27 0 0 0
BinVal : 10 28 0 0 0
BinVal : 10 29 0 0 0
BinVal : 11 0 0 0 0
BinVal : 11 1 0 0 0
BinVal : 11 2 0 0 0
BinVal : 11 3 0 0 0
BinVal : 11 4 0 0 0
BinVal : 11 5 0 0 0
BinVal : 11 6 0 0 0
BinVal : 11 7 0.8 0.053936 0.053936
BinVal : 11 8 0.953488 0.0321147 0.0321147
BinVal : 11 9 0 0 0
BinVal : 11 10 0 0 0
BinVal : 11 11 0 0 0
BinVal : 11 12 0 0 0
BinVal : 11 13 0 0 0
BinVal : 11 14 0 0 0
BinVal : 11 15 0 0 0
BinVal : 11 16 0 0 0
BinVal : 11 17 0 0 0
BinVal : 11 18 0 0 0
BinVal : 11 19 0 0 0
BinVal : 11 20 0 0 0
BinVal : 11 21 0.767442 0.064425 0.064425
BinVal : 11 22 0.72 0.063498 0.063498
BinVal : 11 23 0 0 0
BinVal : 11 24 0 0 0
BinVal : 11 25 0 0 0
BinVal : 11 26 0 0 0
BinVal : 11 27 0 0 0
BinVal : 11 28 0 0 0
BinVal : 11 29 0 0 0
BinVal : 12 0 0 0 0
BinVal : 12 1 0 0 0
BinVal : 12 2 0 0 0
BinVal : 12 3 0 0 0
BinVal : 12 4 0 0 0
BinVal : 12 5 0 0 0
BinVal : 12 6 0 0 0
BinVal : 12 7 0.842105 0.0591528 0.0591528
BinVal : 12 8 0.833333 0.0680414 0.0680414
BinVal : 12 9 1 0.218486 0.218486
BinVal : 12 10 0 0 0
BinVal : 12 11 0 0 0
BinVal : 12 12 0 0 0
BinVal : 12 13 0 0 0
BinVal : 12 14 0 0 0
BinVal : 12 15 0 0 0
BinVal : 12 16 0 0 0
BinVal : 12 17 0 0 0
BinVal : 12 18 0 0 0
BinVal : 12 19 0 0 0
BinVal : 12 20 0 0 0
BinVal : 12 21 0.828571 0.0637049 0.0637049
BinVal : 12 22 0.688889 0.0690122 0.0690122
BinVal : 12 23 0 0 0
BinVal : 12 24 0 0 0
BinVal : 12 25 0 0 0
BinVal : 12 26 0 0 0
BinVal : 12 27 0 0 0
BinVal : 12 28 0 0 0
BinVal : 12 29 0 0 0
BinVal : 13 0 0 0 0
BinVal : 13 1 0 0 0
BinVal : 13 2 0 0 0
BinVal : 13 3 0 0 0
BinVal : 13 4 0 0 0
BinVal : 13 5 0 0 0
BinVal : 13 6 0 0 0
BinVal : 13 7 0.6875 0.0819382 0.0819382
BinVal : 13 8 0.956522 0.030068 0.030068
BinVal : 13 9 0.947368 0.0512278 0.0512278
BinVal : 13 10 0.73913 0.0915605 0.0915605
BinVal : 13 11 0.555556 0.165635 0.165635
BinVal : 13 12 0.869565 0.0496557 0.0496557
BinVal : 13 13 0.870968 0.042575 0.042575
BinVal : 13 14 0.958333 0.0288424 0.0288424
BinVal : 13 15 0.9 0.0358569 0.0358569
BinVal : 13 16 0.931035 0.0332725 0.0332725
BinVal : 13 17 0.888889 0.0468486 0.0468486
BinVal : 13 18 0.428571 0.187044 0.187044
BinVal : 13 19 0.8 0.10328 0.10328
BinVal : 13 20 0.941176 0.0570672 0.0570672
BinVal : 13 21 0.933333 0.0371849 0.0371849
BinVal : 13 22 0.756098 0.0670664 0.0670664
BinVal : 13 23 0 0 0
BinVal : 13 24 0 0 0
BinVal : 13 25 0 0 0
BinVal : 13 26 0 0 0
BinVal : 13 27 0 0 0
BinVal : 13 28 0 0 0
BinVal : 13 29 0 0 0
BinVal : 14 0 0 0 0
BinVal : 14 1 0 0 0
BinVal : 14 2 0 0 0
BinVal : 14 3 0 0 0
BinVal : 14 4 0 0 0
BinVal : 14 5 0 0 0
BinVal : 14 6 0 0 0
BinVal : 14 7 0.774194 0.0750952 0.0750952
BinVal : 14 8 0.903226 0.0531003 0.0531003
BinVal : 14 9 0.983051 0.0168049 0.0168049
BinVal : 14 10 1 0.0145144 0.0145144
BinVal : 14 11 0.758621 0.0561886 0.0561886
BinVal : 14 12 0.810345 0.0514758 0.0514758
BinVal : 14 13 0.918919 0.0448743 0.0448743
BinVal : 14 14 0.888889 0.0427667 0.0427667
BinVal : 14 15 0.73913 0.0647431 0.0647431
BinVal : 14 16 0.756757 0.0705339 0.0705339
BinVal : 14 17 0.870968 0.0602101 0.0602101
BinVal : 14 18 0.71875 0.0794804 0.0794804
BinVal : 14 19 0.791667 0.0828982 0.0828982
BinVal : 14 20 0.95 0.0344601 0.0344601
BinVal : 14 21 0.972222 0.0273893 0.0273893
BinVal : 14 22 0.717391 0.0663884 0.0663884
BinVal : 14 23 0 0 0
BinVal : 14 24 0 0 0
BinVal : 14 25 0 0 0
BinVal : 14 26 0 0 0
BinVal : 14 27 0 0 0
BinVal : 14 28 0 0 0
BinVal : 14 29 0 0 0
BinVal : 15 0 0 0 0
BinVal : 15 1 0 0 0
BinVal : 15 2 0 0 0
BinVal : 15 3 0 0 0
BinVal : 15 4 0 0 0
BinVal : 15 5 0 0 0
BinVal : 15 6 0 0 0
BinVal : 15 7 0.75 0.0721688 0.0721688
BinVal : 15 8 1 0.0141568 0.0141568
BinVal : 15 9 0.666667 0.0660098 0.0660098
BinVal : 15 10 0.83871 0.0660586 0.0660586
BinVal : 15 11 0.871795 0.0535337 0.0535337
BinVal : 15 12 0.846154 0.0577744 0.0577744
BinVal : 15 13 0.910714 0.0381055 0.0381055
BinVal : 15 14 0.883333 0.0414438 0.0414438
BinVal : 15 15 0.902778 0.0349146 0.0349146
BinVal : 15 16 0.758065 0.0543885 0.0543885
BinVal : 15 17 0.896552 0.0399885 0.0399885
BinVal : 15 18 0.862069 0.0640329 0.0640329
BinVal : 15 19 0.807692 0.077292 0.077292
BinVal : 15 20 0.657895 0.0769602 0.0769602
BinVal : 15 21 0.953488 0.0321147 0.0321147
BinVal : 15 22 0.826087 0.0558856 0.0558856
BinVal : 15 23 0 0 0
BinVal : 15 24 0 0 0
BinVal : 15 25 0 0 0
BinVal : 15 26 0 0 0
BinVal : 15 27 0 0 0
BinVal : 15 28 0 0 0
BinVal : 15 29 0 0 0


Comments : includes prescale inefficiency, cosmic veto applied 
EffMethod : TagAndProbe 
EffName : eff 
EffType : Binned 
EffVarNames : phi deteta 
EffVersion : 3 
ObjQuality : MuFromMuJetsOR 
ObjRelativeTo : tight_trackloose_iso_TopScaledTight 
ObjType : Muon 
ObjVersion : 1 
RunRangeHigh : -1 
RunRangeLow : -1 
TriggerVersionHigh : 15.49 
TriggerVersionLow : 15.22 
BinEdgesX : 0 0.3927 0.7854 1.1781 1.5708 1.9635 2.3562 2.7489 3.1416 3.5343 3.927 4.3197 4.7124 5.1051 5.4978 5.8905 6.2832 
BinEdgesY : -3 -2.8 -2.6 -2.4 -2.2 -2 -1.8 -1.6 -1.4 -1.2 -1 -0.8 -0.6 -0.4 -0.2 0 0.2 0.4 0.6 0.8 1 1.2 1.4 1.6 1.8 2 2.2 2.4 2.6 2.8 3 
BinVal : 0 0 0 0 0
BinVal : 0 1 0 0 0
BinVal : 0 2 0 0 0
BinVal : 0 3 0 0 0
BinVal : 0 4 1 0.218486 0.218486
BinVal : 0 5 0.964286 0.0350707 0.0350707
BinVal : 0 6 0.966667 0.0327731 0.0327731
BinVal : 0 7 0.962963 0.0256996 0.0256996
BinVal : 0 8 0.8875 0.0353277 0.0353277
BinVal : 0 9 0.833333 0.0458735 0.0458735
BinVal : 0 10 0.907407 0.039445 0.039445
BinVal : 0 11 0.890909 0.0420368 0.0420368
BinVal : 0 12 0.948276 0.0290804 0.0290804
BinVal : 0 13 0.974684 0.0176734 0.0176734
BinVal : 0 14 0.978723 0.0148839 0.0148839
BinVal : 0 15 0.975 0.0174553 0.0174553
BinVal : 0 16 0.885714 0.0380271 0.0380271
BinVal : 0 17 0.947368 0.0295764 0.0295764
BinVal : 0 18 0.880597 0.0396149 0.0396149
BinVal : 0 19 0.876923 0.0407486 0.0407486
BinVal : 0 20 0.859375 0.0434543 0.0434543
BinVal : 0 21 0.982759 0.0170921 0.0170921
BinVal : 0 22 0.942308 0.0323336 0.0323336
BinVal : 0 23 0.833333 0.062113 0.062113
BinVal : 0 24 0.857143 0.0591485 0.0591485
BinVal : 0 25 0 0 0
BinVal : 0 26 0 0 0
BinVal : 0 27 0 0 0
BinVal : 0 28 0 0 0
BinVal : 0 29 0 0 0
BinVal : 1 0 0 0 0
BinVal : 1 1 0 0 0
BinVal : 1 2 0 0 0
BinVal : 1 3 0 0 0
BinVal : 1 4 0 0 0
BinVal : 1 5 0.941176 0.0570672 0.0570672
BinVal : 1 6 0.96875 0.0307578 0.0307578
BinVal : 1 7 0.94 0.0335857 0.0335857
BinVal : 1 8 0.925926 0.0356389 0.0356389
BinVal : 1 9 0.962963 0.0256996 0.0256996
BinVal : 1 10 0.871795 0.0535337 0.0535337
BinVal : 1 11 0.91358 0.0312203 0.0312203
BinVal : 1 12 0.947368 0.0256139 0.0256139
BinVal : 1 13 0.982143 0.017697 0.017697
BinVal : 1 14 1 0.00679159 0.00679159
BinVal : 1 15 1 0.00648546 0.00648546
BinVal : 1 16 0.848485 0.0441345 0.0441345
BinVal : 1 17 0.898551 0.0363472 0.0363472
BinVal : 1 18 0.859155 0.0412836 0.0412836
BinVal : 1 19 0.85 0.0564579 0.0564579
BinVal : 1 20 0.974359 0.017897 0.017897
BinVal : 1 21 0.927273 0.0350164 0.0350164
BinVal : 1 22 0.977778 0.0219739 0.0219739
BinVal : 1 23 0.939394 0.041536 0.041536
BinVal : 1 24 0.884615 0.0626563 0.0626563
BinVal : 1 25 0 0 0
BinVal : 1 26 0 0 0
BinVal : 1 27 0 0 0
BinVal : 1 28 0 0 0
BinVal : 1 29 0 0 0
BinVal : 2 0 0 0 0
BinVal : 2 1 0 0 0
BinVal : 2 2 0 0 0
BinVal : 2 3 0 0 0
BinVal : 2 4 0 0 0
BinVal : 2 5 1 0.0456491 0.0456491
BinVal : 2 6 1 0.0293374 0.0293374
BinVal : 2 7 0.942857 0.0392347 0.0392347
BinVal : 2 8 0.977778 0.0219739 0.0219739
BinVal : 2 9 0.964912 0.0243716 0.0243716
BinVal : 2 10 0.842105 0.0591528 0.0591528
BinVal : 2 11 0.883333 0.0414438 0.0414438
BinVal : 2 12 0.949153 0.0286007 0.0286007
BinVal : 2 13 0.938776 0.0342488 0.0342488
BinVal : 2 14 0.969697 0.0211003 0.0211003
BinVal : 2 15 0.944444 0.0311713 0.0311713
BinVal : 2 16 0.723404 0.0652476 0.0652476
BinVal : 2 17 0.942308 0.0323336 0.0323336
BinVal : 2 18 0.844444 0.0540284 0.0540284
BinVal : 2 19 0.791667 0.0828982 0.0828982
BinVal : 2 20 0.97619 0.0235244 0.0235244
BinVal : 2 21 1 0.0126033 0.0126033
BinVal : 2 22 0.972973 0.0266593 0.0266593
BinVal : 2 23 0.962963 0.0363447 0.0363447
BinVal : 2 24 1 0.102643 0.102643
BinVal : 2 25 0 0 0
BinVal : 2 26 0 0 0
BinVal : 2 27 0 0 0
BinVal : 2 28 0 0 0
BinVal : 2 29 0 0 0
BinVal : 3 0 0 0 0
BinVal : 3 1 0 0 0
BinVal : 3 2 0 0 0
BinVal : 3 3 0 0 0
BinVal : 3 4 1 0.218486 0.218486
BinVal : 3 5 0.833333 0.152145 0.152145
BinVal : 3 6 0.9375 0.0605154 0.0605154
BinVal : 3 7 1 0.0224566 0.0224566
BinVal : 3 8 1 0.0309157 0.0309157
BinVal : 3 9 0.666667 0.102869 0.102869
BinVal : 3 10 0.866667 0.0877707 0.0877707
BinVal : 3 11 0.882353 0.0781425 0.0781425
BinVal : 3 12 0.941176 0.0570672 0.0570672
BinVal : 3 13 0.896552 0.0565523 0.0565523
BinVal : 3 14 0.911765 0.0486433 0.0486433
BinVal : 3 15 0.96875 0.0307578 0.0307578
BinVal : 3 16 0.735294 0.0756611 0.0756611
BinVal : 3 17 0.966667 0.0327731 0.0327731
BinVal : 3 18 1 0.0181909 0.0181909
BinVal : 3 19 1 0.0456491 0.0456491
BinVal : 3 20 0.733333 0.11418 0.11418
BinVal : 3 21 1 0.0279117 0.0279117
BinVal : 3 22 0.956522 0.0425226 0.0425226
BinVal : 3 23 1 0.0279117 0.0279117
BinVal : 3 24 0.846154 0.100068 0.100068
BinVal : 3 25 0 0 0
BinVal : 3 26 0 0 0
BinVal : 3 27 0 0 0
BinVal : 3 28 0 0 0
BinVal : 3 29 0 0 0
BinVal : 4 0 0 0 0
BinVal : 4 1 0 0 0
BinVal : 4 2 0 0 0
BinVal : 4 3 0 0 0
BinVal : 4 4 0 0 0
BinVal : 4 5 1 0.0542655 0.0542655
BinVal : 4 6 0.928571 0.0688303 0.0688303
BinVal : 4 7 0.928571 0.0486704 0.0486704
BinVal : 4 8 0.965517 0.033883 0.033883
BinVal : 4 9 0.92 0.0542586 0.0542586
BinVal : 4 10 0.636364 0.102559 0.102559
BinVal : 4 11 1 0.0293374 0.0293374
BinVal : 4 12 0.8125 0.0689981 0.0689981
BinVal : 4 13 0.964286 0.0350707 0.0350707
BinVal : 4 14 0.903226 0.0531003 0.0531003
BinVal : 4 15 0.896552 0.0565523 0.0565523
BinVal : 4 16 0.722222 0.105572 0.105572
BinVal : 4 17 0.967742 0.0317335 0.0317335
BinVal : 4 18 0.888889 0.0740741 0.0740741
BinVal : 4 19 0.888889 0.0740741 0.0740741
BinVal : 4 20 0.88 0.0649923 0.0649923
BinVal : 4 21 1 0.0293374 0.0293374
BinVal : 4 22 0.952381 0.0464714 0.0464714
BinVal : 4 23 0.928571 0.0688303 0.0688303
BinVal : 4 24 0.888889 0.104757 0.104757
BinVal : 4 25 0 0 0
BinVal : 4 26 0 0 0
BinVal : 4 27 0 0 0
BinVal : 4 28 0 0 0
BinVal : 4 29 0 0 0
BinVal : 5 0 0 0 0
BinVal : 5 1 0 0 0
BinVal : 5 2 0 0 0
BinVal : 5 3 0 0 0
BinVal : 5 4 0 0 0
BinVal : 5 5 1 0.0599198 0.0599198
BinVal : 5 6 0.862069 0.0640329 0.0640329
BinVal : 5 7 0.942857 0.0392347 0.0392347
BinVal : 5 8 1 0.0105252 0.0105252
BinVal : 5 9 0.923077 0.0369527 0.0369527
BinVal : 5 10 0.75 0.0684653 0.0684653
BinVal : 5 11 0.714286 0.0645363 0.0645363
BinVal : 5 12 1 0.00997686 0.00997686
BinVal : 5 13 0.714286 0.0645363 0.0645363
BinVal : 5 14 0.957143 0.0242076 0.0242076
BinVal : 5 15 0.888889 0.0395943 0.0395943
BinVal : 5 16 0.705882 0.0638031 0.0638031
BinVal : 5 17 0.860465 0.0528413 0.0528413
BinVal : 5 18 0.8 0.0632455 0.0632455
BinVal : 5 19 0.931035 0.0470544 0.0470544
BinVal : 5 20 0.854167 0.0509424 0.0509424
BinVal : 5 21 0.97561 0.024091 0.024091
BinVal : 5 22 0.90625 0.051527 0.051527
BinVal : 5 23 0.894737 0.0704059 0.0704059
BinVal : 5 24 1 0.102643 0.102643
BinVal : 5 25 0 0 0
BinVal : 5 26 0 0 0
BinVal : 5 27 0 0 0
BinVal : 5 28 0 0 0
BinVal : 5 29 0 0 0
BinVal : 6 0 0 0 0
BinVal : 6 1 0 0 0
BinVal : 6 2 0 0 0
BinVal : 6 3 0 0 0
BinVal : 6 4 0 0 0
BinVal : 6 5 1 0.0668855 0.0668855
BinVal : 6 6 0.909091 0.0500438 0.0500438
BinVal : 6 7 0.96 0.0277128 0.0277128
BinVal : 6 8 0.984615 0.0152658 0.0152658
BinVal : 6 9 0.985714 0.0141833 0.0141833
BinVal : 6 10 0.653061 0.0679994 0.0679994
BinVal : 6 11 0.40678 0.0639531 0.0639531
BinVal : 6 12 0.563636 0.0668717 0.0668717
BinVal : 6 13 0.842105 0.0418273 0.0418273
BinVal : 6 14 0.911111 0.0299977 0.0299977
BinVal : 6 15 0.978022 0.0153691 0.0153691
BinVal : 6 16 0.875 0.0413399 0.0413399
BinVal : 6 17 0.970588 0.0204891 0.0204891
BinVal : 6 18 0.890411 0.0365609 0.0365609
BinVal : 6 19 0.918367 0.0391149 0.0391149
BinVal : 6 20 0.986111 0.0137921 0.0137921
BinVal : 6 21 0.909091 0.0433392 0.0433392
BinVal : 6 22 0.94 0.0335857 0.0335857
BinVal : 6 23 0.96875 0.0307578 0.0307578
BinVal : 6 24 1 0.0668855 0.0668855
BinVal : 6 25 0 0 0
BinVal : 6 26 0 0 0
BinVal : 6 27 0 0 0
BinVal : 6 28 0 0 0
BinVal : 6 29 0 0 0
BinVal : 7 0 0 0 0
BinVal : 7 1 0 0 0
BinVal : 7 2 0 0 0
BinVal : 7 3 0 0 0
BinVal : 7 4 0 0 0
BinVal : 7 5 1 0.0216126 0.0216126
BinVal : 7 6 0.96 0.0277128 0.0277128
BinVal : 7 7 0.945455 0.0306209 0.0306209
BinVal : 7 8 0.970588 0.0204891 0.0204891
BinVal : 7 9 0.660714 0.0632697 0.0632697
BinVal : 7 10 0.439024 0.077504 0.077504
BinVal : 7 11 0.311111 0.0690122 0.0690122
BinVal : 7 12 0.569444 0.0583545 0.0583545
BinVal : 7 13 0.951456 0.0211759 0.0211759
BinVal : 7 14 0.920792 0.0268723 0.0268723
BinVal : 7 15 1 0.0065589 0.0065589
BinVal : 7 16 0.940594 0.023521 0.023521
BinVal : 7 17 0.940476 0.0258154 0.0258154
BinVal : 7 18 0.784615 0.0509893 0.0509893
BinVal : 7 19 0.787879 0.0503211 0.0503211
BinVal : 7 20 0.787879 0.0503211 0.0503211
BinVal : 7 21 0.933333 0.0322031 0.0322031
BinVal : 7 22 0.979167 0.0206152 0.0206152
BinVal : 7 23 1 0.0141568 0.0141568
BinVal : 7 24 1 0.0254407 0.0254407
BinVal : 7 25 0 0 0
BinVal : 7 26 0 0 0
BinVal : 7 27 0 0 0
BinVal : 7 28 0 0 0
BinVal : 7 29 0 0 0
BinVal : 8 0 0 0 0
BinVal : 8 1 0 0 0
BinVal : 8 2 0 0 0
BinVal : 8 3 0 0 0
BinVal : 8 4 1 0.218486 0.218486
BinVal : 8 5 0.956522 0.0425226 0.0425226
BinVal : 8 6 0.965517 0.0239589 0.0239589
BinVal : 8 7 1 0.0103354 0.0103354
BinVal : 8 8 0.958333 0.0235498 0.0235498
BinVal : 8 9 0.644068 0.0623338 0.0623338
BinVal : 8 10 0.339286 0.0632697 0.0632697
BinVal : 8 11 0.483871 0.063467 0.063467
BinVal : 8 12 0.416667 0.0581014 0.0581014
BinVal : 8 13 0.931818 0.0268694 0.0268694
BinVal : 8 14 0.943925 0.0222413 0.0222413
BinVal : 8 15 0.990291 0.00966149 0.00966149
BinVal : 8 16 0.932584 0.0265785 0.0265785
BinVal : 8 17 0.940298 0.028946 0.028946
BinVal : 8 18 0.867647 0.0410945 0.0410945
BinVal : 8 19 0.875 0.0441942 0.0441942
BinVal : 8 20 0.777778 0.0523783 0.0523783
BinVal : 8 21 0.910448 0.0348842 0.0348842
BinVal : 8 22 1 0.0105252 0.0105252
BinVal : 8 23 0.969697 0.0298404 0.0298404
BinVal : 8 24 0.92 0.0542586 0.0542586
BinVal : 8 25 0 0 0
BinVal : 8 26 0 0 0
BinVal : 8 27 0 0 0
BinVal : 8 28 0 0 0
BinVal : 8 29 0 0 0
BinVal : 9 0 0 0 0
BinVal : 9 1 0 0 0
BinVal : 9 2 0 0 0
BinVal : 9 3 0 0 0
BinVal : 9 4 0 0 0
BinVal : 9 5 1 0.0309157 0.0309157
BinVal : 9 6 0.971429 0.0281603 0.0281603
BinVal : 9 7 0.964912 0.0243716 0.0243716
BinVal : 9 8 0.942857 0.0277431 0.0277431
BinVal : 9 9 0.974026 0.0181263 0.0181263
BinVal : 9 10 0.575758 0.086034 0.086034
BinVal : 9 11 0.40678 0.0639531 0.0639531
BinVal : 9 12 0.357143 0.0572703 0.0572703
BinVal : 9 13 0.72973 0.0516255 0.0516255
BinVal : 9 14 0.888889 0.037037 0.037037
BinVal : 9 15 0.979592 0.0142827 0.0142827
BinVal : 9 16 0.884615 0.0361746 0.0361746
BinVal : 9 17 0.882353 0.0390712 0.0390712
BinVal : 9 18 0.785714 0.0490433 0.0490433
BinVal : 9 19 0.85 0.0460977 0.0460977
BinVal : 9 20 1 0.00802565 0.00802565
BinVal : 9 21 0.980769 0.019045 0.019045
BinVal : 9 22 0.951219 0.0336412 0.0336412
BinVal : 9 23 0.888889 0.0523783 0.0523783
BinVal : 9 24 0.928571 0.0688303 0.0688303
BinVal : 9 25 0 0 0
BinVal : 9 26 0 0 0
BinVal : 9 27 0 0 0
BinVal : 9 28 0 0 0
BinVal : 9 29 0 0 0
BinVal : 10 0 0 0 0
BinVal : 10 1 0 0 0
BinVal : 10 2 0 0 0
BinVal : 10 3 0 0 0
BinVal : 10 4 0 0 0
BinVal : 10 5 1 0.0422902 0.0422902
BinVal : 10 6 1 0.0233703 0.0233703
BinVal : 10 7 0.979592 0.0201988 0.0201988
BinVal : 10 8 0.984615 0.0152658 0.0152658
BinVal : 10 9 0.904762 0.0640564 0.0640564
BinVal : 10 10 0.875 0.0675077 0.0675077
BinVal : 10 11 0.75 0.216506 0.216506
BinVal : 10 12 0.854839 0.0447375 0.0447375
BinVal : 10 13 0.927273 0.0350164 0.0350164
BinVal : 10 14 0.950617 0.024074 0.024074
BinVal : 10 15 0.980198 0.0138628 0.0138628
BinVal : 10 16 0.971014 0.0201966 0.0201966
BinVal : 10 17 0.883721 0.0488848 0.0488848
BinVal : 10 18 0.75 0.108253 0.108253
BinVal : 10 19 0.923077 0.0522589 0.0522589
BinVal : 10 20 0.636364 0.145041 0.145041
BinVal : 10 21 0.963636 0.0252411 0.0252411
BinVal : 10 22 0.941176 0.0329478 0.0329478
BinVal : 10 23 0.825 0.0600781 0.0600781
BinVal : 10 24 0.875 0.0826797 0.0826797
BinVal : 10 25 1 0.159077 0.159077
BinVal : 10 26 0 0 0
BinVal : 10 27 0 0 0
BinVal : 10 28 0 0 0
BinVal : 10 29 0 0 0
BinVal : 11 0 0 0 0
BinVal : 11 1 0 0 0
BinVal : 11 2 0 0 0
BinVal : 11 3 0 0 0
BinVal : 11 4 0.714286 0.170747 0.170747
BinVal : 11 5 0.857143 0.06613 0.06613
BinVal : 11 6 0.941176 0.0403526 0.0403526
BinVal : 11 7 0.952381 0.0328603 0.0328603
BinVal : 11 8 0.972222 0.0273893 0.0273893
BinVal : 11 9 1 0.159077 0.159077
BinVal : 11 10 0 0 0
BinVal : 11 11 0 0 0
BinVal : 11 12 0 0 0
BinVal : 11 13 0 0 0
BinVal : 11 14 0 0 0
BinVal : 11 15 1 0.218486 0.218486
BinVal : 11 16 0 0 0
BinVal : 11 17 0 0 0
BinVal : 11 18 0 0 0
BinVal : 11 19 0 0 0
BinVal : 11 20 1 0.218486 0.218486
BinVal : 11 21 0.770833 0.0606646 0.0606646
BinVal : 11 22 0.921875 0.033546 0.033546
BinVal : 11 23 0.945946 0.0371746 0.0371746
BinVal : 11 24 1 0.0181909 0.0181909
BinVal : 11 25 0.5 0.353553 0.353553
BinVal : 11 26 0 0 0
BinVal : 11 27 0 0 0
BinVal : 11 28 0 0 0
BinVal : 11 29 0 0 0
BinVal : 12 0 0 0 0
BinVal : 12 1 0 0 0
BinVal : 12 2 0 0 0
BinVal : 12 3 0 0 0
BinVal : 12 4 1 0.218486 0.218486
BinVal : 12 5 1 0.0194201 0.0194201
BinVal : 12 6 0.869565 0.0496557 0.0496557
BinVal : 12 7 0.925926 0.0356389 0.0356389
BinVal : 12 8 0.926829 0.0406702 0.0406702
BinVal : 12 9 0 0 0
BinVal : 12 10 0 0 0
BinVal : 12 11 0 0 0
BinVal : 12 12 0 0 0
BinVal : 12 13 0 0 0
BinVal : 12 14 0 0 0
BinVal : 12 15 0 0 0
BinVal : 12 16 0 0 0
BinVal : 12 17 1 0.218486 0.218486
BinVal : 12 18 0 0 0
BinVal : 12 19 0 0 0
BinVal : 12 20 0 0 0
BinVal : 12 21 0.926829 0.0406702 0.0406702
BinVal : 12 22 0.984848 0.0150363 0.0150363
BinVal : 12 23 0.939394 0.041536 0.041536
BinVal : 12 24 0.92 0.0542586 0.0542586
BinVal : 12 25 1 0.159077 0.159077
BinVal : 12 26 0 0 0
BinVal : 12 27 0 0 0
BinVal : 12 28 0 0 0
BinVal : 12 29 0 0 0
BinVal : 13 0 0 0 0
BinVal : 13 1 0 0 0
BinVal : 13 2 0 0 0
BinVal : 13 3 0 0 0
BinVal : 13 4 0 0 0
BinVal : 13 5 0.9 0.067082 0.067082
BinVal : 13 6 0.93617 0.0356566 0.0356566
BinVal : 13 7 0.883333 0.0414438 0.0414438
BinVal : 13 8 0.957143 0.0242076 0.0242076
BinVal : 13 9 0.923077 0.0522589 0.0522589
BinVal : 13 10 0.848485 0.0624156 0.0624156
BinVal : 13 11 0.777778 0.13858 0.13858
BinVal : 13 12 0.890625 0.0390136 0.0390136
BinVal : 13 13 0.977273 0.0224675 0.0224675
BinVal : 13 14 0.914894 0.0407022 0.0407022
BinVal : 13 15 0.955556 0.0307207 0.0307207
BinVal : 13 16 0.914894 0.0407022 0.0407022
BinVal : 13 17 0.862745 0.0481859 0.0481859
BinVal : 13 18 0.714286 0.170747 0.170747
BinVal : 13 19 0.75 0.0818317 0.0818317
BinVal : 13 20 0.85 0.0798436 0.0798436
BinVal : 13 21 0.964912 0.0243716 0.0243716
BinVal : 13 22 0.977778 0.0219739 0.0219739
BinVal : 13 23 0.944444 0.0381769 0.0381769
BinVal : 13 24 0.909091 0.0866784 0.0866784
BinVal : 13 25 0 0 0
BinVal : 13 26 0 0 0
BinVal : 13 27 0 0 0
BinVal : 13 28 0 0 0
BinVal : 13 29 0 0 0
BinVal : 14 0 0 0 0
BinVal : 14 1 0 0 0
BinVal : 14 2 0 0 0
BinVal : 14 3 0 0 0
BinVal : 14 4 0 0 0
BinVal : 14 5 0.833333 0.152145 0.152145
BinVal : 14 6 0.888889 0.0604812 0.0604812
BinVal : 14 7 0.9 0.0474342 0.0474342
BinVal : 14 8 0.960784 0.0271805 0.0271805
BinVal : 14 9 0.956522 0.0245504 0.0245504
BinVal : 14 10 0.76087 0.0628917 0.0628917
BinVal : 14 11 0.819672 0.0492251 0.0492251
BinVal : 14 12 0.916667 0.0356812 0.0356812
BinVal : 14 13 0.916667 0.0356812 0.0356812
BinVal : 14 14 0.945205 0.0266361 0.0266361
BinVal : 14 15 0.830986 0.0444763 0.0444763
BinVal : 14 16 0.867925 0.0465066 0.0465066
BinVal : 14 17 0.863636 0.0422418 0.0422418
BinVal : 14 18 0.875 0.0522913 0.0522913
BinVal : 14 19 0.75 0.0721688 0.0721688
BinVal : 14 20 0.974026 0.0181263 0.0181263
BinVal : 14 21 0.951219 0.0336412 0.0336412
BinVal : 14 22 0.934783 0.0364048 0.0364048
BinVal : 14 23 0.941176 0.0403526 0.0403526
BinVal : 14 24 1 0.0326734 0.0326734
BinVal : 14 25 0 0 0
BinVal : 14 26 0 0 0
BinVal : 14 27 0 0 0
BinVal : 14 28 0 0 0
BinVal : 14 29 0 0 0
BinVal : 15 0 0 0 0
BinVal : 15 1 0 0 0
BinVal : 15 2 0 0 0
BinVal : 15 3 0 0 0
BinVal : 15 4 0 0 0
BinVal : 15 5 1 0.0326734 0.0326734
BinVal : 15 6 0.888889 0.0604812 0.0604812
BinVal : 15 7 1 0.0113578 0.0113578
BinVal : 15 8 1 0.00948286 0.00948286
BinVal : 15 9 0.744186 0.0665378 0.0665378
BinVal : 15 10 0.933333 0.0288033 0.0288033
BinVal : 15 11 0.9375 0.0302577 0.0302577
BinVal : 15 12 0.986842 0.013071 0.013071
BinVal : 15 13 0.985714 0.0141833 0.0141833
BinVal : 15 14 0.967742 0.0183214 0.0183214
BinVal : 15 15 0.977273 0.0158869 0.0158869
BinVal : 15 16 0.892308 0.0384497 0.0384497
BinVal : 15 17 0.966667 0.0231741 0.0231741
BinVal : 15 18 0.851852 0.048343 0.048343
BinVal : 15 19 0.813953 0.0593439 0.0593439
BinVal : 15 20 0.721311 0.0574058 0.0574058
BinVal : 15 21 0.951613 0.027252 0.027252
BinVal : 15 22 1 0.00802565 0.00802565
BinVal : 15 23 1 0.0131822 0.0131822
BinVal : 15 24 0.884615 0.0626563 0.0626563
BinVal : 15 25 1 0.124824 0.124824
BinVal : 15 26 0 0 0
BinVal : 15 27 0 0 0
BinVal : 15 28 0 0 0
BinVal : 15 29 0 0 0


Comments : includes prescale inefficiency, cosmic veto applied 
EffMethod : TagAndProbe 
EffName : eff 
EffType : Binned 
EffVarNames : phi deteta 
EffVersion : 3 
ObjQuality : MuFromMuJetsOR 
ObjRelativeTo : tight_trackloose_iso_TopScaledTight 
ObjType : Muon 
ObjVersion : 1 
RunRangeHigh : -1 
RunRangeLow : -1 
TriggerVersionHigh : 15.89 
TriggerVersionLow : 15.5 
BinEdgesX : 0 0.3927 0.7854 1.1781 1.5708 1.9635 2.3562 2.7489 3.1416 3.5343 3.927 4.3197 4.7124 5.1051 5.4978 5.8905 6.2832 
BinEdgesY : -3 -2.8 -2.6 -2.4 -2.2 -2 -1.8 -1.6 -1.4 -1.2 -1 -0.8 -0.6 -0.4 -0.2 0 0.2 0.4 0.6 0.8 1 1.2 1.4 1.6 1.8 2 2.2 2.4 2.6 2.8 3 
BinVal : 0 0 0 0 0
BinVal : 0 1 0 0 0
BinVal : 0 2 0 0 0
BinVal : 0 3 0 0 0
BinVal : 0 4 1 0.159077 0.159077
BinVal : 0 5 0.951613 0.027252 0.027252
BinVal : 0 6 0.980769 0.0134668 0.0134668
BinVal : 0 7 0.898305 0.0278241 0.0278241
BinVal : 0 8 0.920863 0.022897 0.022897
BinVal : 0 9 0.861842 0.0279885 0.0279885
BinVal : 0 10 0.895522 0.0215751 0.0215751
BinVal : 0 11 0.91358 0.0220761 0.0220761
BinVal : 0 12 0.957576 0.015691 0.015691
BinVal : 0 13 0.959641 0.0131786 0.0131786
BinVal : 0 14 0.976303 0.0104712 0.0104712
BinVal : 0 15 0.991071 0.00628521 0.00628521
BinVal : 0 16 0.89418 0.0223751 0.0223751
BinVal : 0 17 0.942529 0.017644 0.017644
BinVal : 0 18 0.917241 0.0228804 0.0228804
BinVal : 0 19 0.816 0.0346576 0.0346576
BinVal : 0 20 0.78481 0.0326937 0.0326937
BinVal : 0 21 0.96875 0.0137553 0.0137553
BinVal : 0 22 0.940171 0.0219264 0.0219264
BinVal : 0 23 0.955556 0.0217228 0.0217228
BinVal : 0 24 0.973333 0.0186031 0.0186031
BinVal : 0 25 1 0.102643 0.102643
BinVal : 0 26 0 0 0
BinVal : 0 27 0 0 0
BinVal : 0 28 0 0 0
BinVal : 0 29 0 0 0
BinVal : 1 0 0 0 0
BinVal : 1 1 0 0 0
BinVal : 1 2 0 0 0
BinVal : 1 3 0 0 0
BinVal : 1 4 1 0.218486 0.218486
BinVal : 1 5 0.818182 0.0581456 0.0581456
BinVal : 1 6 0.833333 0.0421975 0.0421975
BinVal : 1 7 0.902655 0.0278855 0.0278855
BinVal : 1 8 0.858108 0.0286826 0.0286826
BinVal : 1 9 0.96129 0.0154943 0.0154943
BinVal : 1 10 0.847458 0.0330989 0.0330989
BinVal : 1 11 0.921875 0.0193678 0.0193678
BinVal : 1 12 0.923077 0.0213346 0.0213346
BinVal : 1 13 0.939891 0.0175705 0.0175705
BinVal : 1 14 0.976959 0.0101851 0.0101851
BinVal : 1 15 0.975124 0.0109855 0.0109855
BinVal : 1 16 0.886792 0.0251275 0.0251275
BinVal : 1 17 0.947059 0.0171736 0.0171736
BinVal : 1 18 0.869565 0.0248278 0.0248278
BinVal : 1 19 0.747899 0.0398048 0.0398048
BinVal : 1 20 0.90604 0.0239029 0.0239029
BinVal : 1 21 0.964029 0.0157948 0.0157948
BinVal : 1 22 0.946154 0.0197964 0.0197964
BinVal : 1 23 0.941176 0.0232976 0.0232976
BinVal : 1 24 0.918919 0.0448743 0.0448743
BinVal : 1 25 1 0.218486 0.218486
BinVal : 1 26 0 0 0
BinVal : 1 27 0 0 0
BinVal : 1 28 0 0 0
BinVal : 1 29 0 0 0
BinVal : 2 0 0 0 0
BinVal : 2 1 0 0 0
BinVal : 2 2 0 0 0
BinVal : 2 3 0 0 0
BinVal : 2 4 0 0 0
BinVal : 2 5 0.894737 0.0704059 0.0704059
BinVal : 2 6 0.913793 0.0368537 0.0368537
BinVal : 2 7 0.946809 0.0231467 0.0231467
BinVal : 2 8 0.934066 0.026015 0.026015
BinVal : 2 9 0.939394 0.0239808 0.0239808
BinVal : 2 10 0.820895 0.0468446 0.0468446
BinVal : 2 11 0.898305 0.0278241 0.0278241
BinVal : 2 12 0.945455 0.0216523 0.0216523
BinVal : 2 13 0.782609 0.0384631 0.0384631
BinVal : 2 14 0.971831 0.0138847 0.0138847
BinVal : 2 15 0.94964 0.0185487 0.0185487
BinVal : 2 16 0.924528 0.0256566 0.0256566
BinVal : 2 17 0.934066 0.026015 0.026015
BinVal : 2 18 0.85 0.0357071 0.0357071
BinVal : 2 19 0.666667 0.0544331 0.0544331
BinVal : 2 20 0.972973 0.0153918 0.0153918
BinVal : 2 21 0.956044 0.0214896 0.0214896
BinVal : 2 22 0.928571 0.0307818 0.0307818
BinVal : 2 23 0.882353 0.0451156 0.0451156
BinVal : 2 24 1 0.0293374 0.0293374
BinVal : 2 25 0 0 0
BinVal : 2 26 0 0 0
BinVal : 2 27 0 0 0
BinVal : 2 28 0 0 0
BinVal : 2 29 0 0 0
BinVal : 3 0 0 0 0
BinVal : 3 1 0 0 0
BinVal : 3 2 0 0 0
BinVal : 3 3 0 0 0
BinVal : 3 4 0 0 0
BinVal : 3 5 0.954545 0.0444095 0.0444095
BinVal : 3 6 0.921053 0.0437441 0.0437441
BinVal : 3 7 1 0.0148902 0.0148902
BinVal : 3 8 1 0.012074 0.012074
BinVal : 3 9 0.688889 0.0690122 0.0690122
BinVal : 3 10 0.829787 0.0548189 0.0548189
BinVal : 3 11 0.814815 0.052861 0.052861
BinVal : 3 12 0.977273 0.0224675 0.0224675
BinVal : 3 13 0.809524 0.0494726 0.0494726
BinVal : 3 14 0.969697 0.0211003 0.0211003
BinVal : 3 15 1 0.0083766 0.0083766
BinVal : 3 16 0.890411 0.0365609 0.0365609
BinVal : 3 17 0.977273 0.0224675 0.0224675
BinVal : 3 18 0.9 0.0424264 0.0424264
BinVal : 3 19 0.803571 0.053091 0.053091
BinVal : 3 20 0.72973 0.0730095 0.0730095
BinVal : 3 21 0.961538 0.0266683 0.0266683
BinVal : 3 22 1 0.012074 0.012074
BinVal : 3 23 0.970588 0.028976 0.028976
BinVal : 3 24 0.892857 0.0584512 0.0584512
BinVal : 3 25 0 0 0
BinVal : 3 26 0 0 0
BinVal : 3 27 0 0 0
BinVal : 3 28 0 0 0
BinVal : 3 29 0 0 0
BinVal : 4 0 0 0 0
BinVal : 4 1 0 0 0
BinVal : 4 2 0 0 0
BinVal : 4 3 0 0 0
BinVal : 4 4 0.75 0.216506 0.216506
BinVal : 4 5 0.923077 0.0522589 0.0522589
BinVal : 4 6 0.971429 0.0281603 0.0281603
BinVal : 4 7 0.948718 0.0353199 0.0353199
BinVal : 4 8 0.945455 0.0306209 0.0306209
BinVal : 4 9 0.666667 0.0860663 0.0860663
BinVal : 4 10 0.794872 0.064659 0.064659
BinVal : 4 11 0.822581 0.048517 0.048517
BinVal : 4 12 0.877551 0.0468291 0.0468291
BinVal : 4 13 0.953846 0.0260247 0.0260247
BinVal : 4 14 0.910448 0.0348842 0.0348842
BinVal : 4 15 0.972603 0.0191056 0.0191056
BinVal : 4 16 0.846154 0.0577744 0.0577744
BinVal : 4 17 0.981132 0.0186891 0.0186891
BinVal : 4 18 0.88 0.0459565 0.0459565
BinVal : 4 19 0.894737 0.0497845 0.0497845
BinVal : 4 20 0.755556 0.0640644 0.0640644
BinVal : 4 21 0.980769 0.019045 0.019045
BinVal : 4 22 0.980392 0.0194147 0.0194147
BinVal : 4 23 1 0.018786 0.018786
BinVal : 4 24 0.947368 0.0512278 0.0512278
BinVal : 4 25 0 0 0
BinVal : 4 26 0 0 0
BinVal : 4 27 0 0 0
BinVal : 4 28 0 0 0
BinVal : 4 29 0 0 0
BinVal : 5 0 0 0 0
BinVal : 5 1 0 0 0
BinVal : 5 2 0 0 0
BinVal : 5 3 0 0 0
BinVal : 5 4 0 0 0
BinVal : 5 5 0.933333 0.0644061 0.0644061
BinVal : 5 6 0.87931 0.0427752 0.0427752
BinVal : 5 7 0.953125 0.0264214 0.0264214
BinVal : 5 8 0.969388 0.0174014 0.0174014
BinVal : 5 9 0.901786 0.0281209 0.0281209
BinVal : 5 10 0.873563 0.0356307 0.0356307
BinVal : 5 11 0.833333 0.0324375 0.0324375
BinVal : 5 12 0.971963 0.0159589 0.0159589
BinVal : 5 13 0.95082 0.0195778 0.0195778
BinVal : 5 14 0.965753 0.015051 0.015051
BinVal : 5 15 0.962687 0.0163728 0.0163728
BinVal : 5 16 0.90566 0.0283907 0.0283907
BinVal : 5 17 0.949495 0.0220088 0.0220088
BinVal : 5 18 0.850649 0.0287223 0.0287223
BinVal : 5 19 0.858696 0.0363165 0.0363165
BinVal : 5 20 0.8 0.0350823 0.0350823
BinVal : 5 21 0.901235 0.0331496 0.0331496
BinVal : 5 22 0.776471 0.0451877 0.0451877
BinVal : 5 23 0.9 0.0424264 0.0424264
BinVal : 5 24 0.714286 0.170747 0.170747
BinVal : 5 25 1 0.218486 0.218486
BinVal : 5 26 0 0 0
BinVal : 5 27 0 0 0
BinVal : 5 28 0 0 0
BinVal : 5 29 0 0 0
BinVal : 6 0 0 0 0
BinVal : 6 1 0 0 0
BinVal : 6 2 0 0 0
BinVal : 6 3 0 0 0
BinVal : 6 4 0 0 0
BinVal : 6 5 1 0.0161462 0.0161462
BinVal : 6 6 0.883333 0.0414438 0.0414438
BinVal : 6 7 0.947368 0.0209137 0.0209137
BinVal : 6 8 0.954887 0.017997 0.017997
BinVal : 6 9 0.943548 0.0207257 0.0207257
BinVal : 6 10 0.868613 0.0288622 0.0288622
BinVal : 6 11 0.828767 0.0311769 0.0311769
BinVal : 6 12 0.9125 0.0223388 0.0223388
BinVal : 6 13 0.923077 0.0213346 0.0213346
BinVal : 6 14 0.876238 0.0231702 0.0231702
BinVal : 6 15 0.962162 0.0140282 0.0140282
BinVal : 6 16 0.93038 0.0202474 0.0202474
BinVal : 6 17 0.9375 0.0213954 0.0213954
BinVal : 6 18 0.846626 0.0282246 0.0282246
BinVal : 6 19 0.813008 0.0351566 0.0351566
BinVal : 6 20 0.929688 0.0225985 0.0225985
BinVal : 6 21 0.951219 0.0194228 0.0194228
BinVal : 6 22 0.932039 0.0247987 0.0247987
BinVal : 6 23 0.887097 0.0401923 0.0401923
BinVal : 6 24 0.909091 0.0866784 0.0866784
BinVal : 6 25 0 0 0
BinVal : 6 26 0 0 0
BinVal : 6 27 0 0 0
BinVal : 6 28 0 0 0
BinVal : 6 29 0 0 0
BinVal : 7 0 0 0 0
BinVal : 7 1 0 0 0
BinVal : 7 2 0 0 0
BinVal : 7 3 0 0 0
BinVal : 7 4 1 0.159077 0.159077
BinVal : 7 5 0.981481 0.0183463 0.0183463
BinVal : 7 6 0.95 0.024367 0.024367
BinVal : 7 7 0.959016 0.0179489 0.0179489
BinVal : 7 8 0.97351 0.0130684 0.0130684
BinVal : 7 9 0.8 0.0344265 0.0344265
BinVal : 7 10 0.887324 0.0265346 0.0265346
BinVal : 7 11 0.75 0.0433013 0.0433013
BinVal : 7 12 0.918605 0.0208497 0.0208497
BinVal : 7 13 0.92973 0.0187922 0.0187922
BinVal : 7 14 0.876344 0.0241373 0.0241373
BinVal : 7 15 0.955 0.0146586 0.0146586
BinVal : 7 16 0.917526 0.01975 0.01975
BinVal : 7 17 0.955414 0.016472 0.016472
BinVal : 7 18 0.788079 0.033257 0.033257
BinVal : 7 19 0.841727 0.0309587 0.0309587
BinVal : 7 20 0.775194 0.0367548 0.0367548
BinVal : 7 21 0.962687 0.0163728 0.0163728
BinVal : 7 22 0.984733 0.0107128 0.0107128
BinVal : 7 23 0.952381 0.0232357 0.0232357
BinVal : 7 24 0.956522 0.030068 0.030068
BinVal : 7 25 0 0 0
BinVal : 7 26 0 0 0
BinVal : 7 27 0 0 0
BinVal : 7 28 0 0 0
BinVal : 7 29 0 0 0
BinVal : 8 0 0 0 0
BinVal : 8 1 0 0 0
BinVal : 8 2 0 0 0
BinVal : 8 3 0 0 0
BinVal : 8 4 1 0.159077 0.159077
BinVal : 8 5 0.944444 0.0381769 0.0381769
BinVal : 8 6 0.933333 0.0288033 0.0288033
BinVal : 8 7 0.989899 0.0100499 0.0100499
BinVal : 8 8 0.985507 0.0101734 0.0101734
BinVal : 8 9 0.735294 0.0378306 0.0378306
BinVal : 8 10 0.846154 0.0301717 0.0301717
BinVal : 8 11 0.878788 0.0284072 0.0284072
BinVal : 8 12 0.928571 0.0190901 0.0190901
BinVal : 8 13 0.929515 0.0169888 0.0169888
BinVal : 8 14 0.915423 0.0196263 0.0196263
BinVal : 8 15 0.961864 0.0124671 0.0124671
BinVal : 8 16 0.951456 0.0149736 0.0149736
BinVal : 8 17 0.944785 0.0178896 0.0178896
BinVal : 8 18 0.720339 0.0413184 0.0413184
BinVal : 8 19 0.825175 0.0317619 0.0317619
BinVal : 8 20 0.777778 0.034645 0.034645
BinVal : 8 21 0.907801 0.024364 0.024364
BinVal : 8 22 0.97541 0.0140215 0.0140215
BinVal : 8 23 0.913043 0.0339213 0.0339213
BinVal : 8 24 0.956522 0.030068 0.030068
BinVal : 8 25 0 0 0
BinVal : 8 26 0 0 0
BinVal : 8 27 0 0 0
BinVal : 8 28 0 0 0
BinVal : 8 29 0 0 0
BinVal : 9 0 0 0 0
BinVal : 9 1 0 0 0
BinVal : 9 2 0 0 0
BinVal : 9 3 0 0 0
BinVal : 9 4 0 0 0
BinVal : 9 5 1 0.0161462 0.0161462
BinVal : 9 6 0.972603 0.0191056 0.0191056
BinVal : 9 7 0.950355 0.0182925 0.0182925
BinVal : 9 8 0.950704 0.018167 0.018167
BinVal : 9 9 0.880597 0.028012 0.028012
BinVal : 9 10 0.79845 0.03532 0.03532
BinVal : 9 11 0.875969 0.0290212 0.0290212
BinVal : 9 12 0.923529 0.0203821 0.0203821
BinVal : 9 13 0.728477 0.0361929 0.0361929
BinVal : 9 14 0.894495 0.0208064 0.0208064
BinVal : 9 15 0.955446 0.0145169 0.0145169
BinVal : 9 16 0.94152 0.017944 0.017944
BinVal : 9 17 0.8 0.0302372 0.0302372
BinVal : 9 18 0.815126 0.0355858 0.0355858
BinVal : 9 19 0.846847 0.0341825 0.0341825
BinVal : 9 20 0.907514 0.0220263 0.0220263
BinVal : 9 21 0.944882 0.0202504 0.0202504
BinVal : 9 22 0.937008 0.0215582 0.0215582
BinVal : 9 23 0.954545 0.0256398 0.0256398
BinVal : 9 24 0.933333 0.045542 0.045542
BinVal : 9 25 0 0 0
BinVal : 9 26 0 0 0
BinVal : 9 27 0 0 0
BinVal : 9 28 0 0 0
BinVal : 9 29 0 0 0
BinVal : 10 0 0 0 0
BinVal : 10 1 0 0 0
BinVal : 10 2 0 0 0
BinVal : 10 3 0 0 0
BinVal : 10 4 0 0 0
BinVal : 10 5 0.88 0.0649923 0.0649923
BinVal : 10 6 0.951613 0.027252 0.027252
BinVal : 10 7 0.885714 0.031049 0.031049
BinVal : 10 8 0.954545 0.0198605 0.0198605
BinVal : 10 9 0.8 0.0596285 0.0596285
BinVal : 10 10 0.745098 0.0610251 0.0610251
BinVal : 10 11 0.84 0.0733212 0.0733212
BinVal : 10 12 0.916667 0.0252304 0.0252304
BinVal : 10 13 0.913669 0.0238216 0.0238216
BinVal : 10 14 0.947674 0.0169794 0.0169794
BinVal : 10 15 0.931818 0.0189996 0.0189996
BinVal : 10 16 0.897059 0.0260577 0.0260577
BinVal : 10 17 0.858586 0.0350204 0.0350204
BinVal : 10 18 0.676471 0.0802309 0.0802309
BinVal : 10 19 0.789474 0.0539989 0.0539989
BinVal : 10 20 0.888889 0.0468486 0.0468486
BinVal : 10 21 0.919708 0.0232167 0.0232167
BinVal : 10 22 0.9 0.0286039 0.0286039
BinVal : 10 23 0.916667 0.0356812 0.0356812
BinVal : 10 24 0.9375 0.0427908 0.0427908
BinVal : 10 25 0 0 0
BinVal : 10 26 0 0 0
BinVal : 10 27 0 0 0
BinVal : 10 28 0 0 0
BinVal : 10 29 0 0 0
BinVal : 11 0 0 0 0
BinVal : 11 1 0 0 0
BinVal : 11 2 0 0 0
BinVal : 11 3 0 0 0
BinVal : 11 4 0.75 0.216506 0.216506
BinVal : 11 5 0.942308 0.0323336 0.0323336
BinVal : 11 6 0.973684 0.0183616 0.0183616
BinVal : 11 7 0.981308 0.0130928 0.0130928
BinVal : 11 8 0.972222 0.0158132 0.0158132
BinVal : 11 9 0.5 0.353553 0.353553
BinVal : 11 10 0 0 0
BinVal : 11 11 0 0 0
BinVal : 11 12 1 0.218486 0.218486
BinVal : 11 13 0 0 0
BinVal : 11 14 0 0 0
BinVal : 11 15 0 0 0
BinVal : 11 16 0 0 0
BinVal : 11 17 0 0 0
BinVal : 11 18 0 0 0
BinVal : 11 19 1 0.218486 0.218486
BinVal : 11 20 0 0 0
BinVal : 11 21 0.928571 0.0243352 0.0243352
BinVal : 11 22 0.932039 0.0247987 0.0247987
BinVal : 11 23 0.956522 0.030068 0.030068
BinVal : 11 24 0.893617 0.0449741 0.0449741
BinVal : 11 25 1 0.0871301 0.0871301
BinVal : 11 26 0 0 0
BinVal : 11 27 0 0 0
BinVal : 11 28 0 0 0
BinVal : 11 29 0 0 0
BinVal : 12 0 0 0 0
BinVal : 12 1 0 0 0
BinVal : 12 2 0 0 0
BinVal : 12 3 0 0 0
BinVal : 12 4 1 0.0871301 0.0871301
BinVal : 12 5 0.949153 0.0286007 0.0286007
BinVal : 12 6 0.862069 0.0369694 0.0369694
BinVal : 12 7 0.90099 0.0297193 0.0297193
BinVal : 12 8 0.86747 0.0372173 0.0372173
BinVal : 12 9 0 0 0
BinVal : 12 10 0 0 0
BinVal : 12 11 0 0 0
BinVal : 12 12 0 0 0
BinVal : 12 13 0 0 0
BinVal : 12 14 0 0 0
BinVal : 12 15 0 0 0
BinVal : 12 16 0 0 0
BinVal : 12 17 0 0 0
BinVal : 12 18 0 0 0
BinVal : 12 19 0 0 0
BinVal : 12 20 0 0 0
BinVal : 12 21 0.875 0.0352548 0.0352548
BinVal : 12 22 0.95935 0.0178061 0.0178061
BinVal : 12 23 0.964706 0.0200142 0.0200142
BinVal : 12 24 0.961538 0.0266683 0.0266683
BinVal : 12 25 1 0.0756803 0.0756803
BinVal : 12 26 0 0 0
BinVal : 12 27 0 0 0
BinVal : 12 28 0 0 0
BinVal : 12 29 0 0 0
BinVal : 13 0 0 0 0
BinVal : 13 1 0 0 0
BinVal : 13 2 0 0 0
BinVal : 13 3 0 0 0
BinVal : 13 4 1 0.218486 0.218486
BinVal : 13 5 0.883721 0.0488848 0.0488848
BinVal : 13 6 0.897436 0.034352 0.034352
BinVal : 13 7 0.809091 0.0374728 0.0374728
BinVal : 13 8 0.95 0.0184197 0.0184197
BinVal : 13 9 0.921053 0.0437441 0.0437441
BinVal : 13 10 0.696429 0.0614433 0.0614433
BinVal : 13 11 0.619048 0.105971 0.105971
BinVal : 13 12 0.774436 0.0362411 0.0362411
BinVal : 13 13 0.888112 0.0263608 0.0263608
BinVal : 13 14 0.967033 0.013235 0.013235
BinVal : 13 15 0.907104 0.0214586 0.0214586
BinVal : 13 16 0.893855 0.0230228 0.0230228
BinVal : 13 17 0.767857 0.0398941 0.0398941
BinVal : 13 18 0.75 0.108253 0.108253
BinVal : 13 19 0.745763 0.0566884 0.0566884
BinVal : 13 20 0.896552 0.0399885 0.0399885
BinVal : 13 21 0.93985 0.0206169 0.0206169
BinVal : 13 22 0.913043 0.0293767 0.0293767
BinVal : 13 23 0.969231 0.0214198 0.0214198
BinVal : 13 24 0.935484 0.0441237 0.0441237
BinVal : 13 25 1 0.218486 0.218486
BinVal : 13 26 0 0 0
BinVal : 13 27 0 0 0
BinVal : 13 28 0 0 0
BinVal : 13 29 0 0 0
BinVal : 14 0 0 0 0
BinVal : 14 1 0 0 0
BinVal : 14 2 0 0 0
BinVal : 14 3 0 0 0
BinVal : 14 4 0 0 0
BinVal : 14 5 0.904762 0.0640564 0.0640564
BinVal : 14 6 0.966667 0.0231741 0.0231741
BinVal : 14 7 0.885417 0.0325087 0.0325087
BinVal : 14 8 0.973913 0.0148636 0.0148636
BinVal : 14 9 0.943662 0.0193493 0.0193493
BinVal : 14 10 0.873874 0.0315112 0.0315112
BinVal : 14 11 0.860656 0.031353 0.031353
BinVal : 14 12 0.821192 0.0311837 0.0311837
BinVal : 14 13 0.912162 0.0232673 0.0232673
BinVal : 14 14 0.92891 0.0176909 0.0176909
BinVal : 14 15 0.80102 0.0285166 0.0285166
BinVal : 14 16 0.842105 0.0341519 0.0341519
BinVal : 14 17 0.907407 0.0227736 0.0227736
BinVal : 14 18 0.810345 0.0363989 0.0363989
BinVal : 14 19 0.823009 0.0359037 0.0359037
BinVal : 14 20 0.957447 0.0169986 0.0169986
BinVal : 14 21 0.944056 0.019218 0.019218
BinVal : 14 22 0.954128 0.0200383 0.0200383
BinVal : 14 23 0.921348 0.0285345 0.0285345
BinVal : 14 24 0.909091 0.0500438 0.0500438
BinVal : 14 25 1 0.218486 0.218486
BinVal : 14 26 0 0 0
BinVal : 14 27 0 0 0
BinVal : 14 28 0 0 0
BinVal : 14 29 0 0 0
BinVal : 15 0 0 0 0
BinVal : 15 1 0 0 0
BinVal : 15 2 0 0 0
BinVal : 15 3 0 0 0
BinVal : 15 4 1 0.102643 0.102643
BinVal : 15 5 0.981132 0.0186891 0.0186891
BinVal : 15 6 0.977778 0.0155379 0.0155379
BinVal : 15 7 0.973684 0.0149922 0.0149922
BinVal : 15 8 0.948718 0.0176599 0.0176599
BinVal : 15 9 0.692308 0.0404796 0.0404796
BinVal : 15 10 0.898551 0.0257014 0.0257014
BinVal : 15 11 0.899281 0.0255268 0.0255268
BinVal : 15 12 0.944056 0.019218 0.019218
BinVal : 15 13 0.952381 0.0154905 0.0154905
BinVal : 15 14 0.974874 0.0110945 0.0110945
BinVal : 15 15 0.977064 0.0101389 0.0101389
BinVal : 15 16 0.893491 0.0237298 0.0237298
BinVal : 15 17 0.947712 0.0179967 0.0179967
BinVal : 15 18 0.850877 0.0333621 0.0333621
BinVal : 15 19 0.84 0.0327902 0.0327902
BinVal : 15 20 0.70229 0.0399502 0.0399502
BinVal : 15 21 0.954887 0.017997 0.017997
BinVal : 15 22 0.938053 0.0226769 0.0226769
BinVal : 15 23 0.932039 0.0247987 0.0247987
BinVal : 15 24 0.862069 0.0452781 0.0452781
BinVal : 15 25 1 0.218486 0.218486
BinVal : 15 26 0 0 0
BinVal : 15 27 0 0 0
BinVal : 15 28 0 0 0
BinVal : 15 29 0 0 0


Comments : includes prescale inefficiency, cosmic veto applied 
EffMethod : TagAndProbe 
EffName : eff 
EffType : Binned 
EffVarNames : phi deteta 
EffVersion : 3 
ObjQuality : MuFromMuJetsOR 
ObjRelativeTo : tight_trackloose_iso_TopScaledTight 
ObjType : Muon 
ObjVersion : 1 
RunRangeHigh : -1 
RunRangeLow : -1 
TriggerVersionHigh : 15.99 
TriggerVersionLow : 15.9 
BinEdgesX : 0 0.3927 0.7854 1.1781 1.5708 1.9635 2.3562 2.7489 3.1416 3.5343 3.927 4.3197 4.7124 5.1051 5.4978 5.8905 6.2832 
BinEdgesY : -3 -2.8 -2.6 -2.4 -2.2 -2 -1.8 -1.6 -1.4 -1.2 -1 -0.8 -0.6 -0.4 -0.2 0 0.2 0.4 0.6 0.8 1 1.2 1.4 1.6 1.8 2 2.2 2.4 2.6 2.8 3 
BinVal : 0 0 0 0 0
BinVal : 0 1 0 0 0
BinVal : 0 2 0 0 0
BinVal : 0 3 0 0 0
BinVal : 0 4 1 0.218486 0.218486
BinVal : 0 5 0.973684 0.0259672 0.0259672
BinVal : 0 6 0.981818 0.0180158 0.0180158
BinVal : 0 7 0.973684 0.0183616 0.0183616
BinVal : 0 8 1 0.00687265 0.00687265
BinVal : 0 9 0.784091 0.0438609 0.0438609
BinVal : 0 10 0.683544 0.052327 0.052327
BinVal : 0 11 0.62069 0.0520206 0.0520206
BinVal : 0 12 0.761468 0.0408212 0.0408212
BinVal : 0 13 0.75 0.0382733 0.0382733
BinVal : 0 14 0.754545 0.0410329 0.0410329
BinVal : 0 15 0.710526 0.0424759 0.0424759
BinVal : 0 16 0.76699 0.0416546 0.0416546
BinVal : 0 17 0.658824 0.0514239 0.0514239
BinVal : 0 18 0.721519 0.0504322 0.0504322
BinVal : 0 19 0.753623 0.0518743 0.0518743
BinVal : 0 20 0.761905 0.0464714 0.0464714
BinVal : 0 21 0.987013 0.0129024 0.0129024
BinVal : 0 22 0.968254 0.0220886 0.0220886
BinVal : 0 23 0.96 0.0277128 0.0277128
BinVal : 0 24 1 0.017632 0.017632
BinVal : 0 25 1 0.218486 0.218486
BinVal : 0 26 0 0 0
BinVal : 0 27 0 0 0
BinVal : 0 28 0 0 0
BinVal : 0 29 0 0 0
BinVal : 1 0 0 0 0
BinVal : 1 1 0 0 0
BinVal : 1 2 0 0 0
BinVal : 1 3 0 0 0
BinVal : 1 4 0 0 0
BinVal : 1 5 1 0.0368657 0.0368657
BinVal : 1 6 0.952381 0.0328603 0.0328603
BinVal : 1 7 0.979592 0.0201988 0.0201988
BinVal : 1 8 0.982456 0.0173893 0.0173893
BinVal : 1 9 0.985507 0.0143874 0.0143874
BinVal : 1 10 0.724138 0.0586871 0.0586871
BinVal : 1 11 0.846154 0.0447519 0.0447519
BinVal : 1 12 0.786885 0.0524321 0.0524321
BinVal : 1 13 0.754386 0.0570146 0.0570146
BinVal : 1 14 0.806122 0.0399348 0.0399348
BinVal : 1 15 0.804598 0.0425103 0.0425103
BinVal : 1 16 0.8 0.0478091 0.0478091
BinVal : 1 17 0.777778 0.0461933 0.0461933
BinVal : 1 18 0.790323 0.051699 0.051699
BinVal : 1 19 0.740741 0.0596353 0.0596353
BinVal : 1 20 0.924242 0.0325712 0.0325712
BinVal : 1 21 0.98 0.019799 0.019799
BinVal : 1 22 0.957447 0.0294425 0.0294425
BinVal : 1 23 0.90625 0.051527 0.051527
BinVal : 1 24 1 0.0233703 0.0233703
BinVal : 1 25 0 0 0
BinVal : 1 26 0 0 0
BinVal : 1 27 0 0 0
BinVal : 1 28 0 0 0
BinVal : 1 29 0 0 0
BinVal : 2 0 0 0 0
BinVal : 2 1 0 0 0
BinVal : 2 2 0 0 0
BinVal : 2 3 0 0 0
BinVal : 2 4 0 0 0
BinVal : 2 5 1 0.0495858 0.0495858
BinVal : 2 6 0.941176 0.0570672 0.0570672
BinVal : 2 7 0.92 0.0542586 0.0542586
BinVal : 2 8 0.966667 0.0327731 0.0327731
BinVal : 2 9 0.944444 0.0381769 0.0381769
BinVal : 2 10 0.884615 0.0626563 0.0626563
BinVal : 2 11 0.923077 0.0426692 0.0426692
BinVal : 2 12 0.966667 0.0327731 0.0327731
BinVal : 2 13 0.774194 0.0750952 0.0750952
BinVal : 2 14 1 0.0107217 0.0107217
BinVal : 2 15 0.9 0.0424264 0.0424264
BinVal : 2 16 0.891304 0.0458923 0.0458923
BinVal : 2 17 0.911765 0.0486433 0.0486433
BinVal : 2 18 0.904762 0.0452948 0.0452948
BinVal : 2 19 0.866667 0.0620633 0.0620633
BinVal : 2 20 0.939394 0.041536 0.041536
BinVal : 2 21 0.888889 0.0523783 0.0523783
BinVal : 2 22 0.875 0.0584634 0.0584634
BinVal : 2 23 0.928571 0.0688303 0.0688303
BinVal : 2 24 0.75 0.216506 0.216506
BinVal : 2 25 0 0 0
BinVal : 2 26 0 0 0
BinVal : 2 27 0 0 0
BinVal : 2 28 0 0 0
BinVal : 2 29 0 0 0
BinVal : 3 0 0 0 0
BinVal : 3 1 0 0 0
BinVal : 3 2 0 0 0
BinVal : 3 3 0 0 0
BinVal : 3 4 0 0 0
BinVal : 3 5 1 0.102643 0.102643
BinVal : 3 6 0.75 0.216506 0.216506
BinVal : 3 7 1 0.0326734 0.0326734
BinVal : 3 8 1 0.039392 0.039392
BinVal : 3 9 0.647059 0.115904 0.115904
BinVal : 3 10 1 0.0495858 0.0495858
BinVal : 3 11 1 0.039392 0.039392
BinVal : 3 12 1 0.0495858 0.0495858
BinVal : 3 13 0.818182 0.116291 0.116291
BinVal : 3 14 0.947368 0.0512278 0.0512278
BinVal : 3 15 1 0.0368657 0.0368657
BinVal : 3 16 0.888889 0.104757 0.104757
BinVal : 3 17 1 0.0279117 0.0279117
BinVal : 3 18 1 0.0495858 0.0495858
BinVal : 3 19 0.714286 0.120736 0.120736
BinVal : 3 20 0.7 0.144914 0.144914
BinVal : 3 21 0.875 0.0826797 0.0826797
BinVal : 3 22 1 0.039392 0.039392
BinVal : 3 23 1 0.0599198 0.0599198
BinVal : 3 24 1 0.0456491 0.0456491
BinVal : 3 25 0 0 0
BinVal : 3 26 0 0 0
BinVal : 3 27 0 0 0
BinVal : 3 28 0 0 0
BinVal : 3 29 0 0 0
BinVal : 4 0 0 0 0
BinVal : 4 1 0 0 0
BinVal : 4 2 0 0 0
BinVal : 4 3 0 0 0
BinVal : 4 4 0 0 0
BinVal : 4 5 0.666667 0.272166 0.272166
BinVal : 4 6 1 0.124824 0.124824
BinVal : 4 7 1 0.0756803 0.0756803
BinVal : 4 8 0.928571 0.0688303 0.0688303
BinVal : 4 9 1 0.0422902 0.0422902
BinVal : 4 10 1 0.0756803 0.0756803
BinVal : 4 11 1 0.0668855 0.0668855
BinVal : 4 12 1 0.0871301 0.0871301
BinVal : 4 13 0.916667 0.0564169 0.0564169
BinVal : 4 14 1 0.0368657 0.0368657
BinVal : 4 15 0.944444 0.0539903 0.0539903
BinVal : 4 16 1 0.0599198 0.0599198
BinVal : 4 17 0.928571 0.0688303 0.0688303
BinVal : 4 18 0.727273 0.134282 0.134282
BinVal : 4 19 0.875 0.116927 0.116927
BinVal : 4 20 0.8 0.126491 0.126491
BinVal : 4 21 0.8 0.178885 0.178885
BinVal : 4 22 0.9375 0.0605154 0.0605154
BinVal : 4 23 0.875 0.116927 0.116927
BinVal : 4 24 1 0.124824 0.124824
BinVal : 4 25 0 0 0
BinVal : 4 26 0 0 0
BinVal : 4 27 0 0 0
BinVal : 4 28 0 0 0
BinVal : 4 29 0 0 0
BinVal : 5 0 0 0 0
BinVal : 5 1 0 0 0
BinVal : 5 2 0 0 0
BinVal : 5 3 0 0 0
BinVal : 5 4 0 0 0
BinVal : 5 5 1 0.0756803 0.0756803
BinVal : 5 6 0.833333 0.107583 0.107583
BinVal : 5 7 1 0.0266185 0.0266185
BinVal : 5 8 0.913043 0.0587534 0.0587534
BinVal : 5 9 0.896552 0.0565523 0.0565523
BinVal : 5 10 0.809524 0.0856891 0.0856891
BinVal : 5 11 0.952381 0.0464714 0.0464714
BinVal : 5 12 1 0.0171075 0.0171075
BinVal : 5 13 0.947368 0.0362235 0.0362235
BinVal : 5 14 1 0.0166125 0.0166125
BinVal : 5 15 1 0.0128865 0.0128865
BinVal : 5 16 0.96 0.0391918 0.0391918
BinVal : 5 17 1 0.0224566 0.0224566
BinVal : 5 18 0.789474 0.0661348 0.0661348
BinVal : 5 19 0.772727 0.0893461 0.0893461
BinVal : 5 20 1 0.0194201 0.0194201
BinVal : 5 21 1 0.0422902 0.0422902
BinVal : 5 22 1 0.0309157 0.0309157
BinVal : 5 23 0.777778 0.13858 0.13858
BinVal : 5 24 1 0.159077 0.159077
BinVal : 5 25 0 0 0
BinVal : 5 26 0 0 0
BinVal : 5 27 0 0 0
BinVal : 5 28 0 0 0
BinVal : 5 29 0 0 0
BinVal : 6 0 0 0 0
BinVal : 6 1 0 0 0
BinVal : 6 2 0 0 0
BinVal : 6 3 0 0 0
BinVal : 6 4 0 0 0
BinVal : 6 5 0.894737 0.0704059 0.0704059
BinVal : 6 6 0.96875 0.0307578 0.0307578
BinVal : 6 7 0.964286 0.0247988 0.0247988
BinVal : 6 8 1 0.0105252 0.0105252
BinVal : 6 9 0.948052 0.0252904 0.0252904
BinVal : 6 10 0.795918 0.0575756 0.0575756
BinVal : 6 11 0.927536 0.0312105 0.0312105
BinVal : 6 12 0.901639 0.0381296 0.0381296
BinVal : 6 13 0.949367 0.0246672 0.0246672
BinVal : 6 14 0.873418 0.0374097 0.0374097
BinVal : 6 15 0.986667 0.0132441 0.0132441
BinVal : 6 16 0.969697 0.0211003 0.0211003
BinVal : 6 17 1 0.00932837 0.00932837
BinVal : 6 18 0.883117 0.0366134 0.0366134
BinVal : 6 19 0.76 0.0603987 0.0603987
BinVal : 6 20 0.953125 0.0264214 0.0264214
BinVal : 6 21 0.877551 0.0468291 0.0468291
BinVal : 6 22 0.958333 0.0288424 0.0288424
BinVal : 6 23 0.862069 0.0640329 0.0640329
BinVal : 6 24 1 0.0542655 0.0542655
BinVal : 6 25 0 0 0
BinVal : 6 26 0 0 0
BinVal : 6 27 0 0 0
BinVal : 6 28 0 0 0
BinVal : 6 29 0 0 0
BinVal : 7 0 0 0 0
BinVal : 7 1 0 0 0
BinVal : 7 2 0 0 0
BinVal : 7 3 0 0 0
BinVal : 7 4 0 0 0
BinVal : 7 5 0.964286 0.0350707 0.0350707
BinVal : 7 6 1 0.0118251 0.0118251
BinVal : 7 7 0.984615 0.0152658 0.0152658
BinVal : 7 8 0.972973 0.018851 0.018851
BinVal : 7 9 0.758065 0.0543885 0.0543885
BinVal : 7 10 0.87013 0.038309 0.038309
BinVal : 7 11 0.811594 0.0470752 0.0470752
BinVal : 7 12 0.921875 0.033546 0.033546
BinVal : 7 13 0.978947 0.0147289 0.0147289
BinVal : 7 14 0.925926 0.02254 0.02254
BinVal : 7 15 0.965812 0.0167993 0.0167993
BinVal : 7 16 0.90625 0.0297491 0.0297491
BinVal : 7 17 0.987179 0.0127381 0.0127381
BinVal : 7 18 0.921875 0.033546 0.033546
BinVal : 7 19 0.916667 0.0325723 0.0325723
BinVal : 7 20 0.75 0.0472456 0.0472456
BinVal : 7 21 0.974684 0.0176734 0.0176734
BinVal : 7 22 0.966667 0.0231741 0.0231741
BinVal : 7 23 0.923077 0.0426692 0.0426692
BinVal : 7 24 1 0.0208287 0.0208287
BinVal : 7 25 1 0.218486 0.218486
BinVal : 7 26 0 0 0
BinVal : 7 27 0 0 0
BinVal : 7 28 0 0 0
BinVal : 7 29 0 0 0
BinVal : 8 0 0 0 0
BinVal : 8 1 0 0 0
BinVal : 8 2 0 0 0
BinVal : 8 3 0 0 0
BinVal : 8 4 0 0 0
BinVal : 8 5 1 0.0233703 0.0233703
BinVal : 8 6 1 0.0107217 0.0107217
BinVal : 8 7 0.964912 0.0243716 0.0243716
BinVal : 8 8 1 0.00825644 0.00825644
BinVal : 8 9 0.777778 0.056575 0.056575
BinVal : 8 10 0.923077 0.0369527 0.0369527
BinVal : 8 11 0.929577 0.0303647 0.0303647
BinVal : 8 12 0.835821 0.0452562 0.0452562
BinVal : 8 13 0.928571 0.0280998 0.0280998
BinVal : 8 14 0.854545 0.0336151 0.0336151
BinVal : 8 15 0.936364 0.0232744 0.0232744
BinVal : 8 16 0.910112 0.0303181 0.0303181
BinVal : 8 17 0.910448 0.0348842 0.0348842
BinVal : 8 18 0.927711 0.0284252 0.0284252
BinVal : 8 19 0.890625 0.0390136 0.0390136
BinVal : 8 20 0.73913 0.0528625 0.0528625
BinVal : 8 21 0.906667 0.0335901 0.0335901
BinVal : 8 22 0.931035 0.0332725 0.0332725
BinVal : 8 23 0.979592 0.0201988 0.0201988
BinVal : 8 24 1 0.0254407 0.0254407
BinVal : 8 25 0 0 0
BinVal : 8 26 0 0 0
BinVal : 8 27 0 0 0
BinVal : 8 28 0 0 0
BinVal : 8 29 0 0 0
BinVal : 9 0 0 0 0
BinVal : 9 1 0 0 0
BinVal : 9 2 0 0 0
BinVal : 9 3 0 0 0
BinVal : 9 4 0 0 0
BinVal : 9 5 1 0.0599198 0.0599198
BinVal : 9 6 1 0.0166125 0.0166125
BinVal : 9 7 0.932203 0.032729 0.032729
BinVal : 9 8 0.962264 0.026175 0.026175
BinVal : 9 9 0.940298 0.028946 0.028946
BinVal : 9 10 0.794872 0.064659 0.064659
BinVal : 9 11 0.837838 0.0605974 0.0605974
BinVal : 9 12 0.9375 0.0302577 0.0302577
BinVal : 9 13 0.627119 0.0629556 0.0629556
BinVal : 9 14 0.914634 0.0308574 0.0308574
BinVal : 9 15 0.951219 0.0237879 0.0237879
BinVal : 9 16 0.897959 0.0432431 0.0432431
BinVal : 9 17 0.857143 0.0440867 0.0440867
BinVal : 9 18 0.773585 0.0574869 0.0574869
BinVal : 9 19 0.789474 0.0661348 0.0661348
BinVal : 9 20 0.970149 0.0207902 0.0207902
BinVal : 9 21 0.88 0.0459565 0.0459565
BinVal : 9 22 0.945455 0.0306209 0.0306209
BinVal : 9 23 0.909091 0.0612909 0.0612909
BinVal : 9 24 0.857143 0.13226 0.13226
BinVal : 9 25 0 0 0
BinVal : 9 26 0 0 0
BinVal : 9 27 0 0 0
BinVal : 9 28 0 0 0
BinVal : 9 29 0 0 0
BinVal : 10 0 0 0 0
BinVal : 10 1 0 0 0
BinVal : 10 2 0 0 0
BinVal : 10 3 0 0 0
BinVal : 10 4 0 0 0
BinVal : 10 5 1 0.0756803 0.0756803
BinVal : 10 6 1 0.0309157 0.0309157
BinVal : 10 7 0.967742 0.0317335 0.0317335
BinVal : 10 8 0.93617 0.0356566 0.0356566
BinVal : 10 9 0.933333 0.0644061 0.0644061
BinVal : 10 10 0.619048 0.105971 0.105971
BinVal : 10 11 0.25 0.216506 0.216506
BinVal : 10 12 0.793103 0.0752216 0.0752216
BinVal : 10 13 0.9 0.0387298 0.0387298
BinVal : 10 14 0.934426 0.0316937 0.0316937
BinVal : 10 15 0.955882 0.0249031 0.0249031
BinVal : 10 16 0.897436 0.0485811 0.0485811
BinVal : 10 17 0.88 0.0649923 0.0649923
BinVal : 10 18 0.777778 0.13858 0.13858
BinVal : 10 19 0.714286 0.0985808 0.0985808
BinVal : 10 20 0.909091 0.0612909 0.0612909
BinVal : 10 21 1 0.0123324 0.0123324
BinVal : 10 22 0.928571 0.0486704 0.0486704
BinVal : 10 23 1 0.0181909 0.0181909
BinVal : 10 24 0.923077 0.0739053 0.0739053
BinVal : 10 25 0 0 0
BinVal : 10 26 0 0 0
BinVal : 10 27 0 0 0
BinVal : 10 28 0 0 0
BinVal : 10 29 0 0 0
BinVal : 11 0 0 0 0
BinVal : 11 1 0 0 0
BinVal : 11 2 0 0 0
BinVal : 11 3 0 0 0
BinVal : 11 4 1 0.218486 0.218486
BinVal : 11 5 0.916667 0.0797856 0.0797856
BinVal : 11 6 1 0.0456491 0.0456491
BinVal : 11 7 1 0.0128865 0.0128865
BinVal : 11 8 0.92 0.0542586 0.0542586
BinVal : 11 9 0 0 0
BinVal : 11 10 0 0 0
BinVal : 11 11 0 0 0
BinVal : 11 12 0 0 0
BinVal : 11 13 0 0 0
BinVal : 11 14 0 0 0
BinVal : 11 15 0 0 0
BinVal : 11 16 0 0 0
BinVal : 11 17 0 0 0
BinVal : 11 18 0 0 0
BinVal : 11 19 0 0 0
BinVal : 11 20 0 0 0
BinVal : 11 21 0.966667 0.0327731 0.0327731
BinVal : 11 22 0.964286 0.0350707 0.0350707
BinVal : 11 23 0.928571 0.0688303 0.0688303
BinVal : 11 24 1 0.0495858 0.0495858
BinVal : 11 25 1 0.218486 0.218486
BinVal : 11 26 0 0 0
BinVal : 11 27 0 0 0
BinVal : 11 28 0 0 0
BinVal : 11 29 0 0 0
BinVal : 12 0 0 0 0
BinVal : 12 1 0 0 0
BinVal : 12 2 0 0 0
BinVal : 12 3 0 0 0
BinVal : 12 4 0 0 0
BinVal : 12 5 0.923077 0.0739053 0.0739053
BinVal : 12 6 0.941176 0.0570672 0.0570672
BinVal : 12 7 1 0.0422902 0.0422902
BinVal : 12 8 0.941176 0.0570672 0.0570672
BinVal : 12 9 0 0 0
BinVal : 12 10 0 0 0
BinVal : 12 11 0 0 0
BinVal : 12 12 0 0 0
BinVal : 12 13 0 0 0
BinVal : 12 14 0 0 0
BinVal : 12 15 0 0 0
BinVal : 12 16 0 0 0
BinVal : 12 17 0 0 0
BinVal : 12 18 0 0 0
BinVal : 12 19 0 0 0
BinVal : 12 20 0 0 0
BinVal : 12 21 0.809524 0.0856891 0.0856891
BinVal : 12 22 0.896552 0.0565523 0.0565523
BinVal : 12 23 0.928571 0.0688303 0.0688303
BinVal : 12 24 1 0.0599198 0.0599198
BinVal : 12 25 1 0.218486 0.218486
BinVal : 12 26 0 0 0
BinVal : 12 27 0 0 0
BinVal : 12 28 0 0 0
BinVal : 12 29 0 0 0
BinVal : 13 0 0 0 0
BinVal : 13 1 0 0 0
BinVal : 13 2 0 0 0
BinVal : 13 3 0 0 0
BinVal : 13 4 0 0 0
BinVal : 13 5 1 0.0756803 0.0756803
BinVal : 13 6 0.947368 0.0512278 0.0512278
BinVal : 13 7 0.916667 0.0460642 0.0460642
BinVal : 13 8 0.9375 0.0427908 0.0427908
BinVal : 13 9 0.875 0.116927 0.116927
BinVal : 13 10 0.882353 0.0781425 0.0781425
BinVal : 13 11 1 0.0871301 0.0871301
BinVal : 13 12 0.809524 0.0856891 0.0856891
BinVal : 13 13 0.880952 0.0499703 0.0499703
BinVal : 13 14 0.947368 0.0362235 0.0362235
BinVal : 13 15 0.944444 0.0381769 0.0381769
BinVal : 13 16 0.935484 0.0441237 0.0441237
BinVal : 13 17 0.761905 0.0929429 0.0929429
BinVal : 13 18 1 0.124824 0.124824
BinVal : 13 19 0.857143 0.0763604 0.0763604
BinVal : 13 20 1 0.0668855 0.0668855
BinVal : 13 21 0.914286 0.0473188 0.0473188
BinVal : 13 22 0.967742 0.0317335 0.0317335
BinVal : 13 23 0.923077 0.0739053 0.0739053
BinVal : 13 24 0.75 0.216506 0.216506
BinVal : 13 25 0 0 0
BinVal : 13 26 0 0 0
BinVal : 13 27 0 0 0
BinVal : 13 28 0 0 0
BinVal : 13 29 0 0 0
BinVal : 14 0 0 0 0
BinVal : 14 1 0 0 0
BinVal : 14 2 0 0 0
BinVal : 14 3 0 0 0
BinVal : 14 4 0 0 0
BinVal : 14 5 1 0.0495858 0.0495858
BinVal : 14 6 0.906977 0.0442955 0.0442955
BinVal : 14 7 0.934783 0.0364048 0.0364048
BinVal : 14 8 0.890909 0.0420368 0.0420368
BinVal : 14 9 0.918367 0.0391149 0.0391149
BinVal : 14 10 0.913793 0.0368537 0.0368537
BinVal : 14 11 0.861538 0.0428396 0.0428396
BinVal : 14 12 0.880597 0.0396149 0.0396149
BinVal : 14 13 0.920635 0.0340556 0.0340556
BinVal : 14 14 0.942529 0.0249524 0.0249524
BinVal : 14 15 0.883721 0.0345668 0.0345668
BinVal : 14 16 0.886792 0.0435222 0.0435222
BinVal : 14 17 0.916667 0.0356812 0.0356812
BinVal : 14 18 0.816327 0.0553168 0.0553168
BinVal : 14 19 0.787234 0.0596972 0.0596972
BinVal : 14 20 0.909091 0.0353863 0.0353863
BinVal : 14 21 0.944444 0.0311713 0.0311713
BinVal : 14 22 0.959184 0.0282664 0.0282664
BinVal : 14 23 0.861111 0.0576384 0.0576384
BinVal : 14 24 0.928571 0.0688303 0.0688303
BinVal : 14 25 0 0 0
BinVal : 14 26 0 0 0
BinVal : 14 27 0 0 0
BinVal : 14 28 0 0 0
BinVal : 14 29 0 0 0
BinVal : 15 0 0 0 0
BinVal : 15 1 0 0 0
BinVal : 15 2 0 0 0
BinVal : 15 3 0 0 0
BinVal : 15 4 0 0 0
BinVal : 15 5 1 0.018786 0.018786
BinVal : 15 6 0.918367 0.0391149 0.0391149
BinVal : 15 7 0.983333 0.0165272 0.0165272
BinVal : 15 8 0.942029 0.0281328 0.0281328
BinVal : 15 9 0.661765 0.0573729 0.0573729
BinVal : 15 10 0.926471 0.0316513 0.0316513
BinVal : 15 11 0.938144 0.024459 0.024459
BinVal : 15 12 0.954545 0.0222047 0.0222047
BinVal : 15 13 0.945946 0.0214628 0.0214628
BinVal : 15 14 1 0.00400114 0.00400114
BinVal : 15 15 0.963636 0.0178482 0.0178482
BinVal : 15 16 0.920792 0.0268723 0.0268723
BinVal : 15 17 1 0.00695658 0.00695658
BinVal : 15 18 0.878049 0.0361364 0.0361364
BinVal : 15 19 0.947368 0.0295764 0.0295764
BinVal : 15 20 0.723684 0.0512945 0.0512945
BinVal : 15 21 0.9625 0.0212408 0.0212408
BinVal : 15 22 0.967742 0.022439 0.022439
BinVal : 15 23 0.97561 0.024091 0.024091
BinVal : 15 24 0.972222 0.0273893 0.0273893
BinVal : 15 25 1 0.159077 0.159077
BinVal : 15 26 0 0 0
BinVal : 15 27 0 0 0
BinVal : 15 28 0 0 0
BinVal : 15 29 0 0 0


Comments : includes prescale inefficiency, cosmic veto applied 
EffMethod : TagAndProbe 
EffName : eff 
EffType : Binned 
EffVarNames : phi deteta 
EffVersion : 3 
ObjQuality : MuFromMuJetsOR 
ObjRelativeTo : tight_trackloose_iso_TopScaledTight 
ObjType : Muon 
ObjVersion : 1 
RunRangeHigh : -1 
RunRangeLow : -1 
TriggerVersionHigh : 16.1 
TriggerVersionLow : 16 
BinEdgesX : 0 0.3927 0.7854 1.1781 1.5708 1.9635 2.3562 2.7489 3.1416 3.5343 3.927 4.3197 4.7124 5.1051 5.4978 5.8905 6.2832 
BinEdgesY : -3 -2.8 -2.6 -2.4 -2.2 -2 -1.8 -1.6 -1.4 -1.2 -1 -0.8 -0.6 -0.4 -0.2 0 0.2 0.4 0.6 0.8 1 1.2 1.4 1.6 1.8 2 2.2 2.4 2.6 2.8 3 
BinVal : 0 0 0 0 0
BinVal : 0 1 0 0 0
BinVal : 0 2 0 0 0
BinVal : 0 3 0 0 0
BinVal : 0 4 1 0.218486 0.218486
BinVal : 0 5 0.960784 0.0271805 0.0271805
BinVal : 0 6 0.946809 0.0231467 0.0231467
BinVal : 0 7 0.982759 0.0120859 0.0120859
BinVal : 0 8 0.990654 0.00930202 0.00930202
BinVal : 0 9 0.958678 0.0180941 0.0180941
BinVal : 0 10 0.834586 0.0322178 0.0322178
BinVal : 0 11 0.833333 0.0310565 0.0310565
BinVal : 0 12 0.835938 0.0327331 0.0327331
BinVal : 0 13 0.725389 0.0321267 0.0321267
BinVal : 0 14 0.756614 0.0312143 0.0312143
BinVal : 0 15 0.810256 0.0280787 0.0280787
BinVal : 0 16 0.761006 0.0338212 0.0338212
BinVal : 0 17 0.806723 0.0361975 0.0361975
BinVal : 0 18 0.864865 0.0324487 0.0324487
BinVal : 0 19 0.864078 0.0337678 0.0337678
BinVal : 0 20 0.944 0.0205648 0.0205648
BinVal : 0 21 0.982906 0.0119835 0.0119835
BinVal : 0 22 1 0.00620508 0.00620508
BinVal : 0 23 0.985294 0.0145974 0.0145974
BinVal : 0 24 0.983333 0.0165272 0.0165272
BinVal : 0 25 1 0.124824 0.124824
BinVal : 0 26 0 0 0
BinVal : 0 27 0 0 0
BinVal : 0 28 0 0 0
BinVal : 0 29 0 0 0
BinVal : 1 0 0 0 0
BinVal : 1 1 0 0 0
BinVal : 1 2 0 0 0
BinVal : 1 3 0 0 0
BinVal : 1 4 0 0 0
BinVal : 1 5 0.945946 0.0371746 0.0371746
BinVal : 1 6 0.929412 0.0277818 0.0277818
BinVal : 1 7 0.965517 0.0169415 0.0169415
BinVal : 1 8 0.973451 0.015123 0.015123
BinVal : 1 9 0.98 0.011431 0.011431
BinVal : 1 10 0.865385 0.0334684 0.0334684
BinVal : 1 11 0.854167 0.0294116 0.0294116
BinVal : 1 12 0.713333 0.0369223 0.0369223
BinVal : 1 13 0.707006 0.0363238 0.0363238
BinVal : 1 14 0.722222 0.0333847 0.0333847
BinVal : 1 15 0.719388 0.0320927 0.0320927
BinVal : 1 16 0.72028 0.0375357 0.0375357
BinVal : 1 17 0.789062 0.0360602 0.0360602
BinVal : 1 18 0.786207 0.0340472 0.0340472
BinVal : 1 19 0.855769 0.0344501 0.0344501
BinVal : 1 20 0.978723 0.0121527 0.0121527
BinVal : 1 21 0.984962 0.0105529 0.0105529
BinVal : 1 22 0.981132 0.0132152 0.0132152
BinVal : 1 23 0.945205 0.0266361 0.0266361
BinVal : 1 24 0.890909 0.0420368 0.0420368
BinVal : 1 25 0 0 0
BinVal : 1 26 0 0 0
BinVal : 1 27 0 0 0
BinVal : 1 28 0 0 0
BinVal : 1 29 0 0 0
BinVal : 2 0 0 0 0
BinVal : 2 1 0 0 0
BinVal : 2 2 0 0 0
BinVal : 2 3 0 0 0
BinVal : 2 4 0 0 0
BinVal : 2 5 0.933333 0.0644061 0.0644061
BinVal : 2 6 0.975 0.0246855 0.0246855
BinVal : 2 7 0.951807 0.0235086 0.0235086
BinVal : 2 8 0.978495 0.0150422 0.0150422
BinVal : 2 9 0.968421 0.0179419 0.0179419
BinVal : 2 10 0.816901 0.0458985 0.0458985
BinVal : 2 11 0.752137 0.0399173 0.0399173
BinVal : 2 12 0.706422 0.0436195 0.0436195
BinVal : 2 13 0.604167 0.0499113 0.0499113
BinVal : 2 14 0.632353 0.0413453 0.0413453
BinVal : 2 15 0.630631 0.0458096 0.0458096
BinVal : 2 16 0.585366 0.0544051 0.0544051
BinVal : 2 17 0.752688 0.0447392 0.0447392
BinVal : 2 18 0.802326 0.0429439 0.0429439
BinVal : 2 19 0.816667 0.0499537 0.0499537
BinVal : 2 20 0.981308 0.0130928 0.0130928
BinVal : 2 21 0.987342 0.0125779 0.0125779
BinVal : 2 22 1 0.0074048 0.0074048
BinVal : 2 23 0.93617 0.0356566 0.0356566
BinVal : 2 24 1 0.0309157 0.0309157
BinVal : 2 25 0 0 0
BinVal : 2 26 0 0 0
BinVal : 2 27 0 0 0
BinVal : 2 28 0 0 0
BinVal : 2 29 0 0 0
BinVal : 3 0 0 0 0
BinVal : 3 1 0 0 0
BinVal : 3 2 0 0 0
BinVal : 3 3 0 0 0
BinVal : 3 4 1 0.124824 0.124824
BinVal : 3 5 0.9375 0.0605154 0.0605154
BinVal : 3 6 0.88 0.0649923 0.0649923
BinVal : 3 7 0.977273 0.0224675 0.0224675
BinVal : 3 8 0.982759 0.0170921 0.0170921
BinVal : 3 9 1 0.017632 0.017632
BinVal : 3 10 0.75 0.0721688 0.0721688
BinVal : 3 11 0.818182 0.0671408 0.0671408
BinVal : 3 12 0.558824 0.0851538 0.0851538
BinVal : 3 13 0.612245 0.0696055 0.0696055
BinVal : 3 14 0.52381 0.0770641 0.0770641
BinVal : 3 15 0.5 0.0707107 0.0707107
BinVal : 3 16 0.625 0.0698771 0.0698771
BinVal : 3 17 0.794872 0.064659 0.064659
BinVal : 3 18 0.757576 0.0746009 0.0746009
BinVal : 3 19 0.878788 0.0568144 0.0568144
BinVal : 3 20 0.928571 0.0486704 0.0486704
BinVal : 3 21 0.976744 0.0229838 0.0229838
BinVal : 3 22 0.971429 0.0281603 0.0281603
BinVal : 3 23 0.833333 0.0680414 0.0680414
BinVal : 3 24 0.818182 0.116291 0.116291
BinVal : 3 25 1 0.218486 0.218486
BinVal : 3 26 0 0 0
BinVal : 3 27 0 0 0
BinVal : 3 28 0 0 0
BinVal : 3 29 0 0 0
BinVal : 4 0 0 0 0
BinVal : 4 1 0 0 0
BinVal : 4 2 0 0 0
BinVal : 4 3 0 0 0
BinVal : 4 4 0 0 0
BinVal : 4 5 0.944444 0.0539903 0.0539903
BinVal : 4 6 0.916667 0.0797856 0.0797856
BinVal : 4 7 0.909091 0.0612909 0.0612909
BinVal : 4 8 1 0.0208287 0.0208287
BinVal : 4 9 1 0.0224566 0.0224566
BinVal : 4 10 0.75 0.0968246 0.0968246
BinVal : 4 11 0.814815 0.0747568 0.0747568
BinVal : 4 12 0.772727 0.0893461 0.0893461
BinVal : 4 13 0.62963 0.0929349 0.0929349
BinVal : 4 14 0.657143 0.0802329 0.0802329
BinVal : 4 15 0.742857 0.0738764 0.0738764
BinVal : 4 16 0.64 0.096 0.096
BinVal : 4 17 0.789474 0.0935288 0.0935288
BinVal : 4 18 0.954545 0.0444095 0.0444095
BinVal : 4 19 0.772727 0.0893461 0.0893461
BinVal : 4 20 1 0.0309157 0.0309157
BinVal : 4 21 1 0.0279117 0.0279117
BinVal : 4 22 1 0.0266185 0.0266185
BinVal : 4 23 0.818182 0.116291 0.116291
BinVal : 4 24 1 0.0542655 0.0542655
BinVal : 4 25 0 0 0
BinVal : 4 26 0 0 0
BinVal : 4 27 0 0 0
BinVal : 4 28 0 0 0
BinVal : 4 29 0 0 0
BinVal : 5 0 0 0 0
BinVal : 5 1 0 0 0
BinVal : 5 2 0 0 0
BinVal : 5 3 0 0 0
BinVal : 5 4 0 0 0
BinVal : 5 5 0.888889 0.104757 0.104757
BinVal : 5 6 0.970588 0.028976 0.028976
BinVal : 5 7 0.928571 0.0397392 0.0397392
BinVal : 5 8 0.981481 0.0183463 0.0183463
BinVal : 5 9 0.949153 0.0286007 0.0286007
BinVal : 5 10 0.833333 0.0575055 0.0575055
BinVal : 5 11 0.735849 0.0605595 0.0605595
BinVal : 5 12 0.842105 0.048298 0.048298
BinVal : 5 13 0.701299 0.0521585 0.0521585
BinVal : 5 14 0.802632 0.0456552 0.0456552
BinVal : 5 15 0.662651 0.0518971 0.0518971
BinVal : 5 16 0.704918 0.058395 0.058395
BinVal : 5 17 0.828571 0.0637049 0.0637049
BinVal : 5 18 0.823529 0.0462297 0.0462297
BinVal : 5 19 0.882353 0.0552551 0.0552551
BinVal : 5 20 0.954545 0.0314022 0.0314022
BinVal : 5 21 0.947368 0.0295764 0.0295764
BinVal : 5 22 0.942857 0.0392347 0.0392347
BinVal : 5 23 1 0.0201001 0.0201001
BinVal : 5 24 1 0.0668855 0.0668855
BinVal : 5 25 0 0 0
BinVal : 5 26 0 0 0
BinVal : 5 27 0 0 0
BinVal : 5 28 0 0 0
BinVal : 5 29 0 0 0
BinVal : 6 0 0 0 0
BinVal : 6 1 0 0 0
BinVal : 6 2 0 0 0
BinVal : 6 3 0 0 0
BinVal : 6 4 0 0 0
BinVal : 6 5 0.944444 0.0539903 0.0539903
BinVal : 6 6 0.973684 0.0259672 0.0259672
BinVal : 6 7 0.977778 0.0219739 0.0219739
BinVal : 6 8 0.96 0.0226274 0.0226274
BinVal : 6 9 0.977778 0.0155379 0.0155379
BinVal : 6 10 0.833333 0.0439205 0.0439205
BinVal : 6 11 0.785714 0.0490433 0.0490433
BinVal : 6 12 0.72619 0.048653 0.048653
BinVal : 6 13 0.763158 0.0487674 0.0487674
BinVal : 6 14 0.62069 0.0520206 0.0520206
BinVal : 6 15 0.645833 0.0488122 0.0488122
BinVal : 6 16 0.74359 0.049441 0.049441
BinVal : 6 17 0.828947 0.0431938 0.0431938
BinVal : 6 18 0.835165 0.0388947 0.0388947
BinVal : 6 19 0.878788 0.0401738 0.0401738
BinVal : 6 20 0.951807 0.0235086 0.0235086
BinVal : 6 21 0.971831 0.019636 0.019636
BinVal : 6 22 0.913043 0.0339213 0.0339213
BinVal : 6 23 0.897436 0.0485811 0.0485811
BinVal : 6 24 0.833333 0.107583 0.107583
BinVal : 6 25 0 0 0
BinVal : 6 26 0 0 0
BinVal : 6 27 0 0 0
BinVal : 6 28 0 0 0
BinVal : 6 29 0 0 0
BinVal : 7 0 0 0 0
BinVal : 7 1 0 0 0
BinVal : 7 2 0 0 0
BinVal : 7 3 0 0 0
BinVal : 7 4 1 0.159077 0.159077
BinVal : 7 5 0.965517 0.033883 0.033883
BinVal : 7 6 0.968254 0.0220886 0.0220886
BinVal : 7 7 1 0.00679159 0.00679159
BinVal : 7 8 1 0.00671244 0.00671244
BinVal : 7 9 0.918605 0.0294859 0.0294859
BinVal : 7 10 0.85 0.0399218 0.0399218
BinVal : 7 11 0.633803 0.0571749 0.0571749
BinVal : 7 12 0.732558 0.0477295 0.0477295
BinVal : 7 13 0.72 0.0401597 0.0401597
BinVal : 7 14 0.636364 0.0418697 0.0418697
BinVal : 7 15 0.795455 0.0351088 0.0351088
BinVal : 7 16 0.685714 0.0392347 0.0392347
BinVal : 7 17 0.792453 0.0393906 0.0393906
BinVal : 7 18 0.857143 0.0366823 0.0366823
BinVal : 7 19 0.844444 0.0382038 0.0382038
BinVal : 7 20 0.873418 0.0374097 0.0374097
BinVal : 7 21 0.975 0.0174553 0.0174553
BinVal : 7 22 1 0.00825644 0.00825644
BinVal : 7 23 0.965517 0.0239589 0.0239589
BinVal : 7 24 0.903226 0.0531003 0.0531003
BinVal : 7 25 0 0 0
BinVal : 7 26 0 0 0
BinVal : 7 27 0 0 0
BinVal : 7 28 0 0 0
BinVal : 7 29 0 0 0
BinVal : 8 0 0 0 0
BinVal : 8 1 0 0 0
BinVal : 8 2 0 0 0
BinVal : 8 3 0 0 0
BinVal : 8 4 1 0.124824 0.124824
BinVal : 8 5 0.902439 0.0463399 0.0463399
BinVal : 8 6 0.972222 0.0193671 0.0193671
BinVal : 8 7 0.989796 0.0101519 0.0101519
BinVal : 8 8 0.986301 0.00961982 0.00961982
BinVal : 8 9 0.855856 0.0333378 0.0333378
BinVal : 8 10 0.902913 0.0291733 0.0291733
BinVal : 8 11 0.932773 0.0229555 0.0229555
BinVal : 8 12 0.89916 0.0276034 0.0276034
BinVal : 8 13 0.84106 0.0297538 0.0297538
BinVal : 8 14 0.757576 0.0333625 0.0333625
BinVal : 8 15 0.883871 0.0257335 0.0257335
BinVal : 8 16 0.918239 0.0217296 0.0217296
BinVal : 8 17 0.845528 0.0325864 0.0325864
BinVal : 8 18 0.915094 0.0270737 0.0270737
BinVal : 8 19 0.883495 0.0316123 0.0316123
BinVal : 8 20 0.88 0.0290654 0.0290654
BinVal : 8 21 0.955056 0.0219611 0.0219611
BinVal : 8 22 0.885417 0.0325087 0.0325087
BinVal : 8 23 1 0.00704145 0.00704145
BinVal : 8 24 0.941176 0.0403526 0.0403526
BinVal : 8 25 0 0 0
BinVal : 8 26 0 0 0
BinVal : 8 27 0 0 0
BinVal : 8 28 0 0 0
BinVal : 8 29 0 0 0
BinVal : 9 0 0 0 0
BinVal : 9 1 0 0 0
BinVal : 9 2 0 0 0
BinVal : 9 3 0 0 0
BinVal : 9 4 0 0 0
BinVal : 9 5 0.966667 0.0327731 0.0327731
BinVal : 9 6 0.890244 0.0345193 0.0345193
BinVal : 9 7 0.97479 0.0143704 0.0143704
BinVal : 9 8 0.965517 0.0169415 0.0169415
BinVal : 9 9 0.953488 0.0160574 0.0160574
BinVal : 9 10 0.859813 0.0335632 0.0335632
BinVal : 9 11 0.867769 0.0307947 0.0307947
BinVal : 9 12 0.845238 0.027904 0.027904
BinVal : 9 13 0.755725 0.0375393 0.0375393
BinVal : 9 14 0.808219 0.032583 0.032583
BinVal : 9 15 0.85443 0.0280573 0.0280573
BinVal : 9 16 0.810219 0.0335017 0.0335017
BinVal : 9 17 0.754839 0.0345531 0.0345531
BinVal : 9 18 0.8125 0.0344991 0.0344991
BinVal : 9 19 0.845455 0.0344649 0.0344649
BinVal : 9 20 0.985294 0.0103219 0.0103219
BinVal : 9 21 0.818182 0.0367745 0.0367745
BinVal : 9 22 0.935185 0.0236905 0.0236905
BinVal : 9 23 0.852459 0.0454076 0.0454076
BinVal : 9 24 1 0.0216126 0.0216126
BinVal : 9 25 0 0 0
BinVal : 9 26 0 0 0
BinVal : 9 27 0 0 0
BinVal : 9 28 0 0 0
BinVal : 9 29 0 0 0
BinVal : 10 0 0 0 0
BinVal : 10 1 0 0 0
BinVal : 10 2 0 0 0
BinVal : 10 3 0 0 0
BinVal : 10 4 0 0 0
BinVal : 10 5 0.884615 0.0626563 0.0626563
BinVal : 10 6 0.927536 0.0312105 0.0312105
BinVal : 10 7 0.973451 0.015123 0.015123
BinVal : 10 8 0.992063 0.00790495 0.00790495
BinVal : 10 9 0.97619 0.0235244 0.0235244
BinVal : 10 10 0.819444 0.0453314 0.0453314
BinVal : 10 11 0.666667 0.102869 0.102869
BinVal : 10 12 0.777778 0.0400046 0.0400046
BinVal : 10 13 0.841667 0.0333247 0.0333247
BinVal : 10 14 0.808333 0.0359317 0.0359317
BinVal : 10 15 0.840336 0.0335781 0.0335781
BinVal : 10 16 0.853211 0.033897 0.033897
BinVal : 10 17 0.771429 0.0409793 0.0409793
BinVal : 10 18 0.863636 0.073165 0.073165
BinVal : 10 19 0.842105 0.048298 0.048298
BinVal : 10 20 0.948718 0.0353199 0.0353199
BinVal : 10 21 0.984615 0.0107946 0.0107946
BinVal : 10 22 0.952381 0.0232357 0.0232357
BinVal : 10 23 0.961039 0.0220516 0.0220516
BinVal : 10 24 0.933333 0.045542 0.045542
BinVal : 10 25 0 0 0
BinVal : 10 26 0 0 0
BinVal : 10 27 0 0 0
BinVal : 10 28 0 0 0
BinVal : 10 29 0 0 0
BinVal : 11 0 0 0 0
BinVal : 11 1 0 0 0
BinVal : 11 2 0 0 0
BinVal : 11 3 0 0 0
BinVal : 11 4 1 0.124824 0.124824
BinVal : 11 5 0.944444 0.0381769 0.0381769
BinVal : 11 6 0.969231 0.0214198 0.0214198
BinVal : 11 7 0.988506 0.011428 0.011428
BinVal : 11 8 0.980769 0.0134668 0.0134668
BinVal : 11 9 0 0 0
BinVal : 11 10 0 0 0
BinVal : 11 11 0 0 0
BinVal : 11 12 0 0 0
BinVal : 11 13 0 0 0
BinVal : 11 14 0 0 0
BinVal : 11 15 0 0 0
BinVal : 11 16 0 0 0
BinVal : 11 17 0 0 0
BinVal : 11 18 0 0 0
BinVal : 11 19 0 0 0
BinVal : 11 20 0 0 0
BinVal : 11 21 0.973333 0.0186031 0.0186031
BinVal : 11 22 1 0.00704145 0.00704145
BinVal : 11 23 0.914894 0.0407022 0.0407022
BinVal : 11 24 0.96 0.0391918 0.0391918
BinVal : 11 25 1 0.218486 0.218486
BinVal : 11 26 0 0 0
BinVal : 11 27 0 0 0
BinVal : 11 28 0 0 0
BinVal : 11 29 0 0 0
BinVal : 12 0 0 0 0
BinVal : 12 1 0 0 0
BinVal : 12 2 0 0 0
BinVal : 12 3 0 0 0
BinVal : 12 4 0.666667 0.272166 0.272166
BinVal : 12 5 0.956522 0.0425226 0.0425226
BinVal : 12 6 0.954545 0.0314022 0.0314022
BinVal : 12 7 1 0.012074 0.012074
BinVal : 12 8 0.967742 0.022439 0.022439
BinVal : 12 9 0 0 0
BinVal : 12 10 0 0 0
BinVal : 12 11 0 0 0
BinVal : 12 12 0 0 0
BinVal : 12 13 0 0 0
BinVal : 12 14 0 0 0
BinVal : 12 15 0 0 0
BinVal : 12 16 0 0 0
BinVal : 12 17 0 0 0
BinVal : 12 18 0 0 0
BinVal : 12 19 0 0 0
BinVal : 12 20 0 0 0
BinVal : 12 21 0.945946 0.0371746 0.0371746
BinVal : 12 22 0.978723 0.021049 0.021049
BinVal : 12 23 0.885714 0.0537785 0.0537785
BinVal : 12 24 0.969697 0.0298404 0.0298404
BinVal : 12 25 1 0.102643 0.102643
BinVal : 12 26 0 0 0
BinVal : 12 27 0 0 0
BinVal : 12 28 0 0 0
BinVal : 12 29 0 0 0
BinVal : 13 0 0 0 0
BinVal : 13 1 0 0 0
BinVal : 13 2 0 0 0
BinVal : 13 3 0 0 0
BinVal : 13 4 0 0 0
BinVal : 13 5 0.7 0.144914 0.144914
BinVal : 13 6 0.860465 0.0528413 0.0528413
BinVal : 13 7 0.945455 0.0306209 0.0306209
BinVal : 13 8 0.951613 0.027252 0.027252
BinVal : 13 9 0.896552 0.0565523 0.0565523
BinVal : 13 10 0.95 0.0344601 0.0344601
BinVal : 13 11 0.923077 0.0739053 0.0739053
BinVal : 13 12 0.903226 0.0375476 0.0375476
BinVal : 13 13 0.932432 0.0291784 0.0291784
BinVal : 13 14 0.946809 0.0231467 0.0231467
BinVal : 13 15 0.831858 0.0351822 0.0351822
BinVal : 13 16 0.904762 0.0320282 0.0320282
BinVal : 13 17 0.759259 0.0581799 0.0581799
BinVal : 13 18 0.75 0.153093 0.153093
BinVal : 13 19 0.857143 0.06613 0.06613
BinVal : 13 20 0.92 0.0542586 0.0542586
BinVal : 13 21 0.974026 0.0181263 0.0181263
BinVal : 13 22 0.962963 0.0256996 0.0256996
BinVal : 13 23 0.891892 0.0510487 0.0510487
BinVal : 13 24 0.846154 0.100068 0.100068
BinVal : 13 25 0 0 0
BinVal : 13 26 0 0 0
BinVal : 13 27 0 0 0
BinVal : 13 28 0 0 0
BinVal : 13 29 0 0 0
BinVal : 14 0 0 0 0
BinVal : 14 1 0 0 0
BinVal : 14 2 0 0 0
BinVal : 14 3 0 0 0
BinVal : 14 4 0 0 0
BinVal : 14 5 0.666667 0.157135 0.157135
BinVal : 14 6 0.902439 0.0463399 0.0463399
BinVal : 14 7 0.986111 0.0137921 0.0137921
BinVal : 14 8 0.983607 0.0162585 0.0162585
BinVal : 14 9 1 0.00850058 0.00850058
BinVal : 14 10 0.888889 0.0395943 0.0395943
BinVal : 14 11 0.777778 0.0523783 0.0523783
BinVal : 14 12 0.731183 0.0459727 0.0459727
BinVal : 14 13 0.740741 0.048692 0.048692
BinVal : 14 14 0.747664 0.0419905 0.0419905
BinVal : 14 15 0.752577 0.0438137 0.0438137
BinVal : 14 16 0.779412 0.0502829 0.0502829
BinVal : 14 17 0.75 0.0525105 0.0525105
BinVal : 14 18 0.896552 0.0399885 0.0399885
BinVal : 14 19 0.941176 0.0329478 0.0329478
BinVal : 14 20 0.956989 0.0210378 0.0210378
BinVal : 14 21 1 0.00802565 0.00802565
BinVal : 14 22 0.969697 0.0211003 0.0211003
BinVal : 14 23 0.805556 0.0659621 0.0659621
BinVal : 14 24 0.8 0.10328 0.10328
BinVal : 14 25 0 0 0
BinVal : 14 26 0 0 0
BinVal : 14 27 0 0 0
BinVal : 14 28 0 0 0
BinVal : 14 29 0 0 0
BinVal : 15 0 0 0 0
BinVal : 15 1 0 0 0
BinVal : 15 2 0 0 0
BinVal : 15 3 0 0 0
BinVal : 15 4 0.5 0.353553 0.353553
BinVal : 15 5 0.861111 0.0576384 0.0576384
BinVal : 15 6 0.952381 0.0328603 0.0328603
BinVal : 15 7 1 0.0109258 0.0109258
BinVal : 15 8 0.988372 0.0115601 0.0115601
BinVal : 15 9 0.941176 0.0255212 0.0255212
BinVal : 15 10 0.886076 0.0357462 0.0357462
BinVal : 15 11 0.872727 0.0317768 0.0317768
BinVal : 15 12 0.83871 0.0381389 0.0381389
BinVal : 15 13 0.708333 0.0414927 0.0414927
BinVal : 15 14 0.729323 0.0385265 0.0385265
BinVal : 15 15 0.676692 0.0405581 0.0405581
BinVal : 15 16 0.707547 0.0441827 0.0441827
BinVal : 15 17 0.908163 0.0291727 0.0291727
BinVal : 15 18 0.910448 0.0348842 0.0348842
BinVal : 15 19 0.877193 0.0434732 0.0434732
BinVal : 15 20 0.89011 0.0327854 0.0327854
BinVal : 15 21 0.959184 0.0199873 0.0199873
BinVal : 15 22 0.985294 0.0145974 0.0145974
BinVal : 15 23 0.923077 0.0330515 0.0330515
BinVal : 15 24 1 0.0224566 0.0224566
BinVal : 15 25 1 0.218486 0.218486
BinVal : 15 26 0 0 0
BinVal : 15 27 0 0 0
BinVal : 15 28 0 0 0
BinVal : 15 29 0 0 0


