Comments : includes prescale inefficiency, cosmic veto applied 
EffMethod : TagAndProbe 
EffName : eff 
EffType : Binned 
EffVarNames : phi deteta 
EffVersion : 3 
ObjQuality : MuFromMuJetsOR 
ObjRelativeTo : loose_tracktight_iso_deltaR 
ObjType : Muon 
ObjVersion : 1 
RunRangeHigh : -1 
RunRangeLow : -1 
TriggerVersionHigh : 15.21 
TriggerVersionLow : 15 
BinEdgesX : 0 0.3927 0.7854 1.1781 1.5708 1.9635 2.3562 2.7489 3.1416 3.5343 3.927 4.3197 4.7124 5.1051 5.4978 5.8905 6.2832 
BinEdgesY : -3 -2.8 -2.6 -2.4 -2.2 -2 -1.8 -1.6 -1.4 -1.2 -1 -0.8 -0.6 -0.4 -0.2 0 0.2 0.4 0.6 0.8 1 1.2 1.4 1.6 1.8 2 2.2 2.4 2.6 2.8 3 
BinVal : 0 0 0 0 0
BinVal : 0 1 0 0 0
BinVal : 0 2 0 0 0
BinVal : 0 3 0 0 0
BinVal : 0 4 0 0 0
BinVal : 0 5 0 0 0
BinVal : 0 6 0 0 0
BinVal : 0 7 0.72093 0.068402 0.068402
BinVal : 0 8 0.980392 0.0194147 0.0194147
BinVal : 0 9 0.602941 0.0593349 0.0593349
BinVal : 0 10 0.571429 0.0591485 0.0591485
BinVal : 0 11 0.62069 0.0637119 0.0637119
BinVal : 0 12 0.568965 0.0650257 0.0650257
BinVal : 0 13 0.636364 0.0592126 0.0592126
BinVal : 0 14 0.610169 0.0634947 0.0634947
BinVal : 0 15 0.777778 0.0489954 0.0489954
BinVal : 0 16 0.625 0.0605154 0.0605154
BinVal : 0 17 0.794118 0.049034 0.049034
BinVal : 0 18 0.538462 0.0618336 0.0618336
BinVal : 0 19 0.692308 0.0640039 0.0640039
BinVal : 0 20 0.737705 0.0563211 0.0563211
BinVal : 0 21 0.884615 0.0443047 0.0443047
BinVal : 0 22 0.808511 0.057394 0.057394
BinVal : 0 23 0 0 0
BinVal : 0 24 0 0 0
BinVal : 0 25 0 0 0
BinVal : 0 26 0 0 0
BinVal : 0 27 0 0 0
BinVal : 0 28 0 0 0
BinVal : 0 29 0 0 0
BinVal : 1 0 0 0 0
BinVal : 1 1 0 0 0
BinVal : 1 2 0 0 0
BinVal : 1 3 0 0 0
BinVal : 1 4 0 0 0
BinVal : 1 5 0 0 0
BinVal : 1 6 0 0 0
BinVal : 1 7 0.638298 0.0700871 0.0700871
BinVal : 1 8 0.538462 0.0798268 0.0798268
BinVal : 1 9 0.808511 0.057394 0.057394
BinVal : 1 10 0.476923 0.0619513 0.0619513
BinVal : 1 11 0.586207 0.06467 0.06467
BinVal : 1 12 0.397059 0.0593349 0.0593349
BinVal : 1 13 0.532258 0.0633678 0.0633678
BinVal : 1 14 0.676923 0.0580051 0.0580051
BinVal : 1 15 0.603175 0.0616383 0.0616383
BinVal : 1 16 0.571429 0.06613 0.06613
BinVal : 1 17 0.430556 0.0583545 0.0583545
BinVal : 1 18 0.666667 0.0608581 0.0608581
BinVal : 1 19 0.473684 0.0661348 0.0661348
BinVal : 1 20 0.72 0.063498 0.063498
BinVal : 1 21 0.890625 0.0390136 0.0390136
BinVal : 1 22 0.615385 0.077903 0.077903
BinVal : 1 23 0 0 0
BinVal : 1 24 0 0 0
BinVal : 1 25 0 0 0
BinVal : 1 26 0 0 0
BinVal : 1 27 0 0 0
BinVal : 1 28 0 0 0
BinVal : 1 29 0 0 0
BinVal : 2 0 0 0 0
BinVal : 2 1 0 0 0
BinVal : 2 2 0 0 0
BinVal : 2 3 0 0 0
BinVal : 2 4 0 0 0
BinVal : 2 5 0 0 0
BinVal : 2 6 0 0 0
BinVal : 2 7 0.724138 0.0829961 0.0829961
BinVal : 2 8 0.885714 0.0537785 0.0537785
BinVal : 2 9 0.853659 0.0551993 0.0551993
BinVal : 2 10 0.526316 0.0809983 0.0809983
BinVal : 2 11 0.777778 0.06929 0.06929
BinVal : 2 12 0.487805 0.0780637 0.0780637
BinVal : 2 13 0.581395 0.0752322 0.0752322
BinVal : 2 14 0.8 0.0632455 0.0632455
BinVal : 2 15 0.740741 0.0596353 0.0596353
BinVal : 2 16 0.6875 0.0669023 0.0669023
BinVal : 2 17 0.690476 0.071334 0.071334
BinVal : 2 18 0.607143 0.0922962 0.0922962
BinVal : 2 19 0.307692 0.0739053 0.0739053
BinVal : 2 20 0.875 0.0584634 0.0584634
BinVal : 2 21 0.878788 0.0568144 0.0568144
BinVal : 2 22 0.583333 0.100635 0.100635
BinVal : 2 23 0 0 0
BinVal : 2 24 0 0 0
BinVal : 2 25 0 0 0
BinVal : 2 26 0 0 0
BinVal : 2 27 0 0 0
BinVal : 2 28 0 0 0
BinVal : 2 29 0 0 0
BinVal : 3 0 0 0 0
BinVal : 3 1 0 0 0
BinVal : 3 2 0 0 0
BinVal : 3 3 0 0 0
BinVal : 3 4 0 0 0
BinVal : 3 5 0 0 0
BinVal : 3 6 0 0 0
BinVal : 3 7 0.8125 0.0975781 0.0975781
BinVal : 3 8 0.823529 0.0924594 0.0924594
BinVal : 3 9 0.684211 0.106639 0.106639
BinVal : 3 10 0.636364 0.102559 0.102559
BinVal : 3 11 0.8 0.10328 0.10328
BinVal : 3 12 0.65 0.106654 0.106654
BinVal : 3 13 0.809524 0.0856891 0.0856891
BinVal : 3 14 0.695652 0.0959439 0.0959439
BinVal : 3 15 0.928571 0.0688303 0.0688303
BinVal : 3 16 0.851852 0.0683673 0.0683673
BinVal : 3 17 0.7 0.10247 0.10247
BinVal : 3 18 0.666667 0.102869 0.102869
BinVal : 3 19 0.5 0.125 0.125
BinVal : 3 20 0.833333 0.087841 0.087841
BinVal : 3 21 0.888889 0.0740741 0.0740741
BinVal : 3 22 0.722222 0.105572 0.105572
BinVal : 3 23 0 0 0
BinVal : 3 24 0 0 0
BinVal : 3 25 0 0 0
BinVal : 3 26 0 0 0
BinVal : 3 27 0 0 0
BinVal : 3 28 0 0 0
BinVal : 3 29 0 0 0
BinVal : 4 0 0 0 0
BinVal : 4 1 0 0 0
BinVal : 4 2 0 0 0
BinVal : 4 3 0 0 0
BinVal : 4 4 0 0 0
BinVal : 4 5 0 0 0
BinVal : 4 6 0 0 0
BinVal : 4 7 0.909091 0.0866784 0.0866784
BinVal : 4 8 0.928571 0.0688303 0.0688303
BinVal : 4 9 0.6875 0.115878 0.115878
BinVal : 4 10 0.473684 0.114549 0.114549
BinVal : 4 11 0.75 0.0968246 0.0968246
BinVal : 4 12 0.625 0.0988212 0.0988212
BinVal : 4 13 0.9375 0.0605154 0.0605154
BinVal : 4 14 0.809524 0.0856891 0.0856891
BinVal : 4 15 0.652174 0.0993113 0.0993113
BinVal : 4 16 0.541667 0.101707 0.101707
BinVal : 4 17 0.619048 0.105971 0.105971
BinVal : 4 18 0.571429 0.10799 0.10799
BinVal : 4 19 0.588235 0.119365 0.119365
BinVal : 4 20 0.5 0.0980581 0.0980581
BinVal : 4 21 0.909091 0.0612909 0.0612909
BinVal : 4 22 0.866667 0.0877707 0.0877707
BinVal : 4 23 0 0 0
BinVal : 4 24 0 0 0
BinVal : 4 25 0 0 0
BinVal : 4 26 0 0 0
BinVal : 4 27 0 0 0
BinVal : 4 28 0 0 0
BinVal : 4 29 0 0 0
BinVal : 5 0 0 0 0
BinVal : 5 1 0 0 0
BinVal : 5 2 0 0 0
BinVal : 5 3 0 0 0
BinVal : 5 4 0 0 0
BinVal : 5 5 0 0 0
BinVal : 5 6 0 0 0
BinVal : 5 7 0.714286 0.0853735 0.0853735
BinVal : 5 8 0.9 0.0474342 0.0474342
BinVal : 5 9 0.970588 0.028976 0.028976
BinVal : 5 10 0.5625 0.0876951 0.0876951
BinVal : 5 11 0.75 0.0721688 0.0721688
BinVal : 5 12 0.577778 0.0736283 0.0736283
BinVal : 5 13 0.731707 0.069196 0.069196
BinVal : 5 14 0.682927 0.0726733 0.0726733
BinVal : 5 15 0.807692 0.0546537 0.0546537
BinVal : 5 16 0.44186 0.0757321 0.0757321
BinVal : 5 17 0.75 0.0652791 0.0652791
BinVal : 5 18 0.852941 0.0607387 0.0607387
BinVal : 5 19 0.642857 0.0739356 0.0739356
BinVal : 5 20 0.763158 0.0689676 0.0689676
BinVal : 5 21 0.931035 0.0470544 0.0470544
BinVal : 5 22 0.904762 0.0640564 0.0640564
BinVal : 5 23 0 0 0
BinVal : 5 24 0 0 0
BinVal : 5 25 0 0 0
BinVal : 5 26 0 0 0
BinVal : 5 27 0 0 0
BinVal : 5 28 0 0 0
BinVal : 5 29 0 0 0
BinVal : 6 0 0 0 0
BinVal : 6 1 0 0 0
BinVal : 6 2 0 0 0
BinVal : 6 3 0 0 0
BinVal : 6 4 0 0 0
BinVal : 6 5 0 0 0
BinVal : 6 6 0 0 0
BinVal : 6 7 0.782609 0.0608155 0.0608155
BinVal : 6 8 0.9 0.0424264 0.0424264
BinVal : 6 9 0.951219 0.0336412 0.0336412
BinVal : 6 10 0.619048 0.0749329 0.0749329
BinVal : 6 11 0.711864 0.0589618 0.0589618
BinVal : 6 12 0.769231 0.067466 0.067466
BinVal : 6 13 0.76 0.0603987 0.0603987
BinVal : 6 14 0.791667 0.0586179 0.0586179
BinVal : 6 15 0.702703 0.0751416 0.0751416
BinVal : 6 16 0.653061 0.0679994 0.0679994
BinVal : 6 17 0.622642 0.0665822 0.0665822
BinVal : 6 18 0.592593 0.0668645 0.0668645
BinVal : 6 19 0.533333 0.0743698 0.0743698
BinVal : 6 20 0.857143 0.0499896 0.0499896
BinVal : 6 21 0.846154 0.0577744 0.0577744
BinVal : 6 22 0.657143 0.0802329 0.0802329
BinVal : 6 23 0 0 0
BinVal : 6 24 0 0 0
BinVal : 6 25 0 0 0
BinVal : 6 26 0 0 0
BinVal : 6 27 0 0 0
BinVal : 6 28 0 0 0
BinVal : 6 29 0 0 0
BinVal : 7 0 0 0 0
BinVal : 7 1 0 0 0
BinVal : 7 2 0 0 0
BinVal : 7 3 0 0 0
BinVal : 7 4 0 0 0
BinVal : 7 5 0 0 0
BinVal : 7 6 0 0 0
BinVal : 7 7 0.717949 0.0720574 0.0720574
BinVal : 7 8 0.891304 0.0458923 0.0458923
BinVal : 7 9 0.548387 0.063202 0.063202
BinVal : 7 10 0.735849 0.0605595 0.0605595
BinVal : 7 11 0.4 0.0632455 0.0632455
BinVal : 7 12 0.58209 0.0602558 0.0602558
BinVal : 7 13 0.836364 0.0498834 0.0498834
BinVal : 7 14 0.741379 0.057496 0.057496
BinVal : 7 15 0.773585 0.0574869 0.0574869
BinVal : 7 16 0.625 0.0765466 0.0765466
BinVal : 7 17 0.571429 0.070696 0.070696
BinVal : 7 18 0.142857 0.0499896 0.0499896
BinVal : 7 19 0.255319 0.063603 0.063603
BinVal : 7 20 0.690909 0.0623121 0.0623121
BinVal : 7 21 0.9 0.0474342 0.0474342
BinVal : 7 22 0.745098 0.0610251 0.0610251
BinVal : 7 23 0 0 0
BinVal : 7 24 0 0 0
BinVal : 7 25 0 0 0
BinVal : 7 26 0 0 0
BinVal : 7 27 0 0 0
BinVal : 7 28 0 0 0
BinVal : 7 29 0 0 0
BinVal : 8 0 0 0 0
BinVal : 8 1 0 0 0
BinVal : 8 2 0 0 0
BinVal : 8 3 0 0 0
BinVal : 8 4 0 0 0
BinVal : 8 5 0 0 0
BinVal : 8 6 0 0 0
BinVal : 8 7 0.717391 0.0663884 0.0663884
BinVal : 8 8 0.982456 0.0173893 0.0173893
BinVal : 8 9 0.604651 0.0745604 0.0745604
BinVal : 8 10 0.756757 0.0705339 0.0705339
BinVal : 8 11 0.6 0.0607644 0.0607644
BinVal : 8 12 0.642857 0.0572703 0.0572703
BinVal : 8 13 0.910448 0.0348842 0.0348842
BinVal : 8 14 0.797101 0.0484141 0.0484141
BinVal : 8 15 0.830508 0.048845 0.048845
BinVal : 8 16 0.730159 0.0559233 0.0559233
BinVal : 8 17 0.617647 0.0589316 0.0589316
BinVal : 8 18 0.0967742 0.0375476 0.0375476
BinVal : 8 19 0.323529 0.0567318 0.0567318
BinVal : 8 20 0.74 0.0620322 0.0620322
BinVal : 8 21 0.92 0.0383667 0.0383667
BinVal : 8 22 0.732143 0.0591774 0.0591774
BinVal : 8 23 0 0 0
BinVal : 8 24 0 0 0
BinVal : 8 25 0 0 0
BinVal : 8 26 0 0 0
BinVal : 8 27 0 0 0
BinVal : 8 28 0 0 0
BinVal : 8 29 0 0 0
BinVal : 9 0 0 0 0
BinVal : 9 1 0 0 0
BinVal : 9 2 0 0 0
BinVal : 9 3 0 0 0
BinVal : 9 4 0 0 0
BinVal : 9 5 0 0 0
BinVal : 9 6 0 0 0
BinVal : 9 7 0.758621 0.0794627 0.0794627
BinVal : 9 8 0.95 0.0344601 0.0344601
BinVal : 9 9 0.964912 0.0243716 0.0243716
BinVal : 9 10 0.56 0.0701997 0.0701997
BinVal : 9 11 0.510204 0.0714137 0.0714137
BinVal : 9 12 0.611111 0.0574522 0.0574522
BinVal : 9 13 0.588235 0.0596823 0.0596823
BinVal : 9 14 0.685185 0.0632026 0.0632026
BinVal : 9 15 0.73913 0.0528625 0.0528625
BinVal : 9 16 0.578125 0.0617323 0.0617323
BinVal : 9 17 0.619048 0.0611825 0.0611825
BinVal : 9 18 0.545455 0.0750657 0.0750657
BinVal : 9 19 0.596154 0.0680433 0.0680433
BinVal : 9 20 0.87234 0.0486767 0.0486767
BinVal : 9 21 0.938462 0.0298075 0.0298075
BinVal : 9 22 0.705882 0.0781425 0.0781425
BinVal : 9 23 0 0 0
BinVal : 9 24 0 0 0
BinVal : 9 25 0 0 0
BinVal : 9 26 0 0 0
BinVal : 9 27 0 0 0
BinVal : 9 28 0 0 0
BinVal : 9 29 0 0 0
BinVal : 10 0 0 0 0
BinVal : 10 1 0 0 0
BinVal : 10 2 0 0 0
BinVal : 10 3 0 0 0
BinVal : 10 4 0 0 0
BinVal : 10 5 0 0 0
BinVal : 10 6 0 0 0
BinVal : 10 7 0.837838 0.0605974 0.0605974
BinVal : 10 8 0.882353 0.0552551 0.0552551
BinVal : 10 9 0.163636 0.0498834 0.0498834
BinVal : 10 10 0.333333 0.0660098 0.0660098
BinVal : 10 11 0.170213 0.0548189 0.0548189
BinVal : 10 12 0.455882 0.0603974 0.0603974
BinVal : 10 13 0.75 0.0600481 0.0600481
BinVal : 10 14 0.671875 0.0586913 0.0586913
BinVal : 10 15 0.657143 0.0567332 0.0567332
BinVal : 10 16 0.694915 0.0599446 0.0599446
BinVal : 10 17 0.492063 0.0629861 0.0629861
BinVal : 10 18 0.127273 0.0449392 0.0449392
BinVal : 10 19 0.298246 0.0605958 0.0605958
BinVal : 10 20 0.32 0.0659697 0.0659697
BinVal : 10 21 0.821429 0.0511796 0.0511796
BinVal : 10 22 0.625 0.0765466 0.0765466
BinVal : 10 23 0 0 0
BinVal : 10 24 0 0 0
BinVal : 10 25 0 0 0
BinVal : 10 26 0 0 0
BinVal : 10 27 0 0 0
BinVal : 10 28 0 0 0
BinVal : 10 29 0 0 0
BinVal : 11 0 0 0 0
BinVal : 11 1 0 0 0
BinVal : 11 2 0 0 0
BinVal : 11 3 0 0 0
BinVal : 11 4 0 0 0
BinVal : 11 5 0 0 0
BinVal : 11 6 0 0 0
BinVal : 11 7 0.788462 0.0566348 0.0566348
BinVal : 11 8 0.909091 0.0433392 0.0433392
BinVal : 11 9 0 0 0
BinVal : 11 10 0.037037 0.0363447 0.0363447
BinVal : 11 11 0 0 0
BinVal : 11 12 0 0 0
BinVal : 11 13 0 0 0
BinVal : 11 14 0 0 0
BinVal : 11 15 0 0 0
BinVal : 11 16 0 0 0
BinVal : 11 17 0.0322581 0.0317335 0.0317335
BinVal : 11 18 0 0 0
BinVal : 11 19 0 0 0
BinVal : 11 20 0 0 0
BinVal : 11 21 0.72 0.063498 0.063498
BinVal : 11 22 0.705882 0.0638031 0.0638031
BinVal : 11 23 0 0 0
BinVal : 11 24 0 0 0
BinVal : 11 25 0 0 0
BinVal : 11 26 0 0 0
BinVal : 11 27 0 0 0
BinVal : 11 28 0 0 0
BinVal : 11 29 0 0 0
BinVal : 12 0 0 0 0
BinVal : 12 1 0 0 0
BinVal : 12 2 0 0 0
BinVal : 12 3 0 0 0
BinVal : 12 4 0 0 0
BinVal : 12 5 0 0 0
BinVal : 12 6 0 0 0
BinVal : 12 7 0.8 0.0632455 0.0632455
BinVal : 12 8 0.710526 0.0735703 0.0735703
BinVal : 12 9 0.0294118 0.028976 0.028976
BinVal : 12 10 0 0 0
BinVal : 12 11 0 0 0
BinVal : 12 12 0 0 0
BinVal : 12 13 0 0 0
BinVal : 12 14 0 0 0
BinVal : 12 15 0 0 0
BinVal : 12 16 0 0 0
BinVal : 12 17 0 0 0
BinVal : 12 18 0 0 0
BinVal : 12 19 0 0 0
BinVal : 12 20 0.0277778 0.0273893 0.0273893
BinVal : 12 21 0.7 0.0724569 0.0724569
BinVal : 12 22 0.645833 0.0690309 0.0690309
BinVal : 12 23 0 0 0
BinVal : 12 24 0 0 0
BinVal : 12 25 0 0 0
BinVal : 12 26 0 0 0
BinVal : 12 27 0 0 0
BinVal : 12 28 0 0 0
BinVal : 12 29 0 0 0
BinVal : 13 0 0 0 0
BinVal : 13 1 0 0 0
BinVal : 13 2 0 0 0
BinVal : 13 3 0 0 0
BinVal : 13 4 0 0 0
BinVal : 13 5 0 0 0
BinVal : 13 6 0 0 0
BinVal : 13 7 0.636364 0.0837393 0.0837393
BinVal : 13 8 0.884615 0.0443047 0.0443047
BinVal : 13 9 0.318182 0.0573324 0.0573324
BinVal : 13 10 0.346154 0.0659737 0.0659737
BinVal : 13 11 0.116667 0.0414438 0.0414438
BinVal : 13 12 0.650794 0.060061 0.060061
BinVal : 13 13 0.69863 0.0537047 0.0537047
BinVal : 13 14 0.803922 0.0555951 0.0555951
BinVal : 13 15 0.777778 0.0489954 0.0489954
BinVal : 13 16 0.697368 0.0526965 0.0526965
BinVal : 13 17 0.567568 0.0575907 0.0575907
BinVal : 13 18 0.0338983 0.02356 0.02356
BinVal : 13 19 0.309524 0.071334 0.071334
BinVal : 13 20 0.285714 0.0645363 0.0645363
BinVal : 13 21 0.911111 0.0424232 0.0424232
BinVal : 13 22 0.725 0.0706001 0.0706001
BinVal : 13 23 0 0 0
BinVal : 13 24 0 0 0
BinVal : 13 25 0 0 0
BinVal : 13 26 0 0 0
BinVal : 13 27 0 0 0
BinVal : 13 28 0 0 0
BinVal : 13 29 0 0 0
BinVal : 14 0 0 0 0
BinVal : 14 1 0 0 0
BinVal : 14 2 0 0 0
BinVal : 14 3 0 0 0
BinVal : 14 4 0 0 0
BinVal : 14 5 0 0 0
BinVal : 14 6 0 0 0
BinVal : 14 7 0.806452 0.0709583 0.0709583
BinVal : 14 8 0.933333 0.045542 0.045542
BinVal : 14 9 0.934426 0.0316937 0.0316937
BinVal : 14 10 0.734694 0.0630709 0.0630709
BinVal : 14 11 0.6 0.0607644 0.0607644
BinVal : 14 12 0.671875 0.0586913 0.0586913
BinVal : 14 13 0.72093 0.068402 0.068402
BinVal : 14 14 0.773585 0.0574869 0.0574869
BinVal : 14 15 0.62 0.068644 0.068644
BinVal : 14 16 0.490909 0.0674088 0.0674088
BinVal : 14 17 0.55814 0.0757321 0.0757321
BinVal : 14 18 0.478261 0.0736513 0.0736513
BinVal : 14 19 0.465116 0.0760635 0.0760635
BinVal : 14 20 0.926829 0.0406702 0.0406702
BinVal : 14 21 0.944444 0.0381769 0.0381769
BinVal : 14 22 0.733333 0.0659218 0.0659218
BinVal : 14 23 0 0 0
BinVal : 14 24 0 0 0
BinVal : 14 25 0 0 0
BinVal : 14 26 0 0 0
BinVal : 14 27 0 0 0
BinVal : 14 28 0 0 0
BinVal : 14 29 0 0 0
BinVal : 15 0 0 0 0
BinVal : 15 1 0 0 0
BinVal : 15 2 0 0 0
BinVal : 15 3 0 0 0
BinVal : 15 4 0 0 0
BinVal : 15 5 0 0 0
BinVal : 15 6 0 0 0
BinVal : 15 7 0.742857 0.0738764 0.0738764
BinVal : 15 8 0.947368 0.0362235 0.0362235
BinVal : 15 9 0.584906 0.0676828 0.0676828
BinVal : 15 10 0.636364 0.0725204 0.0725204
BinVal : 15 11 0.563636 0.0668717 0.0668717
BinVal : 15 12 0.56 0.0701997 0.0701997
BinVal : 15 13 0.836735 0.0528011 0.0528011
BinVal : 15 14 0.842105 0.048298 0.048298
BinVal : 15 15 0.828125 0.047159 0.047159
BinVal : 15 16 0.672414 0.0616264 0.0616264
BinVal : 15 17 0.666667 0.0555556 0.0555556
BinVal : 15 18 0.487805 0.0780637 0.0780637
BinVal : 15 19 0.621622 0.0797307 0.0797307
BinVal : 15 20 0.477273 0.0752999 0.0752999
BinVal : 15 21 0.893617 0.0449741 0.0449741
BinVal : 15 22 0.808511 0.057394 0.057394
BinVal : 15 23 0 0 0
BinVal : 15 24 0 0 0
BinVal : 15 25 0 0 0
BinVal : 15 26 0 0 0
BinVal : 15 27 0 0 0
BinVal : 15 28 0 0 0
BinVal : 15 29 0 0 0


Comments : includes prescale inefficiency, cosmic veto applied 
EffMethod : TagAndProbe 
EffName : eff 
EffType : Binned 
EffVarNames : phi deteta 
EffVersion : 3 
ObjQuality : MuFromMuJetsOR 
ObjRelativeTo : loose_tracktight_iso_deltaR 
ObjType : Muon 
ObjVersion : 1 
RunRangeHigh : -1 
RunRangeLow : -1 
TriggerVersionHigh : 15.49 
TriggerVersionLow : 15.22 
BinEdgesX : 0 0.3927 0.7854 1.1781 1.5708 1.9635 2.3562 2.7489 3.1416 3.5343 3.927 4.3197 4.7124 5.1051 5.4978 5.8905 6.2832 
BinEdgesY : -3 -2.8 -2.6 -2.4 -2.2 -2 -1.8 -1.6 -1.4 -1.2 -1 -0.8 -0.6 -0.4 -0.2 0 0.2 0.4 0.6 0.8 1 1.2 1.4 1.6 1.8 2 2.2 2.4 2.6 2.8 3 
BinVal : 0 0 0 0 0
BinVal : 0 1 0 0 0
BinVal : 0 2 0 0 0
BinVal : 0 3 0 0 0
BinVal : 0 4 0.4 0.219089 0.219089
BinVal : 0 5 0.903226 0.0531003 0.0531003
BinVal : 0 6 0.90625 0.051527 0.051527
BinVal : 0 7 0.924528 0.0362839 0.0362839
BinVal : 0 8 0.8125 0.0436383 0.0436383
BinVal : 0 9 0.746479 0.0516282 0.0516282
BinVal : 0 10 0.661972 0.0561393 0.0561393
BinVal : 0 11 0.6 0.058554 0.058554
BinVal : 0 12 0.688312 0.0527846 0.0527846
BinVal : 0 13 0.915493 0.0330099 0.0330099
BinVal : 0 14 0.931035 0.0271668 0.0271668
BinVal : 0 15 0.906667 0.0335901 0.0335901
BinVal : 0 16 0.75 0.04967 0.04967
BinVal : 0 17 0.653333 0.0549532 0.0549532
BinVal : 0 18 0.634146 0.0531914 0.0531914
BinVal : 0 19 0.753425 0.0504468 0.0504468
BinVal : 0 20 0.76 0.0493153 0.0493153
BinVal : 0 21 0.964912 0.0243716 0.0243716
BinVal : 0 22 0.859649 0.0460077 0.0460077
BinVal : 0 23 0.731707 0.069196 0.069196
BinVal : 0 24 0.823529 0.0653787 0.0653787
BinVal : 0 25 0 0 0
BinVal : 0 26 0 0 0
BinVal : 0 27 0 0 0
BinVal : 0 28 0 0 0
BinVal : 0 29 0 0 0
BinVal : 1 0 0 0 0
BinVal : 1 1 0 0 0
BinVal : 1 2 0 0 0
BinVal : 1 3 0 0 0
BinVal : 1 4 0 0 0
BinVal : 1 5 0.941176 0.0570672 0.0570672
BinVal : 1 6 0.969697 0.0298404 0.0298404
BinVal : 1 7 0.92 0.0383667 0.0383667
BinVal : 1 8 0.87931 0.0427752 0.0427752
BinVal : 1 9 0.925926 0.0356389 0.0356389
BinVal : 1 10 0.52381 0.0629226 0.0629226
BinVal : 1 11 0.8375 0.0412453 0.0412453
BinVal : 1 12 0.683168 0.0462932 0.0462932
BinVal : 1 13 0.822581 0.048517 0.048517
BinVal : 1 14 0.948718 0.0249749 0.0249749
BinVal : 1 15 0.953488 0.0227085 0.0227085
BinVal : 1 16 0.654321 0.0528432 0.0528432
BinVal : 1 17 0.643678 0.0513447 0.0513447
BinVal : 1 18 0.759494 0.0480852 0.0480852
BinVal : 1 19 0.540984 0.063803 0.063803
BinVal : 1 20 0.960526 0.0223358 0.0223358
BinVal : 1 21 0.90566 0.0401506 0.0401506
BinVal : 1 22 0.916667 0.0398928 0.0398928
BinVal : 1 23 0.885714 0.0537785 0.0537785
BinVal : 1 24 0.923077 0.0522589 0.0522589
BinVal : 1 25 0 0 0
BinVal : 1 26 0 0 0
BinVal : 1 27 0 0 0
BinVal : 1 28 0 0 0
BinVal : 1 29 0 0 0
BinVal : 2 0 0 0 0
BinVal : 2 1 0 0 0
BinVal : 2 2 0 0 0
BinVal : 2 3 0 0 0
BinVal : 2 4 0 0 0
BinVal : 2 5 1 0.0542655 0.0542655
BinVal : 2 6 0.857143 0.0763604 0.0763604
BinVal : 2 7 0.85 0.0564579 0.0564579
BinVal : 2 8 0.956522 0.030068 0.030068
BinVal : 2 9 0.941176 0.0329478 0.0329478
BinVal : 2 10 0.645833 0.0690309 0.0690309
BinVal : 2 11 0.816667 0.0499537 0.0499537
BinVal : 2 12 0.754386 0.0570146 0.0570146
BinVal : 2 13 0.754717 0.0591001 0.0591001
BinVal : 2 14 0.921569 0.0376464 0.0376464
BinVal : 2 15 0.842105 0.0591528 0.0591528
BinVal : 2 16 0.54902 0.0696767 0.0696767
BinVal : 2 17 0.724138 0.0586871 0.0586871
BinVal : 2 18 0.702128 0.0667074 0.0667074
BinVal : 2 19 0.425 0.0781625 0.0781625
BinVal : 2 20 0.894737 0.0497845 0.0497845
BinVal : 2 21 0.953488 0.0321147 0.0321147
BinVal : 2 22 0.918919 0.0448743 0.0448743
BinVal : 2 23 0.925926 0.050401 0.050401
BinVal : 2 24 1 0.102643 0.102643
BinVal : 2 25 0 0 0
BinVal : 2 26 0 0 0
BinVal : 2 27 0 0 0
BinVal : 2 28 0 0 0
BinVal : 2 29 0 0 0
BinVal : 3 0 0 0 0
BinVal : 3 1 0 0 0
BinVal : 3 2 0 0 0
BinVal : 3 3 0 0 0
BinVal : 3 4 1 0.218486 0.218486
BinVal : 3 5 0.714286 0.170747 0.170747
BinVal : 3 6 0.823529 0.0924594 0.0924594
BinVal : 3 7 0.913043 0.0587534 0.0587534
BinVal : 3 8 1 0.0346427 0.0346427
BinVal : 3 9 0.541667 0.101707 0.101707
BinVal : 3 10 0.65 0.106654 0.106654
BinVal : 3 11 0.625 0.0988212 0.0988212
BinVal : 3 12 0.615385 0.0954113 0.0954113
BinVal : 3 13 0.88 0.0649923 0.0649923
BinVal : 3 14 0.896552 0.0565523 0.0565523
BinVal : 3 15 0.966667 0.0327731 0.0327731
BinVal : 3 16 0.714286 0.0853735 0.0853735
BinVal : 3 17 0.805556 0.0659621 0.0659621
BinVal : 3 18 0.925926 0.050401 0.050401
BinVal : 3 19 0.625 0.121031 0.121031
BinVal : 3 20 0.647059 0.115904 0.115904
BinVal : 3 21 1 0.0279117 0.0279117
BinVal : 3 22 0.956522 0.0425226 0.0425226
BinVal : 3 23 1 0.0266185 0.0266185
BinVal : 3 24 0.846154 0.100068 0.100068
BinVal : 3 25 0 0 0
BinVal : 3 26 0 0 0
BinVal : 3 27 0 0 0
BinVal : 3 28 0 0 0
BinVal : 3 29 0 0 0
BinVal : 4 0 0 0 0
BinVal : 4 1 0 0 0
BinVal : 4 2 0 0 0
BinVal : 4 3 0 0 0
BinVal : 4 4 0 0 0
BinVal : 4 5 1 0.0495858 0.0495858
BinVal : 4 6 0.866667 0.0877707 0.0877707
BinVal : 4 7 0.923077 0.0522589 0.0522589
BinVal : 4 8 0.928571 0.0486704 0.0486704
BinVal : 4 9 0.884615 0.0626563 0.0626563
BinVal : 4 10 0.565217 0.103367 0.103367
BinVal : 4 11 0.818182 0.0822304 0.0822304
BinVal : 4 12 0.714286 0.0763604 0.0763604
BinVal : 4 13 0.833333 0.0760726 0.0760726
BinVal : 4 14 0.846154 0.0707589 0.0707589
BinVal : 4 15 0.709677 0.0815249 0.0815249
BinVal : 4 16 0.521739 0.104159 0.104159
BinVal : 4 17 0.896552 0.0565523 0.0565523
BinVal : 4 18 0.714286 0.0985808 0.0985808
BinVal : 4 19 0.615385 0.0954113 0.0954113
BinVal : 4 20 0.814815 0.0747568 0.0747568
BinVal : 4 21 1 0.0326734 0.0326734
BinVal : 4 22 0.857143 0.0763604 0.0763604
BinVal : 4 23 0.857143 0.093522 0.093522
BinVal : 4 24 0.888889 0.104757 0.104757
BinVal : 4 25 0 0 0
BinVal : 4 26 0 0 0
BinVal : 4 27 0 0 0
BinVal : 4 28 0 0 0
BinVal : 4 29 0 0 0
BinVal : 5 0 0 0 0
BinVal : 5 1 0 0 0
BinVal : 5 2 0 0 0
BinVal : 5 3 0 0 0
BinVal : 5 4 0 0 0
BinVal : 5 5 1 0.0668855 0.0668855
BinVal : 5 6 0.8 0.08 0.08
BinVal : 5 7 0.878788 0.0568144 0.0568144
BinVal : 5 8 0.979167 0.0206152 0.0206152
BinVal : 5 9 0.9 0.0424264 0.0424264
BinVal : 5 10 0.6 0.0774597 0.0774597
BinVal : 5 11 0.666667 0.0727393 0.0727393
BinVal : 5 12 0.776119 0.0509255 0.0509255
BinVal : 5 13 0.657895 0.0769602 0.0769602
BinVal : 5 14 0.881356 0.0420991 0.0420991
BinVal : 5 15 0.865385 0.0473315 0.0473315
BinVal : 5 16 0.534483 0.0654969 0.0654969
BinVal : 5 17 0.638298 0.0700871 0.0700871
BinVal : 5 18 0.756098 0.0670664 0.0670664
BinVal : 5 19 0.571429 0.0763604 0.0763604
BinVal : 5 20 0.829268 0.0587642 0.0587642
BinVal : 5 21 0.947368 0.0362235 0.0362235
BinVal : 5 22 0.818182 0.0671408 0.0671408
BinVal : 5 23 0.888889 0.0740741 0.0740741
BinVal : 5 24 1 0.102643 0.102643
BinVal : 5 25 0 0 0
BinVal : 5 26 0 0 0
BinVal : 5 27 0 0 0
BinVal : 5 28 0 0 0
BinVal : 5 29 0 0 0
BinVal : 6 0 0 0 0
BinVal : 6 1 0 0 0
BinVal : 6 2 0 0 0
BinVal : 6 3 0 0 0
BinVal : 6 4 0 0 0
BinVal : 6 5 0.857143 0.13226 0.13226
BinVal : 6 6 0.818182 0.0671408 0.0671408
BinVal : 6 7 0.954545 0.0314022 0.0314022
BinVal : 6 8 0.953846 0.0260247 0.0260247
BinVal : 6 9 0.940298 0.028946 0.028946
BinVal : 6 10 0.490909 0.0674088 0.0674088
BinVal : 6 11 0.3125 0.057939 0.057939
BinVal : 6 12 0.377049 0.0620527 0.0620527
BinVal : 6 13 0.616279 0.0524381 0.0524381
BinVal : 6 14 0.837209 0.0398091 0.0398091
BinVal : 6 15 0.88 0.0375233 0.0375233
BinVal : 6 16 0.68 0.053864 0.053864
BinVal : 6 17 0.757143 0.0512525 0.0512525
BinVal : 6 18 0.794521 0.0472907 0.0472907
BinVal : 6 19 0.602941 0.0593349 0.0593349
BinVal : 6 20 0.942029 0.0281328 0.0281328
BinVal : 6 21 0.833333 0.0575055 0.0575055
BinVal : 6 22 0.895833 0.0440918 0.0440918
BinVal : 6 23 0.9375 0.0427908 0.0427908
BinVal : 6 24 1 0.0756803 0.0756803
BinVal : 6 25 0 0 0
BinVal : 6 26 0 0 0
BinVal : 6 27 0 0 0
BinVal : 6 28 0 0 0
BinVal : 6 29 0 0 0
BinVal : 7 0 0 0 0
BinVal : 7 1 0 0 0
BinVal : 7 2 0 0 0
BinVal : 7 3 0 0 0
BinVal : 7 4 0 0 0
BinVal : 7 5 0.961538 0.0377146 0.0377146
BinVal : 7 6 0.9 0.0424264 0.0424264
BinVal : 7 7 0.943396 0.0317418 0.0317418
BinVal : 7 8 0.951613 0.027252 0.027252
BinVal : 7 9 0.516667 0.0645139 0.0645139
BinVal : 7 10 0.238806 0.0520874 0.0520874
BinVal : 7 11 0.205882 0.049034 0.049034
BinVal : 7 12 0.423077 0.0559399 0.0559399
BinVal : 7 13 0.87234 0.0344196 0.0344196
BinVal : 7 14 0.898876 0.0319581 0.0319581
BinVal : 7 15 0.910256 0.0323621 0.0323621
BinVal : 7 16 0.815534 0.0382174 0.0382174
BinVal : 7 17 0.772727 0.044673 0.044673
BinVal : 7 18 0.552941 0.0539278 0.0539278
BinVal : 7 19 0.637681 0.0578659 0.0578659
BinVal : 7 20 0.712329 0.0529818 0.0529818
BinVal : 7 21 0.854545 0.047539 0.047539
BinVal : 7 22 0.938776 0.0342488 0.0342488
BinVal : 7 23 0.923077 0.0426692 0.0426692
BinVal : 7 24 0.909091 0.0612909 0.0612909
BinVal : 7 25 0 0 0
BinVal : 7 26 0 0 0
BinVal : 7 27 0 0 0
BinVal : 7 28 0 0 0
BinVal : 7 29 0 0 0
BinVal : 8 0 0 0 0
BinVal : 8 1 0 0 0
BinVal : 8 2 0 0 0
BinVal : 8 3 0 0 0
BinVal : 8 4 1 0.218486 0.218486
BinVal : 8 5 0.88 0.0649923 0.0649923
BinVal : 8 6 0.946429 0.0300896 0.0300896
BinVal : 8 7 0.943396 0.0317418 0.0317418
BinVal : 8 8 0.929577 0.0303647 0.0303647
BinVal : 8 9 0.536232 0.0600347 0.0600347
BinVal : 8 10 0.236842 0.0487674 0.0487674
BinVal : 8 11 0.320988 0.0518729 0.0518729
BinVal : 8 12 0.296703 0.0478861 0.0478861
BinVal : 8 13 0.885057 0.0341953 0.0341953
BinVal : 8 14 0.904255 0.0303486 0.0303486
BinVal : 8 15 0.939394 0.0239808 0.0239808
BinVal : 8 16 0.752475 0.0429432 0.0429432
BinVal : 8 17 0.683544 0.052327 0.052327
BinVal : 8 18 0.5625 0.0506308 0.0506308
BinVal : 8 19 0.695652 0.0553932 0.0553932
BinVal : 8 20 0.705882 0.0552551 0.0552551
BinVal : 8 21 0.904762 0.036983 0.036983
BinVal : 8 22 0.943396 0.0317418 0.0317418
BinVal : 8 23 0.891892 0.0510487 0.0510487
BinVal : 8 24 0.814815 0.0747568 0.0747568
BinVal : 8 25 0 0 0
BinVal : 8 26 0 0 0
BinVal : 8 27 0 0 0
BinVal : 8 28 0 0 0
BinVal : 8 29 0 0 0
BinVal : 9 0 0 0 0
BinVal : 9 1 0 0 0
BinVal : 9 2 0 0 0
BinVal : 9 3 0 0 0
BinVal : 9 4 0 0 0
BinVal : 9 5 0.941176 0.0570672 0.0570672
BinVal : 9 6 0.970588 0.028976 0.028976
BinVal : 9 7 0.945455 0.0306209 0.0306209
BinVal : 9 8 0.9 0.0358569 0.0358569
BinVal : 9 9 0.956522 0.0245504 0.0245504
BinVal : 9 10 0.31746 0.058646 0.058646
BinVal : 9 11 0.305556 0.0542872 0.0542872
BinVal : 9 12 0.28 0.0518459 0.0518459
BinVal : 9 13 0.555556 0.0523783 0.0523783
BinVal : 9 14 0.734177 0.049703 0.049703
BinVal : 9 15 0.863158 0.0352609 0.0352609
BinVal : 9 16 0.663265 0.0477391 0.0477391
BinVal : 9 17 0.637363 0.0503975 0.0503975
BinVal : 9 18 0.655172 0.0509588 0.0509588
BinVal : 9 19 0.617284 0.0540055 0.0540055
BinVal : 9 20 0.985075 0.0148136 0.0148136
BinVal : 9 21 0.934783 0.0364048 0.0364048
BinVal : 9 22 0.837209 0.0562986 0.0562986
BinVal : 9 23 0.828571 0.0637049 0.0637049
BinVal : 9 24 0.928571 0.0688303 0.0688303
BinVal : 9 25 0 0 0
BinVal : 9 26 0 0 0
BinVal : 9 27 0 0 0
BinVal : 9 28 0 0 0
BinVal : 9 29 0 0 0
BinVal : 10 0 0 0 0
BinVal : 10 1 0 0 0
BinVal : 10 2 0 0 0
BinVal : 10 3 0 0 0
BinVal : 10 4 1 0.218486 0.218486
BinVal : 10 5 1 0.0422902 0.0422902
BinVal : 10 6 0.956522 0.0425226 0.0425226
BinVal : 10 7 0.959184 0.0282664 0.0282664
BinVal : 10 8 0.884058 0.0385422 0.0385422
BinVal : 10 9 0.3 0.0591608 0.0591608
BinVal : 10 10 0.347826 0.0573374 0.0573374
BinVal : 10 11 0.0877193 0.0374692 0.0374692
BinVal : 10 12 0.574713 0.0530038 0.0530038
BinVal : 10 13 0.72 0.0518459 0.0518459
BinVal : 10 14 0.788235 0.0443144 0.0443144
BinVal : 10 15 0.847619 0.0350728 0.0350728
BinVal : 10 16 0.694118 0.0499786 0.0499786
BinVal : 10 17 0.619048 0.0611825 0.0611825
BinVal : 10 18 0.134146 0.0376361 0.0376361
BinVal : 10 19 0.33871 0.0601055 0.0601055
BinVal : 10 20 0.145455 0.047539 0.047539
BinVal : 10 21 0.931035 0.0332725 0.0332725
BinVal : 10 22 0.93617 0.0356566 0.0356566
BinVal : 10 23 0.794872 0.064659 0.064659
BinVal : 10 24 0.777778 0.0979908 0.0979908
BinVal : 10 25 1 0.159077 0.159077
BinVal : 10 26 0 0 0
BinVal : 10 27 0 0 0
BinVal : 10 28 0 0 0
BinVal : 10 29 0 0 0
BinVal : 11 0 0 0 0
BinVal : 11 1 0 0 0
BinVal : 11 2 0 0 0
BinVal : 11 3 0 0 0
BinVal : 11 4 0.625 0.171163 0.171163
BinVal : 11 5 0.6875 0.0819382 0.0819382
BinVal : 11 6 0.909091 0.0500438 0.0500438
BinVal : 11 7 0.886364 0.0478452 0.0478452
BinVal : 11 8 0.714286 0.0697071 0.0697071
BinVal : 11 9 0.0487805 0.0336412 0.0336412
BinVal : 11 10 0 0 0
BinVal : 11 11 0 0 0
BinVal : 11 12 0 0 0
BinVal : 11 13 0 0 0
BinVal : 11 14 0 0 0
BinVal : 11 15 0.0151515 0.0150363 0.0150363
BinVal : 11 16 0 0 0
BinVal : 11 17 0 0 0
BinVal : 11 18 0 0 0
BinVal : 11 19 0 0 0
BinVal : 11 20 0.0344828 0.0239589 0.0239589
BinVal : 11 21 0.65 0.0615765 0.0615765
BinVal : 11 22 0.884058 0.0385422 0.0385422
BinVal : 11 23 0.923077 0.0426692 0.0426692
BinVal : 11 24 0.939394 0.041536 0.041536
BinVal : 11 25 0.166667 0.152145 0.152145
BinVal : 11 26 0 0 0
BinVal : 11 27 0 0 0
BinVal : 11 28 0 0 0
BinVal : 11 29 0 0 0
BinVal : 12 0 0 0 0
BinVal : 12 1 0 0 0
BinVal : 12 2 0 0 0
BinVal : 12 3 0 0 0
BinVal : 12 4 0.333333 0.272166 0.272166
BinVal : 12 5 0.925926 0.050401 0.050401
BinVal : 12 6 0.909091 0.0433392 0.0433392
BinVal : 12 7 0.862069 0.0452781 0.0452781
BinVal : 12 8 0.646154 0.0593087 0.0593087
BinVal : 12 9 0 0 0
BinVal : 12 10 0 0 0
BinVal : 12 11 0 0 0
BinVal : 12 12 0 0 0
BinVal : 12 13 0 0 0
BinVal : 12 14 0 0 0
BinVal : 12 15 0 0 0
BinVal : 12 16 0 0 0
BinVal : 12 17 0.04 0.0277128 0.0277128
BinVal : 12 18 0 0 0
BinVal : 12 19 0 0 0
BinVal : 12 20 0 0 0
BinVal : 12 21 0.714286 0.0645363 0.0645363
BinVal : 12 22 0.984848 0.0150363 0.0150363
BinVal : 12 23 0.888889 0.0523783 0.0523783
BinVal : 12 24 0.88 0.0649923 0.0649923
BinVal : 12 25 0.5 0.25 0.25
BinVal : 12 26 0 0 0
BinVal : 12 27 0 0 0
BinVal : 12 28 0 0 0
BinVal : 12 29 0 0 0
BinVal : 13 0 0 0 0
BinVal : 13 1 0 0 0
BinVal : 13 2 0 0 0
BinVal : 13 3 0 0 0
BinVal : 13 4 0 0 0
BinVal : 13 5 0.857143 0.0763604 0.0763604
BinVal : 13 6 0.84 0.0518459 0.0518459
BinVal : 13 7 0.85 0.0460977 0.0460977
BinVal : 13 8 0.927536 0.0312105 0.0312105
BinVal : 13 9 0.375 0.0570544 0.0570544
BinVal : 13 10 0.413333 0.0568611 0.0568611
BinVal : 13 11 0.0707071 0.0257626 0.0257626
BinVal : 13 12 0.6625 0.052867 0.052867
BinVal : 13 13 0.470588 0.0541387 0.0541387
BinVal : 13 14 0.466667 0.0525874 0.0525874
BinVal : 13 15 0.5 0.0559017 0.0559017
BinVal : 13 16 0.435897 0.0561467 0.0561467
BinVal : 13 17 0.619718 0.057613 0.057613
BinVal : 13 18 0.0701754 0.0338342 0.0338342
BinVal : 13 19 0.348485 0.0586519 0.0586519
BinVal : 13 20 0.271186 0.0578784 0.0578784
BinVal : 13 21 0.95 0.0281366 0.0281366
BinVal : 13 22 0.875 0.0477352 0.0477352
BinVal : 13 23 0.944444 0.0381769 0.0381769
BinVal : 13 24 0.818182 0.116291 0.116291
BinVal : 13 25 0 0 0
BinVal : 13 26 0 0 0
BinVal : 13 27 0 0 0
BinVal : 13 28 0 0 0
BinVal : 13 29 0 0 0
BinVal : 14 0 0 0 0
BinVal : 14 1 0 0 0
BinVal : 14 2 0 0 0
BinVal : 14 3 0 0 0
BinVal : 14 4 0 0 0
BinVal : 14 5 0.714286 0.170747 0.170747
BinVal : 14 6 0.814815 0.0747568 0.0747568
BinVal : 14 7 0.853659 0.0551993 0.0551993
BinVal : 14 8 0.901961 0.0416398 0.0416398
BinVal : 14 9 0.921875 0.033546 0.033546
BinVal : 14 10 0.528302 0.0685702 0.0685702
BinVal : 14 11 0.691176 0.0560267 0.0560267
BinVal : 14 12 0.768116 0.0508071 0.0508071
BinVal : 14 13 0.680556 0.0549494 0.0549494
BinVal : 14 14 0.850746 0.0435337 0.0435337
BinVal : 14 15 0.760563 0.0506447 0.0506447
BinVal : 14 16 0.661017 0.0616268 0.0616268
BinVal : 14 17 0.56962 0.0557064 0.0557064
BinVal : 14 18 0.464286 0.0666446 0.0666446
BinVal : 14 19 0.444444 0.0676201 0.0676201
BinVal : 14 20 0.974026 0.0181263 0.0181263
BinVal : 14 21 0.902439 0.0463399 0.0463399
BinVal : 14 22 0.902439 0.0463399 0.0463399
BinVal : 14 23 0.882353 0.0552551 0.0552551
BinVal : 14 24 1 0.0279117 0.0279117
BinVal : 14 25 0 0 0
BinVal : 14 26 0 0 0
BinVal : 14 27 0 0 0
BinVal : 14 28 0 0 0
BinVal : 14 29 0 0 0
BinVal : 15 0 0 0 0
BinVal : 15 1 0 0 0
BinVal : 15 2 0 0 0
BinVal : 15 3 0 0 0
BinVal : 15 4 0 0 0
BinVal : 15 5 0.941176 0.0570672 0.0570672
BinVal : 15 6 0.833333 0.0680414 0.0680414
BinVal : 15 7 0.979167 0.0206152 0.0206152
BinVal : 15 8 0.95 0.0281366 0.0281366
BinVal : 15 9 0.54386 0.0659713 0.0659713
BinVal : 15 10 0.785714 0.0447702 0.0447702
BinVal : 15 11 0.734177 0.049703 0.049703
BinVal : 15 12 0.804878 0.0437634 0.0437634
BinVal : 15 13 0.941176 0.0285336 0.0285336
BinVal : 15 14 0.901235 0.0331496 0.0331496
BinVal : 15 15 0.924051 0.0298055 0.0298055
BinVal : 15 16 0.735294 0.0535005 0.0535005
BinVal : 15 17 0.662338 0.0538934 0.0538934
BinVal : 15 18 0.506024 0.0548781 0.0548781
BinVal : 15 19 0.578947 0.0653959 0.0653959
BinVal : 15 20 0.573171 0.0546213 0.0546213
BinVal : 15 21 0.929825 0.0338342 0.0338342
BinVal : 15 22 0.957747 0.0238741 0.0238741
BinVal : 15 23 0.952381 0.0328603 0.0328603
BinVal : 15 24 0.827586 0.0701445 0.0701445
BinVal : 15 25 0.5 0.204124 0.204124
BinVal : 15 26 0 0 0
BinVal : 15 27 0 0 0
BinVal : 15 28 0 0 0
BinVal : 15 29 0 0 0


Comments : includes prescale inefficiency, cosmic veto applied 
EffMethod : TagAndProbe 
EffName : eff 
EffType : Binned 
EffVarNames : phi deteta 
EffVersion : 3 
ObjQuality : MuFromMuJetsOR 
ObjRelativeTo : loose_tracktight_iso_deltaR 
ObjType : Muon 
ObjVersion : 1 
RunRangeHigh : -1 
RunRangeLow : -1 
TriggerVersionHigh : 15.89 
TriggerVersionLow : 15.5 
BinEdgesX : 0 0.3927 0.7854 1.1781 1.5708 1.9635 2.3562 2.7489 3.1416 3.5343 3.927 4.3197 4.7124 5.1051 5.4978 5.8905 6.2832 
BinEdgesY : -3 -2.8 -2.6 -2.4 -2.2 -2 -1.8 -1.6 -1.4 -1.2 -1 -0.8 -0.6 -0.4 -0.2 0 0.2 0.4 0.6 0.8 1 1.2 1.4 1.6 1.8 2 2.2 2.4 2.6 2.8 3 
BinVal : 0 0 0 0 0
BinVal : 0 1 0 0 0
BinVal : 0 2 0 0 0
BinVal : 0 3 0 0 0
BinVal : 0 4 0.222222 0.13858 0.13858
BinVal : 0 5 0.907692 0.0359031 0.0359031
BinVal : 0 6 0.946429 0.0212766 0.0212766
BinVal : 0 7 0.840336 0.0335781 0.0335781
BinVal : 0 8 0.888889 0.0261891 0.0261891
BinVal : 0 9 0.68254 0.0338593 0.0338593
BinVal : 0 10 0.797235 0.0272935 0.0272935
BinVal : 0 11 0.702564 0.0327358 0.0327358
BinVal : 0 12 0.716418 0.0317925 0.0317925
BinVal : 0 13 0.895735 0.0210387 0.0210387
BinVal : 0 14 0.925 0.0186246 0.0186246
BinVal : 0 15 0.946078 0.0158136 0.0158136
BinVal : 0 16 0.783505 0.0295695 0.0295695
BinVal : 0 17 0.764398 0.0307067 0.0307067
BinVal : 0 18 0.707182 0.033824 0.033824
BinVal : 0 19 0.632258 0.0387305 0.0387305
BinVal : 0 20 0.672131 0.0347018 0.0347018
BinVal : 0 21 0.930818 0.0201248 0.0201248
BinVal : 0 22 0.909091 0.0261345 0.0261345
BinVal : 0 23 0.861702 0.0356059 0.0356059
BinVal : 0 24 0.948052 0.0252904 0.0252904
BinVal : 0 25 0.363636 0.145041 0.145041
BinVal : 0 26 0 0 0
BinVal : 0 27 0 0 0
BinVal : 0 28 0 0 0
BinVal : 0 29 0 0 0
BinVal : 1 0 0 0 0
BinVal : 1 1 0 0 0
BinVal : 1 2 0 0 0
BinVal : 1 3 0 0 0
BinVal : 1 4 0.5 0.353553 0.353553
BinVal : 1 5 0.777778 0.0619748 0.0619748
BinVal : 1 6 0.788235 0.0443144 0.0443144
BinVal : 1 7 0.863248 0.0317645 0.0317645
BinVal : 1 8 0.842105 0.0295764 0.0295764
BinVal : 1 9 0.94 0.0193907 0.0193907
BinVal : 1 10 0.604938 0.0384088 0.0384088
BinVal : 1 11 0.823834 0.0274222 0.0274222
BinVal : 1 12 0.651961 0.0333511 0.0333511
BinVal : 1 13 0.77 0.0297574 0.0297574
BinVal : 1 14 0.919598 0.0192755 0.0192755
BinVal : 1 15 0.894737 0.0222643 0.0222643
BinVal : 1 16 0.678947 0.0338711 0.0338711
BinVal : 1 17 0.756614 0.0312143 0.0312143
BinVal : 1 18 0.804348 0.0292453 0.0292453
BinVal : 1 19 0.578231 0.0407314 0.0407314
BinVal : 1 20 0.905797 0.0248661 0.0248661
BinVal : 1 21 0.924242 0.0230313 0.0230313
BinVal : 1 22 0.931818 0.0219388 0.0219388
BinVal : 1 23 0.915094 0.0270737 0.0270737
BinVal : 1 24 0.878049 0.0511047 0.0511047
BinVal : 1 25 1 0.218486 0.218486
BinVal : 1 26 0 0 0
BinVal : 1 27 0 0 0
BinVal : 1 28 0 0 0
BinVal : 1 29 0 0 0
BinVal : 2 0 0 0 0
BinVal : 2 1 0 0 0
BinVal : 2 2 0 0 0
BinVal : 2 3 0 0 0
BinVal : 2 4 0 0 0
BinVal : 2 5 0.73913 0.0915605 0.0915605
BinVal : 2 6 0.875 0.0477352 0.0477352
BinVal : 2 7 0.88172 0.0334872 0.0334872
BinVal : 2 8 0.895349 0.033008 0.033008
BinVal : 2 9 0.91954 0.0291619 0.0291619
BinVal : 2 10 0.515152 0.0502288 0.0502288
BinVal : 2 11 0.785047 0.0397126 0.0397126
BinVal : 2 12 0.761468 0.0408212 0.0408212
BinVal : 2 13 0.704348 0.0425535 0.0425535
BinVal : 2 14 0.940171 0.0219264 0.0219264
BinVal : 2 15 0.885246 0.028856 0.028856
BinVal : 2 16 0.691667 0.0421568 0.0421568
BinVal : 2 17 0.577586 0.0458615 0.0458615
BinVal : 2 18 0.682243 0.0450117 0.0450117
BinVal : 2 19 0.432692 0.0485828 0.0485828
BinVal : 2 20 0.94 0.0237487 0.0237487
BinVal : 2 21 0.941176 0.0255212 0.0255212
BinVal : 2 22 0.852941 0.0429488 0.0429488
BinVal : 2 23 0.789474 0.0539989 0.0539989
BinVal : 2 24 0.85 0.0798436 0.0798436
BinVal : 2 25 0 0 0
BinVal : 2 26 0 0 0
BinVal : 2 27 0 0 0
BinVal : 2 28 0 0 0
BinVal : 2 29 0 0 0
BinVal : 3 0 0 0 0
BinVal : 3 1 0 0 0
BinVal : 3 2 0 0 0
BinVal : 3 3 0 0 0
BinVal : 3 4 0 0 0
BinVal : 3 5 0.956522 0.0425226 0.0425226
BinVal : 3 6 0.894737 0.0497845 0.0497845
BinVal : 3 7 0.894737 0.0497845 0.0497845
BinVal : 3 8 0.953488 0.0321147 0.0321147
BinVal : 3 9 0.518519 0.0679947 0.0679947
BinVal : 3 10 0.678571 0.0624088 0.0624088
BinVal : 3 11 0.629032 0.0613492 0.0613492
BinVal : 3 12 0.644068 0.0623338 0.0623338
BinVal : 3 13 0.770492 0.0538416 0.0538416
BinVal : 3 14 0.925926 0.0356389 0.0356389
BinVal : 3 15 1 0.00964212 0.00964212
BinVal : 3 16 0.835821 0.0452562 0.0452562
BinVal : 3 17 0.672414 0.0616264 0.0616264
BinVal : 3 18 0.645161 0.060765 0.060765
BinVal : 3 19 0.611111 0.0574522 0.0574522
BinVal : 3 20 0.595745 0.0715829 0.0715829
BinVal : 3 21 0.980392 0.0194147 0.0194147
BinVal : 3 22 0.977273 0.0224675 0.0224675
BinVal : 3 23 0.941176 0.0403526 0.0403526
BinVal : 3 24 0.8 0.0730297 0.0730297
BinVal : 3 25 0 0 0
BinVal : 3 26 0 0 0
BinVal : 3 27 0 0 0
BinVal : 3 28 0 0 0
BinVal : 3 29 0 0 0
BinVal : 4 0 0 0 0
BinVal : 4 1 0 0 0
BinVal : 4 2 0 0 0
BinVal : 4 3 0 0 0
BinVal : 4 4 0.5 0.204124 0.204124
BinVal : 4 5 0.888889 0.0604812 0.0604812
BinVal : 4 6 0.967742 0.0317335 0.0317335
BinVal : 4 7 0.944444 0.0381769 0.0381769
BinVal : 4 8 0.928571 0.0344151 0.0344151
BinVal : 4 9 0.5 0.0771517 0.0771517
BinVal : 4 10 0.622642 0.0665822 0.0665822
BinVal : 4 11 0.690141 0.054881 0.054881
BinVal : 4 12 0.57971 0.0594231 0.0594231
BinVal : 4 13 0.84058 0.0440694 0.0440694
BinVal : 4 14 0.757143 0.0512525 0.0512525
BinVal : 4 15 0.741573 0.0464035 0.0464035
BinVal : 4 16 0.64 0.0678822 0.0678822
BinVal : 4 17 0.777778 0.0523783 0.0523783
BinVal : 4 18 0.65 0.0615765 0.0615765
BinVal : 4 19 0.625 0.0698771 0.0698771
BinVal : 4 20 0.618182 0.0655096 0.0655096
BinVal : 4 21 0.944444 0.0311713 0.0311713
BinVal : 4 22 0.9375 0.0349386 0.0349386
BinVal : 4 23 1 0.0224566 0.0224566
BinVal : 4 24 0.894737 0.0704059 0.0704059
BinVal : 4 25 0 0 0
BinVal : 4 26 0 0 0
BinVal : 4 27 0 0 0
BinVal : 4 28 0 0 0
BinVal : 4 29 0 0 0
BinVal : 5 0 0 0 0
BinVal : 5 1 0 0 0
BinVal : 5 2 0 0 0
BinVal : 5 3 0 0 0
BinVal : 5 4 0 0 0
BinVal : 5 5 0.823529 0.0924594 0.0924594
BinVal : 5 6 0.813559 0.0507036 0.0507036
BinVal : 5 7 0.915254 0.036258 0.036258
BinVal : 5 8 0.952381 0.0232357 0.0232357
BinVal : 5 9 0.864078 0.0337678 0.0337678
BinVal : 5 10 0.673077 0.0459979 0.0459979
BinVal : 5 11 0.771654 0.0372483 0.0372483
BinVal : 5 12 0.719008 0.0408621 0.0408621
BinVal : 5 13 0.723214 0.0422762 0.0422762
BinVal : 5 14 0.8 0.0344265 0.0344265
BinVal : 5 15 0.809917 0.0356697 0.0356697
BinVal : 5 16 0.62931 0.0448444 0.0448444
BinVal : 5 17 0.697248 0.0440072 0.0440072
BinVal : 5 18 0.793333 0.0330611 0.0330611
BinVal : 5 19 0.60177 0.0460514 0.0460514
BinVal : 5 20 0.777778 0.0384351 0.0384351
BinVal : 5 21 0.837838 0.0428488 0.0428488
BinVal : 5 22 0.731707 0.048929 0.048929
BinVal : 5 23 0.851852 0.048343 0.048343
BinVal : 5 24 0.5 0.176777 0.176777
BinVal : 5 25 1 0.218486 0.218486
BinVal : 5 26 0 0 0
BinVal : 5 27 0 0 0
BinVal : 5 28 0 0 0
BinVal : 5 29 0 0 0
BinVal : 6 0 0 0 0
BinVal : 6 1 0 0 0
BinVal : 6 2 0 0 0
BinVal : 6 3 0 0 0
BinVal : 6 4 0 0 0
BinVal : 6 5 1 0.0166125 0.0166125
BinVal : 6 6 0.870968 0.042575 0.042575
BinVal : 6 7 0.895652 0.0285077 0.0285077
BinVal : 6 8 0.931298 0.0221001 0.0221001
BinVal : 6 9 0.876033 0.0299585 0.0299585
BinVal : 6 10 0.680723 0.0361839 0.0361839
BinVal : 6 11 0.753333 0.0351968 0.0351968
BinVal : 6 12 0.690217 0.0340889 0.0340889
BinVal : 6 13 0.730769 0.0355132 0.0355132
BinVal : 6 14 0.797619 0.0309976 0.0309976
BinVal : 6 15 0.875 0.0261456 0.0261456
BinVal : 6 16 0.696133 0.034186 0.034186
BinVal : 6 17 0.641509 0.0380314 0.0380314
BinVal : 6 18 0.756098 0.0335332 0.0335332
BinVal : 6 19 0.58642 0.0386925 0.0386925
BinVal : 6 20 0.918699 0.0246423 0.0246423
BinVal : 6 21 0.930435 0.0237241 0.0237241
BinVal : 6 22 0.876289 0.0334305 0.0334305
BinVal : 6 23 0.818182 0.052007 0.052007
BinVal : 6 24 0.692308 0.128008 0.128008
BinVal : 6 25 0 0 0
BinVal : 6 26 0 0 0
BinVal : 6 27 0 0 0
BinVal : 6 28 0 0 0
BinVal : 6 29 0 0 0
BinVal : 7 0 0 0 0
BinVal : 7 1 0 0 0
BinVal : 7 2 0 0 0
BinVal : 7 3 0 0 0
BinVal : 7 4 0.285714 0.170747 0.170747
BinVal : 7 5 0.981132 0.0186891 0.0186891
BinVal : 7 6 0.904762 0.0320282 0.0320282
BinVal : 7 7 0.897436 0.0280483 0.0280483
BinVal : 7 8 0.958042 0.0167661 0.0167661
BinVal : 7 9 0.653061 0.0392595 0.0392595
BinVal : 7 10 0.734266 0.0369388 0.0369388
BinVal : 7 11 0.47619 0.044493 0.044493
BinVal : 7 12 0.724868 0.032484 0.032484
BinVal : 7 13 0.857143 0.026452 0.026452
BinVal : 7 14 0.819277 0.0298654 0.0298654
BinVal : 7 15 0.926554 0.019608 0.019608
BinVal : 7 16 0.78125 0.0298345 0.0298345
BinVal : 7 17 0.707182 0.033824 0.033824
BinVal : 7 18 0.6 0.0370328 0.0370328
BinVal : 7 19 0.714286 0.03726 0.03726
BinVal : 7 20 0.713178 0.0398208 0.0398208
BinVal : 7 21 0.921875 0.0237206 0.0237206
BinVal : 7 22 0.940741 0.0203211 0.0203211
BinVal : 7 23 0.903614 0.0323935 0.0323935
BinVal : 7 24 0.87234 0.0486767 0.0486767
BinVal : 7 25 0 0 0
BinVal : 7 26 0 0 0
BinVal : 7 27 0 0 0
BinVal : 7 28 0 0 0
BinVal : 7 29 0 0 0
BinVal : 8 0 0 0 0
BinVal : 8 1 0 0 0
BinVal : 8 2 0 0 0
BinVal : 8 3 0 0 0
BinVal : 8 4 0.666667 0.272166 0.272166
BinVal : 8 5 0.897436 0.0485811 0.0485811
BinVal : 8 6 0.864198 0.0380643 0.0380643
BinVal : 8 7 0.938776 0.0242176 0.0242176
BinVal : 8 8 0.969697 0.0149202 0.0149202
BinVal : 8 9 0.607362 0.0382495 0.0382495
BinVal : 8 10 0.67052 0.0357353 0.0357353
BinVal : 8 11 0.579787 0.035999 0.035999
BinVal : 8 12 0.761421 0.0303665 0.0303665
BinVal : 8 13 0.854545 0.0237695 0.0237695
BinVal : 8 14 0.839779 0.0272648 0.0272648
BinVal : 8 15 0.880531 0.0215747 0.0215747
BinVal : 8 16 0.831731 0.0259395 0.0259395
BinVal : 8 17 0.712042 0.0327643 0.0327643
BinVal : 8 18 0.465409 0.0395576 0.0395576
BinVal : 8 19 0.635359 0.0357769 0.0357769
BinVal : 8 20 0.666667 0.0377426 0.0377426
BinVal : 8 21 0.862319 0.0293313 0.0293313
BinVal : 8 22 0.918699 0.0246423 0.0246423
BinVal : 8 23 0.857143 0.0398779 0.0398779
BinVal : 8 24 0.882353 0.0451156 0.0451156
BinVal : 8 25 0 0 0
BinVal : 8 26 0 0 0
BinVal : 8 27 0 0 0
BinVal : 8 28 0 0 0
BinVal : 8 29 0 0 0
BinVal : 9 0 0 0 0
BinVal : 9 1 0 0 0
BinVal : 9 2 0 0 0
BinVal : 9 3 0 0 0
BinVal : 9 4 0 0 0
BinVal : 9 5 0.897436 0.0485811 0.0485811
BinVal : 9 6 0.907895 0.0331706 0.0331706
BinVal : 9 7 0.933824 0.0213164 0.0213164
BinVal : 9 8 0.934783 0.0210183 0.0210183
BinVal : 9 9 0.852713 0.0312024 0.0312024
BinVal : 9 10 0.554348 0.0366421 0.0366421
BinVal : 9 11 0.635802 0.037807 0.037807
BinVal : 9 12 0.685279 0.0330875 0.0330875
BinVal : 9 13 0.526596 0.0364146 0.0364146
BinVal : 9 14 0.819048 0.0265661 0.0265661
BinVal : 9 15 0.842365 0.0255758 0.0255758
BinVal : 9 16 0.717822 0.0316661 0.0316661
BinVal : 9 17 0.638191 0.0340634 0.0340634
BinVal : 9 18 0.55414 0.0396697 0.0396697
BinVal : 9 19 0.66 0.0386782 0.0386782
BinVal : 9 20 0.892216 0.0239969 0.0239969
BinVal : 9 21 0.904762 0.0261509 0.0261509
BinVal : 9 22 0.900826 0.0271723 0.0271723
BinVal : 9 23 0.893939 0.0379017 0.0379017
BinVal : 9 24 0.787879 0.0711647 0.0711647
BinVal : 9 25 0 0 0
BinVal : 9 26 0 0 0
BinVal : 9 27 0 0 0
BinVal : 9 28 0 0 0
BinVal : 9 29 0 0 0
BinVal : 10 0 0 0 0
BinVal : 10 1 0 0 0
BinVal : 10 2 0 0 0
BinVal : 10 3 0 0 0
BinVal : 10 4 0 0 0
BinVal : 10 5 0.84 0.0733212 0.0733212
BinVal : 10 6 0.873016 0.0419484 0.0419484
BinVal : 10 7 0.823529 0.0377464 0.0377464
BinVal : 10 8 0.878505 0.0315835 0.0315835
BinVal : 10 9 0.276923 0.0392464 0.0392464
BinVal : 10 10 0.315436 0.0380688 0.0380688
BinVal : 10 11 0.137931 0.0286364 0.0286364
BinVal : 10 12 0.645161 0.0384312 0.0384312
BinVal : 10 13 0.759036 0.0331935 0.0331935
BinVal : 10 14 0.782383 0.0297014 0.0297014
BinVal : 10 15 0.767568 0.0310542 0.0310542
BinVal : 10 16 0.68254 0.0338593 0.0338593
BinVal : 10 17 0.518293 0.0390173 0.0390173
BinVal : 10 18 0.123188 0.0279768 0.0279768
BinVal : 10 19 0.330645 0.0422473 0.0422473
BinVal : 10 20 0.255034 0.0357087 0.0357087
BinVal : 10 21 0.847222 0.0299811 0.0299811
BinVal : 10 22 0.873786 0.0327218 0.0327218
BinVal : 10 23 0.830769 0.0465075 0.0465075
BinVal : 10 24 0.885714 0.0537785 0.0537785
BinVal : 10 25 0 0 0
BinVal : 10 26 0 0 0
BinVal : 10 27 0 0 0
BinVal : 10 28 0 0 0
BinVal : 10 29 0 0 0
BinVal : 11 0 0 0 0
BinVal : 11 1 0 0 0
BinVal : 11 2 0 0 0
BinVal : 11 3 0 0 0
BinVal : 11 4 0.428571 0.187044 0.187044
BinVal : 11 5 0.857143 0.046761 0.046761
BinVal : 11 6 0.921053 0.0309317 0.0309317
BinVal : 11 7 0.953271 0.0204037 0.0204037
BinVal : 11 8 0.775194 0.0367548 0.0367548
BinVal : 11 9 0.00840336 0.00836798 0.00836798
BinVal : 11 10 0 0 0
BinVal : 11 11 0 0 0
BinVal : 11 12 0.0105263 0.0104708 0.0104708
BinVal : 11 13 0 0 0
BinVal : 11 14 0.00657895 0.00655727 0.00655727
BinVal : 11 15 0 0 0
BinVal : 11 16 0 0 0
BinVal : 11 17 0 0 0
BinVal : 11 18 0 0 0
BinVal : 11 19 0 0 0
BinVal : 11 20 0 0 0
BinVal : 11 21 0.75 0.0360844 0.0360844
BinVal : 11 22 0.884615 0.0313281 0.0313281
BinVal : 11 23 0.897959 0.0432431 0.0432431
BinVal : 11 24 0.82 0.0543323 0.0543323
BinVal : 11 25 0.384615 0.134932 0.134932
BinVal : 11 26 0 0 0
BinVal : 11 27 0 0 0
BinVal : 11 28 0 0 0
BinVal : 11 29 0 0 0
BinVal : 12 0 0 0 0
BinVal : 12 1 0 0 0
BinVal : 12 2 0 0 0
BinVal : 12 3 0 0 0
BinVal : 12 4 0.714286 0.170747 0.170747
BinVal : 12 5 0.861538 0.0428396 0.0428396
BinVal : 12 6 0.785714 0.0414492 0.0414492
BinVal : 12 7 0.811321 0.0380019 0.0380019
BinVal : 12 8 0.688679 0.0449738 0.0449738
BinVal : 12 9 0 0 0
BinVal : 12 10 0 0 0
BinVal : 12 11 0 0 0
BinVal : 12 12 0 0 0
BinVal : 12 13 0 0 0
BinVal : 12 14 0.00763359 0.0076044 0.0076044
BinVal : 12 15 0.0125786 0.00883831 0.00883831
BinVal : 12 16 0 0 0
BinVal : 12 17 0 0 0
BinVal : 12 18 0 0 0
BinVal : 12 19 0 0 0
BinVal : 12 20 0 0 0
BinVal : 12 21 0.720721 0.0425835 0.0425835
BinVal : 12 22 0.905512 0.0259558 0.0259558
BinVal : 12 23 0.901099 0.0312944 0.0312944
BinVal : 12 24 0.910714 0.0381055 0.0381055
BinVal : 12 25 0.5 0.144338 0.144338
BinVal : 12 26 0 0 0
BinVal : 12 27 0 0 0
BinVal : 12 28 0 0 0
BinVal : 12 29 0 0 0
BinVal : 13 0 0 0 0
BinVal : 13 1 0 0 0
BinVal : 13 2 0 0 0
BinVal : 13 3 0 0 0
BinVal : 13 4 1 0.218486 0.218486
BinVal : 13 5 0.869565 0.0496557 0.0496557
BinVal : 13 6 0.816092 0.0415346 0.0415346
BinVal : 13 7 0.754545 0.0410329 0.0410329
BinVal : 13 8 0.880282 0.0272425 0.0272425
BinVal : 13 9 0.270073 0.0379332 0.0379332
BinVal : 13 10 0.260274 0.036314 0.036314
BinVal : 13 11 0.0921986 0.024364 0.024364
BinVal : 13 12 0.502762 0.0371641 0.0371641
BinVal : 13 13 0.639785 0.0351999 0.0351999
BinVal : 13 14 0.806452 0.0289686 0.0289686
BinVal : 13 15 0.821622 0.0281463 0.0281463
BinVal : 13 16 0.693069 0.0324514 0.0324514
BinVal : 13 17 0.517857 0.0385512 0.0385512
BinVal : 13 18 0.0896552 0.023725 0.023725
BinVal : 13 19 0.335616 0.03908 0.03908
BinVal : 13 20 0.315436 0.0380688 0.0380688
BinVal : 13 21 0.864286 0.0289453 0.0289453
BinVal : 13 22 0.84375 0.0370579 0.0370579
BinVal : 13 23 0.911765 0.034396 0.034396
BinVal : 13 24 0.852941 0.0607387 0.0607387
BinVal : 13 25 1 0.218486 0.218486
BinVal : 13 26 0 0 0
BinVal : 13 27 0 0 0
BinVal : 13 28 0 0 0
BinVal : 13 29 0 0 0
BinVal : 14 0 0 0 0
BinVal : 14 1 0 0 0
BinVal : 14 2 0 0 0
BinVal : 14 3 0 0 0
BinVal : 14 4 0 0 0
BinVal : 14 5 0.909091 0.0612909 0.0612909
BinVal : 14 6 0.95082 0.0276873 0.0276873
BinVal : 14 7 0.844444 0.0382038 0.0382038
BinVal : 14 8 0.94 0.0237487 0.0237487
BinVal : 14 9 0.935484 0.0220618 0.0220618
BinVal : 14 10 0.594771 0.0396898 0.0396898
BinVal : 14 11 0.630872 0.0395336 0.0395336
BinVal : 14 12 0.618497 0.0369313 0.0369313
BinVal : 14 13 0.668605 0.0358917 0.0358917
BinVal : 14 14 0.881443 0.0232092 0.0232092
BinVal : 14 15 0.716578 0.0329555 0.0329555
BinVal : 14 16 0.566879 0.0395458 0.0395458
BinVal : 14 17 0.679803 0.0327455 0.0327455
BinVal : 14 18 0.552326 0.0379153 0.0379153
BinVal : 14 19 0.567742 0.0397907 0.0397907
BinVal : 14 20 0.923077 0.0233709 0.0233709
BinVal : 14 21 0.905512 0.0259558 0.0259558
BinVal : 14 22 0.95 0.0217945 0.0217945
BinVal : 14 23 0.875 0.0352548 0.0352548
BinVal : 14 24 0.857143 0.0591485 0.0591485
BinVal : 14 25 1 0.218486 0.218486
BinVal : 14 26 0 0 0
BinVal : 14 27 0 0 0
BinVal : 14 28 0 0 0
BinVal : 14 29 0 0 0
BinVal : 15 0 0 0 0
BinVal : 15 1 0 0 0
BinVal : 15 2 0 0 0
BinVal : 15 3 0 0 0
BinVal : 15 4 0.5 0.176777 0.176777
BinVal : 15 5 0.913793 0.0368537 0.0368537
BinVal : 15 6 0.933333 0.0262937 0.0262937
BinVal : 15 7 0.93913 0.0222953 0.0222953
BinVal : 15 8 0.917722 0.021861 0.021861
BinVal : 15 9 0.574324 0.0406431 0.0406431
BinVal : 15 10 0.7125 0.0357809 0.0357809
BinVal : 15 11 0.672619 0.036204 0.036204
BinVal : 15 12 0.686486 0.0341082 0.0341082
BinVal : 15 13 0.86413 0.0252605 0.0252605
BinVal : 15 14 0.922652 0.0198566 0.0198566
BinVal : 15 15 0.925 0.0186246 0.0186246
BinVal : 15 16 0.761628 0.0324889 0.0324889
BinVal : 15 17 0.728814 0.0334161 0.0334161
BinVal : 15 18 0.492147 0.0361743 0.0361743
BinVal : 15 19 0.616279 0.0370794 0.0370794
BinVal : 15 20 0.58 0.0402989 0.0402989
BinVal : 15 21 0.92 0.0242652 0.0242652
BinVal : 15 22 0.859504 0.031591 0.031591
BinVal : 15 23 0.903846 0.0289077 0.0289077
BinVal : 15 24 0.754098 0.0551353 0.0551353
BinVal : 15 25 0.142857 0.13226 0.13226
BinVal : 15 26 0 0 0
BinVal : 15 27 0 0 0
BinVal : 15 28 0 0 0
BinVal : 15 29 0 0 0


Comments : includes prescale inefficiency, cosmic veto applied 
EffMethod : TagAndProbe 
EffName : eff 
EffType : Binned 
EffVarNames : phi deteta 
EffVersion : 3 
ObjQuality : MuFromMuJetsOR 
ObjRelativeTo : loose_tracktight_iso_deltaR 
ObjType : Muon 
ObjVersion : 1 
RunRangeHigh : -1 
RunRangeLow : -1 
TriggerVersionHigh : 15.99 
TriggerVersionLow : 15.9 
BinEdgesX : 0 0.3927 0.7854 1.1781 1.5708 1.9635 2.3562 2.7489 3.1416 3.5343 3.927 4.3197 4.7124 5.1051 5.4978 5.8905 6.2832 
BinEdgesY : -3 -2.8 -2.6 -2.4 -2.2 -2 -1.8 -1.6 -1.4 -1.2 -1 -0.8 -0.6 -0.4 -0.2 0 0.2 0.4 0.6 0.8 1 1.2 1.4 1.6 1.8 2 2.2 2.4 2.6 2.8 3 
BinVal : 0 0 0 0 0
BinVal : 0 1 0 0 0
BinVal : 0 2 0 0 0
BinVal : 0 3 0 0 0
BinVal : 0 4 0.333333 0.272166 0.272166
BinVal : 0 5 0.880952 0.0499703 0.0499703
BinVal : 0 6 0.961538 0.0266683 0.0266683
BinVal : 0 7 0.958904 0.0232341 0.0232341
BinVal : 0 8 0.941176 0.0255212 0.0255212
BinVal : 0 9 0.627451 0.047872 0.047872
BinVal : 0 10 0.549451 0.0521573 0.0521573
BinVal : 0 11 0.519231 0.0489928 0.0489928
BinVal : 0 12 0.59542 0.0428823 0.0428823
BinVal : 0 13 0.728814 0.0409262 0.0409262
BinVal : 0 14 0.681416 0.0438308 0.0438308
BinVal : 0 15 0.688679 0.0449738 0.0449738
BinVal : 0 16 0.752475 0.0429432 0.0429432
BinVal : 0 17 0.455357 0.0470569 0.0470569
BinVal : 0 18 0.554455 0.0494559 0.0494559
BinVal : 0 19 0.561798 0.0525935 0.0525935
BinVal : 0 20 0.662921 0.0501074 0.0501074
BinVal : 0 21 0.962025 0.0215044 0.0215044
BinVal : 0 22 0.921875 0.033546 0.033546
BinVal : 0 23 0.888889 0.0427667 0.0427667
BinVal : 0 24 0.941176 0.0403526 0.0403526
BinVal : 0 25 0.666667 0.272166 0.272166
BinVal : 0 26 0 0 0
BinVal : 0 27 0 0 0
BinVal : 0 28 0 0 0
BinVal : 0 29 0 0 0
BinVal : 1 0 0 0 0
BinVal : 1 1 0 0 0
BinVal : 1 2 0 0 0
BinVal : 1 3 0 0 0
BinVal : 1 4 0 0 0
BinVal : 1 5 1 0.039392 0.039392
BinVal : 1 6 0.87234 0.0486767 0.0486767
BinVal : 1 7 0.958333 0.0288424 0.0288424
BinVal : 1 8 0.916667 0.0356812 0.0356812
BinVal : 1 9 0.956522 0.0245504 0.0245504
BinVal : 1 10 0.57971 0.0594231 0.0594231
BinVal : 1 11 0.735294 0.0535005 0.0535005
BinVal : 1 12 0.613333 0.0562323 0.0562323
BinVal : 1 13 0.583333 0.0581014 0.0581014
BinVal : 1 14 0.775281 0.044244 0.044244
BinVal : 1 15 0.7625 0.0475781 0.0475781
BinVal : 1 16 0.714286 0.0514821 0.0514821
BinVal : 1 17 0.659341 0.0496815 0.0496815
BinVal : 1 18 0.638889 0.0566066 0.0566066
BinVal : 1 19 0.573333 0.0571107 0.0571107
BinVal : 1 20 0.897059 0.0368511 0.0368511
BinVal : 1 21 0.941176 0.0329478 0.0329478
BinVal : 1 22 0.956522 0.030068 0.030068
BinVal : 1 23 0.875 0.0584634 0.0584634
BinVal : 1 24 0.923077 0.0522589 0.0522589
BinVal : 1 25 0 0 0
BinVal : 1 26 0 0 0
BinVal : 1 27 0 0 0
BinVal : 1 28 0 0 0
BinVal : 1 29 0 0 0
BinVal : 2 0 0 0 0
BinVal : 2 1 0 0 0
BinVal : 2 2 0 0 0
BinVal : 2 3 0 0 0
BinVal : 2 4 0 0 0
BinVal : 2 5 1 0.0495858 0.0495858
BinVal : 2 6 0.888889 0.0740741 0.0740741
BinVal : 2 7 0.869565 0.0702237 0.0702237
BinVal : 2 8 0.84375 0.0641862 0.0641862
BinVal : 2 9 0.882353 0.0552551 0.0552551
BinVal : 2 10 0.666667 0.0860663 0.0860663
BinVal : 2 11 0.871795 0.0535337 0.0535337
BinVal : 2 12 0.586957 0.0725975 0.0725975
BinVal : 2 13 0.657143 0.0802329 0.0802329
BinVal : 2 14 0.944444 0.0381769 0.0381769
BinVal : 2 15 0.883721 0.0488848 0.0488848
BinVal : 2 16 0.809524 0.0605913 0.0605913
BinVal : 2 17 0.690476 0.071334 0.071334
BinVal : 2 18 0.837838 0.0605974 0.0605974
BinVal : 2 19 0.615385 0.077903 0.077903
BinVal : 2 20 0.933333 0.045542 0.045542
BinVal : 2 21 0.78125 0.0730792 0.0730792
BinVal : 2 22 0.785714 0.0775443 0.0775443
BinVal : 2 23 0.705882 0.11051 0.11051
BinVal : 2 24 0.6 0.219089 0.219089
BinVal : 2 25 0 0 0
BinVal : 2 26 0 0 0
BinVal : 2 27 0 0 0
BinVal : 2 28 0 0 0
BinVal : 2 29 0 0 0
BinVal : 3 0 0 0 0
BinVal : 3 1 0 0 0
BinVal : 3 2 0 0 0
BinVal : 3 3 0 0 0
BinVal : 3 4 0 0 0
BinVal : 3 5 1 0.124824 0.124824
BinVal : 3 6 0.6 0.219089 0.219089
BinVal : 3 7 1 0.0368657 0.0368657
BinVal : 3 8 1 0.039392 0.039392
BinVal : 3 9 0.578947 0.113269 0.113269
BinVal : 3 10 0.75 0.153093 0.153093
BinVal : 3 11 0.785714 0.109664 0.109664
BinVal : 3 12 0.428571 0.10799 0.10799
BinVal : 3 13 0.8 0.126491 0.126491
BinVal : 3 14 0.944444 0.0539903 0.0539903
BinVal : 3 15 1 0.039392 0.039392
BinVal : 3 16 0.666667 0.136083 0.136083
BinVal : 3 17 0.944444 0.0539903 0.0539903
BinVal : 3 18 0.727273 0.134282 0.134282
BinVal : 3 19 0.533333 0.128812 0.128812
BinVal : 3 20 0.538462 0.138264 0.138264
BinVal : 3 21 0.875 0.0826797 0.0826797
BinVal : 3 22 1 0.039392 0.039392
BinVal : 3 23 0.875 0.116927 0.116927
BinVal : 3 24 1 0.0495858 0.0495858
BinVal : 3 25 0 0 0
BinVal : 3 26 0 0 0
BinVal : 3 27 0 0 0
BinVal : 3 28 0 0 0
BinVal : 3 29 0 0 0
BinVal : 4 0 0 0 0
BinVal : 4 1 0 0 0
BinVal : 4 2 0 0 0
BinVal : 4 3 0 0 0
BinVal : 4 4 0 0 0
BinVal : 4 5 0.5 0.25 0.25
BinVal : 4 6 0.666667 0.272166 0.272166
BinVal : 4 7 1 0.0756803 0.0756803
BinVal : 4 8 0.727273 0.134282 0.134282
BinVal : 4 9 0.764706 0.102879 0.102879
BinVal : 4 10 0.75 0.153093 0.153093
BinVal : 4 11 0.75 0.153093 0.153093
BinVal : 4 12 0.666667 0.157135 0.157135
BinVal : 4 13 0.904762 0.0640564 0.0640564
BinVal : 4 14 0.916667 0.0797856 0.0797856
BinVal : 4 15 0.866667 0.0877707 0.0877707
BinVal : 4 16 0.666667 0.157135 0.157135
BinVal : 4 17 0.818182 0.116291 0.116291
BinVal : 4 18 0.666667 0.157135 0.157135
BinVal : 4 19 0.75 0.153093 0.153093
BinVal : 4 20 0.727273 0.134282 0.134282
BinVal : 4 21 1 0.124824 0.124824
BinVal : 4 22 0.909091 0.0866784 0.0866784
BinVal : 4 23 0.75 0.153093 0.153093
BinVal : 4 24 1 0.159077 0.159077
BinVal : 4 25 0 0 0
BinVal : 4 26 0 0 0
BinVal : 4 27 0 0 0
BinVal : 4 28 0 0 0
BinVal : 4 29 0 0 0
BinVal : 5 0 0 0 0
BinVal : 5 1 0 0 0
BinVal : 5 2 0 0 0
BinVal : 5 3 0 0 0
BinVal : 5 4 0 0 0
BinVal : 5 5 0.857143 0.13226 0.13226
BinVal : 5 6 0.818182 0.116291 0.116291
BinVal : 5 7 0.85 0.0798436 0.0798436
BinVal : 5 8 0.8 0.0894427 0.0894427
BinVal : 5 9 0.875 0.0675077 0.0675077
BinVal : 5 10 0.535714 0.0942498 0.0942498
BinVal : 5 11 0.8 0.0894427 0.0894427
BinVal : 5 12 0.738095 0.0678427 0.0678427
BinVal : 5 13 0.78125 0.0730792 0.0730792
BinVal : 5 14 0.928571 0.0486704 0.0486704
BinVal : 5 15 0.972973 0.0266593 0.0266593
BinVal : 5 16 0.814815 0.0747568 0.0747568
BinVal : 5 17 0.538462 0.0977675 0.0977675
BinVal : 5 18 0.702703 0.0751416 0.0751416
BinVal : 5 19 0.565217 0.103367 0.103367
BinVal : 5 20 1 0.0233703 0.0233703
BinVal : 5 21 0.818182 0.116291 0.116291
BinVal : 5 22 1 0.0309157 0.0309157
BinVal : 5 23 0.583333 0.142319 0.142319
BinVal : 5 24 0.666667 0.272166 0.272166
BinVal : 5 25 0 0 0
BinVal : 5 26 0 0 0
BinVal : 5 27 0 0 0
BinVal : 5 28 0 0 0
BinVal : 5 29 0 0 0
BinVal : 6 0 0 0 0
BinVal : 6 1 0 0 0
BinVal : 6 2 0 0 0
BinVal : 6 3 0 0 0
BinVal : 6 4 0 0 0
BinVal : 6 5 0.85 0.0798436 0.0798436
BinVal : 6 6 0.96875 0.0307578 0.0307578
BinVal : 6 7 0.924528 0.0362839 0.0362839
BinVal : 6 8 0.979592 0.0201988 0.0201988
BinVal : 6 9 0.941176 0.0285336 0.0285336
BinVal : 6 10 0.596491 0.0649817 0.0649817
BinVal : 6 11 0.788732 0.0484454 0.0484454
BinVal : 6 12 0.637681 0.0578659 0.0578659
BinVal : 6 13 0.792208 0.0462369 0.0462369
BinVal : 6 14 0.766234 0.048231 0.048231
BinVal : 6 15 0.9 0.0387298 0.0387298
BinVal : 6 16 0.80303 0.0489546 0.0489546
BinVal : 6 17 0.75 0.051031 0.051031
BinVal : 6 18 0.769231 0.0477057 0.0477057
BinVal : 6 19 0.529412 0.0605289 0.0605289
BinVal : 6 20 0.945455 0.0306209 0.0306209
BinVal : 6 21 0.888889 0.0468486 0.0468486
BinVal : 6 22 0.952381 0.0328603 0.0328603
BinVal : 6 23 0.84 0.0733212 0.0733212
BinVal : 6 24 0.727273 0.134282 0.134282
BinVal : 6 25 0 0 0
BinVal : 6 26 0 0 0
BinVal : 6 27 0 0 0
BinVal : 6 28 0 0 0
BinVal : 6 29 0 0 0
BinVal : 7 0 0 0 0
BinVal : 7 1 0 0 0
BinVal : 7 2 0 0 0
BinVal : 7 3 0 0 0
BinVal : 7 4 0 0 0
BinVal : 7 5 0.896552 0.0565523 0.0565523
BinVal : 7 6 0.92 0.0383667 0.0383667
BinVal : 7 7 0.967213 0.0228006 0.0228006
BinVal : 7 8 0.956522 0.0245504 0.0245504
BinVal : 7 9 0.621622 0.0563781 0.0563781
BinVal : 7 10 0.719512 0.04961 0.04961
BinVal : 7 11 0.634146 0.0531914 0.0531914
BinVal : 7 12 0.757143 0.0512525 0.0512525
BinVal : 7 13 0.84375 0.0370579 0.0370579
BinVal : 7 14 0.816176 0.0332141 0.0332141
BinVal : 7 15 0.909091 0.0274101 0.0274101
BinVal : 7 16 0.831579 0.0383962 0.0383962
BinVal : 7 17 0.75 0.0472456 0.0472456
BinVal : 7 18 0.728571 0.0531514 0.0531514
BinVal : 7 19 0.728395 0.0494208 0.0494208
BinVal : 7 20 0.642105 0.0491834 0.0491834
BinVal : 7 21 0.958333 0.0235498 0.0235498
BinVal : 7 22 0.916667 0.0356812 0.0356812
BinVal : 7 23 0.868421 0.0548361 0.0548361
BinVal : 7 24 0.931035 0.0470544 0.0470544
BinVal : 7 25 0.5 0.353553 0.353553
BinVal : 7 26 0 0 0
BinVal : 7 27 0 0 0
BinVal : 7 28 0 0 0
BinVal : 7 29 0 0 0
BinVal : 8 0 0 0 0
BinVal : 8 1 0 0 0
BinVal : 8 2 0 0 0
BinVal : 8 3 0 0 0
BinVal : 8 4 0 0 0
BinVal : 8 5 0.916667 0.0564169 0.0564169
BinVal : 8 6 0.924528 0.0362839 0.0362839
BinVal : 8 7 0.932203 0.032729 0.032729
BinVal : 8 8 0.970149 0.0207902 0.0207902
BinVal : 8 9 0.619718 0.057613 0.057613
BinVal : 8 10 0.737705 0.0563211 0.0563211
BinVal : 8 11 0.707865 0.0482028 0.0482028
BinVal : 8 12 0.621951 0.0535482 0.0535482
BinVal : 8 13 0.736264 0.0461935 0.0461935
BinVal : 8 14 0.756757 0.0407227 0.0407227
BinVal : 8 15 0.865385 0.0334684 0.0334684
BinVal : 8 16 0.789474 0.0418273 0.0418273
BinVal : 8 17 0.666667 0.0505399 0.0505399
BinVal : 8 18 0.657658 0.0450369 0.0450369
BinVal : 8 19 0.72 0.0518459 0.0518459
BinVal : 8 20 0.680556 0.0549494 0.0549494
BinVal : 8 21 0.88 0.0375233 0.0375233
BinVal : 8 22 0.894737 0.0406489 0.0406489
BinVal : 8 23 0.923077 0.0369527 0.0369527
BinVal : 8 24 0.913043 0.0587534 0.0587534
BinVal : 8 25 0 0 0
BinVal : 8 26 0 0 0
BinVal : 8 27 0 0 0
BinVal : 8 28 0 0 0
BinVal : 8 29 0 0 0
BinVal : 9 0 0 0 0
BinVal : 9 1 0 0 0
BinVal : 9 2 0 0 0
BinVal : 9 3 0 0 0
BinVal : 9 4 0 0 0
BinVal : 9 5 1 0.0599198 0.0599198
BinVal : 9 6 0.96875 0.0307578 0.0307578
BinVal : 9 7 0.946429 0.0300896 0.0300896
BinVal : 9 8 0.88 0.0459565 0.0459565
BinVal : 9 9 0.895522 0.0373691 0.0373691
BinVal : 9 10 0.471698 0.0685702 0.0685702
BinVal : 9 11 0.54 0.070484 0.070484
BinVal : 9 12 0.785714 0.0490433 0.0490433
BinVal : 9 13 0.418919 0.0573545 0.0573545
BinVal : 9 14 0.75 0.0484123 0.0484123
BinVal : 9 15 0.790698 0.0438675 0.0438675
BinVal : 9 16 0.52 0.0576888 0.0576888
BinVal : 9 17 0.698413 0.0578219 0.0578219
BinVal : 9 18 0.634921 0.0606573 0.0606573
BinVal : 9 19 0.5 0.0656532 0.0656532
BinVal : 9 20 0.948276 0.0290804 0.0290804
BinVal : 9 21 0.913043 0.0415449 0.0415449
BinVal : 9 22 0.921569 0.0376464 0.0376464
BinVal : 9 23 1 0.0279117 0.0279117
BinVal : 9 24 0.833333 0.152145 0.152145
BinVal : 9 25 0 0 0
BinVal : 9 26 0 0 0
BinVal : 9 27 0 0 0
BinVal : 9 28 0 0 0
BinVal : 9 29 0 0 0
BinVal : 10 0 0 0 0
BinVal : 10 1 0 0 0
BinVal : 10 2 0 0 0
BinVal : 10 3 0 0 0
BinVal : 10 4 0 0 0
BinVal : 10 5 1 0.0871301 0.0871301
BinVal : 10 6 1 0.0309157 0.0309157
BinVal : 10 7 0.962963 0.0363447 0.0363447
BinVal : 10 8 0.904762 0.0452948 0.0452948
BinVal : 10 9 0.395349 0.0745604 0.0745604
BinVal : 10 10 0.244444 0.0640644 0.0640644
BinVal : 10 11 0.0363636 0.0252411 0.0252411
BinVal : 10 12 0.555556 0.0676201 0.0676201
BinVal : 10 13 0.724138 0.0586871 0.0586871
BinVal : 10 14 0.707692 0.0564138 0.0564138
BinVal : 10 15 0.784615 0.0509893 0.0509893
BinVal : 10 16 0.761905 0.0657205 0.0657205
BinVal : 10 17 0.380952 0.0749329 0.0749329
BinVal : 10 18 0.12 0.0459565 0.0459565
BinVal : 10 19 0.301887 0.063059 0.063059
BinVal : 10 20 0.313726 0.0649739 0.0649739
BinVal : 10 21 1 0.0131822 0.0131822
BinVal : 10 22 0.925926 0.050401 0.050401
BinVal : 10 23 1 0.018786 0.018786
BinVal : 10 24 0.857143 0.093522 0.093522
BinVal : 10 25 0 0 0
BinVal : 10 26 0 0 0
BinVal : 10 27 0 0 0
BinVal : 10 28 0 0 0
BinVal : 10 29 0 0 0
BinVal : 11 0 0 0 0
BinVal : 11 1 0 0 0
BinVal : 11 2 0 0 0
BinVal : 11 3 0 0 0
BinVal : 11 4 1 0.218486 0.218486
BinVal : 11 5 0.9 0.0948683 0.0948683
BinVal : 11 6 1 0.0542655 0.0542655
BinVal : 11 7 0.975 0.0246855 0.0246855
BinVal : 11 8 0.952381 0.0464714 0.0464714
BinVal : 11 9 0 0 0
BinVal : 11 10 0 0 0
BinVal : 11 11 0 0 0
BinVal : 11 12 0 0 0
BinVal : 11 13 0 0 0
BinVal : 11 14 0 0 0
BinVal : 11 15 0 0 0
BinVal : 11 16 0 0 0
BinVal : 11 17 0 0 0
BinVal : 11 18 0 0 0
BinVal : 11 19 0 0 0
BinVal : 11 20 0 0 0
BinVal : 11 21 0.923077 0.0522589 0.0522589
BinVal : 11 22 0.931035 0.0470544 0.0470544
BinVal : 11 23 0.833333 0.107583 0.107583
BinVal : 11 24 1 0.0542655 0.0542655
BinVal : 11 25 0 0 0
BinVal : 11 26 0 0 0
BinVal : 11 27 0 0 0
BinVal : 11 28 0 0 0
BinVal : 11 29 0 0 0
BinVal : 12 0 0 0 0
BinVal : 12 1 0 0 0
BinVal : 12 2 0 0 0
BinVal : 12 3 0 0 0
BinVal : 12 4 0 0 0
BinVal : 12 5 0.923077 0.0739053 0.0739053
BinVal : 12 6 0.941176 0.0570672 0.0570672
BinVal : 12 7 0.916667 0.0797856 0.0797856
BinVal : 12 8 0.777778 0.0979908 0.0979908
BinVal : 12 9 0 0 0
BinVal : 12 10 0 0 0
BinVal : 12 11 0 0 0
BinVal : 12 12 0 0 0
BinVal : 12 13 0 0 0
BinVal : 12 14 0 0 0
BinVal : 12 15 0 0 0
BinVal : 12 16 0 0 0
BinVal : 12 17 0 0 0
BinVal : 12 18 0 0 0
BinVal : 12 19 0 0 0
BinVal : 12 20 0 0 0
BinVal : 12 21 0.782609 0.0860061 0.0860061
BinVal : 12 22 0.862069 0.0640329 0.0640329
BinVal : 12 23 0.866667 0.0877707 0.0877707
BinVal : 12 24 0.888889 0.104757 0.104757
BinVal : 12 25 0.5 0.353553 0.353553
BinVal : 12 26 0 0 0
BinVal : 12 27 0 0 0
BinVal : 12 28 0 0 0
BinVal : 12 29 0 0 0
BinVal : 13 0 0 0 0
BinVal : 13 1 0 0 0
BinVal : 13 2 0 0 0
BinVal : 13 3 0 0 0
BinVal : 13 4 0 0 0
BinVal : 13 5 1 0.0756803 0.0756803
BinVal : 13 6 0.73913 0.0915605 0.0915605
BinVal : 13 7 0.848485 0.0624156 0.0624156
BinVal : 13 8 0.875 0.0584634 0.0584634
BinVal : 13 9 0.228571 0.0709782 0.0709782
BinVal : 13 10 0.451613 0.0893812 0.0893812
BinVal : 13 11 0.138889 0.0576384 0.0576384
BinVal : 13 12 0.3 0.0724569 0.0724569
BinVal : 13 13 0.727273 0.0671408 0.0671408
BinVal : 13 14 0.731707 0.069196 0.069196
BinVal : 13 15 0.75 0.0684653 0.0684653
BinVal : 13 16 0.818182 0.0671408 0.0671408
BinVal : 13 17 0.44186 0.0757321 0.0757321
BinVal : 13 18 0.131579 0.0548361 0.0548361
BinVal : 13 19 0.431818 0.0746737 0.0746737
BinVal : 13 20 0.205882 0.0693446 0.0693446
BinVal : 13 21 0.885714 0.0537785 0.0537785
BinVal : 13 22 0.965517 0.033883 0.033883
BinVal : 13 23 0.923077 0.0739053 0.0739053
BinVal : 13 24 0.8 0.178885 0.178885
BinVal : 13 25 0 0 0
BinVal : 13 26 0 0 0
BinVal : 13 27 0 0 0
BinVal : 13 28 0 0 0
BinVal : 13 29 0 0 0
BinVal : 14 0 0 0 0
BinVal : 14 1 0 0 0
BinVal : 14 2 0 0 0
BinVal : 14 3 0 0 0
BinVal : 14 4 0 0 0
BinVal : 14 5 0.833333 0.107583 0.107583
BinVal : 14 6 0.868421 0.0548361 0.0548361
BinVal : 14 7 0.953488 0.0321147 0.0321147
BinVal : 14 8 0.877551 0.0468291 0.0468291
BinVal : 14 9 0.857143 0.0499896 0.0499896
BinVal : 14 10 0.614286 0.0581794 0.0581794
BinVal : 14 11 0.701493 0.0559051 0.0559051
BinVal : 14 12 0.634921 0.0606573 0.0606573
BinVal : 14 13 0.657534 0.0555401 0.0555401
BinVal : 14 14 0.8375 0.0412453 0.0412453
BinVal : 14 15 0.810127 0.044126 0.044126
BinVal : 14 16 0.677419 0.059368 0.059368
BinVal : 14 17 0.655738 0.0608338 0.0608338
BinVal : 14 18 0.576923 0.068512 0.068512
BinVal : 14 19 0.457143 0.0595415 0.0595415
BinVal : 14 20 0.898305 0.0393492 0.0393492
BinVal : 14 21 0.941176 0.0329478 0.0329478
BinVal : 14 22 0.901961 0.0416398 0.0416398
BinVal : 14 23 0.852941 0.0607387 0.0607387
BinVal : 14 24 0.8125 0.0975781 0.0975781
BinVal : 14 25 0 0 0
BinVal : 14 26 0 0 0
BinVal : 14 27 0 0 0
BinVal : 14 28 0 0 0
BinVal : 14 29 0 0 0
BinVal : 15 0 0 0 0
BinVal : 15 1 0 0 0
BinVal : 15 2 0 0 0
BinVal : 15 3 0 0 0
BinVal : 15 4 0 0 0
BinVal : 15 5 0.933333 0.045542 0.045542
BinVal : 15 6 0.86 0.0490714 0.0490714
BinVal : 15 7 0.935484 0.0312001 0.0312001
BinVal : 15 8 0.876712 0.0384793 0.0384793
BinVal : 15 9 0.531646 0.0561416 0.0561416
BinVal : 15 10 0.740741 0.048692 0.048692
BinVal : 15 11 0.680672 0.042738 0.042738
BinVal : 15 12 0.747573 0.0428032 0.0428032
BinVal : 15 13 0.88 0.0324962 0.0324962
BinVal : 15 14 0.954887 0.017997 0.017997
BinVal : 15 15 0.87963 0.0313111 0.0313111
BinVal : 15 16 0.83871 0.0381389 0.0381389
BinVal : 15 17 0.704545 0.0486361 0.0486361
BinVal : 15 18 0.666667 0.0447437 0.0447437
BinVal : 15 19 0.641975 0.0532688 0.0532688
BinVal : 15 20 0.604396 0.051259 0.051259
BinVal : 15 21 0.972222 0.0193671 0.0193671
BinVal : 15 22 0.933333 0.0322031 0.0322031
BinVal : 15 23 0.930233 0.0388497 0.0388497
BinVal : 15 24 0.897436 0.0485811 0.0485811
BinVal : 15 25 0.4 0.219089 0.219089
BinVal : 15 26 0 0 0
BinVal : 15 27 0 0 0
BinVal : 15 28 0 0 0
BinVal : 15 29 0 0 0


Comments : includes prescale inefficiency, cosmic veto applied 
EffMethod : TagAndProbe 
EffName : eff 
EffType : Binned 
EffVarNames : phi deteta 
EffVersion : 3 
ObjQuality : MuFromMuJetsOR 
ObjRelativeTo : loose_tracktight_iso_deltaR 
ObjType : Muon 
ObjVersion : 1 
RunRangeHigh : -1 
RunRangeLow : -1 
TriggerVersionHigh : 16.1 
TriggerVersionLow : 16 
BinEdgesX : 0 0.3927 0.7854 1.1781 1.5708 1.9635 2.3562 2.7489 3.1416 3.5343 3.927 4.3197 4.7124 5.1051 5.4978 5.8905 6.2832 
BinEdgesY : -3 -2.8 -2.6 -2.4 -2.2 -2 -1.8 -1.6 -1.4 -1.2 -1 -0.8 -0.6 -0.4 -0.2 0 0.2 0.4 0.6 0.8 1 1.2 1.4 1.6 1.8 2 2.2 2.4 2.6 2.8 3 
BinVal : 0 0 0 0 0
BinVal : 0 1 0 0 0
BinVal : 0 2 0 0 0
BinVal : 0 3 0 0 0
BinVal : 0 4 0.333333 0.272166 0.272166
BinVal : 0 5 0.90566 0.0401506 0.0401506
BinVal : 0 6 0.90625 0.0297491 0.0297491
BinVal : 0 7 0.948718 0.0203919 0.0203919
BinVal : 0 8 0.990476 0.00947835 0.00947835
BinVal : 0 9 0.785714 0.0346789 0.0346789
BinVal : 0 10 0.732877 0.036618 0.036618
BinVal : 0 11 0.648485 0.0371689 0.0371689
BinVal : 0 12 0.619355 0.039 0.039
BinVal : 0 13 0.694444 0.0343343 0.0343343
BinVal : 0 14 0.704142 0.0351098 0.0351098
BinVal : 0 15 0.76087 0.0314459 0.0314459
BinVal : 0 16 0.680723 0.0361839 0.0361839
BinVal : 0 17 0.601351 0.0402465 0.0402465
BinVal : 0 18 0.630137 0.0399541 0.0399541
BinVal : 0 19 0.61194 0.042097 0.042097
BinVal : 0 20 0.822695 0.032164 0.032164
BinVal : 0 21 0.95 0.0198956 0.0198956
BinVal : 0 22 0.938776 0.0242176 0.0242176
BinVal : 0 23 0.917808 0.0321461 0.0321461
BinVal : 0 24 0.921875 0.033546 0.033546
BinVal : 0 25 0.3 0.144914 0.144914
BinVal : 0 26 0 0 0
BinVal : 0 27 0 0 0
BinVal : 0 28 0 0 0
BinVal : 0 29 0 0 0
BinVal : 1 0 0 0 0
BinVal : 1 1 0 0 0
BinVal : 1 2 0 0 0
BinVal : 1 3 0 0 0
BinVal : 1 4 0 0 0
BinVal : 1 5 0.902439 0.0463399 0.0463399
BinVal : 1 6 0.851064 0.0367212 0.0367212
BinVal : 1 7 0.947368 0.0209137 0.0209137
BinVal : 1 8 0.912281 0.0264947 0.0264947
BinVal : 1 9 0.964286 0.0156841 0.0156841
BinVal : 1 10 0.565217 0.0421992 0.0421992
BinVal : 1 11 0.776224 0.0348524 0.0348524
BinVal : 1 12 0.494681 0.0364642 0.0364642
BinVal : 1 13 0.613497 0.0381407 0.0381407
BinVal : 1 14 0.66092 0.0358882 0.0358882
BinVal : 1 15 0.657609 0.0349813 0.0349813
BinVal : 1 16 0.562874 0.038384 0.038384
BinVal : 1 17 0.530488 0.0389708 0.0389708
BinVal : 1 18 0.650888 0.0366684 0.0366684
BinVal : 1 19 0.549383 0.0390916 0.0390916
BinVal : 1 20 0.955556 0.0177366 0.0177366
BinVal : 1 21 0.948148 0.0190833 0.0190833
BinVal : 1 22 0.953704 0.0202194 0.0202194
BinVal : 1 23 0.896104 0.0347723 0.0347723
BinVal : 1 24 0.847458 0.0468089 0.0468089
BinVal : 1 25 0 0 0
BinVal : 1 26 0 0 0
BinVal : 1 27 0 0 0
BinVal : 1 28 0 0 0
BinVal : 1 29 0 0 0
BinVal : 2 0 0 0 0
BinVal : 2 1 0 0 0
BinVal : 2 2 0 0 0
BinVal : 2 3 0 0 0
BinVal : 2 4 0 0 0
BinVal : 2 5 0.846154 0.100068 0.100068
BinVal : 2 6 0.941176 0.0403526 0.0403526
BinVal : 2 7 0.87013 0.038309 0.038309
BinVal : 2 8 0.86747 0.0372173 0.0372173
BinVal : 2 9 0.924051 0.0298055 0.0298055
BinVal : 2 10 0.512821 0.0565952 0.0565952
BinVal : 2 11 0.701923 0.0448531 0.0448531
BinVal : 2 12 0.517544 0.0468005 0.0468005
BinVal : 2 13 0.428571 0.0499896 0.0499896
BinVal : 2 14 0.659574 0.0488741 0.0488741
BinVal : 2 15 0.554348 0.0518197 0.0518197
BinVal : 2 16 0.418367 0.0498299 0.0498299
BinVal : 2 17 0.541284 0.0477278 0.0477278
BinVal : 2 18 0.57 0.0495076 0.0495076
BinVal : 2 19 0.493976 0.0548781 0.0548781
BinVal : 2 20 0.932692 0.0245689 0.0245689
BinVal : 2 21 0.973684 0.0183616 0.0183616
BinVal : 2 22 0.86747 0.0372173 0.0372173
BinVal : 2 23 0.8 0.0565685 0.0565685
BinVal : 2 24 0.947368 0.0512278 0.0512278
BinVal : 2 25 0 0 0
BinVal : 2 26 0 0 0
BinVal : 2 27 0 0 0
BinVal : 2 28 0 0 0
BinVal : 2 29 0 0 0
BinVal : 3 0 0 0 0
BinVal : 3 1 0 0 0
BinVal : 3 2 0 0 0
BinVal : 3 3 0 0 0
BinVal : 3 4 0.6 0.219089 0.219089
BinVal : 3 5 0.9375 0.0605154 0.0605154
BinVal : 3 6 0.909091 0.0612909 0.0612909
BinVal : 3 7 0.926829 0.0406702 0.0406702
BinVal : 3 8 0.981132 0.0186891 0.0186891
BinVal : 3 9 0.848485 0.0624156 0.0624156
BinVal : 3 10 0.605263 0.0792929 0.0792929
BinVal : 3 11 0.611111 0.0812497 0.0812497
BinVal : 3 12 0.418605 0.0752322 0.0752322
BinVal : 3 13 0.612245 0.0696055 0.0696055
BinVal : 3 14 0.487179 0.0800378 0.0800378
BinVal : 3 15 0.471698 0.0685702 0.0685702
BinVal : 3 16 0.565217 0.0730912 0.0730912
BinVal : 3 17 0.613636 0.0734053 0.0734053
BinVal : 3 18 0.595238 0.0757392 0.0757392
BinVal : 3 19 0.681818 0.0702175 0.0702175
BinVal : 3 20 0.641026 0.0768134 0.0768134
BinVal : 3 21 0.933333 0.0371849 0.0371849
BinVal : 3 22 0.947368 0.0362235 0.0362235
BinVal : 3 23 0.774194 0.0750952 0.0750952
BinVal : 3 24 0.818182 0.116291 0.116291
BinVal : 3 25 1 0.218486 0.218486
BinVal : 3 26 0 0 0
BinVal : 3 27 0 0 0
BinVal : 3 28 0 0 0
BinVal : 3 29 0 0 0
BinVal : 4 0 0 0 0
BinVal : 4 1 0 0 0
BinVal : 4 2 0 0 0
BinVal : 4 3 0 0 0
BinVal : 4 4 0 0 0
BinVal : 4 5 0.894737 0.0704059 0.0704059
BinVal : 4 6 0.916667 0.0797856 0.0797856
BinVal : 4 7 0.909091 0.0612909 0.0612909
BinVal : 4 8 1 0.0233703 0.0233703
BinVal : 4 9 0.766667 0.0772202 0.0772202
BinVal : 4 10 0.615385 0.0954113 0.0954113
BinVal : 4 11 0.708333 0.0927805 0.0927805
BinVal : 4 12 0.5 0.0944911 0.0944911
BinVal : 4 13 0.535714 0.0942498 0.0942498
BinVal : 4 14 0.645161 0.0859347 0.0859347
BinVal : 4 15 0.607143 0.0922962 0.0922962
BinVal : 4 16 0.518519 0.096159 0.096159
BinVal : 4 17 0.48 0.09992 0.09992
BinVal : 4 18 0.653846 0.0933009 0.0933009
BinVal : 4 19 0.6 0.0979796 0.0979796
BinVal : 4 20 0.722222 0.105572 0.105572
BinVal : 4 21 0.904762 0.0640564 0.0640564
BinVal : 4 22 1 0.0293374 0.0293374
BinVal : 4 23 0.818182 0.116291 0.116291
BinVal : 4 24 1 0.0542655 0.0542655
BinVal : 4 25 0 0 0
BinVal : 4 26 0 0 0
BinVal : 4 27 0 0 0
BinVal : 4 28 0 0 0
BinVal : 4 29 0 0 0
BinVal : 5 0 0 0 0
BinVal : 5 1 0 0 0
BinVal : 5 2 0 0 0
BinVal : 5 3 0 0 0
BinVal : 5 4 0 0 0
BinVal : 5 5 0.888889 0.104757 0.104757
BinVal : 5 6 0.969697 0.0298404 0.0298404
BinVal : 5 7 0.918919 0.0448743 0.0448743
BinVal : 5 8 0.944444 0.0311713 0.0311713
BinVal : 5 9 0.914894 0.0407022 0.0407022
BinVal : 5 10 0.566667 0.0639734 0.0639734
BinVal : 5 11 0.673077 0.0650509 0.0650509
BinVal : 5 12 0.672414 0.0616264 0.0616264
BinVal : 5 13 0.619718 0.057613 0.057613
BinVal : 5 14 0.784615 0.0509893 0.0509893
BinVal : 5 15 0.662162 0.054982 0.054982
BinVal : 5 16 0.57377 0.0633178 0.0633178
BinVal : 5 17 0.5 0.0693375 0.0693375
BinVal : 5 18 0.735294 0.0535005 0.0535005
BinVal : 5 19 0.55102 0.0710557 0.0710557
BinVal : 5 20 0.926829 0.0406702 0.0406702
BinVal : 5 21 0.888889 0.0427667 0.0427667
BinVal : 5 22 0.969697 0.0298404 0.0298404
BinVal : 5 23 0.962963 0.0363447 0.0363447
BinVal : 5 24 1 0.0668855 0.0668855
BinVal : 5 25 0 0 0
BinVal : 5 26 0 0 0
BinVal : 5 27 0 0 0
BinVal : 5 28 0 0 0
BinVal : 5 29 0 0 0
BinVal : 6 0 0 0 0
BinVal : 6 1 0 0 0
BinVal : 6 2 0 0 0
BinVal : 6 3 0 0 0
BinVal : 6 4 0 0 0
BinVal : 6 5 0.944444 0.0539903 0.0539903
BinVal : 6 6 0.853659 0.0551993 0.0551993
BinVal : 6 7 0.954545 0.0314022 0.0314022
BinVal : 6 8 0.921053 0.0309317 0.0309317
BinVal : 6 9 0.9625 0.0212408 0.0212408
BinVal : 6 10 0.662921 0.0501074 0.0501074
BinVal : 6 11 0.712329 0.0529818 0.0529818
BinVal : 6 12 0.509615 0.04902 0.04902
BinVal : 6 13 0.604938 0.0543182 0.0543182
BinVal : 6 14 0.518987 0.0562138 0.0562138
BinVal : 6 15 0.58427 0.0522417 0.0522417
BinVal : 6 16 0.556701 0.0504398 0.0504398
BinVal : 6 17 0.536842 0.0511595 0.0511595
BinVal : 6 18 0.779221 0.0472676 0.0472676
BinVal : 6 19 0.616279 0.0524381 0.0524381
BinVal : 6 20 0.946667 0.0259458 0.0259458
BinVal : 6 21 0.936508 0.0307217 0.0307217
BinVal : 6 22 0.875 0.0413399 0.0413399
BinVal : 6 23 0.790698 0.062038 0.062038
BinVal : 6 24 0.818182 0.116291 0.116291
BinVal : 6 25 0 0 0
BinVal : 6 26 0 0 0
BinVal : 6 27 0 0 0
BinVal : 6 28 0 0 0
BinVal : 6 29 0 0 0
BinVal : 7 0 0 0 0
BinVal : 7 1 0 0 0
BinVal : 7 2 0 0 0
BinVal : 7 3 0 0 0
BinVal : 7 4 0.5 0.25 0.25
BinVal : 7 5 0.823529 0.0653787 0.0653787
BinVal : 7 6 0.895522 0.0373691 0.0373691
BinVal : 7 7 0.972973 0.018851 0.018851
BinVal : 7 8 0.985915 0.013985 0.013985
BinVal : 7 9 0.757895 0.0439486 0.0439486
BinVal : 7 10 0.662791 0.0509787 0.0509787
BinVal : 7 11 0.489362 0.0515594 0.0515594
BinVal : 7 12 0.541284 0.0477278 0.0477278
BinVal : 7 13 0.560976 0.044747 0.044747
BinVal : 7 14 0.548148 0.0428332 0.0428332
BinVal : 7 15 0.685484 0.0416974 0.0416974
BinVal : 7 16 0.601399 0.0409433 0.0409433
BinVal : 7 17 0.605505 0.046813 0.046813
BinVal : 7 18 0.677778 0.0492606 0.0492606
BinVal : 7 19 0.663462 0.0463349 0.0463349
BinVal : 7 20 0.792683 0.0447672 0.0447672
BinVal : 7 21 0.925373 0.0321047 0.0321047
BinVal : 7 22 0.953846 0.0260247 0.0260247
BinVal : 7 23 0.859375 0.0434543 0.0434543
BinVal : 7 24 0.777778 0.06929 0.06929
BinVal : 7 25 0 0 0
BinVal : 7 26 0 0 0
BinVal : 7 27 0 0 0
BinVal : 7 28 0 0 0
BinVal : 7 29 0 0 0
BinVal : 8 0 0 0 0
BinVal : 8 1 0 0 0
BinVal : 8 2 0 0 0
BinVal : 8 3 0 0 0
BinVal : 8 4 0.428571 0.187044 0.187044
BinVal : 8 5 0.925 0.0416458 0.0416458
BinVal : 8 6 0.930556 0.0299587 0.0299587
BinVal : 8 7 0.949495 0.0220088 0.0220088
BinVal : 8 8 0.979021 0.0119845 0.0119845
BinVal : 8 9 0.730769 0.0389028 0.0389028
BinVal : 8 10 0.723577 0.0403252 0.0403252
BinVal : 8 11 0.701389 0.0381374 0.0381374
BinVal : 8 12 0.678322 0.0390626 0.0390626
BinVal : 8 13 0.674556 0.0360416 0.0360416
BinVal : 8 14 0.56701 0.0355741 0.0355741
BinVal : 8 15 0.730061 0.0347711 0.0347711
BinVal : 8 16 0.7 0.0341565 0.0341565
BinVal : 8 17 0.585987 0.0393098 0.0393098
BinVal : 8 18 0.613139 0.0416099 0.0416099
BinVal : 8 19 0.674242 0.0407914 0.0407914
BinVal : 8 20 0.753333 0.0351968 0.0351968
BinVal : 8 21 0.9125 0.0315919 0.0315919
BinVal : 8 22 0.857143 0.0366823 0.0366823
BinVal : 8 23 0.921053 0.0309317 0.0309317
BinVal : 8 24 0.780488 0.0646428 0.0646428
BinVal : 8 25 0 0 0
BinVal : 8 26 0 0 0
BinVal : 8 27 0 0 0
BinVal : 8 28 0 0 0
BinVal : 8 29 0 0 0
BinVal : 9 0 0 0 0
BinVal : 9 1 0 0 0
BinVal : 9 2 0 0 0
BinVal : 9 3 0 0 0
BinVal : 9 4 0 0 0
BinVal : 9 5 0.90625 0.051527 0.051527
BinVal : 9 6 0.806452 0.0409678 0.0409678
BinVal : 9 7 0.920635 0.0240809 0.0240809
BinVal : 9 8 0.912698 0.0251472 0.0251472
BinVal : 9 9 0.926829 0.0203351 0.0203351
BinVal : 9 10 0.577922 0.0397989 0.0397989
BinVal : 9 11 0.644295 0.0392188 0.0392188
BinVal : 9 12 0.666667 0.0340207 0.0340207
BinVal : 9 13 0.47619 0.0385321 0.0385321
BinVal : 9 14 0.548387 0.0364897 0.0364897
BinVal : 9 15 0.631579 0.0349953 0.0349953
BinVal : 9 16 0.510638 0.036458 0.036458
BinVal : 9 17 0.607143 0.0376798 0.0376798
BinVal : 9 18 0.6125 0.0385149 0.0385149
BinVal : 9 19 0.569536 0.040294 0.040294
BinVal : 9 20 0.954198 0.0182652 0.0182652
BinVal : 9 21 0.774775 0.0396492 0.0396492
BinVal : 9 22 0.877358 0.0318606 0.0318606
BinVal : 9 23 0.75 0.0541266 0.0541266
BinVal : 9 24 0.96 0.0391918 0.0391918
BinVal : 9 25 0 0 0
BinVal : 9 26 0 0 0
BinVal : 9 27 0 0 0
BinVal : 9 28 0 0 0
BinVal : 9 29 0 0 0
BinVal : 10 0 0 0 0
BinVal : 10 1 0 0 0
BinVal : 10 2 0 0 0
BinVal : 10 3 0 0 0
BinVal : 10 4 0 0 0
BinVal : 10 5 0.827586 0.0701445 0.0701445
BinVal : 10 6 0.867647 0.0410945 0.0410945
BinVal : 10 7 0.915966 0.0254327 0.0254327
BinVal : 10 8 0.91129 0.0255331 0.0255331
BinVal : 10 9 0.353383 0.0414496 0.0414496
BinVal : 10 10 0.427632 0.0401283 0.0401283
BinVal : 10 11 0.136364 0.0276538 0.0276538
BinVal : 10 12 0.467742 0.0365854 0.0365854
BinVal : 10 13 0.517413 0.0352459 0.0352459
BinVal : 10 14 0.455497 0.0360351 0.0360351
BinVal : 10 15 0.449198 0.0363744 0.0363744
BinVal : 10 16 0.482051 0.0357827 0.0357827
BinVal : 10 17 0.563218 0.0376007 0.0376007
BinVal : 10 18 0.151724 0.0297928 0.0297928
BinVal : 10 19 0.360294 0.041167 0.041167
BinVal : 10 20 0.336066 0.0427656 0.0427656
BinVal : 10 21 0.934307 0.0211663 0.0211663
BinVal : 10 22 0.932584 0.0265785 0.0265785
BinVal : 10 23 0.865854 0.0376361 0.0376361
BinVal : 10 24 0.935484 0.0441237 0.0441237
BinVal : 10 25 0 0 0
BinVal : 10 26 0 0 0
BinVal : 10 27 0 0 0
BinVal : 10 28 0 0 0
BinVal : 10 29 0 0 0
BinVal : 11 0 0 0 0
BinVal : 11 1 0 0 0
BinVal : 11 2 0 0 0
BinVal : 11 3 0 0 0
BinVal : 11 4 0.5 0.204124 0.204124
BinVal : 11 5 0.864865 0.0562027 0.0562027
BinVal : 11 6 0.951613 0.027252 0.027252
BinVal : 11 7 0.976744 0.016252 0.016252
BinVal : 11 8 0.804878 0.0357327 0.0357327
BinVal : 11 9 0 0 0
BinVal : 11 10 0.016129 0.0159984 0.0159984
BinVal : 11 11 0 0 0
BinVal : 11 12 0 0 0
BinVal : 11 13 0 0 0
BinVal : 11 14 0.008 0.00796794 0.00796794
BinVal : 11 15 0 0 0
BinVal : 11 16 0.0126582 0.0125779 0.0125779
BinVal : 11 17 0 0 0
BinVal : 11 18 0 0 0
BinVal : 11 19 0.0181818 0.0180158 0.0180158
BinVal : 11 20 0 0 0
BinVal : 11 21 0.758621 0.0458778 0.0458778
BinVal : 11 22 0.917647 0.0298173 0.0298173
BinVal : 11 23 0.862745 0.0481859 0.0481859
BinVal : 11 24 0.888889 0.0604812 0.0604812
BinVal : 11 25 0.5 0.353553 0.353553
BinVal : 11 26 0 0 0
BinVal : 11 27 0 0 0
BinVal : 11 28 0 0 0
BinVal : 11 29 0 0 0
BinVal : 12 0 0 0 0
BinVal : 12 1 0 0 0
BinVal : 12 2 0 0 0
BinVal : 12 3 0 0 0
BinVal : 12 4 0.333333 0.19245 0.19245
BinVal : 12 5 0.814815 0.0747568 0.0747568
BinVal : 12 6 0.87234 0.0486767 0.0486767
BinVal : 12 7 0.90566 0.0401506 0.0401506
BinVal : 12 8 0.76 0.0493153 0.0493153
BinVal : 12 9 0 0 0
BinVal : 12 10 0 0 0
BinVal : 12 11 0 0 0
BinVal : 12 12 0 0 0
BinVal : 12 13 0 0 0
BinVal : 12 14 0.0151515 0.0150363 0.0150363
BinVal : 12 15 0 0 0
BinVal : 12 16 0 0 0
BinVal : 12 17 0 0 0
BinVal : 12 18 0 0 0
BinVal : 12 19 0 0 0
BinVal : 12 20 0 0 0
BinVal : 12 21 0.763636 0.0572865 0.0572865
BinVal : 12 22 0.938776 0.0342488 0.0342488
BinVal : 12 23 0.794872 0.064659 0.064659
BinVal : 12 24 0.96875 0.0307578 0.0307578
BinVal : 12 25 1 0.102643 0.102643
BinVal : 12 26 0 0 0
BinVal : 12 27 0 0 0
BinVal : 12 28 0 0 0
BinVal : 12 29 0 0 0
BinVal : 13 0 0 0 0
BinVal : 13 1 0 0 0
BinVal : 13 2 0 0 0
BinVal : 13 3 0 0 0
BinVal : 13 4 0 0 0
BinVal : 13 5 0.666667 0.136083 0.136083
BinVal : 13 6 0.8 0.0596285 0.0596285
BinVal : 13 7 0.864407 0.044571 0.044571
BinVal : 13 8 0.935484 0.0312001 0.0312001
BinVal : 13 9 0.396825 0.0616383 0.0616383
BinVal : 13 10 0.532468 0.05686 0.05686
BinVal : 13 11 0.164384 0.0433782 0.0433782
BinVal : 13 12 0.688312 0.0527846 0.0527846
BinVal : 13 13 0.625 0.0474722 0.0474722
BinVal : 13 14 0.818182 0.0411152 0.0411152
BinVal : 13 15 0.778846 0.0406964 0.0406964
BinVal : 13 16 0.717391 0.0469437 0.0469437
BinVal : 13 17 0.483146 0.0529698 0.0529698
BinVal : 13 18 0.109756 0.0345193 0.0345193
BinVal : 13 19 0.342105 0.0544191 0.0544191
BinVal : 13 20 0.2625 0.0491927 0.0491927
BinVal : 13 21 0.921053 0.0309317 0.0309317
BinVal : 13 22 0.912281 0.0374692 0.0374692
BinVal : 13 23 0.861111 0.0576384 0.0576384
BinVal : 13 24 0.846154 0.100068 0.100068
BinVal : 13 25 0 0 0
BinVal : 13 26 0 0 0
BinVal : 13 27 0 0 0
BinVal : 13 28 0 0 0
BinVal : 13 29 0 0 0
BinVal : 14 0 0 0 0
BinVal : 14 1 0 0 0
BinVal : 14 2 0 0 0
BinVal : 14 3 0 0 0
BinVal : 14 4 0 0 0
BinVal : 14 5 0.7 0.144914 0.144914
BinVal : 14 6 0.837209 0.0562986 0.0562986
BinVal : 14 7 0.971014 0.0201966 0.0201966
BinVal : 14 8 0.916667 0.0356812 0.0356812
BinVal : 14 9 0.893939 0.0379017 0.0379017
BinVal : 14 10 0.633803 0.0571749 0.0571749
BinVal : 14 11 0.597015 0.0599238 0.0599238
BinVal : 14 12 0.606742 0.0517781 0.0517781
BinVal : 14 13 0.506329 0.0562499 0.0562499
BinVal : 14 14 0.673913 0.0488736 0.0488736
BinVal : 14 15 0.623529 0.0525514 0.0525514
BinVal : 14 16 0.564103 0.0561467 0.0561467
BinVal : 14 17 0.477273 0.0532451 0.0532451
BinVal : 14 18 0.539474 0.0571749 0.0571749
BinVal : 14 19 0.651515 0.0586519 0.0586519
BinVal : 14 20 0.916667 0.0301561 0.0301561
BinVal : 14 21 0.983871 0.0159984 0.0159984
BinVal : 14 22 0.909091 0.0353863 0.0353863
BinVal : 14 23 0.717949 0.0720574 0.0720574
BinVal : 14 24 0.75 0.108253 0.108253
BinVal : 14 25 0 0 0
BinVal : 14 26 0 0 0
BinVal : 14 27 0 0 0
BinVal : 14 28 0 0 0
BinVal : 14 29 0 0 0
BinVal : 15 0 0 0 0
BinVal : 15 1 0 0 0
BinVal : 15 2 0 0 0
BinVal : 15 3 0 0 0
BinVal : 15 4 0.166667 0.152145 0.152145
BinVal : 15 5 0.756098 0.0670664 0.0670664
BinVal : 15 6 0.909091 0.0433392 0.0433392
BinVal : 15 7 0.945455 0.0306209 0.0306209
BinVal : 15 8 0.91954 0.0291619 0.0291619
BinVal : 15 9 0.760417 0.0435631 0.0435631
BinVal : 15 10 0.717391 0.0469437 0.0469437
BinVal : 15 11 0.684685 0.0441018 0.0441018
BinVal : 15 12 0.676471 0.0463214 0.0463214
BinVal : 15 13 0.669725 0.0450477 0.0450477
BinVal : 15 14 0.721739 0.0417895 0.0417895
BinVal : 15 15 0.631148 0.0436829 0.0436829
BinVal : 15 16 0.625 0.0474722 0.0474722
BinVal : 15 17 0.683761 0.04299 0.04299
BinVal : 15 18 0.603774 0.0475068 0.0475068
BinVal : 15 19 0.636364 0.0548202 0.0548202
BinVal : 15 20 0.722772 0.0445408 0.0445408
BinVal : 15 21 0.922222 0.0282309 0.0282309
BinVal : 15 22 0.927536 0.0312105 0.0312105
BinVal : 15 23 0.852941 0.0429488 0.0429488
BinVal : 15 24 0.96 0.0391918 0.0391918
BinVal : 15 25 0.333333 0.272166 0.272166
BinVal : 15 26 0 0 0
BinVal : 15 27 0 0 0
BinVal : 15 28 0 0 0
BinVal : 15 29 0 0 0


