Comments : cosmic veto applied 
EffMethod : TagAndProbe 
EffName : eff 
EffType : Binned 
EffVarNames : phi deteta 
EffVersion : 5 
ObjQuality : l2m5 
ObjRelativeTo : tight_l1wtxx 
ObjType : Muon 
ObjVersion : 1 
RunRangeHigh : 216000 
RunRangeLow : 160000 
TriggerVersionHigh : 12.99 
TriggerVersionLow : 8 
BinEdgesX : 0 0.19635 0.3927 0.58905 0.7854 0.98175 1.1781 1.37445 1.5708 1.76715 1.9635 2.15985 2.3562 2.55255 2.7489 2.94525 3.1416 3.33795 3.5343 3.73065 3.927 4.12335 4.3197 4.51605 4.7124 4.90875 5.1051 5.30145 5.4978 5.69415 5.8905 6.08685 6.2832 
BinEdgesY : -4.2 -4.00909 -3.81818 -3.62727 -3.43636 -3.24545 -3.05455 -2.86364 -2.67273 -2.48182 -2.29091 -2.1 -1.90909 -1.71818 -1.52727 -1.33636 -1.14545 -0.954545 -0.763636 -0.572727 -0.381818 -0.190909 0 0.190909 0.381818 0.572727 0.763636 0.954545 1.14545 1.33636 1.52727 1.71818 1.90909 2.1 2.29091 2.48182 2.67273 2.86364 3.05455 3.24545 3.43636 3.62727 3.81818 4.00909 4.2 
BinVal : 0 0 0 0 0
BinVal : 0 1 0 0 0
BinVal : 0 2 0 0 0
BinVal : 0 3 0 0 0
BinVal : 0 4 0 0 0
BinVal : 0 5 0 0 0
BinVal : 0 6 0 0 0
BinVal : 0 7 0 0 0
BinVal : 0 8 0 0 0
BinVal : 0 9 0 0 0
BinVal : 0 10 0 0 0
BinVal : 0 11 0 0 0
BinVal : 0 12 0 0 0
BinVal : 0 13 0 0 0
BinVal : 0 14 1 0.0266185 0.0266185
BinVal : 0 15 0.971429 0.0281603 0.0281603
BinVal : 0 16 0.866667 0.0620633 0.0620633
BinVal : 0 17 1 0.0103354 0.0103354
BinVal : 0 18 1 0.0148902 0.0148902
BinVal : 0 19 0.769231 0.067466 0.067466
BinVal : 0 20 0.836735 0.0528011 0.0528011
BinVal : 0 21 0.90625 0.0364351 0.0364351
BinVal : 0 22 0.963636 0.0252411 0.0252411
BinVal : 0 23 0.641509 0.0658722 0.0658722
BinVal : 0 24 0.897436 0.0485811 0.0485811
BinVal : 0 25 0.756757 0.0705339 0.0705339
BinVal : 0 26 0.973684 0.0259672 0.0259672
BinVal : 0 27 0.864865 0.0562027 0.0562027
BinVal : 0 28 0.96875 0.0307578 0.0307578
BinVal : 0 29 1 0.0279117 0.0279117
BinVal : 0 30 0 0 0
BinVal : 0 31 0 0 0
BinVal : 0 32 0 0 0
BinVal : 0 33 0 0 0
BinVal : 0 34 0 0 0
BinVal : 0 35 0 0 0
BinVal : 0 36 0 0 0
BinVal : 0 37 0 0 0
BinVal : 0 38 0 0 0
BinVal : 0 39 0 0 0
BinVal : 0 40 0 0 0
BinVal : 0 41 0 0 0
BinVal : 0 42 0 0 0
BinVal : 0 43 0 0 0
BinVal : 1 0 0 0 0
BinVal : 1 1 0 0 0
BinVal : 1 2 0 0 0
BinVal : 1 3 0 0 0
BinVal : 1 4 0 0 0
BinVal : 1 5 0 0 0
BinVal : 1 6 0 0 0
BinVal : 1 7 0 0 0
BinVal : 1 8 0 0 0
BinVal : 1 9 0 0 0
BinVal : 1 10 0 0 0
BinVal : 1 11 0 0 0
BinVal : 1 12 0 0 0
BinVal : 1 13 0 0 0
BinVal : 1 14 1 0.0254407 0.0254407
BinVal : 1 15 0.931818 0.0379991 0.0379991
BinVal : 1 16 0.909091 0.0433392 0.0433392
BinVal : 1 17 0.976744 0.0229838 0.0229838
BinVal : 1 18 1 0.0107217 0.0107217
BinVal : 1 19 0.956522 0.030068 0.030068
BinVal : 1 20 0.83871 0.0467105 0.0467105
BinVal : 1 21 0.944444 0.0311713 0.0311713
BinVal : 1 22 0.947368 0.0256139 0.0256139
BinVal : 1 23 0.714286 0.0514821 0.0514821
BinVal : 1 24 0.958333 0.0288424 0.0288424
BinVal : 1 25 0.848485 0.0624156 0.0624156
BinVal : 1 26 0.980769 0.019045 0.019045
BinVal : 1 27 0.803922 0.0555951 0.0555951
BinVal : 1 28 1 0.0115867 0.0115867
BinVal : 1 29 0.9375 0.0605154 0.0605154
BinVal : 1 30 0 0 0
BinVal : 1 31 0 0 0
BinVal : 1 32 0 0 0
BinVal : 1 33 0 0 0
BinVal : 1 34 0 0 0
BinVal : 1 35 0 0 0
BinVal : 1 36 0 0 0
BinVal : 1 37 0 0 0
BinVal : 1 38 0 0 0
BinVal : 1 39 0 0 0
BinVal : 1 40 0 0 0
BinVal : 1 41 0 0 0
BinVal : 1 42 0 0 0
BinVal : 1 43 0 0 0
BinVal : 2 0 0 0 0
BinVal : 2 1 0 0 0
BinVal : 2 2 0 0 0
BinVal : 2 3 0 0 0
BinVal : 2 4 0 0 0
BinVal : 2 5 0 0 0
BinVal : 2 6 0 0 0
BinVal : 2 7 0 0 0
BinVal : 2 8 0 0 0
BinVal : 2 9 0 0 0
BinVal : 2 10 0 0 0
BinVal : 2 11 0 0 0
BinVal : 2 12 0 0 0
BinVal : 2 13 0 0 0
BinVal : 2 14 0.965517 0.033883 0.033883
BinVal : 2 15 1 0.012074 0.012074
BinVal : 2 16 0.93617 0.0356566 0.0356566
BinVal : 2 17 0.897436 0.0485811 0.0485811
BinVal : 2 18 0.976744 0.0229838 0.0229838
BinVal : 2 19 0.97561 0.024091 0.024091
BinVal : 2 20 0.913793 0.0368537 0.0368537
BinVal : 2 21 0.966667 0.0231741 0.0231741
BinVal : 2 22 0.983051 0.0168049 0.0168049
BinVal : 2 23 0.767442 0.064425 0.064425
BinVal : 2 24 0.880952 0.0499703 0.0499703
BinVal : 2 25 0.844444 0.0540284 0.0540284
BinVal : 2 26 1 0.017632 0.017632
BinVal : 2 27 0.820513 0.0614507 0.0614507
BinVal : 2 28 0.982143 0.017697 0.017697
BinVal : 2 29 1 0.0171075 0.0171075
BinVal : 2 30 0 0 0
BinVal : 2 31 0 0 0
BinVal : 2 32 0 0 0
BinVal : 2 33 0 0 0
BinVal : 2 34 0 0 0
BinVal : 2 35 0 0 0
BinVal : 2 36 0 0 0
BinVal : 2 37 0 0 0
BinVal : 2 38 0 0 0
BinVal : 2 39 0 0 0
BinVal : 2 40 0 0 0
BinVal : 2 41 0 0 0
BinVal : 2 42 0 0 0
BinVal : 2 43 0 0 0
BinVal : 3 0 0 0 0
BinVal : 3 1 0 0 0
BinVal : 3 2 0 0 0
BinVal : 3 3 0 0 0
BinVal : 3 4 0 0 0
BinVal : 3 5 0 0 0
BinVal : 3 6 0 0 0
BinVal : 3 7 0 0 0
BinVal : 3 8 0 0 0
BinVal : 3 9 0 0 0
BinVal : 3 10 0 0 0
BinVal : 3 11 0 0 0
BinVal : 3 12 0 0 0
BinVal : 3 13 0 0 0
BinVal : 3 14 1 0.0309157 0.0309157
BinVal : 3 15 1 0.0152869 0.0152869
BinVal : 3 16 0.946429 0.0300896 0.0300896
BinVal : 3 17 0.64 0.096 0.096
BinVal : 3 18 1 0.0171075 0.0171075
BinVal : 3 19 0.9375 0.0349386 0.0349386
BinVal : 3 20 0.868421 0.0548361 0.0548361
BinVal : 3 21 0.822222 0.0569937 0.0569937
BinVal : 3 22 0.9375 0.0349386 0.0349386
BinVal : 3 23 0.604167 0.0705853 0.0705853
BinVal : 3 24 0.9375 0.0427908 0.0427908
BinVal : 3 25 0.909091 0.0500438 0.0500438
BinVal : 3 26 0.75 0.0818317 0.0818317
BinVal : 3 27 0.964286 0.0350707 0.0350707
BinVal : 3 28 0.974359 0.0253102 0.0253102
BinVal : 3 29 1 0.0346427 0.0346427
BinVal : 3 30 0 0 0
BinVal : 3 31 0 0 0
BinVal : 3 32 0 0 0
BinVal : 3 33 0 0 0
BinVal : 3 34 0 0 0
BinVal : 3 35 0 0 0
BinVal : 3 36 0 0 0
BinVal : 3 37 0 0 0
BinVal : 3 38 0 0 0
BinVal : 3 39 0 0 0
BinVal : 3 40 0 0 0
BinVal : 3 41 0 0 0
BinVal : 3 42 0 0 0
BinVal : 3 43 0 0 0
BinVal : 4 0 0 0 0
BinVal : 4 1 0 0 0
BinVal : 4 2 0 0 0
BinVal : 4 3 0 0 0
BinVal : 4 4 0 0 0
BinVal : 4 5 0 0 0
BinVal : 4 6 0 0 0
BinVal : 4 7 0 0 0
BinVal : 4 8 0 0 0
BinVal : 4 9 0 0 0
BinVal : 4 10 0 0 0
BinVal : 4 11 0 0 0
BinVal : 4 12 0 0 0
BinVal : 4 13 0 0 0
BinVal : 4 14 1 0.039392 0.039392
BinVal : 4 15 1 0.0254407 0.0254407
BinVal : 4 16 0.942857 0.0392347 0.0392347
BinVal : 4 17 0.952381 0.0464714 0.0464714
BinVal : 4 18 0.967742 0.0317335 0.0317335
BinVal : 4 19 0.925926 0.050401 0.050401
BinVal : 4 20 0.945946 0.0371746 0.0371746
BinVal : 4 21 0.885714 0.0537785 0.0537785
BinVal : 4 22 0.975 0.0246855 0.0246855
BinVal : 4 23 0.846154 0.0707589 0.0707589
BinVal : 4 24 0.935484 0.0441237 0.0441237
BinVal : 4 25 0.870968 0.0602101 0.0602101
BinVal : 4 26 0.863636 0.073165 0.073165
BinVal : 4 27 0.96 0.0391918 0.0391918
BinVal : 4 28 1 0.0171075 0.0171075
BinVal : 4 29 1 0.0422902 0.0422902
BinVal : 4 30 0 0 0
BinVal : 4 31 0 0 0
BinVal : 4 32 0 0 0
BinVal : 4 33 0 0 0
BinVal : 4 34 0 0 0
BinVal : 4 35 0 0 0
BinVal : 4 36 0 0 0
BinVal : 4 37 0 0 0
BinVal : 4 38 0 0 0
BinVal : 4 39 0 0 0
BinVal : 4 40 0 0 0
BinVal : 4 41 0 0 0
BinVal : 4 42 0 0 0
BinVal : 4 43 0 0 0
BinVal : 5 0 0 0 0
BinVal : 5 1 0 0 0
BinVal : 5 2 0 0 0
BinVal : 5 3 0 0 0
BinVal : 5 4 0 0 0
BinVal : 5 5 0 0 0
BinVal : 5 6 0 0 0
BinVal : 5 7 0 0 0
BinVal : 5 8 0 0 0
BinVal : 5 9 0 0 0
BinVal : 5 10 0 0 0
BinVal : 5 11 0 0 0
BinVal : 5 12 0 0 0
BinVal : 5 13 0 0 0
BinVal : 5 14 1 0.0368657 0.0368657
BinVal : 5 15 1 0.0233703 0.0233703
BinVal : 5 16 1 0.0145144 0.0145144
BinVal : 5 17 0.9 0.067082 0.067082
BinVal : 5 18 0.97561 0.024091 0.024091
BinVal : 5 19 0.947368 0.0362235 0.0362235
BinVal : 5 20 0.969697 0.0298404 0.0298404
BinVal : 5 21 0.833333 0.062113 0.062113
BinVal : 5 22 0.948718 0.0353199 0.0353199
BinVal : 5 23 0.8 0.0730297 0.0730297
BinVal : 5 24 0.914286 0.0473188 0.0473188
BinVal : 5 25 0.931035 0.0470544 0.0470544
BinVal : 5 26 0.9 0.0547723 0.0547723
BinVal : 5 27 0.833333 0.0680414 0.0680414
BinVal : 5 28 0.973684 0.0259672 0.0259672
BinVal : 5 29 0.933333 0.0644061 0.0644061
BinVal : 5 30 0 0 0
BinVal : 5 31 0 0 0
BinVal : 5 32 0 0 0
BinVal : 5 33 0 0 0
BinVal : 5 34 0 0 0
BinVal : 5 35 0 0 0
BinVal : 5 36 0 0 0
BinVal : 5 37 0 0 0
BinVal : 5 38 0 0 0
BinVal : 5 39 0 0 0
BinVal : 5 40 0 0 0
BinVal : 5 41 0 0 0
BinVal : 5 42 0 0 0
BinVal : 5 43 0 0 0
BinVal : 6 0 0 0 0
BinVal : 6 1 0 0 0
BinVal : 6 2 0 0 0
BinVal : 6 3 0 0 0
BinVal : 6 4 0 0 0
BinVal : 6 5 0 0 0
BinVal : 6 6 0 0 0
BinVal : 6 7 0 0 0
BinVal : 6 8 0 0 0
BinVal : 6 9 0 0 0
BinVal : 6 10 0 0 0
BinVal : 6 11 0 0 0
BinVal : 6 12 0 0 0
BinVal : 6 13 0 0 0
BinVal : 6 14 1 0.0456491 0.0456491
BinVal : 6 15 0.944444 0.0539903 0.0539903
BinVal : 6 16 0.882353 0.0781425 0.0781425
BinVal : 6 17 1 0.0456491 0.0456491
BinVal : 6 18 0.9375 0.0605154 0.0605154
BinVal : 6 19 1 0.0279117 0.0279117
BinVal : 6 20 0.857143 0.093522 0.093522
BinVal : 6 21 1 0.0293374 0.0293374
BinVal : 6 22 0.9375 0.0605154 0.0605154
BinVal : 6 23 0.818182 0.0822304 0.0822304
BinVal : 6 24 0.933333 0.0644061 0.0644061
BinVal : 6 25 0.866667 0.0877707 0.0877707
BinVal : 6 26 0.875 0.0826797 0.0826797
BinVal : 6 27 0.555556 0.165635 0.165635
BinVal : 6 28 1 0.039392 0.039392
BinVal : 6 29 1 0.102643 0.102643
BinVal : 6 30 0 0 0
BinVal : 6 31 0 0 0
BinVal : 6 32 0 0 0
BinVal : 6 33 0 0 0
BinVal : 6 34 0 0 0
BinVal : 6 35 0 0 0
BinVal : 6 36 0 0 0
BinVal : 6 37 0 0 0
BinVal : 6 38 0 0 0
BinVal : 6 39 0 0 0
BinVal : 6 40 0 0 0
BinVal : 6 41 0 0 0
BinVal : 6 42 0 0 0
BinVal : 6 43 0 0 0
BinVal : 7 0 0 0 0
BinVal : 7 1 0 0 0
BinVal : 7 2 0 0 0
BinVal : 7 3 0 0 0
BinVal : 7 4 0 0 0
BinVal : 7 5 0 0 0
BinVal : 7 6 0 0 0
BinVal : 7 7 0 0 0
BinVal : 7 8 0 0 0
BinVal : 7 9 0 0 0
BinVal : 7 10 0 0 0
BinVal : 7 11 0 0 0
BinVal : 7 12 0 0 0
BinVal : 7 13 0 0 0
BinVal : 7 14 1 0.102643 0.102643
BinVal : 7 15 0.916667 0.0797856 0.0797856
BinVal : 7 16 0.6 0.219089 0.219089
BinVal : 7 17 0.9 0.0948683 0.0948683
BinVal : 7 18 1 0.0495858 0.0495858
BinVal : 7 19 1 0.0456491 0.0456491
BinVal : 7 20 0.8 0.126491 0.126491
BinVal : 7 21 1 0.0309157 0.0309157
BinVal : 7 22 1 0.0326734 0.0326734
BinVal : 7 23 1 0.0668855 0.0668855
BinVal : 7 24 1 0.102643 0.102643
BinVal : 7 25 0.818182 0.116291 0.116291
BinVal : 7 26 1 0.0599198 0.0599198
BinVal : 7 27 1 0.0871301 0.0871301
BinVal : 7 28 0.833333 0.152145 0.152145
BinVal : 7 29 1 0.159077 0.159077
BinVal : 7 30 0 0 0
BinVal : 7 31 0 0 0
BinVal : 7 32 0 0 0
BinVal : 7 33 0 0 0
BinVal : 7 34 0 0 0
BinVal : 7 35 0 0 0
BinVal : 7 36 0 0 0
BinVal : 7 37 0 0 0
BinVal : 7 38 0 0 0
BinVal : 7 39 0 0 0
BinVal : 7 40 0 0 0
BinVal : 7 41 0 0 0
BinVal : 7 42 0 0 0
BinVal : 7 43 0 0 0
BinVal : 8 0 0 0 0
BinVal : 8 1 0 0 0
BinVal : 8 2 0 0 0
BinVal : 8 3 0 0 0
BinVal : 8 4 0 0 0
BinVal : 8 5 0 0 0
BinVal : 8 6 0 0 0
BinVal : 8 7 0 0 0
BinVal : 8 8 0 0 0
BinVal : 8 9 0 0 0
BinVal : 8 10 0 0 0
BinVal : 8 11 0 0 0
BinVal : 8 12 0 0 0
BinVal : 8 13 0 0 0
BinVal : 8 14 1 0.0495858 0.0495858
BinVal : 8 15 0.916667 0.0797856 0.0797856
BinVal : 8 16 1 0.0542655 0.0542655
BinVal : 8 17 1 0.0668855 0.0668855
BinVal : 8 18 1 0.0599198 0.0599198
BinVal : 8 19 1 0.039392 0.039392
BinVal : 8 20 0.888889 0.104757 0.104757
BinVal : 8 21 0.933333 0.0644061 0.0644061
BinVal : 8 22 1 0.0456491 0.0456491
BinVal : 8 23 0.8 0.126491 0.126491
BinVal : 8 24 1 0.0368657 0.0368657
BinVal : 8 25 1 0.0871301 0.0871301
BinVal : 8 26 1 0.0871301 0.0871301
BinVal : 8 27 1 0.0871301 0.0871301
BinVal : 8 28 1 0.039392 0.039392
BinVal : 8 29 1 0.0871301 0.0871301
BinVal : 8 30 0 0 0
BinVal : 8 31 0 0 0
BinVal : 8 32 0 0 0
BinVal : 8 33 0 0 0
BinVal : 8 34 0 0 0
BinVal : 8 35 0 0 0
BinVal : 8 36 0 0 0
BinVal : 8 37 0 0 0
BinVal : 8 38 0 0 0
BinVal : 8 39 0 0 0
BinVal : 8 40 0 0 0
BinVal : 8 41 0 0 0
BinVal : 8 42 0 0 0
BinVal : 8 43 0 0 0
BinVal : 9 0 0 0 0
BinVal : 9 1 0 0 0
BinVal : 9 2 0 0 0
BinVal : 9 3 0 0 0
BinVal : 9 4 0 0 0
BinVal : 9 5 0 0 0
BinVal : 9 6 0 0 0
BinVal : 9 7 0 0 0
BinVal : 9 8 0 0 0
BinVal : 9 9 0 0 0
BinVal : 9 10 0 0 0
BinVal : 9 11 0 0 0
BinVal : 9 12 0 0 0
BinVal : 9 13 0 0 0
BinVal : 9 14 0.888889 0.104757 0.104757
BinVal : 9 15 1 0.0368657 0.0368657
BinVal : 9 16 0.7 0.144914 0.144914
BinVal : 9 17 0.956522 0.0425226 0.0425226
BinVal : 9 18 1 0.0599198 0.0599198
BinVal : 9 19 1 0.0422902 0.0422902
BinVal : 9 20 0.73913 0.0915605 0.0915605
BinVal : 9 21 0.84 0.0733212 0.0733212
BinVal : 9 22 0.894737 0.0704059 0.0704059
BinVal : 9 23 0.857143 0.093522 0.093522
BinVal : 9 24 0.833333 0.0760726 0.0760726
BinVal : 9 25 0.818182 0.116291 0.116291
BinVal : 9 26 1 0.0326734 0.0326734
BinVal : 9 27 0.8 0.10328 0.10328
BinVal : 9 28 1 0.0422902 0.0422902
BinVal : 9 29 1 0.0668855 0.0668855
BinVal : 9 30 0 0 0
BinVal : 9 31 0 0 0
BinVal : 9 32 0 0 0
BinVal : 9 33 0 0 0
BinVal : 9 34 0 0 0
BinVal : 9 35 0 0 0
BinVal : 9 36 0 0 0
BinVal : 9 37 0 0 0
BinVal : 9 38 0 0 0
BinVal : 9 39 0 0 0
BinVal : 9 40 0 0 0
BinVal : 9 41 0 0 0
BinVal : 9 42 0 0 0
BinVal : 9 43 0 0 0
BinVal : 10 0 0 0 0
BinVal : 10 1 0 0 0
BinVal : 10 2 0 0 0
BinVal : 10 3 0 0 0
BinVal : 10 4 0 0 0
BinVal : 10 5 0 0 0
BinVal : 10 6 0 0 0
BinVal : 10 7 0 0 0
BinVal : 10 8 0 0 0
BinVal : 10 9 0 0 0
BinVal : 10 10 0 0 0
BinVal : 10 11 0 0 0
BinVal : 10 12 0 0 0
BinVal : 10 13 0 0 0
BinVal : 10 14 0.9375 0.0605154 0.0605154
BinVal : 10 15 1 0.0266185 0.0266185
BinVal : 10 16 0.848485 0.0624156 0.0624156
BinVal : 10 17 0.928571 0.0688303 0.0688303
BinVal : 10 18 0.888889 0.0740741 0.0740741
BinVal : 10 19 1 0.017632 0.017632
BinVal : 10 20 0.90625 0.051527 0.051527
BinVal : 10 21 0.848485 0.0624156 0.0624156
BinVal : 10 22 1 0.0131822 0.0131822
BinVal : 10 23 0.8 0.10328 0.10328
BinVal : 10 24 0.918919 0.0448743 0.0448743
BinVal : 10 25 0.73913 0.0915605 0.0915605
BinVal : 10 26 0.9 0.067082 0.067082
BinVal : 10 27 0.923077 0.0522589 0.0522589
BinVal : 10 28 1 0.0194201 0.0194201
BinVal : 10 29 1 0.0309157 0.0309157
BinVal : 10 30 0 0 0
BinVal : 10 31 0 0 0
BinVal : 10 32 0 0 0
BinVal : 10 33 0 0 0
BinVal : 10 34 0 0 0
BinVal : 10 35 0 0 0
BinVal : 10 36 0 0 0
BinVal : 10 37 0 0 0
BinVal : 10 38 0 0 0
BinVal : 10 39 0 0 0
BinVal : 10 40 0 0 0
BinVal : 10 41 0 0 0
BinVal : 10 42 0 0 0
BinVal : 10 43 0 0 0
BinVal : 11 0 0 0 0
BinVal : 11 1 0 0 0
BinVal : 11 2 0 0 0
BinVal : 11 3 0 0 0
BinVal : 11 4 0 0 0
BinVal : 11 5 0 0 0
BinVal : 11 6 0 0 0
BinVal : 11 7 0 0 0
BinVal : 11 8 0 0 0
BinVal : 11 9 0 0 0
BinVal : 11 10 0 0 0
BinVal : 11 11 0 0 0
BinVal : 11 12 0 0 0
BinVal : 11 13 0 0 0
BinVal : 11 14 1 0.0346427 0.0346427
BinVal : 11 15 1 0.0166125 0.0166125
BinVal : 11 16 1 0.0141568 0.0141568
BinVal : 11 17 0.714286 0.0985808 0.0985808
BinVal : 11 18 0.965517 0.033883 0.033883
BinVal : 11 19 1 0.0208287 0.0208287
BinVal : 11 20 0.88 0.0649923 0.0649923
BinVal : 11 21 0.857143 0.0539949 0.0539949
BinVal : 11 22 0.923077 0.0522589 0.0522589
BinVal : 11 23 0.826087 0.0790342 0.0790342
BinVal : 11 24 0.870968 0.0602101 0.0602101
BinVal : 11 25 0.884615 0.0626563 0.0626563
BinVal : 11 26 0.807692 0.077292 0.077292
BinVal : 11 27 1 0.0166125 0.0166125
BinVal : 11 28 1 0.0201001 0.0201001
BinVal : 11 29 1 0.039392 0.039392
BinVal : 11 30 0 0 0
BinVal : 11 31 0 0 0
BinVal : 11 32 0 0 0
BinVal : 11 33 0 0 0
BinVal : 11 34 0 0 0
BinVal : 11 35 0 0 0
BinVal : 11 36 0 0 0
BinVal : 11 37 0 0 0
BinVal : 11 38 0 0 0
BinVal : 11 39 0 0 0
BinVal : 11 40 0 0 0
BinVal : 11 41 0 0 0
BinVal : 11 42 0 0 0
BinVal : 11 43 0 0 0
BinVal : 12 0 0 0 0
BinVal : 12 1 0 0 0
BinVal : 12 2 0 0 0
BinVal : 12 3 0 0 0
BinVal : 12 4 0 0 0
BinVal : 12 5 0 0 0
BinVal : 12 6 0 0 0
BinVal : 12 7 0 0 0
BinVal : 12 8 0 0 0
BinVal : 12 9 0 0 0
BinVal : 12 10 0 0 0
BinVal : 12 11 0 0 0
BinVal : 12 12 0 0 0
BinVal : 12 13 0 0 0
BinVal : 12 14 1 0.039392 0.039392
BinVal : 12 15 1 0.0194201 0.0194201
BinVal : 12 16 0.909091 0.0433392 0.0433392
BinVal : 12 17 0.8 0.10328 0.10328
BinVal : 12 18 1 0.039392 0.039392
BinVal : 12 19 0.956522 0.0425226 0.0425226
BinVal : 12 20 0.828571 0.0637049 0.0637049
BinVal : 12 21 0.862745 0.0481859 0.0481859
BinVal : 12 22 0.918919 0.0448743 0.0448743
BinVal : 12 23 0.722222 0.0746505 0.0746505
BinVal : 12 24 0.9375 0.0427908 0.0427908
BinVal : 12 25 0.837838 0.0605974 0.0605974
BinVal : 12 26 0.823529 0.0924594 0.0924594
BinVal : 12 27 1 0.0161462 0.0161462
BinVal : 12 28 0.964286 0.0350707 0.0350707
BinVal : 12 29 0.769231 0.116855 0.116855
BinVal : 12 30 0 0 0
BinVal : 12 31 0 0 0
BinVal : 12 32 0 0 0
BinVal : 12 33 0 0 0
BinVal : 12 34 0 0 0
BinVal : 12 35 0 0 0
BinVal : 12 36 0 0 0
BinVal : 12 37 0 0 0
BinVal : 12 38 0 0 0
BinVal : 12 39 0 0 0
BinVal : 12 40 0 0 0
BinVal : 12 41 0 0 0
BinVal : 12 42 0 0 0
BinVal : 12 43 0 0 0
BinVal : 13 0 0 0 0
BinVal : 13 1 0 0 0
BinVal : 13 2 0 0 0
BinVal : 13 3 0 0 0
BinVal : 13 4 0 0 0
BinVal : 13 5 0 0 0
BinVal : 13 6 0 0 0
BinVal : 13 7 0 0 0
BinVal : 13 8 0 0 0
BinVal : 13 9 0 0 0
BinVal : 13 10 0 0 0
BinVal : 13 11 0 0 0
BinVal : 13 12 0 0 0
BinVal : 13 13 0 0 0
BinVal : 13 14 1 0.0293374 0.0293374
BinVal : 13 15 1 0.0128865 0.0128865
BinVal : 13 16 0.963636 0.0252411 0.0252411
BinVal : 13 17 0.8 0.0730297 0.0730297
BinVal : 13 18 1 0.0171075 0.0171075
BinVal : 13 19 0.976744 0.0229838 0.0229838
BinVal : 13 20 0.803571 0.053091 0.053091
BinVal : 13 21 0.893617 0.0449741 0.0449741
BinVal : 13 22 0.967742 0.022439 0.022439
BinVal : 13 23 0.865385 0.0473315 0.0473315
BinVal : 13 24 0.914894 0.0407022 0.0407022
BinVal : 13 25 0.895833 0.0440918 0.0440918
BinVal : 13 26 0.951219 0.0336412 0.0336412
BinVal : 13 27 0.913793 0.0368537 0.0368537
BinVal : 13 28 0.978261 0.0215015 0.0215015
BinVal : 13 29 0.958333 0.0407894 0.0407894
BinVal : 13 30 0 0 0
BinVal : 13 31 0 0 0
BinVal : 13 32 0 0 0
BinVal : 13 33 0 0 0
BinVal : 13 34 0 0 0
BinVal : 13 35 0 0 0
BinVal : 13 36 0 0 0
BinVal : 13 37 0 0 0
BinVal : 13 38 0 0 0
BinVal : 13 39 0 0 0
BinVal : 13 40 0 0 0
BinVal : 13 41 0 0 0
BinVal : 13 42 0 0 0
BinVal : 13 43 0 0 0
BinVal : 14 0 0 0 0
BinVal : 14 1 0 0 0
BinVal : 14 2 0 0 0
BinVal : 14 3 0 0 0
BinVal : 14 4 0 0 0
BinVal : 14 5 0 0 0
BinVal : 14 6 0 0 0
BinVal : 14 7 0 0 0
BinVal : 14 8 0 0 0
BinVal : 14 9 0 0 0
BinVal : 14 10 0 0 0
BinVal : 14 11 0 0 0
BinVal : 14 12 0 0 0
BinVal : 14 13 0 0 0
BinVal : 14 14 1 0.0224566 0.0224566
BinVal : 14 15 0.977778 0.0219739 0.0219739
BinVal : 14 16 0.896552 0.0565523 0.0565523
BinVal : 14 17 0.956522 0.0425226 0.0425226
BinVal : 14 18 1 0.0171075 0.0171075
BinVal : 14 19 0.978723 0.021049 0.021049
BinVal : 14 20 0.913043 0.0415449 0.0415449
BinVal : 14 21 0.907692 0.0359031 0.0359031
BinVal : 14 22 1 0.00712919 0.00712919
BinVal : 14 23 0.779661 0.0539601 0.0539601
BinVal : 14 24 0.978261 0.0215015 0.0215015
BinVal : 14 25 0.849057 0.0491742 0.0491742
BinVal : 14 26 0.957447 0.0294425 0.0294425
BinVal : 14 27 0.909091 0.0500438 0.0500438
BinVal : 14 28 0.978723 0.021049 0.021049
BinVal : 14 29 1 0.0279117 0.0279117
BinVal : 14 30 0 0 0
BinVal : 14 31 0 0 0
BinVal : 14 32 0 0 0
BinVal : 14 33 0 0 0
BinVal : 14 34 0 0 0
BinVal : 14 35 0 0 0
BinVal : 14 36 0 0 0
BinVal : 14 37 0 0 0
BinVal : 14 38 0 0 0
BinVal : 14 39 0 0 0
BinVal : 14 40 0 0 0
BinVal : 14 41 0 0 0
BinVal : 14 42 0 0 0
BinVal : 14 43 0 0 0
BinVal : 15 0 0 0 0
BinVal : 15 1 0 0 0
BinVal : 15 2 0 0 0
BinVal : 15 3 0 0 0
BinVal : 15 4 0 0 0
BinVal : 15 5 0 0 0
BinVal : 15 6 0 0 0
BinVal : 15 7 0 0 0
BinVal : 15 8 0 0 0
BinVal : 15 9 0 0 0
BinVal : 15 10 0 0 0
BinVal : 15 11 0 0 0
BinVal : 15 12 0 0 0
BinVal : 15 13 0 0 0
BinVal : 15 14 1 0.0326734 0.0326734
BinVal : 15 15 1 0.0152869 0.0152869
BinVal : 15 16 0.772727 0.0893461 0.0893461
BinVal : 15 17 0.897436 0.0485811 0.0485811
BinVal : 15 18 0.925926 0.050401 0.050401
BinVal : 15 19 0.840909 0.0551405 0.0551405
BinVal : 15 20 0.846154 0.0500341 0.0500341
BinVal : 15 21 0.87037 0.0457096 0.0457096
BinVal : 15 22 0.987342 0.0125779 0.0125779
BinVal : 15 23 0.926829 0.0406702 0.0406702
BinVal : 15 24 0.865385 0.0473315 0.0473315
BinVal : 15 25 0.851852 0.0683673 0.0683673
BinVal : 15 26 1 0.0128865 0.0128865
BinVal : 15 27 0.857143 0.06613 0.06613
BinVal : 15 28 1 0.0148902 0.0148902
BinVal : 15 29 1 0.039392 0.039392
BinVal : 15 30 0 0 0
BinVal : 15 31 0 0 0
BinVal : 15 32 0 0 0
BinVal : 15 33 0 0 0
BinVal : 15 34 0 0 0
BinVal : 15 35 0 0 0
BinVal : 15 36 0 0 0
BinVal : 15 37 0 0 0
BinVal : 15 38 0 0 0
BinVal : 15 39 0 0 0
BinVal : 15 40 0 0 0
BinVal : 15 41 0 0 0
BinVal : 15 42 0 0 0
BinVal : 15 43 0 0 0
BinVal : 16 0 0 0 0
BinVal : 16 1 0 0 0
BinVal : 16 2 0 0 0
BinVal : 16 3 0 0 0
BinVal : 16 4 0 0 0
BinVal : 16 5 0 0 0
BinVal : 16 6 0 0 0
BinVal : 16 7 0 0 0
BinVal : 16 8 0 0 0
BinVal : 16 9 0 0 0
BinVal : 16 10 0 0 0
BinVal : 16 11 0 0 0
BinVal : 16 12 0 0 0
BinVal : 16 13 0 0 0
BinVal : 16 14 1 0.0201001 0.0201001
BinVal : 16 15 1 0.0123324 0.0123324
BinVal : 16 16 0.777778 0.0979908 0.0979908
BinVal : 16 17 0.894737 0.0497845 0.0497845
BinVal : 16 18 0.967742 0.0317335 0.0317335
BinVal : 16 19 0.925926 0.0356389 0.0356389
BinVal : 16 20 0.961538 0.0266683 0.0266683
BinVal : 16 21 0.918033 0.0351224 0.0351224
BinVal : 16 22 0.985075 0.0148136 0.0148136
BinVal : 16 23 0.854545 0.047539 0.047539
BinVal : 16 24 0.813953 0.0593439 0.0593439
BinVal : 16 25 0.820513 0.0614507 0.0614507
BinVal : 16 26 0.979592 0.0201988 0.0201988
BinVal : 16 27 0.862069 0.0640329 0.0640329
BinVal : 16 28 0.975 0.0246855 0.0246855
BinVal : 16 29 0.95 0.048734 0.048734
BinVal : 16 30 1 0.218486 0.218486
BinVal : 16 31 0 0 0
BinVal : 16 32 0 0 0
BinVal : 16 33 0 0 0
BinVal : 16 34 0 0 0
BinVal : 16 35 0 0 0
BinVal : 16 36 0 0 0
BinVal : 16 37 0 0 0
BinVal : 16 38 0 0 0
BinVal : 16 39 0 0 0
BinVal : 16 40 0 0 0
BinVal : 16 41 0 0 0
BinVal : 16 42 0 0 0
BinVal : 16 43 0 0 0
BinVal : 17 0 0 0 0
BinVal : 17 1 0 0 0
BinVal : 17 2 0 0 0
BinVal : 17 3 0 0 0
BinVal : 17 4 0 0 0
BinVal : 17 5 0 0 0
BinVal : 17 6 0 0 0
BinVal : 17 7 0 0 0
BinVal : 17 8 0 0 0
BinVal : 17 9 0 0 0
BinVal : 17 10 0 0 0
BinVal : 17 11 0 0 0
BinVal : 17 12 0 0 0
BinVal : 17 13 0 0 0
BinVal : 17 14 1 0.0233703 0.0233703
BinVal : 17 15 0.981132 0.0186891 0.0186891
BinVal : 17 16 0.90625 0.051527 0.051527
BinVal : 17 17 0.975 0.0246855 0.0246855
BinVal : 17 18 1 0.0208287 0.0208287
BinVal : 17 19 0.944444 0.0311713 0.0311713
BinVal : 17 20 0.969231 0.0214198 0.0214198
BinVal : 17 21 0.883117 0.0366134 0.0366134
BinVal : 17 22 0.961039 0.0220516 0.0220516
BinVal : 17 23 0.848485 0.0441345 0.0441345
BinVal : 17 24 0.732143 0.0591774 0.0591774
BinVal : 17 25 0.828571 0.0637049 0.0637049
BinVal : 17 26 0.928571 0.0397392 0.0397392
BinVal : 17 27 0.744186 0.0665378 0.0665378
BinVal : 17 28 1 0.0118251 0.0118251
BinVal : 17 29 1 0.0194201 0.0194201
BinVal : 17 30 0 0 0
BinVal : 17 31 0 0 0
BinVal : 17 32 0 0 0
BinVal : 17 33 0 0 0
BinVal : 17 34 0 0 0
BinVal : 17 35 0 0 0
BinVal : 17 36 0 0 0
BinVal : 17 37 0 0 0
BinVal : 17 38 0 0 0
BinVal : 17 39 0 0 0
BinVal : 17 40 0 0 0
BinVal : 17 41 0 0 0
BinVal : 17 42 0 0 0
BinVal : 17 43 0 0 0
BinVal : 18 0 0 0 0
BinVal : 18 1 0 0 0
BinVal : 18 2 0 0 0
BinVal : 18 3 0 0 0
BinVal : 18 4 0 0 0
BinVal : 18 5 0 0 0
BinVal : 18 6 0 0 0
BinVal : 18 7 0 0 0
BinVal : 18 8 0 0 0
BinVal : 18 9 0 0 0
BinVal : 18 10 0 0 0
BinVal : 18 11 0 0 0
BinVal : 18 12 0 0 0
BinVal : 18 13 0 0 0
BinVal : 18 14 0.970588 0.028976 0.028976
BinVal : 18 15 0.980392 0.0194147 0.0194147
BinVal : 18 16 0.9 0.0424264 0.0424264
BinVal : 18 17 0.944444 0.0381769 0.0381769
BinVal : 18 18 0.972222 0.0273893 0.0273893
BinVal : 18 19 0.959184 0.0282664 0.0282664
BinVal : 18 20 0.894737 0.0406489 0.0406489
BinVal : 18 21 0.912281 0.0374692 0.0374692
BinVal : 18 22 0.985714 0.0141833 0.0141833
BinVal : 18 23 0.803279 0.0508972 0.0508972
BinVal : 18 24 0.807692 0.0546537 0.0546537
BinVal : 18 25 0.818182 0.052007 0.052007
BinVal : 18 26 0.953488 0.0321147 0.0321147
BinVal : 18 27 0.820513 0.0614507 0.0614507
BinVal : 18 28 1 0.0103354 0.0103354
BinVal : 18 29 1 0.0254407 0.0254407
BinVal : 18 30 0 0 0
BinVal : 18 31 0 0 0
BinVal : 18 32 0 0 0
BinVal : 18 33 0 0 0
BinVal : 18 34 0 0 0
BinVal : 18 35 0 0 0
BinVal : 18 36 0 0 0
BinVal : 18 37 0 0 0
BinVal : 18 38 0 0 0
BinVal : 18 39 0 0 0
BinVal : 18 40 0 0 0
BinVal : 18 41 0 0 0
BinVal : 18 42 0 0 0
BinVal : 18 43 0 0 0
BinVal : 19 0 0 0 0
BinVal : 19 1 0 0 0
BinVal : 19 2 0 0 0
BinVal : 19 3 0 0 0
BinVal : 19 4 0 0 0
BinVal : 19 5 0 0 0
BinVal : 19 6 0 0 0
BinVal : 19 7 0 0 0
BinVal : 19 8 0 0 0
BinVal : 19 9 0 0 0
BinVal : 19 10 0 0 0
BinVal : 19 11 0 0 0
BinVal : 19 12 0 0 0
BinVal : 19 13 0 0 0
BinVal : 19 14 1 0.0346427 0.0346427
BinVal : 19 15 1 0.0138164 0.0138164
BinVal : 19 16 0.965517 0.033883 0.033883
BinVal : 19 17 0.566667 0.090472 0.090472
BinVal : 19 18 0.958333 0.0407894 0.0407894
BinVal : 19 19 0.897436 0.0485811 0.0485811
BinVal : 19 20 0.833333 0.087841 0.087841
BinVal : 19 21 0.818182 0.0671408 0.0671408
BinVal : 19 22 0.815789 0.0628861 0.0628861
BinVal : 19 23 0.48 0.09992 0.09992
BinVal : 19 24 0.46875 0.0882155 0.0882155
BinVal : 19 25 0.904762 0.0640564 0.0640564
BinVal : 19 26 0.771429 0.0709782 0.0709782
BinVal : 19 27 1 0.0145144 0.0145144
BinVal : 19 28 1 0.0111375 0.0111375
BinVal : 19 29 1 0.0279117 0.0279117
BinVal : 19 30 0 0 0
BinVal : 19 31 0 0 0
BinVal : 19 32 0 0 0
BinVal : 19 33 0 0 0
BinVal : 19 34 0 0 0
BinVal : 19 35 0 0 0
BinVal : 19 36 0 0 0
BinVal : 19 37 0 0 0
BinVal : 19 38 0 0 0
BinVal : 19 39 0 0 0
BinVal : 19 40 0 0 0
BinVal : 19 41 0 0 0
BinVal : 19 42 0 0 0
BinVal : 19 43 0 0 0
BinVal : 20 0 0 0 0
BinVal : 20 1 0 0 0
BinVal : 20 2 0 0 0
BinVal : 20 3 0 0 0
BinVal : 20 4 0 0 0
BinVal : 20 5 0 0 0
BinVal : 20 6 0 0 0
BinVal : 20 7 0 0 0
BinVal : 20 8 0 0 0
BinVal : 20 9 0 0 0
BinVal : 20 10 0 0 0
BinVal : 20 11 0 0 0
BinVal : 20 12 0 0 0
BinVal : 20 13 0 0 0
BinVal : 20 14 0.95 0.048734 0.048734
BinVal : 20 15 1 0.0134912 0.0134912
BinVal : 20 16 0.9375 0.0605154 0.0605154
BinVal : 20 17 1 0.0599198 0.0599198
BinVal : 20 18 1 0.218486 0.218486
BinVal : 20 19 0.973684 0.0259672 0.0259672
BinVal : 20 20 0.948718 0.0353199 0.0353199
BinVal : 20 21 0.925926 0.0356389 0.0356389
BinVal : 20 22 0.793651 0.0509854 0.0509854
BinVal : 20 23 0.395349 0.0745604 0.0745604
BinVal : 20 24 0.441176 0.0851538 0.0851538
BinVal : 20 25 1 0.159077 0.159077
BinVal : 20 26 0.9 0.0948683 0.0948683
BinVal : 20 27 0.933333 0.0644061 0.0644061
BinVal : 20 28 0.942857 0.0392347 0.0392347
BinVal : 20 29 0.85 0.0798436 0.0798436
BinVal : 20 30 0 0 0
BinVal : 20 31 0 0 0
BinVal : 20 32 0 0 0
BinVal : 20 33 0 0 0
BinVal : 20 34 0 0 0
BinVal : 20 35 0 0 0
BinVal : 20 36 0 0 0
BinVal : 20 37 0 0 0
BinVal : 20 38 0 0 0
BinVal : 20 39 0 0 0
BinVal : 20 40 0 0 0
BinVal : 20 41 0 0 0
BinVal : 20 42 0 0 0
BinVal : 20 43 0 0 0
BinVal : 21 0 0 0 0
BinVal : 21 1 0 0 0
BinVal : 21 2 0 0 0
BinVal : 21 3 0 0 0
BinVal : 21 4 0 0 0
BinVal : 21 5 0 0 0
BinVal : 21 6 0 0 0
BinVal : 21 7 0 0 0
BinVal : 21 8 0 0 0
BinVal : 21 9 0 0 0
BinVal : 21 10 0 0 0
BinVal : 21 11 0 0 0
BinVal : 21 12 0 0 0
BinVal : 21 13 0 0 0
BinVal : 21 14 1 0.0254407 0.0254407
BinVal : 21 15 0.931035 0.0470544 0.0470544
BinVal : 21 16 0.714286 0.170747 0.170747
BinVal : 21 17 0.95 0.048734 0.048734
BinVal : 21 18 0.923077 0.0739053 0.0739053
BinVal : 21 19 0.931818 0.0379991 0.0379991
BinVal : 21 20 0.941176 0.0285336 0.0285336
BinVal : 21 21 1 0.0118251 0.0118251
BinVal : 21 22 0.979167 0.0206152 0.0206152
BinVal : 21 23 0.731707 0.069196 0.069196
BinVal : 21 24 0.384615 0.077903 0.077903
BinVal : 21 25 0.913043 0.0587534 0.0587534
BinVal : 21 26 0.958333 0.0407894 0.0407894
BinVal : 21 27 1 0.159077 0.159077
BinVal : 21 28 0.923077 0.0426692 0.0426692
BinVal : 21 29 0.96 0.0391918 0.0391918
BinVal : 21 30 0 0 0
BinVal : 21 31 0 0 0
BinVal : 21 32 0 0 0
BinVal : 21 33 0 0 0
BinVal : 21 34 0 0 0
BinVal : 21 35 0 0 0
BinVal : 21 36 0 0 0
BinVal : 21 37 0 0 0
BinVal : 21 38 0 0 0
BinVal : 21 39 0 0 0
BinVal : 21 40 0 0 0
BinVal : 21 41 0 0 0
BinVal : 21 42 0 0 0
BinVal : 21 43 0 0 0
BinVal : 22 0 0 0 0
BinVal : 22 1 0 0 0
BinVal : 22 2 0 0 0
BinVal : 22 3 0 0 0
BinVal : 22 4 0 0 0
BinVal : 22 5 0 0 0
BinVal : 22 6 0 0 0
BinVal : 22 7 0 0 0
BinVal : 22 8 0 0 0
BinVal : 22 9 0 0 0
BinVal : 22 10 0 0 0
BinVal : 22 11 0 0 0
BinVal : 22 12 0 0 0
BinVal : 22 13 0 0 0
BinVal : 22 14 1 0.0216126 0.0216126
BinVal : 22 15 0.888889 0.0740741 0.0740741
BinVal : 22 16 0 0 0
BinVal : 22 17 0 0 0
BinVal : 22 18 0 0 0
BinVal : 22 19 1 0.218486 0.218486
BinVal : 22 20 0 0 0
BinVal : 22 21 0 0 0
BinVal : 22 22 0 0 0
BinVal : 22 23 0 0 0
BinVal : 22 24 0 0 0
BinVal : 22 25 0 0 0
BinVal : 22 26 0 0 0
BinVal : 22 27 0 0 0
BinVal : 22 28 0.954545 0.0444095 0.0444095
BinVal : 22 29 0.952381 0.0464714 0.0464714
BinVal : 22 30 0 0 0
BinVal : 22 31 0 0 0
BinVal : 22 32 0 0 0
BinVal : 22 33 0 0 0
BinVal : 22 34 0 0 0
BinVal : 22 35 0 0 0
BinVal : 22 36 0 0 0
BinVal : 22 37 0 0 0
BinVal : 22 38 0 0 0
BinVal : 22 39 0 0 0
BinVal : 22 40 0 0 0
BinVal : 22 41 0 0 0
BinVal : 22 42 0 0 0
BinVal : 22 43 0 0 0
BinVal : 23 0 0 0 0
BinVal : 23 1 0 0 0
BinVal : 23 2 0 0 0
BinVal : 23 3 0 0 0
BinVal : 23 4 0 0 0
BinVal : 23 5 0 0 0
BinVal : 23 6 0 0 0
BinVal : 23 7 0 0 0
BinVal : 23 8 0 0 0
BinVal : 23 9 0 0 0
BinVal : 23 10 0 0 0
BinVal : 23 11 0 0 0
BinVal : 23 12 0 0 0
BinVal : 23 13 0 0 0
BinVal : 23 14 0.928571 0.0486704 0.0486704
BinVal : 23 15 1 0.0542655 0.0542655
BinVal : 23 16 0 0 0
BinVal : 23 17 0 0 0
BinVal : 23 18 0 0 0
BinVal : 23 19 0 0 0
BinVal : 23 20 0 0 0
BinVal : 23 21 0 0 0
BinVal : 23 22 0 0 0
BinVal : 23 23 0 0 0
BinVal : 23 24 0 0 0
BinVal : 23 25 0 0 0
BinVal : 23 26 0 0 0
BinVal : 23 27 0 0 0
BinVal : 23 28 0.894737 0.0704059 0.0704059
BinVal : 23 29 1 0.0326734 0.0326734
BinVal : 23 30 0 0 0
BinVal : 23 31 0 0 0
BinVal : 23 32 0 0 0
BinVal : 23 33 0 0 0
BinVal : 23 34 0 0 0
BinVal : 23 35 0 0 0
BinVal : 23 36 0 0 0
BinVal : 23 37 0 0 0
BinVal : 23 38 0 0 0
BinVal : 23 39 0 0 0
BinVal : 23 40 0 0 0
BinVal : 23 41 0 0 0
BinVal : 23 42 0 0 0
BinVal : 23 43 0 0 0
BinVal : 24 0 0 0 0
BinVal : 24 1 0 0 0
BinVal : 24 2 0 0 0
BinVal : 24 3 0 0 0
BinVal : 24 4 0 0 0
BinVal : 24 5 0 0 0
BinVal : 24 6 0 0 0
BinVal : 24 7 0 0 0
BinVal : 24 8 0 0 0
BinVal : 24 9 0 0 0
BinVal : 24 10 0 0 0
BinVal : 24 11 0 0 0
BinVal : 24 12 0 0 0
BinVal : 24 13 0 0 0
BinVal : 24 14 1 0.0279117 0.0279117
BinVal : 24 15 0.888889 0.104757 0.104757
BinVal : 24 16 0 0 0
BinVal : 24 17 0 0 0
BinVal : 24 18 0 0 0
BinVal : 24 19 0 0 0
BinVal : 24 20 0 0 0
BinVal : 24 21 0 0 0
BinVal : 24 22 0 0 0
BinVal : 24 23 0 0 0
BinVal : 24 24 0 0 0
BinVal : 24 25 0 0 0
BinVal : 24 26 0 0 0
BinVal : 24 27 0 0 0
BinVal : 24 28 0.923077 0.0739053 0.0739053
BinVal : 24 29 0.964286 0.0350707 0.0350707
BinVal : 24 30 0 0 0
BinVal : 24 31 0 0 0
BinVal : 24 32 0 0 0
BinVal : 24 33 0 0 0
BinVal : 24 34 0 0 0
BinVal : 24 35 0 0 0
BinVal : 24 36 0 0 0
BinVal : 24 37 0 0 0
BinVal : 24 38 0 0 0
BinVal : 24 39 0 0 0
BinVal : 24 40 0 0 0
BinVal : 24 41 0 0 0
BinVal : 24 42 0 0 0
BinVal : 24 43 0 0 0
BinVal : 25 0 0 0 0
BinVal : 25 1 0 0 0
BinVal : 25 2 0 0 0
BinVal : 25 3 0 0 0
BinVal : 25 4 0 0 0
BinVal : 25 5 0 0 0
BinVal : 25 6 0 0 0
BinVal : 25 7 0 0 0
BinVal : 25 8 0 0 0
BinVal : 25 9 0 0 0
BinVal : 25 10 0 0 0
BinVal : 25 11 0 0 0
BinVal : 25 12 0 0 0
BinVal : 25 13 0 0 0
BinVal : 25 14 0.9375 0.0427908 0.0427908
BinVal : 25 15 0.9 0.067082 0.067082
BinVal : 25 16 0 0 0
BinVal : 25 17 0 0 0
BinVal : 25 18 0 0 0
BinVal : 25 19 0 0 0
BinVal : 25 20 0 0 0
BinVal : 25 21 1 0.218486 0.218486
BinVal : 25 22 1 0.218486 0.218486
BinVal : 25 23 0 0 0
BinVal : 25 24 0 0 0
BinVal : 25 25 0 0 0
BinVal : 25 26 0 0 0
BinVal : 25 27 0 0 0
BinVal : 25 28 0.947368 0.0512278 0.0512278
BinVal : 25 29 1 0.0208287 0.0208287
BinVal : 25 30 1 0.218486 0.218486
BinVal : 25 31 0 0 0
BinVal : 25 32 0 0 0
BinVal : 25 33 0 0 0
BinVal : 25 34 0 0 0
BinVal : 25 35 0 0 0
BinVal : 25 36 0 0 0
BinVal : 25 37 0 0 0
BinVal : 25 38 0 0 0
BinVal : 25 39 0 0 0
BinVal : 25 40 0 0 0
BinVal : 25 41 0 0 0
BinVal : 25 42 0 0 0
BinVal : 25 43 0 0 0
BinVal : 26 0 0 0 0
BinVal : 26 1 0 0 0
BinVal : 26 2 0 0 0
BinVal : 26 3 0 0 0
BinVal : 26 4 0 0 0
BinVal : 26 5 0 0 0
BinVal : 26 6 0 0 0
BinVal : 26 7 0 0 0
BinVal : 26 8 0 0 0
BinVal : 26 9 0 0 0
BinVal : 26 10 0 0 0
BinVal : 26 11 0 0 0
BinVal : 26 12 0 0 0
BinVal : 26 13 1 0.218486 0.218486
BinVal : 26 14 1 0.0346427 0.0346427
BinVal : 26 15 0.861111 0.0576384 0.0576384
BinVal : 26 16 0.75 0.216506 0.216506
BinVal : 26 17 0.652174 0.0993113 0.0993113
BinVal : 26 18 0.913043 0.0587534 0.0587534
BinVal : 26 19 0.861111 0.0576384 0.0576384
BinVal : 26 20 0.981132 0.0186891 0.0186891
BinVal : 26 21 0.961538 0.0266683 0.0266683
BinVal : 26 22 0.893617 0.0449741 0.0449741
BinVal : 26 23 0.685714 0.0784693 0.0784693
BinVal : 26 24 0.65 0.0754155 0.0754155
BinVal : 26 25 1 0.0456491 0.0456491
BinVal : 26 26 0.926829 0.0406702 0.0406702
BinVal : 26 27 0.666667 0.272166 0.272166
BinVal : 26 28 0.939394 0.041536 0.041536
BinVal : 26 29 1 0.0266185 0.0266185
BinVal : 26 30 0 0 0
BinVal : 26 31 0 0 0
BinVal : 26 32 0 0 0
BinVal : 26 33 0 0 0
BinVal : 26 34 0 0 0
BinVal : 26 35 0 0 0
BinVal : 26 36 0 0 0
BinVal : 26 37 0 0 0
BinVal : 26 38 0 0 0
BinVal : 26 39 0 0 0
BinVal : 26 40 0 0 0
BinVal : 26 41 0 0 0
BinVal : 26 42 0 0 0
BinVal : 26 43 0 0 0
BinVal : 27 0 0 0 0
BinVal : 27 1 0 0 0
BinVal : 27 2 0 0 0
BinVal : 27 3 0 0 0
BinVal : 27 4 0 0 0
BinVal : 27 5 0 0 0
BinVal : 27 6 0 0 0
BinVal : 27 7 0 0 0
BinVal : 27 8 0 0 0
BinVal : 27 9 0 0 0
BinVal : 27 10 0 0 0
BinVal : 27 11 0 0 0
BinVal : 27 12 0 0 0
BinVal : 27 13 0 0 0
BinVal : 27 14 1 0.0216126 0.0216126
BinVal : 27 15 0.971429 0.0281603 0.0281603
BinVal : 27 16 0.909091 0.0866784 0.0866784
BinVal : 27 17 1 0.0668855 0.0668855
BinVal : 27 18 1 0.0871301 0.0871301
BinVal : 27 19 0.913043 0.0587534 0.0587534
BinVal : 27 20 0.978261 0.0215015 0.0215015
BinVal : 27 21 0.789474 0.0661348 0.0661348
BinVal : 27 22 0.846154 0.0500341 0.0500341
BinVal : 27 23 0.392857 0.0652633 0.0652633
BinVal : 27 24 0.727273 0.0949515 0.0949515
BinVal : 27 25 1 0.218486 0.218486
BinVal : 27 26 0.5 0.204124 0.204124
BinVal : 27 27 0.888889 0.104757 0.104757
BinVal : 27 28 0.97561 0.024091 0.024091
BinVal : 27 29 1 0.0346427 0.0346427
BinVal : 27 30 0 0 0
BinVal : 27 31 0 0 0
BinVal : 27 32 0 0 0
BinVal : 27 33 0 0 0
BinVal : 27 34 0 0 0
BinVal : 27 35 0 0 0
BinVal : 27 36 0 0 0
BinVal : 27 37 0 0 0
BinVal : 27 38 0 0 0
BinVal : 27 39 0 0 0
BinVal : 27 40 0 0 0
BinVal : 27 41 0 0 0
BinVal : 27 42 0 0 0
BinVal : 27 43 0 0 0
BinVal : 28 0 0 0 0
BinVal : 28 1 0 0 0
BinVal : 28 2 0 0 0
BinVal : 28 3 0 0 0
BinVal : 28 4 0 0 0
BinVal : 28 5 0 0 0
BinVal : 28 6 0 0 0
BinVal : 28 7 0 0 0
BinVal : 28 8 0 0 0
BinVal : 28 9 0 0 0
BinVal : 28 10 0 0 0
BinVal : 28 11 0 0 0
BinVal : 28 12 0 0 0
BinVal : 28 13 0 0 0
BinVal : 28 14 1 0.0293374 0.0293374
BinVal : 28 15 0.914286 0.0473188 0.0473188
BinVal : 28 16 0.953488 0.0321147 0.0321147
BinVal : 28 17 0.666667 0.0907218 0.0907218
BinVal : 28 18 0.9375 0.0605154 0.0605154
BinVal : 28 19 0.852941 0.0607387 0.0607387
BinVal : 28 20 0.903226 0.0531003 0.0531003
BinVal : 28 21 0.723404 0.0652476 0.0652476
BinVal : 28 22 0.878788 0.0568144 0.0568144
BinVal : 28 23 0.391304 0.101764 0.101764
BinVal : 28 24 0.375 0.0988212 0.0988212
BinVal : 28 25 0.636364 0.145041 0.145041
BinVal : 28 26 0.866667 0.0620633 0.0620633
BinVal : 28 27 0.939394 0.041536 0.041536
BinVal : 28 28 1 0.0145144 0.0145144
BinVal : 28 29 1 0.0346427 0.0346427
BinVal : 28 30 0 0 0
BinVal : 28 31 0 0 0
BinVal : 28 32 0 0 0
BinVal : 28 33 0 0 0
BinVal : 28 34 0 0 0
BinVal : 28 35 0 0 0
BinVal : 28 36 0 0 0
BinVal : 28 37 0 0 0
BinVal : 28 38 0 0 0
BinVal : 28 39 0 0 0
BinVal : 28 40 0 0 0
BinVal : 28 41 0 0 0
BinVal : 28 42 0 0 0
BinVal : 28 43 0 0 0
BinVal : 29 0 0 0 0
BinVal : 29 1 0 0 0
BinVal : 29 2 0 0 0
BinVal : 29 3 0 0 0
BinVal : 29 4 0 0 0
BinVal : 29 5 0 0 0
BinVal : 29 6 0 0 0
BinVal : 29 7 0 0 0
BinVal : 29 8 0 0 0
BinVal : 29 9 0 0 0
BinVal : 29 10 0 0 0
BinVal : 29 11 0 0 0
BinVal : 29 12 0 0 0
BinVal : 29 13 0 0 0
BinVal : 29 14 1 0.0293374 0.0293374
BinVal : 29 15 0.97561 0.024091 0.024091
BinVal : 29 16 0.883721 0.0488848 0.0488848
BinVal : 29 17 0.981132 0.0186891 0.0186891
BinVal : 29 18 0.980392 0.0194147 0.0194147
BinVal : 29 19 0.954545 0.0314022 0.0314022
BinVal : 29 20 0.915254 0.036258 0.036258
BinVal : 29 21 0.927273 0.0350164 0.0350164
BinVal : 29 22 0.972222 0.0193671 0.0193671
BinVal : 29 23 0.767857 0.0564188 0.0564188
BinVal : 29 24 0.959184 0.0282664 0.0282664
BinVal : 29 25 0.954545 0.0314022 0.0314022
BinVal : 29 26 0.964286 0.0350707 0.0350707
BinVal : 29 27 0.9375 0.0302577 0.0302577
BinVal : 29 28 1 0.0113578 0.0113578
BinVal : 29 29 1 0.0233703 0.0233703
BinVal : 29 30 0 0 0
BinVal : 29 31 0 0 0
BinVal : 29 32 0 0 0
BinVal : 29 33 0 0 0
BinVal : 29 34 0 0 0
BinVal : 29 35 0 0 0
BinVal : 29 36 0 0 0
BinVal : 29 37 0 0 0
BinVal : 29 38 0 0 0
BinVal : 29 39 0 0 0
BinVal : 29 40 0 0 0
BinVal : 29 41 0 0 0
BinVal : 29 42 0 0 0
BinVal : 29 43 0 0 0
BinVal : 30 0 0 0 0
BinVal : 30 1 0 0 0
BinVal : 30 2 0 0 0
BinVal : 30 3 0 0 0
BinVal : 30 4 0 0 0
BinVal : 30 5 0 0 0
BinVal : 30 6 0 0 0
BinVal : 30 7 0 0 0
BinVal : 30 8 0 0 0
BinVal : 30 9 0 0 0
BinVal : 30 10 0 0 0
BinVal : 30 11 0 0 0
BinVal : 30 12 0 0 0
BinVal : 30 13 0 0 0
BinVal : 30 14 1 0.0208287 0.0208287
BinVal : 30 15 0.956522 0.030068 0.030068
BinVal : 30 16 0.833333 0.062113 0.062113
BinVal : 30 17 0.979592 0.0201988 0.0201988
BinVal : 30 18 0.953488 0.0321147 0.0321147
BinVal : 30 19 0.793103 0.0752216 0.0752216
BinVal : 30 20 0.780822 0.0484187 0.0484187
BinVal : 30 21 0.923077 0.0369527 0.0369527
BinVal : 30 22 0.938462 0.0298075 0.0298075
BinVal : 30 23 0.897959 0.0432431 0.0432431
BinVal : 30 24 0.875 0.0477352 0.0477352
BinVal : 30 25 0.951219 0.0336412 0.0336412
BinVal : 30 26 1 0.0126033 0.0126033
BinVal : 30 27 0.866667 0.0620633 0.0620633
BinVal : 30 28 0.972222 0.0273893 0.0273893
BinVal : 30 29 1 0.0201001 0.0201001
BinVal : 30 30 0 0 0
BinVal : 30 31 0 0 0
BinVal : 30 32 0 0 0
BinVal : 30 33 0 0 0
BinVal : 30 34 0 0 0
BinVal : 30 35 0 0 0
BinVal : 30 36 0 0 0
BinVal : 30 37 0 0 0
BinVal : 30 38 0 0 0
BinVal : 30 39 0 0 0
BinVal : 30 40 0 0 0
BinVal : 30 41 0 0 0
BinVal : 30 42 0 0 0
BinVal : 30 43 0 0 0
BinVal : 31 0 0 0 0
BinVal : 31 1 0 0 0
BinVal : 31 2 0 0 0
BinVal : 31 3 0 0 0
BinVal : 31 4 0 0 0
BinVal : 31 5 0 0 0
BinVal : 31 6 0 0 0
BinVal : 31 7 0 0 0
BinVal : 31 8 0 0 0
BinVal : 31 9 0 0 0
BinVal : 31 10 0 0 0
BinVal : 31 11 0 0 0
BinVal : 31 12 0 0 0
BinVal : 31 13 0 0 0
BinVal : 31 14 1 0.0224566 0.0224566
BinVal : 31 15 0.97619 0.0235244 0.0235244
BinVal : 31 16 0.892857 0.0584512 0.0584512
BinVal : 31 17 0.909091 0.0433392 0.0433392
BinVal : 31 18 0.95 0.0344601 0.0344601
BinVal : 31 19 0.756757 0.0705339 0.0705339
BinVal : 31 20 0.851852 0.048343 0.048343
BinVal : 31 21 0.932203 0.032729 0.032729
BinVal : 31 22 1 0.00903559 0.00903559
BinVal : 31 23 0.745098 0.0610251 0.0610251
BinVal : 31 24 0.904762 0.0452948 0.0452948
BinVal : 31 25 0.916667 0.0564169 0.0564169
BinVal : 31 26 0.972222 0.0273893 0.0273893
BinVal : 31 27 0.923077 0.0522589 0.0522589
BinVal : 31 28 0.973684 0.0259672 0.0259672
BinVal : 31 29 1 0.0243611 0.0243611
BinVal : 31 30 0 0 0
BinVal : 31 31 0 0 0
BinVal : 31 32 0 0 0
BinVal : 31 33 0 0 0
BinVal : 31 34 0 0 0
BinVal : 31 35 0 0 0
BinVal : 31 36 0 0 0
BinVal : 31 37 0 0 0
BinVal : 31 38 0 0 0
BinVal : 31 39 0 0 0
BinVal : 31 40 0 0 0
BinVal : 31 41 0 0 0
BinVal : 31 42 0 0 0
BinVal : 31 43 0 0 0


Comments : cosmic veto applied 
EffMethod : TagAndProbe 
EffName : eff 
EffType : Binned 
EffVarNames : phi deteta 
EffVersion : 5 
ObjQuality : l2m5 
ObjRelativeTo : tight_l1wtxx 
ObjType : Muon 
ObjVersion : 1 
RunRangeHigh : 216000 
RunRangeLow : 160000 
TriggerVersionHigh : 14.99 
TriggerVersionLow : 13 
BinEdgesX : 0 0.19635 0.3927 0.58905 0.7854 0.98175 1.1781 1.37445 1.5708 1.76715 1.9635 2.15985 2.3562 2.55255 2.7489 2.94525 3.1416 3.33795 3.5343 3.73065 3.927 4.12335 4.3197 4.51605 4.7124 4.90875 5.1051 5.30145 5.4978 5.69415 5.8905 6.08685 6.2832 
BinEdgesY : -4.2 -4.00909 -3.81818 -3.62727 -3.43636 -3.24545 -3.05455 -2.86364 -2.67273 -2.48182 -2.29091 -2.1 -1.90909 -1.71818 -1.52727 -1.33636 -1.14545 -0.954545 -0.763636 -0.572727 -0.381818 -0.190909 0 0.190909 0.381818 0.572727 0.763636 0.954545 1.14545 1.33636 1.52727 1.71818 1.90909 2.1 2.29091 2.48182 2.67273 2.86364 3.05455 3.24545 3.43636 3.62727 3.81818 4.00909 4.2 
BinVal : 0 0 0 0 0
BinVal : 0 1 0 0 0
BinVal : 0 2 0 0 0
BinVal : 0 3 0 0 0
BinVal : 0 4 0 0 0
BinVal : 0 5 0 0 0
BinVal : 0 6 0 0 0
BinVal : 0 7 0 0 0
BinVal : 0 8 0 0 0
BinVal : 0 9 0 0 0
BinVal : 0 10 0 0 0
BinVal : 0 11 0 0 0
BinVal : 0 12 0 0 0
BinVal : 0 13 1 0.0266185 0.0266185
BinVal : 0 14 0.952381 0.0268303 0.0268303
BinVal : 0 15 0.985294 0.0145974 0.0145974
BinVal : 0 16 0.855072 0.0423792 0.0423792
BinVal : 0 17 0.972973 0.018851 0.018851
BinVal : 0 18 0.87234 0.0486767 0.0486767
BinVal : 0 19 0.957143 0.0242076 0.0242076
BinVal : 0 20 0.9375 0.0247053 0.0247053
BinVal : 0 21 0.952381 0.0207827 0.0207827
BinVal : 0 22 0.958763 0.020189 0.020189
BinVal : 0 23 0.666667 0.0460044 0.0460044
BinVal : 0 24 0.896552 0.0326505 0.0326505
BinVal : 0 25 0.854839 0.0447375 0.0447375
BinVal : 0 26 0.988506 0.011428 0.011428
BinVal : 0 27 0.785714 0.0548321 0.0548321
BinVal : 0 28 0.988235 0.0116953 0.0116953
BinVal : 0 29 1 0.0105252 0.0105252
BinVal : 0 30 1 0.0422902 0.0422902
BinVal : 0 31 0 0 0
BinVal : 0 32 0 0 0
BinVal : 0 33 0 0 0
BinVal : 0 34 0 0 0
BinVal : 0 35 0 0 0
BinVal : 0 36 0 0 0
BinVal : 0 37 0 0 0
BinVal : 0 38 0 0 0
BinVal : 0 39 0 0 0
BinVal : 0 40 0 0 0
BinVal : 0 41 0 0 0
BinVal : 0 42 0 0 0
BinVal : 0 43 0 0 0
BinVal : 1 0 0 0 0
BinVal : 1 1 0 0 0
BinVal : 1 2 0 0 0
BinVal : 1 3 0 0 0
BinVal : 1 4 0 0 0
BinVal : 1 5 0 0 0
BinVal : 1 6 0 0 0
BinVal : 1 7 0 0 0
BinVal : 1 8 0 0 0
BinVal : 1 9 0 0 0
BinVal : 1 10 0 0 0
BinVal : 1 11 0 0 0
BinVal : 1 12 0 0 0
BinVal : 1 13 1 0.0422902 0.0422902
BinVal : 1 14 0.969697 0.0172283 0.0172283
BinVal : 1 15 0.988235 0.0116953 0.0116953
BinVal : 1 16 0.931818 0.0268694 0.0268694
BinVal : 1 17 0.989796 0.0101519 0.0101519
BinVal : 1 18 0.828125 0.047159 0.047159
BinVal : 1 19 0.948454 0.0224503 0.0224503
BinVal : 1 20 0.903704 0.0253893 0.0253893
BinVal : 1 21 0.912752 0.0231186 0.0231186
BinVal : 1 22 0.964789 0.0154672 0.0154672
BinVal : 1 23 0.653465 0.0473504 0.0473504
BinVal : 1 24 0.962963 0.0181723 0.0181723
BinVal : 1 25 0.878049 0.0361364 0.0361364
BinVal : 1 26 0.935897 0.0277335 0.0277335
BinVal : 1 27 0.802469 0.0442374 0.0442374
BinVal : 1 28 0.98913 0.0108103 0.0108103
BinVal : 1 29 1 0.0088954 0.0088954
BinVal : 1 30 1 0.0346427 0.0346427
BinVal : 1 31 0 0 0
BinVal : 1 32 0 0 0
BinVal : 1 33 0 0 0
BinVal : 1 34 0 0 0
BinVal : 1 35 0 0 0
BinVal : 1 36 0 0 0
BinVal : 1 37 0 0 0
BinVal : 1 38 0 0 0
BinVal : 1 39 0 0 0
BinVal : 1 40 0 0 0
BinVal : 1 41 0 0 0
BinVal : 1 42 0 0 0
BinVal : 1 43 0 0 0
BinVal : 2 0 0 0 0
BinVal : 2 1 0 0 0
BinVal : 2 2 0 0 0
BinVal : 2 3 0 0 0
BinVal : 2 4 0 0 0
BinVal : 2 5 0 0 0
BinVal : 2 6 0 0 0
BinVal : 2 7 0 0 0
BinVal : 2 8 0 0 0
BinVal : 2 9 0 0 0
BinVal : 2 10 0 0 0
BinVal : 2 11 0 0 0
BinVal : 2 12 0 0 0
BinVal : 2 13 1 0.0668855 0.0668855
BinVal : 2 14 1 0.00663519 0.00663519
BinVal : 2 15 1 0.00601053 0.00601053
BinVal : 2 16 0.925926 0.029099 0.029099
BinVal : 2 17 0.939759 0.0261165 0.0261165
BinVal : 2 18 0.897059 0.0368511 0.0368511
BinVal : 2 19 0.940476 0.0258154 0.0258154
BinVal : 2 20 0.9375 0.0228727 0.0228727
BinVal : 2 21 0.904 0.026349 0.026349
BinVal : 2 22 0.944954 0.0218451 0.0218451
BinVal : 2 23 0.62766 0.0498618 0.0498618
BinVal : 2 24 0.951923 0.0209774 0.0209774
BinVal : 2 25 0.89011 0.0327854 0.0327854
BinVal : 2 26 0.970588 0.0204891 0.0204891
BinVal : 2 27 0.939759 0.0261165 0.0261165
BinVal : 2 28 0.979798 0.01414 0.01414
BinVal : 2 29 1 0.00721884 0.00721884
BinVal : 2 30 1 0.0346427 0.0346427
BinVal : 2 31 0 0 0
BinVal : 2 32 0 0 0
BinVal : 2 33 0 0 0
BinVal : 2 34 0 0 0
BinVal : 2 35 0 0 0
BinVal : 2 36 0 0 0
BinVal : 2 37 0 0 0
BinVal : 2 38 0 0 0
BinVal : 2 39 0 0 0
BinVal : 2 40 0 0 0
BinVal : 2 41 0 0 0
BinVal : 2 42 0 0 0
BinVal : 2 43 0 0 0
BinVal : 3 0 0 0 0
BinVal : 3 1 0 0 0
BinVal : 3 2 0 0 0
BinVal : 3 3 0 0 0
BinVal : 3 4 0 0 0
BinVal : 3 5 0 0 0
BinVal : 3 6 0 0 0
BinVal : 3 7 0 0 0
BinVal : 3 8 0 0 0
BinVal : 3 9 0 0 0
BinVal : 3 10 0 0 0
BinVal : 3 11 0 0 0
BinVal : 3 12 0 0 0
BinVal : 3 13 0.857143 0.13226 0.13226
BinVal : 3 14 1 0.0123324 0.0123324
BinVal : 3 15 0.984127 0.0157465 0.0157465
BinVal : 3 16 1 0.00770235 0.00770235
BinVal : 3 17 0.75 0.0578638 0.0578638
BinVal : 3 18 0.927536 0.0312105 0.0312105
BinVal : 3 19 0.916667 0.0356812 0.0356812
BinVal : 3 20 0.884058 0.0385422 0.0385422
BinVal : 3 21 0.879121 0.0341727 0.0341727
BinVal : 3 22 0.945205 0.0266361 0.0266361
BinVal : 3 23 0.737705 0.0563211 0.0563211
BinVal : 3 24 0.971014 0.0201966 0.0201966
BinVal : 3 25 0.907692 0.0359031 0.0359031
BinVal : 3 26 0.846154 0.0500341 0.0500341
BinVal : 3 27 0.984375 0.0155024 0.0155024
BinVal : 3 28 1 0.0088954 0.0088954
BinVal : 3 29 1 0.0152869 0.0152869
BinVal : 3 30 1 0.102643 0.102643
BinVal : 3 31 0 0 0
BinVal : 3 32 0 0 0
BinVal : 3 33 0 0 0
BinVal : 3 34 0 0 0
BinVal : 3 35 0 0 0
BinVal : 3 36 0 0 0
BinVal : 3 37 0 0 0
BinVal : 3 38 0 0 0
BinVal : 3 39 0 0 0
BinVal : 3 40 0 0 0
BinVal : 3 41 0 0 0
BinVal : 3 42 0 0 0
BinVal : 3 43 0 0 0
BinVal : 4 0 0 0 0
BinVal : 4 1 0 0 0
BinVal : 4 2 0 0 0
BinVal : 4 3 0 0 0
BinVal : 4 4 0 0 0
BinVal : 4 5 0 0 0
BinVal : 4 6 0 0 0
BinVal : 4 7 0 0 0
BinVal : 4 8 0 0 0
BinVal : 4 9 0 0 0
BinVal : 4 10 0 0 0
BinVal : 4 11 0 0 0
BinVal : 4 12 0 0 0
BinVal : 4 13 1 0.0542655 0.0542655
BinVal : 4 14 1 0.0166125 0.0166125
BinVal : 4 15 1 0.0118251 0.0118251
BinVal : 4 16 0.980392 0.0194147 0.0194147
BinVal : 4 17 0.842105 0.0591528 0.0591528
BinVal : 4 18 0.97561 0.0170349 0.0170349
BinVal : 4 19 0.928571 0.0307818 0.0307818
BinVal : 4 20 0.895833 0.0440918 0.0440918
BinVal : 4 21 0.814286 0.0464796 0.0464796
BinVal : 4 22 1 0.00760031 0.00760031
BinVal : 4 23 0.881356 0.0420991 0.0420991
BinVal : 4 24 0.933333 0.0371849 0.0371849
BinVal : 4 25 0.981132 0.0186891 0.0186891
BinVal : 4 26 0.866667 0.0620633 0.0620633
BinVal : 4 27 1 0.0101533 0.0101533
BinVal : 4 28 0.947368 0.0362235 0.0362235
BinVal : 4 29 0.916667 0.0460642 0.0460642
BinVal : 4 30 1 0.0599198 0.0599198
BinVal : 4 31 0 0 0
BinVal : 4 32 0 0 0
BinVal : 4 33 0 0 0
BinVal : 4 34 0 0 0
BinVal : 4 35 0 0 0
BinVal : 4 36 0 0 0
BinVal : 4 37 0 0 0
BinVal : 4 38 0 0 0
BinVal : 4 39 0 0 0
BinVal : 4 40 0 0 0
BinVal : 4 41 0 0 0
BinVal : 4 42 0 0 0
BinVal : 4 43 0 0 0
BinVal : 5 0 0 0 0
BinVal : 5 1 0 0 0
BinVal : 5 2 0 0 0
BinVal : 5 3 0 0 0
BinVal : 5 4 0 0 0
BinVal : 5 5 0 0 0
BinVal : 5 6 0 0 0
BinVal : 5 7 0 0 0
BinVal : 5 8 0 0 0
BinVal : 5 9 0 0 0
BinVal : 5 10 0 0 0
BinVal : 5 11 0 0 0
BinVal : 5 12 0 0 0
BinVal : 5 13 1 0.0542655 0.0542655
BinVal : 5 14 1 0.0123324 0.0123324
BinVal : 5 15 0.981132 0.0186891 0.0186891
BinVal : 5 16 0.964286 0.0247988 0.0247988
BinVal : 5 17 0.902439 0.0463399 0.0463399
BinVal : 5 18 0.962264 0.026175 0.026175
BinVal : 5 19 0.959184 0.0282664 0.0282664
BinVal : 5 20 0.859375 0.0434543 0.0434543
BinVal : 5 21 0.790123 0.0452467 0.0452467
BinVal : 5 22 1 0.00671244 0.00671244
BinVal : 5 23 0.838235 0.044655 0.044655
BinVal : 5 24 0.934783 0.0364048 0.0364048
BinVal : 5 25 0.928571 0.0344151 0.0344151
BinVal : 5 26 0.886364 0.0478452 0.0478452
BinVal : 5 27 0.910448 0.0348842 0.0348842
BinVal : 5 28 1 0.0126033 0.0126033
BinVal : 5 29 1 0.0111375 0.0111375
BinVal : 5 30 1 0.0756803 0.0756803
BinVal : 5 31 0 0 0
BinVal : 5 32 0 0 0
BinVal : 5 33 0 0 0
BinVal : 5 34 0 0 0
BinVal : 5 35 0 0 0
BinVal : 5 36 0 0 0
BinVal : 5 37 0 0 0
BinVal : 5 38 0 0 0
BinVal : 5 39 0 0 0
BinVal : 5 40 0 0 0
BinVal : 5 41 0 0 0
BinVal : 5 42 0 0 0
BinVal : 5 43 0 0 0
BinVal : 6 0 0 0 0
BinVal : 6 1 0 0 0
BinVal : 6 2 0 0 0
BinVal : 6 3 0 0 0
BinVal : 6 4 0 0 0
BinVal : 6 5 0 0 0
BinVal : 6 6 0 0 0
BinVal : 6 7 0 0 0
BinVal : 6 8 0 0 0
BinVal : 6 9 0 0 0
BinVal : 6 10 0 0 0
BinVal : 6 11 0 0 0
BinVal : 6 12 0 0 0
BinVal : 6 13 1 0.0756803 0.0756803
BinVal : 6 14 1 0.018786 0.018786
BinVal : 6 15 1 0.018786 0.018786
BinVal : 6 16 0.965517 0.033883 0.033883
BinVal : 6 17 0.955556 0.0307207 0.0307207
BinVal : 6 18 0.969697 0.0298404 0.0298404
BinVal : 6 19 0.846154 0.0707589 0.0707589
BinVal : 6 20 0.833333 0.0537914 0.0537914
BinVal : 6 21 0.8125 0.0563367 0.0563367
BinVal : 6 22 1 0.00948286 0.00948286
BinVal : 6 23 0.8 0.0596285 0.0596285
BinVal : 6 24 0.947368 0.0362235 0.0362235
BinVal : 6 25 0.945946 0.0371746 0.0371746
BinVal : 6 26 0.914894 0.0407022 0.0407022
BinVal : 6 27 0.8 0.0730297 0.0730297
BinVal : 6 28 1 0.0131822 0.0131822
BinVal : 6 29 0.925926 0.050401 0.050401
BinVal : 6 30 1 0.0871301 0.0871301
BinVal : 6 31 0 0 0
BinVal : 6 32 0 0 0
BinVal : 6 33 0 0 0
BinVal : 6 34 0 0 0
BinVal : 6 35 0 0 0
BinVal : 6 36 0 0 0
BinVal : 6 37 0 0 0
BinVal : 6 38 0 0 0
BinVal : 6 39 0 0 0
BinVal : 6 40 0 0 0
BinVal : 6 41 0 0 0
BinVal : 6 42 0 0 0
BinVal : 6 43 0 0 0
BinVal : 7 0 0 0 0
BinVal : 7 1 0 0 0
BinVal : 7 2 0 0 0
BinVal : 7 3 0 0 0
BinVal : 7 4 0 0 0
BinVal : 7 5 0 0 0
BinVal : 7 6 0 0 0
BinVal : 7 7 0 0 0
BinVal : 7 8 0 0 0
BinVal : 7 9 0 0 0
BinVal : 7 10 0 0 0
BinVal : 7 11 0 0 0
BinVal : 7 12 0 0 0
BinVal : 7 13 1 0.0871301 0.0871301
BinVal : 7 14 1 0.0326734 0.0326734
BinVal : 7 15 1 0.0141568 0.0141568
BinVal : 7 16 0.75 0.0968246 0.0968246
BinVal : 7 17 0.972973 0.0266593 0.0266593
BinVal : 7 18 1 0.0201001 0.0201001
BinVal : 7 19 0.933333 0.045542 0.045542
BinVal : 7 20 0.964286 0.0350707 0.0350707
BinVal : 7 21 0.789474 0.0661348 0.0661348
BinVal : 7 22 1 0.0148902 0.0148902
BinVal : 7 23 0.818182 0.0822304 0.0822304
BinVal : 7 24 0.88 0.0649923 0.0649923
BinVal : 7 25 0.958333 0.0407894 0.0407894
BinVal : 7 26 0.931035 0.0470544 0.0470544
BinVal : 7 27 0.833333 0.107583 0.107583
BinVal : 7 28 0.9 0.067082 0.067082
BinVal : 7 29 1 0.0346427 0.0346427
BinVal : 7 30 1 0.102643 0.102643
BinVal : 7 31 0 0 0
BinVal : 7 32 0 0 0
BinVal : 7 33 0 0 0
BinVal : 7 34 0 0 0
BinVal : 7 35 0 0 0
BinVal : 7 36 0 0 0
BinVal : 7 37 0 0 0
BinVal : 7 38 0 0 0
BinVal : 7 39 0 0 0
BinVal : 7 40 0 0 0
BinVal : 7 41 0 0 0
BinVal : 7 42 0 0 0
BinVal : 7 43 0 0 0
BinVal : 8 0 0 0 0
BinVal : 8 1 0 0 0
BinVal : 8 2 0 0 0
BinVal : 8 3 0 0 0
BinVal : 8 4 0 0 0
BinVal : 8 5 0 0 0
BinVal : 8 6 0 0 0
BinVal : 8 7 0 0 0
BinVal : 8 8 0 0 0
BinVal : 8 9 0 0 0
BinVal : 8 10 0 0 0
BinVal : 8 11 0 0 0
BinVal : 8 12 0 0 0
BinVal : 8 13 1 0.102643 0.102643
BinVal : 8 14 1 0.0243611 0.0243611
BinVal : 8 15 1 0.0224566 0.0224566
BinVal : 8 16 1 0.0309157 0.0309157
BinVal : 8 17 0.964286 0.0350707 0.0350707
BinVal : 8 18 1 0.0279117 0.0279117
BinVal : 8 19 0.875 0.0675077 0.0675077
BinVal : 8 20 0.933333 0.045542 0.045542
BinVal : 8 21 0.942857 0.0392347 0.0392347
BinVal : 8 22 0.888889 0.0604812 0.0604812
BinVal : 8 23 0.590909 0.104824 0.104824
BinVal : 8 24 0.826087 0.0790342 0.0790342
BinVal : 8 25 0.833333 0.087841 0.087841
BinVal : 8 26 1 0.0208287 0.0208287
BinVal : 8 27 1 0.0495858 0.0495858
BinVal : 8 28 0.961538 0.0377146 0.0377146
BinVal : 8 29 1 0.0346427 0.0346427
BinVal : 8 30 1 0.159077 0.159077
BinVal : 8 31 0 0 0
BinVal : 8 32 0 0 0
BinVal : 8 33 0 0 0
BinVal : 8 34 0 0 0
BinVal : 8 35 0 0 0
BinVal : 8 36 0 0 0
BinVal : 8 37 0 0 0
BinVal : 8 38 0 0 0
BinVal : 8 39 0 0 0
BinVal : 8 40 0 0 0
BinVal : 8 41 0 0 0
BinVal : 8 42 0 0 0
BinVal : 8 43 0 0 0
BinVal : 9 0 0 0 0
BinVal : 9 1 0 0 0
BinVal : 9 2 0 0 0
BinVal : 9 3 0 0 0
BinVal : 9 4 0 0 0
BinVal : 9 5 0 0 0
BinVal : 9 6 0 0 0
BinVal : 9 7 0 0 0
BinVal : 9 8 0 0 0
BinVal : 9 9 0 0 0
BinVal : 9 10 0 0 0
BinVal : 9 11 0 0 0
BinVal : 9 12 0 0 0
BinVal : 9 13 0.875 0.116927 0.116927
BinVal : 9 14 0.958333 0.0407894 0.0407894
BinVal : 9 15 0.96875 0.0307578 0.0307578
BinVal : 9 16 1 0.0293374 0.0293374
BinVal : 9 17 0.804878 0.0618908 0.0618908
BinVal : 9 18 1 0.0181909 0.0181909
BinVal : 9 19 0.805556 0.0659621 0.0659621
BinVal : 9 20 0.911765 0.0486433 0.0486433
BinVal : 9 21 0.902439 0.0463399 0.0463399
BinVal : 9 22 0.903226 0.0531003 0.0531003
BinVal : 9 23 0.714286 0.0985808 0.0985808
BinVal : 9 24 0.888889 0.0523783 0.0523783
BinVal : 9 25 0.882353 0.0552551 0.0552551
BinVal : 9 26 0.903226 0.0531003 0.0531003
BinVal : 9 27 0.769231 0.0826286 0.0826286
BinVal : 9 28 1 0.0157046 0.0157046
BinVal : 9 29 1 0.0224566 0.0224566
BinVal : 9 30 1 0.0495858 0.0495858
BinVal : 9 31 0 0 0
BinVal : 9 32 0 0 0
BinVal : 9 33 0 0 0
BinVal : 9 34 0 0 0
BinVal : 9 35 0 0 0
BinVal : 9 36 0 0 0
BinVal : 9 37 0 0 0
BinVal : 9 38 0 0 0
BinVal : 9 39 0 0 0
BinVal : 9 40 0 0 0
BinVal : 9 41 0 0 0
BinVal : 9 42 0 0 0
BinVal : 9 43 0 0 0
BinVal : 10 0 0 0 0
BinVal : 10 1 0 0 0
BinVal : 10 2 0 0 0
BinVal : 10 3 0 0 0
BinVal : 10 4 0 0 0
BinVal : 10 5 0 0 0
BinVal : 10 6 0 0 0
BinVal : 10 7 0 0 0
BinVal : 10 8 0 0 0
BinVal : 10 9 0 0 0
BinVal : 10 10 0 0 0
BinVal : 10 11 0 0 0
BinVal : 10 12 0 0 0
BinVal : 10 13 1 0.0756803 0.0756803
BinVal : 10 14 1 0.00948286 0.00948286
BinVal : 10 15 1 0.0109258 0.0109258
BinVal : 10 16 0.959184 0.0282664 0.0282664
BinVal : 10 17 0.925 0.0416458 0.0416458
BinVal : 10 18 1 0.0103354 0.0103354
BinVal : 10 19 0.983333 0.0165272 0.0165272
BinVal : 10 20 0.888889 0.0427667 0.0427667
BinVal : 10 21 0.804348 0.0584905 0.0584905
BinVal : 10 22 0.930233 0.0388497 0.0388497
BinVal : 10 23 0.8 0.08 0.08
BinVal : 10 24 0.773585 0.0574869 0.0574869
BinVal : 10 25 0.861538 0.0428396 0.0428396
BinVal : 10 26 0.972973 0.0266593 0.0266593
BinVal : 10 27 0.882353 0.0451156 0.0451156
BinVal : 10 28 1 0.0131822 0.0131822
BinVal : 10 29 1 0.0145144 0.0145144
BinVal : 10 30 1 0.0495858 0.0495858
BinVal : 10 31 0 0 0
BinVal : 10 32 0 0 0
BinVal : 10 33 0 0 0
BinVal : 10 34 0 0 0
BinVal : 10 35 0 0 0
BinVal : 10 36 0 0 0
BinVal : 10 37 0 0 0
BinVal : 10 38 0 0 0
BinVal : 10 39 0 0 0
BinVal : 10 40 0 0 0
BinVal : 10 41 0 0 0
BinVal : 10 42 0 0 0
BinVal : 10 43 0 0 0
BinVal : 11 0 0 0 0
BinVal : 11 1 0 0 0
BinVal : 11 2 0 0 0
BinVal : 11 3 0 0 0
BinVal : 11 4 0 0 0
BinVal : 11 5 0 0 0
BinVal : 11 6 0 0 0
BinVal : 11 7 0 0 0
BinVal : 11 8 0 0 0
BinVal : 11 9 0 0 0
BinVal : 11 10 0 0 0
BinVal : 11 11 0 0 0
BinVal : 11 12 0 0 0
BinVal : 11 13 1 0.0668855 0.0668855
BinVal : 11 14 0.948718 0.0353199 0.0353199
BinVal : 11 15 0.975 0.0246855 0.0246855
BinVal : 11 16 1 0.0115867 0.0115867
BinVal : 11 17 0.852941 0.0607387 0.0607387
BinVal : 11 18 0.96875 0.0217491 0.0217491
BinVal : 11 19 0.979167 0.0206152 0.0206152
BinVal : 11 20 0.8125 0.0563367 0.0563367
BinVal : 11 21 0.790323 0.051699 0.051699
BinVal : 11 22 0.862069 0.0452781 0.0452781
BinVal : 11 23 0.90625 0.051527 0.051527
BinVal : 11 24 0.755102 0.0614324 0.0614324
BinVal : 11 25 0.982456 0.0173893 0.0173893
BinVal : 11 26 0.823529 0.0653787 0.0653787
BinVal : 11 27 0.981818 0.0180158 0.0180158
BinVal : 11 28 0.977273 0.0224675 0.0224675
BinVal : 11 29 1 0.0131822 0.0131822
BinVal : 11 30 1 0.0456491 0.0456491
BinVal : 11 31 0 0 0
BinVal : 11 32 0 0 0
BinVal : 11 33 0 0 0
BinVal : 11 34 0 0 0
BinVal : 11 35 0 0 0
BinVal : 11 36 0 0 0
BinVal : 11 37 0 0 0
BinVal : 11 38 0 0 0
BinVal : 11 39 0 0 0
BinVal : 11 40 0 0 0
BinVal : 11 41 0 0 0
BinVal : 11 42 0 0 0
BinVal : 11 43 0 0 0
BinVal : 12 0 0 0 0
BinVal : 12 1 0 0 0
BinVal : 12 2 0 0 0
BinVal : 12 3 0 0 0
BinVal : 12 4 0 0 0
BinVal : 12 5 0 0 0
BinVal : 12 6 0 0 0
BinVal : 12 7 0 0 0
BinVal : 12 8 0 0 0
BinVal : 12 9 0 0 0
BinVal : 12 10 0 0 0
BinVal : 12 11 0 0 0
BinVal : 12 12 0 0 0
BinVal : 12 13 1 0.0871301 0.0871301
BinVal : 12 14 1 0.0171075 0.0171075
BinVal : 12 15 1 0.0101533 0.0101533
BinVal : 12 16 0.964286 0.0247988 0.0247988
BinVal : 12 17 0.938776 0.0342488 0.0342488
BinVal : 12 18 0.924528 0.0362839 0.0362839
BinVal : 12 19 0.97619 0.0235244 0.0235244
BinVal : 12 20 0.921569 0.0376464 0.0376464
BinVal : 12 21 0.619048 0.0611825 0.0611825
BinVal : 12 22 0.896552 0.0399885 0.0399885
BinVal : 12 23 0.840909 0.0551405 0.0551405
BinVal : 12 24 0.902439 0.0463399 0.0463399
BinVal : 12 25 0.966667 0.0231741 0.0231741
BinVal : 12 26 0.885714 0.0537785 0.0537785
BinVal : 12 27 1 0.00917959 0.00917959
BinVal : 12 28 0.981132 0.0186891 0.0186891
BinVal : 12 29 0.979592 0.0201988 0.0201988
BinVal : 12 30 1 0.0756803 0.0756803
BinVal : 12 31 0 0 0
BinVal : 12 32 0 0 0
BinVal : 12 33 0 0 0
BinVal : 12 34 0 0 0
BinVal : 12 35 0 0 0
BinVal : 12 36 0 0 0
BinVal : 12 37 0 0 0
BinVal : 12 38 0 0 0
BinVal : 12 39 0 0 0
BinVal : 12 40 0 0 0
BinVal : 12 41 0 0 0
BinVal : 12 42 0 0 0
BinVal : 12 43 0 0 0
BinVal : 13 0 0 0 0
BinVal : 13 1 0 0 0
BinVal : 13 2 0 0 0
BinVal : 13 3 0 0 0
BinVal : 13 4 0 0 0
BinVal : 13 5 0 0 0
BinVal : 13 6 0 0 0
BinVal : 13 7 0 0 0
BinVal : 13 8 0 0 0
BinVal : 13 9 0 0 0
BinVal : 13 10 0 0 0
BinVal : 13 11 0 0 0
BinVal : 13 12 0 0 0
BinVal : 13 13 1 0.039392 0.039392
BinVal : 13 14 0.984848 0.0150363 0.0150363
BinVal : 13 15 1 0.0103354 0.0103354
BinVal : 13 16 0.905405 0.0340204 0.0340204
BinVal : 13 17 0.867925 0.0465066 0.0465066
BinVal : 13 18 0.983871 0.0159984 0.0159984
BinVal : 13 19 0.936709 0.0273943 0.0273943
BinVal : 13 20 0.78022 0.0434092 0.0434092
BinVal : 13 21 0.597701 0.0525723 0.0525723
BinVal : 13 22 0.948718 0.0249749 0.0249749
BinVal : 13 23 0.891892 0.0360969 0.0360969
BinVal : 13 24 0.955882 0.0249031 0.0249031
BinVal : 13 25 0.915493 0.0330099 0.0330099
BinVal : 13 26 0.920635 0.0340556 0.0340556
BinVal : 13 27 0.946429 0.0300896 0.0300896
BinVal : 13 28 1 0.00731039 0.00731039
BinVal : 13 29 0.977273 0.0224675 0.0224675
BinVal : 13 30 1 0.0871301 0.0871301
BinVal : 13 31 0 0 0
BinVal : 13 32 0 0 0
BinVal : 13 33 0 0 0
BinVal : 13 34 0 0 0
BinVal : 13 35 0 0 0
BinVal : 13 36 0 0 0
BinVal : 13 37 0 0 0
BinVal : 13 38 0 0 0
BinVal : 13 39 0 0 0
BinVal : 13 40 0 0 0
BinVal : 13 41 0 0 0
BinVal : 13 42 0 0 0
BinVal : 13 43 0 0 0
BinVal : 14 0 0 0 0
BinVal : 14 1 0 0 0
BinVal : 14 2 0 0 0
BinVal : 14 3 0 0 0
BinVal : 14 4 0 0 0
BinVal : 14 5 0 0 0
BinVal : 14 6 0 0 0
BinVal : 14 7 0 0 0
BinVal : 14 8 0 0 0
BinVal : 14 9 0 0 0
BinVal : 14 10 0 0 0
BinVal : 14 11 0 0 0
BinVal : 14 12 0 0 0
BinVal : 14 13 1 0.0309157 0.0309157
BinVal : 14 14 1 0.00875998 0.00875998
BinVal : 14 15 0.975904 0.0168322 0.0168322
BinVal : 14 16 0.883333 0.0414438 0.0414438
BinVal : 14 17 0.953846 0.0260247 0.0260247
BinVal : 14 18 1 0.00780725 0.00780725
BinVal : 14 19 0.888889 0.037037 0.037037
BinVal : 14 20 0.792453 0.0393906 0.0393906
BinVal : 14 21 0.719626 0.0434241 0.0434241
BinVal : 14 22 0.963415 0.0207326 0.0207326
BinVal : 14 23 0.870968 0.0347623 0.0347623
BinVal : 14 24 0.955882 0.0249031 0.0249031
BinVal : 14 25 0.924051 0.0298055 0.0298055
BinVal : 14 26 0.970588 0.0204891 0.0204891
BinVal : 14 27 0.852941 0.0429488 0.0429488
BinVal : 14 28 0.989247 0.0106947 0.0106947
BinVal : 14 29 1 0.0074048 0.0074048
BinVal : 14 30 1 0.102643 0.102643
BinVal : 14 31 0 0 0
BinVal : 14 32 0 0 0
BinVal : 14 33 0 0 0
BinVal : 14 34 0 0 0
BinVal : 14 35 0 0 0
BinVal : 14 36 0 0 0
BinVal : 14 37 0 0 0
BinVal : 14 38 0 0 0
BinVal : 14 39 0 0 0
BinVal : 14 40 0 0 0
BinVal : 14 41 0 0 0
BinVal : 14 42 0 0 0
BinVal : 14 43 0 0 0
BinVal : 15 0 0 0 0
BinVal : 15 1 0 0 0
BinVal : 15 2 0 0 0
BinVal : 15 3 0 0 0
BinVal : 15 4 0 0 0
BinVal : 15 5 0 0 0
BinVal : 15 6 0 0 0
BinVal : 15 7 0 0 0
BinVal : 15 8 0 0 0
BinVal : 15 9 0 0 0
BinVal : 15 10 0 0 0
BinVal : 15 11 0 0 0
BinVal : 15 12 0 0 0
BinVal : 15 13 1 0.0756803 0.0756803
BinVal : 15 14 0.978261 0.0215015 0.0215015
BinVal : 15 15 1 0.00850058 0.00850058
BinVal : 15 16 0.8 0.053936 0.053936
BinVal : 15 17 0.923077 0.0369527 0.0369527
BinVal : 15 18 0.95 0.0344601 0.0344601
BinVal : 15 19 0.973333 0.0186031 0.0186031
BinVal : 15 20 0.826087 0.0395171 0.0395171
BinVal : 15 21 0.602273 0.0521733 0.0521733
BinVal : 15 22 0.972477 0.0156702 0.0156702
BinVal : 15 23 0.741573 0.0464035 0.0464035
BinVal : 15 24 0.917808 0.0321461 0.0321461
BinVal : 15 25 0.82 0.0543323 0.0543323
BinVal : 15 26 1 0.00704145 0.00704145
BinVal : 15 27 0.658537 0.0740577 0.0740577
BinVal : 15 28 1 0.00712919 0.00712919
BinVal : 15 29 1 0.00964212 0.00964212
BinVal : 15 30 1 0.102643 0.102643
BinVal : 15 31 0 0 0
BinVal : 15 32 0 0 0
BinVal : 15 33 0 0 0
BinVal : 15 34 0 0 0
BinVal : 15 35 0 0 0
BinVal : 15 36 0 0 0
BinVal : 15 37 0 0 0
BinVal : 15 38 0 0 0
BinVal : 15 39 0 0 0
BinVal : 15 40 0 0 0
BinVal : 15 41 0 0 0
BinVal : 15 42 0 0 0
BinVal : 15 43 0 0 0
BinVal : 16 0 0 0 0
BinVal : 16 1 0 0 0
BinVal : 16 2 0 0 0
BinVal : 16 3 0 0 0
BinVal : 16 4 0 0 0
BinVal : 16 5 0 0 0
BinVal : 16 6 0 0 0
BinVal : 16 7 0 0 0
BinVal : 16 8 0 0 0
BinVal : 16 9 0 0 0
BinVal : 16 10 0 0 0
BinVal : 16 11 0 0 0
BinVal : 16 12 0 0 0
BinVal : 16 13 1 0.0871301 0.0871301
BinVal : 16 14 1 0.00903559 0.00903559
BinVal : 16 15 1 0.00917959 0.00917959
BinVal : 16 16 0.803279 0.0508972 0.0508972
BinVal : 16 17 0.925373 0.0321047 0.0321047
BinVal : 16 18 1 0.00903559 0.00903559
BinVal : 16 19 0.938272 0.0267402 0.0267402
BinVal : 16 20 0.877778 0.034526 0.034526
BinVal : 16 21 0.575221 0.0465007 0.0465007
BinVal : 16 22 0.990991 0.00896834 0.00896834
BinVal : 16 23 0.895833 0.0311776 0.0311776
BinVal : 16 24 0.909091 0.0387638 0.0387638
BinVal : 16 25 0.863636 0.0422418 0.0422418
BinVal : 16 26 0.961039 0.0220516 0.0220516
BinVal : 16 27 0.754386 0.0570146 0.0570146
BinVal : 16 28 1 0.00825644 0.00825644
BinVal : 16 29 0.963636 0.0252411 0.0252411
BinVal : 16 30 1 0.0599198 0.0599198
BinVal : 16 31 0 0 0
BinVal : 16 32 0 0 0
BinVal : 16 33 0 0 0
BinVal : 16 34 0 0 0
BinVal : 16 35 0 0 0
BinVal : 16 36 0 0 0
BinVal : 16 37 0 0 0
BinVal : 16 38 0 0 0
BinVal : 16 39 0 0 0
BinVal : 16 40 0 0 0
BinVal : 16 41 0 0 0
BinVal : 16 42 0 0 0
BinVal : 16 43 0 0 0
BinVal : 17 0 0 0 0
BinVal : 17 1 0 0 0
BinVal : 17 2 0 0 0
BinVal : 17 3 0 0 0
BinVal : 17 4 0 0 0
BinVal : 17 5 0 0 0
BinVal : 17 6 0 0 0
BinVal : 17 7 0 0 0
BinVal : 17 8 0 0 0
BinVal : 17 9 0 0 0
BinVal : 17 10 0 0 0
BinVal : 17 11 0 0 0
BinVal : 17 12 0 0 0
BinVal : 17 13 1 0.039392 0.039392
BinVal : 17 14 1 0.00802565 0.00802565
BinVal : 17 15 0.980198 0.0138628 0.0138628
BinVal : 17 16 0.824324 0.0442373 0.0442373
BinVal : 17 17 0.930233 0.0274709 0.0274709
BinVal : 17 18 0.987013 0.0129024 0.0129024
BinVal : 17 19 0.921348 0.0285345 0.0285345
BinVal : 17 20 0.968504 0.015498 0.015498
BinVal : 17 21 0.674603 0.0417393 0.0417393
BinVal : 17 22 0.984127 0.0111345 0.0111345
BinVal : 17 23 0.858333 0.0318325 0.0318325
BinVal : 17 24 0.804878 0.0437634 0.0437634
BinVal : 17 25 0.942308 0.0323336 0.0323336
BinVal : 17 26 0.932584 0.0265785 0.0265785
BinVal : 17 27 0.826667 0.0437095 0.0437095
BinVal : 17 28 1 0.00641298 0.00641298
BinVal : 17 29 0.988095 0.0118337 0.0118337
BinVal : 17 30 1 0.0309157 0.0309157
BinVal : 17 31 0 0 0
BinVal : 17 32 0 0 0
BinVal : 17 33 0 0 0
BinVal : 17 34 0 0 0
BinVal : 17 35 0 0 0
BinVal : 17 36 0 0 0
BinVal : 17 37 0 0 0
BinVal : 17 38 0 0 0
BinVal : 17 39 0 0 0
BinVal : 17 40 0 0 0
BinVal : 17 41 0 0 0
BinVal : 17 42 0 0 0
BinVal : 17 43 0 0 0
BinVal : 18 0 0 0 0
BinVal : 18 1 0 0 0
BinVal : 18 2 0 0 0
BinVal : 18 3 0 0 0
BinVal : 18 4 0 0 0
BinVal : 18 5 0 0 0
BinVal : 18 6 0 0 0
BinVal : 18 7 0 0 0
BinVal : 18 8 0 0 0
BinVal : 18 9 0 0 0
BinVal : 18 10 0 0 0
BinVal : 18 11 0 0 0
BinVal : 18 12 0 0 0
BinVal : 18 13 1 0.0456491 0.0456491
BinVal : 18 14 0.989899 0.0100499 0.0100499
BinVal : 18 15 1 0.00634241 0.00634241
BinVal : 18 16 0.967213 0.0228006 0.0228006
BinVal : 18 17 0.951613 0.027252 0.027252
BinVal : 18 18 0.935065 0.0280812 0.0280812
BinVal : 18 19 0.986111 0.0137921 0.0137921
BinVal : 18 20 0.913043 0.0262753 0.0262753
BinVal : 18 21 0.684685 0.0441018 0.0441018
BinVal : 18 22 0.954545 0.0198605 0.0198605
BinVal : 18 23 0.85 0.0357071 0.0357071
BinVal : 18 24 0.78022 0.0434092 0.0434092
BinVal : 18 25 0.944444 0.0269951 0.0269951
BinVal : 18 26 0.890625 0.0390136 0.0390136
BinVal : 18 27 0.862069 0.0369694 0.0369694
BinVal : 18 28 1 0.0074048 0.0074048
BinVal : 18 29 0.986486 0.0134219 0.0134219
BinVal : 18 30 1 0.0495858 0.0495858
BinVal : 18 31 0 0 0
BinVal : 18 32 0 0 0
BinVal : 18 33 0 0 0
BinVal : 18 34 0 0 0
BinVal : 18 35 0 0 0
BinVal : 18 36 0 0 0
BinVal : 18 37 0 0 0
BinVal : 18 38 0 0 0
BinVal : 18 39 0 0 0
BinVal : 18 40 0 0 0
BinVal : 18 41 0 0 0
BinVal : 18 42 0 0 0
BinVal : 18 43 0 0 0
BinVal : 19 0 0 0 0
BinVal : 19 1 0 0 0
BinVal : 19 2 0 0 0
BinVal : 19 3 0 0 0
BinVal : 19 4 0 0 0
BinVal : 19 5 0 0 0
BinVal : 19 6 0 0 0
BinVal : 19 7 0 0 0
BinVal : 19 8 0 0 0
BinVal : 19 9 0 0 0
BinVal : 19 10 0 0 0
BinVal : 19 11 0 0 0
BinVal : 19 12 0 0 0
BinVal : 19 13 1 0.0422902 0.0422902
BinVal : 19 14 0.982759 0.0170921 0.0170921
BinVal : 19 15 1 0.0109258 0.0109258
BinVal : 19 16 1 0.00932837 0.00932837
BinVal : 19 17 0.625 0.0765466 0.0765466
BinVal : 19 18 0.806452 0.0709583 0.0709583
BinVal : 19 19 0.914634 0.0308574 0.0308574
BinVal : 19 20 0.605263 0.0792929 0.0792929
BinVal : 19 21 0.564103 0.0561467 0.0561467
BinVal : 19 22 0.855263 0.0403583 0.0403583
BinVal : 19 23 0.538462 0.0691321 0.0691321
BinVal : 19 24 0.45283 0.068374 0.068374
BinVal : 19 25 0.931035 0.0470544 0.0470544
BinVal : 19 26 0.745098 0.0610251 0.0610251
BinVal : 19 27 0.901639 0.0381296 0.0381296
BinVal : 19 28 0.982759 0.0170921 0.0170921
BinVal : 19 29 0.95 0.0344601 0.0344601
BinVal : 19 30 1 0.0756803 0.0756803
BinVal : 19 31 0 0 0
BinVal : 19 32 0 0 0
BinVal : 19 33 0 0 0
BinVal : 19 34 0 0 0
BinVal : 19 35 0 0 0
BinVal : 19 36 0 0 0
BinVal : 19 37 0 0 0
BinVal : 19 38 0 0 0
BinVal : 19 39 0 0 0
BinVal : 19 40 0 0 0
BinVal : 19 41 0 0 0
BinVal : 19 42 0 0 0
BinVal : 19 43 0 0 0
BinVal : 20 0 0 0 0
BinVal : 20 1 0 0 0
BinVal : 20 2 0 0 0
BinVal : 20 3 0 0 0
BinVal : 20 4 0 0 0
BinVal : 20 5 0 0 0
BinVal : 20 6 0 0 0
BinVal : 20 7 0 0 0
BinVal : 20 8 0 0 0
BinVal : 20 9 0 0 0
BinVal : 20 10 0 0 0
BinVal : 20 11 0 0 0
BinVal : 20 12 0 0 0
BinVal : 20 13 0.916667 0.0797856 0.0797856
BinVal : 20 14 1 0.00997686 0.00997686
BinVal : 20 15 0.970588 0.0204891 0.0204891
BinVal : 20 16 0.851852 0.0683673 0.0683673
BinVal : 20 17 0.916667 0.0797856 0.0797856
BinVal : 20 18 1 0.0599198 0.0599198
BinVal : 20 19 0.957447 0.0294425 0.0294425
BinVal : 20 20 0.974359 0.017897 0.017897
BinVal : 20 21 0.988764 0.0111727 0.0111727
BinVal : 20 22 0.875 0.0369755 0.0369755
BinVal : 20 23 0.359375 0.0599772 0.0599772
BinVal : 20 24 0.605263 0.0792929 0.0792929
BinVal : 20 25 0.916667 0.0797856 0.0797856
BinVal : 20 26 1 0.039392 0.039392
BinVal : 20 27 0.833333 0.0760726 0.0760726
BinVal : 20 28 0.960784 0.0271805 0.0271805
BinVal : 20 29 1 0.0126033 0.0126033
BinVal : 20 30 1 0.0599198 0.0599198
BinVal : 20 31 0 0 0
BinVal : 20 32 0 0 0
BinVal : 20 33 0 0 0
BinVal : 20 34 0 0 0
BinVal : 20 35 0 0 0
BinVal : 20 36 0 0 0
BinVal : 20 37 0 0 0
BinVal : 20 38 0 0 0
BinVal : 20 39 0 0 0
BinVal : 20 40 0 0 0
BinVal : 20 41 0 0 0
BinVal : 20 42 0 0 0
BinVal : 20 43 0 0 0
BinVal : 21 0 0 0 0
BinVal : 21 1 0 0 0
BinVal : 21 2 0 0 0
BinVal : 21 3 0 0 0
BinVal : 21 4 0 0 0
BinVal : 21 5 0 0 0
BinVal : 21 6 0 0 0
BinVal : 21 7 0 0 0
BinVal : 21 8 0 0 0
BinVal : 21 9 0 0 0
BinVal : 21 10 0 0 0
BinVal : 21 11 0 0 0
BinVal : 21 12 0 0 0
BinVal : 21 13 0.9375 0.0605154 0.0605154
BinVal : 21 14 1 0.0074048 0.0074048
BinVal : 21 15 0.944444 0.0311713 0.0311713
BinVal : 21 16 0.714286 0.170747 0.170747
BinVal : 21 17 0.863636 0.0422418 0.0422418
BinVal : 21 18 0.888889 0.0604812 0.0604812
BinVal : 21 19 0.964286 0.0202481 0.0202481
BinVal : 21 20 0.988764 0.0111727 0.0111727
BinVal : 21 21 0.990826 0.00913213 0.00913213
BinVal : 21 22 0.990566 0.00938936 0.00938936
BinVal : 21 23 0.635135 0.0559607 0.0559607
BinVal : 21 24 0.455696 0.0560331 0.0560331
BinVal : 21 25 0.969697 0.0298404 0.0298404
BinVal : 21 26 0.850746 0.0435337 0.0435337
BinVal : 21 27 0.6 0.154919 0.154919
BinVal : 21 28 0.943662 0.027364 0.027364
BinVal : 21 29 0.987179 0.0127381 0.0127381
BinVal : 21 30 1 0.039392 0.039392
BinVal : 21 31 0 0 0
BinVal : 21 32 0 0 0
BinVal : 21 33 0 0 0
BinVal : 21 34 0 0 0
BinVal : 21 35 0 0 0
BinVal : 21 36 0 0 0
BinVal : 21 37 0 0 0
BinVal : 21 38 0 0 0
BinVal : 21 39 0 0 0
BinVal : 21 40 0 0 0
BinVal : 21 41 0 0 0
BinVal : 21 42 0 0 0
BinVal : 21 43 0 0 0
BinVal : 22 0 0 0 0
BinVal : 22 1 0 0 0
BinVal : 22 2 0 0 0
BinVal : 22 3 0 0 0
BinVal : 22 4 0 0 0
BinVal : 22 5 0 0 0
BinVal : 22 6 0 0 0
BinVal : 22 7 0 0 0
BinVal : 22 8 0 0 0
BinVal : 22 9 0 0 0
BinVal : 22 10 0 0 0
BinVal : 22 11 0 0 0
BinVal : 22 12 0 0 0
BinVal : 22 13 1 0.0326734 0.0326734
BinVal : 22 14 1 0.00731039 0.00731039
BinVal : 22 15 0.925 0.0416458 0.0416458
BinVal : 22 16 0 0 0
BinVal : 22 17 0 0 0
BinVal : 22 18 0 0 0
BinVal : 22 19 0 0 0
BinVal : 22 20 1 0.218486 0.218486
BinVal : 22 21 0 0 0
BinVal : 22 22 1 0.218486 0.218486
BinVal : 22 23 0 0 0
BinVal : 22 24 0 0 0
BinVal : 22 25 0 0 0
BinVal : 22 26 0 0 0
BinVal : 22 27 0 0 0
BinVal : 22 28 0.951219 0.0336412 0.0336412
BinVal : 22 29 0.984375 0.0155024 0.0155024
BinVal : 22 30 1 0.0368657 0.0368657
BinVal : 22 31 0 0 0
BinVal : 22 32 0 0 0
BinVal : 22 33 0 0 0
BinVal : 22 34 0 0 0
BinVal : 22 35 0 0 0
BinVal : 22 36 0 0 0
BinVal : 22 37 0 0 0
BinVal : 22 38 0 0 0
BinVal : 22 39 0 0 0
BinVal : 22 40 0 0 0
BinVal : 22 41 0 0 0
BinVal : 22 42 0 0 0
BinVal : 22 43 0 0 0
BinVal : 23 0 0 0 0
BinVal : 23 1 0 0 0
BinVal : 23 2 0 0 0
BinVal : 23 3 0 0 0
BinVal : 23 4 0 0 0
BinVal : 23 5 0 0 0
BinVal : 23 6 0 0 0
BinVal : 23 7 0 0 0
BinVal : 23 8 0 0 0
BinVal : 23 9 0 0 0
BinVal : 23 10 0 0 0
BinVal : 23 11 0 0 0
BinVal : 23 12 0 0 0
BinVal : 23 13 1 0.0368657 0.0368657
BinVal : 23 14 0.983607 0.0162585 0.0162585
BinVal : 23 15 0.884615 0.0626563 0.0626563
BinVal : 23 16 0 0 0
BinVal : 23 17 0 0 0
BinVal : 23 18 0 0 0
BinVal : 23 19 0 0 0
BinVal : 23 20 0 0 0
BinVal : 23 21 0 0 0
BinVal : 23 22 0 0 0
BinVal : 23 23 0 0 0
BinVal : 23 24 0 0 0
BinVal : 23 25 0 0 0
BinVal : 23 26 0 0 0
BinVal : 23 27 0 0 0
BinVal : 23 28 1 0.0194201 0.0194201
BinVal : 23 29 0.981818 0.0180158 0.0180158
BinVal : 23 30 1 0.0346427 0.0346427
BinVal : 23 31 0 0 0
BinVal : 23 32 0 0 0
BinVal : 23 33 0 0 0
BinVal : 23 34 0 0 0
BinVal : 23 35 0 0 0
BinVal : 23 36 0 0 0
BinVal : 23 37 0 0 0
BinVal : 23 38 0 0 0
BinVal : 23 39 0 0 0
BinVal : 23 40 0 0 0
BinVal : 23 41 0 0 0
BinVal : 23 42 0 0 0
BinVal : 23 43 0 0 0
BinVal : 24 0 0 0 0
BinVal : 24 1 0 0 0
BinVal : 24 2 0 0 0
BinVal : 24 3 0 0 0
BinVal : 24 4 0 0 0
BinVal : 24 5 0 0 0
BinVal : 24 6 0 0 0
BinVal : 24 7 0 0 0
BinVal : 24 8 0 0 0
BinVal : 24 9 0 0 0
BinVal : 24 10 0 0 0
BinVal : 24 11 0 0 0
BinVal : 24 12 0 0 0
BinVal : 24 13 1 0.0422902 0.0422902
BinVal : 24 14 1 0.012074 0.012074
BinVal : 24 15 1 0.0216126 0.0216126
BinVal : 24 16 0 0 0
BinVal : 24 17 0 0 0
BinVal : 24 18 0 0 0
BinVal : 24 19 0 0 0
BinVal : 24 20 0 0 0
BinVal : 24 21 0 0 0
BinVal : 24 22 0 0 0
BinVal : 24 23 0 0 0
BinVal : 24 24 0 0 0
BinVal : 24 25 0 0 0
BinVal : 24 26 0 0 0
BinVal : 24 27 0 0 0
BinVal : 24 28 0.916667 0.0564169 0.0564169
BinVal : 24 29 0.966102 0.02356 0.02356
BinVal : 24 30 1 0.0668855 0.0668855
BinVal : 24 31 0 0 0
BinVal : 24 32 0 0 0
BinVal : 24 33 0 0 0
BinVal : 24 34 0 0 0
BinVal : 24 35 0 0 0
BinVal : 24 36 0 0 0
BinVal : 24 37 0 0 0
BinVal : 24 38 0 0 0
BinVal : 24 39 0 0 0
BinVal : 24 40 0 0 0
BinVal : 24 41 0 0 0
BinVal : 24 42 0 0 0
BinVal : 24 43 0 0 0
BinVal : 25 0 0 0 0
BinVal : 25 1 0 0 0
BinVal : 25 2 0 0 0
BinVal : 25 3 0 0 0
BinVal : 25 4 0 0 0
BinVal : 25 5 0 0 0
BinVal : 25 6 0 0 0
BinVal : 25 7 0 0 0
BinVal : 25 8 0 0 0
BinVal : 25 9 0 0 0
BinVal : 25 10 0 0 0
BinVal : 25 11 0 0 0
BinVal : 25 12 0 0 0
BinVal : 25 13 1 0.0266185 0.0266185
BinVal : 25 14 0.971014 0.0201966 0.0201966
BinVal : 25 15 0.83871 0.0660586 0.0660586
BinVal : 25 16 0 0 0
BinVal : 25 17 0 0 0
BinVal : 25 18 0 0 0
BinVal : 25 19 0 0 0
BinVal : 25 20 0 0 0
BinVal : 25 21 0 0 0
BinVal : 25 22 0 0 0
BinVal : 25 23 0 0 0
BinVal : 25 24 0 0 0
BinVal : 25 25 1 0.218486 0.218486
BinVal : 25 26 0 0 0
BinVal : 25 27 0 0 0
BinVal : 25 28 0.934783 0.0364048 0.0364048
BinVal : 25 29 1 0.0101533 0.0101533
BinVal : 25 30 1 0.0542655 0.0542655
BinVal : 25 31 0 0 0
BinVal : 25 32 0 0 0
BinVal : 25 33 0 0 0
BinVal : 25 34 0 0 0
BinVal : 25 35 0 0 0
BinVal : 25 36 0 0 0
BinVal : 25 37 0 0 0
BinVal : 25 38 0 0 0
BinVal : 25 39 0 0 0
BinVal : 25 40 0 0 0
BinVal : 25 41 0 0 0
BinVal : 25 42 0 0 0
BinVal : 25 43 0 0 0
BinVal : 26 0 0 0 0
BinVal : 26 1 0 0 0
BinVal : 26 2 0 0 0
BinVal : 26 3 0 0 0
BinVal : 26 4 0 0 0
BinVal : 26 5 0 0 0
BinVal : 26 6 0 0 0
BinVal : 26 7 0 0 0
BinVal : 26 8 0 0 0
BinVal : 26 9 0 0 0
BinVal : 26 10 0 0 0
BinVal : 26 11 0 0 0
BinVal : 26 12 0 0 0
BinVal : 26 13 0.866667 0.0877707 0.0877707
BinVal : 26 14 0.983871 0.0159984 0.0159984
BinVal : 26 15 0.979592 0.0201988 0.0201988
BinVal : 26 16 0.5 0.353553 0.353553
BinVal : 26 17 0.8 0.0632455 0.0632455
BinVal : 26 18 0.96875 0.0307578 0.0307578
BinVal : 26 19 0.9375 0.0270633 0.0270633
BinVal : 26 20 0.974026 0.0181263 0.0181263
BinVal : 26 21 1 0.00791502 0.00791502
BinVal : 26 22 1 0.00712919 0.00712919
BinVal : 26 23 0.597222 0.0578009 0.0578009
BinVal : 26 24 0.730159 0.0559233 0.0559233
BinVal : 26 25 1 0.0309157 0.0309157
BinVal : 26 26 0.925926 0.050401 0.050401
BinVal : 26 27 0.8 0.178885 0.178885
BinVal : 26 28 1 0.012074 0.012074
BinVal : 26 29 0.983607 0.0162585 0.0162585
BinVal : 26 30 1 0.0346427 0.0346427
BinVal : 26 31 0 0 0
BinVal : 26 32 0 0 0
BinVal : 26 33 0 0 0
BinVal : 26 34 0 0 0
BinVal : 26 35 0 0 0
BinVal : 26 36 0 0 0
BinVal : 26 37 0 0 0
BinVal : 26 38 0 0 0
BinVal : 26 39 0 0 0
BinVal : 26 40 0 0 0
BinVal : 26 41 0 0 0
BinVal : 26 42 0 0 0
BinVal : 26 43 0 0 0
BinVal : 27 0 0 0 0
BinVal : 27 1 0 0 0
BinVal : 27 2 0 0 0
BinVal : 27 3 0 0 0
BinVal : 27 4 0 0 0
BinVal : 27 5 0 0 0
BinVal : 27 6 0 0 0
BinVal : 27 7 0 0 0
BinVal : 27 8 0 0 0
BinVal : 27 9 0 0 0
BinVal : 27 10 0 0 0
BinVal : 27 11 0 0 0
BinVal : 27 12 0 0 0
BinVal : 27 13 1 0.039392 0.039392
BinVal : 27 14 1 0.0166125 0.0166125
BinVal : 27 15 0.931035 0.0332725 0.0332725
BinVal : 27 16 0.857143 0.0763604 0.0763604
BinVal : 27 17 0.846154 0.100068 0.100068
BinVal : 27 18 1 0.0756803 0.0756803
BinVal : 27 19 0.926829 0.0406702 0.0406702
BinVal : 27 20 1 0.00731039 0.00731039
BinVal : 27 21 0.956044 0.0214896 0.0214896
BinVal : 27 22 0.850575 0.0382216 0.0382216
BinVal : 27 23 0.269841 0.0559233 0.0559233
BinVal : 27 24 0.534884 0.0760635 0.0760635
BinVal : 27 25 1 0.0668855 0.0668855
BinVal : 27 26 0.538462 0.138264 0.138264
BinVal : 27 27 0.941176 0.0403526 0.0403526
BinVal : 27 28 1 0.00980616 0.00980616
BinVal : 27 29 0.980769 0.019045 0.019045
BinVal : 27 30 1 0.0279117 0.0279117
BinVal : 27 31 0 0 0
BinVal : 27 32 0 0 0
BinVal : 27 33 0 0 0
BinVal : 27 34 0 0 0
BinVal : 27 35 0 0 0
BinVal : 27 36 0 0 0
BinVal : 27 37 0 0 0
BinVal : 27 38 0 0 0
BinVal : 27 39 0 0 0
BinVal : 27 40 0 0 0
BinVal : 27 41 0 0 0
BinVal : 27 42 0 0 0
BinVal : 27 43 0 0 0
BinVal : 28 0 0 0 0
BinVal : 28 1 0 0 0
BinVal : 28 2 0 0 0
BinVal : 28 3 0 0 0
BinVal : 28 4 0 0 0
BinVal : 28 5 0 0 0
BinVal : 28 6 0 0 0
BinVal : 28 7 0 0 0
BinVal : 28 8 0 0 0
BinVal : 28 9 0 0 0
BinVal : 28 10 0 0 0
BinVal : 28 11 0 0 0
BinVal : 28 12 0 0 0
BinVal : 28 13 1 0.0495858 0.0495858
BinVal : 28 14 1 0.0138164 0.0138164
BinVal : 28 15 0.964286 0.0247988 0.0247988
BinVal : 28 16 0.953846 0.0260247 0.0260247
BinVal : 28 17 0.837209 0.0562986 0.0562986
BinVal : 28 18 0.72 0.0897998 0.0897998
BinVal : 28 19 0.824324 0.0442373 0.0442373
BinVal : 28 20 0.767442 0.064425 0.064425
BinVal : 28 21 0.7375 0.0491927 0.0491927
BinVal : 28 22 1 0.0105252 0.0105252
BinVal : 28 23 0.4 0.0660578 0.0660578
BinVal : 28 24 0.350877 0.0632126 0.0632126
BinVal : 28 25 0.96 0.0391918 0.0391918
BinVal : 28 26 0.725 0.0706001 0.0706001
BinVal : 28 27 0.983607 0.0162585 0.0162585
BinVal : 28 28 0.966667 0.0231741 0.0231741
BinVal : 28 29 1 0.0103354 0.0103354
BinVal : 28 30 0.857143 0.13226 0.13226
BinVal : 28 31 0 0 0
BinVal : 28 32 0 0 0
BinVal : 28 33 0 0 0
BinVal : 28 34 0 0 0
BinVal : 28 35 0 0 0
BinVal : 28 36 0 0 0
BinVal : 28 37 0 0 0
BinVal : 28 38 0 0 0
BinVal : 28 39 0 0 0
BinVal : 28 40 0 0 0
BinVal : 28 41 0 0 0
BinVal : 28 42 0 0 0
BinVal : 28 43 0 0 0
BinVal : 29 0 0 0 0
BinVal : 29 1 0 0 0
BinVal : 29 2 0 0 0
BinVal : 29 3 0 0 0
BinVal : 29 4 0 0 0
BinVal : 29 5 0 0 0
BinVal : 29 6 0 0 0
BinVal : 29 7 0 0 0
BinVal : 29 8 0 0 0
BinVal : 29 9 0 0 0
BinVal : 29 10 0 0 0
BinVal : 29 11 0 0 0
BinVal : 29 12 0 0 0
BinVal : 29 13 1 0.0668855 0.0668855
BinVal : 29 14 0.949153 0.0286007 0.0286007
BinVal : 29 15 0.982456 0.0173893 0.0173893
BinVal : 29 16 0.955224 0.0252661 0.0252661
BinVal : 29 17 0.893939 0.0379017 0.0379017
BinVal : 29 18 0.818182 0.0474757 0.0474757
BinVal : 29 19 0.974359 0.017897 0.017897
BinVal : 29 20 0.86747 0.0372173 0.0372173
BinVal : 29 21 0.888889 0.0315853 0.0315853
BinVal : 29 22 0.94382 0.0244084 0.0244084
BinVal : 29 23 0.829268 0.0415526 0.0415526
BinVal : 29 24 0.918367 0.0276584 0.0276584
BinVal : 29 25 0.926829 0.0287582 0.0287582
BinVal : 29 26 0.944444 0.0311713 0.0311713
BinVal : 29 27 0.9125 0.0315919 0.0315919
BinVal : 29 28 0.974359 0.017897 0.017897
BinVal : 29 29 1 0.00850058 0.00850058
BinVal : 29 30 1 0.0668855 0.0668855
BinVal : 29 31 0 0 0
BinVal : 29 32 0 0 0
BinVal : 29 33 0 0 0
BinVal : 29 34 0 0 0
BinVal : 29 35 0 0 0
BinVal : 29 36 0 0 0
BinVal : 29 37 0 0 0
BinVal : 29 38 0 0 0
BinVal : 29 39 0 0 0
BinVal : 29 40 0 0 0
BinVal : 29 41 0 0 0
BinVal : 29 42 0 0 0
BinVal : 29 43 0 0 0
BinVal : 30 0 0 0 0
BinVal : 30 1 0 0 0
BinVal : 30 2 0 0 0
BinVal : 30 3 0 0 0
BinVal : 30 4 0 0 0
BinVal : 30 5 0 0 0
BinVal : 30 6 0 0 0
BinVal : 30 7 0 0 0
BinVal : 30 8 0 0 0
BinVal : 30 9 0 0 0
BinVal : 30 10 0 0 0
BinVal : 30 11 0 0 0
BinVal : 30 12 0 0 0
BinVal : 30 13 1 0.0422902 0.0422902
BinVal : 30 14 1 0.00825644 0.00825644
BinVal : 30 15 1 0.00825644 0.00825644
BinVal : 30 16 0.857143 0.0440867 0.0440867
BinVal : 30 17 0.984848 0.0150363 0.0150363
BinVal : 30 18 0.833333 0.0507151 0.0507151
BinVal : 30 19 0.985294 0.0145974 0.0145974
BinVal : 30 20 0.941176 0.0232976 0.0232976
BinVal : 30 21 0.948718 0.0203919 0.0203919
BinVal : 30 22 0.965517 0.0169415 0.0169415
BinVal : 30 23 0.882353 0.0295351 0.0295351
BinVal : 30 24 0.938272 0.0267402 0.0267402
BinVal : 30 25 1 0.0105252 0.0105252
BinVal : 30 26 0.971014 0.0201966 0.0201966
BinVal : 30 27 0.848485 0.0441345 0.0441345
BinVal : 30 28 1 0.00731039 0.00731039
BinVal : 30 29 1 0.0083766 0.0083766
BinVal : 30 30 0.944444 0.0539903 0.0539903
BinVal : 30 31 0 0 0
BinVal : 30 32 0 0 0
BinVal : 30 33 0 0 0
BinVal : 30 34 0 0 0
BinVal : 30 35 0 0 0
BinVal : 30 36 0 0 0
BinVal : 30 37 0 0 0
BinVal : 30 38 0 0 0
BinVal : 30 39 0 0 0
BinVal : 30 40 0 0 0
BinVal : 30 41 0 0 0
BinVal : 30 42 0 0 0
BinVal : 30 43 0 0 0
BinVal : 31 0 0 0 0
BinVal : 31 1 0 0 0
BinVal : 31 2 0 0 0
BinVal : 31 3 0 0 0
BinVal : 31 4 0 0 0
BinVal : 31 5 0 0 0
BinVal : 31 6 0 0 0
BinVal : 31 7 0 0 0
BinVal : 31 8 0 0 0
BinVal : 31 9 0 0 0
BinVal : 31 10 0 0 0
BinVal : 31 11 0 0 0
BinVal : 31 12 0 0 0
BinVal : 31 13 1 0.0346427 0.0346427
BinVal : 31 14 1 0.0115867 0.0115867
BinVal : 31 15 0.974359 0.017897 0.017897
BinVal : 31 16 0.872727 0.0449392 0.0449392
BinVal : 31 17 0.939394 0.0293704 0.0293704
BinVal : 31 18 0.907407 0.039445 0.039445
BinVal : 31 19 0.935897 0.0277335 0.0277335
BinVal : 31 20 0.870968 0.0347623 0.0347623
BinVal : 31 21 0.925 0.029448 0.029448
BinVal : 31 22 0.953704 0.0202194 0.0202194
BinVal : 31 23 0.842105 0.0374115 0.0374115
BinVal : 31 24 0.888889 0.037037 0.037037
BinVal : 31 25 0.98 0.019799 0.019799
BinVal : 31 26 0.95082 0.0276873 0.0276873
BinVal : 31 27 0.826087 0.0558856 0.0558856
BinVal : 31 28 0.977528 0.0157105 0.0157105
BinVal : 31 29 0.969231 0.0214198 0.0214198
BinVal : 31 30 1 0.039392 0.039392
BinVal : 31 31 0 0 0
BinVal : 31 32 0 0 0
BinVal : 31 33 0 0 0
BinVal : 31 34 0 0 0
BinVal : 31 35 0 0 0
BinVal : 31 36 0 0 0
BinVal : 31 37 0 0 0
BinVal : 31 38 0 0 0
BinVal : 31 39 0 0 0
BinVal : 31 40 0 0 0
BinVal : 31 41 0 0 0
BinVal : 31 42 0 0 0
BinVal : 31 43 0 0 0


