Comments : includes prescale inefficiency, cosmic veto applied 
EffMethod : TagAndProbe 
EffName : eff 
EffType : Binned 
EffVarNames : phi deteta 
EffVersion : 5 
ObjQuality : SingleMuonTriggersOR-AND-MuFromMuJets 
ObjRelativeTo : medium_trackmedium_iso_TrkTightScaled 
ObjType : MuANDSingleMuonOR 
ObjVersion : 1 
RunRangeHigh : -1 
RunRangeLow : -1 
TriggerVersionHigh : 10.3 
TriggerVersionLow : 8 
BinEdges1 : 0 3.9 4.25 5.15 5.5 6.2832 
BinEdges2 : -2.2 -1.9 -1.6 -1.4 -1.2 -1 -0.6 -0.2 0.2 0.6 1 1.2 1.4 1.6 1.9 2.2 
BinVal : 0 2     0.290323 0.0815249 0.0815249 0 0
BinVal : 0 3     0.828571 0.0637049 0.0637049 0 0
BinVal : 0 4     0.828571 0.0637049 0.0637049 0 0
BinVal : 0 5     0.891566 0.0341287 0.0341287 0 0
BinVal : 0 6     0.89 0.031289 0.031289 0 0
BinVal : 0 7     0.923077 0.0261295 0.0261295 0 0
BinVal : 0 8     0.814433 0.0394723 0.0394723 0 0
BinVal : 0 9     0.860759 0.0389502 0.0389502 0 0
BinVal : 0 10     0.85 0.0564579 0.0564579 0 0
BinVal : 0 11     0.942857 0.0392347 0.0392347 0 0
BinVal : 0 12     0.2 0.0894427 0.0894427 0 0
BinVal : 1 3     1 0.102643 0.102643 0 0
BinVal : 1 4     0.5 0.25 0.25 0 0
BinVal : 1 5     0.214286 0.109664 0.109664 0 0
BinVal : 1 6     0.625 0.171163 0.171163 0 0
BinVal : 1 7     0.375 0.171163 0.171163 0 0
BinVal : 1 8     0.571429 0.13226 0.13226 0 0
BinVal : 1 9     0.25 0.125 0.125 0 0
BinVal : 1 11     0.833333 0.152145 0.152145 0 0
BinVal : 2 2     0.222222 0.13858 0.13858 0 0
BinVal : 2 3     0.666667 0.121716 0.121716 0 0
BinVal : 2 5     0.142857 0.093522 0.093522 0 0
BinVal : 2 6     0.210526 0.0935288 0.0935288 0 0
BinVal : 2 7     0.0588235 0.0570672 0.0570672 0 0
BinVal : 2 8     0.0714286 0.0688303 0.0688303 0 0
BinVal : 2 9     0.166667 0.107583 0.107583 0 0
BinVal : 2 11     0.909091 0.0866784 0.0866784 0 0
BinVal : 2 12     0.4 0.154919 0.154919 0 0
BinVal : 3 3     1 0.124824 0.124824 0 0
BinVal : 3 5     0.125 0.116927 0.116927 0 0
BinVal : 3 6     0.294118 0.11051 0.11051 0 0
BinVal : 3 7     0.0714286 0.0688303 0.0688303 0 0
BinVal : 3 8     0.4375 0.12402 0.12402 0 0
BinVal : 3 9     0.375 0.121031 0.121031 0 0
BinVal : 3 11     0.75 0.216506 0.216506 0 0
BinVal : 3 12     0.666667 0.272166 0.272166 0 0
BinVal : 4 2     0.181818 0.116291 0.116291 0 0
BinVal : 4 3     0.777778 0.13858 0.13858 0 0
BinVal : 4 4     0.6 0.126491 0.126491 0 0
BinVal : 4 5     0.863636 0.073165 0.073165 0 0
BinVal : 4 6     0.90625 0.051527 0.051527 0 0
BinVal : 4 7     0.846154 0.0707589 0.0707589 0 0
BinVal : 4 8     0.952381 0.0464714 0.0464714 0 0
BinVal : 4 9     0.772727 0.0893461 0.0893461 0 0
BinVal : 4 10     0.846154 0.100068 0.100068 0 0
BinVal : 4 11     1 0.0871301 0.0871301 0 0


Comments : includes prescale inefficiency, cosmic veto applied 
EffMethod : TagAndProbe 
EffName : eff 
EffType : Binned 
EffVarNames : phi deteta 
EffVersion : 5 
ObjQuality : SingleMuonTriggersOR-AND-MuFromMuJets 
ObjRelativeTo : medium_trackmedium_iso_TrkTightScaled 
ObjType : MuANDSingleMuonOR 
ObjVersion : 1 
RunRangeHigh : -1 
RunRangeLow : -1 
TriggerVersionHigh : 12 
TriggerVersionLow : 10.3 
BinEdges1 : 0 0.3927 0.7854 1.1781 1.5708 1.9635 2.3562 2.7489 3.1416 3.5343 3.927 4.3197 4.7124 5.1051 5.4978 5.8905 6.2832 
BinEdges2 : -2.2 -1.9 -1.6 -1.4 -1.2 -1 -0.6 -0.2 0.2 0.6 1 1.2 1.4 1.6 1.9 2.2 
BinVal : 0 1     0.266667 0.11418 0.11418 0 0
BinVal : 0 2     0.533333 0.128812 0.128812 0 0
BinVal : 0 3     0.954545 0.0444095 0.0444095 0 0
BinVal : 0 4     0.9 0.0547723 0.0547723 0 0
BinVal : 0 5     0.770833 0.0606646 0.0606646 0 0
BinVal : 0 6     0.875 0.0477352 0.0477352 0 0
BinVal : 0 7     0.707692 0.0564138 0.0564138 0 0
BinVal : 0 8     0.709091 0.0612418 0.0612418 0 0
BinVal : 0 9     0.83871 0.0660586 0.0660586 0 0
BinVal : 0 10     0.814815 0.0747568 0.0747568 0 0
BinVal : 0 11     0.842105 0.0836547 0.0836547 0 0
BinVal : 0 12     0.583333 0.142319 0.142319 0 0
BinVal : 0 13     0.235294 0.102879 0.102879 0 0
BinVal : 1 1     0.125 0.0826797 0.0826797 0 0
BinVal : 1 2     0.8 0.10328 0.10328 0 0
BinVal : 1 3     0.789474 0.0935288 0.0935288 0 0
BinVal : 1 4     0.944444 0.0539903 0.0539903 0 0
BinVal : 1 5     0.853659 0.0551993 0.0551993 0 0
BinVal : 1 6     0.784314 0.0575932 0.0575932 0 0
BinVal : 1 7     0.84127 0.0460391 0.0460391 0 0
BinVal : 1 8     0.685714 0.0784693 0.0784693 0 0
BinVal : 1 9     0.85 0.0564579 0.0564579 0 0
BinVal : 1 10     0.882353 0.0781425 0.0781425 0 0
BinVal : 1 11     0.909091 0.0612909 0.0612909 0 0
BinVal : 1 12     0.538462 0.138264 0.138264 0 0
BinVal : 1 13     0.25 0.153093 0.153093 0 0
BinVal : 2 2     0.363636 0.145041 0.145041 0 0
BinVal : 2 3     1 0.039392 0.039392 0 0
BinVal : 2 4     0.846154 0.100068 0.100068 0 0
BinVal : 2 5     0.814815 0.0747568 0.0747568 0 0
BinVal : 2 6     0.771429 0.0709782 0.0709782 0 0
BinVal : 2 7     0.717391 0.0663884 0.0663884 0 0
BinVal : 2 8     0.884615 0.0626563 0.0626563 0 0
BinVal : 2 9     0.62069 0.0901022 0.0901022 0 0
BinVal : 2 10     0.8125 0.0975781 0.0975781 0 0
BinVal : 2 11     0.909091 0.0866784 0.0866784 0 0
BinVal : 2 12     0.909091 0.0866784 0.0866784 0 0
BinVal : 2 13     0.5 0.204124 0.204124 0 0
BinVal : 3 1     0.333333 0.272166 0.272166 0 0
BinVal : 3 2     0.428571 0.187044 0.187044 0 0
BinVal : 3 3     1 0.102643 0.102643 0 0
BinVal : 3 4     0.916667 0.0797856 0.0797856 0 0
BinVal : 3 5     0.666667 0.19245 0.19245 0 0
BinVal : 3 6     0.692308 0.128008 0.128008 0 0
BinVal : 3 7     0.785714 0.109664 0.109664 0 0
BinVal : 3 8     0.9 0.0948683 0.0948683 0 0
BinVal : 3 9     0.923077 0.0739053 0.0739053 0 0
BinVal : 3 10     1 0.0871301 0.0871301 0 0
BinVal : 3 11     1 0.124824 0.124824 0 0
BinVal : 3 13     0.5 0.353553 0.353553 0 0
BinVal : 4 1     0.333333 0.272166 0.272166 0 0
BinVal : 4 2     1 0.0668855 0.0668855 0 0
BinVal : 4 3     1 0.0668855 0.0668855 0 0
BinVal : 4 4     1 0.0668855 0.0668855 0 0
BinVal : 4 5     0.888889 0.104757 0.104757 0 0
BinVal : 4 6     0.833333 0.107583 0.107583 0 0
BinVal : 4 7     0.64 0.096 0.096 0 0
BinVal : 4 8     0.692308 0.128008 0.128008 0 0
BinVal : 4 9     0.8 0.126491 0.126491 0 0
BinVal : 4 10     1 0.124824 0.124824 0 0
BinVal : 4 11     1 0.0871301 0.0871301 0 0
BinVal : 4 12     0.5 0.204124 0.204124 0 0
BinVal : 5 1     0.2 0.126491 0.126491 0 0
BinVal : 5 2     0.818182 0.116291 0.116291 0 0
BinVal : 5 3     0.882353 0.0781425 0.0781425 0 0
BinVal : 5 4     0.9 0.067082 0.067082 0 0
BinVal : 5 5     0.73913 0.0915605 0.0915605 0 0
BinVal : 5 6     0.586207 0.0914572 0.0914572 0 0
BinVal : 5 7     0.685714 0.0784693 0.0784693 0 0
BinVal : 5 8     0.774194 0.0750952 0.0750952 0 0
BinVal : 5 9     0.758621 0.0794627 0.0794627 0 0
BinVal : 5 10     0.888889 0.0740741 0.0740741 0 0
BinVal : 5 11     0.875 0.0826797 0.0826797 0 0
BinVal : 5 12     0.545455 0.150131 0.150131 0 0
BinVal : 5 13     0.375 0.171163 0.171163 0 0
BinVal : 6 1     0.25 0.153093 0.153093 0 0
BinVal : 6 2     0.375 0.121031 0.121031 0 0
BinVal : 6 3     1 0.0309157 0.0309157 0 0
BinVal : 6 4     0.857143 0.06613 0.06613 0 0
BinVal : 6 5     0.84 0.0733212 0.0733212 0 0
BinVal : 6 6     0.75 0.0684653 0.0684653 0 0
BinVal : 6 7     0.744681 0.063603 0.063603 0 0
BinVal : 6 8     0.686275 0.0649739 0.0649739 0 0
BinVal : 6 9     0.621622 0.0797307 0.0797307 0 0
BinVal : 6 10     0.952381 0.0464714 0.0464714 0 0
BinVal : 6 11     0.9 0.067082 0.067082 0 0
BinVal : 6 12     0.5 0.117851 0.117851 0 0
BinVal : 6 13     0.1 0.0948683 0.0948683 0 0
BinVal : 7 1     0.35 0.106654 0.106654 0 0
BinVal : 7 2     0.611111 0.114904 0.114904 0 0
BinVal : 7 3     1 0.0279117 0.0279117 0 0
BinVal : 7 4     0.8125 0.0975781 0.0975781 0 0
BinVal : 7 5     0.72 0.063498 0.063498 0 0
BinVal : 7 6     0.769231 0.067466 0.067466 0 0
BinVal : 7 7     0.746032 0.0548401 0.0548401 0 0
BinVal : 7 8     0.759259 0.0581799 0.0581799 0 0
BinVal : 7 9     0.666667 0.0727393 0.0727393 0 0
BinVal : 7 10     0.695652 0.0959439 0.0959439 0 0
BinVal : 7 11     0.956522 0.0425226 0.0425226 0 0
BinVal : 7 12     0.642857 0.12806 0.12806 0 0
BinVal : 7 13     0.153846 0.100068 0.100068 0 0
BinVal : 8 1     0.0869565 0.0587534 0.0587534 0 0
BinVal : 8 2     0.5 0.144338 0.144338 0 0
BinVal : 8 3     0.833333 0.0760726 0.0760726 0 0
BinVal : 8 4     0.814815 0.0747568 0.0747568 0 0
BinVal : 8 5     0.773585 0.0574869 0.0574869 0 0
BinVal : 8 6     0.653061 0.0679994 0.0679994 0 0
BinVal : 8 7     0.6 0.0547723 0.0547723 0 0
BinVal : 8 8     0.682927 0.0726733 0.0726733 0 0
BinVal : 8 9     0.54717 0.068374 0.068374 0 0
BinVal : 8 10     0.653846 0.0933009 0.0933009 0 0
BinVal : 8 11     0.882353 0.0781425 0.0781425 0 0
BinVal : 8 12     0.65 0.106654 0.106654 0 0
BinVal : 8 13     0.3 0.10247 0.10247 0 0
BinVal : 9 1     0.25 0.0968246 0.0968246 0 0
BinVal : 9 2     0.647059 0.115904 0.115904 0 0
BinVal : 9 3     0.85 0.0798436 0.0798436 0 0
BinVal : 9 4     0.9 0.067082 0.067082 0 0
BinVal : 9 5     0.772727 0.0631772 0.0631772 0 0
BinVal : 9 6     0.66 0.0669925 0.0669925 0 0
BinVal : 9 7     0.74 0.0620322 0.0620322 0 0
BinVal : 9 8     0.78 0.0585833 0.0585833 0 0
BinVal : 9 9     0.836735 0.0528011 0.0528011 0 0
BinVal : 9 10     0.909091 0.0612909 0.0612909 0 0
BinVal : 9 11     1 0.018786 0.018786 0 0
BinVal : 9 12     0.5 0.133631 0.133631 0 0
BinVal : 9 13     0.125 0.116927 0.116927 0 0
BinVal : 10 1     0.388889 0.114904 0.114904 0 0
BinVal : 10 2     0.785714 0.109664 0.109664 0 0
BinVal : 10 3     0.85 0.0798436 0.0798436 0 0
BinVal : 10 4     0.5 0.1066 0.1066 0 0
BinVal : 10 5     0.333333 0.0754851 0.0754851 0 0
BinVal : 10 6     0.709091 0.0612418 0.0612418 0 0
BinVal : 10 7     0.733333 0.0510628 0.0510628 0 0
BinVal : 10 8     0.58 0.0697997 0.0697997 0 0
BinVal : 10 9     0.190476 0.0605913 0.0605913 0 0
BinVal : 10 10     0.380952 0.105971 0.105971 0 0
BinVal : 10 11     0.947368 0.0512278 0.0512278 0 0
BinVal : 10 12     0.5625 0.12402 0.12402 0 0
BinVal : 10 13     0.375 0.121031 0.121031 0 0
BinVal : 11 1     0.125 0.0826797 0.0826797 0 0
BinVal : 11 2     0.625 0.121031 0.121031 0 0
BinVal : 11 3     0.789474 0.0935288 0.0935288 0 0
BinVal : 11 4     0.0384615 0.0377146 0.0377146 0 0
BinVal : 11 11     0.833333 0.087841 0.087841 0 0
BinVal : 11 12     0.444444 0.165635 0.165635 0 0
BinVal : 11 13     0.133333 0.0877707 0.0877707 0 0
BinVal : 12 1     0.222222 0.0979908 0.0979908 0 0
BinVal : 12 2     0.545455 0.106159 0.106159 0 0
BinVal : 12 3     0.631579 0.110665 0.110665 0 0
BinVal : 12 7     0.0588235 0.0570672 0.0570672 0 0
BinVal : 12 11     0.866667 0.0877707 0.0877707 0 0
BinVal : 12 12     0.923077 0.0739053 0.0739053 0 0
BinVal : 12 13     0.230769 0.116855 0.116855 0 0
BinVal : 13 1     0.307692 0.128008 0.128008 0 0
BinVal : 13 2     0.428571 0.10799 0.10799 0 0
BinVal : 13 3     0.8 0.0894427 0.0894427 0 0
BinVal : 13 4     0.227273 0.0893461 0.0893461 0 0
BinVal : 13 5     0.295455 0.0687818 0.0687818 0 0
BinVal : 13 6     0.75 0.0578638 0.0578638 0 0
BinVal : 13 7     0.742424 0.0538278 0.0538278 0 0
BinVal : 13 8     0.666667 0.0702728 0.0702728 0 0
BinVal : 13 9     0.276596 0.0652476 0.0652476 0 0
BinVal : 13 10     0.458333 0.101707 0.101707 0 0
BinVal : 13 11     0.863636 0.073165 0.073165 0 0
BinVal : 13 12     0.866667 0.0877707 0.0877707 0 0
BinVal : 13 13     0.214286 0.109664 0.109664 0 0
BinVal : 14 1     0.2 0.126491 0.126491 0 0
BinVal : 14 2     0.714286 0.120736 0.120736 0 0
BinVal : 14 3     0.947368 0.0512278 0.0512278 0 0
BinVal : 14 4     1 0.0368657 0.0368657 0 0
BinVal : 14 5     0.647059 0.0819565 0.0819565 0 0
BinVal : 14 6     0.632653 0.0688689 0.0688689 0 0
BinVal : 14 7     0.796296 0.0548075 0.0548075 0 0
BinVal : 14 8     0.674419 0.0714596 0.0714596 0 0
BinVal : 14 9     0.777778 0.06929 0.06929 0 0
BinVal : 14 10     0.923077 0.0522589 0.0522589 0 0
BinVal : 14 11     0.952381 0.0464714 0.0464714 0 0
BinVal : 14 12     0.642857 0.12806 0.12806 0 0
BinVal : 14 13     0.263158 0.101023 0.101023 0 0
BinVal : 15 1     0.263158 0.101023 0.101023 0 0
BinVal : 15 2     0.466667 0.128812 0.128812 0 0
BinVal : 15 3     0.9 0.067082 0.067082 0 0
BinVal : 15 4     0.76 0.0854166 0.0854166 0 0
BinVal : 15 5     0.676471 0.0802309 0.0802309 0 0
BinVal : 15 6     0.754098 0.0551353 0.0551353 0 0
BinVal : 15 7     0.738462 0.0545099 0.0545099 0 0
BinVal : 15 8     0.723404 0.0652476 0.0652476 0 0
BinVal : 15 9     0.769231 0.0584273 0.0584273 0 0
BinVal : 15 10     0.8 0.10328 0.10328 0 0
BinVal : 15 11     0.947368 0.0512278 0.0512278 0 0
BinVal : 15 12     0.625 0.121031 0.121031 0 0
BinVal : 15 13     0.117647 0.0781425 0.0781425 0 0


Comments : includes prescale inefficiency, cosmic veto applied 
EffMethod : TagAndProbe 
EffName : eff 
EffType : Binned 
EffVarNames : phi deteta 
EffVersion : 5 
ObjQuality : SingleMuonTriggersOR-AND-MuFromMuJets 
ObjRelativeTo : medium_trackmedium_iso_TrkTightScaled 
ObjType : MuANDSingleMuonOR 
ObjVersion : 1 
RunRangeHigh : -1 
RunRangeLow : -1 
TriggerVersionHigh : 13 
TriggerVersionLow : 12 
BinEdges1 : 0 0.3927 0.7854 1.1781 1.5708 1.9635 2.3562 2.7489 3.1416 3.5343 3.927 4.3197 4.7124 5.1051 5.4978 5.8905 6.2832 
BinEdges2 : -2.2 -2 -1.8 -1.6 -1.55 -1.5 -1.4 -1.2 -1.1 -1 -0.8 -0.6 -0.4 -0.2 0 0.2 0.4 0.6 0.8 1 1.1 1.2 1.4 1.5 1.55 1.6 1.8 2 2.2 
BinVal : 0 4     0.05 0.048734 0.048734 0 0
BinVal : 0 5     0.384615 0.0954113 0.0954113 0 0
BinVal : 0 6     0.94 0.0335857 0.0335857 0 0
BinVal : 0 7     0.935484 0.0441237 0.0441237 0 0
BinVal : 0 8     0.958333 0.0407894 0.0407894 0 0
BinVal : 0 9     0.936709 0.0273943 0.0273943 0 0
BinVal : 0 10     0.797297 0.046733 0.046733 0 0
BinVal : 0 11     0.732394 0.0525401 0.0525401 0 0
BinVal : 0 12     0.647059 0.0518339 0.0518339 0 0
BinVal : 0 13     0.852632 0.0363681 0.0363681 0 0
BinVal : 0 14     0.811881 0.0388868 0.0388868 0 0
BinVal : 0 15     0.767677 0.0424442 0.0424442 0 0
BinVal : 0 16     0.809524 0.0428445 0.0428445 0 0
BinVal : 0 17     0.732558 0.0477295 0.0477295 0 0
BinVal : 0 18     0.885714 0.0380271 0.0380271 0 0
BinVal : 0 19     0.585366 0.0769404 0.0769404 0 0
BinVal : 0 20     0.941176 0.0403526 0.0403526 0 0
BinVal : 0 21     0.951613 0.027252 0.027252 0 0
BinVal : 0 22     0.464286 0.0942498 0.0942498 0 0
BinVal : 1 5     0.34375 0.0839617 0.0839617 0 0
BinVal : 1 6     0.898305 0.0393492 0.0393492 0 0
BinVal : 1 7     0.918919 0.0448743 0.0448743 0 0
BinVal : 1 8     0.97619 0.0235244 0.0235244 0 0
BinVal : 1 9     0.824561 0.0503775 0.0503775 0 0
BinVal : 1 10     0.849315 0.0418705 0.0418705 0 0
BinVal : 1 11     0.728395 0.0494208 0.0494208 0 0
BinVal : 1 12     0.735294 0.0535005 0.0535005 0 0
BinVal : 1 13     0.661972 0.0561393 0.0561393 0 0
BinVal : 1 14     0.756098 0.0474231 0.0474231 0 0
BinVal : 1 15     0.724638 0.053776 0.053776 0 0
BinVal : 1 16     0.811765 0.0423991 0.0423991 0 0
BinVal : 1 17     0.821429 0.0511796 0.0511796 0 0
BinVal : 1 18     0.862069 0.0452781 0.0452781 0 0
BinVal : 1 19     0.967742 0.0317335 0.0317335 0 0
BinVal : 1 20     0.904762 0.0452948 0.0452948 0 0
BinVal : 1 21     0.861111 0.0407565 0.0407565 0 0
BinVal : 1 22     0.4 0.109545 0.109545 0 0
BinVal : 2 5     0.5 0.111803 0.111803 0 0
BinVal : 2 6     0.903226 0.0531003 0.0531003 0 0
BinVal : 2 7     0.92 0.0542586 0.0542586 0 0
BinVal : 2 8     0.875 0.0584634 0.0584634 0 0
BinVal : 2 9     0.782609 0.0608155 0.0608155 0 0
BinVal : 2 10     0.870968 0.042575 0.042575 0 0
BinVal : 2 11     0.72549 0.0624899 0.0624899 0 0
BinVal : 2 12     0.894737 0.0406489 0.0406489 0 0
BinVal : 2 13     0.869565 0.0496557 0.0496557 0 0
BinVal : 2 14     0.830508 0.048845 0.048845 0 0
BinVal : 2 15     0.822222 0.0569937 0.0569937 0 0
BinVal : 2 16     0.685185 0.0632026 0.0632026 0 0
BinVal : 2 17     0.909091 0.0387638 0.0387638 0 0
BinVal : 2 18     0.809524 0.0605913 0.0605913 0 0
BinVal : 2 19     0.95 0.048734 0.048734 0 0
BinVal : 2 20     0.913043 0.0587534 0.0587534 0 0
BinVal : 2 21     0.84 0.0518459 0.0518459 0 0
BinVal : 2 22     0.434783 0.103367 0.103367 0 0
BinVal : 3 5     0.611111 0.114904 0.114904 0 0
BinVal : 3 6     0.866667 0.0877707 0.0877707 0 0
BinVal : 3 7     0.857143 0.093522 0.093522 0 0
BinVal : 3 8     0.777778 0.13858 0.13858 0 0
BinVal : 3 9     1 0.0326734 0.0326734 0 0
BinVal : 3 10     0.708333 0.0927805 0.0927805 0 0
BinVal : 3 11     0.863636 0.073165 0.073165 0 0
BinVal : 3 12     0.809524 0.0856891 0.0856891 0 0
BinVal : 3 13     0.75 0.0818317 0.0818317 0 0
BinVal : 3 14     0.73913 0.0915605 0.0915605 0 0
BinVal : 3 15     0.666667 0.096225 0.096225 0 0
BinVal : 3 16     0.833333 0.0760726 0.0760726 0 0
BinVal : 3 17     0.73913 0.0915605 0.0915605 0 0
BinVal : 3 18     0.928571 0.0688303 0.0688303 0 0
BinVal : 3 19     0.222222 0.13858 0.13858 0 0
BinVal : 3 20     0.9 0.0948683 0.0948683 0 0
BinVal : 3 21     0.818182 0.116291 0.116291 0 0
BinVal : 3 22     0.333333 0.157135 0.157135 0 0
BinVal : 4 5     0.555556 0.165635 0.165635 0 0
BinVal : 4 6     0.904762 0.0640564 0.0640564 0 0
BinVal : 4 7     1 0.0495858 0.0495858 0 0
BinVal : 4 8     0.888889 0.104757 0.104757 0 0
BinVal : 4 9     0.846154 0.0707589 0.0707589 0 0
BinVal : 4 10     0.857143 0.0763604 0.0763604 0 0
BinVal : 4 11     0.823529 0.0924594 0.0924594 0 0
BinVal : 4 12     0.807692 0.077292 0.077292 0 0
BinVal : 4 13     0.85 0.0798436 0.0798436 0 0
BinVal : 4 14     0.714286 0.0985808 0.0985808 0 0
BinVal : 4 15     0.666667 0.121716 0.121716 0 0
BinVal : 4 16     0.791667 0.0828982 0.0828982 0 0
BinVal : 4 17     0.733333 0.11418 0.11418 0 0
BinVal : 4 18     0.95 0.048734 0.048734 0 0
BinVal : 4 19     0.545455 0.150131 0.150131 0 0
BinVal : 4 20     0.75 0.153093 0.153093 0 0
BinVal : 4 21     1 0.0266185 0.0266185 0 0
BinVal : 4 22     0.625 0.171163 0.171163 0 0
BinVal : 5 5     0.666667 0.102869 0.102869 0 0
BinVal : 5 6     0.911765 0.0486433 0.0486433 0 0
BinVal : 5 7     1 0.0194201 0.0194201 0 0
BinVal : 5 8     0.862069 0.0640329 0.0640329 0 0
BinVal : 5 9     0.771429 0.0709782 0.0709782 0 0
BinVal : 5 10     0.826087 0.0558856 0.0558856 0 0
BinVal : 5 11     0.803279 0.0508972 0.0508972 0 0
BinVal : 5 12     0.777778 0.0619748 0.0619748 0 0
BinVal : 5 13     0.728814 0.0578784 0.0578784 0 0
BinVal : 5 14     0.722222 0.0609519 0.0609519 0 0
BinVal : 5 15     0.611111 0.0812497 0.0812497 0 0
BinVal : 5 16     0.690476 0.071334 0.071334 0 0
BinVal : 5 17     0.775 0.0660256 0.0660256 0 0
BinVal : 5 18     0.90625 0.051527 0.051527 0 0
BinVal : 5 19     0.833333 0.0680414 0.0680414 0 0
BinVal : 5 20     0.95 0.048734 0.048734 0 0
BinVal : 5 21     0.931818 0.0379991 0.0379991 0 0
BinVal : 5 22     0.5 0.125 0.125 0 0
BinVal : 6 5     0.388889 0.114904 0.114904 0 0
BinVal : 6 6     0.893617 0.0449741 0.0449741 0 0
BinVal : 6 7     0.916667 0.0460642 0.0460642 0 0
BinVal : 6 8     0.925 0.0416458 0.0416458 0 0
BinVal : 6 9     0.787234 0.0596972 0.0596972 0 0
BinVal : 6 10     0.722222 0.0746505 0.0746505 0 0
BinVal : 6 11     0.548387 0.063202 0.063202 0 0
BinVal : 6 12     0.75 0.0525105 0.0525105 0 0
BinVal : 6 13     0.854839 0.0447375 0.0447375 0 0
BinVal : 6 14     0.779221 0.0472676 0.0472676 0 0
BinVal : 6 15     0.863636 0.0422418 0.0422418 0 0
BinVal : 6 16     0.724638 0.053776 0.053776 0 0
BinVal : 6 17     0.805556 0.0466422 0.0466422 0 0
BinVal : 6 18     0.823529 0.0533815 0.0533815 0 0
BinVal : 6 19     0.864865 0.0562027 0.0562027 0 0
BinVal : 6 20     0.918919 0.0448743 0.0448743 0 0
BinVal : 6 21     0.916667 0.0398928 0.0398928 0 0
BinVal : 6 22     0.277778 0.105572 0.105572 0 0
BinVal : 7 5     0.484848 0.0869989 0.0869989 0 0
BinVal : 7 6     0.934426 0.0316937 0.0316937 0 0
BinVal : 7 7     0.888889 0.0604812 0.0604812 0 0
BinVal : 7 8     0.741935 0.0785898 0.0785898 0 0
BinVal : 7 9     0.731707 0.069196 0.069196 0 0
BinVal : 7 10     0.547945 0.0582509 0.0582509 0 0
BinVal : 7 11     0.722892 0.0491272 0.0491272 0 0
BinVal : 7 12     0.719512 0.04961 0.04961 0 0
BinVal : 7 13     0.786517 0.0434351 0.0434351 0 0
BinVal : 7 14     0.796296 0.0387548 0.0387548 0 0
BinVal : 7 15     0.741573 0.0464035 0.0464035 0 0
BinVal : 7 16     0.7875 0.0457362 0.0457362 0 0
BinVal : 7 17     0.772152 0.0471911 0.0471911 0 0
BinVal : 7 18     0.958333 0.0235498 0.0235498 0 0
BinVal : 7 19     0.605263 0.0792929 0.0792929 0 0
BinVal : 7 20     0.909091 0.0500438 0.0500438 0 0
BinVal : 7 21     0.960784 0.0271805 0.0271805 0 0
BinVal : 7 22     0.2 0.0730297 0.0730297 0 0
BinVal : 8 5     0.473684 0.0809983 0.0809983 0 0
BinVal : 8 6     0.955882 0.0249031 0.0249031 0 0
BinVal : 8 7     0.83871 0.0660586 0.0660586 0 0
BinVal : 8 8     0.625 0.121031 0.121031 0 0
BinVal : 8 9     0.78 0.0585833 0.0585833 0 0
BinVal : 8 10     0.644068 0.0623338 0.0623338 0 0
BinVal : 8 11     0.839506 0.0407848 0.0407848 0 0
BinVal : 8 12     0.895833 0.0311776 0.0311776 0 0
BinVal : 8 13     0.909091 0.0274101 0.0274101 0 0
BinVal : 8 14     0.862385 0.0329966 0.0329966 0 0
BinVal : 8 15     0.808081 0.0395794 0.0395794 0 0
BinVal : 8 16     0.855422 0.0386014 0.0386014 0 0
BinVal : 8 17     0.72619 0.048653 0.048653 0 0
BinVal : 8 18     0.895522 0.0373691 0.0373691 0 0
BinVal : 8 19     0.605263 0.0792929 0.0792929 0 0
BinVal : 8 20     0.914286 0.0473188 0.0473188 0 0
BinVal : 8 21     0.932432 0.0291784 0.0291784 0 0
BinVal : 8 22     0.407407 0.0945607 0.0945607 0 0
BinVal : 9 4     0.0714286 0.0688303 0.0688303 0 0
BinVal : 9 5     0.565217 0.103367 0.103367 0 0
BinVal : 9 6     0.888889 0.0395943 0.0395943 0 0
BinVal : 9 7     0.97561 0.024091 0.024091 0 0
BinVal : 9 8     0.972973 0.0266593 0.0266593 0 0
BinVal : 9 9     0.822222 0.0569937 0.0569937 0 0
BinVal : 9 10     0.814815 0.052861 0.052861 0 0
BinVal : 9 11     0.819444 0.0453314 0.0453314 0 0
BinVal : 9 12     0.654321 0.0528432 0.0528432 0 0
BinVal : 9 13     0.75 0.04967 0.04967 0 0
BinVal : 9 14     0.826087 0.0395171 0.0395171 0 0
BinVal : 9 15     0.863014 0.0402426 0.0402426 0 0
BinVal : 9 16     0.769231 0.0522589 0.0522589 0 0
BinVal : 9 17     0.842105 0.048298 0.048298 0 0
BinVal : 9 18     0.851852 0.048343 0.048343 0 0
BinVal : 9 19     0.758621 0.0794627 0.0794627 0 0
BinVal : 9 20     0.975 0.0246855 0.0246855 0 0
BinVal : 9 21     0.955224 0.0252661 0.0252661 0 0
BinVal : 9 22     0.53125 0.0882155 0.0882155 0 0
BinVal : 10 5     0.611111 0.114904 0.114904 0 0
BinVal : 10 6     0.913793 0.0368537 0.0368537 0 0
BinVal : 10 7     0.615385 0.0954113 0.0954113 0 0
BinVal : 10 8     0.2 0.08 0.08 0 0
BinVal : 10 9     0.4 0.0547723 0.0547723 0 0
BinVal : 10 10     0.107692 0.0384497 0.0384497 0 0
BinVal : 10 11     0.742268 0.0444098 0.0444098 0 0
BinVal : 10 12     0.741573 0.0464035 0.0464035 0 0
BinVal : 10 13     0.630631 0.0458096 0.0458096 0 0
BinVal : 10 14     0.78 0.0414246 0.0414246 0 0
BinVal : 10 15     0.840426 0.0377718 0.0377718 0 0
BinVal : 10 16     0.736264 0.0461935 0.0461935 0 0
BinVal : 10 17     0.2 0.0478091 0.0478091 0 0
BinVal : 10 18     0.448718 0.0563153 0.0563153 0 0
BinVal : 10 19     0.206897 0.0752216 0.0752216 0 0
BinVal : 10 20     0.529412 0.121058 0.121058 0 0
BinVal : 10 21     0.876923 0.0407486 0.0407486 0 0
BinVal : 10 22     0.575758 0.086034 0.086034 0 0
BinVal : 11 5     0.513514 0.0821695 0.0821695 0 0
BinVal : 11 6     0.678571 0.0624088 0.0624088 0 0
BinVal : 11 11     0.0188679 0.0186891 0.0186891 0 0
BinVal : 11 21     0.75 0.0600481 0.0600481 0 0
BinVal : 11 22     0.413793 0.0914572 0.0914572 0 0
BinVal : 12 5     0.56 0.0992774 0.0992774 0 0
BinVal : 12 6     0.729167 0.0641422 0.0641422 0 0
BinVal : 12 14     0.015625 0.0155024 0.0155024 0 0
BinVal : 12 21     0.88 0.0459565 0.0459565 0 0
BinVal : 12 22     0.5 0.0833333 0.0833333 0 0
BinVal : 13 4     0.0588235 0.0570672 0.0570672 0 0
BinVal : 13 5     0.428571 0.13226 0.13226 0 0
BinVal : 13 6     0.913793 0.0368537 0.0368537 0 0
BinVal : 13 7     0.481481 0.096159 0.096159 0 0
BinVal : 13 8     0.111111 0.0740741 0.0740741 0 0
BinVal : 13 9     0.383333 0.0627679 0.0627679 0 0
BinVal : 13 10     0.175258 0.0386022 0.0386022 0 0
BinVal : 13 11     0.666667 0.0580259 0.0580259 0 0
BinVal : 13 12     0.764045 0.0450069 0.0450069 0 0
BinVal : 13 13     0.635417 0.0491238 0.0491238 0 0
BinVal : 13 14     0.62963 0.0464674 0.0464674 0 0
BinVal : 13 15     0.811111 0.0412593 0.0412593 0 0
BinVal : 13 16     0.621951 0.0535482 0.0535482 0 0
BinVal : 13 17     0.0952381 0.036983 0.036983 0 0
BinVal : 13 18     0.421053 0.0566345 0.0566345 0 0
BinVal : 13 19     0.173913 0.0790342 0.0790342 0 0
BinVal : 13 20     0.6 0.0894427 0.0894427 0 0
BinVal : 13 21     0.836364 0.0498834 0.0498834 0 0
BinVal : 13 22     0.411765 0.119365 0.119365 0 0
BinVal : 13 23     0.0909091 0.0866784 0.0866784 0 0
BinVal : 14 4     0.1 0.0948683 0.0948683 0 0
BinVal : 14 5     0.333333 0.111111 0.111111 0 0
BinVal : 14 6     0.923077 0.0369527 0.0369527 0 0
BinVal : 14 7     0.964286 0.0350707 0.0350707 0 0
BinVal : 14 8     0.921053 0.0437441 0.0437441 0 0
BinVal : 14 9     0.758065 0.0543885 0.0543885 0 0
BinVal : 14 10     0.859155 0.0412836 0.0412836 0 0
BinVal : 14 11     0.64557 0.0538175 0.0538175 0 0
BinVal : 14 12     0.691176 0.0560267 0.0560267 0 0
BinVal : 14 13     0.654762 0.0518754 0.0518754 0 0
BinVal : 14 14     0.789474 0.0418273 0.0418273 0 0
BinVal : 14 15     0.735294 0.0535005 0.0535005 0 0
BinVal : 14 16     0.694444 0.0542872 0.0542872 0 0
BinVal : 14 17     0.762712 0.055385 0.055385 0 0
BinVal : 14 18     0.877551 0.0468291 0.0468291 0 0
BinVal : 14 19     0.886364 0.0478452 0.0478452 0 0
BinVal : 14 20     0.909091 0.0500438 0.0500438 0 0
BinVal : 14 21     0.918033 0.0351224 0.0351224 0 0
BinVal : 14 22     0.357143 0.0905522 0.0905522 0 0
BinVal : 15 5     0.46875 0.0882155 0.0882155 0 0
BinVal : 15 6     0.925373 0.0321047 0.0321047 0 0
BinVal : 15 7     0.846154 0.0577744 0.0577744 0 0
BinVal : 15 8     0.555556 0.0828173 0.0828173 0 0
BinVal : 15 9     0.897059 0.0368511 0.0368511 0 0
BinVal : 15 10     0.780488 0.0457094 0.0457094 0 0
BinVal : 15 11     0.636364 0.0648642 0.0648642 0 0
BinVal : 15 12     0.617977 0.0515034 0.0515034 0 0
BinVal : 15 13     0.790123 0.0452467 0.0452467 0 0
BinVal : 15 14     0.804124 0.0402964 0.0402964 0 0
BinVal : 15 15     0.776471 0.0451877 0.0451877 0 0
BinVal : 15 16     0.842105 0.0418273 0.0418273 0 0
BinVal : 15 17     0.705882 0.0552551 0.0552551 0 0
BinVal : 15 18     0.896552 0.0399885 0.0399885 0 0
BinVal : 15 19     0.62069 0.0901022 0.0901022 0 0
BinVal : 15 20     0.916667 0.0460642 0.0460642 0 0
BinVal : 15 21     0.887097 0.0401923 0.0401923 0 0
BinVal : 15 22     0.464286 0.0942498 0.0942498 0 0


Comments : includes prescale inefficiency, cosmic veto applied 
EffMethod : TagAndProbe 
EffName : eff 
EffType : Binned 
EffVarNames : phi deteta 
EffVersion : 5 
ObjQuality : SingleMuonTriggersOR-AND-MuFromMuJets 
ObjRelativeTo : medium_trackmedium_iso_TrkTightScaled 
ObjType : MuANDSingleMuonOR 
ObjVersion : 1 
RunRangeHigh : -1 
RunRangeLow : -1 
TriggerVersionHigh : 13.2 
TriggerVersionLow : 13 
BinEdges1 : 0 0.7854 1.5708 2.3562 3.1416 3.927 4.7124 5.4978 6.2832 
BinEdges2 : -2.2 -1.9 -1.6 -1.4 -1.2 -1 -0.6 -0.2 0.2 0.6 1 1.2 1.4 1.6 1.9 2.2 
BinVal : 0 1     0.866667 0.0877707 0.0877707 0 0
BinVal : 0 2     0.818182 0.116291 0.116291 0 0
BinVal : 0 3     0.947368 0.0512278 0.0512278 0 0
BinVal : 0 4     0.730769 0.0869893 0.0869893 0 0
BinVal : 0 5     0.909091 0.0500438 0.0500438 0 0
BinVal : 0 6     0.617647 0.0833418 0.0833418 0 0
BinVal : 0 7     0.87931 0.0427752 0.0427752 0 0
BinVal : 0 8     0.828571 0.0637049 0.0637049 0 0
BinVal : 0 9     0.818182 0.0581456 0.0581456 0 0
BinVal : 0 10     0.944444 0.0539903 0.0539903 0 0
BinVal : 0 11     1 0.0309157 0.0309157 0 0
BinVal : 0 12     1 0.039392 0.039392 0 0
BinVal : 0 13     0.769231 0.116855 0.116855 0 0
BinVal : 0 14     1 0.218486 0.218486 0 0
BinVal : 1 0     0.5 0.353553 0.353553 0 0
BinVal : 1 1     0.8 0.178885 0.178885 0 0
BinVal : 1 2     0.9 0.0948683 0.0948683 0 0
BinVal : 1 3     1 0.0756803 0.0756803 0 0
BinVal : 1 4     0.833333 0.107583 0.107583 0 0
BinVal : 1 5     0.6875 0.115878 0.115878 0 0
BinVal : 1 6     0.8125 0.0975781 0.0975781 0 0
BinVal : 1 7     0.864865 0.0562027 0.0562027 0 0
BinVal : 1 8     0.8 0.0730297 0.0730297 0 0
BinVal : 1 9     0.866667 0.0877707 0.0877707 0 0
BinVal : 1 10     0.909091 0.0866784 0.0866784 0 0
BinVal : 1 11     0.75 0.153093 0.153093 0 0
BinVal : 1 12     1 0.0668855 0.0668855 0 0
BinVal : 1 13     0.4 0.154919 0.154919 0 0
BinVal : 1 14     1 0.218486 0.218486 0 0
BinVal : 2 1     0.75 0.153093 0.153093 0 0
BinVal : 2 2     0.727273 0.134282 0.134282 0 0
BinVal : 2 3     1 0.0668855 0.0668855 0 0
BinVal : 2 4     0.888889 0.104757 0.104757 0 0
BinVal : 2 5     0.791667 0.0828982 0.0828982 0 0
BinVal : 2 6     0.727273 0.0949515 0.0949515 0 0
BinVal : 2 7     0.833333 0.087841 0.087841 0 0
BinVal : 2 8     0.818182 0.0822304 0.0822304 0 0
BinVal : 2 9     0.75 0.0968246 0.0968246 0 0
BinVal : 2 10     1 0.0871301 0.0871301 0 0
BinVal : 2 11     1 0.159077 0.159077 0 0
BinVal : 2 12     1 0.124824 0.124824 0 0
BinVal : 2 13     0.333333 0.19245 0.19245 0 0
BinVal : 3 0     1 0.218486 0.218486 0 0
BinVal : 3 1     1 0.0756803 0.0756803 0 0
BinVal : 3 2     1 0.0422902 0.0422902 0 0
BinVal : 3 3     0.909091 0.0866784 0.0866784 0 0
BinVal : 3 4     0.866667 0.0877707 0.0877707 0 0
BinVal : 3 5     0.5 0.25 0.25 0 0
BinVal : 3 6     0.852941 0.0607387 0.0607387 0 0
BinVal : 3 7     0.744681 0.063603 0.063603 0 0
BinVal : 3 8     0.862069 0.0640329 0.0640329 0 0
BinVal : 3 9     0.815789 0.0628861 0.0628861 0 0
BinVal : 3 10     0.85 0.0798436 0.0798436 0 0
BinVal : 3 11     1 0.0216126 0.0216126 0 0
BinVal : 3 12     0.8125 0.0975781 0.0975781 0 0
BinVal : 3 13     0.764706 0.102879 0.102879 0 0
BinVal : 3 14     0.75 0.216506 0.216506 0 0
BinVal : 4 0     0.666667 0.272166 0.272166 0 0
BinVal : 4 1     0.454545 0.150131 0.150131 0 0
BinVal : 4 2     0.944444 0.0539903 0.0539903 0 0
BinVal : 4 3     1 0.0346427 0.0346427 0 0
BinVal : 4 4     1 0.0293374 0.0293374 0 0
BinVal : 4 5     0.833333 0.152145 0.152145 0 0
BinVal : 4 6     0.888889 0.0468486 0.0468486 0 0
BinVal : 4 7     0.888889 0.0427667 0.0427667 0 0
BinVal : 4 8     0.75 0.0625 0.0625 0 0
BinVal : 4 9     0.717391 0.0663884 0.0663884 0 0
BinVal : 4 10     0.875 0.0826797 0.0826797 0 0
BinVal : 4 11     1 0.0254407 0.0254407 0 0
BinVal : 4 12     1 0.039392 0.039392 0 0
BinVal : 4 13     0.714286 0.0985808 0.0985808 0 0
BinVal : 4 14     0.857143 0.13226 0.13226 0 0
BinVal : 5 1     0.769231 0.116855 0.116855 0 0
BinVal : 5 2     0.8125 0.0975781 0.0975781 0 0
BinVal : 5 3     0.833333 0.107583 0.107583 0 0
BinVal : 5 4     0.2 0.0894427 0.0894427 0 0
BinVal : 5 5     0.153846 0.0577744 0.0577744 0 0
BinVal : 5 6     0.472222 0.0832046 0.0832046 0 0
BinVal : 5 7     0.592593 0.0668645 0.0668645 0 0
BinVal : 5 8     0.384615 0.077903 0.077903 0 0
BinVal : 5 9     0.205882 0.0693446 0.0693446 0 0
BinVal : 5 10     0.272727 0.0949515 0.0949515 0 0
BinVal : 5 11     1 0.0456491 0.0456491 0 0
BinVal : 5 12     1 0.0346427 0.0346427 0 0
BinVal : 5 13     0.5 0.144338 0.144338 0 0
BinVal : 5 14     1 0.218486 0.218486 0 0
BinVal : 6 0     1 0.102643 0.102643 0 0
BinVal : 6 1     0.6 0.126491 0.126491 0 0
BinVal : 6 2     0.933333 0.0644061 0.0644061 0 0
BinVal : 6 3     0.772727 0.0893461 0.0893461 0 0
BinVal : 6 4     0.136364 0.073165 0.073165 0 0
BinVal : 6 5     0.166667 0.062113 0.062113 0 0
BinVal : 6 6     0.38 0.068644 0.068644 0 0
BinVal : 6 7     0.254902 0.0610251 0.0610251 0 0
BinVal : 6 8     0.204082 0.0575756 0.0575756 0 0
BinVal : 6 9     0.0322581 0.0317335 0.0317335 0 0
BinVal : 6 10     0.304348 0.0959439 0.0959439 0 0
BinVal : 6 11     0.733333 0.11418 0.11418 0 0
BinVal : 6 12     0.846154 0.100068 0.100068 0 0
BinVal : 6 13     0.8 0.10328 0.10328 0 0
BinVal : 6 14     0.333333 0.272166 0.272166 0 0
BinVal : 7 0     1 0.159077 0.159077 0 0
BinVal : 7 1     0.571429 0.187044 0.187044 0 0
BinVal : 7 2     0.833333 0.107583 0.107583 0 0
BinVal : 7 3     1 0.0599198 0.0599198 0 0
BinVal : 7 4     0.909091 0.0866784 0.0866784 0 0
BinVal : 7 5     0.74359 0.0699201 0.0699201 0 0
BinVal : 7 6     0.571429 0.093522 0.093522 0 0
BinVal : 7 7     0.763636 0.0572865 0.0572865 0 0
BinVal : 7 8     0.756098 0.0670664 0.0670664 0 0
BinVal : 7 9     0.805556 0.0659621 0.0659621 0 0
BinVal : 7 10     0.68 0.0932952 0.0932952 0 0
BinVal : 7 11     0.9 0.067082 0.067082 0 0
BinVal : 7 12     0.857143 0.0763604 0.0763604 0 0
BinVal : 7 13     0.7 0.10247 0.10247 0 0
BinVal : 7 14     1 0.124824 0.124824 0 0


Comments : includes prescale inefficiency, cosmic veto applied 
EffMethod : TagAndProbe 
EffName : eff 
EffType : Binned 
EffVarNames : phi deteta 
EffVersion : 5 
ObjQuality : SingleMuonTriggersOR-AND-MuFromMuJets 
ObjRelativeTo : medium_trackmedium_iso_TrkTightScaled 
ObjType : MuANDSingleMuonOR 
ObjVersion : 1 
RunRangeHigh : -1 
RunRangeLow : -1 
TriggerVersionHigh : 14 
TriggerVersionLow : 13.2 
BinEdges1 : 0 0.3927 0.7854 1.1781 1.5708 1.9635 2.3562 2.7489 3.1416 3.5343 3.927 4.3197 4.7124 5.1051 5.4978 5.8905 6.2832 
BinEdges2 : -2.2 -2 -1.8 -1.6 -1.55 -1.5 -1.4 -1.2 -1.1 -1 -0.8 -0.6 -0.4 -0.2 0 0.2 0.4 0.6 0.8 1 1.1 1.2 1.4 1.5 1.55 1.6 1.8 2 2.2 
BinVal : 0 0     1 0.124824 0.124824 0 0
BinVal : 0 1     0.458333 0.0719178 0.0719178 0 0
BinVal : 0 2     0.5 0.0668153 0.0668153 0 0
BinVal : 0 3     0.375 0.121031 0.121031 0 0
BinVal : 0 4     0.846154 0.0707589 0.0707589 0 0
BinVal : 0 5     0.843137 0.0509242 0.0509242 0 0
BinVal : 0 6     0.882353 0.0319015 0.0319015 0 0
BinVal : 0 7     0.954545 0.0314022 0.0314022 0 0
BinVal : 0 8     0.591837 0.0702134 0.0702134 0 0
BinVal : 0 9     0.75 0.0433013 0.0433013 0 0
BinVal : 0 10     0.490385 0.04902 0.04902 0 0
BinVal : 0 11     0.846154 0.0353795 0.0353795 0 0
BinVal : 0 12     0.744186 0.0384156 0.0384156 0 0
BinVal : 0 13     0.8 0.0344265 0.0344265 0 0
BinVal : 0 14     0.80597 0.0341618 0.0341618 0 0
BinVal : 0 15     0.708333 0.0414927 0.0414927 0 0
BinVal : 0 16     0.826446 0.0344296 0.0344296 0 0
BinVal : 0 17     0.614035 0.0455951 0.0455951 0 0
BinVal : 0 18     0.689189 0.0538024 0.0538024 0 0
BinVal : 0 19     0.644444 0.0713576 0.0713576 0 0
BinVal : 0 20     0.898305 0.0393492 0.0393492 0 0
BinVal : 0 21     0.957895 0.0206047 0.0206047 0 0
BinVal : 0 22     0.818182 0.0671408 0.0671408 0 0
BinVal : 0 23     0.833333 0.087841 0.087841 0 0
BinVal : 0 24     0.555556 0.117121 0.117121 0 0
BinVal : 0 25     0.517241 0.0656142 0.0656142 0 0
BinVal : 0 26     0.318182 0.0702175 0.0702175 0 0
BinVal : 1 1     0.5 0.1066 0.1066 0 0
BinVal : 1 2     0.457143 0.0842044 0.0842044 0 0
BinVal : 1 3     0.52381 0.108985 0.108985 0 0
BinVal : 1 4     0.692308 0.128008 0.128008 0 0
BinVal : 1 5     0.9 0.0424264 0.0424264 0 0
BinVal : 1 6     0.857143 0.0381802 0.0381802 0 0
BinVal : 1 7     0.857143 0.0499896 0.0499896 0 0
BinVal : 1 8     0.935484 0.0312001 0.0312001 0 0
BinVal : 1 9     0.685393 0.049222 0.049222 0 0
BinVal : 1 10     0.56701 0.0503093 0.0503093 0 0
BinVal : 1 11     0.67 0.0470213 0.0470213 0 0
BinVal : 1 12     0.695238 0.0449213 0.0449213 0 0
BinVal : 1 13     0.65625 0.0419808 0.0419808 0 0
BinVal : 1 14     0.73913 0.0409471 0.0409471 0 0
BinVal : 1 15     0.755814 0.0463253 0.0463253 0 0
BinVal : 1 16     0.579832 0.0452469 0.0452469 0 0
BinVal : 1 17     0.580357 0.0466314 0.0466314 0 0
BinVal : 1 18     0.653333 0.0549532 0.0549532 0 0
BinVal : 1 19     0.958333 0.0288424 0.0288424 0 0
BinVal : 1 20     0.890909 0.0420368 0.0420368 0 0
BinVal : 1 21     0.84 0.042332 0.042332 0 0
BinVal : 1 22     0.862069 0.0640329 0.0640329 0 0
BinVal : 1 23     0.857143 0.093522 0.093522 0 0
BinVal : 1 24     0.55 0.111243 0.111243 0 0
BinVal : 1 25     0.484848 0.0615175 0.0615175 0 0
BinVal : 1 26     0.48 0.09992 0.09992 0 0
BinVal : 2 1     0.375 0.121031 0.121031 0 0
BinVal : 2 2     0.466667 0.0743698 0.0743698 0 0
BinVal : 2 3     0.615385 0.134932 0.134932 0 0
BinVal : 2 4     0.777778 0.13858 0.13858 0 0
BinVal : 2 5     0.789474 0.0935288 0.0935288 0 0
BinVal : 2 6     0.892308 0.0384497 0.0384497 0 0
BinVal : 2 7     0.923077 0.0522589 0.0522589 0 0
BinVal : 2 8     0.814815 0.0747568 0.0747568 0 0
BinVal : 2 9     0.859649 0.0460077 0.0460077 0 0
BinVal : 2 10     0.768293 0.0465936 0.0465936 0 0
BinVal : 2 11     0.810127 0.044126 0.044126 0 0
BinVal : 2 12     0.830769 0.0465075 0.0465075 0 0
BinVal : 2 13     0.766234 0.048231 0.048231 0 0
BinVal : 2 14     0.839506 0.0407848 0.0407848 0 0
BinVal : 2 15     0.75 0.0484123 0.0484123 0 0
BinVal : 2 16     0.636364 0.0592126 0.0592126 0 0
BinVal : 2 17     0.692308 0.0522589 0.0522589 0 0
BinVal : 2 18     0.82 0.0543323 0.0543323 0 0
BinVal : 2 19     1 0.0148902 0.0148902 0 0
BinVal : 2 20     0.882353 0.0552551 0.0552551 0 0
BinVal : 2 21     0.849057 0.0491742 0.0491742 0 0
BinVal : 2 22     0.928571 0.0688303 0.0688303 0 0
BinVal : 2 23     1 0.0668855 0.0668855 0 0
BinVal : 2 24     0.7 0.144914 0.144914 0 0
BinVal : 2 25     0.487179 0.0800378 0.0800378 0 0
BinVal : 2 26     0.25 0.108253 0.108253 0 0
BinVal : 3 1     0.444444 0.165635 0.165635 0 0
BinVal : 3 2     0.5 0.111803 0.111803 0 0
BinVal : 3 3     0.75 0.216506 0.216506 0 0
BinVal : 3 4     1 0.0756803 0.0756803 0 0
BinVal : 3 5     0.769231 0.116855 0.116855 0 0
BinVal : 3 6     0.933333 0.045542 0.045542 0 0
BinVal : 3 7     0.9375 0.0605154 0.0605154 0 0
BinVal : 3 8     0.833333 0.087841 0.087841 0 0
BinVal : 3 9     0.621622 0.0797307 0.0797307 0 0
BinVal : 3 10     0.6 0.0894427 0.0894427 0 0
BinVal : 3 11     0.681818 0.0702175 0.0702175 0 0
BinVal : 3 12     0.72549 0.0624899 0.0624899 0 0
BinVal : 3 13     0.875 0.0477352 0.0477352 0 0
BinVal : 3 14     0.75 0.0600481 0.0600481 0 0
BinVal : 3 15     0.681818 0.0702175 0.0702175 0 0
BinVal : 3 16     0.736842 0.0714338 0.0714338 0 0
BinVal : 3 17     0.52381 0.0770641 0.0770641 0 0
BinVal : 3 18     0.725 0.0706001 0.0706001 0 0
BinVal : 3 19     0.333333 0.157135 0.157135 0 0
BinVal : 3 20     0.925926 0.050401 0.050401 0 0
BinVal : 3 21     0.888889 0.0468486 0.0468486 0 0
BinVal : 3 22     0.875 0.116927 0.116927 0 0
BinVal : 3 23     1 0.102643 0.102643 0 0
BinVal : 3 24     0.545455 0.150131 0.150131 0 0
BinVal : 3 25     0.2 0.10328 0.10328 0 0
BinVal : 3 26     0.611111 0.114904 0.114904 0 0
BinVal : 4 1     0.285714 0.170747 0.170747 0 0
BinVal : 4 2     0.473684 0.114549 0.114549 0 0
BinVal : 4 3     0.75 0.216506 0.216506 0 0
BinVal : 4 4     0.833333 0.152145 0.152145 0 0
BinVal : 4 5     0.846154 0.100068 0.100068 0 0
BinVal : 4 6     0.90625 0.051527 0.051527 0 0
BinVal : 4 7     0.809524 0.0856891 0.0856891 0 0
BinVal : 4 8     1 0.0871301 0.0871301 0 0
BinVal : 4 9     0.615385 0.077903 0.077903 0 0
BinVal : 4 10     0.605263 0.0792929 0.0792929 0 0
BinVal : 4 11     0.7 0.083666 0.083666 0 0
BinVal : 4 12     0.633333 0.0879815 0.0879815 0 0
BinVal : 4 13     0.868421 0.0548361 0.0548361 0 0
BinVal : 4 14     0.628571 0.0816735 0.0816735 0 0
BinVal : 4 15     0.541667 0.101707 0.101707 0 0
BinVal : 4 16     0.75 0.0818317 0.0818317 0 0
BinVal : 4 17     0.638889 0.0800538 0.0800538 0 0
BinVal : 4 18     0.741935 0.0785898 0.0785898 0 0
BinVal : 4 19     0.545455 0.150131 0.150131 0 0
BinVal : 4 20     0.777778 0.0979908 0.0979908 0 0
BinVal : 4 21     0.921053 0.0437441 0.0437441 0 0
BinVal : 4 22     1 0.0422902 0.0422902 0 0
BinVal : 4 23     1 0.0668855 0.0668855 0 0
BinVal : 4 24     1 0.0756803 0.0756803 0 0
BinVal : 4 25     0.380952 0.105971 0.105971 0 0
BinVal : 4 26     0.615385 0.134932 0.134932 0 0
BinVal : 5 1     0.6 0.154919 0.154919 0 0
BinVal : 5 2     0.411765 0.0844035 0.0844035 0 0
BinVal : 5 3     0.615385 0.134932 0.134932 0 0
BinVal : 5 4     0.866667 0.0877707 0.0877707 0 0
BinVal : 5 5     0.714286 0.0985808 0.0985808 0 0
BinVal : 5 6     0.897959 0.0432431 0.0432431 0 0
BinVal : 5 7     0.909091 0.0500438 0.0500438 0 0
BinVal : 5 8     0.942857 0.0392347 0.0392347 0 0
BinVal : 5 9     0.824561 0.0503775 0.0503775 0 0
BinVal : 5 10     0.821429 0.041788 0.041788 0 0
BinVal : 5 11     0.768116 0.0508071 0.0508071 0 0
BinVal : 5 12     0.73913 0.0647431 0.0647431 0 0
BinVal : 5 13     0.90411 0.0344617 0.0344617 0 0
BinVal : 5 14     0.828947 0.0431938 0.0431938 0 0
BinVal : 5 15     0.666667 0.0727393 0.0727393 0 0
BinVal : 5 16     0.686747 0.0509105 0.0509105 0 0
BinVal : 5 17     0.720588 0.0544141 0.0544141 0 0
BinVal : 5 18     0.685185 0.0632026 0.0632026 0 0
BinVal : 5 19     0.878049 0.0511047 0.0511047 0 0
BinVal : 5 20     0.794118 0.0693446 0.0693446 0 0
BinVal : 5 21     0.92 0.0383667 0.0383667 0 0
BinVal : 5 22     0.888889 0.0740741 0.0740741 0 0
BinVal : 5 23     1 0.0542655 0.0542655 0 0
BinVal : 5 24     0.777778 0.13858 0.13858 0 0
BinVal : 5 25     0.448276 0.0923495 0.0923495 0 0
BinVal : 5 26     0.428571 0.187044 0.187044 0 0
BinVal : 6 1     0.6 0.109545 0.109545 0 0
BinVal : 6 2     0.488889 0.0745172 0.0745172 0 0
BinVal : 6 3     0.294118 0.11051 0.11051 0 0
BinVal : 6 4     0.533333 0.128812 0.128812 0 0
BinVal : 6 5     0.793103 0.0752216 0.0752216 0 0
BinVal : 6 6     0.936508 0.0307217 0.0307217 0 0
BinVal : 6 7     0.93617 0.0356566 0.0356566 0 0
BinVal : 6 8     0.978261 0.0215015 0.0215015 0 0
BinVal : 6 9     0.793651 0.0509854 0.0509854 0 0
BinVal : 6 10     0.819277 0.042236 0.042236 0 0
BinVal : 6 11     0.726316 0.0457431 0.0457431 0 0
BinVal : 6 12     0.910112 0.0303181 0.0303181 0 0
BinVal : 6 13     0.643678 0.0513447 0.0513447 0 0
BinVal : 6 14     0.82 0.0384187 0.0384187 0 0
BinVal : 6 15     0.730159 0.0559233 0.0559233 0 0
BinVal : 6 16     0.747475 0.043665 0.043665 0 0
BinVal : 6 17     0.763441 0.0440673 0.0440673 0 0
BinVal : 6 18     0.80597 0.0483121 0.0483121 0 0
BinVal : 6 19     0.942857 0.0392347 0.0392347 0 0
BinVal : 6 20     0.916667 0.0460642 0.0460642 0 0
BinVal : 6 21     0.966102 0.02356 0.02356 0 0
BinVal : 6 22     0.969697 0.0298404 0.0298404 0 0
BinVal : 6 23     0.833333 0.107583 0.107583 0 0
BinVal : 6 24     0.470588 0.121058 0.121058 0 0
BinVal : 6 25     0.535714 0.0942498 0.0942498 0 0
BinVal : 6 26     0.555556 0.117121 0.117121 0 0
BinVal : 7 0     0.5 0.353553 0.353553 0 0
BinVal : 7 1     0.424242 0.086034 0.086034 0 0
BinVal : 7 2     0.480769 0.0692862 0.0692862 0 0
BinVal : 7 3     0.7 0.144914 0.144914 0 0
BinVal : 7 4     0.866667 0.0877707 0.0877707 0 0
BinVal : 7 5     0.833333 0.0680414 0.0680414 0 0
BinVal : 7 6     0.9125 0.0315919 0.0315919 0 0
BinVal : 7 7     0.865385 0.0473315 0.0473315 0 0
BinVal : 7 8     0.666667 0.082061 0.082061 0 0
BinVal : 7 9     0.61039 0.0555742 0.0555742 0 0
BinVal : 7 10     0.495146 0.0492641 0.0492641 0 0
BinVal : 7 11     0.814433 0.0394723 0.0394723 0 0
BinVal : 7 12     0.784615 0.0360549 0.0360549 0 0
BinVal : 7 13     0.633027 0.0461652 0.0461652 0 0
BinVal : 7 14     0.818182 0.0367745 0.0367745 0 0
BinVal : 7 15     0.734513 0.0415415 0.0415415 0 0
BinVal : 7 16     0.813187 0.0408581 0.0408581 0 0
BinVal : 7 17     0.630631 0.0458096 0.0458096 0 0
BinVal : 7 18     0.755556 0.0453004 0.0453004 0 0
BinVal : 7 19     0.574468 0.0721191 0.0721191 0 0
BinVal : 7 20     0.975 0.0246855 0.0246855 0 0
BinVal : 7 21     0.935897 0.0277335 0.0277335 0 0
BinVal : 7 22     0.941176 0.0403526 0.0403526 0 0
BinVal : 7 23     0.85 0.0798436 0.0798436 0 0
BinVal : 7 24     0.647059 0.115904 0.115904 0 0
BinVal : 7 25     0.52 0.0706541 0.0706541 0 0
BinVal : 7 26     0.358974 0.0768134 0.0768134 0 0
BinVal : 8 0     0.333333 0.272166 0.272166 0 0
BinVal : 8 1     0.475 0.0789581 0.0789581 0 0
BinVal : 8 2     0.5 0.0721688 0.0721688 0 0
BinVal : 8 3     0.545455 0.106159 0.106159 0 0
BinVal : 8 4     0.95 0.048734 0.048734 0 0
BinVal : 8 5     0.906977 0.0442955 0.0442955 0 0
BinVal : 8 6     0.9625 0.0212408 0.0212408 0 0
BinVal : 8 7     0.901961 0.0416398 0.0416398 0 0
BinVal : 8 8     0.777778 0.06929 0.06929 0 0
BinVal : 8 9     0.797872 0.0414205 0.0414205 0 0
BinVal : 8 10     0.710843 0.0497639 0.0497639 0 0
BinVal : 8 11     0.836207 0.0343618 0.0343618 0 0
BinVal : 8 12     0.888889 0.0302406 0.0302406 0 0
BinVal : 8 13     0.579365 0.0439788 0.0439788 0 0
BinVal : 8 14     0.859259 0.0299299 0.0299299 0 0
BinVal : 8 15     0.853211 0.033897 0.033897 0 0
BinVal : 8 16     0.875 0.0369755 0.0369755 0 0
BinVal : 8 17     0.642105 0.0491834 0.0491834 0 0
BinVal : 8 18     0.707865 0.0482028 0.0482028 0 0
BinVal : 8 19     0.673077 0.0650509 0.0650509 0 0
BinVal : 8 20     0.901639 0.0381296 0.0381296 0 0
BinVal : 8 21     0.958904 0.0232341 0.0232341 0 0
BinVal : 8 22     0.904762 0.0452948 0.0452948 0 0
BinVal : 8 23     0.888889 0.0740741 0.0740741 0 0
BinVal : 8 24     0.411765 0.119365 0.119365 0 0
BinVal : 8 25     0.53125 0.0623778 0.0623778 0 0
BinVal : 8 26     0.409091 0.0741215 0.0741215 0 0
BinVal : 8 27     0.666667 0.272166 0.272166 0 0
BinVal : 9 1     0.304348 0.0959439 0.0959439 0 0
BinVal : 9 2     0.340426 0.0691185 0.0691185 0 0
BinVal : 9 3     0.833333 0.107583 0.107583 0 0
BinVal : 9 4     0.913043 0.0587534 0.0587534 0 0
BinVal : 9 5     0.95 0.0344601 0.0344601 0 0
BinVal : 9 6     0.966667 0.0189215 0.0189215 0 0
BinVal : 9 7     0.944444 0.0381769 0.0381769 0 0
BinVal : 9 8     0.935484 0.0441237 0.0441237 0 0
BinVal : 9 9     0.784314 0.0575932 0.0575932 0 0
BinVal : 9 10     0.689189 0.0538024 0.0538024 0 0
BinVal : 9 11     0.683168 0.0462932 0.0462932 0 0
BinVal : 9 12     0.741935 0.0453739 0.0453739 0 0
BinVal : 9 13     0.59633 0.0469941 0.0469941 0 0
BinVal : 9 14     0.807018 0.0369614 0.0369614 0 0
BinVal : 9 15     0.792453 0.0393906 0.0393906 0 0
BinVal : 9 16     0.627907 0.0521224 0.0521224 0 0
BinVal : 9 17     0.761194 0.0520874 0.0520874 0 0
BinVal : 9 18     0.710145 0.0546185 0.0546185 0 0
BinVal : 9 19     0.895833 0.0440918 0.0440918 0 0
BinVal : 9 20     0.978261 0.0215015 0.0215015 0 0
BinVal : 9 21     0.953125 0.0264214 0.0264214 0 0
BinVal : 9 22     1 0.0157046 0.0157046 0 0
BinVal : 9 23     0.818182 0.116291 0.116291 0 0
BinVal : 9 24     0.777778 0.13858 0.13858 0 0
BinVal : 9 25     0.642857 0.0739356 0.0739356 0 0
BinVal : 9 26     0.5 0.117851 0.117851 0 0
BinVal : 9 27     1 0.218486 0.218486 0 0
BinVal : 10 1     0.4375 0.12402 0.12402 0 0
BinVal : 10 2     0.333333 0.06415 0.06415 0 0
BinVal : 10 3     0.6875 0.115878 0.115878 0 0
BinVal : 10 4     0.888889 0.0740741 0.0740741 0 0
BinVal : 10 5     0.848485 0.0624156 0.0624156 0 0
BinVal : 10 6     0.884615 0.0361746 0.0361746 0 0
BinVal : 10 7     0.540541 0.0819288 0.0819288 0 0
BinVal : 10 8     0.0512821 0.0353199 0.0353199 0 0
BinVal : 10 9     0.36036 0.0455695 0.0455695 0 0
BinVal : 10 10     0.183673 0.0391149 0.0391149 0 0
BinVal : 10 11     0.560345 0.0460845 0.0460845 0 0
BinVal : 10 12     0.710526 0.0424759 0.0424759 0 0
BinVal : 10 13     0.790323 0.0365567 0.0365567 0 0
BinVal : 10 14     0.804878 0.0357327 0.0357327 0 0
BinVal : 10 15     0.646018 0.0449856 0.0449856 0 0
BinVal : 10 16     0.440298 0.0428844 0.0428844 0 0
BinVal : 10 17     0.126437 0.0356307 0.0356307 0 0
BinVal : 10 18     0.308411 0.0446475 0.0446475 0 0
BinVal : 10 19     0.0857143 0.0473188 0.0473188 0 0
BinVal : 10 20     0.333333 0.0907218 0.0907218 0 0
BinVal : 10 21     0.962025 0.0215044 0.0215044 0 0
BinVal : 10 22     0.939394 0.041536 0.041536 0 0
BinVal : 10 23     1 0.0309157 0.0309157 0 0
BinVal : 10 24     0.666667 0.111111 0.111111 0 0
BinVal : 10 25     0.441176 0.0602128 0.0602128 0 0
BinVal : 10 26     0.541667 0.101707 0.101707 0 0
BinVal : 11 0     0.666667 0.272166 0.272166 0 0
BinVal : 11 1     0.4 0.0828079 0.0828079 0 0
BinVal : 11 2     0.377358 0.0665822 0.0665822 0 0
BinVal : 11 3     0.846154 0.100068 0.100068 0 0
BinVal : 11 4     0.9 0.0948683 0.0948683 0 0
BinVal : 11 5     0.923077 0.0426692 0.0426692 0 0
BinVal : 11 6     0.72619 0.048653 0.048653 0 0
BinVal : 11 13     0.0123457 0.0122692 0.0122692 0 0
BinVal : 11 19     0.0222222 0.0219739 0.0219739 0 0
BinVal : 11 21     0.771429 0.0501891 0.0501891 0 0
BinVal : 11 22     0.951219 0.0336412 0.0336412 0 0
BinVal : 11 23     0.85 0.0798436 0.0798436 0 0
BinVal : 11 24     0.818182 0.116291 0.116291 0 0
BinVal : 11 25     0.463415 0.0778776 0.0778776 0 0
BinVal : 11 26     0.5 0.0790569 0.0790569 0 0
BinVal : 12 0     1 0.218486 0.218486 0 0
BinVal : 12 1     0.5 0.0912871 0.0912871 0 0
BinVal : 12 2     0.475 0.0789581 0.0789581 0 0
BinVal : 12 3     0.857143 0.093522 0.093522 0 0
BinVal : 12 4     0.583333 0.142319 0.142319 0 0
BinVal : 12 5     0.911765 0.0486433 0.0486433 0 0
BinVal : 12 6     0.725806 0.0566556 0.0566556 0 0
BinVal : 12 12     0.0114943 0.011428 0.011428 0 0
BinVal : 12 15     0.0108696 0.0108103 0.0108103 0 0
BinVal : 12 17     0.0181818 0.0180158 0.0180158 0 0
BinVal : 12 21     0.731343 0.0541529 0.0541529 0 0
BinVal : 12 22     0.948718 0.0353199 0.0353199 0 0
BinVal : 12 23     0.8125 0.0975781 0.0975781 0 0
BinVal : 12 24     0.888889 0.104757 0.104757 0 0
BinVal : 12 25     0.428571 0.06613 0.06613 0 0
BinVal : 12 26     0.5 0.0693375 0.0693375 0 0
BinVal : 13 1     0.5 0.111803 0.111803 0 0
BinVal : 13 2     0.5 0.0721688 0.0721688 0 0
BinVal : 13 3     0.727273 0.134282 0.134282 0 0
BinVal : 13 4     0.842105 0.0836547 0.0836547 0 0
BinVal : 13 5     0.952381 0.0464714 0.0464714 0 0
BinVal : 13 6     0.943182 0.0246774 0.0246774 0 0
BinVal : 13 7     0.552632 0.0806601 0.0806601 0 0
BinVal : 13 8     0.186047 0.0593439 0.0593439 0 0
BinVal : 13 9     0.287356 0.0485162 0.0485162 0 0
BinVal : 13 10     0.105263 0.035203 0.035203 0 0
BinVal : 13 11     0.456897 0.046251 0.046251 0 0
BinVal : 13 12     0.730435 0.0413784 0.0413784 0 0
BinVal : 13 13     0.724409 0.0396481 0.0396481 0 0
BinVal : 13 14     0.713235 0.0387802 0.0387802 0 0
BinVal : 13 15     0.643564 0.0476569 0.0476569 0 0
BinVal : 13 16     0.468254 0.0444537 0.0444537 0 0
BinVal : 13 17     0.0804598 0.0291619 0.0291619 0 0
BinVal : 13 18     0.194805 0.0451342 0.0451342 0 0
BinVal : 13 19     0.190476 0.0605913 0.0605913 0 0
BinVal : 13 20     0.567568 0.0814455 0.0814455 0 0
BinVal : 13 21     0.933333 0.0288033 0.0288033 0 0
BinVal : 13 22     0.921053 0.0437441 0.0437441 0 0
BinVal : 13 23     0.913043 0.0587534 0.0587534 0 0
BinVal : 13 24     0.636364 0.145041 0.145041 0 0
BinVal : 13 25     0.369565 0.0711683 0.0711683 0 0
BinVal : 13 26     0.516129 0.0897559 0.0897559 0 0
BinVal : 14 0     0.5 0.353553 0.353553 0 0
BinVal : 14 1     0.56 0.0992774 0.0992774 0 0
BinVal : 14 2     0.595238 0.0757392 0.0757392 0 0
BinVal : 14 3     0.3 0.10247 0.10247 0 0
BinVal : 14 4     0.764706 0.102879 0.102879 0 0
BinVal : 14 5     0.964286 0.0350707 0.0350707 0 0
BinVal : 14 6     0.8875 0.0353277 0.0353277 0 0
BinVal : 14 7     0.843137 0.0509242 0.0509242 0 0
BinVal : 14 8     0.892857 0.0413313 0.0413313 0 0
BinVal : 14 9     0.631579 0.0638923 0.0638923 0 0
BinVal : 14 10     0.705882 0.0552551 0.0552551 0 0
BinVal : 14 11     0.663717 0.0444431 0.0444431 0 0
BinVal : 14 12     0.712766 0.0466689 0.0466689 0 0
BinVal : 14 13     0.827273 0.036042 0.036042 0 0
BinVal : 14 14     0.623762 0.0482037 0.0482037 0 0
BinVal : 14 15     0.68932 0.0455983 0.0455983 0 0
BinVal : 14 16     0.647619 0.0466199 0.0466199 0 0
BinVal : 14 17     0.553398 0.0489847 0.0489847 0 0
BinVal : 14 18     0.774194 0.0531003 0.0531003 0 0
BinVal : 14 19     0.770833 0.0606646 0.0606646 0 0
BinVal : 14 20     0.880952 0.0499703 0.0499703 0 0
BinVal : 14 21     0.909091 0.0327614 0.0327614 0 0
BinVal : 14 22     0.863636 0.0517355 0.0517355 0 0
BinVal : 14 23     0.875 0.0826797 0.0826797 0 0
BinVal : 14 24     0.666667 0.111111 0.111111 0 0
BinVal : 14 25     0.520833 0.0721061 0.0721061 0 0
BinVal : 14 26     0.357143 0.12806 0.12806 0 0
BinVal : 15 0     0.5 0.353553 0.353553 0 0
BinVal : 15 1     0.5 0.0771517 0.0771517 0 0
BinVal : 15 2     0.536585 0.0778776 0.0778776 0 0
BinVal : 15 3     0.583333 0.142319 0.142319 0 0
BinVal : 15 4     0.941176 0.0570672 0.0570672 0 0
BinVal : 15 5     0.930233 0.0388497 0.0388497 0 0
BinVal : 15 6     0.88764 0.0334756 0.0334756 0 0
BinVal : 15 7     0.957447 0.0294425 0.0294425 0 0
BinVal : 15 8     0.745098 0.0610251 0.0610251 0 0
BinVal : 15 9     0.710526 0.0520221 0.0520221 0 0
BinVal : 15 10     0.463415 0.0550678 0.0550678 0 0
BinVal : 15 11     0.84 0.0366606 0.0366606 0 0
BinVal : 15 12     0.798165 0.0384442 0.0384442 0 0
BinVal : 15 13     0.843478 0.0338825 0.0338825 0 0
BinVal : 15 14     0.838462 0.0322781 0.0322781 0 0
BinVal : 15 15     0.735537 0.0400952 0.0400952 0 0
BinVal : 15 16     0.872727 0.0317768 0.0317768 0 0
BinVal : 15 17     0.585859 0.0495055 0.0495055 0 0
BinVal : 15 18     0.72043 0.0465371 0.0465371 0 0
BinVal : 15 19     0.658537 0.0740577 0.0740577 0 0
BinVal : 15 20     0.918033 0.0351224 0.0351224 0 0
BinVal : 15 21     0.929412 0.0277818 0.0277818 0 0
BinVal : 15 22     0.901961 0.0416398 0.0416398 0 0
BinVal : 15 23     0.892857 0.0584512 0.0584512 0 0
BinVal : 15 24     0.764706 0.102879 0.102879 0 0
BinVal : 15 25     0.563636 0.0668717 0.0668717 0 0
BinVal : 15 26     0.484848 0.0869989 0.0869989 0 0
BinVal : 15 27     0.666667 0.272166 0.272166 0 0


Comments : includes prescale inefficiency, cosmic veto applied 
EffMethod : TagAndProbe 
EffName : eff 
EffType : Binned 
EffVarNames : phi deteta 
EffVersion : 5 
ObjQuality : SingleMuonTriggersOR-AND-MuFromMuJets 
ObjRelativeTo : medium_trackmedium_iso_TrkTightScaled 
ObjType : MuANDSingleMuonOR 
ObjVersion : 1 
RunRangeHigh : -1 
RunRangeLow : -1 
TriggerVersionHigh : 14.6 
TriggerVersionLow : 14 
BinEdges1 : 0 0.3927 0.7854 1.1781 1.5708 1.9635 2.3562 2.7489 3.1416 3.5343 3.927 4.3197 4.7124 5.1051 5.4978 5.8905 6.2832 
BinEdges2 : -2.2 -2 -1.8 -1.6 -1.55 -1.5 -1.4 -1.2 -1.1 -1 -0.8 -0.6 -0.4 -0.2 0 0.2 0.4 0.6 0.8 1 1.1 1.2 1.4 1.5 1.55 1.6 1.8 2 2.2 
BinVal : 0 1     0.0769231 0.0522589 0.0522589 0 0
BinVal : 0 2     0.114286 0.0537785 0.0537785 0 0
BinVal : 0 4     0.833333 0.152145 0.152145 0 0
BinVal : 0 5     0.894737 0.0704059 0.0704059 0 0
BinVal : 0 6     0.813953 0.0593439 0.0593439 0 0
BinVal : 0 7     0.7 0.10247 0.10247 0 0
BinVal : 0 8     0.807692 0.077292 0.077292 0 0
BinVal : 0 9     0.805556 0.0659621 0.0659621 0 0
BinVal : 0 10     0.612903 0.0874832 0.0874832 0 0
BinVal : 0 11     0.826087 0.0558856 0.0558856 0 0
BinVal : 0 12     0.819444 0.0453314 0.0453314 0 0
BinVal : 0 13     0.784615 0.0509893 0.0509893 0 0
BinVal : 0 14     0.742424 0.0538278 0.0538278 0 0
BinVal : 0 15     0.68 0.0659697 0.0659697 0 0
BinVal : 0 16     0.740741 0.0596353 0.0596353 0 0
BinVal : 0 17     0.574074 0.0672906 0.0672906 0 0
BinVal : 0 18     0.594595 0.080715 0.080715 0 0
BinVal : 0 19     0.454545 0.106159 0.106159 0 0
BinVal : 0 20     0.935484 0.0441237 0.0441237 0 0
BinVal : 0 21     0.837838 0.0605974 0.0605974 0 0
BinVal : 0 22     0.964286 0.0350707 0.0350707 0 0
BinVal : 0 23     0.75 0.125 0.125 0 0
BinVal : 0 24     0.4 0.154919 0.154919 0 0
BinVal : 0 25     0.0645161 0.0441237 0.0441237 0 0
BinVal : 0 26     0.107143 0.0584512 0.0584512 0 0
BinVal : 1 2     0.047619 0.0464714 0.0464714 0 0
BinVal : 1 4     0.571429 0.187044 0.187044 0 0
BinVal : 1 5     0.588235 0.119365 0.119365 0 0
BinVal : 1 6     0.634615 0.0667773 0.0667773 0 0
BinVal : 1 7     0.777778 0.0800091 0.0800091 0 0
BinVal : 1 8     0.761905 0.0929429 0.0929429 0 0
BinVal : 1 9     0.666667 0.0860663 0.0860663 0 0
BinVal : 1 10     0.577778 0.0736283 0.0736283 0 0
BinVal : 1 11     0.487805 0.0780637 0.0780637 0 0
BinVal : 1 12     0.673469 0.066992 0.066992 0 0
BinVal : 1 13     0.631579 0.0638923 0.0638923 0 0
BinVal : 1 14     0.529412 0.0698928 0.0698928 0 0
BinVal : 1 15     0.542857 0.0842044 0.0842044 0 0
BinVal : 1 16     0.578947 0.0800933 0.0800933 0 0
BinVal : 1 17     0.55102 0.0710557 0.0710557 0 0
BinVal : 1 18     0.708333 0.0927805 0.0927805 0 0
BinVal : 1 19     0.772727 0.0893461 0.0893461 0 0
BinVal : 1 20     0.681818 0.0993026 0.0993026 0 0
BinVal : 1 21     0.722222 0.0746505 0.0746505 0 0
BinVal : 1 22     0.571429 0.13226 0.13226 0 0
BinVal : 1 23     0.25 0.216506 0.216506 0 0
BinVal : 1 24     0.333333 0.136083 0.136083 0 0
BinVal : 1 25     0.0555556 0.0381769 0.0381769 0 0
BinVal : 1 26     0.153846 0.100068 0.100068 0 0
BinVal : 2 0     1 0.218486 0.218486 0 0
BinVal : 2 1     0.166667 0.107583 0.107583 0 0
BinVal : 2 2     0.222222 0.13858 0.13858 0 0
BinVal : 2 3     0.5 0.25 0.25 0 0
BinVal : 2 4     0.7 0.144914 0.144914 0 0
BinVal : 2 5     0.857143 0.13226 0.13226 0 0
BinVal : 2 6     0.913043 0.0587534 0.0587534 0 0
BinVal : 2 7     0.777778 0.0979908 0.0979908 0 0
BinVal : 2 8     0.75 0.125 0.125 0 0
BinVal : 2 9     0.666667 0.102869 0.102869 0 0
BinVal : 2 10     0.69697 0.0800006 0.0800006 0 0
BinVal : 2 11     0.710526 0.0735703 0.0735703 0 0
BinVal : 2 12     0.75 0.0818317 0.0818317 0 0
BinVal : 2 13     0.708333 0.0656057 0.0656057 0 0
BinVal : 2 14     0.711111 0.0675659 0.0675659 0 0
BinVal : 2 15     0.615385 0.0954113 0.0954113 0 0
BinVal : 2 16     0.73913 0.0915605 0.0915605 0 0
BinVal : 2 17     0.594595 0.080715 0.080715 0 0
BinVal : 2 18     0.652174 0.0993113 0.0993113 0 0
BinVal : 2 19     0.888889 0.104757 0.104757 0 0
BinVal : 2 20     0.909091 0.0866784 0.0866784 0 0
BinVal : 2 21     0.888889 0.0604812 0.0604812 0 0
BinVal : 2 22     0.923077 0.0739053 0.0739053 0 0
BinVal : 2 23     0.5 0.204124 0.204124 0 0
BinVal : 2 24     0.166667 0.152145 0.152145 0 0
BinVal : 2 25     0.0526316 0.0512278 0.0512278 0 0
BinVal : 3 2     0.0909091 0.0866784 0.0866784 0 0
BinVal : 3 4     0.666667 0.272166 0.272166 0 0
BinVal : 3 5     0.625 0.171163 0.171163 0 0
BinVal : 3 6     0.866667 0.0877707 0.0877707 0 0
BinVal : 3 7     0.875 0.116927 0.116927 0 0
BinVal : 3 8     1 0.0756803 0.0756803 0 0
BinVal : 3 9     0.75 0.125 0.125 0 0
BinVal : 3 10     0.615385 0.134932 0.134932 0 0
BinVal : 3 11     0.6 0.126491 0.126491 0 0
BinVal : 3 12     0.578947 0.113269 0.113269 0 0
BinVal : 3 13     0.6875 0.115878 0.115878 0 0
BinVal : 3 14     0.705882 0.11051 0.11051 0 0
BinVal : 3 15     0.769231 0.116855 0.116855 0 0
BinVal : 3 16     0.65 0.106654 0.106654 0 0
BinVal : 3 17     0.625 0.121031 0.121031 0 0
BinVal : 3 18     0.454545 0.106159 0.106159 0 0
BinVal : 3 19     0.25 0.216506 0.216506 0 0
BinVal : 3 20     0.875 0.116927 0.116927 0 0
BinVal : 3 21     0.823529 0.0924594 0.0924594 0 0
BinVal : 3 22     0.5 0.25 0.25 0 0
BinVal : 3 25     0.111111 0.104757 0.104757 0 0
BinVal : 3 26     0.666667 0.19245 0.19245 0 0
BinVal : 4 3     0.666667 0.272166 0.272166 0 0
BinVal : 4 4     1 0.159077 0.159077 0 0
BinVal : 4 5     0.571429 0.187044 0.187044 0 0
BinVal : 4 6     0.833333 0.107583 0.107583 0 0
BinVal : 4 7     0.5 0.176777 0.176777 0 0
BinVal : 4 8     1 0.102643 0.102643 0 0
BinVal : 4 9     0.625 0.121031 0.121031 0 0
BinVal : 4 10     0.6 0.109545 0.109545 0 0
BinVal : 4 11     0.428571 0.13226 0.13226 0 0
BinVal : 4 12     0.588235 0.119365 0.119365 0 0
BinVal : 4 13     0.681818 0.0993026 0.0993026 0 0
BinVal : 4 14     0.7 0.144914 0.144914 0 0
BinVal : 4 15     0.25 0.153093 0.153093 0 0
BinVal : 4 16     0.866667 0.0877707 0.0877707 0 0
BinVal : 4 17     0.461538 0.138264 0.138264 0 0
BinVal : 4 18     0.375 0.121031 0.121031 0 0
BinVal : 4 19     0.666667 0.19245 0.19245 0 0
BinVal : 4 20     0.75 0.125 0.125 0 0
BinVal : 4 21     0.875 0.0826797 0.0826797 0 0
BinVal : 4 22     1 0.218486 0.218486 0 0
BinVal : 4 25     0.166667 0.152145 0.152145 0 0
BinVal : 4 26     0.166667 0.152145 0.152145 0 0
BinVal : 5 1     0.2 0.178885 0.178885 0 0
BinVal : 5 3     0.2 0.178885 0.178885 0 0
BinVal : 5 4     0.5 0.176777 0.176777 0 0
BinVal : 5 5     0.5 0.176777 0.176777 0 0
BinVal : 5 6     0.870968 0.0602101 0.0602101 0 0
BinVal : 5 7     0.714286 0.120736 0.120736 0 0
BinVal : 5 8     0.923077 0.0739053 0.0739053 0 0
BinVal : 5 9     0.588235 0.119365 0.119365 0 0
BinVal : 5 10     0.766667 0.0772202 0.0772202 0 0
BinVal : 5 11     0.75 0.0818317 0.0818317 0 0
BinVal : 5 12     0.76 0.0854166 0.0854166 0 0
BinVal : 5 13     0.810811 0.0643883 0.0643883 0 0
BinVal : 5 14     0.64 0.096 0.096 0 0
BinVal : 5 15     0.666667 0.136083 0.136083 0 0
BinVal : 5 16     0.580645 0.0886269 0.0886269 0 0
BinVal : 5 17     0.72973 0.0730095 0.0730095 0 0
BinVal : 5 18     0.85 0.0798436 0.0798436 0 0
BinVal : 5 19     0.789474 0.0935288 0.0935288 0 0
BinVal : 5 20     0.454545 0.150131 0.150131 0 0
BinVal : 5 21     0.903226 0.0531003 0.0531003 0 0
BinVal : 5 22     0.555556 0.165635 0.165635 0 0
BinVal : 5 23     0.833333 0.152145 0.152145 0 0
BinVal : 5 24     0.571429 0.187044 0.187044 0 0
BinVal : 6 1     0.142857 0.13226 0.13226 0 0
BinVal : 6 2     0.142857 0.13226 0.13226 0 0
BinVal : 6 4     0.666667 0.19245 0.19245 0 0
BinVal : 6 5     0.583333 0.142319 0.142319 0 0
BinVal : 6 6     0.952381 0.0464714 0.0464714 0 0
BinVal : 6 7     0.9375 0.0605154 0.0605154 0 0
BinVal : 6 8     0.941176 0.0570672 0.0570672 0 0
BinVal : 6 9     0.807692 0.077292 0.077292 0 0
BinVal : 6 10     0.723404 0.0652476 0.0652476 0 0
BinVal : 6 11     0.647059 0.0669172 0.0669172 0 0
BinVal : 6 12     0.75 0.0721688 0.0721688 0 0
BinVal : 6 13     0.65 0.0754155 0.0754155 0 0
BinVal : 6 14     0.482759 0.0927925 0.0927925 0 0
BinVal : 6 15     0.708333 0.0927805 0.0927805 0 0
BinVal : 6 16     0.740741 0.084337 0.084337 0 0
BinVal : 6 17     0.857143 0.06613 0.06613 0 0
BinVal : 6 18     0.708333 0.0927805 0.0927805 0 0
BinVal : 6 19     0.925926 0.050401 0.050401 0 0
BinVal : 6 20     0.933333 0.0644061 0.0644061 0 0
BinVal : 6 21     0.918919 0.0448743 0.0448743 0 0
BinVal : 6 22     1 0.0756803 0.0756803 0 0
BinVal : 6 23     0.666667 0.272166 0.272166 0 0
BinVal : 6 25     0.0588235 0.0570672 0.0570672 0 0
BinVal : 7 1     0.047619 0.0464714 0.0464714 0 0
BinVal : 7 2     0.2 0.0894427 0.0894427 0 0
BinVal : 7 3     0.142857 0.13226 0.13226 0 0
BinVal : 7 4     0.363636 0.145041 0.145041 0 0
BinVal : 7 5     0.9 0.0948683 0.0948683 0 0
BinVal : 7 6     0.942857 0.0392347 0.0392347 0 0
BinVal : 7 7     0.8125 0.0975781 0.0975781 0 0
BinVal : 7 8     0.6875 0.115878 0.115878 0 0
BinVal : 7 9     0.615385 0.077903 0.077903 0 0
BinVal : 7 10     0.5 0.0771517 0.0771517 0 0
BinVal : 7 11     0.878788 0.0568144 0.0568144 0 0
BinVal : 7 12     0.76 0.0603987 0.0603987 0 0
BinVal : 7 13     0.516667 0.0645139 0.0645139 0 0
BinVal : 7 14     0.619048 0.0749329 0.0749329 0 0
BinVal : 7 15     0.547619 0.076801 0.076801 0 0
BinVal : 7 16     0.820513 0.0614507 0.0614507 0 0
BinVal : 7 17     0.584906 0.0676828 0.0676828 0 0
BinVal : 7 18     0.558824 0.0851538 0.0851538 0 0
BinVal : 7 19     0.695652 0.0959439 0.0959439 0 0
BinVal : 7 20     0.916667 0.0564169 0.0564169 0 0
BinVal : 7 21     0.829268 0.0587642 0.0587642 0 0
BinVal : 7 22     0.857143 0.0763604 0.0763604 0 0
BinVal : 7 23     0.714286 0.170747 0.170747 0 0
BinVal : 7 24     0.25 0.153093 0.153093 0 0
BinVal : 7 25     0.0416667 0.0407894 0.0407894 0 0
BinVal : 7 26     0.1 0.067082 0.067082 0 0
BinVal : 8 1     0.25 0.153093 0.153093 0 0
BinVal : 8 2     0.0967742 0.0531003 0.0531003 0 0
BinVal : 8 3     0.142857 0.13226 0.13226 0 0
BinVal : 8 4     1 0.0756803 0.0756803 0 0
BinVal : 8 5     0.8 0.0894427 0.0894427 0 0
BinVal : 8 6     0.966667 0.0327731 0.0327731 0 0
BinVal : 8 7     0.875 0.0675077 0.0675077 0 0
BinVal : 8 8     0.6 0.126491 0.126491 0 0
BinVal : 8 9     0.675676 0.0769588 0.0769588 0 0
BinVal : 8 10     0.755102 0.0614324 0.0614324 0 0
BinVal : 8 11     0.888889 0.0468486 0.0468486 0 0
BinVal : 8 12     0.890625 0.0390136 0.0390136 0 0
BinVal : 8 13     0.660714 0.0632697 0.0632697 0 0
BinVal : 8 14     0.73913 0.0647431 0.0647431 0 0
BinVal : 8 15     0.693878 0.0658402 0.0658402 0 0
BinVal : 8 16     0.895833 0.0440918 0.0440918 0 0
BinVal : 8 17     0.540984 0.063803 0.063803 0 0
BinVal : 8 18     0.645833 0.0690309 0.0690309 0 0
BinVal : 8 19     0.888889 0.0740741 0.0740741 0 0
BinVal : 8 20     0.842105 0.0836547 0.0836547 0 0
BinVal : 8 21     0.97619 0.0235244 0.0235244 0 0
BinVal : 8 22     0.952381 0.0464714 0.0464714 0 0
BinVal : 8 23     0.75 0.153093 0.153093 0 0
BinVal : 8 24     0.125 0.116927 0.116927 0 0
BinVal : 8 25     0.107143 0.0584512 0.0584512 0 0
BinVal : 8 26     0.05 0.048734 0.048734 0 0
BinVal : 9 1     0.1 0.0948683 0.0948683 0 0
BinVal : 9 2     0.1875 0.0975781 0.0975781 0 0
BinVal : 9 3     0.333333 0.157135 0.157135 0 0
BinVal : 9 4     1 0.0756803 0.0756803 0 0
BinVal : 9 5     0.857143 0.093522 0.093522 0 0
BinVal : 9 6     0.952381 0.0464714 0.0464714 0 0
BinVal : 9 7     1 0.0279117 0.0279117 0 0
BinVal : 9 8     1 0.0266185 0.0266185 0 0
BinVal : 9 9     0.78125 0.0730792 0.0730792 0 0
BinVal : 9 10     0.666667 0.0860663 0.0860663 0 0
BinVal : 9 11     0.555556 0.0740741 0.0740741 0 0
BinVal : 9 12     0.674419 0.0714596 0.0714596 0 0
BinVal : 9 13     0.604651 0.0745604 0.0745604 0 0
BinVal : 9 14     0.694444 0.0767737 0.0767737 0 0
BinVal : 9 15     0.641026 0.0768134 0.0768134 0 0
BinVal : 9 16     0.659091 0.0714604 0.0714604 0 0
BinVal : 9 17     0.741935 0.0785898 0.0785898 0 0
BinVal : 9 18     0.678571 0.0882594 0.0882594 0 0
BinVal : 9 19     0.857143 0.0763604 0.0763604 0 0
BinVal : 9 20     1 0.0266185 0.0266185 0 0
BinVal : 9 21     0.928571 0.0486704 0.0486704 0 0
BinVal : 9 22     0.666667 0.19245 0.19245 0 0
BinVal : 9 23     0.916667 0.0797856 0.0797856 0 0
BinVal : 9 24     0.142857 0.13226 0.13226 0 0
BinVal : 9 25     0.0526316 0.0512278 0.0512278 0 0
BinVal : 9 26     0.222222 0.13858 0.13858 0 0
BinVal : 10 1     0.375 0.171163 0.171163 0 0
BinVal : 10 2     0.125 0.0826797 0.0826797 0 0
BinVal : 10 3     0.285714 0.170747 0.170747 0 0
BinVal : 10 4     0.6 0.219089 0.219089 0 0
BinVal : 10 5     0.846154 0.100068 0.100068 0 0
BinVal : 10 6     0.851064 0.0519317 0.0519317 0 0
BinVal : 10 7     0.666667 0.136083 0.136083 0 0
BinVal : 10 8     0.285714 0.0985808 0.0985808 0 0
BinVal : 10 9     0.340909 0.0714604 0.0714604 0 0
BinVal : 10 10     0.142857 0.0539949 0.0539949 0 0
BinVal : 10 11     0.543478 0.0734417 0.0734417 0 0
BinVal : 10 12     0.655172 0.0624115 0.0624115 0 0
BinVal : 10 13     0.727273 0.0600526 0.0600526 0 0
BinVal : 10 14     0.690909 0.0623121 0.0623121 0 0
BinVal : 10 15     0.837838 0.0605974 0.0605974 0 0
BinVal : 10 16     0.577778 0.0736283 0.0736283 0 0
BinVal : 10 17     0.102041 0.0432431 0.0432431 0 0
BinVal : 10 18     0.340426 0.0691185 0.0691185 0 0
BinVal : 10 19     0.12 0.0649923 0.0649923 0 0
BinVal : 10 20     0.785714 0.109664 0.109664 0 0
BinVal : 10 21     0.840909 0.0551405 0.0551405 0 0
BinVal : 10 22     0.9 0.067082 0.067082 0 0
BinVal : 10 23     1 0.124824 0.124824 0 0
BinVal : 10 24     0.75 0.216506 0.216506 0 0
BinVal : 10 25     0.0769231 0.0522589 0.0522589 0 0
BinVal : 10 26     0.166667 0.107583 0.107583 0 0
BinVal : 11 1     0.111111 0.0740741 0.0740741 0 0
BinVal : 11 2     0.172414 0.0701445 0.0701445 0 0
BinVal : 11 3     0.375 0.171163 0.171163 0 0
BinVal : 11 4     0.833333 0.107583 0.107583 0 0
BinVal : 11 5     0.75 0.108253 0.108253 0 0
BinVal : 11 6     0.714286 0.0853735 0.0853735 0 0
BinVal : 11 14     0.0208333 0.0206152 0.0206152 0 0
BinVal : 11 21     0.787879 0.0711647 0.0711647 0 0
BinVal : 11 22     0.888889 0.104757 0.104757 0 0
BinVal : 11 23     0.833333 0.152145 0.152145 0 0
BinVal : 11 24     0.1 0.0948683 0.0948683 0 0
BinVal : 11 25     0.0434783 0.0425226 0.0425226 0 0
BinVal : 11 26     0.0357143 0.0350707 0.0350707 0 0
BinVal : 11 27     1 0.218486 0.218486 0 0
BinVal : 12 1     0.142857 0.093522 0.093522 0 0
BinVal : 12 2     0.047619 0.0464714 0.0464714 0 0
BinVal : 12 3     0.636364 0.145041 0.145041 0 0
BinVal : 12 4     0.909091 0.0866784 0.0866784 0 0
BinVal : 12 5     0.857143 0.093522 0.093522 0 0
BinVal : 12 6     0.689655 0.0859091 0.0859091 0 0
BinVal : 12 14     0.0227273 0.0224675 0.0224675 0 0
BinVal : 12 21     0.642857 0.0905522 0.0905522 0 0
BinVal : 12 22     0.888889 0.0740741 0.0740741 0 0
BinVal : 12 23     0.8 0.178885 0.178885 0 0
BinVal : 12 24     0.333333 0.19245 0.19245 0 0
BinVal : 12 25     0.0833333 0.0797856 0.0797856 0 0
BinVal : 13 4     1 0.0495858 0.0495858 0 0
BinVal : 13 5     0.769231 0.116855 0.116855 0 0
BinVal : 13 6     0.702703 0.0751416 0.0751416 0 0
BinVal : 13 7     0.5 0.144338 0.144338 0 0
BinVal : 13 9     0.243902 0.0670664 0.0670664 0 0
BinVal : 13 10     0.166667 0.062113 0.062113 0 0
BinVal : 13 11     0.534884 0.0760635 0.0760635 0 0
BinVal : 13 12     0.6 0.0730297 0.0730297 0 0
BinVal : 13 13     0.711538 0.0628263 0.0628263 0 0
BinVal : 13 14     0.75 0.0578638 0.0578638 0 0
BinVal : 13 15     0.6 0.0730297 0.0730297 0 0
BinVal : 13 16     0.509804 0.0700005 0.0700005 0 0
BinVal : 13 17     0.12766 0.0486767 0.0486767 0 0
BinVal : 13 18     0.142857 0.0591485 0.0591485 0 0
BinVal : 13 19     0.1875 0.0975781 0.0975781 0 0
BinVal : 13 20     0.5 0.133631 0.133631 0 0
BinVal : 13 21     0.914286 0.0473188 0.0473188 0 0
BinVal : 13 22     0.909091 0.0866784 0.0866784 0 0
BinVal : 13 23     0.666667 0.157135 0.157135 0 0
BinVal : 13 24     0.714286 0.170747 0.170747 0 0
BinVal : 13 25     0.0714286 0.0688303 0.0688303 0 0
BinVal : 13 26     0.166667 0.152145 0.152145 0 0
BinVal : 14 1     0.1 0.0948683 0.0948683 0 0
BinVal : 14 2     0.117647 0.0781425 0.0781425 0 0
BinVal : 14 4     0.5 0.144338 0.144338 0 0
BinVal : 14 5     0.777778 0.0979908 0.0979908 0 0
BinVal : 14 6     0.76 0.0854166 0.0854166 0 0
BinVal : 14 7     0.928571 0.0688303 0.0688303 0 0
BinVal : 14 8     0.764706 0.102879 0.102879 0 0
BinVal : 14 9     0.633333 0.0879815 0.0879815 0 0
BinVal : 14 10     0.540541 0.0819288 0.0819288 0 0
BinVal : 14 11     0.5 0.0833333 0.0833333 0 0
BinVal : 14 12     0.515152 0.0869989 0.0869989 0 0
BinVal : 14 13     0.666667 0.0727393 0.0727393 0 0
BinVal : 14 14     0.596154 0.0680433 0.0680433 0 0
BinVal : 14 15     0.564103 0.0794034 0.0794034 0 0
BinVal : 14 16     0.552632 0.0806601 0.0806601 0 0
BinVal : 14 17     0.6 0.069282 0.069282 0 0
BinVal : 14 18     0.65625 0.0839617 0.0839617 0 0
BinVal : 14 19     0.708333 0.0927805 0.0927805 0 0
BinVal : 14 20     0.888889 0.0604812 0.0604812 0 0
BinVal : 14 21     0.756757 0.0705339 0.0705339 0 0
BinVal : 14 22     0.846154 0.100068 0.100068 0 0
BinVal : 14 23     1 0.0542655 0.0542655 0 0
BinVal : 14 24     0.428571 0.187044 0.187044 0 0
BinVal : 14 25     0.0833333 0.0564169 0.0564169 0 0
BinVal : 15 1     0.3 0.144914 0.144914 0 0
BinVal : 15 2     0.103448 0.0565523 0.0565523 0 0
BinVal : 15 3     0.166667 0.152145 0.152145 0 0
BinVal : 15 4     0.714286 0.170747 0.170747 0 0
BinVal : 15 5     0.769231 0.116855 0.116855 0 0
BinVal : 15 6     0.904762 0.0452948 0.0452948 0 0
BinVal : 15 7     0.875 0.0675077 0.0675077 0 0
BinVal : 15 8     0.666667 0.111111 0.111111 0 0
BinVal : 15 9     0.736842 0.0714338 0.0714338 0 0
BinVal : 15 10     0.414634 0.0769404 0.0769404 0 0
BinVal : 15 11     0.8 0.0565685 0.0565685 0 0
BinVal : 15 12     0.773585 0.0574869 0.0574869 0 0
BinVal : 15 13     0.709677 0.0576468 0.0576468 0 0
BinVal : 15 14     0.754098 0.0551353 0.0551353 0 0
BinVal : 15 15     0.714286 0.0645363 0.0645363 0 0
BinVal : 15 16     0.78125 0.0730792 0.0730792 0 0
BinVal : 15 17     0.608696 0.0719579 0.0719579 0 0
BinVal : 15 18     0.666667 0.082061 0.082061 0 0
BinVal : 15 19     0.666667 0.136083 0.136083 0 0
BinVal : 15 20     0.9 0.067082 0.067082 0 0
BinVal : 15 21     0.842105 0.0591528 0.0591528 0 0
BinVal : 15 22     0.785714 0.109664 0.109664 0 0
BinVal : 15 23     0.428571 0.187044 0.187044 0 0
BinVal : 15 24     0.5 0.204124 0.204124 0 0
BinVal : 15 25     0.115385 0.0626563 0.0626563 0 0
BinVal : 15 26     0.0434783 0.0425226 0.0425226 0 0


Comments : includes prescale inefficiency, cosmic veto applied 
EffMethod : TagAndProbe 
EffName : eff 
EffType : Binned 
EffVarNames : phi deteta 
EffVersion : 5 
ObjQuality : SingleMuonTriggersOR-AND-MuFromMuJets 
ObjRelativeTo : medium_trackmedium_iso_TrkTightScaled 
ObjType : MuANDSingleMuonOR 
ObjVersion : 1 
RunRangeHigh : -1 
RunRangeLow : -1 
TriggerVersionHigh : 15 
TriggerVersionLow : 14.6 
BinEdges1 : 0 0.3927 0.7854 1.1781 1.5708 1.9635 2.3562 2.7489 3.1416 3.5343 3.927 4.3197 4.7124 5.1051 5.4978 5.8905 6.2832 
BinEdges2 : -2.2 -2 -1.8 -1.6 -1.55 -1.5 -1.4 -1.2 -1.1 -1 -0.8 -0.6 -0.4 -0.2 0 0.2 0.4 0.6 0.8 1 1.1 1.2 1.4 1.5 1.55 1.6 1.8 2 2.2 
BinVal : 0 1     0.125 0.0675077 0.0675077 0 0
BinVal : 0 2     0.0263158 0.0259672 0.0259672 0 0
BinVal : 0 3     0.333333 0.19245 0.19245 0 0
BinVal : 0 4     0.583333 0.142319 0.142319 0 0
BinVal : 0 5     0.85 0.0798436 0.0798436 0 0
BinVal : 0 6     0.943396 0.0317418 0.0317418 0 0
BinVal : 0 7     0.935484 0.0441237 0.0441237 0 0
BinVal : 0 8     0.642857 0.0905522 0.0905522 0 0
BinVal : 0 9     0.653846 0.0659737 0.0659737 0 0
BinVal : 0 10     0.416667 0.0711594 0.0711594 0 0
BinVal : 0 11     0.85 0.0460977 0.0460977 0 0
BinVal : 0 12     0.681818 0.0573324 0.0573324 0 0
BinVal : 0 13     0.7375 0.0491927 0.0491927 0 0
BinVal : 0 14     0.716667 0.0581744 0.0581744 0 0
BinVal : 0 15     0.606061 0.0601452 0.0601452 0 0
BinVal : 0 16     0.815385 0.0481236 0.0481236 0 0
BinVal : 0 17     0.716981 0.0618762 0.0618762 0 0
BinVal : 0 18     0.6875 0.0669023 0.0669023 0 0
BinVal : 0 19     0.717949 0.0720574 0.0720574 0 0
BinVal : 0 20     0.869565 0.0702237 0.0702237 0 0
BinVal : 0 21     0.924528 0.0362839 0.0362839 0 0
BinVal : 0 22     0.944444 0.0539903 0.0539903 0 0
BinVal : 0 23     0.714286 0.170747 0.170747 0 0
BinVal : 0 24     0.0909091 0.0866784 0.0866784 0 0
BinVal : 0 25     0.0625 0.0427908 0.0427908 0 0
BinVal : 0 26     0.047619 0.0464714 0.0464714 0 0
BinVal : 1 2     0.030303 0.0298404 0.0298404 0 0
BinVal : 1 3     0.222222 0.13858 0.13858 0 0
BinVal : 1 4     0.666667 0.157135 0.157135 0 0
BinVal : 1 5     0.842105 0.0836547 0.0836547 0 0
BinVal : 1 6     0.816327 0.0553168 0.0553168 0 0
BinVal : 1 7     0.9 0.067082 0.067082 0 0
BinVal : 1 8     0.592593 0.0945607 0.0945607 0 0
BinVal : 1 9     0.674419 0.0714596 0.0714596 0 0
BinVal : 1 10     0.416667 0.0821678 0.0821678 0 0
BinVal : 1 11     0.444444 0.0740741 0.0740741 0 0
BinVal : 1 12     0.714286 0.0763604 0.0763604 0 0
BinVal : 1 13     0.590909 0.0741215 0.0741215 0 0
BinVal : 1 14     0.444444 0.0740741 0.0740741 0 0
BinVal : 1 15     0.431818 0.0746737 0.0746737 0 0
BinVal : 1 16     0.540984 0.063803 0.063803 0 0
BinVal : 1 17     0.690476 0.071334 0.071334 0 0
BinVal : 1 18     0.674419 0.0714596 0.0714596 0 0
BinVal : 1 19     0.758621 0.0794627 0.0794627 0 0
BinVal : 1 20     0.8 0.08 0.08 0 0
BinVal : 1 21     0.813953 0.0593439 0.0593439 0 0
BinVal : 1 22     0.761905 0.0929429 0.0929429 0 0
BinVal : 1 23     0.636364 0.145041 0.145041 0 0
BinVal : 1 24     0.111111 0.104757 0.104757 0 0
BinVal : 1 25     0.0384615 0.0377146 0.0377146 0 0
BinVal : 1 26     0.0625 0.0605154 0.0605154 0 0
BinVal : 2 3     0.25 0.153093 0.153093 0 0
BinVal : 2 4     0.5 0.25 0.25 0 0
BinVal : 2 5     0.8 0.126491 0.126491 0 0
BinVal : 2 6     0.8 0.0730297 0.0730297 0 0
BinVal : 2 7     0.913043 0.0587534 0.0587534 0 0
BinVal : 2 8     0.925926 0.050401 0.050401 0 0
BinVal : 2 9     0.75 0.0968246 0.0968246 0 0
BinVal : 2 10     0.674419 0.0714596 0.0714596 0 0
BinVal : 2 11     0.710526 0.0735703 0.0735703 0 0
BinVal : 2 12     0.842105 0.0836547 0.0836547 0 0
BinVal : 2 13     0.75 0.0652791 0.0652791 0 0
BinVal : 2 14     0.73913 0.0915605 0.0915605 0 0
BinVal : 2 15     0.736842 0.0714338 0.0714338 0 0
BinVal : 2 16     0.690476 0.071334 0.071334 0 0
BinVal : 2 17     0.727273 0.0671408 0.0671408 0 0
BinVal : 2 18     0.777778 0.0800091 0.0800091 0 0
BinVal : 2 19     0.941176 0.0570672 0.0570672 0 0
BinVal : 2 20     0.869565 0.0702237 0.0702237 0 0
BinVal : 2 21     0.857143 0.06613 0.06613 0 0
BinVal : 2 22     0.888889 0.0740741 0.0740741 0 0
BinVal : 2 23     0.666667 0.272166 0.272166 0 0
BinVal : 2 24     0.142857 0.13226 0.13226 0 0
BinVal : 3 2     0.444444 0.165635 0.165635 0 0
BinVal : 3 3     1 0.218486 0.218486 0 0
BinVal : 3 4     0.5 0.353553 0.353553 0 0
BinVal : 3 5     0.857143 0.13226 0.13226 0 0
BinVal : 3 6     0.733333 0.11418 0.11418 0 0
BinVal : 3 7     0.888889 0.104757 0.104757 0 0
BinVal : 3 8     0.818182 0.116291 0.116291 0 0
BinVal : 3 9     0.545455 0.106159 0.106159 0 0
BinVal : 3 10     0.730769 0.0869893 0.0869893 0 0
BinVal : 3 11     0.588235 0.119365 0.119365 0 0
BinVal : 3 12     0.6 0.0979796 0.0979796 0 0
BinVal : 3 13     0.75 0.0968246 0.0968246 0 0
BinVal : 3 14     0.764706 0.102879 0.102879 0 0
BinVal : 3 15     0.823529 0.0924594 0.0924594 0 0
BinVal : 3 16     0.761905 0.0929429 0.0929429 0 0
BinVal : 3 17     0.823529 0.0924594 0.0924594 0 0
BinVal : 3 18     0.588235 0.119365 0.119365 0 0
BinVal : 3 19     0.875 0.116927 0.116927 0 0
BinVal : 3 20     0.8 0.126491 0.126491 0 0
BinVal : 3 21     0.789474 0.0935288 0.0935288 0 0
BinVal : 3 22     1 0.0456491 0.0456491 0 0
BinVal : 3 23     0.571429 0.187044 0.187044 0 0
BinVal : 3 24     0.5 0.25 0.25 0 0
BinVal : 3 25     0.0769231 0.0739053 0.0739053 0 0
BinVal : 4 2     0.125 0.116927 0.116927 0 0
BinVal : 4 3     1 0.218486 0.218486 0 0
BinVal : 4 4     0.5 0.353553 0.353553 0 0
BinVal : 4 5     1 0.102643 0.102643 0 0
BinVal : 4 6     0.666667 0.157135 0.157135 0 0
BinVal : 4 7     0.777778 0.13858 0.13858 0 0
BinVal : 4 8     0.5 0.25 0.25 0 0
BinVal : 4 9     0.736842 0.101023 0.101023 0 0
BinVal : 4 10     0.714286 0.120736 0.120736 0 0
BinVal : 4 11     0.8 0.0894427 0.0894427 0 0
BinVal : 4 12     0.611111 0.114904 0.114904 0 0
BinVal : 4 13     0.857143 0.0763604 0.0763604 0 0
BinVal : 4 14     0.75 0.125 0.125 0 0
BinVal : 4 15     0.714286 0.170747 0.170747 0 0
BinVal : 4 16     0.888889 0.0740741 0.0740741 0 0
BinVal : 4 17     0.45 0.111243 0.111243 0 0
BinVal : 4 18     0.666667 0.111111 0.111111 0 0
BinVal : 4 19     0.285714 0.170747 0.170747 0 0
BinVal : 4 20     0.909091 0.0866784 0.0866784 0 0
BinVal : 4 21     0.944444 0.0539903 0.0539903 0 0
BinVal : 4 22     0.888889 0.104757 0.104757 0 0
BinVal : 4 23     0.333333 0.272166 0.272166 0 0
BinVal : 4 25     0.0833333 0.0797856 0.0797856 0 0
BinVal : 5 4     0.5 0.25 0.25 0 0
BinVal : 5 5     0.909091 0.0866784 0.0866784 0 0
BinVal : 5 6     0.896552 0.0565523 0.0565523 0 0
BinVal : 5 7     0.875 0.0675077 0.0675077 0 0
BinVal : 5 8     0.789474 0.0935288 0.0935288 0 0
BinVal : 5 9     0.8125 0.0689981 0.0689981 0 0
BinVal : 5 10     0.681818 0.0702175 0.0702175 0 0
BinVal : 5 11     0.790698 0.062038 0.062038 0 0
BinVal : 5 12     0.692308 0.0905151 0.0905151 0 0
BinVal : 5 13     0.705882 0.0781425 0.0781425 0 0
BinVal : 5 14     0.636364 0.102559 0.102559 0 0
BinVal : 5 15     0.5 0.158114 0.158114 0 0
BinVal : 5 16     0.71875 0.0794804 0.0794804 0 0
BinVal : 5 17     0.594595 0.080715 0.080715 0 0
BinVal : 5 18     0.818182 0.0822304 0.0822304 0 0
BinVal : 5 19     0.947368 0.0512278 0.0512278 0 0
BinVal : 5 20     0.714286 0.0985808 0.0985808 0 0
BinVal : 5 21     0.878788 0.0568144 0.0568144 0 0
BinVal : 5 22     0.863636 0.073165 0.073165 0 0
BinVal : 5 23     0.857143 0.13226 0.13226 0 0
BinVal : 5 24     0.25 0.153093 0.153093 0 0
BinVal : 5 25     0.0625 0.0605154 0.0605154 0 0
BinVal : 6 1     0.166667 0.152145 0.152145 0 0
BinVal : 6 2     0.0625 0.0605154 0.0605154 0 0
BinVal : 6 4     0.428571 0.13226 0.13226 0 0
BinVal : 6 5     0.647059 0.115904 0.115904 0 0
BinVal : 6 6     0.954545 0.0314022 0.0314022 0 0
BinVal : 6 7     0.947368 0.0512278 0.0512278 0 0
BinVal : 6 8     0.903226 0.0531003 0.0531003 0 0
BinVal : 6 9     0.741935 0.0785898 0.0785898 0 0
BinVal : 6 10     0.775 0.0660256 0.0660256 0 0
BinVal : 6 11     0.75 0.0684653 0.0684653 0 0
BinVal : 6 12     0.794872 0.064659 0.064659 0 0
BinVal : 6 13     0.454545 0.0866784 0.0866784 0 0
BinVal : 6 14     0.575 0.0781625 0.0781625 0 0
BinVal : 6 15     0.72 0.063498 0.063498 0 0
BinVal : 6 16     0.585366 0.0769404 0.0769404 0 0
BinVal : 6 17     0.723404 0.0652476 0.0652476 0 0
BinVal : 6 18     0.633333 0.0879815 0.0879815 0 0
BinVal : 6 19     0.777778 0.0979908 0.0979908 0 0
BinVal : 6 20     0.894737 0.0704059 0.0704059 0 0
BinVal : 6 21     0.911765 0.0486433 0.0486433 0 0
BinVal : 6 22     0.764706 0.102879 0.102879 0 0
BinVal : 6 23     0.733333 0.11418 0.11418 0 0
BinVal : 7 1     0.0526316 0.0512278 0.0512278 0 0
BinVal : 7 2     0.210526 0.0935288 0.0935288 0 0
BinVal : 7 3     0.1 0.0948683 0.0948683 0 0
BinVal : 7 4     0.615385 0.134932 0.134932 0 0
BinVal : 7 5     0.722222 0.105572 0.105572 0 0
BinVal : 7 6     0.806452 0.0709583 0.0709583 0 0
BinVal : 7 7     0.769231 0.0826286 0.0826286 0 0
BinVal : 7 8     0.434783 0.103367 0.103367 0 0
BinVal : 7 9     0.595238 0.0757392 0.0757392 0 0
BinVal : 7 10     0.5 0.0811107 0.0811107 0 0
BinVal : 7 11     0.613636 0.0734053 0.0734053 0 0
BinVal : 7 12     0.72549 0.0624899 0.0624899 0 0
BinVal : 7 13     0.477273 0.0752999 0.0752999 0 0
BinVal : 7 14     0.827586 0.0495997 0.0495997 0 0
BinVal : 7 15     0.679245 0.0641153 0.0641153 0 0
BinVal : 7 16     0.754098 0.0551353 0.0551353 0 0
BinVal : 7 17     0.577465 0.0586226 0.0586226 0 0
BinVal : 7 18     0.44186 0.0757321 0.0757321 0 0
BinVal : 7 19     0.52381 0.108985 0.108985 0 0
BinVal : 7 20     0.882353 0.0552551 0.0552551 0 0
BinVal : 7 21     0.87234 0.0486767 0.0486767 0 0
BinVal : 7 22     0.772727 0.0893461 0.0893461 0 0
BinVal : 7 23     0.833333 0.107583 0.107583 0 0
BinVal : 7 24     0.25 0.125 0.125 0 0
BinVal : 7 25     0.0625 0.0427908 0.0427908 0 0
BinVal : 8 1     0.0769231 0.0739053 0.0739053 0 0
BinVal : 8 3     0.111111 0.104757 0.104757 0 0
BinVal : 8 4     0.666667 0.272166 0.272166 0 0
BinVal : 8 5     0.833333 0.087841 0.087841 0 0
BinVal : 8 6     0.958333 0.0288424 0.0288424 0 0
BinVal : 8 7     0.84375 0.0641862 0.0641862 0 0
BinVal : 8 8     0.52381 0.108985 0.108985 0 0
BinVal : 8 9     0.763636 0.0572865 0.0572865 0 0
BinVal : 8 10     0.696429 0.0614433 0.0614433 0 0
BinVal : 8 11     0.82 0.0543323 0.0543323 0 0
BinVal : 8 12     0.813559 0.0507036 0.0507036 0 0
BinVal : 8 13     0.693333 0.0532444 0.0532444 0 0
BinVal : 8 14     0.871795 0.0378541 0.0378541 0 0
BinVal : 8 15     0.703125 0.0571101 0.0571101 0 0
BinVal : 8 16     0.866667 0.0506745 0.0506745 0 0
BinVal : 8 17     0.652174 0.0702237 0.0702237 0 0
BinVal : 8 18     0.666667 0.0754851 0.0754851 0 0
BinVal : 8 19     0.65 0.106654 0.106654 0 0
BinVal : 8 20     1 0.018786 0.018786 0 0
BinVal : 8 21     0.955556 0.0307207 0.0307207 0 0
BinVal : 8 22     0.952381 0.0464714 0.0464714 0 0
BinVal : 8 23     0.555556 0.165635 0.165635 0 0
BinVal : 8 24     0.384615 0.134932 0.134932 0 0
BinVal : 8 26     0.0714286 0.0688303 0.0688303 0 0
BinVal : 9 1     0.2 0.126491 0.126491 0 0
BinVal : 9 2     0.181818 0.0822304 0.0822304 0 0
BinVal : 9 3     0.25 0.153093 0.153093 0 0
BinVal : 9 4     0.666667 0.157135 0.157135 0 0
BinVal : 9 5     0.956522 0.0425226 0.0425226 0 0
BinVal : 9 6     0.921053 0.0437441 0.0437441 0 0
BinVal : 9 7     0.827586 0.0701445 0.0701445 0 0
BinVal : 9 8     0.954545 0.0444095 0.0444095 0 0
BinVal : 9 9     0.894737 0.0704059 0.0704059 0 0
BinVal : 9 10     0.837209 0.0562986 0.0562986 0 0
BinVal : 9 11     0.803922 0.0555951 0.0555951 0 0
BinVal : 9 12     0.693878 0.0658402 0.0658402 0 0
BinVal : 9 13     0.607143 0.0652633 0.0652633 0 0
BinVal : 9 14     0.694915 0.0599446 0.0599446 0 0
BinVal : 9 15     0.767857 0.0564188 0.0564188 0 0
BinVal : 9 16     0.76 0.0603987 0.0603987 0 0
BinVal : 9 17     0.674419 0.0714596 0.0714596 0 0
BinVal : 9 18     0.787879 0.0711647 0.0711647 0 0
BinVal : 9 19     1 0.0293374 0.0293374 0 0
BinVal : 9 20     1 0.0254407 0.0254407 0 0
BinVal : 9 21     0.842105 0.0591528 0.0591528 0 0
BinVal : 9 22     0.8 0.0894427 0.0894427 0 0
BinVal : 9 23     0.5 0.158114 0.158114 0 0
BinVal : 9 24     0.285714 0.170747 0.170747 0 0
BinVal : 9 26     0.111111 0.104757 0.104757 0 0
BinVal : 10 1     0.285714 0.170747 0.170747 0 0
BinVal : 10 4     0.5 0.204124 0.204124 0 0
BinVal : 10 5     0.866667 0.0877707 0.0877707 0 0
BinVal : 10 6     0.833333 0.062113 0.062113 0 0
BinVal : 10 7     0.642857 0.12806 0.12806 0 0
BinVal : 10 8     0.269231 0.0869893 0.0869893 0 0
BinVal : 10 9     0.433962 0.0680786 0.0680786 0 0
BinVal : 10 10     0.230769 0.067466 0.067466 0 0
BinVal : 10 11     0.530612 0.0712946 0.0712946 0 0
BinVal : 10 12     0.655738 0.0608338 0.0608338 0 0
BinVal : 10 13     0.734375 0.0552082 0.0552082 0 0
BinVal : 10 14     0.695652 0.0678426 0.0678426 0 0
BinVal : 10 15     0.666667 0.0702728 0.0702728 0 0
BinVal : 10 16     0.608696 0.0719579 0.0719579 0 0
BinVal : 10 17     0.0754717 0.0362839 0.0362839 0 0
BinVal : 10 18     0.245614 0.0570146 0.0570146 0 0
BinVal : 10 19     0.24 0.0854166 0.0854166 0 0
BinVal : 10 20     0.470588 0.121058 0.121058 0 0
BinVal : 10 21     0.820513 0.0614507 0.0614507 0 0
BinVal : 10 22     1 0.0224566 0.0224566 0 0
BinVal : 10 23     0.615385 0.134932 0.134932 0 0
BinVal : 10 24     0.5 0.25 0.25 0 0
BinVal : 10 25     0.0434783 0.0425226 0.0425226 0 0
BinVal : 10 26     0.0833333 0.0797856 0.0797856 0 0
BinVal : 11 1     0.0555556 0.0539903 0.0539903 0 0
BinVal : 11 2     0.242424 0.0746009 0.0746009 0 0
BinVal : 11 3     0.555556 0.165635 0.165635 0 0
BinVal : 11 4     0.9 0.0948683 0.0948683 0 0
BinVal : 11 5     0.894737 0.0704059 0.0704059 0 0
BinVal : 11 6     0.857143 0.06613 0.06613 0 0
BinVal : 11 13     0.0232558 0.0229838 0.0229838 0 0
BinVal : 11 19     0.0434783 0.0425226 0.0425226 0 0
BinVal : 11 21     0.648148 0.0649861 0.0649861 0 0
BinVal : 11 22     0.941176 0.0570672 0.0570672 0 0
BinVal : 11 23     0.583333 0.142319 0.142319 0 0
BinVal : 11 24     0.428571 0.187044 0.187044 0 0
BinVal : 11 25     0.037037 0.0363447 0.0363447 0 0
BinVal : 11 26     0.047619 0.0464714 0.0464714 0 0
BinVal : 12 0     0.25 0.216506 0.216506 0 0
BinVal : 12 3     0.1 0.0948683 0.0948683 0 0
BinVal : 12 4     0.833333 0.152145 0.152145 0 0
BinVal : 12 5     0.6 0.154919 0.154919 0 0
BinVal : 12 6     0.733333 0.0807373 0.0807373 0 0
BinVal : 12 9     0.037037 0.0363447 0.0363447 0 0
BinVal : 12 12     0.0294118 0.028976 0.028976 0 0
BinVal : 12 13     0.0181818 0.0180158 0.0180158 0 0
BinVal : 12 21     0.694444 0.0767737 0.0767737 0 0
BinVal : 12 22     0.909091 0.0866784 0.0866784 0 0
BinVal : 12 23     0.444444 0.165635 0.165635 0 0
BinVal : 12 24     0.5 0.204124 0.204124 0 0
BinVal : 12 25     0.181818 0.0822304 0.0822304 0 0
BinVal : 12 26     0.04 0.0391918 0.0391918 0 0
BinVal : 13 1     0.166667 0.107583 0.107583 0 0
BinVal : 13 3     0.555556 0.165635 0.165635 0 0
BinVal : 13 4     0.8 0.178885 0.178885 0 0
BinVal : 13 5     0.8 0.10328 0.10328 0 0
BinVal : 13 6     0.882353 0.0552551 0.0552551 0 0
BinVal : 13 7     0.769231 0.116855 0.116855 0 0
BinVal : 13 8     0.25 0.0968246 0.0968246 0 0
BinVal : 13 9     0.382979 0.0709069 0.0709069 0 0
BinVal : 13 10     0.170213 0.0548189 0.0548189 0 0
BinVal : 13 11     0.405405 0.080715 0.080715 0 0
BinVal : 13 12     0.564516 0.0629692 0.0629692 0 0
BinVal : 13 13     0.666667 0.0608581 0.0608581 0 0
BinVal : 13 14     0.681818 0.0573324 0.0573324 0 0
BinVal : 13 15     0.730159 0.0559233 0.0559233 0 0
BinVal : 13 16     0.553571 0.0664307 0.0664307 0 0
BinVal : 13 17     0.0769231 0.0426692 0.0426692 0 0
BinVal : 13 18     0.255319 0.063603 0.063603 0 0
BinVal : 13 19     0.173913 0.0790342 0.0790342 0 0
BinVal : 13 20     0.611111 0.114904 0.114904 0 0
BinVal : 13 21     0.894737 0.0497845 0.0497845 0 0
BinVal : 13 22     0.571429 0.187044 0.187044 0 0
BinVal : 13 23     0.6 0.219089 0.219089 0 0
BinVal : 13 24     0.2 0.126491 0.126491 0 0
BinVal : 13 25     0.0588235 0.0403526 0.0403526 0 0
BinVal : 13 26     0.142857 0.13226 0.13226 0 0
BinVal : 14 2     0.09375 0.051527 0.051527 0 0
BinVal : 14 4     0.833333 0.152145 0.152145 0 0
BinVal : 14 5     0.941176 0.0570672 0.0570672 0 0
BinVal : 14 6     0.9 0.0474342 0.0474342 0 0
BinVal : 14 7     0.736842 0.101023 0.101023 0 0
BinVal : 14 8     0.84 0.0733212 0.0733212 0 0
BinVal : 14 9     0.692308 0.0739053 0.0739053 0 0
BinVal : 14 10     0.321429 0.0882594 0.0882594 0 0
BinVal : 14 11     0.589286 0.0657414 0.0657414 0 0
BinVal : 14 12     0.755556 0.0640644 0.0640644 0 0
BinVal : 14 13     0.678571 0.0624088 0.0624088 0 0
BinVal : 14 14     0.604651 0.0745604 0.0745604 0 0
BinVal : 14 15     0.4 0.0730297 0.0730297 0 0
BinVal : 14 16     0.561404 0.0657253 0.0657253 0 0
BinVal : 14 17     0.631579 0.0782518 0.0782518 0 0
BinVal : 14 18     0.774194 0.0750952 0.0750952 0 0
BinVal : 14 19     0.88 0.0649923 0.0649923 0 0
BinVal : 14 20     0.896552 0.0565523 0.0565523 0 0
BinVal : 14 21     0.973684 0.0259672 0.0259672 0 0
BinVal : 14 22     0.764706 0.102879 0.102879 0 0
BinVal : 14 23     1 0.0756803 0.0756803 0 0
BinVal : 14 25     0.0769231 0.0522589 0.0522589 0 0
BinVal : 14 26     0.25 0.153093 0.153093 0 0
BinVal : 15 1     0.2 0.0894427 0.0894427 0 0
BinVal : 15 2     0.0454545 0.0444095 0.0444095 0 0
BinVal : 15 3     0.166667 0.107583 0.107583 0 0
BinVal : 15 4     0.9 0.0948683 0.0948683 0 0
BinVal : 15 5     1 0.0266185 0.0266185 0 0
BinVal : 15 6     1 0.0157046 0.0157046 0 0
BinVal : 15 7     0.941176 0.0570672 0.0570672 0 0
BinVal : 15 8     0.555556 0.0956292 0.0956292 0 0
BinVal : 15 9     0.722222 0.0746505 0.0746505 0 0
BinVal : 15 10     0.47619 0.0770641 0.0770641 0 0
BinVal : 15 11     0.902439 0.0463399 0.0463399 0 0
BinVal : 15 12     0.730769 0.0615107 0.0615107 0 0
BinVal : 15 13     0.854167 0.0509424 0.0509424 0 0
BinVal : 15 14     0.829787 0.0548189 0.0548189 0 0
BinVal : 15 15     0.727273 0.0548202 0.0548202 0 0
BinVal : 15 16     0.803571 0.053091 0.053091 0 0
BinVal : 15 17     0.74 0.0620322 0.0620322 0 0
BinVal : 15 18     0.511111 0.0745172 0.0745172 0 0
BinVal : 15 19     0.541667 0.101707 0.101707 0 0
BinVal : 15 20     1 0.0233703 0.0233703 0 0
BinVal : 15 21     0.923077 0.0369527 0.0369527 0 0
BinVal : 15 22     0.892857 0.0584512 0.0584512 0 0
BinVal : 15 23     0.75 0.153093 0.153093 0 0
BinVal : 15 25     0.176471 0.0653787 0.0653787 0 0
BinVal : 15 26     0.285714 0.120736 0.120736 0 0


