Comments : cosmic veto applied 
EffMethod : TagAndProbe 
EffName : eff 
EffType : Binned 
EffVarNames : phi deteta 
EffVersion : 5 
ObjQuality : l3cml8 
ObjRelativeTo : medium_l3l0_l3trkxh10 
ObjType : Muon 
ObjVersion : 1 
RunRangeHigh : 216000 
RunRangeLow : 194600 
TriggerVersionHigh : 15 
TriggerVersionLow : 8 
BinEdgesX : 0 0.3927 0.7854 1.1781 1.5708 1.9635 2.3562 2.7489 3.1416 3.5343 3.927 4.3197 4.7124 5.1051 5.4978 5.8905 6.2832 
BinEdgesY : -4.2 -3.81818 -3.43636 -3.05455 -2.67273 -2.29091 -1.90909 -1.52727 -1.14545 -0.763636 -0.381818 0 0.381818 0.763636 1.14545 1.52727 1.90909 2.29091 2.67273 3.05455 3.43636 3.81818 4.2 
BinVal : 0 0 0 0 0
BinVal : 0 1 0 0 0
BinVal : 0 2 0 0 0
BinVal : 0 3 0 0 0
BinVal : 0 4 0 0 0
BinVal : 0 5 0 0 0
BinVal : 0 6 0.961538 0.0377146 0.0377146
BinVal : 0 7 1 0.00524187 0.00524187
BinVal : 0 8 0.971698 0.0161072 0.0161072
BinVal : 0 9 0.964286 0.0202481 0.0202481
BinVal : 0 10 0.977941 0.0125944 0.0125944
BinVal : 0 11 1 0.00544119 0.00544119
BinVal : 0 12 0.953271 0.0204037 0.0204037
BinVal : 0 13 0.981132 0.0132152 0.0132152
BinVal : 0 14 0.969072 0.0175779 0.0175779
BinVal : 0 15 0.972222 0.0273893 0.0273893
BinVal : 0 16 0 0 0
BinVal : 0 17 0 0 0
BinVal : 0 18 0 0 0
BinVal : 0 19 0 0 0
BinVal : 0 20 0 0 0
BinVal : 0 21 0 0 0
BinVal : 1 0 0 0 0
BinVal : 1 1 0 0 0
BinVal : 1 2 0 0 0
BinVal : 1 3 0 0 0
BinVal : 1 4 0 0 0
BinVal : 1 5 0 0 0
BinVal : 1 6 0.958333 0.0407894 0.0407894
BinVal : 1 7 1 0.00582743 0.00582743
BinVal : 1 8 0.988636 0.0112989 0.0112989
BinVal : 1 9 0.931507 0.0295635 0.0295635
BinVal : 1 10 0.952941 0.0229691 0.0229691
BinVal : 1 11 0.966667 0.0189215 0.0189215
BinVal : 1 12 0.986301 0.0136045 0.0136045
BinVal : 1 13 1 0.00770235 0.00770235
BinVal : 1 14 0.987952 0.0119754 0.0119754
BinVal : 1 15 1 0.0216126 0.0216126
BinVal : 1 16 0 0 0
BinVal : 1 17 0 0 0
BinVal : 1 18 0 0 0
BinVal : 1 19 0 0 0
BinVal : 1 20 0 0 0
BinVal : 1 21 0 0 0
BinVal : 2 0 0 0 0
BinVal : 2 1 0 0 0
BinVal : 2 2 0 0 0
BinVal : 2 3 0 0 0
BinVal : 2 4 0 0 0
BinVal : 2 5 0 0 0
BinVal : 2 6 1 0.0422902 0.0422902
BinVal : 2 7 1 0.0107217 0.0107217
BinVal : 2 8 1 0.0103354 0.0103354
BinVal : 2 9 0.957747 0.0238741 0.0238741
BinVal : 2 10 0.948276 0.0290804 0.0290804
BinVal : 2 11 0.981818 0.0180158 0.0180158
BinVal : 2 12 0.970588 0.0204891 0.0204891
BinVal : 2 13 0.969231 0.0214198 0.0214198
BinVal : 2 14 1 0.0107217 0.0107217
BinVal : 2 15 1 0.0422902 0.0422902
BinVal : 2 16 0 0 0
BinVal : 2 17 0 0 0
BinVal : 2 18 0 0 0
BinVal : 2 19 0 0 0
BinVal : 2 20 0 0 0
BinVal : 2 21 0 0 0
BinVal : 3 0 0 0 0
BinVal : 3 1 0 0 0
BinVal : 3 2 0 0 0
BinVal : 3 3 0 0 0
BinVal : 3 4 0 0 0
BinVal : 3 5 0 0 0
BinVal : 3 6 1 0.0456491 0.0456491
BinVal : 3 7 1 0.0201001 0.0201001
BinVal : 3 8 1 0.0157046 0.0157046
BinVal : 3 9 0.961538 0.0377146 0.0377146
BinVal : 3 10 0.942857 0.0392347 0.0392347
BinVal : 3 11 1 0.017632 0.017632
BinVal : 3 12 1 0.017632 0.017632
BinVal : 3 13 0.933333 0.045542 0.045542
BinVal : 3 14 1 0.0201001 0.0201001
BinVal : 3 15 1 0.124824 0.124824
BinVal : 3 16 0 0 0
BinVal : 3 17 0 0 0
BinVal : 3 18 0 0 0
BinVal : 3 19 0 0 0
BinVal : 3 20 0 0 0
BinVal : 3 21 0 0 0
BinVal : 4 0 0 0 0
BinVal : 4 1 0 0 0
BinVal : 4 2 0 0 0
BinVal : 4 3 0 0 0
BinVal : 4 4 0 0 0
BinVal : 4 5 0 0 0
BinVal : 4 6 1 0.0756803 0.0756803
BinVal : 4 7 1 0.0266185 0.0266185
BinVal : 4 8 1 0.0233703 0.0233703
BinVal : 4 9 0.882353 0.0781425 0.0781425
BinVal : 4 10 0.954545 0.0444095 0.0444095
BinVal : 4 11 1 0.0599198 0.0599198
BinVal : 4 12 1 0.0243611 0.0243611
BinVal : 4 13 1 0.0266185 0.0266185
BinVal : 4 14 1 0.0194201 0.0194201
BinVal : 4 15 1 0.0871301 0.0871301
BinVal : 4 16 0 0 0
BinVal : 4 17 0 0 0
BinVal : 4 18 0 0 0
BinVal : 4 19 0 0 0
BinVal : 4 20 0 0 0
BinVal : 4 21 0 0 0
BinVal : 5 0 0 0 0
BinVal : 5 1 0 0 0
BinVal : 5 2 0 0 0
BinVal : 5 3 0 0 0
BinVal : 5 4 0 0 0
BinVal : 5 5 0 0 0
BinVal : 5 6 0.8 0.178885 0.178885
BinVal : 5 7 1 0.0161462 0.0161462
BinVal : 5 8 1 0.0145144 0.0145144
BinVal : 5 9 0.978261 0.0215015 0.0215015
BinVal : 5 10 0.974359 0.0253102 0.0253102
BinVal : 5 11 0.941176 0.0570672 0.0570672
BinVal : 5 12 1 0.0134912 0.0134912
BinVal : 5 13 1 0.0141568 0.0141568
BinVal : 5 14 1 0.0109258 0.0109258
BinVal : 5 15 0.9 0.0948683 0.0948683
BinVal : 5 16 0 0 0
BinVal : 5 17 0 0 0
BinVal : 5 18 0 0 0
BinVal : 5 19 0 0 0
BinVal : 5 20 0 0 0
BinVal : 5 21 0 0 0
BinVal : 6 0 0 0 0
BinVal : 6 1 0 0 0
BinVal : 6 2 0 0 0
BinVal : 6 3 0 0 0
BinVal : 6 4 0 0 0
BinVal : 6 5 0 0 0
BinVal : 6 6 1 0.0456491 0.0456491
BinVal : 6 7 0.982759 0.0170921 0.0170921
BinVal : 6 8 0.984127 0.0157465 0.0157465
BinVal : 6 9 1 0.00875998 0.00875998
BinVal : 6 10 0.970588 0.0204891 0.0204891
BinVal : 6 11 0.947368 0.0362235 0.0362235
BinVal : 6 12 1 0.0088954 0.0088954
BinVal : 6 13 0.982456 0.0173893 0.0173893
BinVal : 6 14 1 0.00917959 0.00917959
BinVal : 6 15 1 0.0346427 0.0346427
BinVal : 6 16 0 0 0
BinVal : 6 17 0 0 0
BinVal : 6 18 0 0 0
BinVal : 6 19 0 0 0
BinVal : 6 20 0 0 0
BinVal : 6 21 0 0 0
BinVal : 7 0 0 0 0
BinVal : 7 1 0 0 0
BinVal : 7 2 0 0 0
BinVal : 7 3 0 0 0
BinVal : 7 4 0 0 0
BinVal : 7 5 0 0 0
BinVal : 7 6 0.941176 0.0570672 0.0570672
BinVal : 7 7 1 0.00850058 0.00850058
BinVal : 7 8 1 0.00932837 0.00932837
BinVal : 7 9 1 0.0074048 0.0074048
BinVal : 7 10 0.984127 0.0157465 0.0157465
BinVal : 7 11 0.938462 0.0298075 0.0298075
BinVal : 7 12 0.988235 0.0116953 0.0116953
BinVal : 7 13 1 0.00903559 0.00903559
BinVal : 7 14 0.987805 0.0121205 0.0121205
BinVal : 7 15 1 0.0224566 0.0224566
BinVal : 7 16 0 0 0
BinVal : 7 17 0 0 0
BinVal : 7 18 0 0 0
BinVal : 7 19 0 0 0
BinVal : 7 20 0 0 0
BinVal : 7 21 0 0 0
BinVal : 8 0 0 0 0
BinVal : 8 1 0 0 0
BinVal : 8 2 0 0 0
BinVal : 8 3 0 0 0
BinVal : 8 4 0 0 0
BinVal : 8 5 0 0 0
BinVal : 8 6 1 0.0279117 0.0279117
BinVal : 8 7 1 0.00648546 0.00648546
BinVal : 8 8 1 0.00560045 0.00560045
BinVal : 8 9 0.989247 0.0106947 0.0106947
BinVal : 8 10 0.991667 0.00829854 0.00829854
BinVal : 8 11 0.990654 0.00930202 0.00930202
BinVal : 8 12 1 0.00620508 0.00620508
BinVal : 8 13 0.978947 0.0147289 0.0147289
BinVal : 8 14 1 0.00588655 0.00588655
BinVal : 8 15 1 0.0279117 0.0279117
BinVal : 8 16 0 0 0
BinVal : 8 17 0 0 0
BinVal : 8 18 0 0 0
BinVal : 8 19 0 0 0
BinVal : 8 20 0 0 0
BinVal : 8 21 0 0 0
BinVal : 9 0 0 0 0
BinVal : 9 1 0 0 0
BinVal : 9 2 0 0 0
BinVal : 9 3 0 0 0
BinVal : 9 4 0 0 0
BinVal : 9 5 0 0 0
BinVal : 9 6 1 0.0293374 0.0293374
BinVal : 9 7 1 0.00607347 0.00607347
BinVal : 9 8 1 0.00704145 0.00704145
BinVal : 9 9 1 0.00648546 0.00648546
BinVal : 9 10 1 0.00695658 0.00695658
BinVal : 9 11 0.964286 0.0202481 0.0202481
BinVal : 9 12 1 0.00648546 0.00648546
BinVal : 9 13 0.986486 0.0134219 0.0134219
BinVal : 9 14 1 0.00712919 0.00712919
BinVal : 9 15 1 0.0243611 0.0243611
BinVal : 9 16 0 0 0
BinVal : 9 17 0 0 0
BinVal : 9 18 0 0 0
BinVal : 9 19 0 0 0
BinVal : 9 20 0 0 0
BinVal : 9 21 0 0 0
BinVal : 10 0 0 0 0
BinVal : 10 1 0 0 0
BinVal : 10 2 0 0 0
BinVal : 10 3 0 0 0
BinVal : 10 4 0 0 0
BinVal : 10 5 0 0 0
BinVal : 10 6 1 0.0279117 0.0279117
BinVal : 10 7 1 0.00671244 0.00671244
BinVal : 10 8 1 0.00980616 0.00980616
BinVal : 10 9 1 0.0105252 0.0105252
BinVal : 10 10 0.989247 0.0106947 0.0106947
BinVal : 10 11 0.975309 0.0172425 0.0172425
BinVal : 10 12 0.979167 0.0206152 0.0206152
BinVal : 10 13 0.986301 0.0136045 0.0136045
BinVal : 10 14 1 0.00613832 0.00613832
BinVal : 10 15 0.944444 0.0539903 0.0539903
BinVal : 10 16 0 0 0
BinVal : 10 17 0 0 0
BinVal : 10 18 0 0 0
BinVal : 10 19 0 0 0
BinVal : 10 20 0 0 0
BinVal : 10 21 0 0 0
BinVal : 11 0 0 0 0
BinVal : 11 1 0 0 0
BinVal : 11 2 0 0 0
BinVal : 11 3 0 0 0
BinVal : 11 4 0 0 0
BinVal : 11 5 0 0 0
BinVal : 11 6 1 0.0224566 0.0224566
BinVal : 11 7 1 0.00825644 0.00825644
BinVal : 11 8 0.978261 0.0215015 0.0215015
BinVal : 11 9 1 0.00862837 0.00862837
BinVal : 11 10 0.972222 0.0193671 0.0193671
BinVal : 11 11 1 0.00791502 0.00791502
BinVal : 11 12 0.983871 0.0159984 0.0159984
BinVal : 11 13 0.983871 0.0159984 0.0159984
BinVal : 11 14 1 0.00813913 0.00813913
BinVal : 11 15 0.9375 0.0605154 0.0605154
BinVal : 11 16 0 0 0
BinVal : 11 17 0 0 0
BinVal : 11 18 0 0 0
BinVal : 11 19 0 0 0
BinVal : 11 20 0 0 0
BinVal : 11 21 0 0 0
BinVal : 12 0 0 0 0
BinVal : 12 1 0 0 0
BinVal : 12 2 0 0 0
BinVal : 12 3 0 0 0
BinVal : 12 4 0 0 0
BinVal : 12 5 0 0 0
BinVal : 12 6 1 0.0309157 0.0309157
BinVal : 12 7 0.982759 0.0170921 0.0170921
BinVal : 12 8 0.97561 0.024091 0.024091
BinVal : 12 9 1 0.0101533 0.0101533
BinVal : 12 10 0.986667 0.0132441 0.0132441
BinVal : 12 11 1 0.00862837 0.00862837
BinVal : 12 12 0.982143 0.017697 0.017697
BinVal : 12 13 1 0.0126033 0.0126033
BinVal : 12 14 0.981818 0.0180158 0.0180158
BinVal : 12 15 1 0.0668855 0.0668855
BinVal : 12 16 0 0 0
BinVal : 12 17 0 0 0
BinVal : 12 18 0 0 0
BinVal : 12 19 0 0 0
BinVal : 12 20 0 0 0
BinVal : 12 21 0 0 0
BinVal : 13 0 0 0 0
BinVal : 13 1 0 0 0
BinVal : 13 2 0 0 0
BinVal : 13 3 0 0 0
BinVal : 13 4 0 0 0
BinVal : 13 5 0 0 0
BinVal : 13 6 1 0.039392 0.039392
BinVal : 13 7 1 0.0109258 0.0109258
BinVal : 13 8 0.977778 0.0219739 0.0219739
BinVal : 13 9 1 0.0157046 0.0157046
BinVal : 13 10 0.988506 0.011428 0.011428
BinVal : 13 11 0.976471 0.0164409 0.0164409
BinVal : 13 12 1 0.0166125 0.0166125
BinVal : 13 13 1 0.012074 0.012074
BinVal : 13 14 1 0.00980616 0.00980616
BinVal : 13 15 1 0.0309157 0.0309157
BinVal : 13 16 0 0 0
BinVal : 13 17 0 0 0
BinVal : 13 18 0 0 0
BinVal : 13 19 0 0 0
BinVal : 13 20 0 0 0
BinVal : 13 21 0 0 0
BinVal : 14 0 0 0 0
BinVal : 14 1 0 0 0
BinVal : 14 2 0 0 0
BinVal : 14 3 0 0 0
BinVal : 14 4 0 0 0
BinVal : 14 5 0 0 0
BinVal : 14 6 0.916667 0.0797856 0.0797856
BinVal : 14 7 1 0.012074 0.012074
BinVal : 14 8 0.985714 0.0141833 0.0141833
BinVal : 14 9 0.986667 0.0132441 0.0132441
BinVal : 14 10 0.957747 0.0238741 0.0238741
BinVal : 14 11 0.933333 0.0322031 0.0322031
BinVal : 14 12 0.986486 0.0134219 0.0134219
BinVal : 14 13 0.986301 0.0136045 0.0136045
BinVal : 14 14 0.985294 0.0145974 0.0145974
BinVal : 14 15 1 0.0309157 0.0309157
BinVal : 14 16 0 0 0
BinVal : 14 17 0 0 0
BinVal : 14 18 0 0 0
BinVal : 14 19 0 0 0
BinVal : 14 20 0 0 0
BinVal : 14 21 0 0 0
BinVal : 15 0 0 0 0
BinVal : 15 1 0 0 0
BinVal : 15 2 0 0 0
BinVal : 15 3 0 0 0
BinVal : 15 4 0 0 0
BinVal : 15 5 0 0 0
BinVal : 15 6 1 0.0254407 0.0254407
BinVal : 15 7 0.986667 0.0132441 0.0132441
BinVal : 15 8 0.985294 0.0145974 0.0145974
BinVal : 15 9 0.97619 0.0166342 0.0166342
BinVal : 15 10 0.935185 0.0236905 0.0236905
BinVal : 15 11 0.961538 0.0188573 0.0188573
BinVal : 15 12 0.984848 0.0150363 0.0150363
BinVal : 15 13 1 0.0083766 0.0083766
BinVal : 15 14 0.986667 0.0132441 0.0132441
BinVal : 15 15 1 0.0279117 0.0279117
BinVal : 15 16 0 0 0
BinVal : 15 17 0 0 0
BinVal : 15 18 0 0 0
BinVal : 15 19 0 0 0
BinVal : 15 20 0 0 0
BinVal : 15 21 0 0 0


